0.001
0.0365144
0.130979
0.218517
0.258842
0.279299
0.29386
0.30054
0.301634
0.297836
0.290674
0.281756
0.272961
0.266185
0.263495
0.270319
0.300718
0.388637
0.541117
0.811038
1
1
1
1
1
1
1
1
1
1
1
1
1
0.714113
0.179753
0.00806623
0.0182075
0.103616
0.244795
0.347149
0.347149
0.244795
0.103616
0.0182075
0.00806623
0.179753
0.714113
1
1
1
1
1
1
1
1
1
1
1
1
1
0.811038
0.541117
0.388637
0.300718
0.270319
0.263495
0.266185
0.272961
0.281756
0.290674
0.297836
0.301634
0.30054
0.29386
0.279299
0.258842
0.218517
0.130979
0.0365144
0.001
0.001
0.0258294
0.102267
0.186643
0.231344
0.252434
0.269497
0.281151
0.288858
0.292433
0.292413
0.289674
0.285578
0.282067
0.284462
0.308275
0.38036
0.527039
0.734525
1
1
1
1
1
1
1
1
1
1
1
1
1
1
0.680871
0.173349
0.00958013
0.0125546
0.0865687
0.216812
0.311933
0.311933
0.216812
0.0865687
0.0125546
0.00958013
0.173349
0.680871
1
1
1
1
1
1
1
1
1
1
1
1
1
1
0.734525
0.527039
0.38036
0.308275
0.284462
0.282067
0.285578
0.289674
0.292413
0.292433
0.288858
0.281151
0.269497
0.252434
0.231344
0.186643
0.102267
0.0258294
0.001
0.001
0.0117798
0.0653769
0.144001
0.195718
0.219341
0.239338
0.257055
0.273139
0.286704
0.297108
0.303953
0.308434
0.317494
0.34975
0.433028
0.583296
0.786243
1
1
1
1
1
1
1
1
1
1
1
1
1
1
1
0.624275
0.162164
0.0138471
0.0049816
0.0542132
0.160429
0.247739
0.247739
0.160429
0.0542132
0.0049816
0.0138471
0.162164
0.624275
1
1
1
1
1
1
1
1
1
1
1
1
1
1
1
0.786243
0.583296
0.433028
0.34975
0.317494
0.308434
0.303953
0.297108
0.286704
0.273139
0.257055
0.239338
0.219341
0.195718
0.144001
0.0653769
0.0117798
0.001
0.001
0.00526004
0.0492801
0.127374
0.186074
0.212288
0.232938
0.252412
0.27193
0.290836
0.308306
0.325783
0.352237
0.407763
0.515251
0.678001
0.86388
1
1
1
1
1
1
1
1
1
1
1
1
1
1
1
1
0.567654
0.161383
0.0233423
0.00144184
0.0221438
0.0814268
0.145929
0.145929
0.0814268
0.0221438
0.00144184
0.0233423
0.161383
0.567654
1
1
1
1
1
1
1
1
1
1
1
1
1
1
1
1
0.86388
0.678001
0.515251
0.407763
0.352237
0.325783
0.308306
0.290836
0.27193
0.252412
0.232938
0.212288
0.186074
0.127374
0.0492801
0.00526004
0.001
0.001
0.00637946
0.0574536
0.145677
0.209171
0.23616
0.256814
0.275042
0.293838
0.314841
0.343089
0.391041
0.477393
0.614069
0.78921
0.955619
1
1
1
1
1
1
1
1
1
1
1
1
1
1
1
1
1
0.52441
0.179733
0.0435556
0.00467253
0.0036837
0.0204241
0.0424334
0.0424334
0.0204241
0.0036837
0.00467253
0.0435556
0.179733
0.52441
1
1
1
1
1
1
1
1
1
1
1
1
1
1
1
1
1
0.955619
0.78921
0.614069
0.477393
0.391041
0.343089
0.314841
0.293838
0.275042
0.256814
0.23616
0.209171
0.145677
0.0574536
0.00637946
0.001
0.001
0.0128053
0.0797681
0.179643
0.244485
0.273692
0.298
0.318105
0.341222
0.377701
0.444468
0.556507
0.711809
0.880724
1
1
1
0.898548
0.840246
0.949769
1
1
1
1
1
1
1
1
1
1
1
1
1
0.506851
0.220371
0.0850585
0.0202657
0.0012509
0.001
0.00109246
0.00109246
0.001
0.0012509
0.0202657
0.0850585
0.220371
0.506851
1
1
1
1
1
1
1
1
1
1
1
1
1
0.949769
0.840246
0.898548
1
1
1
0.880724
0.711809
0.556507
0.444468
0.377701
0.341222
0.318105
0.298
0.273692
0.244485
0.179643
0.0797681
0.0128053
0.001
0.001
0.0222483
0.103559
0.205655
0.268636
0.304194
0.337552
0.370257
0.418739
0.501503
0.628403
0.783962
0.927023
1
0.995867
0.890707
0.733872
0.637456
0.69546
0.922062
1
1
1
1
1
1
1
1
1
1
1
1
0.921373
0.506852
0.273817
0.147767
0.0549822
0.00930849
0.001
0.001
0.001
0.001
0.00930849
0.0549822
0.147767
0.273817
0.506852
0.921373
1
1
1
1
1
1
1
1
1
1
1
1
0.922062
0.69546
0.637456
0.733872
0.890707
0.995867
1
0.927023
0.783962
0.628403
0.501503
0.418739
0.370257
0.337552
0.304194
0.268636
0.205655
0.103559
0.0222483
0.001
0.001
0.030801
0.119582
0.2162
0.27539
0.319009
0.368226
0.432559
0.530748
0.66379
0.805102
0.90752
0.929379
0.855943
0.708575
0.536561
0.414672
0.460465
0.70097
1
1
1
1
1
1
1
1
1
1
1
1
1
0.798357
0.498824
0.320931
0.212377
0.107135
0.0291013
0.00129734
0.001
0.001
0.00129734
0.0291013
0.107135
0.212377
0.320931
0.498824
0.798357
1
1
1
1
1
1
1
1
1
1
1
1
1
0.70097
0.460465
0.414672
0.536561
0.708575
0.855943
0.929379
0.90752
0.805102
0.66379
0.530748
0.432559
0.368226
0.319009
0.27539
0.2162
0.119582
0.030801
0.001
0.001
0.0361337
0.126928
0.216936
0.273493
0.329108
0.407088
0.515979
0.649061
0.768947
0.828451
0.797597
0.680833
0.513968
0.347763
0.229545
0.237923
0.451076
0.837186
1
1
1
1
1
1
1
1
1
1
1
1
1
0.683769
0.473526
0.350298
0.261449
0.15858
0.0560903
0.00523382
0.001
0.001
0.00523382
0.0560903
0.15858
0.261449
0.350298
0.473526
0.683769
1
1
1
1
1
1
1
1
1
1
1
1
1
0.837186
0.451076
0.237923
0.229545
0.347763
0.513968
0.680833
0.797597
0.828451
0.768947
0.649061
0.515979
0.407088
0.329108
0.273493
0.216936
0.126928
0.0361337
0.001
0.00118155
0.0394873
0.131158
0.218215
0.280293
0.360043
0.472477
0.598656
0.695846
0.718549
0.650902
0.513882
0.352323
0.210482
0.115794
0.0925371
0.237406
0.59073
1
1
1
1
1
1
1
1
1
1
1
1
1
0.912057
0.59434
0.441907
0.363517
0.290319
0.19423
0.0815273
0.0122987
0.001
0.001
0.0122987
0.0815273
0.19423
0.290319
0.363517
0.441907
0.59434
0.912057
1
1
1
1
1
1
1
1
1
1
1
1
1
0.59073
0.237406
0.0925371
0.115794
0.210482
0.352323
0.513882
0.650902
0.718549
0.695846
0.598656
0.472477
0.360043
0.280293
0.218215
0.131158
0.0394873
0.00118155
0.00144793
0.0433788
0.139233
0.231372
0.311517
0.41882
0.535606
0.612602
0.609922
0.522767
0.384732
0.243152
0.131563
0.061208
0.036348
0.0967833
0.346125
0.811232
1
1
1
1
1
1
1
1
1
1
1
1
1
0.786406
0.515965
0.40752
0.362745
0.303133
0.215192
0.1012
0.0200859
0.001
0.001
0.0200859
0.1012
0.215192
0.303133
0.362745
0.40752
0.515965
0.786406
1
1
1
1
1
1
1
1
1
1
1
1
1
0.811232
0.346125
0.0967833
0.036348
0.061208
0.131563
0.243152
0.384732
0.522767
0.609922
0.612602
0.535606
0.41882
0.311517
0.231372
0.139233
0.0433788
0.00144793
0.00172608
0.0489223
0.155423
0.2619
0.360759
0.467633
0.533181
0.517925
0.426477
0.297995
0.178204
0.090475
0.0384814
0.0168089
0.0346854
0.182236
0.549109
1
1
1
1
1
1
0.988886
0.880443
0.976064
1
1
1
1
1
0.669264
0.436509
0.368312
0.34859
0.304883
0.226403
0.113574
0.0254141
0.001
0.001
0.0254141
0.113574
0.226403
0.304883
0.34859
0.368312
0.436509
0.669264
1
1
1
1
1
0.976064
0.880443
0.988886
1
1
1
1
1
1
0.549109
0.182236
0.0346854
0.0168089
0.0384814
0.090475
0.178204
0.297995
0.426477
0.517925
0.533181
0.467633
0.360759
0.2619
0.155423
0.0489223
0.00172608
0.00178717
0.0542451
0.176643
0.298745
0.393273
0.455205
0.441936
0.355835
0.240864
0.13845
0.0667137
0.026146
0.00863533
0.0161138
0.0866302
0.334678
0.819895
1
1
1
1
1
1
0.805082
0.724572
0.917007
1
1
1
1
1
0.582778
0.367013
0.325752
0.322418
0.296003
0.227856
0.116802
0.026545
0.001
0.001
0.026545
0.116802
0.227856
0.296003
0.322418
0.325752
0.367013
0.582778
1
1
1
1
1
0.917007
0.724572
0.805082
1
1
1
1
1
1
0.819895
0.334678
0.0866302
0.0161138
0.00863533
0.026146
0.0667137
0.13845
0.240864
0.355835
0.441936
0.455205
0.393273
0.298745
0.176643
0.0542451
0.00178717
0.0015057
0.0533057
0.187184
0.31527
0.376443
0.37194
0.300809
0.198198
0.109034
0.0491421
0.0174052
0.00472719
0.00986202
0.0452318
0.198847
0.572012
1
1
1
1
1
1
0.87819
0.582034
0.58767
0.897562
1
1
1
1
0.975074
0.530089
0.316874
0.285392
0.288341
0.276414
0.217908
0.109862
0.0233162
0.001
0.001
0.0233162
0.109862
0.217908
0.276414
0.288341
0.285392
0.316874
0.530089
0.975074
1
1
1
1
0.897562
0.58767
0.582034
0.87819
1
1
1
1
1
1
0.572012
0.198847
0.0452318
0.00986202
0.00472719
0.0174052
0.0491421
0.109034
0.198198
0.300809
0.37194
0.376443
0.31527
0.187184
0.0533057
0.0015057
0.00103531
0.0388462
0.159642
0.278971
0.302932
0.247979
0.162845
0.0837903
0.0344207
0.0107964
0.00307976
0.0088872
0.0337148
0.12216
0.380271
0.869277
1
1
1
1
1
1
0.589423
0.356953
0.470649
0.885487
1
1
1
1
0.943586
0.501827
0.288627
0.254259
0.253541
0.248708
0.196647
0.0940238
0.0171169
0.001
0.001
0.0171169
0.0940238
0.196647
0.248708
0.253541
0.254259
0.288627
0.501827
0.943586
1
1
1
1
0.885487
0.470649
0.356953
0.589423
1
1
1
1
1
1
0.869277
0.380271
0.12216
0.0337148
0.0088872
0.00307976
0.0107964
0.0344207
0.0837903
0.162845
0.247979
0.302932
0.278971
0.159642
0.0388462
0.00103531
0.001
0.0178122
0.0931202
0.179512
0.185091
0.124889
0.0632123
0.0234436
0.00712768
0.00580813
0.0155828
0.0383223
0.0914288
0.258013
0.639559
1
1
1
1
1
1
0.705063
0.312547
0.186293
0.38349
0.858025
1
1
1
1
0.924682
0.491312
0.28078
0.238184
0.226775
0.219235
0.168466
0.0741214
0.0105533
0.001
0.001
0.0105533
0.0741214
0.168466
0.219235
0.226775
0.238184
0.28078
0.491312
0.924682
1
1
1
1
0.858025
0.38349
0.186293
0.312547
0.705063
1
1
1
1
1
1
0.639559
0.258013
0.0914288
0.0383223
0.0155828
0.00580813
0.00712768
0.0234436
0.0632123
0.124889
0.185091
0.179512
0.0931202
0.0178122
0.001
0.001
0.00416091
0.0340325
0.0738351
0.0783222
0.0479119
0.0232586
0.0163708
0.0232171
0.0380837
0.0630443
0.103231
0.203788
0.46649
0.937467
1
1
1
1
1
0.848346
0.385195
0.128434
0.088036
0.317237
0.804946
1
1
1
1
0.915497
0.493731
0.289485
0.239378
0.215288
0.197263
0.142486
0.0568307
0.00584716
0.001
0.001
0.00584716
0.0568307
0.142486
0.197263
0.215288
0.239378
0.289485
0.493731
0.915497
1
1
1
1
0.804946
0.317237
0.088036
0.128434
0.385195
0.848346
1
1
1
1
1
0.937467
0.46649
0.203788
0.103231
0.0630443
0.0380837
0.0232171
0.0163708
0.0232586
0.0479119
0.0783222
0.0738351
0.0340325
0.00416091
0.001
0.001
0.00101789
0.0152781
0.0420184
0.0594417
0.0607719
0.063058
0.0735148
0.0917873
0.118417
0.153732
0.211268
0.372242
0.729974
1
1
1
1
1
0.978772
0.483815
0.162772
0.036673
0.0469843
0.267955
0.730128
1
1
1
1
0.911796
0.502905
0.307816
0.254361
0.22054
0.190317
0.128258
0.0469394
0.00352594
0.001
0.001
0.00352594
0.0469394
0.128258
0.190317
0.22054
0.254361
0.307816
0.502905
0.911796
1
1
1
1
0.730128
0.267955
0.0469843
0.036673
0.162772
0.483815
0.978772
1
1
1
1
1
0.729974
0.372242
0.211268
0.153732
0.118417
0.0917873
0.0735148
0.063058
0.0607719
0.0594417
0.0420184
0.0152781
0.00101789
0.001
0.001
0.00379283
0.0363512
0.0944469
0.137067
0.153804
0.167968
0.18571
0.20934
0.240036
0.277682
0.361819
0.581984
0.98422
1
1
1
1
1
0.608966
0.229611
0.0566547
0.00947255
0.0343896
0.228852
0.638683
1
1
1
1
0.910062
0.512482
0.327035
0.274781
0.236654
0.198199
0.128785
0.0452421
0.0029166
0.001
0.001
0.0029166
0.0452421
0.128785
0.198199
0.236654
0.274781
0.327035
0.512482
0.910062
1
1
1
1
0.638683
0.228852
0.0343896
0.00947255
0.0566547
0.229611
0.608966
1
1
1
1
1
0.98422
0.581984
0.361819
0.277682
0.240036
0.20934
0.18571
0.167968
0.153804
0.137067
0.0944469
0.0363512
0.00379283
0.001
0.001
0.0105287
0.0709566
0.164601
0.22726
0.257373
0.284885
0.310684
0.338553
0.369172
0.407562
0.518973
0.789425
1
1
1
1
1
0.737029
0.323251
0.10202
0.0187282
0.00269105
0.033221
0.192203
0.53797
1
1
1
1
0.908903
0.518336
0.339762
0.291305
0.254074
0.213073
0.138844
0.0490926
0.00326495
0.001
0.001
0.00326495
0.0490926
0.138844
0.213073
0.254074
0.291305
0.339762
0.518336
0.908903
1
1
1
1
0.53797
0.192203
0.033221
0.00269105
0.0187282
0.10202
0.323251
0.737029
1
1
1
1
1
0.789425
0.518973
0.407562
0.369172
0.338553
0.310684
0.284885
0.257373
0.22726
0.164601
0.0709566
0.0105287
0.001
0.001
0.0184917
0.0991814
0.208113
0.279049
0.321258
0.362746
0.398064
0.430948
0.458469
0.502281
0.639099
0.946806
1
1
1
1
0.844626
0.413812
0.156508
0.0413033
0.0059875
0.00214779
0.0359293
0.161235
0.45273
0.950351
1
1
1
0.90894
0.520342
0.342927
0.297672
0.264855
0.225705
0.150213
0.0546367
0.00406413
0.001
0.001
0.00406413
0.0546367
0.150213
0.225705
0.264855
0.297672
0.342927
0.520342
0.90894
1
1
1
0.950351
0.45273
0.161235
0.0359293
0.00214779
0.0059875
0.0413033
0.156508
0.413812
0.844626
1
1
1
1
0.946806
0.639099
0.502281
0.458469
0.430948
0.398064
0.362746
0.321258
0.279049
0.208113
0.0991814
0.0184917
0.001
0.001
0.0231039
0.110403
0.219503
0.289992
0.337301
0.384506
0.423108
0.455295
0.477317
0.541762
0.732009
1
1
1
1
0.937744
0.500767
0.213208
0.0728742
0.0162754
0.001
0.00376959
0.0416562
0.144904
0.401296
0.856792
1
1
1
0.910213
0.52239
0.338886
0.292751
0.265653
0.230674
0.157059
0.058847
0.00490812
0.001
0.001
0.00490812
0.058847
0.157059
0.230674
0.265653
0.292751
0.338886
0.52239
0.910213
1
1
1
0.856792
0.401296
0.144904
0.0416562
0.00376959
0.001
0.0162754
0.0728742
0.213208
0.500767
0.937744
1
1
1
1
0.732009
0.541762
0.477317
0.455295
0.423108
0.384506
0.337301
0.289992
0.219503
0.110403
0.0231039
0.001
0.001
0.0225888
0.107114
0.211887
0.277233
0.318526
0.359097
0.391442
0.415943
0.443191
0.552592
0.829354
1
1
1
1
0.596432
0.275959
0.114514
0.0346612
0.00374895
0.001
0.00764047
0.0522006
0.146315
0.373764
0.76366
1
1
1
0.91069
0.53117
0.334529
0.280365
0.257914
0.227563
0.157705
0.0604156
0.00548658
0.001
0.001
0.00548658
0.0604156
0.157705
0.227563
0.257914
0.280365
0.334529
0.53117
0.91069
1
1
1
0.76366
0.373764
0.146315
0.0522006
0.00764047
0.001
0.00374895
0.0346612
0.114514
0.275959
0.596432
1
1
1
1
0.829354
0.552592
0.443191
0.415943
0.391442
0.359097
0.318526
0.277233
0.211887
0.107114
0.0225888
0.001
0.001
0.0186653
0.0952428
0.194328
0.253207
0.282998
0.311244
0.333473
0.351617
0.412476
0.600541
0.952444
1
1
1
0.708558
0.353032
0.165245
0.0655673
0.0142064
0.001
0.001
0.015249
0.069323
0.161717
0.359896
0.685119
1
1
1
0.9085
0.554727
0.339327
0.267677
0.246328
0.21964
0.153766
0.0596584
0.00570026
0.001
0.001
0.00570026
0.0596584
0.153766
0.21964
0.246328
0.267677
0.339327
0.554727
0.9085
1
1
1
0.685119
0.359896
0.161717
0.069323
0.015249
0.001
0.001
0.0142064
0.0655673
0.165245
0.353032
0.708558
1
1
1
0.952444
0.600541
0.412476
0.351617
0.333473
0.311244
0.282998
0.253207
0.194328
0.0952428
0.0186653
0.001
0.001
0.0138501
0.0806817
0.173335
0.22714
0.24769
0.266817
0.282511
0.311106
0.436027
0.7219
1
1
1
0.830658
0.448546
0.220656
0.107549
0.0368841
0.00361757
0.001
0.00205167
0.0277427
0.0927248
0.187363
0.367376
0.649677
0.946125
1
1
0.902877
0.601297
0.364479
0.26353
0.236343
0.21146
0.148327
0.0577995
0.00566638
0.001
0.001
0.00566638
0.0577995
0.148327
0.21146
0.236343
0.26353
0.364479
0.601297
0.902877
1
1
0.946125
0.649677
0.367376
0.187363
0.0927248
0.0277427
0.00205167
0.001
0.00361757
0.0368841
0.107549
0.220656
0.448546
0.830658
1
1
1
0.7219
0.436027
0.311106
0.282511
0.266817
0.24769
0.22714
0.173335
0.0806817
0.0138501
0.001
0.001
0.00993809
0.068238
0.155359
0.207448
0.225072
0.241502
0.260058
0.330069
0.533887
0.871352
1
1
0.940669
0.569262
0.295465
0.156913
0.0745817
0.018031
0.001
0.001
0.00644408
0.0457392
0.120653
0.2222
0.40319
0.660252
0.873914
0.976977
0.989676
0.895605
0.672819
0.422085
0.277907
0.232146
0.206242
0.144076
0.0561103
0.0055991
0.001
0.001
0.0055991
0.0561103
0.144076
0.206242
0.232146
0.277907
0.422085
0.672819
0.895605
0.989676
0.976977
0.873914
0.660252
0.40319
0.2222
0.120653
0.0457392
0.00644408
0.001
0.001
0.018031
0.0745817
0.156913
0.295465
0.569262
0.940669
1
1
0.871352
0.533887
0.330069
0.260058
0.241502
0.225072
0.207448
0.155359
0.068238
0.00993809
0.001
0.001
0.0076547
0.0608577
0.145634
0.199964
0.220106
0.239393
0.281106
0.423763
0.688556
0.971715
1
0.986063
0.701748
0.413923
0.229444
0.128215
0.0519473
0.00791521
0.001
0.001
0.0155235
0.0694396
0.152454
0.269075
0.466789
0.697863
0.827041
0.844947
0.860594
0.869481
0.750913
0.515269
0.321208
0.237829
0.204577
0.142202
0.0554288
0.00571856
0.001
0.001
0.00571856
0.0554288
0.142202
0.204577
0.237829
0.321208
0.515269
0.750913
0.869481
0.860594
0.844947
0.827041
0.697863
0.466789
0.269075
0.152454
0.0694396
0.0155235
0.001
0.001
0.00791521
0.0519473
0.128215
0.229444
0.413923
0.701748
0.986063
1
0.971715
0.688556
0.423763
0.281106
0.239393
0.220106
0.199964
0.145634
0.0608577
0.0076547
0.001
0.001
0.00707739
0.0592897
0.145316
0.203994
0.228825
0.263059
0.360763
0.577855
0.83086
0.970683
0.938292
0.783018
0.565738
0.357725
0.209218
0.112166
0.0385389
0.00356594
0.001
0.00200921
0.0296215
0.0977834
0.190573
0.332673
0.547832
0.736846
0.777966
0.714868
0.713279
0.797396
0.797682
0.625496
0.399805
0.261271
0.206645
0.142719
0.0563635
0.00628924
0.001
0.001
0.00628924
0.0563635
0.142719
0.206645
0.261271
0.399805
0.625496
0.797682
0.797396
0.713279
0.714868
0.777966
0.736846
0.547832
0.332673
0.190573
0.0977834
0.0296215
0.00200921
0.001
0.00356594
0.0385389
0.112166
0.209218
0.357725
0.565738
0.783018
0.938292
0.970683
0.83086
0.577855
0.360763
0.263059
0.228825
0.203994
0.145316
0.0592897
0.00707739
0.001
0.001
0.0084418
0.0633227
0.152092
0.213712
0.248561
0.324713
0.497243
0.729598
0.872133
0.855532
0.759446
0.6572
0.521871
0.353373
0.209536
0.104879
0.0324643
0.00198702
0.001
0.0061002
0.0478599
0.129569
0.240258
0.413362
0.626196
0.747919
0.70278
0.578179
0.552645
0.674144
0.780244
0.7133
0.505246
0.313287
0.217531
0.146155
0.0598845
0.00778318
0.001
0.001
0.00778318
0.0598845
0.146155
0.217531
0.313287
0.505246
0.7133
0.780244
0.674144
0.552645
0.578179
0.70278
0.747919
0.626196
0.413362
0.240258
0.129569
0.0478599
0.0061002
0.001
0.00198702
0.0324643
0.104879
0.209536
0.353373
0.521871
0.6572
0.759446
0.855532
0.872133
0.729598
0.497243
0.324713
0.248561
0.213712
0.152092
0.0633227
0.0084418
0.001
0.001
0.0127508
0.0736468
0.163527
0.227512
0.291457
0.433302
0.642901
0.793513
0.78202
0.67478
0.61239
0.594015
0.519517
0.372375
0.221808
0.106215
0.0312148
0.00153801
0.001
0.0143968
0.0707368
0.167572
0.305772
0.500086
0.675488
0.712047
0.600154
0.452919
0.412813
0.527706
0.691683
0.738315
0.605797
0.396119
0.24848
0.156157
0.067666
0.0111572
0.001
0.001
0.0111572
0.067666
0.156157
0.24848
0.396119
0.605797
0.738315
0.691683
0.527706
0.412813
0.452919
0.600154
0.712047
0.675488
0.500086
0.305772
0.167572
0.0707368
0.0143968
0.001
0.00153801
0.0312148
0.106215
0.221808
0.372375
0.519517
0.594015
0.61239
0.67478
0.78202
0.793513
0.642901
0.433302
0.291457
0.227512
0.163527
0.0736468
0.0127508
0.001
0.001
0.0211819
0.0911752
0.180452
0.256929
0.372716
0.559476
0.718161
0.73098
0.609092
0.50306
0.508877
0.553672
0.523733
0.399165
0.244714
0.115846
0.033465
0.00163624
0.00120773
0.0273653
0.101102
0.218435
0.383234
0.56893
0.673387
0.629163
0.486099
0.35352
0.313784
0.395158
0.558339
0.684791
0.658228
0.489384
0.30694
0.180366
0.0823368
0.0178931
0.001
0.001
0.0178931
0.0823368
0.180366
0.30694
0.489384
0.658228
0.684791
0.558339
0.395158
0.313784
0.35352
0.486099
0.629163
0.673387
0.56893
0.383234
0.218435
0.101102
0.0273653
0.00120773
0.00163624
0.033465
0.115846
0.244714
0.399165
0.523733
0.553672
0.508877
0.50306
0.609092
0.73098
0.718161
0.559476
0.372716
0.256929
0.180452
0.0911752
0.0211819
0.001
0.00142018
0.0333431
0.114783
0.209544
0.316198
0.47563
0.634814
0.67861
0.578211
0.436502
0.381102
0.431505
0.506156
0.51445
0.423083
0.275148
0.133496
0.0389116
0.00229815
0.00445777
0.04554
0.14208
0.284022
0.455411
0.593811
0.615859
0.520834
0.385996
0.28748
0.256671
0.303118
0.426683
0.57415
0.637677
0.553997
0.382565
0.225395
0.107406
0.0287181
0.001
0.001
0.0287181
0.107406
0.225395
0.382565
0.553997
0.637677
0.57415
0.426683
0.303118
0.256671
0.28748
0.385996
0.520834
0.615859
0.593811
0.455411
0.284022
0.14208
0.04554
0.00445777
0.00229815
0.0389116
0.133496
0.275148
0.423083
0.51445
0.506156
0.431505
0.381102
0.436502
0.578211
0.67861
0.634814
0.47563
0.316198
0.209544
0.114783
0.0333431
0.00142018
0.0044021
0.0479145
0.143996
0.257589
0.394621
0.543905
0.612506
0.55006
0.41596
0.317647
0.306064
0.364993
0.444715
0.482508
0.431933
0.30594
0.158153
0.0485262
0.00409771
0.0130038
0.0739447
0.195537
0.351766
0.495569
0.562031
0.520542
0.416894
0.315476
0.249689
0.227177
0.251985
0.330446
0.450996
0.5544
0.55813
0.444632
0.286076
0.144273
0.043706
0.00269034
0.00269034
0.043706
0.144273
0.286076
0.444632
0.55813
0.5544
0.450996
0.330446
0.251985
0.227177
0.249689
0.315476
0.416894
0.520542
0.562031
0.495569
0.351766
0.195537
0.0739447
0.0130038
0.00409771
0.0485262
0.158153
0.30594
0.431933
0.482508
0.444715
0.364993
0.306064
0.317647
0.41596
0.55006
0.612506
0.543905
0.394621
0.257589
0.143996
0.0479145
0.0044021
0.0119006
0.0678048
0.182636
0.317396
0.450366
0.533646
0.509152
0.404883
0.302423
0.253309
0.259991
0.308316
0.377595
0.429447
0.417553
0.327056
0.186667
0.0638895
0.0084948
0.0292102
0.117458
0.257014
0.398552
0.485749
0.485172
0.418193
0.337438
0.272196
0.22791
0.21006
0.225125
0.273115
0.352213
0.445975
0.501842
0.46317
0.342116
0.190895
0.0663735
0.00819176
0.00819176
0.0663735
0.190895
0.342116
0.46317
0.501842
0.445975
0.352213
0.273115
0.225125
0.21006
0.22791
0.272196
0.337438
0.418193
0.485172
0.485749
0.398552
0.257014
0.117458
0.0292102
0.0084948
0.0638895
0.186667
0.327056
0.417553
0.429447
0.377595
0.308316
0.259991
0.253309
0.302423
0.404883
0.509152
0.533646
0.450366
0.317396
0.182636
0.0678048
0.0119006
0.0248766
0.0963509
0.227176
0.359213
0.445793
0.452629
0.382906
0.296771
0.238766
0.21733
0.226656
0.261291
0.312232
0.360967
0.374583
0.324835
0.209269
0.0828532
0.0165403
0.0517214
0.16598
0.302465
0.398342
0.424531
0.387547
0.329767
0.280822
0.241716
0.210263
0.195505
0.205785
0.237235
0.283928
0.346208
0.409584
0.426208
0.363853
0.234666
0.0975268
0.0181565
0.0181565
0.0975268
0.234666
0.363853
0.426208
0.409584
0.346208
0.283928
0.237235
0.205785
0.195505
0.210263
0.241716
0.280822
0.329767
0.387547
0.424531
0.398342
0.302465
0.16598
0.0517214
0.0165403
0.0828532
0.209269
0.324835
0.374583
0.360967
0.312232
0.261291
0.226656
0.21733
0.238766
0.296771
0.382906
0.452629
0.445793
0.359213
0.227176
0.0963509
0.0248766
0.0356903
0.12237
0.256822
0.354663
0.381492
0.346344
0.282589
0.230032
0.198479
0.187358
0.196862
0.222991
0.258051
0.294782
0.31755
0.300214
0.213584
0.0921553
0.0209563
0.0691916
0.197766
0.31244
0.354928
0.34068
0.300984
0.265432
0.238971
0.213471
0.189017
0.176178
0.183354
0.206513
0.236308
0.272277
0.318049
0.353539
0.343086
0.256171
0.122024
0.0256841
0.0256841
0.122024
0.256171
0.343086
0.353539
0.318049
0.272277
0.236308
0.206513
0.183354
0.176178
0.189017
0.213471
0.238971
0.265432
0.300984
0.34068
0.354928
0.31244
0.197766
0.0691916
0.0209563
0.0921553
0.213584
0.300214
0.31755
0.294782
0.258051
0.222991
0.196862
0.187358
0.198479
0.230032
0.282589
0.346344
0.381492
0.354663
0.256822
0.12237
0.0356903
0.029716
0.113246
0.238405
0.303592
0.293428
0.249295
0.199465
0.161319
0.137232
0.129182
0.138105
0.159456
0.186127
0.213313
0.233005
0.225861
0.1623
0.0673778
0.0145474
0.0558999
0.163656
0.252133
0.270282
0.247255
0.21652
0.192449
0.172875
0.152551
0.133199
0.122742
0.127382
0.144825
0.168212
0.195482
0.230473
0.266011
0.27676
0.218464
0.102942
0.0201847
0.0201847
0.102942
0.218464
0.27676
0.266011
0.230473
0.195482
0.168212
0.144825
0.127382
0.122742
0.133199
0.152551
0.172875
0.192449
0.21652
0.247255
0.270282
0.252133
0.163656
0.0558999
0.0145474
0.0673778
0.1623
0.225861
0.233005
0.213313
0.186127
0.159456
0.138105
0.129182
0.137232
0.161319
0.199465
0.249295
0.293428
0.303592
0.238405
0.113246
0.029716
0.0122676
0.0619678
0.147203
0.192335
0.178992
0.143724
0.104711
0.0739862
0.0561864
0.0508268
0.0558137
0.0685224
0.085658
0.103142
0.113518
0.104317
0.0674459
0.0252636
0.00436353
0.0222466
0.0719631
0.124422
0.1424
0.130745
0.110507
0.0920238
0.076625
0.0631949
0.0524263
0.0469749
0.0490435
0.0583203
0.0735301
0.0951112
0.123463
0.150876
0.156873
0.114536
0.0475724
0.00739118
0.00739118
0.0475724
0.114536
0.156873
0.150876
0.123463
0.0951112
0.0735301
0.0583203
0.0490435
0.0469749
0.0524263
0.0631949
0.076625
0.0920238
0.110507
0.130745
0.1424
0.124422
0.0719631
0.0222466
0.00436353
0.0252636
0.0674459
0.104317
0.113518
0.103142
0.085658
0.0685224
0.0558137
0.0508268
0.0561864
0.0739862
0.104711
0.143724
0.178992
0.192335
0.147203
0.0619678
0.0122676
0.00151343
0.0152346
0.0430588
0.0626047
0.0595086
0.0444669
0.027266
0.0141855
0.0074893
0.00560609
0.00662023
0.00989289
0.0149941
0.0202906
0.0222356
0.0173008
0.00829526
0.00191465
0.001
0.00176913
0.00968809
0.0232468
0.0324891
0.0314835
0.024904
0.0177613
0.0120442
0.00797524
0.00542846
0.00433249
0.0047094
0.00683122
0.0114886
0.0198392
0.0314985
0.0417856
0.0409158
0.0252538
0.00783401
0.001
0.001
0.00783401
0.0252538
0.0409158
0.0417856
0.0314985
0.0198392
0.0114886
0.00683122
0.0047094
0.00433249
0.00542846
0.00797524
0.0120442
0.0177613
0.024904
0.0314835
0.0324891
0.0232468
0.00968809
0.00176913
0.001
0.00191465
0.00829526
0.0173008
0.0222356
0.0202906
0.0149941
0.00989289
0.00662023
0.00560609
0.0074893
0.0141855
0.027266
0.0444669
0.0595086
0.0626047
0.0430588
0.0152346
0.00151343
0.001
0.001
0.00133406
0.00230189
0.00237093
0.00144007
0.001
0.001
0.001
0.001
0.001
0.001
0.001
0.001
0.001
0.001
0.001
0.001
0.001
0.001
0.001
0.001
0.001
0.001
0.001
0.001
0.001
0.001
0.001
0.001
0.001
0.001
0.001
0.001
0.001
0.001
0.001
0.001
0.001
0.001
0.001
0.001
0.001
0.001
0.001
0.001
0.001
0.001
0.001
0.001
0.001
0.001
0.001
0.001
0.001
0.001
0.001
0.001
0.001
0.001
0.001
0.001
0.001
0.001
0.001
0.001
0.001
0.001
0.001
0.001
0.001
0.001
0.001
0.001
0.00144007
0.00237093
0.00230189
0.00133406
0.001
0.001
0.001
0.001
0.00133406
0.00230189
0.00237093
0.00144007
0.001
0.001
0.001
0.001
0.001
0.001
0.001
0.001
0.001
0.001
0.001
0.001
0.001
0.001
0.001
0.001
0.001
0.001
0.001
0.001
0.001
0.001
0.001
0.001
0.001
0.001
0.001
0.001
0.001
0.001
0.001
0.001
0.001
0.001
0.001
0.001
0.001
0.001
0.001
0.001
0.001
0.001
0.001
0.001
0.001
0.001
0.001
0.001
0.001
0.001
0.001
0.001
0.001
0.001
0.001
0.001
0.001
0.001
0.001
0.001
0.001
0.001
0.001
0.001
0.001
0.001
0.001
0.001
0.00144007
0.00237093
0.00230189
0.00133406
0.001
0.001
0.00151343
0.0152346
0.0430588
0.0626047
0.0595086
0.0444669
0.027266
0.0141855
0.0074893
0.00560609
0.00662023
0.00989289
0.0149941
0.0202906
0.0222356
0.0173008
0.00829526
0.00191465
0.001
0.00176913
0.00968809
0.0232468
0.0324891
0.0314835
0.024904
0.0177613
0.0120442
0.00797524
0.00542846
0.00433249
0.0047094
0.00683122
0.0114886
0.0198392
0.0314985
0.0417856
0.0409158
0.0252538
0.00783401
0.001
0.001
0.00783401
0.0252538
0.0409158
0.0417856
0.0314985
0.0198392
0.0114886
0.00683122
0.0047094
0.00433249
0.00542846
0.00797524
0.0120442
0.0177613
0.024904
0.0314835
0.0324891
0.0232468
0.00968809
0.00176913
0.001
0.00191465
0.00829526
0.0173008
0.0222356
0.0202906
0.0149941
0.00989289
0.00662023
0.00560609
0.0074893
0.0141855
0.027266
0.0444669
0.0595086
0.0626047
0.0430588
0.0152346
0.00151343
0.0122676
0.0619678
0.147203
0.192335
0.178992
0.143724
0.104711
0.0739862
0.0561864
0.0508268
0.0558137
0.0685224
0.085658
0.103142
0.113518
0.104317
0.0674459
0.0252636
0.00436353
0.0222466
0.0719631
0.124422
0.1424
0.130745
0.110507
0.0920238
0.076625
0.0631949
0.0524263
0.0469749
0.0490435
0.0583203
0.0735301
0.0951112
0.123463
0.150876
0.156873
0.114536
0.0475724
0.00739118
0.00739118
0.0475724
0.114536
0.156873
0.150876
0.123463
0.0951112
0.0735301
0.0583203
0.0490435
0.0469749
0.0524263
0.0631949
0.076625
0.0920238
0.110507
0.130745
0.1424
0.124422
0.0719631
0.0222466
0.00436353
0.0252636
0.0674459
0.104317
0.113518
0.103142
0.085658
0.0685224
0.0558137
0.0508268
0.0561864
0.0739862
0.104711
0.143724
0.178992
0.192335
0.147203
0.0619678
0.0122676
0.029716
0.113246
0.238405
0.303592
0.293428
0.249295
0.199465
0.161319
0.137232
0.129182
0.138105
0.159456
0.186127
0.213313
0.233005
0.225861
0.1623
0.0673778
0.0145474
0.0558999
0.163656
0.252133
0.270282
0.247255
0.21652
0.192449
0.172875
0.152551
0.133199
0.122742
0.127382
0.144825
0.168212
0.195482
0.230473
0.266011
0.27676
0.218464
0.102942
0.0201847
0.0201847
0.102942
0.218464
0.27676
0.266011
0.230473
0.195482
0.168212
0.144825
0.127382
0.122742
0.133199
0.152551
0.172875
0.192449
0.21652
0.247255
0.270282
0.252133
0.163656
0.0558999
0.0145474
0.0673778
0.1623
0.225861
0.233005
0.213313
0.186127
0.159456
0.138105
0.129182
0.137232
0.161319
0.199465
0.249295
0.293428
0.303592
0.238405
0.113246
0.029716
0.0356903
0.12237
0.256822
0.354663
0.381492
0.346344
0.282589
0.230032
0.198479
0.187358
0.196862
0.222991
0.258051
0.294782
0.31755
0.300214
0.213584
0.0921553
0.0209563
0.0691916
0.197766
0.31244
0.354928
0.34068
0.300984
0.265432
0.238971
0.213471
0.189017
0.176178
0.183354
0.206513
0.236308
0.272277
0.318049
0.353539
0.343086
0.256171
0.122024
0.0256841
0.0256841
0.122024
0.256171
0.343086
0.353539
0.318049
0.272277
0.236308
0.206513
0.183354
0.176178
0.189017
0.213471
0.238971
0.265432
0.300984
0.34068
0.354928
0.31244
0.197766
0.0691916
0.0209563
0.0921553
0.213584
0.300214
0.31755
0.294782
0.258051
0.222991
0.196862
0.187358
0.198479
0.230032
0.282589
0.346344
0.381492
0.354663
0.256822
0.12237
0.0356903
0.0248766
0.0963509
0.227176
0.359213
0.445793
0.452629
0.382906
0.296771
0.238766
0.21733
0.226656
0.261291
0.312232
0.360967
0.374583
0.324835
0.209269
0.0828532
0.0165403
0.0517214
0.16598
0.302465
0.398342
0.424531
0.387547
0.329767
0.280822
0.241716
0.210263
0.195505
0.205785
0.237235
0.283928
0.346208
0.409584
0.426208
0.363853
0.234666
0.0975268
0.0181565
0.0181565
0.0975268
0.234666
0.363853
0.426208
0.409584
0.346208
0.283928
0.237235
0.205785
0.195505
0.210263
0.241716
0.280822
0.329767
0.387547
0.424531
0.398342
0.302465
0.16598
0.0517214
0.0165403
0.0828532
0.209269
0.324835
0.374583
0.360967
0.312232
0.261291
0.226656
0.21733
0.238766
0.296771
0.382906
0.452629
0.445793
0.359213
0.227176
0.0963509
0.0248766
0.0119006
0.0678048
0.182636
0.317396
0.450366
0.533646
0.509152
0.404883
0.302423
0.253309
0.259991
0.308316
0.377595
0.429447
0.417553
0.327056
0.186667
0.0638895
0.0084948
0.0292102
0.117458
0.257014
0.398552
0.485749
0.485172
0.418193
0.337438
0.272196
0.22791
0.21006
0.225125
0.273115
0.352213
0.445975
0.501842
0.46317
0.342116
0.190895
0.0663735
0.00819176
0.00819176
0.0663735
0.190895
0.342116
0.46317
0.501842
0.445975
0.352213
0.273115
0.225125
0.21006
0.22791
0.272196
0.337438
0.418193
0.485172
0.485749
0.398552
0.257014
0.117458
0.0292102
0.0084948
0.0638895
0.186667
0.327056
0.417553
0.429447
0.377595
0.308316
0.259991
0.253309
0.302423
0.404883
0.509152
0.533646
0.450366
0.317396
0.182636
0.0678048
0.0119006
0.0044021
0.0479145
0.143996
0.257589
0.394621
0.543905
0.612506
0.55006
0.41596
0.317647
0.306064
0.364993
0.444715
0.482508
0.431933
0.30594
0.158153
0.0485262
0.00409771
0.0130038
0.0739447
0.195537
0.351766
0.495569
0.562031
0.520542
0.416894
0.315476
0.249689
0.227177
0.251985
0.330446
0.450996
0.5544
0.55813
0.444632
0.286076
0.144273
0.043706
0.00269034
0.00269034
0.043706
0.144273
0.286076
0.444632
0.55813
0.5544
0.450996
0.330446
0.251985
0.227177
0.249689
0.315476
0.416894
0.520542
0.562031
0.495569
0.351766
0.195537
0.0739447
0.0130038
0.00409771
0.0485262
0.158153
0.30594
0.431933
0.482508
0.444715
0.364993
0.306064
0.317647
0.41596
0.55006
0.612506
0.543905
0.394621
0.257589
0.143996
0.0479145
0.0044021
0.00142018
0.0333431
0.114783
0.209544
0.316198
0.47563
0.634814
0.67861
0.578211
0.436502
0.381102
0.431505
0.506156
0.51445
0.423083
0.275148
0.133496
0.0389116
0.00229815
0.00445777
0.04554
0.14208
0.284022
0.455411
0.593811
0.615859
0.520834
0.385996
0.28748
0.256671
0.303118
0.426683
0.57415
0.637677
0.553997
0.382565
0.225395
0.107406
0.0287181
0.001
0.001
0.0287181
0.107406
0.225395
0.382565
0.553997
0.637677
0.57415
0.426683
0.303118
0.256671
0.28748
0.385996
0.520834
0.615859
0.593811
0.455411
0.284022
0.14208
0.04554
0.00445777
0.00229815
0.0389116
0.133496
0.275148
0.423083
0.51445
0.506156
0.431505
0.381102
0.436502
0.578211
0.67861
0.634814
0.47563
0.316198
0.209544
0.114783
0.0333431
0.00142018
0.001
0.0211819
0.0911752
0.180452
0.256929
0.372716
0.559476
0.718161
0.73098
0.609092
0.50306
0.508877
0.553672
0.523733
0.399165
0.244714
0.115846
0.033465
0.00163624
0.00120773
0.0273653
0.101102
0.218435
0.383234
0.56893
0.673387
0.629163
0.486099
0.35352
0.313784
0.395158
0.558339
0.684791
0.658228
0.489384
0.30694
0.180366
0.0823368
0.0178931
0.001
0.001
0.0178931
0.0823368
0.180366
0.30694
0.489384
0.658228
0.684791
0.558339
0.395158
0.313784
0.35352
0.486099
0.629163
0.673387
0.56893
0.383234
0.218435
0.101102
0.0273653
0.00120773
0.00163624
0.033465
0.115846
0.244714
0.399165
0.523733
0.553672
0.508877
0.50306
0.609092
0.73098
0.718161
0.559476
0.372716
0.256929
0.180452
0.0911752
0.0211819
0.001
0.001
0.0127508
0.0736468
0.163527
0.227512
0.291457
0.433302
0.642901
0.793513
0.78202
0.67478
0.61239
0.594015
0.519517
0.372375
0.221808
0.106215
0.0312148
0.00153801
0.001
0.0143968
0.0707368
0.167572
0.305772
0.500086
0.675488
0.712047
0.600154
0.452919
0.412813
0.527706
0.691683
0.738315
0.605797
0.396119
0.24848
0.156157
0.067666
0.0111572
0.001
0.001
0.0111572
0.067666
0.156157
0.24848
0.396119
0.605797
0.738315
0.691683
0.527706
0.412813
0.452919
0.600154
0.712047
0.675488
0.500086
0.305772
0.167572
0.0707368
0.0143968
0.001
0.00153801
0.0312148
0.106215
0.221808
0.372375
0.519517
0.594015
0.61239
0.67478
0.78202
0.793513
0.642901
0.433302
0.291457
0.227512
0.163527
0.0736468
0.0127508
0.001
0.001
0.0084418
0.0633227
0.152092
0.213712
0.248561
0.324713
0.497243
0.729598
0.872133
0.855532
0.759446
0.6572
0.521871
0.353373
0.209536
0.104879
0.0324643
0.00198702
0.001
0.0061002
0.0478599
0.129569
0.240258
0.413362
0.626196
0.747919
0.70278
0.578179
0.552645
0.674144
0.780244
0.7133
0.505246
0.313287
0.217531
0.146155
0.0598845
0.00778318
0.001
0.001
0.00778318
0.0598845
0.146155
0.217531
0.313287
0.505246
0.7133
0.780244
0.674144
0.552645
0.578179
0.70278
0.747919
0.626196
0.413362
0.240258
0.129569
0.0478599
0.0061002
0.001
0.00198702
0.0324643
0.104879
0.209536
0.353373
0.521871
0.6572
0.759446
0.855532
0.872133
0.729598
0.497243
0.324713
0.248561
0.213712
0.152092
0.0633227
0.0084418
0.001
0.001
0.00707739
0.0592897
0.145316
0.203994
0.228825
0.263059
0.360763
0.577855
0.83086
0.970683
0.938292
0.783018
0.565738
0.357725
0.209218
0.112166
0.0385389
0.00356594
0.001
0.00200921
0.0296215
0.0977834
0.190573
0.332673
0.547832
0.736846
0.777966
0.714868
0.713279
0.797396
0.797682
0.625496
0.399805
0.261271
0.206645
0.142719
0.0563635
0.00628924
0.001
0.001
0.00628924
0.0563635
0.142719
0.206645
0.261271
0.399805
0.625496
0.797682
0.797396
0.713279
0.714868
0.777966
0.736846
0.547832
0.332673
0.190573
0.0977834
0.0296215
0.00200921
0.001
0.00356594
0.0385389
0.112166
0.209218
0.357725
0.565738
0.783018
0.938292
0.970683
0.83086
0.577855
0.360763
0.263059
0.228825
0.203994
0.145316
0.0592897
0.00707739
0.001
0.001
0.0076547
0.0608577
0.145634
0.199964
0.220106
0.239393
0.281106
0.423763
0.688556
0.971715
1
0.986063
0.701748
0.413923
0.229444
0.128215
0.0519473
0.00791521
0.001
0.001
0.0155235
0.0694396
0.152454
0.269075
0.466789
0.697863
0.827041
0.844947
0.860594
0.869481
0.750913
0.515269
0.321208
0.237829
0.204577
0.142202
0.0554288
0.00571856
0.001
0.001
0.00571856
0.0554288
0.142202
0.204577
0.237829
0.321208
0.515269
0.750913
0.869481
0.860594
0.844947
0.827041
0.697863
0.466789
0.269075
0.152454
0.0694396
0.0155235
0.001
0.001
0.00791521
0.0519473
0.128215
0.229444
0.413923
0.701748
0.986063
1
0.971715
0.688556
0.423763
0.281106
0.239393
0.220106
0.199964
0.145634
0.0608577
0.0076547
0.001
0.001
0.00993809
0.068238
0.155359
0.207448
0.225072
0.241502
0.260058
0.330069
0.533887
0.871352
1
1
0.940669
0.569262
0.295465
0.156913
0.0745817
0.018031
0.001
0.001
0.00644408
0.0457392
0.120653
0.2222
0.40319
0.660252
0.873914
0.976977
0.989676
0.895605
0.672819
0.422085
0.277907
0.232146
0.206242
0.144076
0.0561103
0.0055991
0.001
0.001
0.0055991
0.0561103
0.144076
0.206242
0.232146
0.277907
0.422085
0.672819
0.895605
0.989676
0.976977
0.873914
0.660252
0.40319
0.2222
0.120653
0.0457392
0.00644408
0.001
0.001
0.018031
0.0745817
0.156913
0.295465
0.569262
0.940669
1
1
0.871352
0.533887
0.330069
0.260058
0.241502
0.225072
0.207448
0.155359
0.068238
0.00993809
0.001
0.001
0.0138501
0.0806817
0.173335
0.22714
0.24769
0.266817
0.282511
0.311106
0.436027
0.7219
1
1
1
0.830658
0.448546
0.220656
0.107549
0.0368841
0.00361757
0.001
0.00205167
0.0277427
0.0927248
0.187363
0.367376
0.649677
0.946125
1
1
0.902877
0.601297
0.364479
0.26353
0.236343
0.21146
0.148327
0.0577995
0.00566638
0.001
0.001
0.00566638
0.0577995
0.148327
0.21146
0.236343
0.26353
0.364479
0.601297
0.902877
1
1
0.946125
0.649677
0.367376
0.187363
0.0927248
0.0277427
0.00205167
0.001
0.00361757
0.0368841
0.107549
0.220656
0.448546
0.830658
1
1
1
0.7219
0.436027
0.311106
0.282511
0.266817
0.24769
0.22714
0.173335
0.0806817
0.0138501
0.001
0.001
0.0186653
0.0952428
0.194328
0.253207
0.282998
0.311244
0.333473
0.351617
0.412476
0.600541
0.952444
1
1
1
0.708558
0.353032
0.165245
0.0655673
0.0142064
0.001
0.001
0.015249
0.069323
0.161717
0.359896
0.685119
1
1
1
0.9085
0.554727
0.339327
0.267677
0.246328
0.21964
0.153766
0.0596584
0.00570026
0.001
0.001
0.00570026
0.0596584
0.153766
0.21964
0.246328
0.267677
0.339327
0.554727
0.9085
1
1
1
0.685119
0.359896
0.161717
0.069323
0.015249
0.001
0.001
0.0142064
0.0655673
0.165245
0.353032
0.708558
1
1
1
0.952444
0.600541
0.412476
0.351617
0.333473
0.311244
0.282998
0.253207
0.194328
0.0952428
0.0186653
0.001
0.001
0.0225888
0.107114
0.211887
0.277233
0.318526
0.359097
0.391442
0.415943
0.443191
0.552592
0.829354
1
1
1
1
0.596432
0.275959
0.114514
0.0346612
0.00374895
0.001
0.00764047
0.0522006
0.146315
0.373764
0.76366
1
1
1
0.91069
0.53117
0.334529
0.280365
0.257914
0.227563
0.157705
0.0604156
0.00548658
0.001
0.001
0.00548658
0.0604156
0.157705
0.227563
0.257914
0.280365
0.334529
0.53117
0.91069
1
1
1
0.76366
0.373764
0.146315
0.0522006
0.00764047
0.001
0.00374895
0.0346612
0.114514
0.275959
0.596432
1
1
1
1
0.829354
0.552592
0.443191
0.415943
0.391442
0.359097
0.318526
0.277233
0.211887
0.107114
0.0225888
0.001
0.001
0.0231039
0.110403
0.219503
0.289992
0.337301
0.384506
0.423108
0.455295
0.477317
0.541762
0.732009
1
1
1
1
0.937744
0.500767
0.213208
0.0728742
0.0162754
0.001
0.00376959
0.0416562
0.144904
0.401296
0.856792
1
1
1
0.910213
0.52239
0.338886
0.292751
0.265653
0.230674
0.157059
0.058847
0.00490812
0.001
0.001
0.00490812
0.058847
0.157059
0.230674
0.265653
0.292751
0.338886
0.52239
0.910213
1
1
1
0.856792
0.401296
0.144904
0.0416562
0.00376959
0.001
0.0162754
0.0728742
0.213208
0.500767
0.937744
1
1
1
1
0.732009
0.541762
0.477317
0.455295
0.423108
0.384506
0.337301
0.289992
0.219503
0.110403
0.0231039
0.001
0.001
0.0184917
0.0991814
0.208113
0.279049
0.321258
0.362746
0.398064
0.430948
0.458469
0.502281
0.639099
0.946806
1
1
1
1
0.844626
0.413812
0.156508
0.0413033
0.0059875
0.00214779
0.0359293
0.161235
0.45273
0.950351
1
1
1
0.90894
0.520342
0.342927
0.297672
0.264855
0.225705
0.150213
0.0546367
0.00406413
0.001
0.001
0.00406413
0.0546367
0.150213
0.225705
0.264855
0.297672
0.342927
0.520342
0.90894
1
1
1
0.950351
0.45273
0.161235
0.0359293
0.00214779
0.0059875
0.0413033
0.156508
0.413812
0.844626
1
1
1
1
0.946806
0.639099
0.502281
0.458469
0.430948
0.398064
0.362746
0.321258
0.279049
0.208113
0.0991814
0.0184917
0.001
0.001
0.0105287
0.0709566
0.164601
0.22726
0.257373
0.284885
0.310684
0.338553
0.369172
0.407562
0.518973
0.789425
1
1
1
1
1
0.737029
0.323251
0.10202
0.0187282
0.00269105
0.033221
0.192203
0.53797
1
1
1
1
0.908903
0.518336
0.339762
0.291305
0.254074
0.213073
0.138844
0.0490926
0.00326495
0.001
0.001
0.00326495
0.0490926
0.138844
0.213073
0.254074
0.291305
0.339762
0.518336
0.908903
1
1
1
1
0.53797
0.192203
0.033221
0.00269105
0.0187282
0.10202
0.323251
0.737029
1
1
1
1
1
0.789425
0.518973
0.407562
0.369172
0.338553
0.310684
0.284885
0.257373
0.22726
0.164601
0.0709566
0.0105287
0.001
0.001
0.00379283
0.0363512
0.0944469
0.137067
0.153804
0.167968
0.18571
0.20934
0.240036
0.277682
0.361819
0.581984
0.98422
1
1
1
1
1
0.608966
0.229611
0.0566547
0.00947255
0.0343896
0.228852
0.638683
1
1
1
1
0.910062
0.512482
0.327035
0.274781
0.236654
0.198199
0.128785
0.0452421
0.0029166
0.001
0.001
0.0029166
0.0452421
0.128785
0.198199
0.236654
0.274781
0.327035
0.512482
0.910062
1
1
1
1
0.638683
0.228852
0.0343896
0.00947255
0.0566547
0.229611
0.608966
1
1
1
1
1
0.98422
0.581984
0.361819
0.277682
0.240036
0.20934
0.18571
0.167968
0.153804
0.137067
0.0944469
0.0363512
0.00379283
0.001
0.001
0.00101789
0.0152781
0.0420184
0.0594417
0.0607719
0.063058
0.0735148
0.0917873
0.118417
0.153732
0.211268
0.372242
0.729974
1
1
1
1
1
0.978772
0.483815
0.162772
0.036673
0.0469843
0.267955
0.730128
1
1
1
1
0.911796
0.502905
0.307816
0.254361
0.22054
0.190317
0.128258
0.0469394
0.00352594
0.001
0.001
0.00352594
0.0469394
0.128258
0.190317
0.22054
0.254361
0.307816
0.502905
0.911796
1
1
1
1
0.730128
0.267955
0.0469843
0.036673
0.162772
0.483815
0.978772
1
1
1
1
1
0.729974
0.372242
0.211268
0.153732
0.118417
0.0917873
0.0735148
0.063058
0.0607719
0.0594417
0.0420184
0.0152781
0.00101789
0.001
0.001
0.00416091
0.0340325
0.0738351
0.0783222
0.0479119
0.0232586
0.0163708
0.0232171
0.0380837
0.0630443
0.103231
0.203788
0.46649
0.937467
1
1
1
1
1
0.848346
0.385195
0.128434
0.088036
0.317237
0.804946
1
1
1
1
0.915497
0.493731
0.289485
0.239378
0.215288
0.197263
0.142486
0.0568307
0.00584716
0.001
0.001
0.00584716
0.0568307
0.142486
0.197263
0.215288
0.239378
0.289485
0.493731
0.915497
1
1
1
1
0.804946
0.317237
0.088036
0.128434
0.385195
0.848346
1
1
1
1
1
0.937467
0.46649
0.203788
0.103231
0.0630443
0.0380837
0.0232171
0.0163708
0.0232586
0.0479119
0.0783222
0.0738351
0.0340325
0.00416091
0.001
0.001
0.0178122
0.0931202
0.179512
0.185091
0.124889
0.0632123
0.0234436
0.00712768
0.00580813
0.0155828
0.0383223
0.0914288
0.258013
0.639559
1
1
1
1
1
1
0.705063
0.312547
0.186293
0.38349
0.858025
1
1
1
1
0.924682
0.491312
0.28078
0.238184
0.226775
0.219235
0.168466
0.0741214
0.0105533
0.001
0.001
0.0105533
0.0741214
0.168466
0.219235
0.226775
0.238184
0.28078
0.491312
0.924682
1
1
1
1
0.858025
0.38349
0.186293
0.312547
0.705063
1
1
1
1
1
1
0.639559
0.258013
0.0914288
0.0383223
0.0155828
0.00580813
0.00712768
0.0234436
0.0632123
0.124889
0.185091
0.179512
0.0931202
0.0178122
0.001
0.00103531
0.0388462
0.159642
0.278971
0.302932
0.247979
0.162845
0.0837903
0.0344207
0.0107964
0.00307976
0.0088872
0.0337148
0.12216
0.380271
0.869277
1
1
1
1
1
1
0.589423
0.356953
0.470649
0.885487
1
1
1
1
0.943586
0.501827
0.288627
0.254259
0.253541
0.248708
0.196647
0.0940238
0.0171169
0.001
0.001
0.0171169
0.0940238
0.196647
0.248708
0.253541
0.254259
0.288627
0.501827
0.943586
1
1
1
1
0.885487
0.470649
0.356953
0.589423
1
1
1
1
1
1
0.869277
0.380271
0.12216
0.0337148
0.0088872
0.00307976
0.0107964
0.0344207
0.0837903
0.162845
0.247979
0.302932
0.278971
0.159642
0.0388462
0.00103531
0.0015057
0.0533057
0.187184
0.31527
0.376443
0.37194
0.300809
0.198198
0.109034
0.0491421
0.0174052
0.00472719
0.00986202
0.0452318
0.198847
0.572012
1
1
1
1
1
1
0.87819
0.582034
0.58767
0.897562
1
1
1
1
0.975074
0.530089
0.316874
0.285392
0.288341
0.276414
0.217908
0.109862
0.0233162
0.001
0.001
0.0233162
0.109862
0.217908
0.276414
0.288341
0.285392
0.316874
0.530089
0.975074
1
1
1
1
0.897562
0.58767
0.582034
0.87819
1
1
1
1
1
1
0.572012
0.198847
0.0452318
0.00986202
0.00472719
0.0174052
0.0491421
0.109034
0.198198
0.300809
0.37194
0.376443
0.31527
0.187184
0.0533057
0.0015057
0.00178717
0.0542451
0.176643
0.298745
0.393273
0.455205
0.441936
0.355835
0.240864
0.13845
0.0667137
0.026146
0.00863533
0.0161138
0.0866302
0.334678
0.819895
1
1
1
1
1
1
0.805082
0.724572
0.917007
1
1
1
1
1
0.582778
0.367013
0.325752
0.322418
0.296003
0.227856
0.116802
0.026545
0.001
0.001
0.026545
0.116802
0.227856
0.296003
0.322418
0.325752
0.367013
0.582778
1
1
1
1
1
0.917007
0.724572
0.805082
1
1
1
1
1
1
0.819895
0.334678
0.0866302
0.0161138
0.00863533
0.026146
0.0667137
0.13845
0.240864
0.355835
0.441936
0.455205
0.393273
0.298745
0.176643
0.0542451
0.00178717
0.00172608
0.0489223
0.155423
0.2619
0.360759
0.467633
0.533181
0.517925
0.426477
0.297995
0.178204
0.090475
0.0384814
0.0168089
0.0346854
0.182236
0.549109
1
1
1
1
1
1
0.988886
0.880443
0.976064
1
1
1
1
1
0.669264
0.436509
0.368312
0.34859
0.304883
0.226403
0.113574
0.0254141
0.001
0.001
0.0254141
0.113574
0.226403
0.304883
0.34859
0.368312
0.436509
0.669264
1
1
1
1
1
0.976064
0.880443
0.988886
1
1
1
1
1
1
0.549109
0.182236
0.0346854
0.0168089
0.0384814
0.090475
0.178204
0.297995
0.426477
0.517925
0.533181
0.467633
0.360759
0.2619
0.155423
0.0489223
0.00172608
0.00144793
0.0433788
0.139233
0.231372
0.311517
0.41882
0.535606
0.612602
0.609922
0.522767
0.384732
0.243152
0.131563
0.061208
0.036348
0.0967833
0.346125
0.811232
1
1
1
1
1
1
1
1
1
1
1
1
1
0.786406
0.515965
0.40752
0.362745
0.303133
0.215192
0.1012
0.0200859
0.001
0.001
0.0200859
0.1012
0.215192
0.303133
0.362745
0.40752
0.515965
0.786406
1
1
1
1
1
1
1
1
1
1
1
1
1
0.811232
0.346125
0.0967833
0.036348
0.061208
0.131563
0.243152
0.384732
0.522767
0.609922
0.612602
0.535606
0.41882
0.311517
0.231372
0.139233
0.0433788
0.00144793
0.00118155
0.0394873
0.131158
0.218215
0.280293
0.360043
0.472477
0.598656
0.695846
0.718549
0.650902
0.513882
0.352323
0.210482
0.115794
0.0925371
0.237406
0.59073
1
1
1
1
1
1
1
1
1
1
1
1
1
0.912057
0.59434
0.441907
0.363517
0.290319
0.19423
0.0815273
0.0122987
0.001
0.001
0.0122987
0.0815273
0.19423
0.290319
0.363517
0.441907
0.59434
0.912057
1
1
1
1
1
1
1
1
1
1
1
1
1
0.59073
0.237406
0.0925371
0.115794
0.210482
0.352323
0.513882
0.650902
0.718549
0.695846
0.598656
0.472477
0.360043
0.280293
0.218215
0.131158
0.0394873
0.00118155
0.001
0.0361337
0.126928
0.216936
0.273493
0.329108
0.407088
0.515979
0.649061
0.768947
0.828451
0.797597
0.680833
0.513968
0.347763
0.229545
0.237923
0.451076
0.837186
1
1
1
1
1
1
1
1
1
1
1
1
1
0.683769
0.473526
0.350298
0.261449
0.15858
0.0560903
0.00523382
0.001
0.001
0.00523382
0.0560903
0.15858
0.261449
0.350298
0.473526
0.683769
1
1
1
1
1
1
1
1
1
1
1
1
1
0.837186
0.451076
0.237923
0.229545
0.347763
0.513968
0.680833
0.797597
0.828451
0.768947
0.649061
0.515979
0.407088
0.329108
0.273493
0.216936
0.126928
0.0361337
0.001
0.001
0.030801
0.119582
0.2162
0.27539
0.319009
0.368226
0.432559
0.530748
0.66379
0.805102
0.90752
0.929379
0.855943
0.708575
0.536561
0.414672
0.460465
0.70097
1
1
1
1
1
1
1
1
1
1
1
1
1
0.798357
0.498824
0.320931
0.212377
0.107135
0.0291013
0.00129734
0.001
0.001
0.00129734
0.0291013
0.107135
0.212377
0.320931
0.498824
0.798357
1
1
1
1
1
1
1
1
1
1
1
1
1
0.70097
0.460465
0.414672
0.536561
0.708575
0.855943
0.929379
0.90752
0.805102
0.66379
0.530748
0.432559
0.368226
0.319009
0.27539
0.2162
0.119582
0.030801
0.001
0.001
0.0222483
0.103559
0.205655
0.268636
0.304194
0.337552
0.370257
0.418739
0.501503
0.628403
0.783962
0.927023
1
0.995867
0.890707
0.733872
0.637456
0.69546
0.922062
1
1
1
1
1
1
1
1
1
1
1
1
0.921373
0.506852
0.273817
0.147767
0.0549822
0.00930849
0.001
0.001
0.001
0.001
0.00930849
0.0549822
0.147767
0.273817
0.506852
0.921373
1
1
1
1
1
1
1
1
1
1
1
1
0.922062
0.69546
0.637456
0.733872
0.890707
0.995867
1
0.927023
0.783962
0.628403
0.501503
0.418739
0.370257
0.337552
0.304194
0.268636
0.205655
0.103559
0.0222483
0.001
0.001
0.0128053
0.0797681
0.179643
0.244485
0.273692
0.298
0.318105
0.341222
0.377701
0.444468
0.556507
0.711809
0.880724
1
1
1
0.898548
0.840246
0.949769
1
1
1
1
1
1
1
1
1
1
1
1
1
0.506851
0.220371
0.0850585
0.0202657
0.0012509
0.001
0.00109246
0.00109246
0.001
0.0012509
0.0202657
0.0850585
0.220371
0.506851
1
1
1
1
1
1
1
1
1
1
1
1
1
0.949769
0.840246
0.898548
1
1
1
0.880724
0.711809
0.556507
0.444468
0.377701
0.341222
0.318105
0.298
0.273692
0.244485
0.179643
0.0797681
0.0128053
0.001
0.001
0.00637946
0.0574536
0.145677
0.209171
0.23616
0.256814
0.275042
0.293838
0.314841
0.343089
0.391041
0.477393
0.614069
0.78921
0.955619
1
1
1
1
1
1
1
1
1
1
1
1
1
1
1
1
1
0.52441
0.179733
0.0435556
0.00467253
0.0036837
0.0204241
0.0424334
0.0424334
0.0204241
0.0036837
0.00467253
0.0435556
0.179733
0.52441
1
1
1
1
1
1
1
1
1
1
1
1
1
1
1
1
1
0.955619
0.78921
0.614069
0.477393
0.391041
0.343089
0.314841
0.293838
0.275042
0.256814
0.23616
0.209171
0.145677
0.0574536
0.00637946
0.001
0.001
0.00526004
0.0492801
0.127374
0.186074
0.212288
0.232938
0.252412
0.27193
0.290836
0.308306
0.325783
0.352237
0.407763
0.515251
0.678001
0.86388
1
1
1
1
1
1
1
1
1
1
1
1
1
1
1
1
0.567654
0.161383
0.0233423
0.00144184
0.0221438
0.0814268
0.145929
0.145929
0.0814268
0.0221438
0.00144184
0.0233423
0.161383
0.567654
1
1
1
1
1
1
1
1
1
1
1
1
1
1
1
1
0.86388
0.678001
0.515251
0.407763
0.352237
0.325783
0.308306
0.290836
0.27193
0.252412
0.232938
0.212288
0.186074
0.127374
0.0492801
0.00526004
0.001
0.001
0.0117798
0.0653769
0.144001
0.195718
0.219341
0.239338
0.257055
0.273139
0.286704
0.297108
0.303953
0.308434
0.317494
0.34975
0.433028
0.583296
0.786243
1
1
1
1
1
1
1
1
1
1
1
1
1
1
1
0.624275
0.162164
0.0138471
0.0049816
0.0542132
0.160429
0.247739
0.247739
0.160429
0.0542132
0.0049816
0.0138471
0.162164
0.624275
1
1
1
1
1
1
1
1
1
1
1
1
1
1
1
0.786243
0.583296
0.433028
0.34975
0.317494
0.308434
0.303953
0.297108
0.286704
0.273139
0.257055
0.239338
0.219341
0.195718
0.144001
0.0653769
0.0117798
0.001
0.001
0.0258294
0.102267
0.186643
0.231344
0.252434
0.269497
0.281151
0.288858
0.292433
0.292413
0.289674
0.285578
0.282067
0.284462
0.308275
0.38036
0.527039
0.734525
1
1
1
1
1
1
1
1
1
1
1
1
1
1
0.680871
0.173349
0.00958013
0.0125546
0.0865687
0.216812
0.311933
0.311933
0.216812
0.0865687
0.0125546
0.00958013
0.173349
0.680871
1
1
1
1
1
1
1
1
1
1
1
1
1
1
0.734525
0.527039
0.38036
0.308275
0.284462
0.282067
0.285578
0.289674
0.292413
0.292433
0.288858
0.281151
0.269497
0.252434
0.231344
0.186643
0.102267
0.0258294
0.001
0.001
0.0365144
0.130979
0.218517
0.258842
0.279299
0.29386
0.30054
0.301634
0.297836
0.290674
0.281756
0.272961
0.266185
0.263495
0.270319
0.300718
0.388637
0.541117
0.811038
1
1
1
1
1
1
1
1
1
1
1
1
1
0.714113
0.179753
0.00806623
0.0182075
0.103616
0.244795
0.347149
0.347149
0.244795
0.103616
0.0182075
0.00806623
0.179753
0.714113
1
1
1
1
1
1
1
1
1
1
1
1
1
0.811038
0.541117
0.388637
0.300718
0.270319
0.263495
0.266185
0.272961
0.281756
0.290674
0.297836
0.301634
0.30054
0.29386
0.279299
0.258842
0.218517
0.130979
0.0365144
0.001
