0.0314204
0.055845
0.096795
0.130799
0.155148
0.181233
0.252819
0.3
0.3
0.349176
0.408333
0.470367
0.536359
0.607674
0.686093
0.7
0.7
0.7
0.7
0.7
0.7
0.7
0.7
0.7
0.7
0.7
0.7
0.7
0.7
0.7
0.7
0.7
0.7
0.7
0.7
0.7
0.7
0.7
0.7
0.7
0.7
0.7
0.7
0.7
0.7
0.7
0.7
0.7
0.7
0.7
0.7
0.7
0.7
0.7
0.7
0.7
0.7
0.7
0.7
0.7
0.7
0.7
0.7
0.7
0.7
0.686093
0.607674
0.536359
0.470367
0.408333
0.349176
0.3
0.3
0.252819
0.181233
0.155148
0.130799
0.096795
0.055845
0.0314204
0.0316079
0.0568953
0.0966402
0.130406
0.155732
0.182229
0.253207
0.3
0.3
0.351292
0.409449
0.470538
0.535552
0.605753
0.682786
0.7
0.7
0.7
0.7
0.7
0.7
0.7
0.7
0.7
0.7
0.7
0.7
0.7
0.7
0.7
0.7
0.7
0.7
0.7
0.7
0.7
0.7
0.7
0.7
0.7
0.7
0.7
0.7
0.7
0.7
0.7
0.7
0.7
0.7
0.7
0.7
0.7
0.7
0.7
0.7
0.7
0.7
0.7
0.7
0.7
0.7
0.7
0.7
0.7
0.7
0.682786
0.605753
0.535552
0.470538
0.409449
0.351292
0.3
0.3
0.253207
0.182229
0.155732
0.130406
0.0966402
0.0568953
0.0316079
0.0327867
0.0597496
0.0980184
0.13168
0.15889
0.184569
0.254206
0.3
0.301867
0.355835
0.411842
0.470909
0.533836
0.601673
0.675795
0.7
0.7
0.7
0.7
0.7
0.7
0.7
0.7
0.7
0.7
0.7
0.7
0.7
0.7
0.7
0.7
0.7
0.7
0.7
0.7
0.7
0.7
0.7
0.7
0.7
0.7
0.7
0.7
0.7
0.7
0.7
0.7
0.7
0.7
0.7
0.7
0.7
0.7
0.7
0.7
0.7
0.7
0.7
0.7
0.7
0.7
0.7
0.7
0.7
0.7
0.675795
0.601673
0.533836
0.470909
0.411842
0.355835
0.301867
0.3
0.254206
0.184569
0.15889
0.13168
0.0980184
0.0597496
0.0327867
0.0376498
0.0641792
0.10156
0.135713
0.165338
0.193616
0.255913
0.3
0.311358
0.362181
0.415179
0.471411
0.531414
0.595969
0.666107
0.7
0.7
0.7
0.7
0.7
0.7
0.7
0.7
0.7
0.7
0.7
0.7
0.7
0.7
0.7
0.7
0.7
0.7
0.7
0.7
0.7
0.7
0.7
0.7
0.7
0.7
0.7
0.7
0.7
0.7
0.7
0.7
0.7
0.7
0.7
0.7
0.7
0.7
0.7
0.7
0.7
0.7
0.7
0.7
0.7
0.7
0.7
0.7
0.7
0.7
0.666107
0.595969
0.531414
0.471411
0.415179
0.362181
0.311358
0.3
0.255913
0.193616
0.165338
0.135713
0.10156
0.0641792
0.0376498
0.0422066
0.0690515
0.106474
0.141762
0.17405
0.20551
0.258139
0.3
0.322302
0.369477
0.418917
0.471738
0.528208
0.588823
0.654261
0.7
0.7
0.7
0.7
0.7
0.7
0.7
0.7
0.7
0.7
0.7
0.7
0.7
0.7
0.7
0.7
0.7
0.7
0.7
0.7
0.7
0.7
0.7
0.7
0.7
0.7
0.7
0.7
0.7
0.7
0.7
0.7
0.7
0.7
0.7
0.7
0.7
0.7
0.7
0.7
0.7
0.7
0.7
0.7
0.7
0.7
0.7
0.7
0.7
0.7
0.654261
0.588823
0.528208
0.471738
0.418917
0.369477
0.322302
0.3
0.258139
0.20551
0.17405
0.141762
0.106474
0.0690515
0.0422066
0.0459408
0.0738089
0.112138
0.149015
0.183916
0.218231
0.260654
0.3
0.333416
0.376819
0.422468
0.471561
0.524134
0.580423
0.640791
0.7
0.7
0.7
0.7
0.7
0.7
0.7
0.7
0.7
0.7
0.7
0.7
0.7
0.7
0.7
0.7
0.7
0.7
0.7
0.7
0.7
0.7
0.7
0.7
0.7
0.7
0.7
0.7
0.7
0.7
0.7
0.7
0.7
0.7
0.7
0.7
0.7
0.7
0.7
0.7
0.7
0.7
0.7
0.7
0.7
0.7
0.7
0.7
0.7
0.7
0.640791
0.580423
0.524134
0.471561
0.422468
0.376819
0.333416
0.3
0.260654
0.218231
0.183916
0.149015
0.112138
0.0738089
0.0459408
0.0495065
0.0785582
0.118182
0.156767
0.193974
0.230598
0.268613
0.307355
0.343631
0.383419
0.425301
0.47058
0.51912
0.570943
0.626161
0.684901
0.7
0.7
0.7
0.7
0.7
0.7
0.7
0.7
0.7
0.7
0.7
0.7
0.7
0.7
0.7
0.7
0.7
0.7
0.7
0.7
0.7
0.7
0.7
0.7
0.7
0.7
0.7
0.7
0.7
0.7
0.7
0.7
0.7
0.7
0.7
0.7
0.7
0.7
0.7
0.7
0.7
0.7
0.7
0.7
0.7
0.7
0.7
0.7
0.684901
0.626161
0.570943
0.51912
0.47058
0.425301
0.383419
0.343631
0.307355
0.268613
0.230598
0.193974
0.156767
0.118182
0.0785582
0.0495065
0.05392
0.0836751
0.124425
0.16449
0.203504
0.24178
0.280571
0.318343
0.352199
0.388693
0.427011
0.468568
0.513119
0.560535
0.610741
0.663652
0.7
0.7
0.7
0.7
0.7
0.7
0.7
0.7
0.7
0.7
0.7
0.7
0.7
0.7
0.7
0.7
0.7
0.7
0.7
0.7
0.7
0.7
0.7
0.7
0.7
0.7
0.7
0.7
0.7
0.7
0.7
0.7
0.7
0.7
0.7
0.7
0.7
0.7
0.7
0.7
0.7
0.7
0.7
0.7
0.7
0.7
0.7
0.7
0.663652
0.610741
0.560535
0.513119
0.468568
0.427011
0.388693
0.352199
0.318343
0.280571
0.24178
0.203504
0.16449
0.124425
0.0836751
0.05392
0.0598999
0.0894876
0.130781
0.171842
0.212039
0.251276
0.290217
0.326962
0.358695
0.392289
0.427339
0.465385
0.506123
0.549329
0.594806
0.642335
0.691603
0.7
0.7
0.7
0.7
0.7
0.7
0.7
0.7
0.7
0.7
0.7
0.7
0.7
0.7
0.7
0.7
0.7
0.7
0.7
0.7
0.7
0.7
0.7
0.7
0.7
0.7
0.7
0.7
0.7
0.7
0.7
0.7
0.7
0.7
0.7
0.7
0.7
0.7
0.7
0.7
0.7
0.7
0.7
0.7
0.7
0.7
0.691603
0.642335
0.594806
0.549329
0.506123
0.465385
0.427339
0.392289
0.358695
0.326962
0.290217
0.251276
0.212039
0.171842
0.130781
0.0894876
0.0598999
0.0676171
0.09615
0.137212
0.178638
0.219343
0.258866
0.297367
0.333087
0.362965
0.394059
0.426169
0.460979
0.498162
0.537441
0.578551
0.621199
0.665016
0.7
0.7
0.7
0.7
0.7
0.7
0.7
0.7
0.7
0.7
0.7
0.7
0.7
0.7
0.7
0.7
0.7
0.7
0.7
0.7
0.7
0.7
0.7
0.7
0.7
0.7
0.7
0.7
0.7
0.7
0.7
0.7
0.7
0.7
0.7
0.7
0.7
0.7
0.7
0.7
0.7
0.7
0.7
0.7
0.7
0.7
0.665016
0.621199
0.578551
0.537441
0.498162
0.460979
0.426169
0.394059
0.362965
0.333087
0.297367
0.258866
0.219343
0.178638
0.137212
0.09615
0.0676171
0.0836954
0.103644
0.143703
0.184825
0.225367
0.26456
0.302089
0.336829
0.365057
0.394009
0.4235
0.455372
0.489296
0.524975
0.562112
0.600385
0.639414
0.678729
0.7
0.7
0.7
0.7
0.7
0.7
0.7
0.7
0.7
0.7
0.7
0.7
0.7
0.7
0.7
0.7
0.7
0.7
0.7
0.7
0.7
0.7
0.7
0.7
0.7
0.7
0.7
0.7
0.7
0.7
0.7
0.7
0.7
0.7
0.7
0.7
0.7
0.7
0.7
0.7
0.7
0.7
0.7
0.7
0.678729
0.639414
0.600385
0.562112
0.524975
0.489296
0.455372
0.4235
0.394009
0.365057
0.336829
0.302089
0.26456
0.225367
0.184825
0.143703
0.103644
0.0836954
0.0985149
0.111841
0.150249
0.190445
0.230213
0.268551
0.304648
0.338452
0.365123
0.39223
0.419407
0.448643
0.479617
0.51203
0.545586
0.579962
0.614794
0.649656
0.684048
0.7
0.7
0.7
0.7
0.7
0.7
0.7
0.7
0.7
0.7
0.7
0.7
0.7
0.7
0.7
0.7
0.7
0.7
0.7
0.7
0.7
0.7
0.7
0.7
0.7
0.7
0.7
0.7
0.7
0.7
0.7
0.7
0.7
0.7
0.7
0.7
0.7
0.7
0.7
0.7
0.7
0.7
0.684048
0.649656
0.614794
0.579962
0.545586
0.51203
0.479617
0.448643
0.419407
0.39223
0.365123
0.338452
0.304648
0.268551
0.230213
0.190445
0.150249
0.111841
0.0985149
0.110969
0.120564
0.156857
0.19561
0.234097
0.271191
0.305437
0.338216
0.363253
0.388814
0.414017
0.440915
0.469233
0.498702
0.529045
0.559958
0.591108
0.622119
0.652569
0.681998
0.7
0.7
0.7
0.7
0.7
0.7
0.7
0.7
0.7
0.7
0.7
0.7
0.7
0.7
0.7
0.7
0.7
0.7
0.7
0.7
0.7
0.7
0.7
0.7
0.7
0.7
0.7
0.7
0.7
0.7
0.7
0.7
0.7
0.7
0.7
0.7
0.7
0.7
0.7
0.7
0.681998
0.652569
0.622119
0.591108
0.559958
0.529045
0.498702
0.469233
0.440915
0.414017
0.388814
0.363253
0.338216
0.305437
0.271191
0.234097
0.19561
0.156857
0.120564
0.110969
0.121042
0.12964
0.163537
0.200462
0.237308
0.27288
0.305066
0.336669
0.359724
0.383933
0.407546
0.432349
0.45827
0.485086
0.512546
0.540379
0.568286
0.595944
0.622998
0.649079
0.673809
0.696826
0.7
0.7
0.7
0.7
0.7
0.7
0.7
0.7
0.7
0.7
0.7
0.7
0.7
0.7
0.7
0.7
0.7
0.7
0.7
0.7
0.7
0.7
0.7
0.7
0.7
0.7
0.7
0.7
0.7
0.7
0.7
0.7
0.7
0.7
0.7
0.7
0.696826
0.673809
0.649079
0.622998
0.595944
0.568286
0.540379
0.512546
0.485086
0.45827
0.432349
0.407546
0.383933
0.359724
0.336669
0.305066
0.27288
0.237308
0.200462
0.163537
0.12964
0.121042
0.128749
0.138924
0.170301
0.205144
0.240109
0.27388
0.304033
0.333122
0.355221
0.377985
0.40028
0.423129
0.446858
0.471268
0.496135
0.521218
0.546255
0.570968
0.595065
0.618246
0.640214
0.66069
0.679434
0.696261
0.7
0.7
0.7
0.7
0.7
0.7
0.7
0.7
0.7
0.7
0.7
0.7
0.7
0.7
0.7
0.7
0.7
0.7
0.7
0.7
0.7
0.7
0.7
0.7
0.7
0.7
0.7
0.7
0.7
0.7
0.7
0.7
0.696261
0.679434
0.66069
0.640214
0.618246
0.595065
0.570968
0.546255
0.521218
0.496135
0.471268
0.446858
0.423129
0.40028
0.377985
0.355221
0.333122
0.304033
0.27388
0.240109
0.205144
0.170301
0.138924
0.128749
0.134132
0.148304
0.177155
0.209773
0.242694
0.274363
0.302558
0.328495
0.350395
0.371333
0.392397
0.413399
0.435109
0.457326
0.479849
0.502463
0.524941
0.547049
0.568543
0.589179
0.608722
0.626957
0.6437
0.65881
0.672199
0.683839
0.693756
0.7
0.7
0.7
0.7
0.7
0.7
0.7
0.7
0.7
0.7
0.7
0.7
0.7
0.7
0.7
0.7
0.7
0.7
0.7
0.7
0.7
0.7
0.7
0.7
0.7
0.7
0.693756
0.683839
0.672199
0.65881
0.6437
0.626957
0.608722
0.589179
0.568543
0.547049
0.524941
0.502463
0.479849
0.457326
0.435109
0.413399
0.392397
0.371333
0.350395
0.328495
0.302558
0.274363
0.242694
0.209773
0.177155
0.148304
0.134132
0.142953
0.157702
0.184107
0.214455
0.245256
0.274679
0.300994
0.323986
0.345568
0.364034
0.383858
0.403257
0.423113
0.443324
0.463715
0.484099
0.504282
0.524063
0.543241
0.561617
0.579005
0.595235
0.610167
0.623692
0.635746
0.646306
0.655395
0.663074
0.669437
0.674604
0.678712
0.681904
0.684325
0.686113
0.687394
0.688284
0.688877
0.689253
0.68947
0.689569
0.689569
0.68947
0.689253
0.688877
0.688284
0.687394
0.686113
0.684325
0.681904
0.678712
0.674604
0.669437
0.663074
0.655395
0.646306
0.635746
0.623692
0.610167
0.595235
0.579005
0.561617
0.543241
0.524063
0.504282
0.484099
0.463715
0.443324
0.423113
0.403257
0.383858
0.364034
0.345568
0.323986
0.300994
0.274679
0.245256
0.214455
0.184107
0.157702
0.142953
0.153841
0.167064
0.191162
0.219282
0.248001
0.275305
0.299876
0.320509
0.34082
0.356633
0.374703
0.392817
0.410957
0.429318
0.447757
0.466113
0.484219
0.501904
0.519001
0.53535
0.550799
0.565215
0.578489
0.59054
0.601319
0.610811
0.619035
0.626041
0.631906
0.636726
0.640611
0.643681
0.646054
0.647846
0.649166
0.65011
0.650763
0.651191
0.651448
0.651567
0.651567
0.651448
0.651191
0.650763
0.65011
0.649166
0.647846
0.646054
0.643681
0.640611
0.636726
0.631906
0.626041
0.619035
0.610811
0.601319
0.59054
0.578489
0.565215
0.550799
0.53535
0.519001
0.501904
0.484219
0.466113
0.447757
0.429318
0.410957
0.392817
0.374703
0.356633
0.34082
0.320509
0.299876
0.275305
0.248001
0.219282
0.191162
0.167064
0.153841
0.16448
0.176348
0.198309
0.224306
0.251058
0.276479
0.299378
0.318402
0.334822
0.350361
0.365366
0.382154
0.398725
0.415352
0.431992
0.448491
0.464703
0.480484
0.495696
0.510206
0.523892
0.53665
0.548395
0.559064
0.568623
0.577062
0.584401
0.590682
0.595968
0.60034
0.60389
0.606718
0.608924
0.610608
0.611862
0.612771
0.613407
0.61383
0.614086
0.614207
0.614207
0.614086
0.61383
0.613407
0.612771
0.611862
0.610608
0.608924
0.606718
0.60389
0.60034
0.595968
0.590682
0.584401
0.577062
0.568623
0.559064
0.548395
0.53665
0.523892
0.510206
0.495696
0.480484
0.464703
0.448491
0.431992
0.415352
0.398725
0.382154
0.365366
0.350361
0.334822
0.318402
0.299378
0.276479
0.251058
0.224306
0.198309
0.176348
0.16448
0.174836
0.185502
0.205508
0.229515
0.254435
0.278179
0.299487
0.317338
0.331364
0.34522
0.356843
0.371196
0.386418
0.40145
0.416432
0.431221
0.445693
0.459731
0.473219
0.486047
0.498116
0.509344
0.519665
0.529032
0.53742
0.544826
0.55127
0.556788
0.561437
0.565286
0.568413
0.570905
0.572849
0.574331
0.575434
0.576231
0.576787
0.577157
0.57738
0.577484
0.577484
0.57738
0.577157
0.576787
0.576231
0.575434
0.574331
0.572849
0.570905
0.568413
0.565286
0.561437
0.556788
0.55127
0.544826
0.53742
0.529032
0.519665
0.509344
0.498116
0.486047
0.473219
0.459731
0.445693
0.431221
0.416432
0.40145
0.386418
0.371196
0.356843
0.34522
0.331364
0.317338
0.299487
0.278179
0.254435
0.229515
0.205508
0.185502
0.174836
0.184858
0.194461
0.212688
0.234846
0.258067
0.280303
0.300251
0.317065
0.330043
0.340233
0.351563
0.36092
0.373977
0.387643
0.401098
0.414297
0.427155
0.439586
0.451486
0.462763
0.473337
0.483142
0.492128
0.500259
0.50752
0.513913
0.519458
0.52419
0.528159
0.531425
0.53406
0.536139
0.537742
0.538947
0.539826
0.540448
0.540872
0.541145
0.541306
0.54138
0.54138
0.541306
0.541145
0.540872
0.540448
0.539826
0.538947
0.537742
0.536139
0.53406
0.531425
0.528159
0.52419
0.519458
0.513913
0.50752
0.500259
0.492128
0.483142
0.473337
0.462763
0.451486
0.439586
0.427155
0.414297
0.401098
0.387643
0.373977
0.36092
0.351563
0.340233
0.330043
0.317065
0.300251
0.280303
0.258067
0.234846
0.212688
0.194461
0.184858
0.194472
0.203129
0.21974
0.240188
0.261833
0.282711
0.301531
0.31747
0.329992
0.338812
0.346033
0.354385
0.362477
0.37396
0.38603
0.397718
0.40906
0.420002
0.430432
0.440268
0.449449
0.457922
0.465648
0.472602
0.478775
0.484173
0.48882
0.492748
0.496003
0.498641
0.500726
0.502329
0.503525
0.504386
0.504981
0.505373
0.505616
0.505757
0.505831
0.505862
0.505862
0.505831
0.505757
0.505616
0.505373
0.504981
0.504386
0.503525
0.502329
0.500726
0.498641
0.496003
0.492748
0.48882
0.484173
0.478775
0.472602
0.465648
0.457922
0.449449
0.440268
0.430432
0.420002
0.40906
0.397718
0.38603
0.37396
0.362477
0.354385
0.346033
0.338812
0.329992
0.31747
0.301531
0.282711
0.261833
0.240188
0.21974
0.203129
0.194472
0.203561
0.211373
0.226516
0.24538
0.265559
0.285189
0.303014
0.318221
0.330318
0.338986
0.344478
0.349226
0.355494
0.361628
0.37115
0.381407
0.391365
0.400947
0.410009
0.418497
0.426372
0.433589
0.440121
0.445948
0.451065
0.455487
0.459237
0.46235
0.464865
0.466835
0.468321
0.469393
0.470124
0.470583
0.470839
0.470951
0.470972
0.470948
0.470912
0.470889
0.470889
0.470912
0.470948
0.470972
0.470951
0.470839
0.470583
0.470124
0.469393
0.468321
0.466835
0.464865
0.46235
0.459237
0.455487
0.451065
0.445948
0.440121
0.433589
0.426372
0.418497
0.410009
0.400947
0.391365
0.381407
0.37115
0.361628
0.355494
0.349226
0.344478
0.338986
0.330318
0.318221
0.303014
0.285189
0.265559
0.24538
0.226516
0.211373
0.203561
0.21196
0.219014
0.23282
0.250218
0.269023
0.287486
0.304399
0.318967
0.330713
0.339382
0.344916
0.347886
0.350301
0.355284
0.358704
0.365694
0.374025
0.382405
0.390196
0.397405
0.404048
0.410076
0.415472
0.420216
0.424304
0.427762
0.430621
0.432911
0.434665
0.435932
0.436773
0.437262
0.437473
0.437477
0.437341
0.437127
0.436887
0.436667
0.4365
0.436411
0.436411
0.4365
0.436667
0.436887
0.437127
0.437341
0.437477
0.437473
0.437262
0.436773
0.435932
0.434665
0.432911
0.430621
0.427762
0.424304
0.420216
0.415472
0.410076
0.404048
0.397405
0.390196
0.382405
0.374025
0.365694
0.358704
0.355284
0.350301
0.347886
0.344916
0.339382
0.330713
0.318967
0.304399
0.287486
0.269023
0.250218
0.23282
0.219014
0.21196
0.219445
0.225817
0.238404
0.254443
0.271957
0.289317
0.305368
0.31934
0.330773
0.339442
0.345306
0.348539
0.34949
0.349738
0.352118
0.354565
0.358379
0.364311
0.370784
0.376903
0.382444
0.387336
0.391652
0.395358
0.398432
0.40093
0.402903
0.404372
0.405349
0.405877
0.406027
0.40588
0.405516
0.405011
0.404434
0.403848
0.403307
0.402859
0.40254
0.402374
0.402374
0.40254
0.402859
0.403307
0.403848
0.404434
0.405011
0.405516
0.40588
0.406027
0.405877
0.405349
0.404372
0.402903
0.40093
0.398432
0.395358
0.391652
0.387336
0.382444
0.376903
0.370784
0.364311
0.358379
0.354565
0.352118
0.349738
0.34949
0.348539
0.345306
0.339442
0.330773
0.31934
0.305368
0.289317
0.271957
0.254443
0.238404
0.225817
0.219445
0.225715
0.23147
0.242949
0.257735
0.274039
0.290352
0.305576
0.318967
0.330076
0.338687
0.344766
0.348431
0.349862
0.349308
0.347996
0.347635
0.349924
0.350565
0.353148
0.356969
0.361177
0.365121
0.368603
0.371369
0.373413
0.374936
0.37604
0.376704
0.376895
0.376644
0.376046
0.375204
0.374208
0.373138
0.372067
0.37106
0.370178
0.369469
0.368974
0.368719
0.368719
0.368974
0.369469
0.370178
0.37106
0.372067
0.373138
0.374208
0.375204
0.376046
0.376644
0.376895
0.376704
0.37604
0.374936
0.373413
0.371369
0.368603
0.365121
0.361177
0.356969
0.353148
0.350565
0.349924
0.347635
0.347996
0.349308
0.349862
0.348431
0.344766
0.338687
0.330076
0.318967
0.305576
0.290352
0.274039
0.257735
0.242949
0.23147
0.225715
0.230369
0.235571
0.246049
0.259691
0.274875
0.290204
0.30464
0.317461
0.328224
0.336711
0.34288
0.346816
0.348694
0.348749
0.34739
0.34503
0.342715
0.34165
0.342617
0.342636
0.34298
0.34429
0.346078
0.347659
0.348715
0.349444
0.3499
0.349908
0.349331
0.348238
0.346816
0.34521
0.343518
0.341823
0.340199
0.338719
0.337448
0.33644
0.335743
0.335386
0.335386
0.335743
0.33644
0.337448
0.338719
0.340199
0.341823
0.343518
0.34521
0.346816
0.348238
0.349331
0.349908
0.3499
0.349444
0.348715
0.347659
0.346078
0.34429
0.34298
0.342636
0.342617
0.34165
0.342715
0.34503
0.34739
0.348749
0.348694
0.346816
0.34288
0.336711
0.328224
0.317461
0.30464
0.290204
0.274875
0.259691
0.246049
0.235571
0.230369
0.232884
0.237598
0.247189
0.259808
0.27398
0.288408
0.302111
0.314389
0.324802
0.333125
0.339301
0.343399
0.345575
0.34606
0.345166
0.343148
0.340288
0.33697
0.333829
0.331622
0.330611
0.330622
0.329495
0.328016
0.326774
0.325678
0.324673
0.323541
0.322019
0.320057
0.317841
0.315515
0.313158
0.310849
0.308669
0.3067
0.305019
0.303692
0.302776
0.302307
0.302307
0.302776
0.303692
0.305019
0.3067
0.308669
0.310849
0.313158
0.315515
0.317841
0.320057
0.322019
0.323541
0.324673
0.325678
0.326774
0.328016
0.329495
0.330622
0.330611
0.331622
0.333829
0.33697
0.340288
0.343148
0.345166
0.34606
0.345575
0.343399
0.339301
0.333125
0.324802
0.314389
0.302111
0.288408
0.27398
0.259808
0.247189
0.237598
0.232884
0.232581
0.236875
0.245709
0.25745
0.270744
0.284388
0.297447
0.309242
0.319333
0.327488
0.333636
0.337827
0.340198
0.340949
0.340327
0.338583
0.336001
0.332807
0.32915
0.325345
0.321634
0.318108
0.314984
0.312459
0.310362
0.30842
0.306502
0.303635
0.300234
0.3
0.3
0.3
0.3
0.3
0.3
0.3
0.3
0.3
0.3
0.3
0.3
0.3
0.3
0.3
0.3
0.3
0.3
0.3
0.3
0.3
0.3
0.300234
0.303635
0.306502
0.30842
0.310362
0.312459
0.314984
0.318108
0.321634
0.325345
0.32915
0.332807
0.336001
0.338583
0.340327
0.340949
0.340198
0.337827
0.333636
0.327488
0.319333
0.309242
0.297447
0.284388
0.270744
0.25745
0.245709
0.236875
0.232581
0.228596
0.232552
0.24078
0.251819
0.264411
0.277429
0.289979
0.301397
0.311242
0.319274
0.325406
0.329675
0.332199
0.333154
0.332751
0.331216
0.328784
0.32567
0.32209
0.318258
0.31425
0.310001
0.305613
0.301356
0.297329
0.293334
0.289207
0.285044
0.281
0.27706
0.273189
0.274624
0.276972
0.278937
0.280551
0.281846
0.282847
0.283578
0.284055
0.284291
0.284291
0.284055
0.283578
0.282847
0.281846
0.280551
0.278937
0.276972
0.274624
0.273189
0.27706
0.281
0.285044
0.289207
0.293334
0.297329
0.301356
0.305613
0.310001
0.31425
0.318258
0.32209
0.32567
0.328784
0.331216
0.332751
0.333154
0.332199
0.329675
0.325406
0.319274
0.311242
0.301397
0.289979
0.277429
0.264411
0.251819
0.24078
0.232552
0.228596
0.219887
0.223603
0.231407
0.241957
0.254068
0.266669
0.278899
0.290101
0.299829
0.307834
0.314019
0.318407
0.321102
0.322264
0.322083
0.320765
0.318517
0.315539
0.312016
0.308114
0.303946
0.299591
0.295161
0.290761
0.286406
0.281991
0.277398
0.272655
0.267921
0.263314
0.258858
0.254564
0.250472
0.246643
0.243153
0.240083
0.237514
0.235981
0.236293
0.236446
0.236446
0.236293
0.235981
0.237514
0.240083
0.243153
0.246643
0.250472
0.254564
0.258858
0.263314
0.267921
0.272655
0.277398
0.281991
0.286406
0.290761
0.295161
0.299591
0.303946
0.308114
0.312016
0.315539
0.318517
0.320765
0.322083
0.322264
0.321102
0.318407
0.314019
0.307834
0.299829
0.290101
0.278899
0.266669
0.254068
0.241957
0.231407
0.223603
0.219887
0.205316
0.208908
0.216499
0.226808
0.238695
0.251135
0.263283
0.274481
0.284276
0.292404
0.29876
0.303359
0.306295
0.30772
0.307811
0.306763
0.304769
0.302014
0.298669
0.294884
0.290783
0.286465
0.282024
0.277537
0.273036
0.268512
0.263955
0.259398
0.254911
0.25055
0.246352
0.242351
0.238589
0.235119
0.232
0.22929
0.227047
0.225318
0.224142
0.223547
0.223547
0.224142
0.225318
0.227047
0.22929
0.232
0.235119
0.238589
0.242351
0.246352
0.25055
0.254911
0.259398
0.263955
0.268512
0.273036
0.277537
0.282024
0.286465
0.290783
0.294884
0.298669
0.302014
0.304769
0.306763
0.307811
0.30772
0.306295
0.303359
0.29876
0.292404
0.284276
0.274481
0.263283
0.251135
0.238695
0.226808
0.216499
0.208908
0.205316
0.183927
0.18752
0.195113
0.205428
0.217355
0.2299
0.242225
0.253661
0.263736
0.272172
0.278854
0.283789
0.287071
0.288845
0.289289
0.288591
0.286937
0.284508
0.281467
0.27796
0.274113
0.270029
0.2658
0.261496
0.257167
0.25284
0.248537
0.244295
0.24016
0.236176
0.232384
0.22882
0.225522
0.222532
0.219888
0.21763
0.215785
0.21438
0.213432
0.212955
0.212955
0.213432
0.21438
0.215785
0.21763
0.219888
0.222532
0.225522
0.22882
0.232384
0.236176
0.24016
0.244295
0.248537
0.25284
0.257167
0.261496
0.2658
0.270029
0.274113
0.27796
0.281467
0.284508
0.286937
0.288591
0.289289
0.288845
0.287071
0.283789
0.278854
0.272172
0.263736
0.253661
0.242225
0.2299
0.217355
0.205428
0.195113
0.18752
0.183927
0.155499
0.1592
0.166955
0.177447
0.189598
0.202447
0.215157
0.227036
0.237581
0.246495
0.253648
0.259042
0.26277
0.26498
0.26585
0.265573
0.264336
0.262319
0.259684
0.256578
0.253127
0.249436
0.245597
0.241683
0.237749
0.233838
0.229986
0.226229
0.222605
0.21915
0.2159
0.212887
0.210142
0.207696
0.205574
0.203796
0.202368
0.201295
0.200578
0.200218
0.200218
0.200578
0.201295
0.202368
0.203796
0.205574
0.207696
0.210142
0.212887
0.2159
0.21915
0.222605
0.226229
0.229986
0.233838
0.237749
0.241683
0.245597
0.249436
0.253127
0.256578
0.259684
0.262319
0.264336
0.265573
0.26585
0.26498
0.26277
0.259042
0.253648
0.246495
0.237581
0.227036
0.215157
0.202447
0.189598
0.177447
0.166955
0.1592
0.155499
0.121364
0.125218
0.133152
0.143793
0.156124
0.169266
0.182398
0.194778
0.205857
0.215314
0.222997
0.228897
0.233105
0.235773
0.237086
0.237242
0.236437
0.234853
0.232659
0.230001
0.227007
0.223786
0.220428
0.217007
0.21358
0.210194
0.206888
0.203693
0.200642
0.197762
0.19508
0.192622
0.190413
0.188478
0.186834
0.185486
0.184425
0.183637
0.183114
0.182853
0.182853
0.183114
0.183637
0.184425
0.185486
0.186834
0.188478
0.190413
0.192622
0.19508
0.197762
0.200642
0.203693
0.206888
0.210194
0.21358
0.217007
0.220428
0.223786
0.227007
0.230001
0.232659
0.234853
0.236437
0.237242
0.237086
0.235773
0.233105
0.228897
0.222997
0.215314
0.205857
0.194778
0.182398
0.169266
0.156124
0.143793
0.133152
0.125218
0.121364
0.0871437
0.0908444
0.0981756
0.107911
0.119532
0.132485
0.145793
0.158449
0.169877
0.179726
0.187809
0.194096
0.198669
0.20168
0.203321
0.203799
0.203318
0.20207
0.200226
0.197938
0.195337
0.19253
0.189605
0.186634
0.183671
0.180758
0.177927
0.175201
0.172601
0.170144
0.167845
0.165724
0.163803
0.16211
0.16067
0.159489
0.158551
0.157844
0.157365
0.157123
0.157123
0.157365
0.157844
0.158551
0.159489
0.16067
0.16211
0.163803
0.165724
0.167845
0.170144
0.172601
0.175201
0.177927
0.180758
0.183671
0.186634
0.189605
0.19253
0.195337
0.197938
0.200226
0.20207
0.203318
0.203799
0.203321
0.20168
0.198669
0.194096
0.187809
0.179726
0.169877
0.158449
0.145793
0.132485
0.119532
0.107911
0.0981756
0.0908444
0.0871437
0.0665219
0.068727
0.072903
0.078195
0.0852614
0.0966937
0.109053
0.121268
0.132579
0.142402
0.150511
0.156842
0.161458
0.164506
0.166182
0.166698
0.166269
0.165095
0.163356
0.161207
0.158779
0.156178
0.153489
0.150774
0.148077
0.145426
0.142836
0.140314
0.137859
0.135468
0.133144
0.130895
0.128748
0.126749
0.124959
0.123409
0.122105
0.121065
0.120332
0.119952
0.119952
0.120332
0.121065
0.122105
0.123409
0.124959
0.126749
0.128748
0.130895
0.133144
0.135468
0.137859
0.140314
0.142836
0.145426
0.148077
0.150774
0.153489
0.156178
0.158779
0.161207
0.163356
0.165095
0.166269
0.166698
0.166182
0.164506
0.161458
0.156842
0.150511
0.142402
0.132579
0.121268
0.109053
0.0966937
0.0852614
0.078195
0.072903
0.068727
0.0665219
0.0493588
0.0512651
0.0546774
0.0588544
0.063933
0.0698616
0.0772711
0.0878187
0.0981836
0.107399
0.114996
0.120865
0.125043
0.127663
0.128921
0.129038
0.128237
0.126728
0.124702
0.122321
0.119722
0.117012
0.114269
0.111546
0.108873
0.106257
0.103687
0.101142
0.0985901
0.0959995
0.0933489
0.0906354
0.0878866
0.0852102
0.0827913
0.0807201
0.0789586
0.0775086
0.076466
0.0759203
0.0759203
0.076466
0.0775086
0.0789586
0.0807201
0.0827913
0.0852102
0.0878866
0.0906354
0.0933489
0.0959995
0.0985901
0.101142
0.103687
0.106257
0.108873
0.111546
0.114269
0.117012
0.119722
0.122321
0.124702
0.126728
0.128237
0.129038
0.128921
0.127663
0.125043
0.120865
0.114996
0.107399
0.0981836
0.0878187
0.0772711
0.0698616
0.063933
0.0588544
0.0546774
0.0512651
0.0493588
0.0328651
0.035219
0.0392133
0.0437502
0.0484369
0.0530533
0.0577373
0.0628746
0.0713207
0.0793751
0.0860391
0.0910215
0.0943271
0.0960777
0.0964649
0.0957146
0.0940613
0.0917313
0.0889322
0.0858466
0.0826285
0.079401
0.0762552
0.073249
0.0704078
0.0677257
0.0651693
0.0626838
0.0602009
0.0576502
0.054976
0.0521667
0.049251
0.0463759
0.0443984
0.0438192
0.0434113
0.0430363
0.0427417
0.0425806
0.0425806
0.0427417
0.0430363
0.0434113
0.0438192
0.0443984
0.0463759
0.049251
0.0521667
0.054976
0.0576502
0.0602009
0.0626838
0.0651693
0.0677257
0.0704078
0.073249
0.0762552
0.079401
0.0826285
0.0858466
0.0889322
0.0917313
0.0940613
0.0957146
0.0964649
0.0960777
0.0943271
0.0910215
0.0860391
0.0793751
0.0713207
0.0628746
0.0577373
0.0530533
0.0484369
0.0437502
0.0392133
0.035219
0.0328651
0.0197282
0.0231284
0.028309
0.033644
0.0387639
0.0434231
0.0474598
0.0512907
0.0562676
0.0631683
0.0690158
0.0731817
0.0756497
0.0765275
0.0759984
0.0742851
0.0716245
0.0682503
0.0643834
0.0602263
0.0559609
0.0517458
0.0477148
0.043972
0.0405862
0.0375845
0.0349476
0.0326113
0.0304755
0.0284202
0.0263376
0.0242308
0.022972
0.0220564
0.0214586
0.021262
0.0212422
0.021208
0.021169
0.0211454
0.0211454
0.021169
0.021208
0.0212422
0.021262
0.0214586
0.0220564
0.022972
0.0242308
0.0263376
0.0284202
0.0304755
0.0326113
0.0349476
0.0375845
0.0405862
0.043972
0.0477148
0.0517458
0.0559609
0.0602263
0.0643834
0.0682503
0.0716245
0.0742851
0.0759984
0.0765275
0.0756497
0.0731817
0.0690158
0.0631683
0.0562676
0.0512907
0.0474598
0.0434231
0.0387639
0.033644
0.028309
0.0231284
0.0197282
0.0197282
0.0231284
0.028309
0.033644
0.0387639
0.0434231
0.0474598
0.0512907
0.0562676
0.0631683
0.0690158
0.0731817
0.0756497
0.0765275
0.0759984
0.0742851
0.0716245
0.0682503
0.0643834
0.0602263
0.0559609
0.0517458
0.0477148
0.043972
0.0405862
0.0375845
0.0349476
0.0326113
0.0304755
0.0284202
0.0263376
0.0242308
0.022972
0.0220564
0.0214586
0.021262
0.0212422
0.021208
0.021169
0.0211454
0.0211454
0.021169
0.021208
0.0212422
0.021262
0.0214586
0.0220564
0.022972
0.0242308
0.0263376
0.0284202
0.0304755
0.0326113
0.0349476
0.0375845
0.0405862
0.043972
0.0477148
0.0517458
0.0559609
0.0602263
0.0643834
0.0682503
0.0716245
0.0742851
0.0759984
0.0765275
0.0756497
0.0731817
0.0690158
0.0631683
0.0562676
0.0512907
0.0474598
0.0434231
0.0387639
0.033644
0.028309
0.0231284
0.0197282
0.0328651
0.035219
0.0392133
0.0437502
0.0484369
0.0530533
0.0577373
0.0628746
0.0713207
0.0793751
0.0860391
0.0910215
0.0943271
0.0960777
0.0964649
0.0957146
0.0940613
0.0917313
0.0889322
0.0858466
0.0826285
0.079401
0.0762552
0.073249
0.0704078
0.0677257
0.0651693
0.0626838
0.0602009
0.0576502
0.054976
0.0521667
0.049251
0.0463759
0.0443984
0.0438192
0.0434113
0.0430363
0.0427417
0.0425806
0.0425806
0.0427417
0.0430363
0.0434113
0.0438192
0.0443984
0.0463759
0.049251
0.0521667
0.054976
0.0576502
0.0602009
0.0626838
0.0651693
0.0677257
0.0704078
0.073249
0.0762552
0.079401
0.0826285
0.0858466
0.0889322
0.0917313
0.0940613
0.0957146
0.0964649
0.0960777
0.0943271
0.0910215
0.0860391
0.0793751
0.0713207
0.0628746
0.0577373
0.0530533
0.0484369
0.0437502
0.0392133
0.035219
0.0328651
0.0493588
0.0512651
0.0546774
0.0588544
0.063933
0.0698616
0.0772711
0.0878187
0.0981836
0.107399
0.114996
0.120865
0.125043
0.127663
0.128921
0.129038
0.128237
0.126728
0.124702
0.122321
0.119722
0.117012
0.114269
0.111546
0.108873
0.106257
0.103687
0.101142
0.0985901
0.0959995
0.0933489
0.0906354
0.0878866
0.0852102
0.0827913
0.0807201
0.0789586
0.0775086
0.076466
0.0759203
0.0759203
0.076466
0.0775086
0.0789586
0.0807201
0.0827913
0.0852102
0.0878866
0.0906354
0.0933489
0.0959995
0.0985901
0.101142
0.103687
0.106257
0.108873
0.111546
0.114269
0.117012
0.119722
0.122321
0.124702
0.126728
0.128237
0.129038
0.128921
0.127663
0.125043
0.120865
0.114996
0.107399
0.0981836
0.0878187
0.0772711
0.0698616
0.063933
0.0588544
0.0546774
0.0512651
0.0493588
0.0665219
0.068727
0.072903
0.078195
0.0852614
0.0966937
0.109053
0.121268
0.132579
0.142402
0.150511
0.156842
0.161458
0.164506
0.166182
0.166698
0.166269
0.165095
0.163356
0.161207
0.158779
0.156178
0.153489
0.150774
0.148077
0.145426
0.142836
0.140314
0.137859
0.135468
0.133144
0.130895
0.128748
0.126749
0.124959
0.123409
0.122105
0.121065
0.120332
0.119952
0.119952
0.120332
0.121065
0.122105
0.123409
0.124959
0.126749
0.128748
0.130895
0.133144
0.135468
0.137859
0.140314
0.142836
0.145426
0.148077
0.150774
0.153489
0.156178
0.158779
0.161207
0.163356
0.165095
0.166269
0.166698
0.166182
0.164506
0.161458
0.156842
0.150511
0.142402
0.132579
0.121268
0.109053
0.0966937
0.0852614
0.078195
0.072903
0.068727
0.0665219
0.0871437
0.0908444
0.0981756
0.107911
0.119532
0.132485
0.145793
0.158449
0.169877
0.179726
0.187809
0.194096
0.198669
0.20168
0.203321
0.203799
0.203318
0.20207
0.200226
0.197938
0.195337
0.19253
0.189605
0.186634
0.183671
0.180758
0.177927
0.175201
0.172601
0.170144
0.167845
0.165724
0.163803
0.16211
0.16067
0.159489
0.158551
0.157844
0.157365
0.157123
0.157123
0.157365
0.157844
0.158551
0.159489
0.16067
0.16211
0.163803
0.165724
0.167845
0.170144
0.172601
0.175201
0.177927
0.180758
0.183671
0.186634
0.189605
0.19253
0.195337
0.197938
0.200226
0.20207
0.203318
0.203799
0.203321
0.20168
0.198669
0.194096
0.187809
0.179726
0.169877
0.158449
0.145793
0.132485
0.119532
0.107911
0.0981756
0.0908444
0.0871437
0.121364
0.125218
0.133152
0.143793
0.156124
0.169266
0.182398
0.194778
0.205857
0.215314
0.222997
0.228897
0.233105
0.235773
0.237086
0.237242
0.236437
0.234853
0.232659
0.230001
0.227007
0.223786
0.220428
0.217007
0.21358
0.210194
0.206888
0.203693
0.200642
0.197762
0.19508
0.192622
0.190413
0.188478
0.186834
0.185486
0.184425
0.183637
0.183114
0.182853
0.182853
0.183114
0.183637
0.184425
0.185486
0.186834
0.188478
0.190413
0.192622
0.19508
0.197762
0.200642
0.203693
0.206888
0.210194
0.21358
0.217007
0.220428
0.223786
0.227007
0.230001
0.232659
0.234853
0.236437
0.237242
0.237086
0.235773
0.233105
0.228897
0.222997
0.215314
0.205857
0.194778
0.182398
0.169266
0.156124
0.143793
0.133152
0.125218
0.121364
0.155499
0.1592
0.166955
0.177447
0.189598
0.202447
0.215157
0.227036
0.237581
0.246495
0.253648
0.259042
0.26277
0.26498
0.26585
0.265573
0.264336
0.262319
0.259684
0.256578
0.253127
0.249436
0.245597
0.241683
0.237749
0.233838
0.229986
0.226229
0.222605
0.21915
0.2159
0.212887
0.210142
0.207696
0.205574
0.203796
0.202368
0.201295
0.200578
0.200218
0.200218
0.200578
0.201295
0.202368
0.203796
0.205574
0.207696
0.210142
0.212887
0.2159
0.21915
0.222605
0.226229
0.229986
0.233838
0.237749
0.241683
0.245597
0.249436
0.253127
0.256578
0.259684
0.262319
0.264336
0.265573
0.26585
0.26498
0.26277
0.259042
0.253648
0.246495
0.237581
0.227036
0.215157
0.202447
0.189598
0.177447
0.166955
0.1592
0.155499
0.183927
0.18752
0.195113
0.205428
0.217355
0.2299
0.242225
0.253661
0.263736
0.272172
0.278854
0.283789
0.287071
0.288845
0.289289
0.288591
0.286937
0.284508
0.281467
0.27796
0.274113
0.270029
0.2658
0.261496
0.257167
0.25284
0.248537
0.244295
0.24016
0.236176
0.232384
0.22882
0.225522
0.222532
0.219888
0.21763
0.215785
0.21438
0.213432
0.212955
0.212955
0.213432
0.21438
0.215785
0.21763
0.219888
0.222532
0.225522
0.22882
0.232384
0.236176
0.24016
0.244295
0.248537
0.25284
0.257167
0.261496
0.2658
0.270029
0.274113
0.27796
0.281467
0.284508
0.286937
0.288591
0.289289
0.288845
0.287071
0.283789
0.278854
0.272172
0.263736
0.253661
0.242225
0.2299
0.217355
0.205428
0.195113
0.18752
0.183927
0.205316
0.208908
0.216499
0.226808
0.238695
0.251135
0.263283
0.274481
0.284276
0.292404
0.29876
0.303359
0.306295
0.30772
0.307811
0.306763
0.304769
0.302014
0.298669
0.294884
0.290783
0.286465
0.282024
0.277537
0.273036
0.268512
0.263955
0.259398
0.254911
0.25055
0.246352
0.242351
0.238589
0.235119
0.232
0.22929
0.227047
0.225318
0.224142
0.223547
0.223547
0.224142
0.225318
0.227047
0.22929
0.232
0.235119
0.238589
0.242351
0.246352
0.25055
0.254911
0.259398
0.263955
0.268512
0.273036
0.277537
0.282024
0.286465
0.290783
0.294884
0.298669
0.302014
0.304769
0.306763
0.307811
0.30772
0.306295
0.303359
0.29876
0.292404
0.284276
0.274481
0.263283
0.251135
0.238695
0.226808
0.216499
0.208908
0.205316
0.219887
0.223603
0.231407
0.241957
0.254068
0.266669
0.278899
0.290101
0.299829
0.307834
0.314019
0.318407
0.321102
0.322264
0.322083
0.320765
0.318517
0.315539
0.312016
0.308114
0.303946
0.299591
0.295161
0.290761
0.286406
0.281991
0.277398
0.272655
0.267921
0.263314
0.258858
0.254564
0.250472
0.246643
0.243153
0.240083
0.237514
0.235981
0.236293
0.236446
0.236446
0.236293
0.235981
0.237514
0.240083
0.243153
0.246643
0.250472
0.254564
0.258858
0.263314
0.267921
0.272655
0.277398
0.281991
0.286406
0.290761
0.295161
0.299591
0.303946
0.308114
0.312016
0.315539
0.318517
0.320765
0.322083
0.322264
0.321102
0.318407
0.314019
0.307834
0.299829
0.290101
0.278899
0.266669
0.254068
0.241957
0.231407
0.223603
0.219887
0.228596
0.232552
0.24078
0.251819
0.264411
0.277429
0.289979
0.301397
0.311242
0.319274
0.325406
0.329675
0.332199
0.333154
0.332751
0.331216
0.328784
0.32567
0.32209
0.318258
0.31425
0.310001
0.305613
0.301356
0.297329
0.293334
0.289207
0.285044
0.281
0.27706
0.273189
0.274624
0.276972
0.278937
0.280551
0.281846
0.282847
0.283578
0.284055
0.284291
0.284291
0.284055
0.283578
0.282847
0.281846
0.280551
0.278937
0.276972
0.274624
0.273189
0.27706
0.281
0.285044
0.289207
0.293334
0.297329
0.301356
0.305613
0.310001
0.31425
0.318258
0.32209
0.32567
0.328784
0.331216
0.332751
0.333154
0.332199
0.329675
0.325406
0.319274
0.311242
0.301397
0.289979
0.277429
0.264411
0.251819
0.24078
0.232552
0.228596
0.232581
0.236875
0.245709
0.25745
0.270744
0.284388
0.297447
0.309242
0.319333
0.327488
0.333636
0.337827
0.340198
0.340949
0.340327
0.338583
0.336001
0.332807
0.32915
0.325345
0.321634
0.318108
0.314984
0.312459
0.310362
0.30842
0.306502
0.303635
0.300234
0.3
0.3
0.3
0.3
0.3
0.3
0.3
0.3
0.3
0.3
0.3
0.3
0.3
0.3
0.3
0.3
0.3
0.3
0.3
0.3
0.3
0.3
0.300234
0.303635
0.306502
0.30842
0.310362
0.312459
0.314984
0.318108
0.321634
0.325345
0.32915
0.332807
0.336001
0.338583
0.340327
0.340949
0.340198
0.337827
0.333636
0.327488
0.319333
0.309242
0.297447
0.284388
0.270744
0.25745
0.245709
0.236875
0.232581
0.232884
0.237598
0.247189
0.259808
0.27398
0.288408
0.302111
0.314389
0.324802
0.333125
0.339301
0.343399
0.345575
0.34606
0.345166
0.343148
0.340288
0.33697
0.333829
0.331622
0.330611
0.330622
0.329495
0.328016
0.326774
0.325678
0.324673
0.323541
0.322019
0.320057
0.317841
0.315515
0.313158
0.310849
0.308669
0.3067
0.305019
0.303692
0.302776
0.302307
0.302307
0.302776
0.303692
0.305019
0.3067
0.308669
0.310849
0.313158
0.315515
0.317841
0.320057
0.322019
0.323541
0.324673
0.325678
0.326774
0.328016
0.329495
0.330622
0.330611
0.331622
0.333829
0.33697
0.340288
0.343148
0.345166
0.34606
0.345575
0.343399
0.339301
0.333125
0.324802
0.314389
0.302111
0.288408
0.27398
0.259808
0.247189
0.237598
0.232884
0.230369
0.235571
0.246049
0.259691
0.274875
0.290204
0.30464
0.317461
0.328224
0.336711
0.34288
0.346816
0.348694
0.348749
0.34739
0.34503
0.342715
0.34165
0.342617
0.342636
0.34298
0.34429
0.346078
0.347659
0.348715
0.349444
0.3499
0.349908
0.349331
0.348238
0.346816
0.34521
0.343518
0.341823
0.340199
0.338719
0.337448
0.33644
0.335743
0.335386
0.335386
0.335743
0.33644
0.337448
0.338719
0.340199
0.341823
0.343518
0.34521
0.346816
0.348238
0.349331
0.349908
0.3499
0.349444
0.348715
0.347659
0.346078
0.34429
0.34298
0.342636
0.342617
0.34165
0.342715
0.34503
0.34739
0.348749
0.348694
0.346816
0.34288
0.336711
0.328224
0.317461
0.30464
0.290204
0.274875
0.259691
0.246049
0.235571
0.230369
0.225715
0.23147
0.242949
0.257735
0.274039
0.290352
0.305576
0.318967
0.330076
0.338687
0.344766
0.348431
0.349862
0.349308
0.347996
0.347635
0.349924
0.350565
0.353148
0.356969
0.361177
0.365121
0.368603
0.371369
0.373413
0.374936
0.37604
0.376704
0.376895
0.376644
0.376046
0.375204
0.374208
0.373138
0.372067
0.37106
0.370178
0.369469
0.368974
0.368719
0.368719
0.368974
0.369469
0.370178
0.37106
0.372067
0.373138
0.374208
0.375204
0.376046
0.376644
0.376895
0.376704
0.37604
0.374936
0.373413
0.371369
0.368603
0.365121
0.361177
0.356969
0.353148
0.350565
0.349924
0.347635
0.347996
0.349308
0.349862
0.348431
0.344766
0.338687
0.330076
0.318967
0.305576
0.290352
0.274039
0.257735
0.242949
0.23147
0.225715
0.219445
0.225817
0.238404
0.254443
0.271957
0.289317
0.305368
0.31934
0.330773
0.339442
0.345306
0.348539
0.34949
0.349738
0.352118
0.354565
0.358379
0.364311
0.370784
0.376903
0.382444
0.387336
0.391652
0.395358
0.398432
0.40093
0.402903
0.404372
0.405349
0.405877
0.406027
0.40588
0.405516
0.405011
0.404434
0.403848
0.403307
0.402859
0.40254
0.402374
0.402374
0.40254
0.402859
0.403307
0.403848
0.404434
0.405011
0.405516
0.40588
0.406027
0.405877
0.405349
0.404372
0.402903
0.40093
0.398432
0.395358
0.391652
0.387336
0.382444
0.376903
0.370784
0.364311
0.358379
0.354565
0.352118
0.349738
0.34949
0.348539
0.345306
0.339442
0.330773
0.31934
0.305368
0.289317
0.271957
0.254443
0.238404
0.225817
0.219445
0.21196
0.219014
0.23282
0.250218
0.269023
0.287486
0.304399
0.318967
0.330713
0.339382
0.344916
0.347886
0.350301
0.355284
0.358704
0.365694
0.374025
0.382405
0.390196
0.397405
0.404048
0.410076
0.415472
0.420216
0.424304
0.427762
0.430621
0.432911
0.434665
0.435932
0.436773
0.437262
0.437473
0.437477
0.437341
0.437127
0.436887
0.436667
0.4365
0.436411
0.436411
0.4365
0.436667
0.436887
0.437127
0.437341
0.437477
0.437473
0.437262
0.436773
0.435932
0.434665
0.432911
0.430621
0.427762
0.424304
0.420216
0.415472
0.410076
0.404048
0.397405
0.390196
0.382405
0.374025
0.365694
0.358704
0.355284
0.350301
0.347886
0.344916
0.339382
0.330713
0.318967
0.304399
0.287486
0.269023
0.250218
0.23282
0.219014
0.21196
0.203561
0.211373
0.226516
0.24538
0.265559
0.285189
0.303014
0.318221
0.330318
0.338986
0.344478
0.349226
0.355494
0.361628
0.37115
0.381407
0.391365
0.400947
0.410009
0.418497
0.426372
0.433589
0.440121
0.445948
0.451065
0.455487
0.459237
0.46235
0.464865
0.466835
0.468321
0.469393
0.470124
0.470583
0.470839
0.470951
0.470972
0.470948
0.470912
0.470889
0.470889
0.470912
0.470948
0.470972
0.470951
0.470839
0.470583
0.470124
0.469393
0.468321
0.466835
0.464865
0.46235
0.459237
0.455487
0.451065
0.445948
0.440121
0.433589
0.426372
0.418497
0.410009
0.400947
0.391365
0.381407
0.37115
0.361628
0.355494
0.349226
0.344478
0.338986
0.330318
0.318221
0.303014
0.285189
0.265559
0.24538
0.226516
0.211373
0.203561
0.194472
0.203129
0.21974
0.240188
0.261833
0.282711
0.301531
0.31747
0.329992
0.338812
0.346033
0.354385
0.362477
0.37396
0.38603
0.397718
0.40906
0.420002
0.430432
0.440268
0.449449
0.457922
0.465648
0.472602
0.478775
0.484173
0.48882
0.492748
0.496003
0.498641
0.500726
0.502329
0.503525
0.504386
0.504981
0.505373
0.505616
0.505757
0.505831
0.505862
0.505862
0.505831
0.505757
0.505616
0.505373
0.504981
0.504386
0.503525
0.502329
0.500726
0.498641
0.496003
0.492748
0.48882
0.484173
0.478775
0.472602
0.465648
0.457922
0.449449
0.440268
0.430432
0.420002
0.40906
0.397718
0.38603
0.37396
0.362477
0.354385
0.346033
0.338812
0.329992
0.31747
0.301531
0.282711
0.261833
0.240188
0.21974
0.203129
0.194472
0.184858
0.194461
0.212688
0.234846
0.258067
0.280303
0.300251
0.317065
0.330043
0.340233
0.351563
0.36092
0.373977
0.387643
0.401098
0.414297
0.427155
0.439586
0.451486
0.462763
0.473337
0.483142
0.492128
0.500259
0.50752
0.513913
0.519458
0.52419
0.528159
0.531425
0.53406
0.536139
0.537742
0.538947
0.539826
0.540448
0.540872
0.541145
0.541306
0.54138
0.54138
0.541306
0.541145
0.540872
0.540448
0.539826
0.538947
0.537742
0.536139
0.53406
0.531425
0.528159
0.52419
0.519458
0.513913
0.50752
0.500259
0.492128
0.483142
0.473337
0.462763
0.451486
0.439586
0.427155
0.414297
0.401098
0.387643
0.373977
0.36092
0.351563
0.340233
0.330043
0.317065
0.300251
0.280303
0.258067
0.234846
0.212688
0.194461
0.184858
0.174836
0.185502
0.205508
0.229515
0.254435
0.278179
0.299487
0.317338
0.331364
0.34522
0.356843
0.371196
0.386418
0.40145
0.416432
0.431221
0.445693
0.459731
0.473219
0.486047
0.498116
0.509344
0.519665
0.529032
0.53742
0.544826
0.55127
0.556788
0.561437
0.565286
0.568413
0.570905
0.572849
0.574331
0.575434
0.576231
0.576787
0.577157
0.57738
0.577484
0.577484
0.57738
0.577157
0.576787
0.576231
0.575434
0.574331
0.572849
0.570905
0.568413
0.565286
0.561437
0.556788
0.55127
0.544826
0.53742
0.529032
0.519665
0.509344
0.498116
0.486047
0.473219
0.459731
0.445693
0.431221
0.416432
0.40145
0.386418
0.371196
0.356843
0.34522
0.331364
0.317338
0.299487
0.278179
0.254435
0.229515
0.205508
0.185502
0.174836
0.16448
0.176348
0.198309
0.224306
0.251058
0.276479
0.299378
0.318402
0.334822
0.350361
0.365366
0.382154
0.398725
0.415352
0.431992
0.448491
0.464703
0.480484
0.495696
0.510206
0.523892
0.53665
0.548395
0.559064
0.568623
0.577062
0.584401
0.590682
0.595968
0.60034
0.60389
0.606718
0.608924
0.610608
0.611862
0.612771
0.613407
0.61383
0.614086
0.614207
0.614207
0.614086
0.61383
0.613407
0.612771
0.611862
0.610608
0.608924
0.606718
0.60389
0.60034
0.595968
0.590682
0.584401
0.577062
0.568623
0.559064
0.548395
0.53665
0.523892
0.510206
0.495696
0.480484
0.464703
0.448491
0.431992
0.415352
0.398725
0.382154
0.365366
0.350361
0.334822
0.318402
0.299378
0.276479
0.251058
0.224306
0.198309
0.176348
0.16448
0.153841
0.167064
0.191162
0.219282
0.248001
0.275305
0.299876
0.320509
0.34082
0.356633
0.374703
0.392817
0.410957
0.429318
0.447757
0.466113
0.484219
0.501904
0.519001
0.53535
0.550799
0.565215
0.578489
0.59054
0.601319
0.610811
0.619035
0.626041
0.631906
0.636726
0.640611
0.643681
0.646054
0.647846
0.649166
0.65011
0.650763
0.651191
0.651448
0.651567
0.651567
0.651448
0.651191
0.650763
0.65011
0.649166
0.647846
0.646054
0.643681
0.640611
0.636726
0.631906
0.626041
0.619035
0.610811
0.601319
0.59054
0.578489
0.565215
0.550799
0.53535
0.519001
0.501904
0.484219
0.466113
0.447757
0.429318
0.410957
0.392817
0.374703
0.356633
0.34082
0.320509
0.299876
0.275305
0.248001
0.219282
0.191162
0.167064
0.153841
0.142953
0.157702
0.184107
0.214455
0.245256
0.274679
0.300994
0.323986
0.345568
0.364034
0.383858
0.403257
0.423113
0.443324
0.463715
0.484099
0.504282
0.524063
0.543241
0.561617
0.579005
0.595235
0.610167
0.623692
0.635746
0.646306
0.655395
0.663074
0.669437
0.674604
0.678712
0.681904
0.684325
0.686113
0.687394
0.688284
0.688877
0.689253
0.68947
0.689569
0.689569
0.68947
0.689253
0.688877
0.688284
0.687394
0.686113
0.684325
0.681904
0.678712
0.674604
0.669437
0.663074
0.655395
0.646306
0.635746
0.623692
0.610167
0.595235
0.579005
0.561617
0.543241
0.524063
0.504282
0.484099
0.463715
0.443324
0.423113
0.403257
0.383858
0.364034
0.345568
0.323986
0.300994
0.274679
0.245256
0.214455
0.184107
0.157702
0.142953
0.134132
0.148304
0.177155
0.209773
0.242694
0.274363
0.302558
0.328495
0.350395
0.371333
0.392397
0.413399
0.435109
0.457326
0.479849
0.502463
0.524941
0.547049
0.568543
0.589179
0.608722
0.626957
0.6437
0.65881
0.672199
0.683839
0.693756
0.7
0.7
0.7
0.7
0.7
0.7
0.7
0.7
0.7
0.7
0.7
0.7
0.7
0.7
0.7
0.7
0.7
0.7
0.7
0.7
0.7
0.7
0.7
0.7
0.7
0.7
0.693756
0.683839
0.672199
0.65881
0.6437
0.626957
0.608722
0.589179
0.568543
0.547049
0.524941
0.502463
0.479849
0.457326
0.435109
0.413399
0.392397
0.371333
0.350395
0.328495
0.302558
0.274363
0.242694
0.209773
0.177155
0.148304
0.134132
0.128749
0.138924
0.170301
0.205144
0.240109
0.27388
0.304033
0.333122
0.355221
0.377985
0.40028
0.423129
0.446858
0.471268
0.496135
0.521218
0.546255
0.570968
0.595065
0.618246
0.640214
0.66069
0.679434
0.696261
0.7
0.7
0.7
0.7
0.7
0.7
0.7
0.7
0.7
0.7
0.7
0.7
0.7
0.7
0.7
0.7
0.7
0.7
0.7
0.7
0.7
0.7
0.7
0.7
0.7
0.7
0.7
0.7
0.7
0.7
0.7
0.7
0.696261
0.679434
0.66069
0.640214
0.618246
0.595065
0.570968
0.546255
0.521218
0.496135
0.471268
0.446858
0.423129
0.40028
0.377985
0.355221
0.333122
0.304033
0.27388
0.240109
0.205144
0.170301
0.138924
0.128749
0.121042
0.12964
0.163537
0.200462
0.237308
0.27288
0.305066
0.336669
0.359724
0.383933
0.407546
0.432349
0.45827
0.485086
0.512546
0.540379
0.568286
0.595944
0.622998
0.649079
0.673809
0.696826
0.7
0.7
0.7
0.7
0.7
0.7
0.7
0.7
0.7
0.7
0.7
0.7
0.7
0.7
0.7
0.7
0.7
0.7
0.7
0.7
0.7
0.7
0.7
0.7
0.7
0.7
0.7
0.7
0.7
0.7
0.7
0.7
0.7
0.7
0.7
0.7
0.696826
0.673809
0.649079
0.622998
0.595944
0.568286
0.540379
0.512546
0.485086
0.45827
0.432349
0.407546
0.383933
0.359724
0.336669
0.305066
0.27288
0.237308
0.200462
0.163537
0.12964
0.121042
0.110969
0.120564
0.156857
0.19561
0.234097
0.271191
0.305437
0.338216
0.363253
0.388814
0.414017
0.440915
0.469233
0.498702
0.529045
0.559958
0.591108
0.622119
0.652569
0.681998
0.7
0.7
0.7
0.7
0.7
0.7
0.7
0.7
0.7
0.7
0.7
0.7
0.7
0.7
0.7
0.7
0.7
0.7
0.7
0.7
0.7
0.7
0.7
0.7
0.7
0.7
0.7
0.7
0.7
0.7
0.7
0.7
0.7
0.7
0.7
0.7
0.7
0.7
0.7
0.7
0.681998
0.652569
0.622119
0.591108
0.559958
0.529045
0.498702
0.469233
0.440915
0.414017
0.388814
0.363253
0.338216
0.305437
0.271191
0.234097
0.19561
0.156857
0.120564
0.110969
0.0985149
0.111841
0.150249
0.190445
0.230213
0.268551
0.304648
0.338452
0.365123
0.39223
0.419407
0.448643
0.479617
0.51203
0.545586
0.579962
0.614794
0.649656
0.684048
0.7
0.7
0.7
0.7
0.7
0.7
0.7
0.7
0.7
0.7
0.7
0.7
0.7
0.7
0.7
0.7
0.7
0.7
0.7
0.7
0.7
0.7
0.7
0.7
0.7
0.7
0.7
0.7
0.7
0.7
0.7
0.7
0.7
0.7
0.7
0.7
0.7
0.7
0.7
0.7
0.7
0.7
0.684048
0.649656
0.614794
0.579962
0.545586
0.51203
0.479617
0.448643
0.419407
0.39223
0.365123
0.338452
0.304648
0.268551
0.230213
0.190445
0.150249
0.111841
0.0985149
0.0836954
0.103644
0.143703
0.184825
0.225367
0.26456
0.302089
0.336829
0.365057
0.394009
0.4235
0.455372
0.489296
0.524975
0.562112
0.600385
0.639414
0.678729
0.7
0.7
0.7
0.7
0.7
0.7
0.7
0.7
0.7
0.7
0.7
0.7
0.7
0.7
0.7
0.7
0.7
0.7
0.7
0.7
0.7
0.7
0.7
0.7
0.7
0.7
0.7
0.7
0.7
0.7
0.7
0.7
0.7
0.7
0.7
0.7
0.7
0.7
0.7
0.7
0.7
0.7
0.7
0.7
0.678729
0.639414
0.600385
0.562112
0.524975
0.489296
0.455372
0.4235
0.394009
0.365057
0.336829
0.302089
0.26456
0.225367
0.184825
0.143703
0.103644
0.0836954
0.0676171
0.09615
0.137212
0.178638
0.219343
0.258866
0.297367
0.333087
0.362965
0.394059
0.426169
0.460979
0.498162
0.537441
0.578551
0.621199
0.665016
0.7
0.7
0.7
0.7
0.7
0.7
0.7
0.7
0.7
0.7
0.7
0.7
0.7
0.7
0.7
0.7
0.7
0.7
0.7
0.7
0.7
0.7
0.7
0.7
0.7
0.7
0.7
0.7
0.7
0.7
0.7
0.7
0.7
0.7
0.7
0.7
0.7
0.7
0.7
0.7
0.7
0.7
0.7
0.7
0.7
0.7
0.665016
0.621199
0.578551
0.537441
0.498162
0.460979
0.426169
0.394059
0.362965
0.333087
0.297367
0.258866
0.219343
0.178638
0.137212
0.09615
0.0676171
0.0598999
0.0894876
0.130781
0.171842
0.212039
0.251276
0.290217
0.326962
0.358695
0.392289
0.427339
0.465385
0.506123
0.549329
0.594806
0.642335
0.691603
0.7
0.7
0.7
0.7
0.7
0.7
0.7
0.7
0.7
0.7
0.7
0.7
0.7
0.7
0.7
0.7
0.7
0.7
0.7
0.7
0.7
0.7
0.7
0.7
0.7
0.7
0.7
0.7
0.7
0.7
0.7
0.7
0.7
0.7
0.7
0.7
0.7
0.7
0.7
0.7
0.7
0.7
0.7
0.7
0.7
0.7
0.691603
0.642335
0.594806
0.549329
0.506123
0.465385
0.427339
0.392289
0.358695
0.326962
0.290217
0.251276
0.212039
0.171842
0.130781
0.0894876
0.0598999
0.05392
0.0836751
0.124425
0.16449
0.203504
0.24178
0.280571
0.318343
0.352199
0.388693
0.427011
0.468568
0.513119
0.560535
0.610741
0.663652
0.7
0.7
0.7
0.7
0.7
0.7
0.7
0.7
0.7
0.7
0.7
0.7
0.7
0.7
0.7
0.7
0.7
0.7
0.7
0.7
0.7
0.7
0.7
0.7
0.7
0.7
0.7
0.7
0.7
0.7
0.7
0.7
0.7
0.7
0.7
0.7
0.7
0.7
0.7
0.7
0.7
0.7
0.7
0.7
0.7
0.7
0.7
0.7
0.663652
0.610741
0.560535
0.513119
0.468568
0.427011
0.388693
0.352199
0.318343
0.280571
0.24178
0.203504
0.16449
0.124425
0.0836751
0.05392
0.0495065
0.0785582
0.118182
0.156767
0.193974
0.230598
0.268613
0.307355
0.343631
0.383419
0.425301
0.47058
0.51912
0.570943
0.626161
0.684901
0.7
0.7
0.7
0.7
0.7
0.7
0.7
0.7
0.7
0.7
0.7
0.7
0.7
0.7
0.7
0.7
0.7
0.7
0.7
0.7
0.7
0.7
0.7
0.7
0.7
0.7
0.7
0.7
0.7
0.7
0.7
0.7
0.7
0.7
0.7
0.7
0.7
0.7
0.7
0.7
0.7
0.7
0.7
0.7
0.7
0.7
0.7
0.7
0.684901
0.626161
0.570943
0.51912
0.47058
0.425301
0.383419
0.343631
0.307355
0.268613
0.230598
0.193974
0.156767
0.118182
0.0785582
0.0495065
0.0459408
0.0738089
0.112138
0.149015
0.183916
0.218231
0.260654
0.3
0.333416
0.376819
0.422468
0.471561
0.524134
0.580423
0.640791
0.7
0.7
0.7
0.7
0.7
0.7
0.7
0.7
0.7
0.7
0.7
0.7
0.7
0.7
0.7
0.7
0.7
0.7
0.7
0.7
0.7
0.7
0.7
0.7
0.7
0.7
0.7
0.7
0.7
0.7
0.7
0.7
0.7
0.7
0.7
0.7
0.7
0.7
0.7
0.7
0.7
0.7
0.7
0.7
0.7
0.7
0.7
0.7
0.7
0.7
0.640791
0.580423
0.524134
0.471561
0.422468
0.376819
0.333416
0.3
0.260654
0.218231
0.183916
0.149015
0.112138
0.0738089
0.0459408
0.0422066
0.0690515
0.106474
0.141762
0.17405
0.20551
0.258139
0.3
0.322302
0.369477
0.418917
0.471738
0.528208
0.588823
0.654261
0.7
0.7
0.7
0.7
0.7
0.7
0.7
0.7
0.7
0.7
0.7
0.7
0.7
0.7
0.7
0.7
0.7
0.7
0.7
0.7
0.7
0.7
0.7
0.7
0.7
0.7
0.7
0.7
0.7
0.7
0.7
0.7
0.7
0.7
0.7
0.7
0.7
0.7
0.7
0.7
0.7
0.7
0.7
0.7
0.7
0.7
0.7
0.7
0.7
0.7
0.654261
0.588823
0.528208
0.471738
0.418917
0.369477
0.322302
0.3
0.258139
0.20551
0.17405
0.141762
0.106474
0.0690515
0.0422066
0.0376498
0.0641792
0.10156
0.135713
0.165338
0.193616
0.255913
0.3
0.311358
0.362181
0.415179
0.471411
0.531414
0.595969
0.666107
0.7
0.7
0.7
0.7
0.7
0.7
0.7
0.7
0.7
0.7
0.7
0.7
0.7
0.7
0.7
0.7
0.7
0.7
0.7
0.7
0.7
0.7
0.7
0.7
0.7
0.7
0.7
0.7
0.7
0.7
0.7
0.7
0.7
0.7
0.7
0.7
0.7
0.7
0.7
0.7
0.7
0.7
0.7
0.7
0.7
0.7
0.7
0.7
0.7
0.7
0.666107
0.595969
0.531414
0.471411
0.415179
0.362181
0.311358
0.3
0.255913
0.193616
0.165338
0.135713
0.10156
0.0641792
0.0376498
0.0327867
0.0597496
0.0980184
0.13168
0.15889
0.184569
0.254206
0.3
0.301867
0.355835
0.411842
0.470909
0.533836
0.601673
0.675795
0.7
0.7
0.7
0.7
0.7
0.7
0.7
0.7
0.7
0.7
0.7
0.7
0.7
0.7
0.7
0.7
0.7
0.7
0.7
0.7
0.7
0.7
0.7
0.7
0.7
0.7
0.7
0.7
0.7
0.7
0.7
0.7
0.7
0.7
0.7
0.7
0.7
0.7
0.7
0.7
0.7
0.7
0.7
0.7
0.7
0.7
0.7
0.7
0.7
0.7
0.675795
0.601673
0.533836
0.470909
0.411842
0.355835
0.301867
0.3
0.254206
0.184569
0.15889
0.13168
0.0980184
0.0597496
0.0327867
0.0316079
0.0568953
0.0966402
0.130406
0.155732
0.182229
0.253207
0.3
0.3
0.351292
0.409449
0.470538
0.535552
0.605753
0.682786
0.7
0.7
0.7
0.7
0.7
0.7
0.7
0.7
0.7
0.7
0.7
0.7
0.7
0.7
0.7
0.7
0.7
0.7
0.7
0.7
0.7
0.7
0.7
0.7
0.7
0.7
0.7
0.7
0.7
0.7
0.7
0.7
0.7
0.7
0.7
0.7
0.7
0.7
0.7
0.7
0.7
0.7
0.7
0.7
0.7
0.7
0.7
0.7
0.7
0.7
0.682786
0.605753
0.535552
0.470538
0.409449
0.351292
0.3
0.3
0.253207
0.182229
0.155732
0.130406
0.0966402
0.0568953
0.0316079
0.0314204
0.055845
0.096795
0.130799
0.155148
0.181233
0.252819
0.3
0.3
0.349176
0.408333
0.470367
0.536359
0.607674
0.686093
0.7
0.7
0.7
0.7
0.7
0.7
0.7
0.7
0.7
0.7
0.7
0.7
0.7
0.7
0.7
0.7
0.7
0.7
0.7
0.7
0.7
0.7
0.7
0.7
0.7
0.7
0.7
0.7
0.7
0.7
0.7
0.7
0.7
0.7
0.7
0.7
0.7
0.7
0.7
0.7
0.7
0.7
0.7
0.7
0.7
0.7
0.7
0.7
0.7
0.7
0.686093
0.607674
0.536359
0.470367
0.408333
0.349176
0.3
0.3
0.252819
0.181233
0.155148
0.130799
0.096795
0.055845
0.0314204
