0.001
0.00939572
0.0828051
0.196089
0.262596
0.290526
0.319709
0.342847
0.362542
0.379421
0.394253
0.408287
0.422889
0.439538
0.459597
0.48386
0.514796
0.550284
0.61494
0.735801
1
1
1
1
1
1
1
1
1
1
1
1
0.953033
0.327537
0.0508469
0.0283402
0.079746
0.165456
0.250362
0.301077
0.301077
0.250362
0.165456
0.079746
0.0283402
0.0508469
0.327537
0.953033
1
1
1
1
1
1
1
1
1
1
1
1
0.735801
0.61494
0.550284
0.514796
0.48386
0.459597
0.439538
0.422889
0.408287
0.394253
0.379421
0.362542
0.342847
0.319709
0.290526
0.262596
0.196089
0.0828051
0.00939572
0.001
0.001
0.00733082
0.0730519
0.178575
0.245493
0.273502
0.301974
0.325763
0.346815
0.365804
0.383358
0.40065
0.41899
0.439866
0.464577
0.494059
0.529935
0.574649
0.660782
0.851128
1
1
1
1
1
1
1
1
1
1
1
1
0.911347
0.32317
0.0551641
0.0223539
0.0574347
0.132783
0.216872
0.269863
0.269863
0.216872
0.132783
0.0574347
0.0223539
0.0551641
0.32317
0.911347
1
1
1
1
1
1
1
1
1
1
1
1
0.851128
0.660782
0.574649
0.529935
0.494059
0.464577
0.439866
0.41899
0.40065
0.383358
0.365804
0.346815
0.325763
0.301974
0.273502
0.245493
0.178575
0.0730519
0.00733082
0.001
0.001
0.0044194
0.0583384
0.153864
0.220548
0.249343
0.276539
0.301272
0.324537
0.347114
0.369529
0.392879
0.418418
0.447545
0.481222
0.520274
0.564391
0.627513
0.747937
1
1
1
1
1
1
1
1
1
1
1
1
1
0.834244
0.313649
0.0706503
0.0222054
0.0290341
0.0792609
0.150182
0.20092
0.20092
0.150182
0.0792609
0.0290341
0.0222054
0.0706503
0.313649
0.834244
1
1
1
1
1
1
1
1
1
1
1
1
1
0.747937
0.627513
0.564391
0.520274
0.481222
0.447545
0.418418
0.392879
0.369529
0.347114
0.324537
0.301272
0.276539
0.249343
0.220548
0.153864
0.0583384
0.0044194
0.001
0.001
0.00286959
0.0494551
0.138235
0.2051
0.235016
0.261655
0.287605
0.313425
0.340113
0.368265
0.398945
0.433224
0.471943
0.515092
0.56223
0.611752
0.68855
0.837132
1
1
1
1
1
1
1
1
1
1
1
1
1
0.738268
0.306815
0.102726
0.0381333
0.0149971
0.0332662
0.072152
0.105503
0.105503
0.072152
0.0332662
0.0149971
0.0381333
0.102726
0.306815
0.738268
1
1
1
1
1
1
1
1
1
1
1
1
1
0.837132
0.68855
0.611752
0.56223
0.515092
0.471943
0.433224
0.398945
0.368265
0.340113
0.313425
0.287605
0.261655
0.235016
0.2051
0.138235
0.0494551
0.00286959
0.001
0.001
0.00287271
0.0494596
0.138534
0.205955
0.236809
0.264889
0.293195
0.322562
0.35418
0.388679
0.426824
0.468956
0.514543
0.561946
0.608172
0.653928
0.729333
0.889622
1
1
1
1
1
1
1
1
1
1
1
1
1
0.642508
0.306192
0.148204
0.0688277
0.0203441
0.0089332
0.0183915
0.0289876
0.0289876
0.0183915
0.0089332
0.0203441
0.0688277
0.148204
0.306192
0.642508
1
1
1
1
1
1
1
1
1
1
1
1
1
0.889622
0.729333
0.653928
0.608172
0.561946
0.514543
0.468956
0.426824
0.388679
0.35418
0.322562
0.293195
0.264889
0.236809
0.205955
0.138534
0.0494596
0.00287271
0.001
0.001
0.00397061
0.0560725
0.150877
0.219527
0.251762
0.283755
0.3163
0.350787
0.388192
0.428684
0.472077
0.51727
0.561857
0.602897
0.6352
0.667433
0.735607
0.900391
1
1
1
1
1
1
1
1
1
1
1
1
1
0.57258
0.315555
0.198282
0.11071
0.0404741
0.00746711
0.00138301
0.00177713
0.00177713
0.00138301
0.00746711
0.0404741
0.11071
0.198282
0.315555
0.57258
1
1
1
1
1
1
1
1
1
1
1
1
1
0.900391
0.735607
0.667433
0.6352
0.602897
0.561857
0.51727
0.472077
0.428684
0.388192
0.350787
0.3163
0.283755
0.251762
0.219527
0.150877
0.0560725
0.00397061
0.001
0.001
0.00566458
0.0646759
0.165937
0.236444
0.271566
0.309341
0.347549
0.387787
0.430098
0.473512
0.516385
0.556133
0.589202
0.613056
0.622998
0.64166
0.715817
0.899934
1
1
1
1
1
1
1
1
1
1
1
1
0.921843
0.526487
0.330511
0.242737
0.155836
0.069822
0.0164476
0.001
0.001
0.001
0.001
0.0164476
0.069822
0.155836
0.242737
0.330511
0.526487
0.921843
1
1
1
1
1
1
1
1
1
1
1
1
0.899934
0.715817
0.64166
0.622998
0.613056
0.589202
0.556133
0.516385
0.473512
0.430098
0.387787
0.347549
0.309341
0.271566
0.236444
0.165937
0.0646759
0.00566458
0.001
0.001
0.00729841
0.0715855
0.1773
0.249971
0.28902
0.332559
0.375699
0.419499
0.46254
0.502529
0.536743
0.562217
0.576219
0.578567
0.569083
0.588829
0.693086
0.912054
1
1
1
1
1
1
1
1
1
1
1
1
0.780608
0.481845
0.341039
0.274071
0.195163
0.10253
0.0298817
0.00205534
0.001
0.001
0.00205534
0.0298817
0.10253
0.195163
0.274071
0.341039
0.481845
0.780608
1
1
1
1
1
1
1
1
1
1
1
1
0.912054
0.693086
0.588829
0.569083
0.578567
0.576219
0.562217
0.536743
0.502529
0.46254
0.419499
0.375699
0.332559
0.28902
0.249971
0.1773
0.0715855
0.00729841
0.001
0.001
0.00827938
0.0752966
0.183482
0.258265
0.300548
0.347352
0.391785
0.433865
0.470966
0.500223
0.519157
0.526142
0.521177
0.507122
0.492135
0.537411
0.694065
0.946452
1
1
1
1
1
1
1
1
1
1
1
1
0.660233
0.434366
0.342092
0.290362
0.223149
0.13127
0.0443119
0.00400624
0.001
0.001
0.00400624
0.0443119
0.13127
0.223149
0.290362
0.342092
0.434366
0.660233
1
1
1
1
1
1
1
1
1
1
1
1
0.946452
0.694065
0.537411
0.492135
0.507122
0.521177
0.526142
0.519157
0.500223
0.470966
0.433865
0.391785
0.347352
0.300548
0.258265
0.183482
0.0752966
0.00827938
0.001
0.001
0.00838799
0.0758727
0.185323
0.261841
0.305096
0.350815
0.391076
0.425152
0.450317
0.464497
0.466898
0.45836
0.441973
0.422808
0.421491
0.515714
0.737468
1
1
1
1
1
1
1
1
1
1
1
1
0.918365
0.572454
0.394171
0.335193
0.294368
0.238542
0.151089
0.0562728
0.00640378
0.001
0.001
0.00640378
0.0562728
0.151089
0.238542
0.294368
0.335193
0.394171
0.572454
0.918365
1
1
1
1
1
1
1
1
1
1
1
1
0.737468
0.515714
0.421491
0.422808
0.441973
0.45836
0.466898
0.464497
0.450317
0.425152
0.391076
0.350815
0.305096
0.261841
0.185323
0.0758727
0.00838799
0.001
0.001
0.00777497
0.0738911
0.183445
0.260754
0.302025
0.341996
0.37323
0.3952
0.406409
0.406633
0.397302
0.381484
0.363954
0.351276
0.38266
0.539228
0.822763
1
1
1
1
1
1
1
1
1
1
1
1
0.798453
0.50388
0.362327
0.322766
0.289908
0.243193
0.161335
0.0641428
0.00863067
0.001
0.001
0.00863067
0.0641428
0.161335
0.243193
0.289908
0.322766
0.362327
0.50388
0.798453
1
1
1
1
1
1
1
1
1
1
1
1
0.822763
0.539228
0.38266
0.351276
0.363954
0.381484
0.397302
0.406633
0.406409
0.3952
0.37323
0.341996
0.302025
0.260754
0.183445
0.0738911
0.00777497
0.001
0.001
0.00675494
0.0699
0.177686
0.254082
0.290703
0.321702
0.341866
0.351792
0.351915
0.343937
0.33088
0.316747
0.305962
0.308813
0.389849
0.611241
0.933359
1
1
1
1
1
1
1
1
1
1
1
1
0.704578
0.44707
0.336014
0.307096
0.280192
0.240246
0.163952
0.0679412
0.0101791
0.001
0.001
0.0101791
0.0679412
0.163952
0.240246
0.280192
0.307096
0.336014
0.44707
0.704578
1
1
1
1
1
1
1
1
1
1
1
1
0.933359
0.611241
0.389849
0.308813
0.305962
0.316747
0.33088
0.343937
0.351915
0.351792
0.341866
0.321702
0.290703
0.254082
0.177686
0.0699
0.00675494
0.001
0.001
0.00563732
0.0644731
0.167998
0.241358
0.271829
0.293218
0.303768
0.305474
0.300457
0.291532
0.282101
0.27561
0.275076
0.302749
0.446068
0.734386
1
1
1
1
1
0.993682
0.907104
0.930937
1
1
1
1
0.981633
0.643261
0.406035
0.314457
0.290609
0.267787
0.232666
0.161362
0.0684634
0.0108953
0.001
0.001
0.0108953
0.0684634
0.161362
0.232666
0.267787
0.290609
0.314457
0.406035
0.643261
0.981633
1
1
1
1
0.930937
0.907104
0.993682
1
1
1
1
1
0.734386
0.446068
0.302749
0.275076
0.27561
0.282101
0.291532
0.300457
0.305474
0.303768
0.293218
0.271829
0.241358
0.167998
0.0644731
0.00563732
0.001
0.001
0.00465127
0.0584748
0.155639
0.224295
0.248786
0.262589
0.267547
0.266594
0.262643
0.258518
0.256922
0.259659
0.270349
0.337249
0.545982
0.888786
1
1
1
1
1
0.874316
0.773068
0.828383
1
1
1
1
0.934141
0.605858
0.379528
0.297404
0.275307
0.254835
0.222886
0.155747
0.0668014
0.0109343
0.001
0.001
0.0109343
0.0668014
0.155747
0.222886
0.254835
0.275307
0.297404
0.379528
0.605858
0.934141
1
1
1
1
0.828383
0.773068
0.874316
1
1
1
1
1
0.888786
0.545982
0.337249
0.270349
0.259659
0.256922
0.258518
0.262643
0.266594
0.267547
0.262589
0.248786
0.224295
0.155639
0.0584748
0.00465127
0.001
0.001
0.00392937
0.0530963
0.143479
0.207194
0.227488
0.237463
0.241628
0.243021
0.244336
0.247579
0.254242
0.264281
0.290449
0.414631
0.695133
1
1
1
1
1
0.937591
0.718586
0.637359
0.750627
0.987048
1
1
1
0.909483
0.585923
0.364759
0.285041
0.262731
0.243172
0.212949
0.149022
0.0641022
0.0105933
0.001
0.001
0.0105933
0.0641022
0.149022
0.212949
0.243172
0.262731
0.285041
0.364759
0.585923
0.909483
1
1
1
0.987048
0.750627
0.637359
0.718586
0.937591
1
1
1
1
1
0.695133
0.414631
0.290449
0.264281
0.254242
0.247579
0.244336
0.243021
0.241628
0.237463
0.227488
0.207194
0.143479
0.0530963
0.00392937
0.001
0.001
0.00352086
0.0495055
0.134913
0.195286
0.214148
0.224288
0.231391
0.237866
0.24559
0.25562
0.268144
0.283202
0.339179
0.530519
0.877277
1
1
1
1
1
0.759673
0.541832
0.510306
0.683478
0.959642
1
1
1
0.904679
0.582369
0.360483
0.277885
0.253954
0.234243
0.204555
0.142833
0.0613959
0.0101725
0.001
0.001
0.0101725
0.0613959
0.142833
0.204555
0.234243
0.253954
0.277885
0.360483
0.582369
0.904679
1
1
1
0.959642
0.683478
0.510306
0.541832
0.759673
1
1
1
1
1
0.877277
0.530519
0.339179
0.283202
0.268144
0.25562
0.24559
0.237866
0.231391
0.224288
0.214148
0.195286
0.134913
0.0495055
0.00352086
0.001
0.001
0.00341533
0.04833
0.132047
0.191804
0.21191
0.225007
0.236616
0.248313
0.26124
0.275838
0.290838
0.31441
0.42305
0.692716
1
1
1
1
1
0.852051
0.552067
0.382431
0.41081
0.619841
0.915567
1
1
1
0.913901
0.592906
0.36595
0.276093
0.249326
0.228809
0.198819
0.138352
0.0594446
0.00990212
0.001
0.001
0.00990212
0.0594446
0.138352
0.198819
0.228809
0.249326
0.276093
0.36595
0.592906
0.913901
1
1
1
0.915567
0.619841
0.41081
0.382431
0.552067
0.852051
1
1
1
1
1
0.692716
0.42305
0.31441
0.290838
0.275838
0.26124
0.248313
0.236616
0.225007
0.21191
0.191804
0.132047
0.04833
0.00341533
0.001
0.001
0.0035629
0.049373
0.134566
0.196105
0.219048
0.23615
0.252012
0.26767
0.283984
0.300681
0.316216
0.364482
0.542423
0.886884
1
1
1
1
0.959237
0.615042
0.363309
0.268057
0.340206
0.557432
0.852918
1
1
1
0.931039
0.614868
0.380526
0.279462
0.248428
0.226769
0.196063
0.136117
0.0586575
0.00992021
0.001
0.001
0.00992021
0.0586575
0.136117
0.196063
0.226769
0.248428
0.279462
0.380526
0.614868
0.931039
1
1
1
0.852918
0.557432
0.340206
0.268057
0.363309
0.615042
0.959237
1
1
1
1
0.886884
0.542423
0.364482
0.316216
0.300681
0.283984
0.26767
0.252012
0.23615
0.219048
0.196105
0.134566
0.049373
0.0035629
0.001
0.001
0.00388866
0.0518064
0.140266
0.20465
0.230718
0.251599
0.270736
0.289029
0.307297
0.323738
0.344656
0.444086
0.70644
1
1
1
1
1
0.695245
0.391401
0.229054
0.203681
0.291985
0.496515
0.777636
1
1
1
0.95174
0.646287
0.403993
0.287907
0.250435
0.227314
0.195848
0.136017
0.0590963
0.0102825
0.001
0.001
0.0102825
0.0590963
0.136017
0.195848
0.227314
0.250435
0.287907
0.403993
0.646287
0.95174
1
1
1
0.777636
0.496515
0.291985
0.203681
0.229054
0.391401
0.695245
1
1
1
1
1
0.70644
0.444086
0.344656
0.323738
0.307297
0.289029
0.270736
0.251599
0.230718
0.20465
0.140266
0.0518064
0.00388866
0.001
0.001
0.00430529
0.0546411
0.14657
0.213568
0.242183
0.266022
0.287429
0.307467
0.326346
0.341714
0.386861
0.558948
0.900698
1
1
1
1
0.78884
0.444815
0.235929
0.16
0.17503
0.263114
0.44377
0.701808
0.979633
1
1
0.972974
0.685853
0.436669
0.301929
0.254644
0.229344
0.19728
0.137512
0.0605788
0.0109861
0.001
0.001
0.0109861
0.0605788
0.137512
0.19728
0.229344
0.254644
0.301929
0.436669
0.685853
0.972974
1
1
0.979633
0.701808
0.44377
0.263114
0.17503
0.16
0.235929
0.444815
0.78884
1
1
1
1
0.900698
0.558948
0.386861
0.341714
0.326346
0.307467
0.287429
0.266022
0.242183
0.213568
0.14657
0.0546411
0.00430529
0.001
0.001
0.00472794
0.0571036
0.151649
0.220362
0.250617
0.276396
0.299248
0.320323
0.338095
0.359161
0.45809
0.719102
1
1
1
1
0.88243
0.515237
0.266902
0.155026
0.134626
0.166937
0.251266
0.405587
0.63302
0.890659
1
1
0.991513
0.733064
0.479496
0.322983
0.261066
0.231953
0.199403
0.139915
0.0628092
0.0119939
0.001
0.001
0.0119939
0.0628092
0.139915
0.199403
0.231953
0.261066
0.322983
0.479496
0.733064
0.991513
1
1
0.890659
0.63302
0.405587
0.251266
0.166937
0.134626
0.155026
0.266902
0.515237
0.88243
1
1
1
1
0.719102
0.45809
0.359161
0.338095
0.320323
0.299248
0.276396
0.250617
0.220362
0.151649
0.0571036
0.00472794
0.001
0.001
0.00509138
0.0587737
0.154688
0.224129
0.255157
0.281916
0.305588
0.326508
0.34345
0.392374
0.568922
0.907705
1
1
1
0.961109
0.588191
0.312232
0.172414
0.125637
0.128506
0.170953
0.253008
0.384935
0.576591
0.805009
1
1
1
0.784945
0.532856
0.353174
0.270754
0.23481
0.201503
0.142643
0.0655084
0.0132605
0.001
0.001
0.0132605
0.0655084
0.142643
0.201503
0.23481
0.270754
0.353174
0.532856
0.784945
1
1
1
0.805009
0.576591
0.384935
0.253008
0.170953
0.128506
0.125637
0.172414
0.312232
0.588191
0.961109
1
1
1
0.907705
0.568922
0.392374
0.34345
0.326508
0.305588
0.281916
0.255157
0.224129
0.154688
0.0587737
0.00509138
0.001
0.001
0.00536523
0.0595514
0.15563
0.225025
0.256215
0.283289
0.307107
0.326464
0.352709
0.461947
0.728976
1
1
1
1
0.65899
0.367756
0.20622
0.137882
0.116023
0.131242
0.182461
0.264158
0.379653
0.537465
0.731622
0.920567
1
1
0.832251
0.593509
0.393987
0.285836
0.238442
0.203276
0.145341
0.0684909
0.0147537
0.001
0.001
0.0147537
0.0684909
0.145341
0.203276
0.238442
0.285836
0.393987
0.593509
0.832251
1
1
0.920567
0.731622
0.537465
0.379653
0.264158
0.182461
0.131242
0.116023
0.137882
0.20622
0.367756
0.65899
1
1
1
1
0.728976
0.461947
0.352709
0.326464
0.307107
0.283289
0.256215
0.225025
0.15563
0.0595514
0.00536523
0.001
0.001
0.00556334
0.0595692
0.154839
0.22369
0.254811
0.281871
0.304714
0.325572
0.388354
0.580554
0.912807
1
1
1
0.725418
0.42982
0.253114
0.167553
0.125503
0.113407
0.139485
0.198248
0.280518
0.384329
0.513551
0.669855
0.835378
0.959739
0.978808
0.863068
0.653934
0.444798
0.309041
0.244388
0.204947
0.147917
0.0717023
0.0164739
0.001
0.001
0.0164739
0.0717023
0.147917
0.204947
0.244388
0.309041
0.444798
0.653934
0.863068
0.978808
0.959739
0.835378
0.669855
0.513551
0.384329
0.280518
0.198248
0.139485
0.113407
0.125503
0.167553
0.253114
0.42982
0.725418
1
1
1
0.912807
0.580554
0.388354
0.325572
0.304714
0.281871
0.254811
0.22369
0.154839
0.0595692
0.00556334
0.001
0.001
0.00574885
0.0591332
0.15289
0.220928
0.252106
0.278705
0.300992
0.340291
0.475015
0.746817
1
1
1
0.781997
0.495104
0.310199
0.211967
0.15488
0.11883
0.115463
0.151415
0.216131
0.298859
0.393966
0.500102
0.620212
0.752968
0.873133
0.927621
0.869591
0.705059
0.502143
0.342679
0.255209
0.207398
0.150549
0.0752179
0.018467
0.001
0.001
0.018467
0.0752179
0.150549
0.207398
0.255209
0.342679
0.502143
0.705059
0.869591
0.927621
0.873133
0.752968
0.620212
0.500102
0.393966
0.298859
0.216131
0.151415
0.115463
0.11883
0.15488
0.211967
0.310199
0.495104
0.781997
1
1
1
0.746817
0.475015
0.340291
0.300992
0.278705
0.252106
0.220928
0.15289
0.0591332
0.00574885
0.001
0.001
0.00604401
0.058719
0.150547
0.217635
0.248949
0.274936
0.306224
0.396934
0.617332
0.910863
1
1
0.821871
0.555364
0.372709
0.26814
0.20091
0.147526
0.115713
0.121452
0.165676
0.234641
0.316931
0.404651
0.492446
0.581396
0.678694
0.780996
0.854685
0.848426
0.738302
0.559588
0.387068
0.274068
0.212333
0.153719
0.0792301
0.0208336
0.001
0.001
0.0208336
0.0792301
0.153719
0.212333
0.274068
0.387068
0.559588
0.738302
0.848426
0.854685
0.780996
0.678694
0.581396
0.492446
0.404651
0.316931
0.234641
0.165676
0.121452
0.115713
0.147526
0.20091
0.26814
0.372709
0.555364
0.821871
1
1
0.910863
0.617332
0.396934
0.306224
0.274936
0.248949
0.217635
0.150547
0.058719
0.00604401
0.001
0.001
0.00666407
0.0590345
0.148842
0.214719
0.246012
0.276589
0.34216
0.510291
0.775337
0.993107
1
0.838559
0.605705
0.433155
0.330313
0.259027
0.195436
0.142933
0.116305
0.13052
0.181203
0.252688
0.333168
0.413539
0.48631
0.550316
0.615004
0.691285
0.767371
0.800075
0.746618
0.608356
0.4391
0.303649
0.222362
0.15838
0.0840611
0.0237403
0.00124489
0.00124489
0.0237403
0.0840611
0.15838
0.222362
0.303649
0.4391
0.608356
0.746618
0.800075
0.767371
0.691285
0.615004
0.550316
0.48631
0.413539
0.333168
0.252688
0.181203
0.13052
0.116305
0.142933
0.195436
0.259027
0.330313
0.433155
0.605705
0.838559
1
0.993107
0.775337
0.510291
0.34216
0.276589
0.246012
0.214719
0.148842
0.0590345
0.00666407
0.001
0.001
0.0080074
0.0611623
0.149104
0.213124
0.247006
0.300035
0.427665
0.652718
0.874981
0.947133
0.833846
0.638922
0.48209
0.388461
0.321311
0.255695
0.192298
0.141645
0.120347
0.141794
0.197087
0.269345
0.346404
0.41871
0.478361
0.523081
0.561371
0.60997
0.674757
0.729314
0.726163
0.63889
0.491711
0.344329
0.240658
0.166204
0.0902465
0.0274355
0.00179858
0.00179858
0.0274355
0.0902465
0.166204
0.240658
0.344329
0.491711
0.63889
0.726163
0.729314
0.674757
0.60997
0.561371
0.523081
0.478361
0.41871
0.346404
0.269345
0.197087
0.141794
0.120347
0.141645
0.192298
0.255695
0.321311
0.388461
0.48209
0.638922
0.833846
0.947133
0.874981
0.652718
0.427665
0.300035
0.247006
0.213124
0.149104
0.0611623
0.0080074
0.001
0.001
0.0108204
0.066744
0.152946
0.215611
0.263835
0.363934
0.548555
0.757966
0.862917
0.801907
0.645354
0.50859
0.429466
0.375262
0.317602
0.253993
0.191956
0.143569
0.127317
0.154422
0.212461
0.283704
0.355659
0.418931
0.466454
0.496261
0.515265
0.539945
0.585741
0.644699
0.677858
0.643269
0.534785
0.392353
0.269734
0.179761
0.0987627
0.0322867
0.00270204
0.00270204
0.0322867
0.0987627
0.179761
0.269734
0.392353
0.534785
0.643269
0.677858
0.644699
0.585741
0.539945
0.515265
0.496261
0.466454
0.418931
0.355659
0.283704
0.212461
0.154422
0.127317
0.143569
0.191956
0.253993
0.317602
0.375262
0.429466
0.50859
0.645354
0.801907
0.862917
0.757966
0.548555
0.363934
0.263835
0.215611
0.152946
0.066744
0.0108204
0.001
0.001
0.016288
0.0778511
0.162839
0.23042
0.312445
0.463315
0.650614
0.770322
0.749701
0.628192
0.509334
0.443691
0.406984
0.366538
0.314035
0.253791
0.193884
0.148184
0.136493
0.167532
0.226412
0.294791
0.36002
0.413397
0.44947
0.467562
0.473578
0.480975
0.506837
0.5567
0.607879
0.617734
0.557394
0.43911
0.309195
0.202073
0.111343
0.0388974
0.00426648
0.00426648
0.0388974
0.111343
0.202073
0.309195
0.43911
0.557394
0.617734
0.607879
0.5567
0.506837
0.480975
0.473578
0.467562
0.44947
0.413397
0.36002
0.294791
0.226412
0.167532
0.136493
0.148184
0.193884
0.253791
0.314035
0.366538
0.406984
0.443691
0.509334
0.628192
0.749701
0.770322
0.650614
0.463315
0.312445
0.23042
0.162839
0.0778511
0.016288
0.001
0.001
0.0255537
0.0962528
0.183755
0.269209
0.392546
0.555832
0.678365
0.68691
0.595342
0.490098
0.431549
0.408906
0.388805
0.355999
0.309689
0.253868
0.197071
0.154716
0.146986
0.180176
0.237922
0.301573
0.358648
0.401632
0.427086
0.435992
0.433887
0.430885
0.440934
0.475103
0.526809
0.564867
0.551396
0.472638
0.353551
0.234884
0.130588
0.0485249
0.00712947
0.00712947
0.0485249
0.130588
0.234884
0.353551
0.472638
0.551396
0.564867
0.526809
0.475103
0.440934
0.430885
0.433887
0.435992
0.427086
0.401632
0.358648
0.301573
0.237922
0.180176
0.146986
0.154716
0.197071
0.253868
0.309689
0.355999
0.388805
0.408906
0.431549
0.490098
0.595342
0.68691
0.678365
0.555832
0.392546
0.269209
0.183755
0.0962528
0.0255537
0.001
0.00323433
0.039065
0.122976
0.221457
0.332155
0.471697
0.590009
0.619022
0.554099
0.461081
0.403241
0.38546
0.380045
0.367699
0.342276
0.30289
0.252636
0.200323
0.162128
0.157697
0.191198
0.24573
0.302814
0.350611
0.383201
0.399254
0.401275
0.394627
0.38673
0.387073
0.405871
0.446366
0.493445
0.514577
0.480765
0.391146
0.275168
0.158965
0.0637266
0.0125131
0.0125131
0.0637266
0.158965
0.275168
0.391146
0.480765
0.514577
0.493445
0.446366
0.405871
0.387073
0.38673
0.394627
0.401275
0.399254
0.383201
0.350611
0.302814
0.24573
0.191198
0.157697
0.162128
0.200323
0.252636
0.30289
0.342276
0.367699
0.380045
0.38546
0.403241
0.461081
0.554099
0.619022
0.590009
0.471697
0.332155
0.221457
0.122976
0.039065
0.00323433
0.00931756
0.0582381
0.159254
0.274253
0.395016
0.504813
0.547456
0.507145
0.428716
0.370494
0.349654
0.348706
0.349261
0.342545
0.324118
0.292091
0.248702
0.202399
0.169221
0.167399
0.199371
0.248626
0.297533
0.335441
0.358281
0.366638
0.364064
0.355543
0.346443
0.342516
0.350497
0.376203
0.416959
0.453943
0.457711
0.408458
0.313822
0.19647
0.0878574
0.0225072
0.0225072
0.0878574
0.19647
0.313822
0.408458
0.457711
0.453943
0.416959
0.376203
0.350497
0.342516
0.346443
0.355543
0.364064
0.366638
0.358281
0.335441
0.297533
0.248626
0.199371
0.167399
0.169221
0.202399
0.248702
0.292091
0.324118
0.342545
0.349261
0.348706
0.349654
0.370494
0.428716
0.507145
0.547456
0.504813
0.395016
0.274253
0.159254
0.0582381
0.00931756
0.0198861
0.0839745
0.201801
0.323075
0.422249
0.474118
0.455068
0.394338
0.339246
0.313209
0.308897
0.312245
0.314985
0.312154
0.299674
0.275143
0.239818
0.201169
0.173965
0.174005
0.202433
0.244254
0.283646
0.311699
0.326178
0.329051
0.324213
0.315879
0.307761
0.303107
0.305474
0.319163
0.346669
0.381891
0.405641
0.393316
0.333482
0.232905
0.119402
0.0394584
0.0394584
0.119402
0.232905
0.333482
0.393316
0.405641
0.381891
0.346669
0.319163
0.305474
0.303107
0.307761
0.315879
0.324213
0.329051
0.326178
0.311699
0.283646
0.244254
0.202433
0.174005
0.173965
0.201169
0.239818
0.275143
0.299674
0.312154
0.314985
0.312245
0.308897
0.313209
0.339246
0.394338
0.455068
0.474118
0.422249
0.323075
0.201801
0.0839745
0.0198861
0.027503
0.107043
0.236557
0.340668
0.392984
0.394594
0.353334
0.306995
0.278887
0.269542
0.269979
0.273764
0.277105
0.276617
0.268929
0.251572
0.225023
0.195372
0.174942
0.176109
0.199159
0.23179
0.261033
0.280073
0.28813
0.287786
0.282578
0.275666
0.269414
0.26557
0.265778
0.272216
0.287465
0.311726
0.337502
0.347707
0.324113
0.25407
0.148435
0.059384
0.059384
0.148435
0.25407
0.324113
0.347707
0.337502
0.311726
0.287465
0.272216
0.265778
0.26557
0.269414
0.275666
0.282578
0.287786
0.28813
0.280073
0.261033
0.23179
0.199159
0.176109
0.174942
0.195372
0.225023
0.251572
0.268929
0.276617
0.277105
0.273764
0.269979
0.269542
0.278887
0.306995
0.353334
0.394594
0.392984
0.340668
0.236557
0.107043
0.027503
0.0214357
0.100505
0.234678
0.320727
0.334049
0.310955
0.275393
0.248818
0.235625
0.231393
0.231618
0.233492
0.234732
0.233
0.22595
0.211949
0.191713
0.17011
0.156079
0.157851
0.175252
0.199631
0.221568
0.235946
0.242235
0.24249
0.239375
0.235131
0.231353
0.229162
0.229469
0.233286
0.241959
0.256622
0.27549
0.289509
0.281007
0.228657
0.136973
0.0570014
0.0570014
0.136973
0.228657
0.281007
0.289509
0.27549
0.256622
0.241959
0.233286
0.229469
0.229162
0.231353
0.235131
0.239375
0.24249
0.242235
0.235946
0.221568
0.199631
0.175252
0.157851
0.156079
0.17011
0.191713
0.211949
0.22595
0.233
0.234732
0.233492
0.231618
0.231393
0.235625
0.248818
0.275393
0.310955
0.334049
0.320727
0.234678
0.100505
0.0214357
0.00789558
0.0563051
0.155123
0.229164
0.238548
0.219148
0.195878
0.17874
0.168392
0.162715
0.159745
0.157765
0.155191
0.150563
0.142708
0.131225
0.117251
0.103995
0.0961904
0.0976969
0.108271
0.123566
0.138416
0.149471
0.155828
0.158282
0.158248
0.157086
0.15588
0.155465
0.156503
0.159545
0.16507
0.17329
0.182936
0.188338
0.17652
0.134193
0.0733244
0.0284511
0.0284511
0.0733244
0.134193
0.17652
0.188338
0.182936
0.17329
0.16507
0.159545
0.156503
0.155465
0.15588
0.157086
0.158248
0.158282
0.155828
0.149471
0.138416
0.123566
0.108271
0.0976969
0.0961904
0.103995
0.117251
0.131225
0.142708
0.150563
0.155191
0.157765
0.159745
0.162715
0.168392
0.17874
0.195878
0.219148
0.238548
0.229164
0.155123
0.0563051
0.00789558
0.00114384
0.0136774
0.0490914
0.0886604
0.106406
0.103505
0.0925221
0.0811881
0.0723962
0.0662762
0.0620045
0.0586193
0.0553145
0.0515004
0.0468604
0.0414711
0.0359211
0.031276
0.0287942
0.0293663
0.0328873
0.0382411
0.0439422
0.0487938
0.0522236
0.0542404
0.0551826
0.0554929
0.0556021
0.0558873
0.0566529
0.0581058
0.060294
0.0629289
0.0649135
0.0635768
0.0544562
0.0360888
0.0163846
0.00472826
0.00472826
0.0163846
0.0360888
0.0544562
0.0635768
0.0649135
0.0629289
0.060294
0.0581058
0.0566529
0.0558873
0.0556021
0.0554929
0.0551826
0.0542404
0.0522236
0.0487938
0.0439422
0.0382411
0.0328873
0.0293663
0.0287942
0.031276
0.0359211
0.0414711
0.0468604
0.0515004
0.0553145
0.0586193
0.0620045
0.0662762
0.0723962
0.0811881
0.0925221
0.103505
0.106406
0.0886604
0.0490914
0.0136774
0.00114384
0.001
0.001
0.00286237
0.00846092
0.0152221
0.0183842
0.0168864
0.0134723
0.0102135
0.00772587
0.00591916
0.00457226
0.00352246
0.00268192
0.00201152
0.00149516
0.00112351
0.001
0.001
0.001
0.001
0.00117658
0.00147738
0.00181595
0.00214177
0.00242676
0.00264463
0.00279817
0.00290763
0.00300119
0.00310309
0.00323818
0.00336976
0.00339873
0.00315351
0.00258626
0.0017176
0.00104006
0.001
0.001
0.001
0.001
0.00104006
0.0017176
0.00258626
0.00315351
0.00339873
0.00336976
0.00323818
0.00310309
0.00300119
0.00290763
0.00279817
0.00264463
0.00242676
0.00214177
0.00181595
0.00147738
0.00117658
0.001
0.001
0.001
0.001
0.00112351
0.00149516
0.00201152
0.00268192
0.00352246
0.00457226
0.00591916
0.00772587
0.0102135
0.0134723
0.0168864
0.0183842
0.0152221
0.00846092
0.00286237
0.001
0.001
0.001
0.001
0.001
0.001
0.001
0.001
0.001
0.001
0.001
0.001
0.001
0.001
0.001
0.001
0.001
0.001
0.001
0.001
0.001
0.001
0.001
0.001
0.001
0.001
0.001
0.001
0.001
0.001
0.001
0.001
0.001
0.001
0.001
0.001
0.001
0.001
0.001
0.001
0.001
0.001
0.001
0.001
0.001
0.001
0.001
0.001
0.001
0.001
0.001
0.001
0.001
0.001
0.001
0.001
0.001
0.001
0.001
0.001
0.001
0.001
0.001
0.001
0.001
0.001
0.001
0.001
0.001
0.001
0.001
0.001
0.001
0.001
0.001
0.001
0.001
0.001
0.001
0.001
0.001
0.001
0.001
0.001
0.001
0.001
0.001
0.001
0.001
0.001
0.001
0.001
0.001
0.001
0.001
0.001
0.001
0.001
0.001
0.001
0.001
0.001
0.001
0.001
0.001
0.001
0.001
0.001
0.001
0.001
0.001
0.001
0.001
0.001
0.001
0.001
0.001
0.001
0.001
0.001
0.001
0.001
0.001
0.001
0.001
0.001
0.001
0.001
0.001
0.001
0.001
0.001
0.001
0.001
0.001
0.001
0.001
0.001
0.001
0.001
0.001
0.001
0.001
0.001
0.001
0.001
0.001
0.001
0.001
0.001
0.001
0.001
0.001
0.001
0.001
0.001
0.001
0.001
0.001
0.001
0.001
0.001
0.001
0.001
0.00286237
0.00846092
0.0152221
0.0183842
0.0168864
0.0134723
0.0102135
0.00772587
0.00591916
0.00457226
0.00352246
0.00268192
0.00201152
0.00149516
0.00112351
0.001
0.001
0.001
0.001
0.00117658
0.00147738
0.00181595
0.00214177
0.00242676
0.00264463
0.00279817
0.00290763
0.00300119
0.00310309
0.00323818
0.00336976
0.00339873
0.00315351
0.00258626
0.0017176
0.00104006
0.001
0.001
0.001
0.001
0.00104006
0.0017176
0.00258626
0.00315351
0.00339873
0.00336976
0.00323818
0.00310309
0.00300119
0.00290763
0.00279817
0.00264463
0.00242676
0.00214177
0.00181595
0.00147738
0.00117658
0.001
0.001
0.001
0.001
0.00112351
0.00149516
0.00201152
0.00268192
0.00352246
0.00457226
0.00591916
0.00772587
0.0102135
0.0134723
0.0168864
0.0183842
0.0152221
0.00846092
0.00286237
0.001
0.001
0.00114384
0.0136774
0.0490914
0.0886604
0.106406
0.103505
0.0925221
0.0811881
0.0723962
0.0662762
0.0620045
0.0586193
0.0553145
0.0515004
0.0468604
0.0414711
0.0359211
0.031276
0.0287942
0.0293663
0.0328873
0.0382411
0.0439422
0.0487938
0.0522236
0.0542404
0.0551826
0.0554929
0.0556021
0.0558873
0.0566529
0.0581058
0.060294
0.0629289
0.0649135
0.0635768
0.0544562
0.0360888
0.0163846
0.00472826
0.00472826
0.0163846
0.0360888
0.0544562
0.0635768
0.0649135
0.0629289
0.060294
0.0581058
0.0566529
0.0558873
0.0556021
0.0554929
0.0551826
0.0542404
0.0522236
0.0487938
0.0439422
0.0382411
0.0328873
0.0293663
0.0287942
0.031276
0.0359211
0.0414711
0.0468604
0.0515004
0.0553145
0.0586193
0.0620045
0.0662762
0.0723962
0.0811881
0.0925221
0.103505
0.106406
0.0886604
0.0490914
0.0136774
0.00114384
0.00789558
0.0563051
0.155123
0.229164
0.238548
0.219148
0.195878
0.17874
0.168392
0.162715
0.159745
0.157765
0.155191
0.150563
0.142708
0.131225
0.117251
0.103995
0.0961904
0.0976969
0.108271
0.123566
0.138416
0.149471
0.155828
0.158282
0.158248
0.157086
0.15588
0.155465
0.156503
0.159545
0.16507
0.17329
0.182936
0.188338
0.17652
0.134193
0.0733244
0.0284511
0.0284511
0.0733244
0.134193
0.17652
0.188338
0.182936
0.17329
0.16507
0.159545
0.156503
0.155465
0.15588
0.157086
0.158248
0.158282
0.155828
0.149471
0.138416
0.123566
0.108271
0.0976969
0.0961904
0.103995
0.117251
0.131225
0.142708
0.150563
0.155191
0.157765
0.159745
0.162715
0.168392
0.17874
0.195878
0.219148
0.238548
0.229164
0.155123
0.0563051
0.00789558
0.0214357
0.100505
0.234678
0.320727
0.334049
0.310955
0.275393
0.248818
0.235625
0.231393
0.231618
0.233492
0.234732
0.233
0.22595
0.211949
0.191713
0.17011
0.156079
0.157851
0.175252
0.199631
0.221568
0.235946
0.242235
0.24249
0.239375
0.235131
0.231353
0.229162
0.229469
0.233286
0.241959
0.256622
0.27549
0.289509
0.281007
0.228657
0.136973
0.0570014
0.0570014
0.136973
0.228657
0.281007
0.289509
0.27549
0.256622
0.241959
0.233286
0.229469
0.229162
0.231353
0.235131
0.239375
0.24249
0.242235
0.235946
0.221568
0.199631
0.175252
0.157851
0.156079
0.17011
0.191713
0.211949
0.22595
0.233
0.234732
0.233492
0.231618
0.231393
0.235625
0.248818
0.275393
0.310955
0.334049
0.320727
0.234678
0.100505
0.0214357
0.027503
0.107043
0.236557
0.340668
0.392984
0.394594
0.353334
0.306995
0.278887
0.269542
0.269979
0.273764
0.277105
0.276617
0.268929
0.251572
0.225023
0.195372
0.174942
0.176109
0.199159
0.23179
0.261033
0.280073
0.28813
0.287786
0.282578
0.275666
0.269414
0.26557
0.265778
0.272216
0.287465
0.311726
0.337502
0.347707
0.324113
0.25407
0.148435
0.059384
0.059384
0.148435
0.25407
0.324113
0.347707
0.337502
0.311726
0.287465
0.272216
0.265778
0.26557
0.269414
0.275666
0.282578
0.287786
0.28813
0.280073
0.261033
0.23179
0.199159
0.176109
0.174942
0.195372
0.225023
0.251572
0.268929
0.276617
0.277105
0.273764
0.269979
0.269542
0.278887
0.306995
0.353334
0.394594
0.392984
0.340668
0.236557
0.107043
0.027503
0.0198861
0.0839745
0.201801
0.323075
0.422249
0.474118
0.455068
0.394338
0.339246
0.313209
0.308897
0.312245
0.314985
0.312154
0.299674
0.275143
0.239818
0.201169
0.173965
0.174005
0.202433
0.244254
0.283646
0.311699
0.326178
0.329051
0.324213
0.315879
0.307761
0.303107
0.305474
0.319163
0.346669
0.381891
0.405641
0.393316
0.333482
0.232905
0.119402
0.0394584
0.0394584
0.119402
0.232905
0.333482
0.393316
0.405641
0.381891
0.346669
0.319163
0.305474
0.303107
0.307761
0.315879
0.324213
0.329051
0.326178
0.311699
0.283646
0.244254
0.202433
0.174005
0.173965
0.201169
0.239818
0.275143
0.299674
0.312154
0.314985
0.312245
0.308897
0.313209
0.339246
0.394338
0.455068
0.474118
0.422249
0.323075
0.201801
0.0839745
0.0198861
0.00931756
0.0582381
0.159254
0.274253
0.395016
0.504813
0.547456
0.507145
0.428716
0.370494
0.349654
0.348706
0.349261
0.342545
0.324118
0.292091
0.248702
0.202399
0.169221
0.167399
0.199371
0.248626
0.297533
0.335441
0.358281
0.366638
0.364064
0.355543
0.346443
0.342516
0.350497
0.376203
0.416959
0.453943
0.457711
0.408458
0.313822
0.19647
0.0878574
0.0225072
0.0225072
0.0878574
0.19647
0.313822
0.408458
0.457711
0.453943
0.416959
0.376203
0.350497
0.342516
0.346443
0.355543
0.364064
0.366638
0.358281
0.335441
0.297533
0.248626
0.199371
0.167399
0.169221
0.202399
0.248702
0.292091
0.324118
0.342545
0.349261
0.348706
0.349654
0.370494
0.428716
0.507145
0.547456
0.504813
0.395016
0.274253
0.159254
0.0582381
0.00931756
0.00323433
0.039065
0.122976
0.221457
0.332155
0.471697
0.590009
0.619022
0.554099
0.461081
0.403241
0.38546
0.380045
0.367699
0.342276
0.30289
0.252636
0.200323
0.162128
0.157697
0.191198
0.24573
0.302814
0.350611
0.383201
0.399254
0.401275
0.394627
0.38673
0.387073
0.405871
0.446366
0.493445
0.514577
0.480765
0.391146
0.275168
0.158965
0.0637266
0.0125131
0.0125131
0.0637266
0.158965
0.275168
0.391146
0.480765
0.514577
0.493445
0.446366
0.405871
0.387073
0.38673
0.394627
0.401275
0.399254
0.383201
0.350611
0.302814
0.24573
0.191198
0.157697
0.162128
0.200323
0.252636
0.30289
0.342276
0.367699
0.380045
0.38546
0.403241
0.461081
0.554099
0.619022
0.590009
0.471697
0.332155
0.221457
0.122976
0.039065
0.00323433
0.001
0.0255537
0.0962528
0.183755
0.269209
0.392546
0.555832
0.678365
0.68691
0.595342
0.490098
0.431549
0.408906
0.388805
0.355999
0.309689
0.253868
0.197071
0.154716
0.146986
0.180176
0.237922
0.301573
0.358648
0.401632
0.427086
0.435992
0.433887
0.430885
0.440934
0.475103
0.526809
0.564867
0.551396
0.472638
0.353551
0.234884
0.130588
0.0485249
0.00712947
0.00712947
0.0485249
0.130588
0.234884
0.353551
0.472638
0.551396
0.564867
0.526809
0.475103
0.440934
0.430885
0.433887
0.435992
0.427086
0.401632
0.358648
0.301573
0.237922
0.180176
0.146986
0.154716
0.197071
0.253868
0.309689
0.355999
0.388805
0.408906
0.431549
0.490098
0.595342
0.68691
0.678365
0.555832
0.392546
0.269209
0.183755
0.0962528
0.0255537
0.001
0.001
0.016288
0.0778511
0.162839
0.23042
0.312445
0.463315
0.650614
0.770322
0.749701
0.628192
0.509334
0.443691
0.406984
0.366538
0.314035
0.253791
0.193884
0.148184
0.136493
0.167532
0.226412
0.294791
0.36002
0.413397
0.44947
0.467562
0.473578
0.480975
0.506837
0.5567
0.607879
0.617734
0.557394
0.43911
0.309195
0.202073
0.111343
0.0388974
0.00426648
0.00426648
0.0388974
0.111343
0.202073
0.309195
0.43911
0.557394
0.617734
0.607879
0.5567
0.506837
0.480975
0.473578
0.467562
0.44947
0.413397
0.36002
0.294791
0.226412
0.167532
0.136493
0.148184
0.193884
0.253791
0.314035
0.366538
0.406984
0.443691
0.509334
0.628192
0.749701
0.770322
0.650614
0.463315
0.312445
0.23042
0.162839
0.0778511
0.016288
0.001
0.001
0.0108204
0.066744
0.152946
0.215611
0.263835
0.363934
0.548555
0.757966
0.862917
0.801907
0.645354
0.50859
0.429466
0.375262
0.317602
0.253993
0.191956
0.143569
0.127317
0.154422
0.212461
0.283704
0.355659
0.418931
0.466454
0.496261
0.515265
0.539945
0.585741
0.644699
0.677858
0.643269
0.534785
0.392353
0.269734
0.179761
0.0987627
0.0322867
0.00270204
0.00270204
0.0322867
0.0987627
0.179761
0.269734
0.392353
0.534785
0.643269
0.677858
0.644699
0.585741
0.539945
0.515265
0.496261
0.466454
0.418931
0.355659
0.283704
0.212461
0.154422
0.127317
0.143569
0.191956
0.253993
0.317602
0.375262
0.429466
0.50859
0.645354
0.801907
0.862917
0.757966
0.548555
0.363934
0.263835
0.215611
0.152946
0.066744
0.0108204
0.001
0.001
0.0080074
0.0611623
0.149104
0.213124
0.247006
0.300035
0.427665
0.652718
0.874981
0.947133
0.833846
0.638922
0.48209
0.388461
0.321311
0.255695
0.192298
0.141645
0.120347
0.141794
0.197087
0.269345
0.346404
0.41871
0.478361
0.523081
0.561371
0.60997
0.674757
0.729314
0.726163
0.63889
0.491711
0.344329
0.240658
0.166204
0.0902465
0.0274355
0.00179858
0.00179858
0.0274355
0.0902465
0.166204
0.240658
0.344329
0.491711
0.63889
0.726163
0.729314
0.674757
0.60997
0.561371
0.523081
0.478361
0.41871
0.346404
0.269345
0.197087
0.141794
0.120347
0.141645
0.192298
0.255695
0.321311
0.388461
0.48209
0.638922
0.833846
0.947133
0.874981
0.652718
0.427665
0.300035
0.247006
0.213124
0.149104
0.0611623
0.0080074
0.001
0.001
0.00666407
0.0590345
0.148842
0.214719
0.246012
0.276589
0.34216
0.510291
0.775337
0.993107
1
0.838559
0.605705
0.433155
0.330313
0.259027
0.195436
0.142933
0.116305
0.13052
0.181203
0.252688
0.333168
0.413539
0.48631
0.550316
0.615004
0.691285
0.767371
0.800075
0.746618
0.608356
0.4391
0.303649
0.222362
0.15838
0.0840611
0.0237403
0.00124489
0.00124489
0.0237403
0.0840611
0.15838
0.222362
0.303649
0.4391
0.608356
0.746618
0.800075
0.767371
0.691285
0.615004
0.550316
0.48631
0.413539
0.333168
0.252688
0.181203
0.13052
0.116305
0.142933
0.195436
0.259027
0.330313
0.433155
0.605705
0.838559
1
0.993107
0.775337
0.510291
0.34216
0.276589
0.246012
0.214719
0.148842
0.0590345
0.00666407
0.001
0.001
0.00604401
0.058719
0.150547
0.217635
0.248949
0.274936
0.306224
0.396934
0.617332
0.910863
1
1
0.821871
0.555364
0.372709
0.26814
0.20091
0.147526
0.115713
0.121452
0.165676
0.234641
0.316931
0.404651
0.492446
0.581396
0.678694
0.780996
0.854685
0.848426
0.738302
0.559588
0.387068
0.274068
0.212333
0.153719
0.0792301
0.0208336
0.001
0.001
0.0208336
0.0792301
0.153719
0.212333
0.274068
0.387068
0.559588
0.738302
0.848426
0.854685
0.780996
0.678694
0.581396
0.492446
0.404651
0.316931
0.234641
0.165676
0.121452
0.115713
0.147526
0.20091
0.26814
0.372709
0.555364
0.821871
1
1
0.910863
0.617332
0.396934
0.306224
0.274936
0.248949
0.217635
0.150547
0.058719
0.00604401
0.001
0.001
0.00574885
0.0591332
0.15289
0.220928
0.252106
0.278705
0.300992
0.340291
0.475015
0.746817
1
1
1
0.781997
0.495104
0.310199
0.211967
0.15488
0.11883
0.115463
0.151415
0.216131
0.298859
0.393966
0.500102
0.620212
0.752968
0.873133
0.927621
0.869591
0.705059
0.502143
0.342679
0.255209
0.207398
0.150549
0.0752179
0.018467
0.001
0.001
0.018467
0.0752179
0.150549
0.207398
0.255209
0.342679
0.502143
0.705059
0.869591
0.927621
0.873133
0.752968
0.620212
0.500102
0.393966
0.298859
0.216131
0.151415
0.115463
0.11883
0.15488
0.211967
0.310199
0.495104
0.781997
1
1
1
0.746817
0.475015
0.340291
0.300992
0.278705
0.252106
0.220928
0.15289
0.0591332
0.00574885
0.001
0.001
0.00556334
0.0595692
0.154839
0.22369
0.254811
0.281871
0.304714
0.325572
0.388354
0.580554
0.912807
1
1
1
0.725418
0.42982
0.253114
0.167553
0.125503
0.113407
0.139485
0.198248
0.280518
0.384329
0.513551
0.669855
0.835378
0.959739
0.978808
0.863068
0.653934
0.444798
0.309041
0.244388
0.204947
0.147917
0.0717023
0.0164739
0.001
0.001
0.0164739
0.0717023
0.147917
0.204947
0.244388
0.309041
0.444798
0.653934
0.863068
0.978808
0.959739
0.835378
0.669855
0.513551
0.384329
0.280518
0.198248
0.139485
0.113407
0.125503
0.167553
0.253114
0.42982
0.725418
1
1
1
0.912807
0.580554
0.388354
0.325572
0.304714
0.281871
0.254811
0.22369
0.154839
0.0595692
0.00556334
0.001
0.001
0.00536523
0.0595514
0.15563
0.225025
0.256215
0.283289
0.307107
0.326464
0.352709
0.461947
0.728976
1
1
1
1
0.65899
0.367756
0.20622
0.137882
0.116023
0.131242
0.182461
0.264158
0.379653
0.537465
0.731622
0.920567
1
1
0.832251
0.593509
0.393987
0.285836
0.238442
0.203276
0.145341
0.0684909
0.0147537
0.001
0.001
0.0147537
0.0684909
0.145341
0.203276
0.238442
0.285836
0.393987
0.593509
0.832251
1
1
0.920567
0.731622
0.537465
0.379653
0.264158
0.182461
0.131242
0.116023
0.137882
0.20622
0.367756
0.65899
1
1
1
1
0.728976
0.461947
0.352709
0.326464
0.307107
0.283289
0.256215
0.225025
0.15563
0.0595514
0.00536523
0.001
0.001
0.00509138
0.0587737
0.154688
0.224129
0.255157
0.281916
0.305588
0.326508
0.34345
0.392374
0.568922
0.907705
1
1
1
0.961109
0.588191
0.312232
0.172414
0.125637
0.128506
0.170953
0.253008
0.384935
0.576591
0.805009
1
1
1
0.784945
0.532856
0.353174
0.270754
0.23481
0.201503
0.142643
0.0655084
0.0132605
0.001
0.001
0.0132605
0.0655084
0.142643
0.201503
0.23481
0.270754
0.353174
0.532856
0.784945
1
1
1
0.805009
0.576591
0.384935
0.253008
0.170953
0.128506
0.125637
0.172414
0.312232
0.588191
0.961109
1
1
1
0.907705
0.568922
0.392374
0.34345
0.326508
0.305588
0.281916
0.255157
0.224129
0.154688
0.0587737
0.00509138
0.001
0.001
0.00472794
0.0571036
0.151649
0.220362
0.250617
0.276396
0.299248
0.320323
0.338095
0.359161
0.45809
0.719102
1
1
1
1
0.88243
0.515237
0.266902
0.155026
0.134626
0.166937
0.251266
0.405587
0.63302
0.890659
1
1
0.991513
0.733064
0.479496
0.322983
0.261066
0.231953
0.199403
0.139915
0.0628092
0.0119939
0.001
0.001
0.0119939
0.0628092
0.139915
0.199403
0.231953
0.261066
0.322983
0.479496
0.733064
0.991513
1
1
0.890659
0.63302
0.405587
0.251266
0.166937
0.134626
0.155026
0.266902
0.515237
0.88243
1
1
1
1
0.719102
0.45809
0.359161
0.338095
0.320323
0.299248
0.276396
0.250617
0.220362
0.151649
0.0571036
0.00472794
0.001
0.001
0.00430529
0.0546411
0.14657
0.213568
0.242183
0.266022
0.287429
0.307467
0.326346
0.341714
0.386861
0.558948
0.900698
1
1
1
1
0.78884
0.444815
0.235929
0.16
0.17503
0.263114
0.44377
0.701808
0.979633
1
1
0.972974
0.685853
0.436669
0.301929
0.254644
0.229344
0.19728
0.137512
0.0605788
0.0109861
0.001
0.001
0.0109861
0.0605788
0.137512
0.19728
0.229344
0.254644
0.301929
0.436669
0.685853
0.972974
1
1
0.979633
0.701808
0.44377
0.263114
0.17503
0.16
0.235929
0.444815
0.78884
1
1
1
1
0.900698
0.558948
0.386861
0.341714
0.326346
0.307467
0.287429
0.266022
0.242183
0.213568
0.14657
0.0546411
0.00430529
0.001
0.001
0.00388866
0.0518064
0.140266
0.20465
0.230718
0.251599
0.270736
0.289029
0.307297
0.323738
0.344656
0.444086
0.70644
1
1
1
1
1
0.695245
0.391401
0.229054
0.203681
0.291985
0.496515
0.777636
1
1
1
0.95174
0.646287
0.403993
0.287907
0.250435
0.227314
0.195848
0.136017
0.0590963
0.0102825
0.001
0.001
0.0102825
0.0590963
0.136017
0.195848
0.227314
0.250435
0.287907
0.403993
0.646287
0.95174
1
1
1
0.777636
0.496515
0.291985
0.203681
0.229054
0.391401
0.695245
1
1
1
1
1
0.70644
0.444086
0.344656
0.323738
0.307297
0.289029
0.270736
0.251599
0.230718
0.20465
0.140266
0.0518064
0.00388866
0.001
0.001
0.0035629
0.049373
0.134566
0.196105
0.219048
0.23615
0.252012
0.26767
0.283984
0.300681
0.316216
0.364482
0.542423
0.886884
1
1
1
1
0.959237
0.615042
0.363309
0.268057
0.340206
0.557432
0.852918
1
1
1
0.931039
0.614868
0.380526
0.279462
0.248428
0.226769
0.196063
0.136117
0.0586575
0.00992021
0.001
0.001
0.00992021
0.0586575
0.136117
0.196063
0.226769
0.248428
0.279462
0.380526
0.614868
0.931039
1
1
1
0.852918
0.557432
0.340206
0.268057
0.363309
0.615042
0.959237
1
1
1
1
0.886884
0.542423
0.364482
0.316216
0.300681
0.283984
0.26767
0.252012
0.23615
0.219048
0.196105
0.134566
0.049373
0.0035629
0.001
0.001
0.00341533
0.04833
0.132047
0.191804
0.21191
0.225007
0.236616
0.248313
0.26124
0.275838
0.290838
0.31441
0.42305
0.692716
1
1
1
1
1
0.852051
0.552067
0.382431
0.41081
0.619841
0.915567
1
1
1
0.913901
0.592906
0.36595
0.276093
0.249326
0.228809
0.198819
0.138352
0.0594446
0.00990212
0.001
0.001
0.00990212
0.0594446
0.138352
0.198819
0.228809
0.249326
0.276093
0.36595
0.592906
0.913901
1
1
1
0.915567
0.619841
0.41081
0.382431
0.552067
0.852051
1
1
1
1
1
0.692716
0.42305
0.31441
0.290838
0.275838
0.26124
0.248313
0.236616
0.225007
0.21191
0.191804
0.132047
0.04833
0.00341533
0.001
0.001
0.00352086
0.0495055
0.134913
0.195286
0.214148
0.224288
0.231391
0.237866
0.24559
0.25562
0.268144
0.283202
0.339179
0.530519
0.877277
1
1
1
1
1
0.759673
0.541832
0.510306
0.683478
0.959642
1
1
1
0.904679
0.582369
0.360483
0.277885
0.253954
0.234243
0.204555
0.142833
0.0613959
0.0101725
0.001
0.001
0.0101725
0.0613959
0.142833
0.204555
0.234243
0.253954
0.277885
0.360483
0.582369
0.904679
1
1
1
0.959642
0.683478
0.510306
0.541832
0.759673
1
1
1
1
1
0.877277
0.530519
0.339179
0.283202
0.268144
0.25562
0.24559
0.237866
0.231391
0.224288
0.214148
0.195286
0.134913
0.0495055
0.00352086
0.001
0.001
0.00392937
0.0530963
0.143479
0.207194
0.227488
0.237463
0.241628
0.243021
0.244336
0.247579
0.254242
0.264281
0.290449
0.414631
0.695133
1
1
1
1
1
0.937591
0.718586
0.637359
0.750627
0.987048
1
1
1
0.909483
0.585923
0.364759
0.285041
0.262731
0.243172
0.212949
0.149022
0.0641022
0.0105933
0.001
0.001
0.0105933
0.0641022
0.149022
0.212949
0.243172
0.262731
0.285041
0.364759
0.585923
0.909483
1
1
1
0.987048
0.750627
0.637359
0.718586
0.937591
1
1
1
1
1
0.695133
0.414631
0.290449
0.264281
0.254242
0.247579
0.244336
0.243021
0.241628
0.237463
0.227488
0.207194
0.143479
0.0530963
0.00392937
0.001
0.001
0.00465127
0.0584748
0.155639
0.224295
0.248786
0.262589
0.267547
0.266594
0.262643
0.258518
0.256922
0.259659
0.270349
0.337249
0.545982
0.888786
1
1
1
1
1
0.874316
0.773068
0.828383
1
1
1
1
0.934141
0.605858
0.379528
0.297404
0.275307
0.254835
0.222886
0.155747
0.0668014
0.0109343
0.001
0.001
0.0109343
0.0668014
0.155747
0.222886
0.254835
0.275307
0.297404
0.379528
0.605858
0.934141
1
1
1
1
0.828383
0.773068
0.874316
1
1
1
1
1
0.888786
0.545982
0.337249
0.270349
0.259659
0.256922
0.258518
0.262643
0.266594
0.267547
0.262589
0.248786
0.224295
0.155639
0.0584748
0.00465127
0.001
0.001
0.00563732
0.0644731
0.167998
0.241358
0.271829
0.293218
0.303768
0.305474
0.300457
0.291532
0.282101
0.27561
0.275076
0.302749
0.446068
0.734386
1
1
1
1
1
0.993682
0.907104
0.930937
1
1
1
1
0.981633
0.643261
0.406035
0.314457
0.290609
0.267787
0.232666
0.161362
0.0684634
0.0108953
0.001
0.001
0.0108953
0.0684634
0.161362
0.232666
0.267787
0.290609
0.314457
0.406035
0.643261
0.981633
1
1
1
1
0.930937
0.907104
0.993682
1
1
1
1
1
0.734386
0.446068
0.302749
0.275076
0.27561
0.282101
0.291532
0.300457
0.305474
0.303768
0.293218
0.271829
0.241358
0.167998
0.0644731
0.00563732
0.001
0.001
0.00675494
0.0699
0.177686
0.254082
0.290703
0.321702
0.341866
0.351792
0.351915
0.343937
0.33088
0.316747
0.305962
0.308813
0.389849
0.611241
0.933359
1
1
1
1
1
1
1
1
1
1
1
1
0.704578
0.44707
0.336014
0.307096
0.280192
0.240246
0.163952
0.0679412
0.0101791
0.001
0.001
0.0101791
0.0679412
0.163952
0.240246
0.280192
0.307096
0.336014
0.44707
0.704578
1
1
1
1
1
1
1
1
1
1
1
1
0.933359
0.611241
0.389849
0.308813
0.305962
0.316747
0.33088
0.343937
0.351915
0.351792
0.341866
0.321702
0.290703
0.254082
0.177686
0.0699
0.00675494
0.001
0.001
0.00777497
0.0738911
0.183445
0.260754
0.302025
0.341996
0.37323
0.3952
0.406409
0.406633
0.397302
0.381484
0.363954
0.351276
0.38266
0.539228
0.822763
1
1
1
1
1
1
1
1
1
1
1
1
0.798453
0.50388
0.362327
0.322766
0.289908
0.243193
0.161335
0.0641428
0.00863067
0.001
0.001
0.00863067
0.0641428
0.161335
0.243193
0.289908
0.322766
0.362327
0.50388
0.798453
1
1
1
1
1
1
1
1
1
1
1
1
0.822763
0.539228
0.38266
0.351276
0.363954
0.381484
0.397302
0.406633
0.406409
0.3952
0.37323
0.341996
0.302025
0.260754
0.183445
0.0738911
0.00777497
0.001
0.001
0.00838799
0.0758727
0.185323
0.261841
0.305096
0.350815
0.391076
0.425152
0.450317
0.464497
0.466898
0.45836
0.441973
0.422808
0.421491
0.515714
0.737468
1
1
1
1
1
1
1
1
1
1
1
1
0.918365
0.572454
0.394171
0.335193
0.294368
0.238542
0.151089
0.0562728
0.00640378
0.001
0.001
0.00640378
0.0562728
0.151089
0.238542
0.294368
0.335193
0.394171
0.572454
0.918365
1
1
1
1
1
1
1
1
1
1
1
1
0.737468
0.515714
0.421491
0.422808
0.441973
0.45836
0.466898
0.464497
0.450317
0.425152
0.391076
0.350815
0.305096
0.261841
0.185323
0.0758727
0.00838799
0.001
0.001
0.00827938
0.0752966
0.183482
0.258265
0.300548
0.347352
0.391785
0.433865
0.470966
0.500223
0.519157
0.526142
0.521177
0.507122
0.492135
0.537411
0.694065
0.946452
1
1
1
1
1
1
1
1
1
1
1
1
0.660233
0.434366
0.342092
0.290362
0.223149
0.13127
0.0443119
0.00400624
0.001
0.001
0.00400624
0.0443119
0.13127
0.223149
0.290362
0.342092
0.434366
0.660233
1
1
1
1
1
1
1
1
1
1
1
1
0.946452
0.694065
0.537411
0.492135
0.507122
0.521177
0.526142
0.519157
0.500223
0.470966
0.433865
0.391785
0.347352
0.300548
0.258265
0.183482
0.0752966
0.00827938
0.001
0.001
0.00729841
0.0715855
0.1773
0.249971
0.28902
0.332559
0.375699
0.419499
0.46254
0.502529
0.536743
0.562217
0.576219
0.578567
0.569083
0.588829
0.693086
0.912054
1
1
1
1
1
1
1
1
1
1
1
1
0.780608
0.481845
0.341039
0.274071
0.195163
0.10253
0.0298817
0.00205534
0.001
0.001
0.00205534
0.0298817
0.10253
0.195163
0.274071
0.341039
0.481845
0.780608
1
1
1
1
1
1
1
1
1
1
1
1
0.912054
0.693086
0.588829
0.569083
0.578567
0.576219
0.562217
0.536743
0.502529
0.46254
0.419499
0.375699
0.332559
0.28902
0.249971
0.1773
0.0715855
0.00729841
0.001
0.001
0.00566458
0.0646759
0.165937
0.236444
0.271566
0.309341
0.347549
0.387787
0.430098
0.473512
0.516385
0.556133
0.589202
0.613056
0.622998
0.64166
0.715817
0.899934
1
1
1
1
1
1
1
1
1
1
1
1
0.921843
0.526487
0.330511
0.242737
0.155836
0.069822
0.0164476
0.001
0.001
0.001
0.001
0.0164476
0.069822
0.155836
0.242737
0.330511
0.526487
0.921843
1
1
1
1
1
1
1
1
1
1
1
1
0.899934
0.715817
0.64166
0.622998
0.613056
0.589202
0.556133
0.516385
0.473512
0.430098
0.387787
0.347549
0.309341
0.271566
0.236444
0.165937
0.0646759
0.00566458
0.001
0.001
0.00397061
0.0560725
0.150877
0.219527
0.251762
0.283755
0.3163
0.350787
0.388192
0.428684
0.472077
0.51727
0.561857
0.602897
0.6352
0.667433
0.735607
0.900391
1
1
1
1
1
1
1
1
1
1
1
1
1
0.57258
0.315555
0.198282
0.11071
0.0404741
0.00746711
0.00138301
0.00177713
0.00177713
0.00138301
0.00746711
0.0404741
0.11071
0.198282
0.315555
0.57258
1
1
1
1
1
1
1
1
1
1
1
1
1
0.900391
0.735607
0.667433
0.6352
0.602897
0.561857
0.51727
0.472077
0.428684
0.388192
0.350787
0.3163
0.283755
0.251762
0.219527
0.150877
0.0560725
0.00397061
0.001
0.001
0.00287271
0.0494596
0.138534
0.205955
0.236809
0.264889
0.293195
0.322562
0.35418
0.388679
0.426824
0.468956
0.514543
0.561946
0.608172
0.653928
0.729333
0.889622
1
1
1
1
1
1
1
1
1
1
1
1
1
0.642508
0.306192
0.148204
0.0688277
0.0203441
0.0089332
0.0183915
0.0289876
0.0289876
0.0183915
0.0089332
0.0203441
0.0688277
0.148204
0.306192
0.642508
1
1
1
1
1
1
1
1
1
1
1
1
1
0.889622
0.729333
0.653928
0.608172
0.561946
0.514543
0.468956
0.426824
0.388679
0.35418
0.322562
0.293195
0.264889
0.236809
0.205955
0.138534
0.0494596
0.00287271
0.001
0.001
0.00286959
0.0494551
0.138235
0.2051
0.235016
0.261655
0.287605
0.313425
0.340113
0.368265
0.398945
0.433224
0.471943
0.515092
0.56223
0.611752
0.68855
0.837132
1
1
1
1
1
1
1
1
1
1
1
1
1
0.738268
0.306815
0.102726
0.0381333
0.0149971
0.0332662
0.072152
0.105503
0.105503
0.072152
0.0332662
0.0149971
0.0381333
0.102726
0.306815
0.738268
1
1
1
1
1
1
1
1
1
1
1
1
1
0.837132
0.68855
0.611752
0.56223
0.515092
0.471943
0.433224
0.398945
0.368265
0.340113
0.313425
0.287605
0.261655
0.235016
0.2051
0.138235
0.0494551
0.00286959
0.001
0.001
0.0044194
0.0583384
0.153864
0.220548
0.249343
0.276539
0.301272
0.324537
0.347114
0.369529
0.392879
0.418418
0.447545
0.481222
0.520274
0.564391
0.627513
0.747937
1
1
1
1
1
1
1
1
1
1
1
1
1
0.834244
0.313649
0.0706503
0.0222054
0.0290341
0.0792609
0.150182
0.20092
0.20092
0.150182
0.0792609
0.0290341
0.0222054
0.0706503
0.313649
0.834244
1
1
1
1
1
1
1
1
1
1
1
1
1
0.747937
0.627513
0.564391
0.520274
0.481222
0.447545
0.418418
0.392879
0.369529
0.347114
0.324537
0.301272
0.276539
0.249343
0.220548
0.153864
0.0583384
0.0044194
0.001
0.001
0.00733082
0.0730519
0.178575
0.245493
0.273502
0.301974
0.325763
0.346815
0.365804
0.383358
0.40065
0.41899
0.439866
0.464577
0.494059
0.529935
0.574649
0.660782
0.851128
1
1
1
1
1
1
1
1
1
1
1
1
0.911347
0.32317
0.0551641
0.0223539
0.0574347
0.132783
0.216872
0.269863
0.269863
0.216872
0.132783
0.0574347
0.0223539
0.0551641
0.32317
0.911347
1
1
1
1
1
1
1
1
1
1
1
1
0.851128
0.660782
0.574649
0.529935
0.494059
0.464577
0.439866
0.41899
0.40065
0.383358
0.365804
0.346815
0.325763
0.301974
0.273502
0.245493
0.178575
0.0730519
0.00733082
0.001
0.001
0.00939572
0.0828051
0.196089
0.262596
0.290526
0.319709
0.342847
0.362542
0.379421
0.394253
0.408287
0.422889
0.439538
0.459597
0.48386
0.514796
0.550284
0.61494
0.735801
1
1
1
1
1
1
1
1
1
1
1
1
0.953033
0.327537
0.0508469
0.0283402
0.079746
0.165456
0.250362
0.301077
0.301077
0.250362
0.165456
0.079746
0.0283402
0.0508469
0.327537
0.953033
1
1
1
1
1
1
1
1
1
1
1
1
0.735801
0.61494
0.550284
0.514796
0.48386
0.459597
0.439538
0.422889
0.408287
0.394253
0.379421
0.362542
0.342847
0.319709
0.290526
0.262596
0.196089
0.0828051
0.00939572
0.001
