-2.42723e-06
-6.65599
-32.5216
-11.5859
-22.4692
-31.9662
-61.6113
-75.6767
-78.1904
-79.2843
-78.6176
-69.9
-55.3743
-137.4
-46277.6
-17901
-8190.56
-6033.95
-4581.04
-3233.48
-1859.62
-743.658
-246.745
-91.3484
-10.1287
-10.1287
-91.3484
-246.745
-743.658
-1859.62
-3233.48
-4581.04
-6033.95
-8190.56
-17901
-46277.6
-137.4
-55.3743
-69.9
-78.6176
-79.2843
-78.1904
-75.6767
-61.6113
-31.9662
-22.4692
-11.5859
-32.5216
-6.65599
-2.42723e-06
-2.35046e-05
-7.13921
-30.3693
-20.1928
-21.5099
-18.3046
-18.6505
-20.341
-23.033
-26.1649
-29.2408
-29.3521
-17.9188
-63.4157
-127.874
-116.552
-99.9795
-84.5358
-71.0825
-57.0276
-39.0378
-10.5672
-0.441877
-1.99027
-8.69048
-8.69048
-1.99027
-0.441877
-10.5672
-39.0378
-57.0276
-71.0825
-84.5358
-99.9795
-116.552
-127.874
-63.4157
-17.9188
-29.3521
-29.2408
-26.1649
-23.033
-20.341
-18.6505
-18.3046
-21.5099
-20.1928
-30.3693
-7.13921
-2.35046e-05
-0.000173025
-15.7909
-47.0091
-25.1165
-29.8465
-25.1738
-1.30293
-0.258733
-0.363715
-0.527343
-2.96546
-17.2322
-34.5602
-74.0815
-87.9881
-87.7312
-82.9732
-79.2215
-77.4261
-71.4316
-47.9559
-16.6314
-0.0465053
-5.91622e-05
-0.000124761
-0.000124761
-5.91622e-05
-0.0465053
-16.6314
-47.9559
-71.4316
-77.4261
-79.2215
-82.9732
-87.7312
-87.9881
-74.0815
-34.5602
-17.2322
-2.96546
-0.527343
-0.363715
-0.258733
-1.30293
-25.1738
-29.8465
-25.1165
-47.0091
-15.7909
-0.000173025
-7.78108e-05
-8.44856
-83.8736
-52.1282
-21.9098
-0.220883
-7.02199e-05
-2.08357e-09
-1.76909e-09
-0.00104473
-6.25465
-40.9481
-58.2645
-79.3652
-75.0335
-70.0863
-68.5465
-73.0243
-80.4359
-56.4889
-39.2139
-17.689
-0.00247812
-6.20648e-09
-5.30866e-09
-5.30866e-09
-6.20648e-09
-0.00247812
-17.689
-39.2139
-56.4889
-80.4359
-73.0243
-68.5465
-70.0863
-75.0335
-79.3652
-58.2645
-40.9481
-6.25465
-0.00104473
-1.76909e-09
-2.08357e-09
-7.02199e-05
-0.220883
-21.9098
-52.1282
-83.8736
-8.44856
-7.78108e-05
-3.55589e-07
-0.0928667
-3.53045
-1.7695
-0.0217482
-2.36026e-06
-1.18495e-09
-1.41155e-09
-0.000109765
-0.95203
-22.4402
-47.3071
-84.3407
-75.3154
-65.4174
-53.1247
-52.0401
-65.5371
-83.3902
-49.888
-29.6165
-4.01202
-5.77196e-05
-4.48424e-09
-3.38189e-09
-3.38189e-09
-4.48424e-09
-5.77196e-05
-4.01202
-29.6165
-49.888
-83.3902
-65.5371
-52.0401
-53.1247
-65.4174
-75.3154
-84.3407
-47.3071
-22.4402
-0.95203
-0.000109765
-1.41155e-09
-1.18495e-09
-2.36026e-06
-0.0217482
-1.7695
-3.53045
-0.0928667
-3.55589e-07
-1.6584e-09
-2.60296e-09
-3.1179e-08
-8.525e-09
-8.31294e-10
-5.68207e-10
-1.0498e-09
-9.99431e-05
-0.527006
-19.8249
-37.7262
-76.2511
-80.1986
-73.7246
-57.042
-28.7844
-34.1553
-58.468
-77.2968
-43.0197
-23.6246
-0.608405
-1.55105e-08
-3.6387e-09
-2.14297e-09
-2.14297e-09
-3.6387e-09
-1.55105e-08
-0.608405
-23.6246
-43.0197
-77.2968
-58.468
-34.1553
-28.7844
-57.042
-73.7246
-80.1986
-76.2511
-37.7262
-19.8249
-0.527006
-9.99431e-05
-1.0498e-09
-5.68207e-10
-8.31294e-10
-8.525e-09
-3.1179e-08
-2.60296e-09
-1.6584e-09
-3.86336e-10
-1.34691e-09
-1.73396e-09
-1.33563e-09
-1.09306e-09
-1.29849e-09
-1.58804e-07
-0.0634945
-23.9434
-38.0095
-59.0218
-83.4762
-81.0994
-71.8117
-43.0659
-25.831
-35.5921
-64.6011
-77.5987
-41.1909
-27.8627
-0.476899
-7.18527e-09
-3.30823e-09
-1.39945e-09
-1.39945e-09
-3.30823e-09
-7.18527e-09
-0.476899
-27.8627
-41.1909
-77.5987
-64.6011
-35.5921
-25.831
-43.0659
-71.8117
-81.0994
-83.4762
-59.0218
-38.0095
-23.9434
-0.0634945
-1.58804e-07
-1.29849e-09
-1.09306e-09
-1.33563e-09
-1.73396e-09
-1.34691e-09
-3.86336e-10
-8.25695e-10
-0.000105578
-0.0852621
-1.15673
-1.01352
-0.251057
-0.153752
-7.10626
-29.391
-49.832
-87.4249
-84.7138
-81.2375
-39.2047
-16.6917
-10.0502
-40.4898
-68.097
-82.3052
-42.2582
-29.3013
-0.766649
-7.96405e-09
-3.2791e-09
-9.81359e-10
-9.81359e-10
-3.2791e-09
-7.96405e-09
-0.766649
-29.3013
-42.2582
-82.3052
-68.097
-40.4898
-10.0502
-16.6917
-39.2047
-81.2375
-84.7138
-87.4249
-49.832
-29.391
-7.10626
-0.153752
-0.251057
-1.01352
-1.15673
-0.0852621
-0.000105578
-8.25695e-10
-4.74291e-09
-0.188401
-34.7477
-50.0138
-34.3536
-25.5997
-22.095
-24.1511
-36.6316
-82.7352
-85.621
-86.0943
-42.7737
-13.7193
-0.520285
-4.54351
-40.9657
-61.8612
-88.2514
-44.5787
-29.2749
-1.08287
-8.77607e-09
-3.39284e-09
-7.59426e-10
-7.59426e-10
-3.39284e-09
-8.77607e-09
-1.08287
-29.2749
-44.5787
-88.2514
-61.8612
-40.9657
-4.54351
-0.520285
-13.7193
-42.7737
-86.0943
-85.621
-82.7352
-36.6316
-24.1511
-22.095
-25.5997
-34.3536
-50.0138
-34.7477
-0.188401
-4.74291e-09
-1.60401e-06
-4.03939
-61.2947
-30.1305
-32.5859
-36.3488
-41.5646
-44.5804
-64.3403
-81.9099
-86.4949
-44.9056
-17.3246
-0.905914
-0.000101578
-3.11729
-39.6944
-57.0351
-95.9975
-47.3569
-28.7148
-1.32731
-9.4301e-09
-3.53032e-09
-6.43046e-10
-6.43046e-10
-3.53032e-09
-9.4301e-09
-1.32731
-28.7148
-47.3569
-95.9975
-57.0351
-39.6944
-3.11729
-0.000101578
-0.905914
-17.3246
-44.9056
-86.4949
-81.9099
-64.3403
-44.5804
-41.5646
-36.3488
-32.5859
-30.1305
-61.2947
-4.03939
-1.60401e-06
-6.8032e-06
-8.90326
-44.553
-22.9206
-27.0591
-28.4121
-35.6931
-32.8027
-67.5153
-80.8303
-46.0391
-24.2837
-4.27118
-0.000292182
-1.04558e-08
-0.898624
-28.0839
-54.7951
-101.294
-48.8806
-28.7259
-1.45998
-9.82495e-09
-3.61937e-09
-5.75124e-10
-5.75124e-10
-3.61937e-09
-9.82495e-09
-1.45998
-28.7259
-48.8806
-101.294
-54.7951
-28.0839
-0.898624
-1.04558e-08
-0.000292182
-4.27118
-24.2837
-46.0391
-80.8303
-67.5153
-32.8027
-35.6931
-28.4121
-27.0591
-22.9206
-44.553
-8.90326
-6.8032e-06
-1.57138e-06
-3.08926
-78.6059
-41.963
-35.0886
-31.7724
-35.415
-36.6183
-72.1012
-48.9788
-36.1995
-21.095
-0.0172338
-5.06603e-09
-2.20029e-09
-0.146182
-19.0746
-50.311
-97.0339
-47.2884
-29.6089
-1.46026
-9.91965e-09
-3.62493e-09
-5.22759e-10
-5.22759e-10
-3.62493e-09
-9.91965e-09
-1.46026
-29.6089
-47.2884
-97.0339
-50.311
-19.0746
-0.146182
-2.20029e-09
-5.06603e-09
-0.0172338
-21.095
-36.1995
-48.9788
-72.1012
-36.6183
-35.415
-31.7724
-35.0886
-41.963
-78.6059
-3.08926
-1.57138e-06
-2.50738e-09
-0.0473211
-4.12875
-13.8276
-16.7745
-17.6111
-36.9714
-51.1221
-66.5966
-41.2281
-28.041
-0.604327
-2.69037e-05
-1.61511e-09
-2.57248e-09
-0.0685924
-21.7185
-44.3367
-87.2581
-43.3921
-31.9701
-1.33596
-9.71796e-09
-3.54202e-09
-4.70143e-10
-4.70143e-10
-3.54202e-09
-9.71796e-09
-1.33596
-31.9701
-43.3921
-87.2581
-44.3367
-21.7185
-0.0685924
-2.57248e-09
-1.61511e-09
-2.69037e-05
-0.604327
-28.041
-41.2281
-66.5966
-51.1221
-36.9714
-17.6111
-16.7745
-13.8276
-4.12875
-0.0473211
-2.50738e-09
-1.36351e-09
-3.46453e-09
-6.96638e-06
-0.000460739
-0.317903
-21.1448
-43.8638
-73.0006
-48.9342
-29.2072
-7.30283
-0.0011826
-2.23636e-09
-1.30945e-09
-2.94175e-09
-0.0867214
-26.447
-38.3845
-76.6084
-38.7511
-35.5452
-1.10487
-9.29075e-09
-3.40004e-09
-4.16677e-10
-4.16677e-10
-3.40004e-09
-9.29075e-09
-1.10487
-35.5452
-38.7511
-76.6084
-38.3845
-26.447
-0.0867214
-2.94175e-09
-1.30945e-09
-2.23636e-09
-0.0011826
-7.30283
-29.2072
-48.9342
-73.0006
-43.8638
-21.1448
-0.317903
-0.000460739
-6.96638e-06
-3.46453e-09
-1.36351e-09
-5.59109e-10
-2.31698e-09
-4.39259e-09
-0.00128303
-2.46754
-22.2674
-46.4215
-71.3359
-41.6216
-31.1443
-0.200752
-9.70077e-08
-1.32323e-09
-1.11669e-09
-3.30765e-09
-0.117632
-30.5752
-39.1516
-65.8429
-38.3502
-39.1589
-0.849771
-1.12543e-08
-3.2733e-09
-3.76999e-10
-3.76999e-10
-3.2733e-09
-1.12543e-08
-0.849771
-39.1589
-38.3502
-65.8429
-39.1516
-30.5752
-0.117632
-3.30765e-09
-1.11669e-09
-1.32323e-09
-9.70077e-08
-0.200752
-31.1443
-41.6216
-71.3359
-46.4215
-22.2674
-2.46754
-0.00128303
-4.39259e-09
-2.31698e-09
-5.59109e-10
-5.95896e-10
-2.67822e-09
-1.42107e-06
-0.2712
-33.1291
-38.8171
-58.7056
-53.376
-37.2219
-10.7673
-0.00276054
-2.47326e-09
-6.7977e-10
-1.06512e-09
-1.75898e-08
-0.226929
-36.5176
-55.4933
-54.1845
-57.1134
-42.9139
-1.93143
-9.21138e-05
-3.28165e-09
-3.74018e-10
-3.74018e-10
-3.28165e-09
-9.21138e-05
-1.93143
-42.9139
-57.1134
-54.1845
-55.4933
-36.5176
-0.226929
-1.75898e-08
-1.06512e-09
-6.7977e-10
-2.47326e-09
-0.00276054
-10.7673
-37.2219
-53.376
-58.7056
-38.8171
-33.1291
-0.2712
-1.42107e-06
-2.67822e-09
-5.95896e-10
-1.2267e-09
-3.99893e-09
-0.0210369
-17.1219
-17.8749
-26.4895
-47.5188
-33.3484
-18.3386
-0.935247
-1.69322e-06
-1.57366e-09
-2.75795e-10
-1.20714e-09
-0.000977181
-3.19523
-52.3273
-83.4873
-76.0164
-85.7289
-61.7512
-18.7235
-0.033865
-3.56373e-09
-4.18575e-10
-4.18575e-10
-3.56373e-09
-0.033865
-18.7235
-61.7512
-85.7289
-76.0164
-83.4873
-52.3273
-3.19523
-0.000977181
-1.20714e-09
-2.75795e-10
-1.57366e-09
-1.69322e-06
-0.935247
-18.3386
-33.3484
-47.5188
-26.4895
-17.8749
-17.1219
-0.0210369
-3.99893e-09
-1.2267e-09
-1.87385e-09
-9.76804e-05
-2.45797
-38.3462
-18.4043
-23.9481
-26.0008
-25.0659
-19.4688
-0.751382
-7.98019e-08
-1.13694e-09
-1.06493e-10
-8.97239e-08
-0.116161
-35.033
-87.8359
-98.5719
-68.8868
-95.465
-84.5422
-65.7003
-1.37049
-6.7941e-05
-4.8827e-10
-4.8827e-10
-6.7941e-05
-1.37049
-65.7003
-84.5422
-95.465
-68.8868
-98.5719
-87.8359
-35.033
-0.116161
-8.97239e-08
-1.06493e-10
-1.13694e-09
-7.98019e-08
-0.751382
-19.4688
-25.0659
-26.0008
-23.9481
-18.4043
-38.3462
-2.45797
-9.76804e-05
-1.87385e-09
-2.05684e-09
-0.0512521
-34.8239
-16.7418
-21.2825
-21.4955
-20.0422
-20.7933
-21.225
-10.5357
-0.00175651
-1.04825e-09
-1.14288e-10
-0.0018926
-4.51031
-68.0852
-112.166
-115.304
-89.4305
-104.24
-109.393
-89.4231
-18.0311
-0.0206063
-5.61511e-10
-5.61511e-10
-0.0206063
-18.0311
-89.4231
-109.393
-104.24
-89.4305
-115.304
-112.166
-68.0852
-4.51031
-0.0018926
-1.14288e-10
-1.04825e-09
-0.00175651
-10.5357
-21.225
-20.7933
-20.0422
-21.4955
-21.2825
-16.7418
-34.8239
-0.0512521
-2.05684e-09
-4.80359e-08
-1.40596
-37.7997
-17.8464
-20.1585
-18.4839
-16.0276
-22.6505
-32.2943
-54.6582
-0.215412
-1.16476e-09
-2.26861e-09
-0.232374
-33.6477
-78.9698
-111.519
-98.4339
-57.2466
-96.4011
-116.835
-97.0761
-55.807
-0.459046
-4.76685e-09
-4.76685e-09
-0.459046
-55.807
-97.0761
-116.835
-96.4011
-57.2466
-98.4339
-111.519
-78.9698
-33.6477
-0.232374
-2.26861e-09
-1.16476e-09
-0.215412
-54.6582
-32.2943
-22.6505
-16.0276
-18.4839
-20.1585
-17.8464
-37.7997
-1.40596
-4.80359e-08
-1.53342e-05
-7.32428
-30.8799
-20.1823
-20.4165
-14.3646
-14.4092
-29.9749
-36.4376
-70.9079
-3.0279
-2.67917e-08
-1.35373e-05
-4.26492
-47.5795
-56.9423
-84.6352
-71.5733
-47.3974
-78.7194
-108.754
-88.0591
-85.5673
-3.06667
-2.61387e-06
-2.61387e-06
-3.06667
-85.5673
-88.0591
-108.754
-78.7194
-47.3974
-71.5733
-84.6352
-56.9423
-47.5795
-4.26492
-1.35373e-05
-2.67917e-08
-3.0279
-70.9079
-36.4376
-29.9749
-14.4092
-14.3646
-20.4165
-20.1823
-30.8799
-7.32428
-1.53342e-05
-0.000136394
-17.2951
-41.5488
-22.7518
-24.3877
-32.1275
-42.8052
-55.5325
-68.2185
-103.286
-3.27202
-4.71586e-08
-0.000338319
-18.3215
-45.8282
-37.4197
-52.7755
-21.5113
-1.83069
-15.6313
-74.9692
-62.655
-77.1794
-10.087
-2.1172e-05
-2.1172e-05
-10.087
-77.1794
-62.655
-74.9692
-15.6313
-1.83069
-21.5113
-52.7755
-37.4197
-45.8282
-18.3215
-0.000338319
-4.71586e-08
-3.27202
-103.286
-68.2185
-55.5325
-42.8052
-32.1275
-24.3877
-22.7518
-41.5488
-17.2951
-0.000136394
-4.91793e-05
-7.64685
-79.1761
-48.1668
-42.9131
-4.61571
-1.60374
-6.04548
-18.7837
-8.21505
-0.0852164
-2.51758e-09
-0.000173821
-12.8398
-62.8451
-46.9049
-22.8633
-0.197123
-0.00106604
-0.0825667
-11.6673
-57.1226
-76.6739
-4.31769
-4.83045e-06
-4.83045e-06
-4.31769
-76.6739
-57.1226
-11.6673
-0.0825667
-0.00106604
-0.197123
-22.8633
-46.9049
-62.8451
-12.8398
-0.000173821
-2.51758e-09
-0.0852164
-8.21505
-18.7837
-6.04548
-1.60374
-4.61571
-42.9131
-48.1668
-79.1761
-7.64685
-4.91793e-05
-1.17483e-07
-0.0710088
-3.19909
-2.76406
-0.138224
-0.000516192
-5.32059e-07
-6.60127e-05
-0.000447265
-9.75933e-05
-1.57553e-07
-1.38334e-09
-5.37267e-07
-0.126767
-4.60255
-2.99781
-0.0585954
-2.19323e-05
-2.91999e-09
-2.77051e-06
-0.0191356
-1.13368
-1.68683
-0.0354086
-4.2716e-09
-4.2716e-09
-0.0354086
-1.68683
-1.13368
-0.0191356
-2.77051e-06
-2.91999e-09
-2.19323e-05
-0.0585954
-2.99781
-4.60255
-0.126767
-5.37267e-07
-1.38334e-09
-1.57553e-07
-9.75933e-05
-0.000447265
-6.60127e-05
-5.32059e-07
-0.000516192
-0.138224
-2.76406
-3.19909
-0.0710088
-1.17483e-07
-5.90421e-10
-1.42458e-09
-1.76032e-08
-9.7106e-09
-8.05118e-10
-8.41284e-10
-8.64888e-10
-9.74463e-10
-1.15683e-09
-1.15227e-09
-6.81726e-10
-1.99129e-10
-4.19022e-10
-1.42952e-09
-3.31028e-08
-1.33034e-08
-8.12235e-10
-6.2527e-10
-4.2116e-10
-3.90243e-10
-5.15674e-10
-7.08945e-10
-1.04746e-09
-9.3328e-10
-2.9256e-10
-2.9256e-10
-9.3328e-10
-1.04746e-09
-7.08945e-10
-5.15674e-10
-3.90243e-10
-4.2116e-10
-6.2527e-10
-8.12235e-10
-1.33034e-08
-3.31028e-08
-1.42952e-09
-4.19022e-10
-1.99129e-10
-6.81726e-10
-1.15227e-09
-1.15683e-09
-9.74463e-10
-8.64888e-10
-8.41284e-10
-8.05118e-10
-9.7106e-09
-1.76032e-08
-1.42458e-09
-5.90421e-10
-5.90421e-10
-1.42458e-09
-1.76032e-08
-9.7106e-09
-8.05118e-10
-8.41284e-10
-8.64888e-10
-9.74463e-10
-1.15683e-09
-1.15227e-09
-6.81726e-10
-1.99129e-10
-4.19022e-10
-1.42952e-09
-3.31028e-08
-1.33034e-08
-8.12235e-10
-6.2527e-10
-4.2116e-10
-3.90243e-10
-5.15674e-10
-7.08945e-10
-1.04746e-09
-9.3328e-10
-2.9256e-10
-2.9256e-10
-9.3328e-10
-1.04746e-09
-7.08945e-10
-5.15674e-10
-3.90243e-10
-4.2116e-10
-6.2527e-10
-8.12235e-10
-1.33034e-08
-3.31028e-08
-1.42952e-09
-4.19022e-10
-1.99129e-10
-6.81726e-10
-1.15227e-09
-1.15683e-09
-9.74463e-10
-8.64888e-10
-8.41284e-10
-8.05118e-10
-9.7106e-09
-1.76032e-08
-1.42458e-09
-5.90421e-10
-1.17483e-07
-0.0710088
-3.19909
-2.76406
-0.138224
-0.000516192
-5.32059e-07
-6.60127e-05
-0.000447265
-9.75933e-05
-1.57553e-07
-1.38334e-09
-5.37267e-07
-0.126767
-4.60255
-2.99781
-0.0585954
-2.19323e-05
-2.91999e-09
-2.77051e-06
-0.0191356
-1.13368
-1.68683
-0.0354086
-4.2716e-09
-4.2716e-09
-0.0354086
-1.68683
-1.13368
-0.0191356
-2.77051e-06
-2.91999e-09
-2.19323e-05
-0.0585954
-2.99781
-4.60255
-0.126767
-5.37267e-07
-1.38334e-09
-1.57553e-07
-9.75933e-05
-0.000447265
-6.60127e-05
-5.32059e-07
-0.000516192
-0.138224
-2.76406
-3.19909
-0.0710088
-1.17483e-07
-4.91793e-05
-7.64685
-79.1761
-48.1668
-42.9131
-4.61571
-1.60374
-6.04548
-18.7837
-8.21505
-0.0852164
-2.51758e-09
-0.000173821
-12.8398
-62.8451
-46.9049
-22.8633
-0.197123
-0.00106604
-0.0825667
-11.6673
-57.1226
-76.6739
-4.31769
-4.83045e-06
-4.83045e-06
-4.31769
-76.6739
-57.1226
-11.6673
-0.0825667
-0.00106604
-0.197123
-22.8633
-46.9049
-62.8451
-12.8398
-0.000173821
-2.51758e-09
-0.0852164
-8.21505
-18.7837
-6.04548
-1.60374
-4.61571
-42.9131
-48.1668
-79.1761
-7.64685
-4.91793e-05
-0.000136394
-17.2951
-41.5488
-22.7518
-24.3877
-32.1275
-42.8052
-55.5325
-68.2185
-103.286
-3.27202
-4.71586e-08
-0.000338319
-18.3215
-45.8282
-37.4197
-52.7755
-21.5113
-1.83069
-15.6313
-74.9692
-62.655
-77.1794
-10.087
-2.1172e-05
-2.1172e-05
-10.087
-77.1794
-62.655
-74.9692
-15.6313
-1.83069
-21.5113
-52.7755
-37.4197
-45.8282
-18.3215
-0.000338319
-4.71586e-08
-3.27202
-103.286
-68.2185
-55.5325
-42.8052
-32.1275
-24.3877
-22.7518
-41.5488
-17.2951
-0.000136394
-1.53342e-05
-7.32428
-30.8799
-20.1823
-20.4165
-14.3646
-14.4092
-29.9749
-36.4376
-70.9079
-3.0279
-2.67917e-08
-1.35373e-05
-4.26492
-47.5795
-56.9423
-84.6352
-71.5733
-47.3974
-78.7194
-108.754
-88.0591
-85.5673
-3.06667
-2.61387e-06
-2.61387e-06
-3.06667
-85.5673
-88.0591
-108.754
-78.7194
-47.3974
-71.5733
-84.6352
-56.9423
-47.5795
-4.26492
-1.35373e-05
-2.67917e-08
-3.0279
-70.9079
-36.4376
-29.9749
-14.4092
-14.3646
-20.4165
-20.1823
-30.8799
-7.32428
-1.53342e-05
-4.80359e-08
-1.40596
-37.7997
-17.8464
-20.1585
-18.4839
-16.0276
-22.6505
-32.2943
-54.6582
-0.215412
-1.16476e-09
-2.26861e-09
-0.232374
-33.6477
-78.9698
-111.519
-98.4339
-57.2466
-96.4011
-116.835
-97.0761
-55.807
-0.459046
-4.76685e-09
-4.76685e-09
-0.459046
-55.807
-97.0761
-116.835
-96.4011
-57.2466
-98.4339
-111.519
-78.9698
-33.6477
-0.232374
-2.26861e-09
-1.16476e-09
-0.215412
-54.6582
-32.2943
-22.6505
-16.0276
-18.4839
-20.1585
-17.8464
-37.7997
-1.40596
-4.80359e-08
-2.05684e-09
-0.0512521
-34.8239
-16.7418
-21.2825
-21.4955
-20.0422
-20.7933
-21.225
-10.5357
-0.00175651
-1.04825e-09
-1.14288e-10
-0.0018926
-4.51031
-68.0852
-112.166
-115.304
-89.4305
-104.24
-109.393
-89.4231
-18.0311
-0.0206063
-5.61511e-10
-5.61511e-10
-0.0206063
-18.0311
-89.4231
-109.393
-104.24
-89.4305
-115.304
-112.166
-68.0852
-4.51031
-0.0018926
-1.14288e-10
-1.04825e-09
-0.00175651
-10.5357
-21.225
-20.7933
-20.0422
-21.4955
-21.2825
-16.7418
-34.8239
-0.0512521
-2.05684e-09
-1.87385e-09
-9.76804e-05
-2.45797
-38.3462
-18.4043
-23.9481
-26.0008
-25.0659
-19.4688
-0.751382
-7.98019e-08
-1.13694e-09
-1.06493e-10
-8.97239e-08
-0.116161
-35.033
-87.8359
-98.5719
-68.8868
-95.465
-84.5422
-65.7003
-1.37049
-6.7941e-05
-4.8827e-10
-4.8827e-10
-6.7941e-05
-1.37049
-65.7003
-84.5422
-95.465
-68.8868
-98.5719
-87.8359
-35.033
-0.116161
-8.97239e-08
-1.06493e-10
-1.13694e-09
-7.98019e-08
-0.751382
-19.4688
-25.0659
-26.0008
-23.9481
-18.4043
-38.3462
-2.45797
-9.76804e-05
-1.87385e-09
-1.2267e-09
-3.99893e-09
-0.0210369
-17.1219
-17.8749
-26.4895
-47.5188
-33.3484
-18.3386
-0.935247
-1.69322e-06
-1.57366e-09
-2.75795e-10
-1.20714e-09
-0.000977181
-3.19523
-52.3273
-83.4873
-76.0164
-85.7289
-61.7512
-18.7235
-0.033865
-3.56373e-09
-4.18575e-10
-4.18575e-10
-3.56373e-09
-0.033865
-18.7235
-61.7512
-85.7289
-76.0164
-83.4873
-52.3273
-3.19523
-0.000977181
-1.20714e-09
-2.75795e-10
-1.57366e-09
-1.69322e-06
-0.935247
-18.3386
-33.3484
-47.5188
-26.4895
-17.8749
-17.1219
-0.0210369
-3.99893e-09
-1.2267e-09
-5.95896e-10
-2.67822e-09
-1.42107e-06
-0.2712
-33.1291
-38.8171
-58.7056
-53.376
-37.2219
-10.7673
-0.00276054
-2.47326e-09
-6.7977e-10
-1.06512e-09
-1.75898e-08
-0.226929
-36.5176
-55.4933
-54.1845
-57.1134
-42.9139
-1.93143
-9.21138e-05
-3.28165e-09
-3.74018e-10
-3.74018e-10
-3.28165e-09
-9.21138e-05
-1.93143
-42.9139
-57.1134
-54.1845
-55.4933
-36.5176
-0.226929
-1.75898e-08
-1.06512e-09
-6.7977e-10
-2.47326e-09
-0.00276054
-10.7673
-37.2219
-53.376
-58.7056
-38.8171
-33.1291
-0.2712
-1.42107e-06
-2.67822e-09
-5.95896e-10
-5.59109e-10
-2.31698e-09
-4.39259e-09
-0.00128303
-2.46754
-22.2674
-46.4215
-71.3359
-41.6216
-31.1443
-0.200752
-9.70077e-08
-1.32323e-09
-1.11669e-09
-3.30765e-09
-0.117632
-30.5752
-39.1516
-65.8429
-38.3502
-39.1589
-0.849771
-1.12543e-08
-3.2733e-09
-3.76999e-10
-3.76999e-10
-3.2733e-09
-1.12543e-08
-0.849771
-39.1589
-38.3502
-65.8429
-39.1516
-30.5752
-0.117632
-3.30765e-09
-1.11669e-09
-1.32323e-09
-9.70077e-08
-0.200752
-31.1443
-41.6216
-71.3359
-46.4215
-22.2674
-2.46754
-0.00128303
-4.39259e-09
-2.31698e-09
-5.59109e-10
-1.36351e-09
-3.46453e-09
-6.96638e-06
-0.000460739
-0.317903
-21.1448
-43.8638
-73.0006
-48.9342
-29.2072
-7.30283
-0.0011826
-2.23636e-09
-1.30945e-09
-2.94175e-09
-0.0867214
-26.447
-38.3845
-76.6084
-38.7511
-35.5452
-1.10487
-9.29075e-09
-3.40004e-09
-4.16677e-10
-4.16677e-10
-3.40004e-09
-9.29075e-09
-1.10487
-35.5452
-38.7511
-76.6084
-38.3845
-26.447
-0.0867214
-2.94175e-09
-1.30945e-09
-2.23636e-09
-0.0011826
-7.30283
-29.2072
-48.9342
-73.0006
-43.8638
-21.1448
-0.317903
-0.000460739
-6.96638e-06
-3.46453e-09
-1.36351e-09
-2.50738e-09
-0.0473211
-4.12875
-13.8276
-16.7745
-17.6111
-36.9714
-51.1221
-66.5966
-41.2281
-28.041
-0.604327
-2.69037e-05
-1.61511e-09
-2.57248e-09
-0.0685924
-21.7185
-44.3367
-87.2581
-43.3921
-31.9701
-1.33596
-9.71796e-09
-3.54202e-09
-4.70143e-10
-4.70143e-10
-3.54202e-09
-9.71796e-09
-1.33596
-31.9701
-43.3921
-87.2581
-44.3367
-21.7185
-0.0685924
-2.57248e-09
-1.61511e-09
-2.69037e-05
-0.604327
-28.041
-41.2281
-66.5966
-51.1221
-36.9714
-17.6111
-16.7745
-13.8276
-4.12875
-0.0473211
-2.50738e-09
-1.57138e-06
-3.08926
-78.6059
-41.963
-35.0886
-31.7724
-35.415
-36.6183
-72.1012
-48.9788
-36.1995
-21.095
-0.0172338
-5.06603e-09
-2.20029e-09
-0.146182
-19.0746
-50.311
-97.0339
-47.2884
-29.6089
-1.46026
-9.91965e-09
-3.62493e-09
-5.22759e-10
-5.22759e-10
-3.62493e-09
-9.91965e-09
-1.46026
-29.6089
-47.2884
-97.0339
-50.311
-19.0746
-0.146182
-2.20029e-09
-5.06603e-09
-0.0172338
-21.095
-36.1995
-48.9788
-72.1012
-36.6183
-35.415
-31.7724
-35.0886
-41.963
-78.6059
-3.08926
-1.57138e-06
-6.8032e-06
-8.90326
-44.553
-22.9206
-27.0591
-28.4121
-35.6931
-32.8027
-67.5153
-80.8303
-46.0391
-24.2837
-4.27118
-0.000292182
-1.04558e-08
-0.898624
-28.0839
-54.7951
-101.294
-48.8806
-28.7259
-1.45998
-9.82495e-09
-3.61937e-09
-5.75124e-10
-5.75124e-10
-3.61937e-09
-9.82495e-09
-1.45998
-28.7259
-48.8806
-101.294
-54.7951
-28.0839
-0.898624
-1.04558e-08
-0.000292182
-4.27118
-24.2837
-46.0391
-80.8303
-67.5153
-32.8027
-35.6931
-28.4121
-27.0591
-22.9206
-44.553
-8.90326
-6.8032e-06
-1.60401e-06
-4.03939
-61.2947
-30.1305
-32.5859
-36.3488
-41.5646
-44.5804
-64.3403
-81.9099
-86.4949
-44.9056
-17.3246
-0.905914
-0.000101578
-3.11729
-39.6944
-57.0351
-95.9975
-47.3569
-28.7148
-1.32731
-9.4301e-09
-3.53032e-09
-6.43046e-10
-6.43046e-10
-3.53032e-09
-9.4301e-09
-1.32731
-28.7148
-47.3569
-95.9975
-57.0351
-39.6944
-3.11729
-0.000101578
-0.905914
-17.3246
-44.9056
-86.4949
-81.9099
-64.3403
-44.5804
-41.5646
-36.3488
-32.5859
-30.1305
-61.2947
-4.03939
-1.60401e-06
-4.74291e-09
-0.188401
-34.7477
-50.0138
-34.3536
-25.5997
-22.095
-24.1511
-36.6316
-82.7352
-85.621
-86.0943
-42.7737
-13.7193
-0.520285
-4.54351
-40.9657
-61.8612
-88.2514
-44.5787
-29.2749
-1.08287
-8.77607e-09
-3.39284e-09
-7.59426e-10
-7.59426e-10
-3.39284e-09
-8.77607e-09
-1.08287
-29.2749
-44.5787
-88.2514
-61.8612
-40.9657
-4.54351
-0.520285
-13.7193
-42.7737
-86.0943
-85.621
-82.7352
-36.6316
-24.1511
-22.095
-25.5997
-34.3536
-50.0138
-34.7477
-0.188401
-4.74291e-09
-8.25695e-10
-0.000105578
-0.0852621
-1.15673
-1.01352
-0.251057
-0.153752
-7.10626
-29.391
-49.832
-87.4249
-84.7138
-81.2375
-39.2047
-16.6917
-10.0502
-40.4898
-68.097
-82.3052
-42.2582
-29.3013
-0.766649
-7.96405e-09
-3.2791e-09
-9.81359e-10
-9.81359e-10
-3.2791e-09
-7.96405e-09
-0.766649
-29.3013
-42.2582
-82.3052
-68.097
-40.4898
-10.0502
-16.6917
-39.2047
-81.2375
-84.7138
-87.4249
-49.832
-29.391
-7.10626
-0.153752
-0.251057
-1.01352
-1.15673
-0.0852621
-0.000105578
-8.25695e-10
-3.86336e-10
-1.34691e-09
-1.73396e-09
-1.33563e-09
-1.09306e-09
-1.29849e-09
-1.58804e-07
-0.0634945
-23.9434
-38.0095
-59.0218
-83.4762
-81.0994
-71.8117
-43.0659
-25.831
-35.5921
-64.6011
-77.5987
-41.1909
-27.8627
-0.476899
-7.18527e-09
-3.30823e-09
-1.39945e-09
-1.39945e-09
-3.30823e-09
-7.18527e-09
-0.476899
-27.8627
-41.1909
-77.5987
-64.6011
-35.5921
-25.831
-43.0659
-71.8117
-81.0994
-83.4762
-59.0218
-38.0095
-23.9434
-0.0634945
-1.58804e-07
-1.29849e-09
-1.09306e-09
-1.33563e-09
-1.73396e-09
-1.34691e-09
-3.86336e-10
-1.6584e-09
-2.60296e-09
-3.1179e-08
-8.525e-09
-8.31294e-10
-5.68207e-10
-1.0498e-09
-9.99431e-05
-0.527006
-19.8249
-37.7262
-76.2511
-80.1986
-73.7246
-57.042
-28.7844
-34.1553
-58.468
-77.2968
-43.0197
-23.6246
-0.608405
-1.55105e-08
-3.6387e-09
-2.14297e-09
-2.14297e-09
-3.6387e-09
-1.55105e-08
-0.608405
-23.6246
-43.0197
-77.2968
-58.468
-34.1553
-28.7844
-57.042
-73.7246
-80.1986
-76.2511
-37.7262
-19.8249
-0.527006
-9.99431e-05
-1.0498e-09
-5.68207e-10
-8.31294e-10
-8.525e-09
-3.1179e-08
-2.60296e-09
-1.6584e-09
-3.55589e-07
-0.0928667
-3.53045
-1.7695
-0.0217482
-2.36026e-06
-1.18495e-09
-1.41155e-09
-0.000109765
-0.95203
-22.4402
-47.3071
-84.3407
-75.3154
-65.4174
-53.1247
-52.0401
-65.5371
-83.3902
-49.888
-29.6165
-4.01202
-5.77196e-05
-4.48424e-09
-3.38189e-09
-3.38189e-09
-4.48424e-09
-5.77196e-05
-4.01202
-29.6165
-49.888
-83.3902
-65.5371
-52.0401
-53.1247
-65.4174
-75.3154
-84.3407
-47.3071
-22.4402
-0.95203
-0.000109765
-1.41155e-09
-1.18495e-09
-2.36026e-06
-0.0217482
-1.7695
-3.53045
-0.0928667
-3.55589e-07
-7.78108e-05
-8.44856
-83.8736
-52.1282
-21.9098
-0.220883
-7.02199e-05
-2.08357e-09
-1.76909e-09
-0.00104473
-6.25465
-40.9481
-58.2645
-79.3652
-75.0335
-70.0863
-68.5465
-73.0243
-80.4359
-56.4889
-39.2139
-17.689
-0.00247812
-6.20648e-09
-5.30866e-09
-5.30866e-09
-6.20648e-09
-0.00247812
-17.689
-39.2139
-56.4889
-80.4359
-73.0243
-68.5465
-70.0863
-75.0335
-79.3652
-58.2645
-40.9481
-6.25465
-0.00104473
-1.76909e-09
-2.08357e-09
-7.02199e-05
-0.220883
-21.9098
-52.1282
-83.8736
-8.44856
-7.78108e-05
-0.000173025
-15.7909
-47.0091
-25.1165
-29.8465
-25.1738
-1.30293
-0.258733
-0.363715
-0.527343
-2.96546
-17.2322
-34.5602
-74.0815
-87.9881
-87.7312
-82.9732
-79.2215
-77.4261
-71.4316
-47.9559
-16.6314
-0.0465053
-5.91622e-05
-0.000124761
-0.000124761
-5.91622e-05
-0.0465053
-16.6314
-47.9559
-71.4316
-77.4261
-79.2215
-82.9732
-87.7312
-87.9881
-74.0815
-34.5602
-17.2322
-2.96546
-0.527343
-0.363715
-0.258733
-1.30293
-25.1738
-29.8465
-25.1165
-47.0091
-15.7909
-0.000173025
-2.35046e-05
-7.13921
-30.3693
-20.1928
-21.5099
-18.3046
-18.6505
-20.341
-23.033
-26.1649
-29.2408
-29.3521
-17.9188
-63.4157
-127.874
-116.552
-99.9795
-84.5358
-71.0825
-57.0276
-39.0378
-10.5672
-0.441877
-1.99027
-8.69048
-8.69048
-1.99027
-0.441877
-10.5672
-39.0378
-57.0276
-71.0825
-84.5358
-99.9795
-116.552
-127.874
-63.4157
-17.9188
-29.3521
-29.2408
-26.1649
-23.033
-20.341
-18.6505
-18.3046
-21.5099
-20.1928
-30.3693
-7.13921
-2.35046e-05
-2.42723e-06
-6.65599
-32.5216
-11.5859
-22.4692
-31.9662
-61.6113
-75.6767
-78.1904
-79.2843
-78.6176
-69.9
-55.3743
-137.4
-46277.6
-17901
-8190.56
-6033.95
-4581.04
-3233.48
-1859.62
-743.658
-246.745
-91.3484
-10.1287
-10.1287
-91.3484
-246.745
-743.658
-1859.62
-3233.48
-4581.04
-6033.95
-8190.56
-17901
-46277.6
-137.4
-55.3743
-69.9
-78.6176
-79.2843
-78.1904
-75.6767
-61.6113
-31.9662
-22.4692
-11.5859
-32.5216
-6.65599
-2.42723e-06
