-1.33536e-05
-1.18501
-21.1683
-18.2268
-22.0735
-21.2484
-20.0964
-19.1125
-17.9761
-16.7548
-15.4085
-14.8021
-16.1537
-16.8694
-17.0909
-17.1412
-17.211
-17.3148
-17.4545
-17.6446
-17.8807
-18.1655
-18.4481
-18.1765
-16.087
-12.92
-17.1714
-31.6859
-72.2763
-20656.5
-7605.56
-3288.52
-2419.01
-1953.58
-1654.54
-1432.41
-1244.34
-1063.11
-865.554
-632.202
-372.027
-152.386
-43.5237
-12.1356
-5.11215
-4.50377
-6.11592
-7.36447
-8.96293
-9.72556
-9.72556
-8.96293
-7.36447
-6.11592
-4.50377
-5.11215
-12.1356
-43.5237
-152.386
-372.027
-632.202
-865.554
-1063.11
-1244.34
-1432.41
-1654.54
-1953.58
-2419.01
-3288.52
-7605.56
-20656.5
-72.2763
-31.6859
-17.1714
-12.92
-16.087
-18.1765
-18.4481
-18.1655
-17.8807
-17.6446
-17.4545
-17.3148
-17.211
-17.1412
-17.0909
-16.8694
-16.1537
-14.8021
-15.4085
-16.7548
-17.9761
-19.1125
-20.0964
-21.2484
-22.0735
-18.2268
-21.1683
-1.18501
-1.33536e-05
-6.2013e-06
-0.206312
-12.6481
-15.9779
-15.9166
-15.5196
-13.7924
-11.6252
-9.43691
-7.56501
-6.15929
-5.5425
-5.99641
-6.54224
-6.94217
-7.23433
-7.46522
-7.62088
-7.70899
-7.75929
-7.78162
-7.81377
-7.97807
-8.25841
-7.61971
-4.2205
-8.50736
-17.7988
-33.0459
-56.2153
-47.1046
-39.2343
-32.6227
-27.76
-24.1396
-21.2771
-18.8343
-16.5676
-14.2536
-11.5633
-7.6946
-2.39955
-0.200909
-0.0609906
-1.62448
-4.28348
-5.24939
-6.4087
-7.60534
-8.05754
-8.05754
-7.60534
-6.4087
-5.24939
-4.28348
-1.62448
-0.0609906
-0.200909
-2.39955
-7.6946
-11.5633
-14.2536
-16.5676
-18.8343
-21.2771
-24.1396
-27.76
-32.6227
-39.2343
-47.1046
-56.2153
-33.0459
-17.7988
-8.50736
-4.2205
-7.61971
-8.25841
-7.97807
-7.81377
-7.78162
-7.75929
-7.70899
-7.62088
-7.46522
-7.23433
-6.94217
-6.54224
-5.99641
-5.5425
-6.15929
-7.56501
-9.43691
-11.6252
-13.7924
-15.5196
-15.9166
-15.9779
-12.6481
-0.206312
-6.2013e-06
-9.319e-07
-0.00406597
-1.18739
-13.7333
-18.7403
-18.2683
-17.6896
-16.2567
-13.7789
-11.1268
-8.91484
-7.29283
-6.21703
-5.54325
-5.08708
-4.66306
-4.18562
-3.65273
-3.08578
-2.50683
-1.94065
-1.43525
-1.20135
-2.01615
-3.99846
-5.63246
-9.31077
-16.8441
-24.964
-33.0167
-33.487
-31.3308
-28.3554
-25.4792
-22.9697
-20.8262
-18.9953
-17.4865
-16.5465
-14.1482
-11.3136
-8.1214
-4.12462
-3.43979
-3.6697
-4.53387
-6.13025
-8.37642
-10.346
-11.4284
-11.4284
-10.346
-8.37642
-6.13025
-4.53387
-3.6697
-3.43979
-4.12462
-8.1214
-11.3136
-14.1482
-16.5465
-17.4865
-18.9953
-20.8262
-22.9697
-25.4792
-28.3554
-31.3308
-33.487
-33.0167
-24.964
-16.8441
-9.31077
-5.63246
-3.99846
-2.01615
-1.20135
-1.43525
-1.94065
-2.50683
-3.08578
-3.65273
-4.18562
-4.66306
-5.08708
-5.54325
-6.21703
-7.29283
-8.91484
-11.1268
-13.7789
-16.2567
-17.6896
-18.2683
-18.7403
-13.7333
-1.18739
-0.00406597
-9.319e-07
-1.14549e-06
-5.16382e-06
-0.00890961
-0.799206
-8.23567
-15.8102
-15.9709
-14.2526
-11.2233
-7.34116
-3.9618
-1.94278
-0.986792
-0.564519
-0.365174
-0.252373
-0.176119
-0.120882
-0.0831729
-0.0617105
-0.0585707
-0.0961986
-0.410531
-1.61513
-5.08195
-6.73423
-13.6006
-16.7863
-21.0996
-25.0059
-26.4639
-26.1462
-24.9032
-23.3274
-21.7361
-20.2702
-18.9995
-18.001
-17.4124
-12.1273
-8.63537
-3.38076
-4.04548
-3.61701
-3.28637
-3.79163
-4.93124
-6.43505
-7.7704
-8.52755
-8.52755
-7.7704
-6.43505
-4.93124
-3.79163
-3.28637
-3.61701
-4.04548
-3.38076
-8.63537
-12.1273
-17.4124
-18.001
-18.9995
-20.2702
-21.7361
-23.3274
-24.9032
-26.1462
-26.4639
-25.0059
-21.0996
-16.7863
-13.6006
-6.73423
-5.08195
-1.61513
-0.410531
-0.0961986
-0.0585707
-0.0617105
-0.0831729
-0.120882
-0.176119
-0.252373
-0.365174
-0.564519
-0.986792
-1.94278
-3.9618
-7.34116
-11.2233
-14.2526
-15.9709
-15.8102
-8.23567
-0.799206
-0.00890961
-5.16382e-06
-1.14549e-06
-1.13015e-06
-1.05365e-06
-2.91773e-06
-0.00320002
-0.293427
-3.28299
-7.4816
-7.13183
-4.34288
-1.84728
-0.641659
-0.219539
-0.0844724
-0.0391756
-0.0217379
-0.0135207
-0.00892842
-0.00639586
-0.00569794
-0.00791499
-0.0200276
-0.101134
-1.04621
-2.45618
-7.35502
-11.3415
-14.8342
-16.5919
-18.986
-21.1877
-22.4243
-22.6835
-22.2658
-21.4815
-20.557
-19.6361
-18.8125
-18.1672
-17.8436
-10.0438
-8.35873
-4.3093
-5.46646
-3.63066
-2.6741
-2.59009
-3.16603
-4.21746
-5.3441
-6.05889
-6.05889
-5.3441
-4.21746
-3.16603
-2.59009
-2.6741
-3.63066
-5.46646
-4.3093
-8.35873
-10.0438
-17.8436
-18.1672
-18.8125
-19.6361
-20.557
-21.4815
-22.2658
-22.6835
-22.4243
-21.1877
-18.986
-16.5919
-14.8342
-11.3415
-7.35502
-2.45618
-1.04621
-0.101134
-0.0200276
-0.00791499
-0.00569794
-0.00639586
-0.00892842
-0.0135207
-0.0217379
-0.0391756
-0.0844724
-0.219539
-0.641659
-1.84728
-4.34288
-7.13183
-7.4816
-3.28299
-0.293427
-0.00320002
-2.91773e-06
-1.05365e-06
-1.13015e-06
-9.63705e-07
-8.28044e-07
-1.09475e-06
-1.40479e-06
-0.00297004
-0.12829
-0.69857
-0.90956
-0.478471
-0.151751
-0.0390701
-0.0105711
-0.00370759
-0.00192037
-0.00149387
-0.00165418
-0.00247699
-0.00486359
-0.012233
-0.0387235
-0.153174
-0.842781
-2.07608
-5.69284
-7.7497
-14.096
-14.8854
-16.0769
-17.5403
-18.9138
-19.8555
-20.2732
-20.2537
-19.9429
-19.4784
-18.968
-18.4856
-18.0352
-16.0313
-8.5869
-5.41105
-5.52844
-6.08318
-3.92444
-2.56869
-2.04688
-2.11964
-2.59705
-3.22921
-3.67425
-3.67425
-3.22921
-2.59705
-2.11964
-2.04688
-2.56869
-3.92444
-6.08318
-5.52844
-5.41105
-8.5869
-16.0313
-18.0352
-18.4856
-18.968
-19.4784
-19.9429
-20.2537
-20.2732
-19.8555
-18.9138
-17.5403
-16.0769
-14.8854
-14.096
-7.7497
-5.69284
-2.07608
-0.842781
-0.153174
-0.0387235
-0.012233
-0.00486359
-0.00247699
-0.00165418
-0.00149387
-0.00192037
-0.00370759
-0.0105711
-0.0390701
-0.151751
-0.478471
-0.90956
-0.69857
-0.12829
-0.00297004
-1.40479e-06
-1.09475e-06
-8.28044e-07
-9.63705e-07
-7.3479e-07
-6.11177e-07
-7.74875e-07
-9.36184e-07
-0.000169845
-0.00872565
-0.0517849
-0.0730113
-0.0407718
-0.014878
-0.00578889
-0.00348538
-0.00344154
-0.00476205
-0.00803238
-0.015449
-0.0330928
-0.0782163
-0.199836
-0.528034
-1.38483
-2.62393
-3.21538
-7.17872
-11.2965
-14.0342
-14.5905
-15.4189
-16.3909
-17.3253
-18.0539
-18.5014
-18.6822
-18.6587
-18.5079
-18.3073
-18.1454
-18.2063
-13.0237
-10.1247
-4.97509
-7.38296
-6.91255
-4.40167
-2.60217
-1.68981
-1.37877
-1.41158
-1.6015
-1.76603
-1.76603
-1.6015
-1.41158
-1.37877
-1.68981
-2.60217
-4.40167
-6.91255
-7.38296
-4.97509
-10.1247
-13.0237
-18.2063
-18.1454
-18.3073
-18.5079
-18.6587
-18.6822
-18.5014
-18.0539
-17.3253
-16.3909
-15.4189
-14.5905
-14.0342
-11.2965
-7.17872
-3.21538
-2.62393
-1.38483
-0.528034
-0.199836
-0.0782163
-0.0330928
-0.015449
-0.00803238
-0.00476205
-0.00344154
-0.00348538
-0.00578889
-0.014878
-0.0407718
-0.0730113
-0.0517849
-0.00872565
-0.000169845
-9.36184e-07
-7.74875e-07
-6.11177e-07
-7.3479e-07
-5.10335e-07
-4.31468e-07
-5.48912e-07
-3.60067e-06
-0.00137259
-0.0242144
-0.0765723
-0.088314
-0.0682698
-0.0529583
-0.0495116
-0.0575483
-0.0799496
-0.125711
-0.213509
-0.378266
-0.677894
-1.18695
-1.94058
-2.87264
-3.62083
-3.29332
-6.0421
-7.30197
-13.028
-13.5399
-14.0626
-14.692
-15.3931
-16.0821
-16.6742
-17.1197
-17.4105
-17.5682
-17.6289
-17.6306
-17.5938
-17.4521
-9.93057
-8.62518
-5.44199
-8.62291
-7.72486
-5.05518
-2.82985
-1.53954
-0.953557
-0.739408
-0.690817
-0.69542
-0.69542
-0.690817
-0.739408
-0.953557
-1.53954
-2.82985
-5.05518
-7.72486
-8.62291
-5.44199
-8.62518
-9.93057
-17.4521
-17.5938
-17.6306
-17.6289
-17.5682
-17.4105
-17.1197
-16.6742
-16.0821
-15.3931
-14.692
-14.0626
-13.5399
-13.028
-7.30197
-6.0421
-3.29332
-3.62083
-2.87264
-1.94058
-1.18695
-0.677894
-0.378266
-0.213509
-0.125711
-0.0799496
-0.0575483
-0.0495116
-0.0529583
-0.0682698
-0.088314
-0.0765723
-0.0242144
-0.00137259
-3.60067e-06
-5.48912e-07
-4.31468e-07
-5.10335e-07
-3.28702e-07
-3.05155e-07
-4.189e-07
-0.000165108
-0.023257
-0.244415
-0.584938
-0.705938
-0.737014
-0.793496
-0.920505
-1.14433
-1.48802
-1.96806
-2.57578
-3.25106
-3.87826
-4.35451
-4.73254
-5.17528
-5.16903
-4.9301
-7.51011
-9.98197
-12.7936
-13.0627
-13.4643
-13.9492
-14.4846
-15.028
-15.5362
-15.9784
-16.3407
-16.6242
-16.8407
-17.0104
-17.1575
-15.1102
-9.25641
-6.51344
-6.48002
-9.50663
-8.58246
-5.84168
-3.21153
-1.52638
-0.718074
-0.391058
-0.268443
-0.228025
-0.228025
-0.268443
-0.391058
-0.718074
-1.52638
-3.21153
-5.84168
-8.58246
-9.50663
-6.48002
-6.51344
-9.25641
-15.1102
-17.1575
-17.0104
-16.8407
-16.6242
-16.3407
-15.9784
-15.5362
-15.028
-14.4846
-13.9492
-13.4643
-13.0627
-12.7936
-9.98197
-7.51011
-4.9301
-5.16903
-5.17528
-4.73254
-4.35451
-3.87826
-3.25106
-2.57578
-1.96806
-1.48802
-1.14433
-0.920505
-0.793496
-0.737014
-0.705938
-0.584938
-0.244415
-0.023257
-0.000165108
-4.189e-07
-3.05155e-07
-3.28702e-07
-2.02993e-07
-2.35101e-07
-3.80304e-07
-0.00296786
-0.237083
-1.72842
-3.30717
-4.14265
-4.7365
-5.23289
-5.70624
-6.17169
-6.59905
-6.92893
-7.10809
-7.13692
-7.09948
-7.1452
-7.44887
-7.8705
-7.2562
-6.90423
-7.13065
-11.2325
-12.1818
-12.4765
-12.8167
-13.2033
-13.6292
-14.0801
-14.5378
-14.9846
-15.4054
-15.7884
-16.1267
-16.4298
-16.8069
-11.9495
-9.9957
-5.85638
-7.58054
-10.1546
-9.38997
-6.70161
-3.73139
-1.6257
-0.601121
-0.222427
-0.100569
-0.0652048
-0.0652048
-0.100569
-0.222427
-0.601121
-1.6257
-3.73139
-6.70161
-9.38997
-10.1546
-7.58054
-5.85638
-9.9957
-11.9495
-16.8069
-16.4298
-16.1267
-15.7884
-15.4054
-14.9846
-14.5378
-14.0801
-13.6292
-13.2033
-12.8167
-12.4765
-12.1818
-11.2325
-7.13065
-6.90423
-7.2562
-7.8705
-7.44887
-7.1452
-7.09948
-7.13692
-7.10809
-6.92893
-6.59905
-6.17169
-5.70624
-5.23289
-4.7365
-4.14265
-3.30717
-1.72842
-0.237083
-0.00296786
-3.80304e-07
-2.35101e-07
-2.02993e-07
-1.2822e-07
-2.12197e-07
-1.27353e-06
-0.0229596
-1.24075
-5.43576
-7.9713
-9.55848
-10.5449
-11.1531
-11.5046
-11.6729
-11.6774
-11.5185
-11.2232
-10.8636
-10.5521
-10.4231
-10.5995
-10.6044
-8.78733
-8.15253
-7.58261
-11.207
-11.579
-11.8724
-12.1565
-12.4613
-12.8024
-13.1868
-13.6143
-14.0767
-14.5583
-15.0358
-15.475
-15.7965
-15.6757
-8.85699
-8.30666
-5.7169
-8.3228
-10.6324
-10.0879
-7.55875
-4.35069
-1.81716
-0.557581
-0.142421
-0.0390741
-0.0170666
-0.0170666
-0.0390741
-0.142421
-0.557581
-1.81716
-4.35069
-7.55875
-10.0879
-10.6324
-8.3228
-5.7169
-8.30666
-8.85699
-15.6757
-15.7965
-15.475
-15.0358
-14.5583
-14.0767
-13.6143
-13.1868
-12.8024
-12.4613
-12.1565
-11.8724
-11.579
-11.207
-7.58261
-8.15253
-8.78733
-10.6044
-10.5995
-10.4231
-10.5521
-10.8636
-11.2232
-11.5185
-11.6774
-11.6729
-11.5046
-11.1531
-10.5449
-9.55848
-7.9713
-5.43576
-1.24075
-0.0229596
-1.27353e-06
-2.12197e-07
-1.2822e-07
-9.012e-08
-2.1931e-07
-9.85945e-06
-0.0846589
-3.17161
-8.83306
-11.4774
-13.3557
-14.4354
-15.1405
-15.549
-15.7162
-15.6415
-15.3226
-14.8011
-14.1683
-13.5578
-13.1396
-13.0296
-12.2604
-9.1207
-8.03767
-8.23289
-10.8068
-11.0819
-11.3049
-11.5081
-11.7244
-11.9833
-12.3093
-12.7178
-13.2091
-13.7662
-14.3605
-14.9671
-15.6265
-13.0972
-10.1641
-6.98692
-6.085
-8.79748
-10.9547
-10.64
-8.34184
-5.01635
-2.08119
-0.561572
-0.104506
-0.0168865
-0.00431948
-0.00431948
-0.0168865
-0.104506
-0.561572
-2.08119
-5.01635
-8.34184
-10.64
-10.9547
-8.79748
-6.085
-6.98692
-10.1641
-13.0972
-15.6265
-14.9671
-14.3605
-13.7662
-13.2091
-12.7178
-12.3093
-11.9833
-11.7244
-11.5081
-11.3049
-11.0819
-10.8068
-8.23289
-8.03767
-9.1207
-12.2604
-13.0296
-13.1396
-13.5578
-14.1683
-14.8011
-15.3226
-15.6415
-15.7162
-15.549
-15.1405
-14.4354
-13.3557
-11.4774
-8.83306
-3.17161
-0.0846589
-9.85945e-06
-2.1931e-07
-9.012e-08
-7.35363e-08
-2.38333e-07
-3.71716e-05
-0.174587
-4.91232
-10.7141
-13.463
-15.4089
-16.5548
-17.3873
-17.9225
-18.1745
-18.1098
-17.7107
-17.0186
-16.1351
-15.2199
-14.5123
-14.0551
-12.2115
-8.38544
-7.36561
-8.53358
-10.4694
-10.6551
-10.7796
-10.877
-10.9857
-11.149
-11.4109
-11.8054
-12.341
-12.9949
-13.7195
-14.4423
-14.9837
-10.2059
-9.62853
-6.21114
-6.36423
-9.03755
-11.1285
-11.0409
-9.00131
-5.66809
-2.39361
-0.597725
-0.0869665
-0.00853712
-0.00112696
-0.00112696
-0.00853712
-0.0869665
-0.597725
-2.39361
-5.66809
-9.00131
-11.0409
-11.1285
-9.03755
-6.36423
-6.21114
-9.62853
-10.2059
-14.9837
-14.4423
-13.7195
-12.9949
-12.341
-11.8054
-11.4109
-11.149
-10.9857
-10.877
-10.7796
-10.6551
-10.4694
-8.53358
-7.36561
-8.38544
-12.2115
-14.0551
-14.5123
-15.2199
-16.1351
-17.0186
-17.7107
-18.1098
-18.1745
-17.9225
-17.3873
-16.5548
-15.4089
-13.463
-10.7141
-4.91232
-0.174587
-3.71716e-05
-2.38333e-07
-7.35363e-08
-6.73657e-08
-2.56362e-07
-8.07611e-05
-0.244923
-5.78249
-11.4215
-14.1959
-16.0649
-17.1677
-17.9872
-18.5245
-18.7655
-18.6527
-18.1542
-17.3073
-16.2216
-15.0948
-14.2384
-13.4348
-10.5157
-7.27805
-6.87547
-8.93641
-10.2377
-10.3013
-10.2999
-10.2634
-10.2348
-10.2736
-10.4514
-10.8316
-11.4348
-12.2252
-13.1395
-14.1425
-13.307
-10.364
-8.44188
-5.90444
-6.48582
-9.08265
-11.1756
-11.3045
-9.51335
-6.25124
-2.72483
-0.655105
-0.0797889
-0.00512892
-0.000324192
-0.000324192
-0.00512892
-0.0797889
-0.655105
-2.72483
-6.25124
-9.51335
-11.3045
-11.1756
-9.08265
-6.48582
-5.90444
-8.44188
-10.364
-13.307
-14.1425
-13.1395
-12.2252
-11.4348
-10.8316
-10.4514
-10.2736
-10.2348
-10.2634
-10.2999
-10.3013
-10.2377
-8.93641
-6.87547
-7.27805
-10.5157
-13.4348
-14.2384
-15.0948
-16.2216
-17.3073
-18.1542
-18.6527
-18.7655
-18.5245
-17.9872
-17.1677
-16.0649
-14.1959
-11.4215
-5.78249
-0.244923
-8.07611e-05
-2.56362e-07
-6.73657e-08
-6.51586e-08
-2.67272e-07
-0.000120154
-0.272882
-5.88386
-11.357
-14.038
-15.7533
-16.6958
-17.324
-17.6735
-17.741
-17.4765
-16.8516
-15.904
-14.752
-13.6324
-12.8394
-11.6406
-8.11904
-6.60963
-6.74286
-9.52514
-10.0977
-10.02
-9.87126
-9.67148
-9.46478
-9.32923
-9.38115
-9.74089
-10.4503
-11.4322
-12.5591
-13.6906
-11.1773
-10.5344
-7.56164
-5.72097
-6.45594
-8.98696
-11.1345
-11.4572
-9.87766
-6.72853
-3.04469
-0.724664
-0.0781825
-0.00359999
-0.000108784
-0.000108784
-0.00359999
-0.0781825
-0.724664
-3.04469
-6.72853
-9.87766
-11.4572
-11.1345
-8.98696
-6.45594
-5.72097
-7.56164
-10.5344
-11.1773
-13.6906
-12.5591
-11.4322
-10.4503
-9.74089
-9.38115
-9.32923
-9.46478
-9.67148
-9.87126
-10.02
-10.0977
-9.52514
-6.74286
-6.60963
-8.11904
-11.6406
-12.8394
-13.6324
-14.752
-15.904
-16.8516
-17.4765
-17.741
-17.6735
-17.324
-16.6958
-15.7533
-14.038
-11.357
-5.88386
-0.272882
-0.000120154
-2.67272e-07
-6.51586e-08
-6.35788e-08
-2.69924e-07
-0.000141682
-0.267681
-5.54875
-10.8467
-13.3651
-14.9221
-15.6966
-16.1017
-16.2141
-16.0615
-15.6253
-14.8982
-13.927
-12.8407
-11.8953
-11.1917
-9.39067
-6.17238
-6.7032
-6.8998
-10.062
-10.0179
-9.81693
-9.51134
-9.12189
-8.68554
-8.29422
-8.13673
-8.46084
-9.35799
-10.6425
-12.0993
-12.7173
-10.8277
-9.90584
-6.98038
-5.50575
-6.29648
-8.79999
-11.0395
-11.5271
-10.1101
-7.08444
-3.32785
-0.798235
-0.0796332
-0.00285423
-4.38617e-05
-4.38617e-05
-0.00285423
-0.0796332
-0.798235
-3.32785
-7.08444
-10.1101
-11.5271
-11.0395
-8.79999
-6.29648
-5.50575
-6.98038
-9.90584
-10.8277
-12.7173
-12.0993
-10.6425
-9.35799
-8.46084
-8.13673
-8.29422
-8.68554
-9.12189
-9.51134
-9.81693
-10.0179
-10.062
-6.8998
-6.7032
-6.17238
-9.39067
-11.1917
-11.8953
-12.8407
-13.927
-14.8982
-15.6253
-16.0615
-16.2141
-16.1017
-15.6966
-14.9221
-13.3651
-10.8467
-5.54875
-0.267681
-0.000141682
-2.69924e-07
-6.35788e-08
-6.10164e-08
-2.65783e-07
-0.000148261
-0.247325
-5.05398
-10.1361
-12.4707
-13.8865
-14.5405
-14.7941
-14.7496
-14.4594
-13.9338
-13.1847
-12.2679
-11.3242
-10.5791
-9.72442
-7.23895
-5.35888
-7.14771
-8.36157
-10.4152
-10.1015
-9.73051
-9.26035
-8.66821
-7.95153
-7.15642
-6.59942
-6.8792
-8.1608
-9.91414
-11.7008
-11.5928
-10.9701
-9.16474
-6.56217
-5.28173
-6.08061
-8.57655
-10.9217
-11.5412
-10.2361
-7.32412
-3.55968
-0.869482
-0.0827535
-0.00247192
-2.12597e-05
-2.12597e-05
-0.00247192
-0.0827535
-0.869482
-3.55968
-7.32412
-10.2361
-11.5412
-10.9217
-8.57655
-6.08061
-5.28173
-6.56217
-9.16474
-10.9701
-11.5928
-11.7008
-9.91414
-8.1608
-6.8792
-6.59942
-7.15642
-7.95153
-8.66821
-9.26035
-9.73051
-10.1015
-10.4152
-8.36157
-7.14771
-5.35888
-7.23895
-9.72442
-10.5791
-11.3242
-12.2679
-13.1847
-13.9338
-14.4594
-14.7496
-14.7941
-14.5405
-13.8865
-12.4707
-10.1361
-5.05398
-0.247325
-0.000148261
-2.65783e-07
-6.10164e-08
-5.69559e-08
-2.57265e-07
-0.000149812
-0.225308
-4.56845
-9.40215
-11.5624
-12.8565
-13.4342
-13.6139
-13.512
-13.1947
-12.6869
-12.0072
-11.212
-10.4461
-9.79438
-8.397
-5.62293
-5.67383
-7.51486
-9.97546
-10.7331
-10.2624
-9.76727
-9.17111
-8.41224
-7.22085
-5.82723
-5.25617
-5.97593
-7.31866
-9.50683
-11.4228
-10.8018
-10.6735
-8.56116
-6.26334
-5.10526
-5.8718
-8.34655
-10.7921
-11.5189
-10.2862
-7.46817
-3.7369
-0.934155
-0.0867325
-0.00227786
-1.21546e-05
-1.21546e-05
-0.00227786
-0.0867325
-0.934155
-3.7369
-7.46817
-10.2862
-11.5189
-10.7921
-8.34655
-5.8718
-5.10526
-6.26334
-8.56116
-10.6735
-10.8018
-11.4228
-9.50683
-7.31866
-5.97593
-5.25617
-5.82723
-7.22085
-8.41224
-9.17111
-9.76727
-10.2624
-10.7331
-9.97546
-7.51486
-5.67383
-5.62293
-8.397
-9.79438
-10.4461
-11.212
-12.0072
-12.6869
-13.1947
-13.512
-13.6139
-13.4342
-12.8565
-11.5624
-9.40215
-4.56845
-0.225308
-0.000149812
-2.57265e-07
-5.69559e-08
-5.17142e-08
-2.4687e-07
-0.000154849
-0.208574
-4.17555
-8.76166
-10.7777
-11.977
-12.5133
-12.6745
-12.5855
-12.3206
-11.9078
-11.3616
-10.7335
-10.1355
-9.31599
-7.06912
-4.89815
-6.90764
-7.60926
-11.2433
-10.943
-10.4815
-9.94464
-9.30422
-8.02533
-6.3412
-5.28252
-5.07674
-6.29092
-8.15997
-9.53163
-11.4522
-11.0026
-10.4155
-8.33459
-6.18064
-5.05161
-5.72017
-8.12566
-10.6533
-11.4775
-10.2937
-7.54781
-3.86896
-0.991962
-0.0913221
-0.0021988
-8.01824e-06
-8.01824e-06
-0.0021988
-0.0913221
-0.991962
-3.86896
-7.54781
-10.2937
-11.4775
-10.6533
-8.12566
-5.72017
-5.05161
-6.18064
-8.33459
-10.4155
-11.0026
-11.4522
-9.53163
-8.15997
-6.29092
-5.07674
-5.28252
-6.3412
-8.02533
-9.30422
-9.94464
-10.4815
-10.943
-11.2433
-7.60926
-6.90764
-4.89815
-7.06912
-9.31599
-10.1355
-10.7335
-11.3616
-11.9078
-12.3206
-12.5855
-12.6745
-12.5133
-11.977
-10.7777
-8.76166
-4.17555
-0.208574
-0.000154849
-2.4687e-07
-5.17142e-08
-4.61768e-08
-2.3675e-07
-0.000168626
-0.199395
-3.90177
-8.27695
-10.1933
-11.3354
-11.8627
-12.0438
-12.0098
-11.839
-11.5576
-11.1743
-10.7313
-10.2025
-8.77392
-5.81478
-5.30424
-8.16291
-9.99798
-11.831
-11.3209
-10.8174
-10.2777
-9.17306
-7.11165
-5.60513
-4.38617
-4.7964
-6.40351
-8.39199
-10.0741
-11.328
-11.3232
-10.4304
-8.44238
-6.35516
-5.16678
-5.65439
-7.91345
-10.493
-11.4275
-10.2916
-7.5986
-3.97274
-1.04531
-0.0965976
-0.00220434
-5.99277e-06
-5.99277e-06
-0.00220434
-0.0965976
-1.04531
-3.97274
-7.5986
-10.2916
-11.4275
-10.493
-7.91345
-5.65439
-5.16678
-6.35516
-8.44238
-10.4304
-11.3232
-11.328
-10.0741
-8.39199
-6.40351
-4.7964
-4.38617
-5.60513
-7.11165
-9.17306
-10.2777
-10.8174
-11.3209
-11.831
-9.99798
-8.16291
-5.30424
-5.81478
-8.77392
-10.2025
-10.7313
-11.1743
-11.5576
-11.839
-12.0098
-12.0438
-11.8627
-11.3354
-10.1933
-8.27695
-3.90177
-0.199395
-0.000168626
-2.3675e-07
-4.61768e-08
-4.14577e-08
-2.28511e-07
-0.000194359
-0.197581
-3.74085
-7.96561
-9.83519
-10.9637
-11.5147
-11.7441
-11.7869
-11.7238
-11.5796
-11.3644
-11.0847
-10.3513
-7.8404
-5.0433
-6.72569
-8.42578
-12.0405
-12.2363
-11.7393
-11.239
-10.4763
-7.80571
-6.29839
-4.27289
-3.80731
-4.7477
-6.4293
-8.41249
-10.2789
-11.5178
-11.7473
-10.8054
-8.8976
-6.8127
-5.48371
-5.69908
-7.71209
-10.2988
-11.3749
-10.3088
-7.65513
-4.07032
-1.10001
-0.103088
-0.00229122
-5.02232e-06
-5.02232e-06
-0.00229122
-0.103088
-1.10001
-4.07032
-7.65513
-10.3088
-11.3749
-10.2988
-7.71209
-5.69908
-5.48371
-6.8127
-8.8976
-10.8054
-11.7473
-11.5178
-10.2789
-8.41249
-6.4293
-4.7477
-3.80731
-4.27289
-6.29839
-7.80571
-10.4763
-11.239
-11.7393
-12.2363
-12.0405
-8.42578
-6.72569
-5.0433
-7.8404
-10.3513
-11.0847
-11.3644
-11.5796
-11.7238
-11.7869
-11.7441
-11.5147
-10.9637
-9.83519
-7.96561
-3.74085
-0.197581
-0.000194359
-2.28511e-07
-4.14577e-08
-3.85769e-08
-2.23138e-07
-0.000234761
-0.202024
-3.67189
-7.81423
-9.69053
-10.8487
-11.4534
-11.7513
-11.88
-11.9208
-11.9046
-11.8507
-11.6218
-10.1532
-6.54402
-5.30177
-8.52826
-10.2397
-13.1097
-12.6654
-12.2106
-11.7195
-8.41118
-7.1861
-4.5351
-3.35844
-3.59419
-4.70855
-6.3661
-8.39181
-10.4079
-11.8638
-12.2866
-11.481
-9.67165
-7.55339
-6.01841
-5.8778
-7.53526
-10.0593
-11.3135
-10.3622
-7.74461
-4.18207
-1.16239
-0.111465
-0.00246911
-4.68774e-06
-4.68774e-06
-0.00246911
-0.111465
-1.16239
-4.18207
-7.74461
-10.3622
-11.3135
-10.0593
-7.53526
-5.8778
-6.01841
-7.55339
-9.67165
-11.481
-12.2866
-11.8638
-10.4079
-8.39181
-6.3661
-4.70855
-3.59419
-3.35844
-4.5351
-7.1861
-8.41118
-11.7195
-12.2106
-12.6654
-13.1097
-10.2397
-8.52826
-5.30177
-6.54402
-10.1532
-11.6218
-11.8507
-11.9046
-11.9208
-11.88
-11.7513
-11.4534
-10.8487
-9.69053
-7.81423
-3.67189
-0.202024
-0.000234761
-2.23138e-07
-3.85769e-08
-3.82496e-08
-2.21045e-07
-0.000293177
-0.211524
-3.67042
-7.79214
-9.72198
-10.946
-11.6282
-12.0076
-12.2218
-12.3555
-12.4605
-12.5379
-12.039
-9.18877
-5.50083
-6.79273
-9.13591
-12.9142
-13.5568
-13.1487
-12.7712
-9.77558
-8.05167
-5.03014
-3.28977
-2.99432
-3.56378
-4.69099
-6.34452
-8.4264
-10.5815
-12.2616
-12.9491
-12.3806
-10.7125
-8.55907
-6.78129
-6.21754
-7.40925
-9.77007
-11.226
-10.4537
-7.88213
-4.32314
-1.23892
-0.122636
-0.00276272
-4.85051e-06
-4.85051e-06
-0.00276272
-0.122636
-1.23892
-4.32314
-7.88213
-10.4537
-11.226
-9.77007
-7.40925
-6.21754
-6.78129
-8.55907
-10.7125
-12.3806
-12.9491
-12.2616
-10.5815
-8.4264
-6.34452
-4.69099
-3.56378
-2.99432
-3.28977
-5.03014
-8.05167
-9.77558
-12.7712
-13.1487
-13.5568
-12.9142
-9.13591
-6.79273
-5.50083
-9.18877
-12.039
-12.5379
-12.4605
-12.3555
-12.2218
-12.0076
-11.6282
-10.946
-9.72198
-7.79214
-3.67042
-0.211524
-0.000293177
-2.21045e-07
-3.82496e-08
-4.08155e-08
-2.22199e-07
-0.000374452
-0.225121
-3.71401
-7.86257
-9.88132
-11.1968
-11.9715
-12.4369
-12.7301
-12.9499
-13.1778
-13.2582
-11.8296
-7.51037
-5.58399
-8.88812
-10.6984
-14.2608
-13.951
-13.6423
-11.1583
-8.75605
-5.72959
-3.43739
-2.78282
-2.97755
-3.6363
-4.75984
-6.41649
-8.53442
-10.8012
-12.6988
-13.6831
-13.4129
-11.9425
-9.78779
-7.76844
-6.74738
-7.38377
-9.4479
-11.0854
-10.5665
-8.07056
-4.50149
-1.33401
-0.137453
-0.00320649
-5.52175e-06
-5.52175e-06
-0.00320649
-0.137453
-1.33401
-4.50149
-8.07056
-10.5665
-11.0854
-9.4479
-7.38377
-6.74738
-7.76844
-9.78779
-11.9425
-13.4129
-13.6831
-12.6988
-10.8012
-8.53442
-6.41649
-4.75984
-3.6363
-2.97755
-2.78282
-3.43739
-5.72959
-8.75605
-11.1583
-13.6423
-13.951
-14.2608
-10.6984
-8.88812
-5.58399
-7.51037
-11.8296
-13.2582
-13.1778
-12.9499
-12.7301
-12.4369
-11.9715
-11.1968
-9.88132
-7.86257
-3.71401
-0.225121
-0.000374452
-2.22199e-07
-4.08155e-08
-4.6277e-08
-2.26283e-07
-0.00048584
-0.242205
-3.78457
-7.99074
-10.121
-11.5418
-12.4144
-12.9621
-13.3264
-13.6386
-13.9639
-13.6456
-10.4821
-6.05045
-7.16632
-9.81595
-13.7764
-14.6981
-14.3724
-12.5621
-9.30877
-6.54588
-3.71448
-2.79056
-2.7857
-3.14104
-3.82585
-4.94757
-6.58709
-8.70227
-11.0371
-13.1218
-14.4069
-14.4787
-13.2734
-11.1848
-8.9662
-7.49029
-7.51076
-9.13058
-10.8694
-10.6716
-8.30126
-4.71837
-1.45065
-0.156882
-0.00385282
-6.84968e-06
-6.84968e-06
-0.00385282
-0.156882
-1.45065
-4.71837
-8.30126
-10.6716
-10.8694
-9.13058
-7.51076
-7.49029
-8.9662
-11.1848
-13.2734
-14.4787
-14.4069
-13.1218
-11.0371
-8.70227
-6.58709
-4.94757
-3.82585
-3.14104
-2.7857
-2.79056
-3.71448
-6.54588
-9.30877
-12.5621
-14.3724
-14.6981
-13.7764
-9.81595
-7.16632
-6.05045
-10.4821
-13.6456
-13.9639
-13.6386
-13.3264
-12.9621
-12.4144
-11.5418
-10.121
-7.99074
-3.78457
-0.242205
-0.00048584
-2.26283e-07
-4.6277e-08
-5.43886e-08
-2.32851e-07
-0.000638633
-0.262623
-3.86964
-8.14886
-10.4021
-11.9321
-12.899
-13.52
-13.9555
-14.3699
-14.6113
-13.0625
-8.21455
-6.01375
-9.50272
-11.2739
-15.3132
-15.0203
-13.909
-9.7901
-7.4587
-4.10431
-2.94638
-2.85773
-3.0417
-3.4395
-4.14836
-5.25539
-6.84321
-8.90562
-11.2496
-13.4697
-15.0358
-15.4782
-14.6108
-12.6829
-10.3481
-8.46257
-7.8484
-8.8859
-10.5751
-10.7318
-8.559
-4.97139
-1.59001
-0.181814
-0.00477075
-9.14328e-06
-9.14328e-06
-0.00477075
-0.181814
-1.59001
-4.97139
-8.559
-10.7318
-10.5751
-8.8859
-7.8484
-8.46257
-10.3481
-12.6829
-14.6108
-15.4782
-15.0358
-13.4697
-11.2496
-8.90562
-6.84321
-5.25539
-4.14836
-3.4395
-3.0417
-2.85773
-2.94638
-4.10431
-7.4587
-9.7901
-13.909
-15.0203
-15.3132
-11.2739
-9.50272
-6.01375
-8.21455
-13.0625
-14.6113
-14.3699
-13.9555
-13.52
-12.899
-11.9321
-10.4021
-8.14886
-3.86964
-0.262623
-0.000638633
-2.32851e-07
-5.43886e-08
-6.47476e-08
-2.41446e-07
-0.000851647
-0.286891
-3.96331
-8.31863
-10.6977
-12.3333
-13.3851
-14.0729
-14.5928
-15.0521
-14.6418
-11.0149
-6.47038
-7.746
-10.8838
-14.7014
-15.8115
-15.133
-10.2119
-8.40583
-4.59688
-3.22651
-3.1519
-3.24466
-3.42789
-3.87231
-4.60962
-5.6841
-7.18361
-9.13965
-11.4255
-13.7127
-15.5157
-16.3347
-15.8697
-14.2097
-11.8728
-9.66236
-8.43874
-8.79381
-10.2356
-10.7158
-8.82435
-5.2574
-1.75319
-0.213325
-0.00605928
-1.29784e-05
-1.29784e-05
-0.00605928
-0.213325
-1.75319
-5.2574
-8.82435
-10.7158
-10.2356
-8.79381
-8.43874
-9.66236
-11.8728
-14.2097
-15.8697
-16.3347
-15.5157
-13.7127
-11.4255
-9.13965
-7.18361
-5.6841
-4.60962
-3.87231
-3.42789
-3.24466
-3.1519
-3.22651
-4.59688
-8.40583
-10.2119
-15.133
-15.8115
-14.7014
-10.8838
-7.746
-6.47038
-11.0149
-14.6418
-15.0521
-14.5928
-14.0729
-13.3851
-12.3333
-10.6977
-8.31863
-3.96331
-0.286891
-0.000851647
-2.41446e-07
-6.47476e-08
-7.68534e-08
-2.51663e-07
-0.00115817
-0.316503
-4.06653
-8.49147
-10.9933
-12.7258
-13.8526
-14.6116
-15.2117
-15.4079
-13.3383
-8.22251
-6.61144
-10.461
-12.0402
-16.5491
-16.18
-11.114
-9.37581
-5.24098
-3.63388
-3.65894
-3.75627
-3.71733
-3.91792
-4.43914
-5.2117
-6.24138
-7.62039
-9.4174
-11.5733
-13.8461
-15.8183
-16.9916
-16.9732
-15.687
-13.4837
-11.0699
-9.30768
-8.93544
-9.92168
-10.608
-9.0755
-5.57468
-1.94184
-0.252635
-0.00785338
-1.93869e-05
-1.93869e-05
-0.00785338
-0.252635
-1.94184
-5.57468
-9.0755
-10.608
-9.92168
-8.93544
-9.30768
-11.0699
-13.4837
-15.687
-16.9732
-16.9916
-15.8183
-13.8461
-11.5733
-9.4174
-7.62039
-6.24138
-5.2117
-4.43914
-3.91792
-3.71733
-3.75627
-3.65894
-3.63388
-5.24098
-9.37581
-11.114
-16.18
-16.5491
-12.0402
-10.461
-6.61144
-8.22251
-13.3383
-15.4079
-15.2117
-14.6116
-13.8526
-12.7258
-10.9933
-8.49147
-4.06653
-0.316503
-0.00115817
-2.51663e-07
-7.68534e-08
-9.01253e-08
-2.63169e-07
-0.00161883
-0.354256
-4.18639
-8.66738
-11.2848
-13.1033
-14.2992
-15.1348
-15.673
-14.8213
-10.5164
-6.65251
-8.66003
-12.5112
-15.8008
-17.2366
-12.3957
-10.3952
-6.06477
-4.17605
-4.33902
-4.58225
-4.3418
-4.21235
-4.49762
-5.12729
-5.95077
-6.93549
-8.17232
-9.76434
-11.72
-13.8892
-15.9425
-17.4163
-17.857
-17.0338
-15.1071
-12.6412
-10.4547
-9.37304
-9.73256
-10.4261
-9.29027
-5.92277
-2.1597
-0.301434
-0.0103472
-3.0279e-05
-3.0279e-05
-0.0103472
-0.301434
-2.1597
-5.92277
-9.29027
-10.4261
-9.73256
-9.37304
-10.4547
-12.6412
-15.1071
-17.0338
-17.857
-17.4163
-15.9425
-13.8892
-11.72
-9.76434
-8.17232
-6.93549
-5.95077
-5.12729
-4.49762
-4.21235
-4.3418
-4.58225
-4.33902
-4.17605
-6.06477
-10.3952
-12.3957
-17.2366
-15.8008
-12.5112
-8.66003
-6.65251
-10.5164
-14.8213
-15.673
-15.1348
-14.2992
-13.1033
-11.2848
-8.66738
-4.18639
-0.354256
-0.00161883
-2.63169e-07
-9.01253e-08
-1.03883e-07
-2.75686e-07
-0.00234526
-0.404594
-4.33459
-8.85297
-11.5756
-13.4685
-14.7298
-15.5781
-15.5461
-12.63
-7.71914
-7.42507
-11.5412
-13.753
-17.8201
-13.5271
-11.4092
-7.02749
-4.84283
-5.12395
-5.66541
-5.33507
-4.82099
-4.72281
-5.14473
-5.91236
-6.8117
-7.76667
-8.85587
-10.2098
-11.9019
-13.8768
-15.9077
-17.5976
-18.4717
-18.1701
-16.6555
-14.3085
-11.8519
-10.1401
-9.77182
-10.2278
-9.4509
-6.30086
-2.41343
-0.362172
-0.0138252
-4.93331e-05
-4.93331e-05
-0.0138252
-0.362172
-2.41343
-6.30086
-9.4509
-10.2278
-9.77182
-10.1401
-11.8519
-14.3085
-16.6555
-18.1701
-18.4717
-17.5976
-15.9077
-13.8768
-11.9019
-10.2098
-8.85587
-7.76667
-6.8117
-5.91236
-5.14473
-4.72281
-4.82099
-5.33507
-5.66541
-5.12395
-4.84283
-7.02749
-11.4092
-13.5271
-17.8201
-13.753
-11.5412
-7.42507
-7.71914
-12.63
-15.5461
-15.5781
-14.7298
-13.4685
-11.5756
-8.85297
-4.33459
-0.404594
-0.00234526
-2.75686e-07
-1.03883e-07
-1.17299e-07
-2.88956e-07
-0.00354528
-0.474114
-4.52585
-9.05984
-11.8749
-13.8289
-15.1183
-15.6778
-14.1112
-9.42533
-7.12277
-10.1334
-14.1223
-16.5125
-14.7459
-12.4016
-8.03836
-5.59484
-5.92714
-6.88753
-6.66207
-5.82506
-5.23745
-5.24682
-5.83309
-6.76109
-7.76535
-8.72033
-9.67702
-10.7799
-12.1602
-13.8564
-15.7538
-17.5494
-18.7901
-19.0268
-18.0352
-15.9833
-13.4429
-11.2367
-10.1257
-10.1107
-9.55626
-6.70482
-2.713
-0.43864
-0.0187237
-8.40394e-05
-8.40394e-05
-0.0187237
-0.43864
-2.713
-6.70482
-9.55626
-10.1107
-10.1257
-11.2367
-13.4429
-15.9833
-18.0352
-19.0268
-18.7901
-17.5494
-15.7538
-13.8564
-12.1602
-10.7799
-9.67702
-8.72033
-7.76535
-6.76109
-5.83309
-5.24682
-5.23745
-5.82506
-6.66207
-6.88753
-5.92714
-5.59484
-8.03836
-12.4016
-14.7459
-16.5125
-14.1223
-10.1334
-7.12277
-9.42533
-14.1112
-15.6778
-15.1183
-13.8289
-11.8749
-9.05984
-4.52585
-0.474114
-0.00354528
-2.88956e-07
-1.17299e-07
-1.29352e-07
-3.02708e-07
-0.00561457
-0.572539
-4.77749
-9.30431
-12.1959
-14.1804
-15.3235
-14.8683
-11.2142
-7.58786
-9.13519
-13.4658
-16.1649
-15.9465
-13.3226
-9.10581
-6.39979
-6.68138
-8.10897
-8.21473
-7.23046
-6.1841
-5.63772
-5.78193
-6.53837
-7.63674
-8.77148
-9.76494
-10.6244
-11.4886
-12.5322
-13.8806
-15.5352
-17.3077
-18.8089
-19.5502
-19.1516
-17.5582
-15.1416
-12.6259
-10.843
-10.1903
-9.63632
-7.12661
-3.07173
-0.536882
-0.0257484
-0.000150591
-0.000150591
-0.0257484
-0.536882
-3.07173
-7.12661
-9.63632
-10.1903
-10.843
-12.6259
-15.1416
-17.5582
-19.1516
-19.5502
-18.8089
-17.3077
-15.5352
-13.8806
-12.5322
-11.4886
-10.6244
-9.76494
-8.77148
-7.63674
-6.53837
-5.78193
-5.63772
-6.1841
-7.23046
-8.21473
-8.10897
-6.68138
-6.39979
-9.10581
-13.3226
-15.9465
-16.1649
-13.4658
-9.13519
-7.58786
-11.2142
-14.8683
-15.3235
-14.1804
-12.1959
-9.30431
-4.77749
-0.572539
-0.00561457
-3.02708e-07
-1.29352e-07
-1.3878e-07
-7.19928e-07
-0.00933423
-0.714583
-5.11097
-9.60912
-12.5524
-14.4636
-14.977
-12.6672
-8.63373
-8.61917
-12.5625
-16.0854
-16.7256
-14.4462
-10.3524
-7.31223
-7.39205
-9.23457
-9.85529
-8.95379
-7.60532
-6.51941
-6.05185
-6.32803
-7.24166
-8.50418
-9.78301
-10.8524
-11.6648
-12.3303
-13.0441
-14.003
-15.3198
-16.9345
-18.5582
-19.7176
-19.9264
-18.9208
-16.8377
-14.2359
-11.9299
-10.5749
-9.76437
-7.5583
-3.50368
-0.666142
-0.0360797
-0.000286014
-0.000286014
-0.0360797
-0.666142
-3.50368
-7.5583
-9.76437
-10.5749
-11.9299
-14.2359
-16.8377
-18.9208
-19.9264
-19.7176
-18.5582
-16.9345
-15.3198
-14.003
-13.0441
-12.3303
-11.6648
-10.8524
-9.78301
-8.50418
-7.24166
-6.32803
-6.05185
-6.51941
-7.60532
-8.95379
-9.85529
-9.23457
-7.39205
-7.31223
-10.3524
-14.4462
-16.7256
-16.0854
-12.5625
-8.61917
-8.63373
-12.6672
-14.977
-14.4636
-12.5524
-9.60912
-5.11097
-0.714583
-0.00933423
-7.19928e-07
-1.3878e-07
-1.44092e-07
-3.0754e-06
-0.0163308
-0.923445
-5.55587
-10.0069
-12.9425
-14.4795
-13.5731
-9.99666
-8.64341
-11.7582
-15.6465
-17.0826
-15.515
-11.7216
-8.37281
-8.09831
-10.2144
-11.4537
-10.854
-9.42173
-7.95134
-6.88416
-6.49666
-6.88567
-7.93019
-9.33555
-10.7554
-11.9262
-12.7442
-13.2724
-13.6978
-14.2624
-15.1752
-16.5061
-18.0945
-19.5367
-20.3034
-19.9616
-18.4028
-15.9611
-13.3454
-11.3351
-10.0488
-8.00603
-4.02191
-0.840509
-0.0517915
-0.000579706
-0.000579706
-0.0517915
-0.840509
-4.02191
-8.00603
-10.0488
-11.3351
-13.3454
-15.9611
-18.4028
-19.9616
-20.3034
-19.5367
-18.0945
-16.5061
-15.1752
-14.2624
-13.6978
-13.2724
-12.7442
-11.9262
-10.7554
-9.33555
-7.93019
-6.88567
-6.49666
-6.88416
-7.95134
-9.42173
-10.854
-11.4537
-10.2144
-8.09831
-8.37281
-11.7216
-15.515
-17.0826
-15.6465
-11.7582
-8.64341
-9.99666
-13.5731
-14.4795
-12.9425
-10.0069
-5.55587
-0.923445
-0.0163308
-3.0754e-06
-1.44092e-07
-1.43681e-07
-1.44992e-05
-0.030257
-1.23764
-6.15744
-10.5419
-13.2979
-13.8418
-11.3659
-9.23254
-11.287
-15.1705
-17.23
-16.3767
-13.0578
-9.53405
-8.81107
-11.0049
-12.8757
-12.7579
-11.4614
-9.83216
-8.33067
-7.29695
-6.97885
-7.45447
-8.59532
-10.1093
-11.6488
-12.9277
-13.7948
-14.2577
-14.4685
-14.6795
-15.1655
-16.115
-17.5102
-19.0629
-20.2694
-20.5921
-19.6991
-17.6624
-14.9996
-12.4875
-10.6075
-8.5083
-4.6355
-1.07995
-0.0765855
-0.00125679
-0.00125679
-0.0765855
-1.07995
-4.6355
-8.5083
-10.6075
-12.4875
-14.9996
-17.6624
-19.6991
-20.5921
-20.2694
-19.0629
-17.5102
-16.115
-15.1655
-14.6795
-14.4685
-14.2577
-13.7948
-12.9277
-11.6488
-10.1093
-8.59532
-7.45447
-6.97885
-7.29695
-8.33067
-9.83216
-11.4614
-12.7579
-12.8757
-11.0049
-8.81107
-9.53405
-13.0578
-16.3767
-17.23
-15.1705
-11.287
-9.23254
-11.3659
-13.8418
-13.2979
-10.5419
-6.15744
-1.23764
-0.030257
-1.44992e-05
-1.43681e-07
-1.36142e-07
-7.48018e-05
-0.0601566
-1.72562
-6.98989
-11.2501
-13.3888
-12.4448
-10.2867
-11.3
-14.8457
-17.3257
-17.0833
-14.293
-10.7456
-9.54377
-11.5892
-13.994
-14.4754
-13.5047
-11.9455
-10.252
-8.75072
-7.75472
-7.4933
-8.02881
-9.22934
-10.8113
-12.4355
-13.8081
-14.7467
-15.2089
-15.2962
-15.2358
-15.3273
-15.8459
-16.9117
-18.3863
-19.8592
-20.7669
-20.6092
-19.19
-16.7655
-13.9901
-11.53
-9.14503
-5.35405
-1.41162
-0.117177
-0.00290137
-0.00290137
-0.117177
-1.41162
-5.35405
-9.14503
-11.53
-13.9901
-16.7655
-19.19
-20.6092
-20.7669
-19.8592
-18.3863
-16.9117
-15.8459
-15.3273
-15.2358
-15.2962
-15.2089
-14.7467
-13.8081
-12.4355
-10.8113
-9.22934
-8.02881
-7.4933
-7.75472
-8.75072
-10.252
-11.9455
-13.5047
-14.4754
-13.994
-11.5892
-9.54377
-10.7456
-14.293
-17.0833
-17.3257
-14.8457
-11.3
-10.2867
-12.4448
-13.3888
-11.2501
-6.98989
-1.72562
-0.0601566
-7.48018e-05
-1.36142e-07
-1.20948e-07
-0.000411692
-0.130863
-2.51754
-8.15916
-12.055
-12.9784
-11.5806
-11.8606
-14.8186
-17.4808
-17.7293
-15.4432
-11.9951
-10.3414
-12.0194
-14.7447
-15.8407
-15.3295
-14.0286
-12.3848
-10.673
-9.19124
-8.23896
-8.02482
-8.59614
-9.8205
-11.4271
-13.0927
-14.5289
-15.5398
-16.0474
-16.1023
-15.8823
-15.6666
-15.7693
-16.4214
-17.6408
-19.163
-20.487
-21.0299
-20.3684
-18.4602
-15.7261
-12.8399
-10.02
-6.19832
-1.86986
-0.185647
-0.00703855
-0.00703855
-0.185647
-1.86986
-6.19832
-10.02
-12.8399
-15.7261
-18.4602
-20.3684
-21.0299
-20.487
-19.163
-17.6408
-16.4214
-15.7693
-15.6666
-15.8823
-16.1023
-16.0474
-15.5398
-14.5289
-13.0927
-11.4271
-9.8205
-8.59614
-8.02482
-8.23896
-9.19124
-10.673
-12.3848
-14.0286
-15.3295
-15.8407
-14.7447
-12.0194
-10.3414
-11.9951
-15.4432
-17.7293
-17.4808
-14.8186
-11.8606
-11.5806
-12.9784
-12.055
-8.15916
-2.51754
-0.130863
-0.000411692
-1.20948e-07
-3.25032e-07
-0.00230623
-0.315789
-3.85463
-9.70574
-12.7116
-12.7823
-12.9047
-15.1808
-17.7688
-18.3783
-16.5449
-13.2896
-11.2626
-12.4088
-15.1642
-16.7634
-16.7588
-15.8365
-14.4299
-12.7583
-11.0571
-9.6171
-8.71831
-8.54594
-9.13316
-10.3496
-11.9405
-13.6031
-15.0637
-16.1277
-16.7002
-16.7933
-16.5294
-16.1352
-15.908
-16.135
-16.9711
-18.327
-19.8384
-20.9432
-21.0732
-19.8971
-17.5272
-14.4812
-11.2189
-7.21182
-2.4952
-0.303209
-0.0175644
-0.0175644
-0.303209
-2.4952
-7.21182
-11.2189
-14.4812
-17.5272
-19.8971
-21.0732
-20.9432
-19.8384
-18.327
-16.9711
-16.135
-15.908
-16.1352
-16.5294
-16.7933
-16.7002
-16.1277
-15.0637
-13.6031
-11.9405
-10.3496
-9.13316
-8.54594
-8.71831
-9.6171
-11.0571
-12.7583
-14.4299
-15.8365
-16.7588
-16.7634
-15.1642
-12.4088
-11.2626
-13.2896
-16.5449
-18.3783
-17.7688
-15.1808
-12.9047
-12.7823
-12.7116
-9.70574
-3.85463
-0.315789
-0.00230623
-3.25032e-07
-8.35833e-06
-0.0126837
-0.829079
-6.01516
-11.3998
-13.4754
-14.168
-15.9187
-18.2099
-19.0419
-17.6154
-14.6327
-12.3557
-12.8909
-15.3761
-17.2536
-17.6971
-17.1878
-16.1235
-14.6775
-13.0102
-11.3525
-9.98103
-9.1493
-9.01674
-9.60353
-10.7841
-12.323
-13.9417
-15.3874
-16.4766
-17.1127
-17.2865
-17.0757
-16.6427
-16.2268
-16.1061
-16.5137
-17.5224
-18.9554
-20.3751
-21.1872
-20.8519
-19.1427
-16.2861
-12.7481
-8.45265
-3.33172
-0.505302
-0.0439244
-0.0439244
-0.505302
-3.33172
-8.45265
-12.7481
-16.2861
-19.1427
-20.8519
-21.1872
-20.3751
-18.9554
-17.5224
-16.5137
-16.1061
-16.2268
-16.6427
-17.0757
-17.2865
-17.1127
-16.4766
-15.3874
-13.9417
-12.323
-10.7841
-9.60353
-9.01674
-9.1493
-9.98103
-11.3525
-13.0102
-14.6775
-16.1235
-17.1878
-17.6971
-17.2536
-15.3761
-12.8909
-12.3557
-14.6327
-17.6154
-19.0419
-18.2099
-15.9187
-14.168
-13.4754
-11.3998
-6.01516
-0.829079
-0.0126837
-8.35833e-06
-0.000182323
-0.068853
-2.17723
-8.75541
-13.1346
-15.1802
-16.8026
-18.7302
-19.6528
-18.6135
-15.9983
-13.6359
-13.5755
-15.543
-17.4095
-18.1422
-17.988
-17.2788
-16.1503
-14.6969
-13.0716
-11.4964
-10.2234
-9.47411
-9.38127
-9.95405
-11.0749
-12.5311
-14.0715
-15.4672
-16.5518
-17.236
-17.5046
-17.408
-17.0549
-16.6115
-16.2948
-16.3399
-16.9222
-18.0507
-19.485
-20.7336
-21.1764
-20.3087
-17.9938
-14.4913
-9.9473
-4.41631
-0.84544
-0.107122
-0.107122
-0.84544
-4.41631
-9.9473
-14.4913
-17.9938
-20.3087
-21.1764
-20.7336
-19.485
-18.0507
-16.9222
-16.3399
-16.2948
-16.6115
-17.0549
-17.408
-17.5046
-17.236
-16.5518
-15.4672
-14.0715
-12.5311
-11.0749
-9.95405
-9.38127
-9.47411
-10.2234
-11.4964
-13.0716
-14.6969
-16.1503
-17.2788
-17.988
-18.1422
-17.4095
-15.543
-13.5755
-13.6359
-15.9983
-18.6135
-19.6528
-18.7302
-16.8026
-15.1802
-13.1346
-8.75541
-2.17723
-0.068853
-0.000182323
-0.0040216
-0.338734
-4.74696
-11.2285
-15.0647
-17.4004
-19.1085
-20.1202
-19.4828
-17.3343
-15.0781
-14.5163
-15.8091
-17.3747
-18.1693
-18.2317
-17.8028
-16.9851
-15.8244
-14.4018
-12.864
-11.4132
-10.269
-9.61716
-9.56405
-10.1103
-11.1502
-12.497
-13.9307
-15.2491
-16.3045
-17.0185
-17.3776
-17.4199
-17.2205
-16.8853
-16.5531
-16.3986
-16.6089
-17.3136
-18.4787
-19.8173
-20.7908
-20.7582
-19.2481
-16.1703
-11.6102
-5.74682
-1.38903
-0.248042
-0.248042
-1.38903
-5.74682
-11.6102
-16.1703
-19.2481
-20.7582
-20.7908
-19.8173
-18.4787
-17.3136
-16.6089
-16.3986
-16.5531
-16.8853
-17.2205
-17.4199
-17.3776
-17.0185
-16.3045
-15.2491
-13.9307
-12.497
-11.1502
-10.1103
-9.56405
-9.61716
-10.269
-11.4132
-12.864
-14.4018
-15.8244
-16.9851
-17.8028
-18.2317
-18.1693
-17.3747
-15.8091
-14.5163
-15.0781
-17.3343
-19.4828
-20.1202
-19.1085
-17.4004
-15.0647
-11.2285
-4.74696
-0.338734
-0.0040216
-0.0695566
-1.18107
-7.33088
-13.0212
-16.7373
-19.0366
-20.0205
-19.9157
-18.4787
-16.5634
-15.6698
-16.2332
-17.2612
-17.8703
-17.9588
-17.6698
-17.0728
-16.1833
-15.0293
-13.6869
-12.2876
-11.0045
-10.0185
-9.47769
-9.46289
-9.96922
-10.906
-12.1165
-13.415
-14.6288
-15.6301
-16.3513
-16.7823
-16.9563
-16.9316
-16.7784
-16.5759
-16.4213
-16.4409
-16.777
-17.5224
-18.6092
-19.7108
-20.2526
-19.5926
-17.2868
-13.1214
-7.19884
-2.17569
-0.529823
-0.529823
-2.17569
-7.19884
-13.1214
-17.2868
-19.5926
-20.2526
-19.7108
-18.6092
-17.5224
-16.777
-16.4409
-16.4213
-16.5759
-16.7784
-16.9316
-16.9563
-16.7823
-16.3513
-15.6301
-14.6288
-13.415
-12.1165
-10.906
-9.96922
-9.46289
-9.47769
-10.0185
-11.0045
-12.2876
-13.6869
-15.0293
-16.1833
-17.0728
-17.6698
-17.9588
-17.8703
-17.2612
-16.2332
-15.6698
-16.5634
-18.4787
-19.9157
-20.0205
-19.0366
-16.7373
-13.0212
-7.33088
-1.18107
-0.0695566
-0.513091
-2.08924
-8.25898
-13.741
-16.9114
-19.7085
-20.2763
-19.2871
-17.8131
-16.7555
-16.6584
-17.0375
-17.273
-17.2086
-16.9036
-16.396
-15.6849
-14.7686
-13.6725
-12.4634
-11.2509
-10.1725
-9.36743
-8.94603
-8.96645
-9.42173
-10.2397
-11.297
-12.4452
-13.5429
-14.4823
-15.2038
-15.6973
-15.9905
-16.1325
-16.1784
-16.179
-16.1814
-16.2408
-16.4348
-16.8558
-17.5529
-18.4232
-19.1152
-19.0429
-17.546
-14.0325
-8.39497
-3.10025
-1.00391
-1.00391
-3.10025
-8.39497
-14.0325
-17.546
-19.0429
-19.1152
-18.4232
-17.5529
-16.8558
-16.4348
-16.2408
-16.1814
-16.179
-16.1784
-16.1325
-15.9905
-15.6973
-15.2038
-14.4823
-13.5429
-12.4452
-11.297
-10.2397
-9.42173
-8.96645
-8.94603
-9.36743
-10.1725
-11.2509
-12.4634
-13.6725
-14.7686
-15.6849
-16.396
-16.9036
-17.2086
-17.273
-17.0375
-16.6584
-16.7555
-17.8131
-19.2871
-20.2763
-19.7085
-16.9114
-13.741
-8.25898
-2.08924
-0.513091
-1.04964
-1.30308
-4.13098
-13.2048
-16.0376
-17.5582
-19.1729
-18.8393
-17.8711
-17.131
-16.7229
-16.3729
-15.9451
-15.436
-14.8492
-14.172
-13.3895
-12.5
-11.5252
-10.5159
-9.55042
-8.72313
-8.12654
-7.83252
-7.87731
-8.25324
-8.9082
-9.75431
-10.6847
-11.5949
-12.4016
-13.0557
-13.5447
-13.8867
-14.119
-14.2847
-14.4216
-14.5562
-14.7057
-14.8872
-15.1306
-15.4764
-15.9371
-16.4107
-16.5734
-15.812
-13.2679
-8.54449
-3.74374
-1.55879
-1.55879
-3.74374
-8.54449
-13.2679
-15.812
-16.5734
-16.4107
-15.9371
-15.4764
-15.1306
-14.8872
-14.7057
-14.5562
-14.4216
-14.2847
-14.119
-13.8867
-13.5447
-13.0557
-12.4016
-11.5949
-10.6847
-9.75431
-8.9082
-8.25324
-7.87731
-7.83252
-8.12654
-8.72313
-9.55042
-10.5159
-11.5252
-12.5
-13.3895
-14.172
-14.8492
-15.436
-15.9451
-16.3729
-16.7229
-17.131
-17.8711
-18.8393
-19.1729
-17.5582
-16.0376
-13.2048
-4.13098
-1.30308
-1.04964
-0.384294
-0.151116
-0.238143
-3.51883
-15.4158
-16.5664
-16.0063
-15.7101
-15.2974
-14.7625
-14.1716
-13.5376
-12.8904
-12.2366
-11.5615
-10.8478
-10.0882
-9.29107
-8.48229
-7.70286
-7.00403
-6.43977
-6.05846
-5.89541
-5.96706
-6.26717
-6.76548
-7.41006
-8.13426
-8.86756
-9.54816
-10.134
-10.6084
-10.9797
-11.274
-11.5261
-11.7696
-12.031
-12.3269
-12.6657
-13.0519
-13.4855
-13.9437
-14.3135
-14.2537
-13.0715
-10.0406
-5.73902
-2.44463
-1.13926
-1.13926
-2.44463
-5.73902
-10.0406
-13.0715
-14.2537
-14.3135
-13.9437
-13.4855
-13.0519
-12.6657
-12.3269
-12.031
-11.7696
-11.5261
-11.274
-10.9797
-10.6084
-10.134
-9.54816
-8.86756
-8.13426
-7.41006
-6.76548
-6.26717
-5.96706
-5.89541
-6.05846
-6.43977
-7.00403
-7.70286
-8.48229
-9.29107
-10.0882
-10.8478
-11.5615
-12.2366
-12.8904
-13.5376
-14.1716
-14.7625
-15.2974
-15.7101
-16.0063
-16.5664
-15.4158
-3.51883
-0.238143
-0.151116
-0.384294
-0.00978574
-0.00164378
-0.000682382
-0.06341
-1.91118
-9.77563
-13.9369
-13.8912
-12.7211
-11.3279
-9.99584
-8.76961
-7.64649
-6.61671
-5.67796
-4.83439
-4.0921
-3.45535
-2.92486
-2.498
-2.17009
-1.936
-1.79116
-1.73197
-1.7555
-1.85845
-2.03586
-2.2795
-2.57649
-2.90869
-3.25364
-3.58769
-3.89097
-4.15199
-4.36965
-4.55117
-4.70697
-4.8445
-4.96327
-5.05115
-5.0809
-5.00599
-4.75887
-4.26176
-3.46658
-2.43311
-1.39163
-0.634661
-0.256094
-0.129016
-0.129016
-0.256094
-0.634661
-1.39163
-2.43311
-3.46658
-4.26176
-4.75887
-5.00599
-5.0809
-5.05115
-4.96327
-4.8445
-4.70697
-4.55117
-4.36965
-4.15199
-3.89097
-3.58769
-3.25364
-2.90869
-2.57649
-2.2795
-2.03586
-1.85845
-1.7555
-1.73197
-1.79116
-1.936
-2.17009
-2.498
-2.92486
-3.45535
-4.0921
-4.83439
-5.67796
-6.61671
-7.64649
-8.76961
-9.99584
-11.3279
-12.7211
-13.8912
-13.9369
-9.77563
-1.91118
-0.06341
-0.000682382
-0.00164378
-0.00978574
-7.88913e-07
-5.56086e-07
-8.31565e-07
-1.8299e-05
-0.00519454
-0.149896
-0.802415
-1.54473
-1.81119
-1.65929
-1.32935
-0.989021
-0.705981
-0.493932
-0.34418
-0.241628
-0.172209
-0.125268
-0.0934551
-0.0718971
-0.0574126
-0.0479445
-0.0421819
-0.0393089
-0.038836
-0.0404804
-0.0440727
-0.0494741
-0.0564925
-0.0647998
-0.0738722
-0.083001
-0.0914005
-0.0983872
-0.103531
-0.106677
-0.10783
-0.106966
-0.1039
-0.0982679
-0.0896169
-0.0776317
-0.0625256
-0.0455272
-0.0290117
-0.0156934
-0.00710439
-0.00278078
-0.00108095
-0.000566691
-0.000566691
-0.00108095
-0.00278078
-0.00710439
-0.0156934
-0.0290117
-0.0455272
-0.0625256
-0.0776317
-0.0896169
-0.0982679
-0.1039
-0.106966
-0.10783
-0.106677
-0.103531
-0.0983872
-0.0914005
-0.083001
-0.0738722
-0.0647998
-0.0564925
-0.0494741
-0.0440727
-0.0404804
-0.038836
-0.0393089
-0.0421819
-0.0479445
-0.0574126
-0.0718971
-0.0934551
-0.125268
-0.172209
-0.241628
-0.34418
-0.493932
-0.705981
-0.989021
-1.32935
-1.65929
-1.81119
-1.54473
-0.802415
-0.149896
-0.00519454
-1.8299e-05
-8.31565e-07
-5.56086e-07
-7.88913e-07
-3.46844e-07
-3.32242e-07
-4.82406e-07
-6.63892e-07
-8.38719e-07
-4.56684e-06
-9.33144e-05
-0.00103757
-0.00364059
-0.00560338
-0.00521822
-0.00357893
-0.00201533
-0.000996284
-0.000455525
-0.000201631
-8.978e-05
-4.14158e-05
-2.0213e-05
-1.05909e-05
-6.02165e-06
-3.74697e-06
-2.56908e-06
-1.94833e-06
-1.63186e-06
-1.49678e-06
-1.4811e-06
-1.55127e-06
-1.68475e-06
-1.85898e-06
-2.04412e-06
-2.20122e-06
-2.28808e-06
-2.27171e-06
-2.14036e-06
-1.90711e-06
-1.60342e-06
-1.46549e-06
-1.30717e-06
-1.11325e-06
-8.96089e-07
-7.64351e-07
-7.63859e-07
-7.47104e-07
-7.07138e-07
-6.39369e-07
-5.45962e-07
-4.40102e-07
-3.45873e-07
-2.90125e-07
-2.90125e-07
-3.45873e-07
-4.40102e-07
-5.45962e-07
-6.39369e-07
-7.07138e-07
-7.47104e-07
-7.63859e-07
-7.64351e-07
-8.96089e-07
-1.11325e-06
-1.30717e-06
-1.46549e-06
-1.60342e-06
-1.90711e-06
-2.14036e-06
-2.27171e-06
-2.28808e-06
-2.20122e-06
-2.04412e-06
-1.85898e-06
-1.68475e-06
-1.55127e-06
-1.4811e-06
-1.49678e-06
-1.63186e-06
-1.94833e-06
-2.56908e-06
-3.74697e-06
-6.02165e-06
-1.05909e-05
-2.0213e-05
-4.14158e-05
-8.978e-05
-0.000201631
-0.000455525
-0.000996284
-0.00201533
-0.00357893
-0.00521822
-0.00560338
-0.00364059
-0.00103757
-9.33144e-05
-4.56684e-06
-8.38719e-07
-6.63892e-07
-4.82406e-07
-3.32242e-07
-3.46844e-07
-1.42958e-07
-1.54818e-07
-2.32485e-07
-3.1294e-07
-3.74137e-07
-4.01784e-07
-3.97323e-07
-3.7519e-07
-3.50787e-07
-3.3275e-07
-3.22962e-07
-3.19415e-07
-3.18747e-07
-3.17703e-07
-3.13766e-07
-3.05354e-07
-2.91825e-07
-2.73426e-07
-2.5121e-07
-2.26904e-07
-2.027e-07
-1.80959e-07
-1.6385e-07
-1.52982e-07
-1.49124e-07
-1.52081e-07
-1.60762e-07
-1.73436e-07
-1.88093e-07
-2.02816e-07
-2.16096e-07
-2.27004e-07
-2.35234e-07
-2.41027e-07
-2.45026e-07
-2.48106e-07
-2.51218e-07
-2.55252e-07
-2.609e-07
-2.68477e-07
-2.77674e-07
-2.87242e-07
-2.9469e-07
-2.96222e-07
-2.87306e-07
-2.64266e-07
-2.26888e-07
-1.80902e-07
-1.38045e-07
-1.12023e-07
-1.12023e-07
-1.38045e-07
-1.80902e-07
-2.26888e-07
-2.64266e-07
-2.87306e-07
-2.96222e-07
-2.9469e-07
-2.87242e-07
-2.77674e-07
-2.68477e-07
-2.609e-07
-2.55252e-07
-2.51218e-07
-2.48106e-07
-2.45026e-07
-2.41027e-07
-2.35234e-07
-2.27004e-07
-2.16096e-07
-2.02816e-07
-1.88093e-07
-1.73436e-07
-1.60762e-07
-1.52081e-07
-1.49124e-07
-1.52982e-07
-1.6385e-07
-1.80959e-07
-2.027e-07
-2.26904e-07
-2.5121e-07
-2.73426e-07
-2.91825e-07
-3.05354e-07
-3.13766e-07
-3.17703e-07
-3.18747e-07
-3.19415e-07
-3.22962e-07
-3.3275e-07
-3.50787e-07
-3.7519e-07
-3.97323e-07
-4.01784e-07
-3.74137e-07
-3.1294e-07
-2.32485e-07
-1.54818e-07
-1.42958e-07
-2.60757e-08
-5.76359e-08
-1.02629e-07
-1.39206e-07
-1.52604e-07
-1.3831e-07
-1.05189e-07
-6.95685e-08
-4.49287e-08
-3.63946e-08
-4.1988e-08
-5.64391e-08
-7.41777e-08
-9.07454e-08
-1.03133e-07
-1.09655e-07
-1.09725e-07
-1.03647e-07
-9.24548e-08
-7.77456e-08
-6.14818e-08
-4.57332e-08
-3.23786e-08
-2.28142e-08
-1.7735e-08
-1.7049e-08
-1.99537e-08
-2.51548e-08
-3.11693e-08
-3.66306e-08
-4.05248e-08
-4.23156e-08
-4.19526e-08
-3.97952e-08
-3.64961e-08
-3.28884e-08
-2.98992e-08
-2.84834e-08
-2.95495e-08
-3.38328e-08
-4.16739e-08
-5.2691e-08
-6.54088e-08
-7.70357e-08
-8.37345e-08
-8.17569e-08
-6.94446e-08
-4.92313e-08
-2.79552e-08
-1.42907e-08
-1.42907e-08
-2.79552e-08
-4.92313e-08
-6.94446e-08
-8.17569e-08
-8.37345e-08
-7.70357e-08
-6.54088e-08
-5.2691e-08
-4.16739e-08
-3.38328e-08
-2.95495e-08
-2.84834e-08
-2.98992e-08
-3.28884e-08
-3.64961e-08
-3.97952e-08
-4.19526e-08
-4.23156e-08
-4.05248e-08
-3.66306e-08
-3.11693e-08
-2.51548e-08
-1.99537e-08
-1.7049e-08
-1.7735e-08
-2.28142e-08
-3.23786e-08
-4.57332e-08
-6.14818e-08
-7.77456e-08
-9.24548e-08
-1.03647e-07
-1.09725e-07
-1.09655e-07
-1.03133e-07
-9.07454e-08
-7.41777e-08
-5.64391e-08
-4.1988e-08
-3.63946e-08
-4.49287e-08
-6.95685e-08
-1.05189e-07
-1.3831e-07
-1.52604e-07
-1.39206e-07
-1.02629e-07
-5.76359e-08
-2.60757e-08
-2.60757e-08
-5.76359e-08
-1.02629e-07
-1.39206e-07
-1.52604e-07
-1.3831e-07
-1.05189e-07
-6.95685e-08
-4.49287e-08
-3.63946e-08
-4.1988e-08
-5.64391e-08
-7.41777e-08
-9.07454e-08
-1.03133e-07
-1.09655e-07
-1.09725e-07
-1.03647e-07
-9.24548e-08
-7.77456e-08
-6.14818e-08
-4.57332e-08
-3.23786e-08
-2.28142e-08
-1.7735e-08
-1.7049e-08
-1.99537e-08
-2.51548e-08
-3.11693e-08
-3.66306e-08
-4.05248e-08
-4.23156e-08
-4.19526e-08
-3.97952e-08
-3.64961e-08
-3.28884e-08
-2.98992e-08
-2.84834e-08
-2.95495e-08
-3.38328e-08
-4.16739e-08
-5.2691e-08
-6.54088e-08
-7.70357e-08
-8.37345e-08
-8.17569e-08
-6.94446e-08
-4.92313e-08
-2.79552e-08
-1.42907e-08
-1.42907e-08
-2.79552e-08
-4.92313e-08
-6.94446e-08
-8.17569e-08
-8.37345e-08
-7.70357e-08
-6.54088e-08
-5.2691e-08
-4.16739e-08
-3.38328e-08
-2.95495e-08
-2.84834e-08
-2.98992e-08
-3.28884e-08
-3.64961e-08
-3.97952e-08
-4.19526e-08
-4.23156e-08
-4.05248e-08
-3.66306e-08
-3.11693e-08
-2.51548e-08
-1.99537e-08
-1.7049e-08
-1.7735e-08
-2.28142e-08
-3.23786e-08
-4.57332e-08
-6.14818e-08
-7.77456e-08
-9.24548e-08
-1.03647e-07
-1.09725e-07
-1.09655e-07
-1.03133e-07
-9.07454e-08
-7.41777e-08
-5.64391e-08
-4.1988e-08
-3.63946e-08
-4.49287e-08
-6.95685e-08
-1.05189e-07
-1.3831e-07
-1.52604e-07
-1.39206e-07
-1.02629e-07
-5.76359e-08
-2.60757e-08
-1.42958e-07
-1.54818e-07
-2.32485e-07
-3.1294e-07
-3.74137e-07
-4.01784e-07
-3.97323e-07
-3.7519e-07
-3.50787e-07
-3.3275e-07
-3.22962e-07
-3.19415e-07
-3.18747e-07
-3.17703e-07
-3.13766e-07
-3.05354e-07
-2.91825e-07
-2.73426e-07
-2.5121e-07
-2.26904e-07
-2.027e-07
-1.80959e-07
-1.6385e-07
-1.52982e-07
-1.49124e-07
-1.52081e-07
-1.60762e-07
-1.73436e-07
-1.88093e-07
-2.02816e-07
-2.16096e-07
-2.27004e-07
-2.35234e-07
-2.41027e-07
-2.45026e-07
-2.48106e-07
-2.51218e-07
-2.55252e-07
-2.609e-07
-2.68477e-07
-2.77674e-07
-2.87242e-07
-2.9469e-07
-2.96222e-07
-2.87306e-07
-2.64266e-07
-2.26888e-07
-1.80902e-07
-1.38045e-07
-1.12023e-07
-1.12023e-07
-1.38045e-07
-1.80902e-07
-2.26888e-07
-2.64266e-07
-2.87306e-07
-2.96222e-07
-2.9469e-07
-2.87242e-07
-2.77674e-07
-2.68477e-07
-2.609e-07
-2.55252e-07
-2.51218e-07
-2.48106e-07
-2.45026e-07
-2.41027e-07
-2.35234e-07
-2.27004e-07
-2.16096e-07
-2.02816e-07
-1.88093e-07
-1.73436e-07
-1.60762e-07
-1.52081e-07
-1.49124e-07
-1.52982e-07
-1.6385e-07
-1.80959e-07
-2.027e-07
-2.26904e-07
-2.5121e-07
-2.73426e-07
-2.91825e-07
-3.05354e-07
-3.13766e-07
-3.17703e-07
-3.18747e-07
-3.19415e-07
-3.22962e-07
-3.3275e-07
-3.50787e-07
-3.7519e-07
-3.97323e-07
-4.01784e-07
-3.74137e-07
-3.1294e-07
-2.32485e-07
-1.54818e-07
-1.42958e-07
-3.46844e-07
-3.32242e-07
-4.82406e-07
-6.63892e-07
-8.38719e-07
-4.56684e-06
-9.33144e-05
-0.00103757
-0.00364059
-0.00560338
-0.00521822
-0.00357893
-0.00201533
-0.000996284
-0.000455525
-0.000201631
-8.978e-05
-4.14158e-05
-2.0213e-05
-1.05909e-05
-6.02165e-06
-3.74697e-06
-2.56908e-06
-1.94833e-06
-1.63186e-06
-1.49678e-06
-1.4811e-06
-1.55127e-06
-1.68475e-06
-1.85898e-06
-2.04412e-06
-2.20122e-06
-2.28808e-06
-2.27171e-06
-2.14036e-06
-1.90711e-06
-1.60342e-06
-1.46549e-06
-1.30717e-06
-1.11325e-06
-8.96089e-07
-7.64351e-07
-7.63859e-07
-7.47104e-07
-7.07138e-07
-6.39369e-07
-5.45962e-07
-4.40102e-07
-3.45873e-07
-2.90125e-07
-2.90125e-07
-3.45873e-07
-4.40102e-07
-5.45962e-07
-6.39369e-07
-7.07138e-07
-7.47104e-07
-7.63859e-07
-7.64351e-07
-8.96089e-07
-1.11325e-06
-1.30717e-06
-1.46549e-06
-1.60342e-06
-1.90711e-06
-2.14036e-06
-2.27171e-06
-2.28808e-06
-2.20122e-06
-2.04412e-06
-1.85898e-06
-1.68475e-06
-1.55127e-06
-1.4811e-06
-1.49678e-06
-1.63186e-06
-1.94833e-06
-2.56908e-06
-3.74697e-06
-6.02165e-06
-1.05909e-05
-2.0213e-05
-4.14158e-05
-8.978e-05
-0.000201631
-0.000455525
-0.000996284
-0.00201533
-0.00357893
-0.00521822
-0.00560338
-0.00364059
-0.00103757
-9.33144e-05
-4.56684e-06
-8.38719e-07
-6.63892e-07
-4.82406e-07
-3.32242e-07
-3.46844e-07
-7.88913e-07
-5.56086e-07
-8.31565e-07
-1.8299e-05
-0.00519454
-0.149896
-0.802415
-1.54473
-1.81119
-1.65929
-1.32935
-0.989021
-0.705981
-0.493932
-0.34418
-0.241628
-0.172209
-0.125268
-0.0934551
-0.0718971
-0.0574126
-0.0479445
-0.0421819
-0.0393089
-0.038836
-0.0404804
-0.0440727
-0.0494741
-0.0564925
-0.0647998
-0.0738722
-0.083001
-0.0914005
-0.0983872
-0.103531
-0.106677
-0.10783
-0.106966
-0.1039
-0.0982679
-0.0896169
-0.0776317
-0.0625256
-0.0455272
-0.0290117
-0.0156934
-0.00710439
-0.00278078
-0.00108095
-0.000566691
-0.000566691
-0.00108095
-0.00278078
-0.00710439
-0.0156934
-0.0290117
-0.0455272
-0.0625256
-0.0776317
-0.0896169
-0.0982679
-0.1039
-0.106966
-0.10783
-0.106677
-0.103531
-0.0983872
-0.0914005
-0.083001
-0.0738722
-0.0647998
-0.0564925
-0.0494741
-0.0440727
-0.0404804
-0.038836
-0.0393089
-0.0421819
-0.0479445
-0.0574126
-0.0718971
-0.0934551
-0.125268
-0.172209
-0.241628
-0.34418
-0.493932
-0.705981
-0.989021
-1.32935
-1.65929
-1.81119
-1.54473
-0.802415
-0.149896
-0.00519454
-1.8299e-05
-8.31565e-07
-5.56086e-07
-7.88913e-07
-0.00978574
-0.00164378
-0.000682382
-0.06341
-1.91118
-9.77563
-13.9369
-13.8912
-12.7211
-11.3279
-9.99584
-8.76961
-7.64649
-6.61671
-5.67796
-4.83439
-4.0921
-3.45535
-2.92486
-2.498
-2.17009
-1.936
-1.79116
-1.73197
-1.7555
-1.85845
-2.03586
-2.2795
-2.57649
-2.90869
-3.25364
-3.58769
-3.89097
-4.15199
-4.36965
-4.55117
-4.70697
-4.8445
-4.96327
-5.05115
-5.0809
-5.00599
-4.75887
-4.26176
-3.46658
-2.43311
-1.39163
-0.634661
-0.256094
-0.129016
-0.129016
-0.256094
-0.634661
-1.39163
-2.43311
-3.46658
-4.26176
-4.75887
-5.00599
-5.0809
-5.05115
-4.96327
-4.8445
-4.70697
-4.55117
-4.36965
-4.15199
-3.89097
-3.58769
-3.25364
-2.90869
-2.57649
-2.2795
-2.03586
-1.85845
-1.7555
-1.73197
-1.79116
-1.936
-2.17009
-2.498
-2.92486
-3.45535
-4.0921
-4.83439
-5.67796
-6.61671
-7.64649
-8.76961
-9.99584
-11.3279
-12.7211
-13.8912
-13.9369
-9.77563
-1.91118
-0.06341
-0.000682382
-0.00164378
-0.00978574
-0.384294
-0.151116
-0.238143
-3.51883
-15.4158
-16.5664
-16.0063
-15.7101
-15.2974
-14.7625
-14.1716
-13.5376
-12.8904
-12.2366
-11.5615
-10.8478
-10.0882
-9.29107
-8.48229
-7.70286
-7.00403
-6.43977
-6.05846
-5.89541
-5.96706
-6.26717
-6.76548
-7.41006
-8.13426
-8.86756
-9.54816
-10.134
-10.6084
-10.9797
-11.274
-11.5261
-11.7696
-12.031
-12.3269
-12.6657
-13.0519
-13.4855
-13.9437
-14.3135
-14.2537
-13.0715
-10.0406
-5.73902
-2.44463
-1.13926
-1.13926
-2.44463
-5.73902
-10.0406
-13.0715
-14.2537
-14.3135
-13.9437
-13.4855
-13.0519
-12.6657
-12.3269
-12.031
-11.7696
-11.5261
-11.274
-10.9797
-10.6084
-10.134
-9.54816
-8.86756
-8.13426
-7.41006
-6.76548
-6.26717
-5.96706
-5.89541
-6.05846
-6.43977
-7.00403
-7.70286
-8.48229
-9.29107
-10.0882
-10.8478
-11.5615
-12.2366
-12.8904
-13.5376
-14.1716
-14.7625
-15.2974
-15.7101
-16.0063
-16.5664
-15.4158
-3.51883
-0.238143
-0.151116
-0.384294
-1.04964
-1.30308
-4.13098
-13.2048
-16.0376
-17.5582
-19.1729
-18.8393
-17.8711
-17.131
-16.7229
-16.3729
-15.9451
-15.436
-14.8492
-14.172
-13.3895
-12.5
-11.5252
-10.5159
-9.55042
-8.72313
-8.12654
-7.83252
-7.87731
-8.25324
-8.9082
-9.75431
-10.6847
-11.5949
-12.4016
-13.0557
-13.5447
-13.8867
-14.119
-14.2847
-14.4216
-14.5562
-14.7057
-14.8872
-15.1306
-15.4764
-15.9371
-16.4107
-16.5734
-15.812
-13.2679
-8.54449
-3.74374
-1.55879
-1.55879
-3.74374
-8.54449
-13.2679
-15.812
-16.5734
-16.4107
-15.9371
-15.4764
-15.1306
-14.8872
-14.7057
-14.5562
-14.4216
-14.2847
-14.119
-13.8867
-13.5447
-13.0557
-12.4016
-11.5949
-10.6847
-9.75431
-8.9082
-8.25324
-7.87731
-7.83252
-8.12654
-8.72313
-9.55042
-10.5159
-11.5252
-12.5
-13.3895
-14.172
-14.8492
-15.436
-15.9451
-16.3729
-16.7229
-17.131
-17.8711
-18.8393
-19.1729
-17.5582
-16.0376
-13.2048
-4.13098
-1.30308
-1.04964
-0.513091
-2.08924
-8.25898
-13.741
-16.9114
-19.7085
-20.2763
-19.2871
-17.8131
-16.7555
-16.6584
-17.0375
-17.273
-17.2086
-16.9036
-16.396
-15.6849
-14.7686
-13.6725
-12.4634
-11.2509
-10.1725
-9.36743
-8.94603
-8.96645
-9.42173
-10.2397
-11.297
-12.4452
-13.5429
-14.4823
-15.2038
-15.6973
-15.9905
-16.1325
-16.1784
-16.179
-16.1814
-16.2408
-16.4348
-16.8558
-17.5529
-18.4232
-19.1152
-19.0429
-17.546
-14.0325
-8.39497
-3.10025
-1.00391
-1.00391
-3.10025
-8.39497
-14.0325
-17.546
-19.0429
-19.1152
-18.4232
-17.5529
-16.8558
-16.4348
-16.2408
-16.1814
-16.179
-16.1784
-16.1325
-15.9905
-15.6973
-15.2038
-14.4823
-13.5429
-12.4452
-11.297
-10.2397
-9.42173
-8.96645
-8.94603
-9.36743
-10.1725
-11.2509
-12.4634
-13.6725
-14.7686
-15.6849
-16.396
-16.9036
-17.2086
-17.273
-17.0375
-16.6584
-16.7555
-17.8131
-19.2871
-20.2763
-19.7085
-16.9114
-13.741
-8.25898
-2.08924
-0.513091
-0.0695566
-1.18107
-7.33088
-13.0212
-16.7373
-19.0366
-20.0205
-19.9157
-18.4787
-16.5634
-15.6698
-16.2332
-17.2612
-17.8703
-17.9588
-17.6698
-17.0728
-16.1833
-15.0293
-13.6869
-12.2876
-11.0045
-10.0185
-9.47769
-9.46289
-9.96922
-10.906
-12.1165
-13.415
-14.6288
-15.6301
-16.3513
-16.7823
-16.9563
-16.9316
-16.7784
-16.5759
-16.4213
-16.4409
-16.777
-17.5224
-18.6092
-19.7108
-20.2526
-19.5926
-17.2868
-13.1214
-7.19884
-2.17569
-0.529823
-0.529823
-2.17569
-7.19884
-13.1214
-17.2868
-19.5926
-20.2526
-19.7108
-18.6092
-17.5224
-16.777
-16.4409
-16.4213
-16.5759
-16.7784
-16.9316
-16.9563
-16.7823
-16.3513
-15.6301
-14.6288
-13.415
-12.1165
-10.906
-9.96922
-9.46289
-9.47769
-10.0185
-11.0045
-12.2876
-13.6869
-15.0293
-16.1833
-17.0728
-17.6698
-17.9588
-17.8703
-17.2612
-16.2332
-15.6698
-16.5634
-18.4787
-19.9157
-20.0205
-19.0366
-16.7373
-13.0212
-7.33088
-1.18107
-0.0695566
-0.0040216
-0.338734
-4.74696
-11.2285
-15.0647
-17.4004
-19.1085
-20.1202
-19.4828
-17.3343
-15.0781
-14.5163
-15.8091
-17.3747
-18.1693
-18.2317
-17.8028
-16.9851
-15.8244
-14.4018
-12.864
-11.4132
-10.269
-9.61716
-9.56405
-10.1103
-11.1502
-12.497
-13.9307
-15.2491
-16.3045
-17.0185
-17.3776
-17.4199
-17.2205
-16.8853
-16.5531
-16.3986
-16.6089
-17.3136
-18.4787
-19.8173
-20.7908
-20.7582
-19.2481
-16.1703
-11.6102
-5.74682
-1.38903
-0.248042
-0.248042
-1.38903
-5.74682
-11.6102
-16.1703
-19.2481
-20.7582
-20.7908
-19.8173
-18.4787
-17.3136
-16.6089
-16.3986
-16.5531
-16.8853
-17.2205
-17.4199
-17.3776
-17.0185
-16.3045
-15.2491
-13.9307
-12.497
-11.1502
-10.1103
-9.56405
-9.61716
-10.269
-11.4132
-12.864
-14.4018
-15.8244
-16.9851
-17.8028
-18.2317
-18.1693
-17.3747
-15.8091
-14.5163
-15.0781
-17.3343
-19.4828
-20.1202
-19.1085
-17.4004
-15.0647
-11.2285
-4.74696
-0.338734
-0.0040216
-0.000182323
-0.068853
-2.17723
-8.75541
-13.1346
-15.1802
-16.8026
-18.7302
-19.6528
-18.6135
-15.9983
-13.6359
-13.5755
-15.543
-17.4095
-18.1422
-17.988
-17.2788
-16.1503
-14.6969
-13.0716
-11.4964
-10.2234
-9.47411
-9.38127
-9.95405
-11.0749
-12.5311
-14.0715
-15.4672
-16.5518
-17.236
-17.5046
-17.408
-17.0549
-16.6115
-16.2948
-16.3399
-16.9222
-18.0507
-19.485
-20.7336
-21.1764
-20.3087
-17.9938
-14.4913
-9.9473
-4.41631
-0.84544
-0.107122
-0.107122
-0.84544
-4.41631
-9.9473
-14.4913
-17.9938
-20.3087
-21.1764
-20.7336
-19.485
-18.0507
-16.9222
-16.3399
-16.2948
-16.6115
-17.0549
-17.408
-17.5046
-17.236
-16.5518
-15.4672
-14.0715
-12.5311
-11.0749
-9.95405
-9.38127
-9.47411
-10.2234
-11.4964
-13.0716
-14.6969
-16.1503
-17.2788
-17.988
-18.1422
-17.4095
-15.543
-13.5755
-13.6359
-15.9983
-18.6135
-19.6528
-18.7302
-16.8026
-15.1802
-13.1346
-8.75541
-2.17723
-0.068853
-0.000182323
-8.35833e-06
-0.0126837
-0.829079
-6.01516
-11.3998
-13.4754
-14.168
-15.9187
-18.2099
-19.0419
-17.6154
-14.6327
-12.3557
-12.8909
-15.3761
-17.2536
-17.6971
-17.1878
-16.1235
-14.6775
-13.0102
-11.3525
-9.98103
-9.1493
-9.01674
-9.60353
-10.7841
-12.323
-13.9417
-15.3874
-16.4766
-17.1127
-17.2865
-17.0757
-16.6427
-16.2268
-16.1061
-16.5137
-17.5224
-18.9554
-20.3751
-21.1872
-20.8519
-19.1427
-16.2861
-12.7481
-8.45265
-3.33172
-0.505302
-0.0439244
-0.0439244
-0.505302
-3.33172
-8.45265
-12.7481
-16.2861
-19.1427
-20.8519
-21.1872
-20.3751
-18.9554
-17.5224
-16.5137
-16.1061
-16.2268
-16.6427
-17.0757
-17.2865
-17.1127
-16.4766
-15.3874
-13.9417
-12.323
-10.7841
-9.60353
-9.01674
-9.1493
-9.98103
-11.3525
-13.0102
-14.6775
-16.1235
-17.1878
-17.6971
-17.2536
-15.3761
-12.8909
-12.3557
-14.6327
-17.6154
-19.0419
-18.2099
-15.9187
-14.168
-13.4754
-11.3998
-6.01516
-0.829079
-0.0126837
-8.35833e-06
-3.25032e-07
-0.00230623
-0.315789
-3.85463
-9.70574
-12.7116
-12.7823
-12.9047
-15.1808
-17.7688
-18.3783
-16.5449
-13.2896
-11.2626
-12.4088
-15.1642
-16.7634
-16.7588
-15.8365
-14.4299
-12.7583
-11.0571
-9.6171
-8.71831
-8.54594
-9.13316
-10.3496
-11.9405
-13.6031
-15.0637
-16.1277
-16.7002
-16.7933
-16.5294
-16.1352
-15.908
-16.135
-16.9711
-18.327
-19.8384
-20.9432
-21.0732
-19.8971
-17.5272
-14.4812
-11.2189
-7.21182
-2.4952
-0.303209
-0.0175644
-0.0175644
-0.303209
-2.4952
-7.21182
-11.2189
-14.4812
-17.5272
-19.8971
-21.0732
-20.9432
-19.8384
-18.327
-16.9711
-16.135
-15.908
-16.1352
-16.5294
-16.7933
-16.7002
-16.1277
-15.0637
-13.6031
-11.9405
-10.3496
-9.13316
-8.54594
-8.71831
-9.6171
-11.0571
-12.7583
-14.4299
-15.8365
-16.7588
-16.7634
-15.1642
-12.4088
-11.2626
-13.2896
-16.5449
-18.3783
-17.7688
-15.1808
-12.9047
-12.7823
-12.7116
-9.70574
-3.85463
-0.315789
-0.00230623
-3.25032e-07
-1.20948e-07
-0.000411692
-0.130863
-2.51754
-8.15916
-12.055
-12.9784
-11.5806
-11.8606
-14.8186
-17.4808
-17.7293
-15.4432
-11.9951
-10.3414
-12.0194
-14.7447
-15.8407
-15.3295
-14.0286
-12.3848
-10.673
-9.19124
-8.23896
-8.02482
-8.59614
-9.8205
-11.4271
-13.0927
-14.5289
-15.5398
-16.0474
-16.1023
-15.8823
-15.6666
-15.7693
-16.4214
-17.6408
-19.163
-20.487
-21.0299
-20.3684
-18.4602
-15.7261
-12.8399
-10.02
-6.19832
-1.86986
-0.185647
-0.00703855
-0.00703855
-0.185647
-1.86986
-6.19832
-10.02
-12.8399
-15.7261
-18.4602
-20.3684
-21.0299
-20.487
-19.163
-17.6408
-16.4214
-15.7693
-15.6666
-15.8823
-16.1023
-16.0474
-15.5398
-14.5289
-13.0927
-11.4271
-9.8205
-8.59614
-8.02482
-8.23896
-9.19124
-10.673
-12.3848
-14.0286
-15.3295
-15.8407
-14.7447
-12.0194
-10.3414
-11.9951
-15.4432
-17.7293
-17.4808
-14.8186
-11.8606
-11.5806
-12.9784
-12.055
-8.15916
-2.51754
-0.130863
-0.000411692
-1.20948e-07
-1.36142e-07
-7.48018e-05
-0.0601566
-1.72562
-6.98989
-11.2501
-13.3888
-12.4448
-10.2867
-11.3
-14.8457
-17.3257
-17.0833
-14.293
-10.7456
-9.54377
-11.5892
-13.994
-14.4754
-13.5047
-11.9455
-10.252
-8.75072
-7.75472
-7.4933
-8.02881
-9.22934
-10.8113
-12.4355
-13.8081
-14.7467
-15.2089
-15.2962
-15.2358
-15.3273
-15.8459
-16.9117
-18.3863
-19.8592
-20.7669
-20.6092
-19.19
-16.7655
-13.9901
-11.53
-9.14503
-5.35405
-1.41162
-0.117177
-0.00290137
-0.00290137
-0.117177
-1.41162
-5.35405
-9.14503
-11.53
-13.9901
-16.7655
-19.19
-20.6092
-20.7669
-19.8592
-18.3863
-16.9117
-15.8459
-15.3273
-15.2358
-15.2962
-15.2089
-14.7467
-13.8081
-12.4355
-10.8113
-9.22934
-8.02881
-7.4933
-7.75472
-8.75072
-10.252
-11.9455
-13.5047
-14.4754
-13.994
-11.5892
-9.54377
-10.7456
-14.293
-17.0833
-17.3257
-14.8457
-11.3
-10.2867
-12.4448
-13.3888
-11.2501
-6.98989
-1.72562
-0.0601566
-7.48018e-05
-1.36142e-07
-1.43681e-07
-1.44992e-05
-0.030257
-1.23764
-6.15744
-10.5419
-13.2979
-13.8418
-11.3659
-9.23254
-11.287
-15.1705
-17.23
-16.3767
-13.0578
-9.53405
-8.81107
-11.0049
-12.8757
-12.7579
-11.4614
-9.83216
-8.33067
-7.29695
-6.97885
-7.45447
-8.59532
-10.1093
-11.6488
-12.9277
-13.7948
-14.2577
-14.4685
-14.6795
-15.1655
-16.115
-17.5102
-19.0629
-20.2694
-20.5921
-19.6991
-17.6624
-14.9996
-12.4875
-10.6075
-8.5083
-4.6355
-1.07995
-0.0765855
-0.00125679
-0.00125679
-0.0765855
-1.07995
-4.6355
-8.5083
-10.6075
-12.4875
-14.9996
-17.6624
-19.6991
-20.5921
-20.2694
-19.0629
-17.5102
-16.115
-15.1655
-14.6795
-14.4685
-14.2577
-13.7948
-12.9277
-11.6488
-10.1093
-8.59532
-7.45447
-6.97885
-7.29695
-8.33067
-9.83216
-11.4614
-12.7579
-12.8757
-11.0049
-8.81107
-9.53405
-13.0578
-16.3767
-17.23
-15.1705
-11.287
-9.23254
-11.3659
-13.8418
-13.2979
-10.5419
-6.15744
-1.23764
-0.030257
-1.44992e-05
-1.43681e-07
-1.44092e-07
-3.0754e-06
-0.0163308
-0.923445
-5.55587
-10.0069
-12.9425
-14.4795
-13.5731
-9.99666
-8.64341
-11.7582
-15.6465
-17.0826
-15.515
-11.7216
-8.37281
-8.09831
-10.2144
-11.4537
-10.854
-9.42173
-7.95134
-6.88416
-6.49666
-6.88567
-7.93019
-9.33555
-10.7554
-11.9262
-12.7442
-13.2724
-13.6978
-14.2624
-15.1752
-16.5061
-18.0945
-19.5367
-20.3034
-19.9616
-18.4028
-15.9611
-13.3454
-11.3351
-10.0488
-8.00603
-4.02191
-0.840509
-0.0517915
-0.000579706
-0.000579706
-0.0517915
-0.840509
-4.02191
-8.00603
-10.0488
-11.3351
-13.3454
-15.9611
-18.4028
-19.9616
-20.3034
-19.5367
-18.0945
-16.5061
-15.1752
-14.2624
-13.6978
-13.2724
-12.7442
-11.9262
-10.7554
-9.33555
-7.93019
-6.88567
-6.49666
-6.88416
-7.95134
-9.42173
-10.854
-11.4537
-10.2144
-8.09831
-8.37281
-11.7216
-15.515
-17.0826
-15.6465
-11.7582
-8.64341
-9.99666
-13.5731
-14.4795
-12.9425
-10.0069
-5.55587
-0.923445
-0.0163308
-3.0754e-06
-1.44092e-07
-1.3878e-07
-7.19928e-07
-0.00933423
-0.714583
-5.11097
-9.60912
-12.5524
-14.4636
-14.977
-12.6672
-8.63373
-8.61917
-12.5625
-16.0854
-16.7256
-14.4462
-10.3524
-7.31223
-7.39205
-9.23457
-9.85529
-8.95379
-7.60532
-6.51941
-6.05185
-6.32803
-7.24166
-8.50418
-9.78301
-10.8524
-11.6648
-12.3303
-13.0441
-14.003
-15.3198
-16.9345
-18.5582
-19.7176
-19.9264
-18.9208
-16.8377
-14.2359
-11.9299
-10.5749
-9.76437
-7.5583
-3.50368
-0.666142
-0.0360797
-0.000286014
-0.000286014
-0.0360797
-0.666142
-3.50368
-7.5583
-9.76437
-10.5749
-11.9299
-14.2359
-16.8377
-18.9208
-19.9264
-19.7176
-18.5582
-16.9345
-15.3198
-14.003
-13.0441
-12.3303
-11.6648
-10.8524
-9.78301
-8.50418
-7.24166
-6.32803
-6.05185
-6.51941
-7.60532
-8.95379
-9.85529
-9.23457
-7.39205
-7.31223
-10.3524
-14.4462
-16.7256
-16.0854
-12.5625
-8.61917
-8.63373
-12.6672
-14.977
-14.4636
-12.5524
-9.60912
-5.11097
-0.714583
-0.00933423
-7.19928e-07
-1.3878e-07
-1.29352e-07
-3.02708e-07
-0.00561457
-0.572539
-4.77749
-9.30431
-12.1959
-14.1804
-15.3235
-14.8683
-11.2142
-7.58786
-9.13519
-13.4658
-16.1649
-15.9465
-13.3226
-9.10581
-6.39979
-6.68138
-8.10897
-8.21473
-7.23046
-6.1841
-5.63772
-5.78193
-6.53837
-7.63674
-8.77148
-9.76494
-10.6244
-11.4886
-12.5322
-13.8806
-15.5352
-17.3077
-18.8089
-19.5502
-19.1516
-17.5582
-15.1416
-12.6259
-10.843
-10.1903
-9.63632
-7.12661
-3.07173
-0.536882
-0.0257484
-0.000150591
-0.000150591
-0.0257484
-0.536882
-3.07173
-7.12661
-9.63632
-10.1903
-10.843
-12.6259
-15.1416
-17.5582
-19.1516
-19.5502
-18.8089
-17.3077
-15.5352
-13.8806
-12.5322
-11.4886
-10.6244
-9.76494
-8.77148
-7.63674
-6.53837
-5.78193
-5.63772
-6.1841
-7.23046
-8.21473
-8.10897
-6.68138
-6.39979
-9.10581
-13.3226
-15.9465
-16.1649
-13.4658
-9.13519
-7.58786
-11.2142
-14.8683
-15.3235
-14.1804
-12.1959
-9.30431
-4.77749
-0.572539
-0.00561457
-3.02708e-07
-1.29352e-07
-1.17299e-07
-2.88956e-07
-0.00354528
-0.474114
-4.52585
-9.05984
-11.8749
-13.8289
-15.1183
-15.6778
-14.1112
-9.42533
-7.12277
-10.1334
-14.1223
-16.5125
-14.7459
-12.4016
-8.03836
-5.59484
-5.92714
-6.88753
-6.66207
-5.82506
-5.23745
-5.24682
-5.83309
-6.76109
-7.76535
-8.72033
-9.67702
-10.7799
-12.1602
-13.8564
-15.7538
-17.5494
-18.7901
-19.0268
-18.0352
-15.9833
-13.4429
-11.2367
-10.1257
-10.1107
-9.55626
-6.70482
-2.713
-0.43864
-0.0187237
-8.40394e-05
-8.40394e-05
-0.0187237
-0.43864
-2.713
-6.70482
-9.55626
-10.1107
-10.1257
-11.2367
-13.4429
-15.9833
-18.0352
-19.0268
-18.7901
-17.5494
-15.7538
-13.8564
-12.1602
-10.7799
-9.67702
-8.72033
-7.76535
-6.76109
-5.83309
-5.24682
-5.23745
-5.82506
-6.66207
-6.88753
-5.92714
-5.59484
-8.03836
-12.4016
-14.7459
-16.5125
-14.1223
-10.1334
-7.12277
-9.42533
-14.1112
-15.6778
-15.1183
-13.8289
-11.8749
-9.05984
-4.52585
-0.474114
-0.00354528
-2.88956e-07
-1.17299e-07
-1.03883e-07
-2.75686e-07
-0.00234526
-0.404594
-4.33459
-8.85297
-11.5756
-13.4685
-14.7298
-15.5781
-15.5461
-12.63
-7.71914
-7.42507
-11.5412
-13.753
-17.8201
-13.5271
-11.4092
-7.02749
-4.84283
-5.12395
-5.66541
-5.33507
-4.82099
-4.72281
-5.14473
-5.91236
-6.8117
-7.76667
-8.85587
-10.2098
-11.9019
-13.8768
-15.9077
-17.5976
-18.4717
-18.1701
-16.6555
-14.3085
-11.8519
-10.1401
-9.77182
-10.2278
-9.4509
-6.30086
-2.41343
-0.362172
-0.0138252
-4.93331e-05
-4.93331e-05
-0.0138252
-0.362172
-2.41343
-6.30086
-9.4509
-10.2278
-9.77182
-10.1401
-11.8519
-14.3085
-16.6555
-18.1701
-18.4717
-17.5976
-15.9077
-13.8768
-11.9019
-10.2098
-8.85587
-7.76667
-6.8117
-5.91236
-5.14473
-4.72281
-4.82099
-5.33507
-5.66541
-5.12395
-4.84283
-7.02749
-11.4092
-13.5271
-17.8201
-13.753
-11.5412
-7.42507
-7.71914
-12.63
-15.5461
-15.5781
-14.7298
-13.4685
-11.5756
-8.85297
-4.33459
-0.404594
-0.00234526
-2.75686e-07
-1.03883e-07
-9.01253e-08
-2.63169e-07
-0.00161883
-0.354256
-4.18639
-8.66738
-11.2848
-13.1033
-14.2992
-15.1348
-15.673
-14.8213
-10.5164
-6.65251
-8.66003
-12.5112
-15.8008
-17.2366
-12.3957
-10.3952
-6.06477
-4.17605
-4.33902
-4.58225
-4.3418
-4.21235
-4.49762
-5.12729
-5.95077
-6.93549
-8.17232
-9.76434
-11.72
-13.8892
-15.9425
-17.4163
-17.857
-17.0338
-15.1071
-12.6412
-10.4547
-9.37304
-9.73256
-10.4261
-9.29027
-5.92277
-2.1597
-0.301434
-0.0103472
-3.0279e-05
-3.0279e-05
-0.0103472
-0.301434
-2.1597
-5.92277
-9.29027
-10.4261
-9.73256
-9.37304
-10.4547
-12.6412
-15.1071
-17.0338
-17.857
-17.4163
-15.9425
-13.8892
-11.72
-9.76434
-8.17232
-6.93549
-5.95077
-5.12729
-4.49762
-4.21235
-4.3418
-4.58225
-4.33902
-4.17605
-6.06477
-10.3952
-12.3957
-17.2366
-15.8008
-12.5112
-8.66003
-6.65251
-10.5164
-14.8213
-15.673
-15.1348
-14.2992
-13.1033
-11.2848
-8.66738
-4.18639
-0.354256
-0.00161883
-2.63169e-07
-9.01253e-08
-7.68534e-08
-2.51663e-07
-0.00115817
-0.316503
-4.06653
-8.49147
-10.9933
-12.7258
-13.8526
-14.6116
-15.2117
-15.4079
-13.3383
-8.22251
-6.61144
-10.461
-12.0402
-16.5491
-16.18
-11.114
-9.37581
-5.24098
-3.63388
-3.65894
-3.75627
-3.71733
-3.91792
-4.43914
-5.2117
-6.24138
-7.62039
-9.4174
-11.5733
-13.8461
-15.8183
-16.9916
-16.9732
-15.687
-13.4837
-11.0699
-9.30768
-8.93544
-9.92168
-10.608
-9.0755
-5.57468
-1.94184
-0.252635
-0.00785338
-1.93869e-05
-1.93869e-05
-0.00785338
-0.252635
-1.94184
-5.57468
-9.0755
-10.608
-9.92168
-8.93544
-9.30768
-11.0699
-13.4837
-15.687
-16.9732
-16.9916
-15.8183
-13.8461
-11.5733
-9.4174
-7.62039
-6.24138
-5.2117
-4.43914
-3.91792
-3.71733
-3.75627
-3.65894
-3.63388
-5.24098
-9.37581
-11.114
-16.18
-16.5491
-12.0402
-10.461
-6.61144
-8.22251
-13.3383
-15.4079
-15.2117
-14.6116
-13.8526
-12.7258
-10.9933
-8.49147
-4.06653
-0.316503
-0.00115817
-2.51663e-07
-7.68534e-08
-6.47476e-08
-2.41446e-07
-0.000851647
-0.286891
-3.96331
-8.31863
-10.6977
-12.3333
-13.3851
-14.0729
-14.5928
-15.0521
-14.6418
-11.0149
-6.47038
-7.746
-10.8838
-14.7014
-15.8115
-15.133
-10.2119
-8.40583
-4.59688
-3.22651
-3.1519
-3.24466
-3.42789
-3.87231
-4.60962
-5.6841
-7.18361
-9.13965
-11.4255
-13.7127
-15.5157
-16.3347
-15.8697
-14.2097
-11.8728
-9.66236
-8.43874
-8.79381
-10.2356
-10.7158
-8.82435
-5.2574
-1.75319
-0.213325
-0.00605928
-1.29784e-05
-1.29784e-05
-0.00605928
-0.213325
-1.75319
-5.2574
-8.82435
-10.7158
-10.2356
-8.79381
-8.43874
-9.66236
-11.8728
-14.2097
-15.8697
-16.3347
-15.5157
-13.7127
-11.4255
-9.13965
-7.18361
-5.6841
-4.60962
-3.87231
-3.42789
-3.24466
-3.1519
-3.22651
-4.59688
-8.40583
-10.2119
-15.133
-15.8115
-14.7014
-10.8838
-7.746
-6.47038
-11.0149
-14.6418
-15.0521
-14.5928
-14.0729
-13.3851
-12.3333
-10.6977
-8.31863
-3.96331
-0.286891
-0.000851647
-2.41446e-07
-6.47476e-08
-5.43886e-08
-2.32851e-07
-0.000638633
-0.262623
-3.86964
-8.14886
-10.4021
-11.9321
-12.899
-13.52
-13.9555
-14.3699
-14.6113
-13.0625
-8.21455
-6.01375
-9.50272
-11.2739
-15.3132
-15.0203
-13.909
-9.7901
-7.4587
-4.10431
-2.94638
-2.85773
-3.0417
-3.4395
-4.14836
-5.25539
-6.84321
-8.90562
-11.2496
-13.4697
-15.0358
-15.4782
-14.6108
-12.6829
-10.3481
-8.46257
-7.8484
-8.8859
-10.5751
-10.7318
-8.559
-4.97139
-1.59001
-0.181814
-0.00477075
-9.14328e-06
-9.14328e-06
-0.00477075
-0.181814
-1.59001
-4.97139
-8.559
-10.7318
-10.5751
-8.8859
-7.8484
-8.46257
-10.3481
-12.6829
-14.6108
-15.4782
-15.0358
-13.4697
-11.2496
-8.90562
-6.84321
-5.25539
-4.14836
-3.4395
-3.0417
-2.85773
-2.94638
-4.10431
-7.4587
-9.7901
-13.909
-15.0203
-15.3132
-11.2739
-9.50272
-6.01375
-8.21455
-13.0625
-14.6113
-14.3699
-13.9555
-13.52
-12.899
-11.9321
-10.4021
-8.14886
-3.86964
-0.262623
-0.000638633
-2.32851e-07
-5.43886e-08
-4.6277e-08
-2.26283e-07
-0.00048584
-0.242205
-3.78457
-7.99074
-10.121
-11.5418
-12.4144
-12.9621
-13.3264
-13.6386
-13.9639
-13.6456
-10.4821
-6.05045
-7.16632
-9.81595
-13.7764
-14.6981
-14.3724
-12.5621
-9.30877
-6.54588
-3.71448
-2.79056
-2.7857
-3.14104
-3.82585
-4.94757
-6.58709
-8.70227
-11.0371
-13.1218
-14.4069
-14.4787
-13.2734
-11.1848
-8.9662
-7.49029
-7.51076
-9.13058
-10.8694
-10.6716
-8.30126
-4.71837
-1.45065
-0.156882
-0.00385282
-6.84968e-06
-6.84968e-06
-0.00385282
-0.156882
-1.45065
-4.71837
-8.30126
-10.6716
-10.8694
-9.13058
-7.51076
-7.49029
-8.9662
-11.1848
-13.2734
-14.4787
-14.4069
-13.1218
-11.0371
-8.70227
-6.58709
-4.94757
-3.82585
-3.14104
-2.7857
-2.79056
-3.71448
-6.54588
-9.30877
-12.5621
-14.3724
-14.6981
-13.7764
-9.81595
-7.16632
-6.05045
-10.4821
-13.6456
-13.9639
-13.6386
-13.3264
-12.9621
-12.4144
-11.5418
-10.121
-7.99074
-3.78457
-0.242205
-0.00048584
-2.26283e-07
-4.6277e-08
-4.08155e-08
-2.22199e-07
-0.000374452
-0.225121
-3.71401
-7.86257
-9.88132
-11.1968
-11.9715
-12.4369
-12.7301
-12.9499
-13.1778
-13.2582
-11.8296
-7.51037
-5.58399
-8.88812
-10.6984
-14.2608
-13.951
-13.6423
-11.1583
-8.75605
-5.72959
-3.43739
-2.78282
-2.97755
-3.6363
-4.75984
-6.41649
-8.53442
-10.8012
-12.6988
-13.6831
-13.4129
-11.9425
-9.78779
-7.76844
-6.74738
-7.38377
-9.4479
-11.0854
-10.5665
-8.07056
-4.50149
-1.33401
-0.137453
-0.00320649
-5.52175e-06
-5.52175e-06
-0.00320649
-0.137453
-1.33401
-4.50149
-8.07056
-10.5665
-11.0854
-9.4479
-7.38377
-6.74738
-7.76844
-9.78779
-11.9425
-13.4129
-13.6831
-12.6988
-10.8012
-8.53442
-6.41649
-4.75984
-3.6363
-2.97755
-2.78282
-3.43739
-5.72959
-8.75605
-11.1583
-13.6423
-13.951
-14.2608
-10.6984
-8.88812
-5.58399
-7.51037
-11.8296
-13.2582
-13.1778
-12.9499
-12.7301
-12.4369
-11.9715
-11.1968
-9.88132
-7.86257
-3.71401
-0.225121
-0.000374452
-2.22199e-07
-4.08155e-08
-3.82496e-08
-2.21045e-07
-0.000293177
-0.211524
-3.67042
-7.79214
-9.72198
-10.946
-11.6282
-12.0076
-12.2218
-12.3555
-12.4605
-12.5379
-12.039
-9.18877
-5.50083
-6.79273
-9.13591
-12.9142
-13.5568
-13.1487
-12.7712
-9.77558
-8.05167
-5.03014
-3.28977
-2.99432
-3.56378
-4.69099
-6.34452
-8.4264
-10.5815
-12.2616
-12.9491
-12.3806
-10.7125
-8.55907
-6.78129
-6.21754
-7.40925
-9.77007
-11.226
-10.4537
-7.88213
-4.32314
-1.23892
-0.122636
-0.00276272
-4.85051e-06
-4.85051e-06
-0.00276272
-0.122636
-1.23892
-4.32314
-7.88213
-10.4537
-11.226
-9.77007
-7.40925
-6.21754
-6.78129
-8.55907
-10.7125
-12.3806
-12.9491
-12.2616
-10.5815
-8.4264
-6.34452
-4.69099
-3.56378
-2.99432
-3.28977
-5.03014
-8.05167
-9.77558
-12.7712
-13.1487
-13.5568
-12.9142
-9.13591
-6.79273
-5.50083
-9.18877
-12.039
-12.5379
-12.4605
-12.3555
-12.2218
-12.0076
-11.6282
-10.946
-9.72198
-7.79214
-3.67042
-0.211524
-0.000293177
-2.21045e-07
-3.82496e-08
-3.85769e-08
-2.23138e-07
-0.000234761
-0.202024
-3.67189
-7.81423
-9.69053
-10.8487
-11.4534
-11.7513
-11.88
-11.9208
-11.9046
-11.8507
-11.6218
-10.1532
-6.54402
-5.30177
-8.52826
-10.2397
-13.1097
-12.6654
-12.2106
-11.7195
-8.41118
-7.1861
-4.5351
-3.35844
-3.59419
-4.70855
-6.3661
-8.39181
-10.4079
-11.8638
-12.2866
-11.481
-9.67165
-7.55339
-6.01841
-5.8778
-7.53526
-10.0593
-11.3135
-10.3622
-7.74461
-4.18207
-1.16239
-0.111465
-0.00246911
-4.68774e-06
-4.68774e-06
-0.00246911
-0.111465
-1.16239
-4.18207
-7.74461
-10.3622
-11.3135
-10.0593
-7.53526
-5.8778
-6.01841
-7.55339
-9.67165
-11.481
-12.2866
-11.8638
-10.4079
-8.39181
-6.3661
-4.70855
-3.59419
-3.35844
-4.5351
-7.1861
-8.41118
-11.7195
-12.2106
-12.6654
-13.1097
-10.2397
-8.52826
-5.30177
-6.54402
-10.1532
-11.6218
-11.8507
-11.9046
-11.9208
-11.88
-11.7513
-11.4534
-10.8487
-9.69053
-7.81423
-3.67189
-0.202024
-0.000234761
-2.23138e-07
-3.85769e-08
-4.14577e-08
-2.28511e-07
-0.000194359
-0.197581
-3.74085
-7.96561
-9.83519
-10.9637
-11.5147
-11.7441
-11.7869
-11.7238
-11.5796
-11.3644
-11.0847
-10.3513
-7.8404
-5.0433
-6.72569
-8.42578
-12.0405
-12.2363
-11.7393
-11.239
-10.4763
-7.80571
-6.29839
-4.27289
-3.80731
-4.7477
-6.4293
-8.41249
-10.2789
-11.5178
-11.7473
-10.8054
-8.8976
-6.8127
-5.48371
-5.69908
-7.71209
-10.2988
-11.3749
-10.3088
-7.65513
-4.07032
-1.10001
-0.103088
-0.00229122
-5.02232e-06
-5.02232e-06
-0.00229122
-0.103088
-1.10001
-4.07032
-7.65513
-10.3088
-11.3749
-10.2988
-7.71209
-5.69908
-5.48371
-6.8127
-8.8976
-10.8054
-11.7473
-11.5178
-10.2789
-8.41249
-6.4293
-4.7477
-3.80731
-4.27289
-6.29839
-7.80571
-10.4763
-11.239
-11.7393
-12.2363
-12.0405
-8.42578
-6.72569
-5.0433
-7.8404
-10.3513
-11.0847
-11.3644
-11.5796
-11.7238
-11.7869
-11.7441
-11.5147
-10.9637
-9.83519
-7.96561
-3.74085
-0.197581
-0.000194359
-2.28511e-07
-4.14577e-08
-4.61768e-08
-2.3675e-07
-0.000168626
-0.199395
-3.90177
-8.27695
-10.1933
-11.3354
-11.8627
-12.0438
-12.0098
-11.839
-11.5576
-11.1743
-10.7313
-10.2025
-8.77392
-5.81478
-5.30424
-8.16291
-9.99798
-11.831
-11.3209
-10.8174
-10.2777
-9.17306
-7.11165
-5.60513
-4.38617
-4.7964
-6.40351
-8.39199
-10.0741
-11.328
-11.3232
-10.4304
-8.44238
-6.35516
-5.16678
-5.65439
-7.91345
-10.493
-11.4275
-10.2916
-7.5986
-3.97274
-1.04531
-0.0965976
-0.00220434
-5.99277e-06
-5.99277e-06
-0.00220434
-0.0965976
-1.04531
-3.97274
-7.5986
-10.2916
-11.4275
-10.493
-7.91345
-5.65439
-5.16678
-6.35516
-8.44238
-10.4304
-11.3232
-11.328
-10.0741
-8.39199
-6.40351
-4.7964
-4.38617
-5.60513
-7.11165
-9.17306
-10.2777
-10.8174
-11.3209
-11.831
-9.99798
-8.16291
-5.30424
-5.81478
-8.77392
-10.2025
-10.7313
-11.1743
-11.5576
-11.839
-12.0098
-12.0438
-11.8627
-11.3354
-10.1933
-8.27695
-3.90177
-0.199395
-0.000168626
-2.3675e-07
-4.61768e-08
-5.17142e-08
-2.4687e-07
-0.000154849
-0.208574
-4.17555
-8.76166
-10.7777
-11.977
-12.5133
-12.6745
-12.5855
-12.3206
-11.9078
-11.3616
-10.7335
-10.1355
-9.31599
-7.06912
-4.89815
-6.90764
-7.60926
-11.2433
-10.943
-10.4815
-9.94464
-9.30422
-8.02533
-6.3412
-5.28252
-5.07674
-6.29092
-8.15997
-9.53163
-11.4522
-11.0026
-10.4155
-8.33459
-6.18064
-5.05161
-5.72017
-8.12566
-10.6533
-11.4775
-10.2937
-7.54781
-3.86896
-0.991962
-0.0913221
-0.0021988
-8.01824e-06
-8.01824e-06
-0.0021988
-0.0913221
-0.991962
-3.86896
-7.54781
-10.2937
-11.4775
-10.6533
-8.12566
-5.72017
-5.05161
-6.18064
-8.33459
-10.4155
-11.0026
-11.4522
-9.53163
-8.15997
-6.29092
-5.07674
-5.28252
-6.3412
-8.02533
-9.30422
-9.94464
-10.4815
-10.943
-11.2433
-7.60926
-6.90764
-4.89815
-7.06912
-9.31599
-10.1355
-10.7335
-11.3616
-11.9078
-12.3206
-12.5855
-12.6745
-12.5133
-11.977
-10.7777
-8.76166
-4.17555
-0.208574
-0.000154849
-2.4687e-07
-5.17142e-08
-5.69559e-08
-2.57265e-07
-0.000149812
-0.225308
-4.56845
-9.40215
-11.5624
-12.8565
-13.4342
-13.6139
-13.512
-13.1947
-12.6869
-12.0072
-11.212
-10.4461
-9.79438
-8.397
-5.62293
-5.67383
-7.51486
-9.97546
-10.7331
-10.2624
-9.76727
-9.17111
-8.41224
-7.22085
-5.82723
-5.25617
-5.97593
-7.31866
-9.50683
-11.4228
-10.8018
-10.6735
-8.56116
-6.26334
-5.10526
-5.8718
-8.34655
-10.7921
-11.5189
-10.2862
-7.46817
-3.7369
-0.934155
-0.0867325
-0.00227786
-1.21546e-05
-1.21546e-05
-0.00227786
-0.0867325
-0.934155
-3.7369
-7.46817
-10.2862
-11.5189
-10.7921
-8.34655
-5.8718
-5.10526
-6.26334
-8.56116
-10.6735
-10.8018
-11.4228
-9.50683
-7.31866
-5.97593
-5.25617
-5.82723
-7.22085
-8.41224
-9.17111
-9.76727
-10.2624
-10.7331
-9.97546
-7.51486
-5.67383
-5.62293
-8.397
-9.79438
-10.4461
-11.212
-12.0072
-12.6869
-13.1947
-13.512
-13.6139
-13.4342
-12.8565
-11.5624
-9.40215
-4.56845
-0.225308
-0.000149812
-2.57265e-07
-5.69559e-08
-6.10164e-08
-2.65783e-07
-0.000148261
-0.247325
-5.05398
-10.1361
-12.4707
-13.8865
-14.5405
-14.7941
-14.7496
-14.4594
-13.9338
-13.1847
-12.2679
-11.3242
-10.5791
-9.72442
-7.23895
-5.35888
-7.14771
-8.36157
-10.4152
-10.1015
-9.73051
-9.26035
-8.66821
-7.95153
-7.15642
-6.59942
-6.8792
-8.1608
-9.91414
-11.7008
-11.5928
-10.9701
-9.16474
-6.56217
-5.28173
-6.08061
-8.57655
-10.9217
-11.5412
-10.2361
-7.32412
-3.55968
-0.869482
-0.0827535
-0.00247192
-2.12597e-05
-2.12597e-05
-0.00247192
-0.0827535
-0.869482
-3.55968
-7.32412
-10.2361
-11.5412
-10.9217
-8.57655
-6.08061
-5.28173
-6.56217
-9.16474
-10.9701
-11.5928
-11.7008
-9.91414
-8.1608
-6.8792
-6.59942
-7.15642
-7.95153
-8.66821
-9.26035
-9.73051
-10.1015
-10.4152
-8.36157
-7.14771
-5.35888
-7.23895
-9.72442
-10.5791
-11.3242
-12.2679
-13.1847
-13.9338
-14.4594
-14.7496
-14.7941
-14.5405
-13.8865
-12.4707
-10.1361
-5.05398
-0.247325
-0.000148261
-2.65783e-07
-6.10164e-08
-6.35788e-08
-2.69924e-07
-0.000141682
-0.267681
-5.54875
-10.8467
-13.3651
-14.9221
-15.6966
-16.1017
-16.2141
-16.0615
-15.6253
-14.8982
-13.927
-12.8407
-11.8953
-11.1917
-9.39067
-6.17238
-6.7032
-6.8998
-10.062
-10.0179
-9.81693
-9.51134
-9.12189
-8.68554
-8.29422
-8.13673
-8.46084
-9.35799
-10.6425
-12.0993
-12.7173
-10.8277
-9.90584
-6.98038
-5.50575
-6.29648
-8.79999
-11.0395
-11.5271
-10.1101
-7.08444
-3.32785
-0.798235
-0.0796332
-0.00285423
-4.38617e-05
-4.38617e-05
-0.00285423
-0.0796332
-0.798235
-3.32785
-7.08444
-10.1101
-11.5271
-11.0395
-8.79999
-6.29648
-5.50575
-6.98038
-9.90584
-10.8277
-12.7173
-12.0993
-10.6425
-9.35799
-8.46084
-8.13673
-8.29422
-8.68554
-9.12189
-9.51134
-9.81693
-10.0179
-10.062
-6.8998
-6.7032
-6.17238
-9.39067
-11.1917
-11.8953
-12.8407
-13.927
-14.8982
-15.6253
-16.0615
-16.2141
-16.1017
-15.6966
-14.9221
-13.3651
-10.8467
-5.54875
-0.267681
-0.000141682
-2.69924e-07
-6.35788e-08
-6.51586e-08
-2.67272e-07
-0.000120154
-0.272882
-5.88386
-11.357
-14.038
-15.7533
-16.6958
-17.324
-17.6735
-17.741
-17.4765
-16.8516
-15.904
-14.752
-13.6324
-12.8394
-11.6406
-8.11904
-6.60963
-6.74286
-9.52514
-10.0977
-10.02
-9.87126
-9.67148
-9.46478
-9.32923
-9.38115
-9.74089
-10.4503
-11.4322
-12.5591
-13.6906
-11.1773
-10.5344
-7.56164
-5.72097
-6.45594
-8.98696
-11.1345
-11.4572
-9.87766
-6.72853
-3.04469
-0.724664
-0.0781825
-0.00359999
-0.000108784
-0.000108784
-0.00359999
-0.0781825
-0.724664
-3.04469
-6.72853
-9.87766
-11.4572
-11.1345
-8.98696
-6.45594
-5.72097
-7.56164
-10.5344
-11.1773
-13.6906
-12.5591
-11.4322
-10.4503
-9.74089
-9.38115
-9.32923
-9.46478
-9.67148
-9.87126
-10.02
-10.0977
-9.52514
-6.74286
-6.60963
-8.11904
-11.6406
-12.8394
-13.6324
-14.752
-15.904
-16.8516
-17.4765
-17.741
-17.6735
-17.324
-16.6958
-15.7533
-14.038
-11.357
-5.88386
-0.272882
-0.000120154
-2.67272e-07
-6.51586e-08
-6.73657e-08
-2.56362e-07
-8.07611e-05
-0.244923
-5.78249
-11.4215
-14.1959
-16.0649
-17.1677
-17.9872
-18.5245
-18.7655
-18.6527
-18.1542
-17.3073
-16.2216
-15.0948
-14.2384
-13.4348
-10.5157
-7.27805
-6.87547
-8.93641
-10.2377
-10.3013
-10.2999
-10.2634
-10.2348
-10.2736
-10.4514
-10.8316
-11.4348
-12.2252
-13.1395
-14.1425
-13.307
-10.364
-8.44188
-5.90444
-6.48582
-9.08265
-11.1756
-11.3045
-9.51335
-6.25124
-2.72483
-0.655105
-0.0797889
-0.00512892
-0.000324192
-0.000324192
-0.00512892
-0.0797889
-0.655105
-2.72483
-6.25124
-9.51335
-11.3045
-11.1756
-9.08265
-6.48582
-5.90444
-8.44188
-10.364
-13.307
-14.1425
-13.1395
-12.2252
-11.4348
-10.8316
-10.4514
-10.2736
-10.2348
-10.2634
-10.2999
-10.3013
-10.2377
-8.93641
-6.87547
-7.27805
-10.5157
-13.4348
-14.2384
-15.0948
-16.2216
-17.3073
-18.1542
-18.6527
-18.7655
-18.5245
-17.9872
-17.1677
-16.0649
-14.1959
-11.4215
-5.78249
-0.244923
-8.07611e-05
-2.56362e-07
-6.73657e-08
-7.35363e-08
-2.38333e-07
-3.71716e-05
-0.174587
-4.91232
-10.7141
-13.463
-15.4089
-16.5548
-17.3873
-17.9225
-18.1745
-18.1098
-17.7107
-17.0186
-16.1351
-15.2199
-14.5123
-14.0551
-12.2115
-8.38544
-7.36561
-8.53358
-10.4694
-10.6551
-10.7796
-10.877
-10.9857
-11.149
-11.4109
-11.8054
-12.341
-12.9949
-13.7195
-14.4423
-14.9837
-10.2059
-9.62853
-6.21114
-6.36423
-9.03755
-11.1285
-11.0409
-9.00131
-5.66809
-2.39361
-0.597725
-0.0869665
-0.00853712
-0.00112696
-0.00112696
-0.00853712
-0.0869665
-0.597725
-2.39361
-5.66809
-9.00131
-11.0409
-11.1285
-9.03755
-6.36423
-6.21114
-9.62853
-10.2059
-14.9837
-14.4423
-13.7195
-12.9949
-12.341
-11.8054
-11.4109
-11.149
-10.9857
-10.877
-10.7796
-10.6551
-10.4694
-8.53358
-7.36561
-8.38544
-12.2115
-14.0551
-14.5123
-15.2199
-16.1351
-17.0186
-17.7107
-18.1098
-18.1745
-17.9225
-17.3873
-16.5548
-15.4089
-13.463
-10.7141
-4.91232
-0.174587
-3.71716e-05
-2.38333e-07
-7.35363e-08
-9.012e-08
-2.1931e-07
-9.85945e-06
-0.0846589
-3.17161
-8.83306
-11.4774
-13.3557
-14.4354
-15.1405
-15.549
-15.7162
-15.6415
-15.3226
-14.8011
-14.1683
-13.5578
-13.1396
-13.0296
-12.2604
-9.1207
-8.03767
-8.23289
-10.8068
-11.0819
-11.3049
-11.5081
-11.7244
-11.9833
-12.3093
-12.7178
-13.2091
-13.7662
-14.3605
-14.9671
-15.6265
-13.0972
-10.1641
-6.98692
-6.085
-8.79748
-10.9547
-10.64
-8.34184
-5.01635
-2.08119
-0.561572
-0.104506
-0.0168865
-0.00431948
-0.00431948
-0.0168865
-0.104506
-0.561572
-2.08119
-5.01635
-8.34184
-10.64
-10.9547
-8.79748
-6.085
-6.98692
-10.1641
-13.0972
-15.6265
-14.9671
-14.3605
-13.7662
-13.2091
-12.7178
-12.3093
-11.9833
-11.7244
-11.5081
-11.3049
-11.0819
-10.8068
-8.23289
-8.03767
-9.1207
-12.2604
-13.0296
-13.1396
-13.5578
-14.1683
-14.8011
-15.3226
-15.6415
-15.7162
-15.549
-15.1405
-14.4354
-13.3557
-11.4774
-8.83306
-3.17161
-0.0846589
-9.85945e-06
-2.1931e-07
-9.012e-08
-1.2822e-07
-2.12197e-07
-1.27353e-06
-0.0229596
-1.24075
-5.43576
-7.9713
-9.55848
-10.5449
-11.1531
-11.5046
-11.6729
-11.6774
-11.5185
-11.2232
-10.8636
-10.5521
-10.4231
-10.5995
-10.6044
-8.78733
-8.15253
-7.58261
-11.207
-11.579
-11.8724
-12.1565
-12.4613
-12.8024
-13.1868
-13.6143
-14.0767
-14.5583
-15.0358
-15.475
-15.7965
-15.6757
-8.85699
-8.30666
-5.7169
-8.3228
-10.6324
-10.0879
-7.55875
-4.35069
-1.81716
-0.557581
-0.142421
-0.0390741
-0.0170666
-0.0170666
-0.0390741
-0.142421
-0.557581
-1.81716
-4.35069
-7.55875
-10.0879
-10.6324
-8.3228
-5.7169
-8.30666
-8.85699
-15.6757
-15.7965
-15.475
-15.0358
-14.5583
-14.0767
-13.6143
-13.1868
-12.8024
-12.4613
-12.1565
-11.8724
-11.579
-11.207
-7.58261
-8.15253
-8.78733
-10.6044
-10.5995
-10.4231
-10.5521
-10.8636
-11.2232
-11.5185
-11.6774
-11.6729
-11.5046
-11.1531
-10.5449
-9.55848
-7.9713
-5.43576
-1.24075
-0.0229596
-1.27353e-06
-2.12197e-07
-1.2822e-07
-2.02993e-07
-2.35101e-07
-3.80304e-07
-0.00296786
-0.237083
-1.72842
-3.30717
-4.14265
-4.7365
-5.23289
-5.70624
-6.17169
-6.59905
-6.92893
-7.10809
-7.13692
-7.09948
-7.1452
-7.44887
-7.8705
-7.2562
-6.90423
-7.13065
-11.2325
-12.1818
-12.4765
-12.8167
-13.2033
-13.6292
-14.0801
-14.5378
-14.9846
-15.4054
-15.7884
-16.1267
-16.4298
-16.8069
-11.9495
-9.9957
-5.85638
-7.58054
-10.1546
-9.38997
-6.70161
-3.73139
-1.6257
-0.601121
-0.222427
-0.100569
-0.0652048
-0.0652048
-0.100569
-0.222427
-0.601121
-1.6257
-3.73139
-6.70161
-9.38997
-10.1546
-7.58054
-5.85638
-9.9957
-11.9495
-16.8069
-16.4298
-16.1267
-15.7884
-15.4054
-14.9846
-14.5378
-14.0801
-13.6292
-13.2033
-12.8167
-12.4765
-12.1818
-11.2325
-7.13065
-6.90423
-7.2562
-7.8705
-7.44887
-7.1452
-7.09948
-7.13692
-7.10809
-6.92893
-6.59905
-6.17169
-5.70624
-5.23289
-4.7365
-4.14265
-3.30717
-1.72842
-0.237083
-0.00296786
-3.80304e-07
-2.35101e-07
-2.02993e-07
-3.28702e-07
-3.05155e-07
-4.189e-07
-0.000165108
-0.023257
-0.244415
-0.584938
-0.705938
-0.737014
-0.793496
-0.920505
-1.14433
-1.48802
-1.96806
-2.57578
-3.25106
-3.87826
-4.35451
-4.73254
-5.17528
-5.16903
-4.9301
-7.51011
-9.98197
-12.7936
-13.0627
-13.4643
-13.9492
-14.4846
-15.028
-15.5362
-15.9784
-16.3407
-16.6242
-16.8407
-17.0104
-17.1575
-15.1102
-9.25641
-6.51344
-6.48002
-9.50663
-8.58246
-5.84168
-3.21153
-1.52638
-0.718074
-0.391058
-0.268443
-0.228025
-0.228025
-0.268443
-0.391058
-0.718074
-1.52638
-3.21153
-5.84168
-8.58246
-9.50663
-6.48002
-6.51344
-9.25641
-15.1102
-17.1575
-17.0104
-16.8407
-16.6242
-16.3407
-15.9784
-15.5362
-15.028
-14.4846
-13.9492
-13.4643
-13.0627
-12.7936
-9.98197
-7.51011
-4.9301
-5.16903
-5.17528
-4.73254
-4.35451
-3.87826
-3.25106
-2.57578
-1.96806
-1.48802
-1.14433
-0.920505
-0.793496
-0.737014
-0.705938
-0.584938
-0.244415
-0.023257
-0.000165108
-4.189e-07
-3.05155e-07
-3.28702e-07
-5.10335e-07
-4.31468e-07
-5.48912e-07
-3.60067e-06
-0.00137259
-0.0242144
-0.0765723
-0.088314
-0.0682698
-0.0529583
-0.0495116
-0.0575483
-0.0799496
-0.125711
-0.213509
-0.378266
-0.677894
-1.18695
-1.94058
-2.87264
-3.62083
-3.29332
-6.0421
-7.30197
-13.028
-13.5399
-14.0626
-14.692
-15.3931
-16.0821
-16.6742
-17.1197
-17.4105
-17.5682
-17.6289
-17.6306
-17.5938
-17.4521
-9.93057
-8.62518
-5.44199
-8.62291
-7.72486
-5.05518
-2.82985
-1.53954
-0.953557
-0.739408
-0.690817
-0.69542
-0.69542
-0.690817
-0.739408
-0.953557
-1.53954
-2.82985
-5.05518
-7.72486
-8.62291
-5.44199
-8.62518
-9.93057
-17.4521
-17.5938
-17.6306
-17.6289
-17.5682
-17.4105
-17.1197
-16.6742
-16.0821
-15.3931
-14.692
-14.0626
-13.5399
-13.028
-7.30197
-6.0421
-3.29332
-3.62083
-2.87264
-1.94058
-1.18695
-0.677894
-0.378266
-0.213509
-0.125711
-0.0799496
-0.0575483
-0.0495116
-0.0529583
-0.0682698
-0.088314
-0.0765723
-0.0242144
-0.00137259
-3.60067e-06
-5.48912e-07
-4.31468e-07
-5.10335e-07
-7.3479e-07
-6.11177e-07
-7.74875e-07
-9.36184e-07
-0.000169845
-0.00872565
-0.0517849
-0.0730113
-0.0407718
-0.014878
-0.00578889
-0.00348538
-0.00344154
-0.00476205
-0.00803238
-0.015449
-0.0330928
-0.0782163
-0.199836
-0.528034
-1.38483
-2.62393
-3.21538
-7.17872
-11.2965
-14.0342
-14.5905
-15.4189
-16.3909
-17.3253
-18.0539
-18.5014
-18.6822
-18.6587
-18.5079
-18.3073
-18.1454
-18.2063
-13.0237
-10.1247
-4.97509
-7.38296
-6.91255
-4.40167
-2.60217
-1.68981
-1.37877
-1.41158
-1.6015
-1.76603
-1.76603
-1.6015
-1.41158
-1.37877
-1.68981
-2.60217
-4.40167
-6.91255
-7.38296
-4.97509
-10.1247
-13.0237
-18.2063
-18.1454
-18.3073
-18.5079
-18.6587
-18.6822
-18.5014
-18.0539
-17.3253
-16.3909
-15.4189
-14.5905
-14.0342
-11.2965
-7.17872
-3.21538
-2.62393
-1.38483
-0.528034
-0.199836
-0.0782163
-0.0330928
-0.015449
-0.00803238
-0.00476205
-0.00344154
-0.00348538
-0.00578889
-0.014878
-0.0407718
-0.0730113
-0.0517849
-0.00872565
-0.000169845
-9.36184e-07
-7.74875e-07
-6.11177e-07
-7.3479e-07
-9.63705e-07
-8.28044e-07
-1.09475e-06
-1.40479e-06
-0.00297004
-0.12829
-0.69857
-0.90956
-0.478471
-0.151751
-0.0390701
-0.0105711
-0.00370759
-0.00192037
-0.00149387
-0.00165418
-0.00247699
-0.00486359
-0.012233
-0.0387235
-0.153174
-0.842781
-2.07608
-5.69284
-7.7497
-14.096
-14.8854
-16.0769
-17.5403
-18.9138
-19.8555
-20.2732
-20.2537
-19.9429
-19.4784
-18.968
-18.4856
-18.0352
-16.0313
-8.5869
-5.41105
-5.52844
-6.08318
-3.92444
-2.56869
-2.04688
-2.11964
-2.59705
-3.22921
-3.67425
-3.67425
-3.22921
-2.59705
-2.11964
-2.04688
-2.56869
-3.92444
-6.08318
-5.52844
-5.41105
-8.5869
-16.0313
-18.0352
-18.4856
-18.968
-19.4784
-19.9429
-20.2537
-20.2732
-19.8555
-18.9138
-17.5403
-16.0769
-14.8854
-14.096
-7.7497
-5.69284
-2.07608
-0.842781
-0.153174
-0.0387235
-0.012233
-0.00486359
-0.00247699
-0.00165418
-0.00149387
-0.00192037
-0.00370759
-0.0105711
-0.0390701
-0.151751
-0.478471
-0.90956
-0.69857
-0.12829
-0.00297004
-1.40479e-06
-1.09475e-06
-8.28044e-07
-9.63705e-07
-1.13015e-06
-1.05365e-06
-2.91773e-06
-0.00320002
-0.293427
-3.28299
-7.4816
-7.13183
-4.34288
-1.84728
-0.641659
-0.219539
-0.0844724
-0.0391756
-0.0217379
-0.0135207
-0.00892842
-0.00639586
-0.00569794
-0.00791499
-0.0200276
-0.101134
-1.04621
-2.45618
-7.35502
-11.3415
-14.8342
-16.5919
-18.986
-21.1877
-22.4243
-22.6835
-22.2658
-21.4815
-20.557
-19.6361
-18.8125
-18.1672
-17.8436
-10.0438
-8.35873
-4.3093
-5.46646
-3.63066
-2.6741
-2.59009
-3.16603
-4.21746
-5.3441
-6.05889
-6.05889
-5.3441
-4.21746
-3.16603
-2.59009
-2.6741
-3.63066
-5.46646
-4.3093
-8.35873
-10.0438
-17.8436
-18.1672
-18.8125
-19.6361
-20.557
-21.4815
-22.2658
-22.6835
-22.4243
-21.1877
-18.986
-16.5919
-14.8342
-11.3415
-7.35502
-2.45618
-1.04621
-0.101134
-0.0200276
-0.00791499
-0.00569794
-0.00639586
-0.00892842
-0.0135207
-0.0217379
-0.0391756
-0.0844724
-0.219539
-0.641659
-1.84728
-4.34288
-7.13183
-7.4816
-3.28299
-0.293427
-0.00320002
-2.91773e-06
-1.05365e-06
-1.13015e-06
-1.14549e-06
-5.16382e-06
-0.00890961
-0.799206
-8.23567
-15.8102
-15.9709
-14.2526
-11.2233
-7.34116
-3.9618
-1.94278
-0.986792
-0.564519
-0.365174
-0.252373
-0.176119
-0.120882
-0.0831729
-0.0617105
-0.0585707
-0.0961986
-0.410531
-1.61513
-5.08195
-6.73423
-13.6006
-16.7863
-21.0996
-25.0059
-26.4639
-26.1462
-24.9032
-23.3274
-21.7361
-20.2702
-18.9995
-18.001
-17.4124
-12.1273
-8.63537
-3.38076
-4.04548
-3.61701
-3.28637
-3.79163
-4.93124
-6.43505
-7.7704
-8.52755
-8.52755
-7.7704
-6.43505
-4.93124
-3.79163
-3.28637
-3.61701
-4.04548
-3.38076
-8.63537
-12.1273
-17.4124
-18.001
-18.9995
-20.2702
-21.7361
-23.3274
-24.9032
-26.1462
-26.4639
-25.0059
-21.0996
-16.7863
-13.6006
-6.73423
-5.08195
-1.61513
-0.410531
-0.0961986
-0.0585707
-0.0617105
-0.0831729
-0.120882
-0.176119
-0.252373
-0.365174
-0.564519
-0.986792
-1.94278
-3.9618
-7.34116
-11.2233
-14.2526
-15.9709
-15.8102
-8.23567
-0.799206
-0.00890961
-5.16382e-06
-1.14549e-06
-9.319e-07
-0.00406597
-1.18739
-13.7333
-18.7403
-18.2683
-17.6896
-16.2567
-13.7789
-11.1268
-8.91484
-7.29283
-6.21703
-5.54325
-5.08708
-4.66306
-4.18562
-3.65273
-3.08578
-2.50683
-1.94065
-1.43525
-1.20135
-2.01615
-3.99846
-5.63246
-9.31077
-16.8441
-24.964
-33.0167
-33.487
-31.3308
-28.3554
-25.4792
-22.9697
-20.8262
-18.9953
-17.4865
-16.5465
-14.1482
-11.3136
-8.1214
-4.12462
-3.43979
-3.6697
-4.53387
-6.13025
-8.37642
-10.346
-11.4284
-11.4284
-10.346
-8.37642
-6.13025
-4.53387
-3.6697
-3.43979
-4.12462
-8.1214
-11.3136
-14.1482
-16.5465
-17.4865
-18.9953
-20.8262
-22.9697
-25.4792
-28.3554
-31.3308
-33.487
-33.0167
-24.964
-16.8441
-9.31077
-5.63246
-3.99846
-2.01615
-1.20135
-1.43525
-1.94065
-2.50683
-3.08578
-3.65273
-4.18562
-4.66306
-5.08708
-5.54325
-6.21703
-7.29283
-8.91484
-11.1268
-13.7789
-16.2567
-17.6896
-18.2683
-18.7403
-13.7333
-1.18739
-0.00406597
-9.319e-07
-6.2013e-06
-0.206312
-12.6481
-15.9779
-15.9166
-15.5196
-13.7924
-11.6252
-9.43691
-7.56501
-6.15929
-5.5425
-5.99641
-6.54224
-6.94217
-7.23433
-7.46522
-7.62088
-7.70899
-7.75929
-7.78162
-7.81377
-7.97807
-8.25841
-7.61971
-4.2205
-8.50736
-17.7988
-33.0459
-56.2153
-47.1046
-39.2343
-32.6227
-27.76
-24.1396
-21.2771
-18.8343
-16.5676
-14.2536
-11.5633
-7.6946
-2.39955
-0.200909
-0.0609906
-1.62448
-4.28348
-5.24939
-6.4087
-7.60534
-8.05754
-8.05754
-7.60534
-6.4087
-5.24939
-4.28348
-1.62448
-0.0609906
-0.200909
-2.39955
-7.6946
-11.5633
-14.2536
-16.5676
-18.8343
-21.2771
-24.1396
-27.76
-32.6227
-39.2343
-47.1046
-56.2153
-33.0459
-17.7988
-8.50736
-4.2205
-7.61971
-8.25841
-7.97807
-7.81377
-7.78162
-7.75929
-7.70899
-7.62088
-7.46522
-7.23433
-6.94217
-6.54224
-5.99641
-5.5425
-6.15929
-7.56501
-9.43691
-11.6252
-13.7924
-15.5196
-15.9166
-15.9779
-12.6481
-0.206312
-6.2013e-06
-1.33536e-05
-1.18501
-21.1683
-18.2268
-22.0735
-21.2484
-20.0964
-19.1125
-17.9761
-16.7548
-15.4085
-14.8021
-16.1537
-16.8694
-17.0909
-17.1412
-17.211
-17.3148
-17.4545
-17.6446
-17.8807
-18.1655
-18.4481
-18.1765
-16.087
-12.92
-17.1714
-31.6859
-72.2763
-20656.5
-7605.56
-3288.52
-2419.01
-1953.58
-1654.54
-1432.41
-1244.34
-1063.11
-865.554
-632.202
-372.027
-152.386
-43.5237
-12.1356
-5.11215
-4.50377
-6.11592
-7.36447
-8.96293
-9.72556
-9.72556
-8.96293
-7.36447
-6.11592
-4.50377
-5.11215
-12.1356
-43.5237
-152.386
-372.027
-632.202
-865.554
-1063.11
-1244.34
-1432.41
-1654.54
-1953.58
-2419.01
-3288.52
-7605.56
-20656.5
-72.2763
-31.6859
-17.1714
-12.92
-16.087
-18.1765
-18.4481
-18.1655
-17.8807
-17.6446
-17.4545
-17.3148
-17.211
-17.1412
-17.0909
-16.8694
-16.1537
-14.8021
-15.4085
-16.7548
-17.9761
-19.1125
-20.0964
-21.2484
-22.0735
-18.2268
-21.1683
-1.18501
-1.33536e-05
