-1.28968e-10
-4.94774
-16.3183
-25.0666
-34.0728
-36.3687
-46.8737
-49.4332
-51.4121
-54.0954
-55.4398
-52.8784
-60.2668
-164.138
-56203.8
-21809.3
-9999.18
-7353.06
-5551.56
-3878.87
-2206.23
-877.575
-298.435
-114.696
-7.6945
-7.6945
-114.696
-298.435
-877.575
-2206.23
-3878.87
-5551.56
-7353.06
-9999.18
-21809.3
-56203.8
-164.138
-60.2668
-52.8784
-55.4398
-54.0954
-51.4121
-49.4332
-46.8737
-36.3687
-34.0728
-25.0666
-16.3183
-4.94774
-1.28968e-10
-3.05417e-10
-6.41033
-27.021
-20.6552
-25.771
-18.9258
-18.3802
-18.8145
-20.4352
-22.3813
-23.4165
-19.9763
-22.5342
-77.427
-156.051
-142.617
-122.436
-103.442
-86.5935
-68.7339
-46.0013
-12.2822
-0.50161
-3.11679
-1.94985
-1.94985
-3.11679
-0.50161
-12.2822
-46.0013
-68.7339
-86.5935
-103.442
-122.436
-142.617
-156.051
-77.427
-22.5342
-19.9763
-23.4165
-22.3813
-20.4352
-18.8145
-18.3802
-18.9258
-25.771
-20.6552
-27.021
-6.41033
-3.05417e-10
-9.83149e-11
-2.35388
-96.9443
-35.8089
-50.6212
-14.0905
-0.96462
-0.489039
-0.423809
-0.384858
-1.76234
-17.043
-45.0892
-92.2593
-107.927
-107.682
-102.08
-97.6949
-95.4251
-86.5528
-55.0463
-10.8195
-0.000316641
-7.81641e-07
-5.89889e-08
-5.89889e-08
-7.81641e-07
-0.000316641
-10.8195
-55.0463
-86.5528
-95.4251
-97.6949
-102.08
-107.682
-107.927
-92.2593
-45.0892
-17.043
-1.76234
-0.384858
-0.423809
-0.489039
-0.96462
-14.0905
-50.6212
-35.8089
-96.9443
-2.35388
-9.83149e-11
-6.89332e-12
-0.0141118
-2.67131
-4.3891
-0.26316
-0.000623315
-6.33409e-10
-3.30102e-12
-2.50548e-12
-1.61889e-05
-2.36551
-43.2662
-71.853
-94.7624
-91.1617
-86.1162
-84.7441
-91.1247
-102.746
-69.5375
-47.1816
-3.25899
-6.98301e-08
-7.63179e-12
-6.53507e-12
-6.53507e-12
-7.63179e-12
-6.98301e-08
-3.25899
-47.1816
-69.5375
-102.746
-91.1247
-84.7441
-86.1162
-91.1617
-94.7624
-71.853
-43.2662
-2.36551
-1.61889e-05
-2.50548e-12
-3.30102e-12
-6.33409e-10
-0.000623315
-0.26316
-4.3891
-2.67131
-0.0141118
-6.89332e-12
-3.75184e-12
-5.21795e-12
-2.61043e-11
-4.64591e-11
-3.77126e-12
-2.35297e-12
-1.76219e-12
-1.94615e-12
-3.25405e-06
-0.1757
-26.0101
-62.6576
-103.552
-90.5455
-78.9599
-66.0356
-64.463
-81.5615
-105.234
-62.2515
-27.8633
-0.234115
-7.25351e-12
-5.2472e-12
-4.05698e-12
-4.05698e-12
-5.2472e-12
-7.25351e-12
-0.234115
-27.8633
-62.2515
-105.234
-81.5615
-64.463
-66.0356
-78.9599
-90.5455
-103.552
-62.6576
-26.0101
-0.1757
-3.25405e-06
-1.94615e-12
-1.76219e-12
-2.35297e-12
-3.77126e-12
-4.64591e-11
-2.61043e-11
-5.21795e-12
-3.75184e-12
-9.96586e-13
-1.79608e-12
-2.13123e-12
-1.53466e-12
-9.30711e-13
-8.42397e-13
-1.4016e-12
-1.04576e-07
-0.0519958
-21.3714
-39.8826
-97.7888
-95.6404
-86.8784
-72.6722
-35.3093
-42.2585
-71.6708
-93.677
-51.7506
-28.3139
-0.0546364
-7.68541e-12
-4.22287e-12
-2.50914e-12
-2.50914e-12
-4.22287e-12
-7.68541e-12
-0.0546364
-28.3139
-51.7506
-93.677
-71.6708
-42.2585
-35.3093
-72.6722
-86.8784
-95.6404
-97.7888
-39.8826
-21.3714
-0.0519958
-1.04576e-07
-1.4016e-12
-8.42397e-13
-9.30711e-13
-1.53466e-12
-2.13123e-12
-1.79608e-12
-9.96586e-13
-4.78556e-13
-1.97054e-12
-3.17079e-12
-3.0917e-12
-2.55488e-12
-2.28262e-12
-3.58361e-12
-0.0016825
-14.9827
-41.9445
-75.1654
-98.4325
-96.1616
-90.8579
-42.2377
-27.6245
-39.9009
-81.1217
-93.6663
-49.8557
-31.9758
-0.0968562
-8.50992e-12
-3.87976e-12
-1.61408e-12
-1.61408e-12
-3.87976e-12
-8.50992e-12
-0.0968562
-31.9758
-49.8557
-93.6663
-81.1217
-39.9009
-27.6245
-42.2377
-90.8579
-96.1616
-98.4325
-75.1654
-41.9445
-14.9827
-0.0016825
-3.58361e-12
-2.28262e-12
-2.55488e-12
-3.0917e-12
-3.17079e-12
-1.97054e-12
-4.78556e-13
-1.70798e-12
-5.56485e-08
-0.00766873
-0.487546
-0.532074
-0.0551089
-0.00970475
-1.78088
-38.4257
-64.6511
-107.119
-102.67
-100.134
-48.8822
-14.5523
-7.25639
-44.6301
-84.817
-100.966
-52.1237
-32.5882
-0.191913
-9.64391e-12
-3.92107e-12
-1.13536e-12
-1.13536e-12
-3.92107e-12
-9.64391e-12
-0.191913
-32.5882
-52.1237
-100.966
-84.817
-44.6301
-7.25639
-14.5523
-48.8822
-100.134
-102.67
-107.119
-64.6511
-38.4257
-1.78088
-0.00970475
-0.0551089
-0.532074
-0.487546
-0.00766873
-5.56485e-08
-1.70798e-12
-2.65435e-12
-0.0235969
-27.945
-53.0318
-29.1432
-23.7463
-16.0395
-24.884
-52.9599
-106.75
-106.116
-105.466
-52.4932
-13.9864
-0.0524738
-1.30325
-49.0025
-76.8481
-113.251
-56.7298
-31.6135
-0.284749
-1.07572e-11
-4.12074e-12
-8.9616e-13
-8.9616e-13
-4.12074e-12
-1.07572e-11
-0.284749
-31.6135
-56.7298
-113.251
-76.8481
-49.0025
-1.30325
-0.0524738
-13.9864
-52.4932
-105.466
-106.116
-106.75
-52.9599
-24.884
-16.0395
-23.7463
-29.1432
-53.0318
-27.945
-0.0235969
-2.65435e-12
-1.96612e-11
-2.62333
-61.2311
-19.4625
-29.2993
-31.0689
-29.7709
-40.1271
-87.8244
-97.7851
-105.601
-54.6361
-18.2927
-0.153783
-2.76259e-07
-0.285012
-42.9022
-73.4277
-128.12
-61.6483
-31.2396
-0.33466
-1.15801e-11
-4.31842e-12
-7.77394e-13
-7.77394e-13
-4.31842e-12
-1.15801e-11
-0.33466
-31.2396
-61.6483
-128.12
-73.4277
-42.9022
-0.285012
-2.76259e-07
-0.153783
-18.2927
-54.6361
-105.601
-97.7851
-87.8244
-40.1271
-29.7709
-31.0689
-29.2993
-19.4625
-61.2311
-2.62333
-1.96612e-11
-2.50845e-11
-2.67597
-83.5978
-22.3235
-25.665
-29.4366
-27.6749
-46.9331
-72.7299
-92.6394
-56.1862
-25.8192
-0.685756
-2.73118e-06
-2.37958e-12
-0.0267548
-22.5716
-69.641
-131.038
-62.7553
-31.6526
-0.357792
-1.20169e-11
-4.43309e-12
-7.08968e-13
-7.08968e-13
-4.43309e-12
-1.20169e-11
-0.357792
-31.6526
-62.7553
-131.038
-69.641
-22.5716
-0.0267548
-2.37958e-12
-2.73118e-06
-0.685756
-25.8192
-56.1862
-92.6394
-72.7299
-46.9331
-27.6749
-29.4366
-25.665
-22.3235
-83.5978
-2.67597
-2.50845e-11
-4.67418e-12
-0.0182647
-12.5823
-56.1065
-25.8843
-22.3775
-22.7105
-38.4807
-70.0828
-54.622
-40.1987
-5.55442
-5.91983e-05
-2.75323e-12
-2.71558e-12
-0.00515141
-21.2019
-61.7037
-120.366
-59.184
-32.6909
-0.375944
-1.20862e-11
-4.44337e-12
-6.54399e-13
-6.54399e-13
-4.44337e-12
-1.20862e-11
-0.375944
-32.6909
-59.184
-120.366
-61.7037
-21.2019
-0.00515141
-2.71558e-12
-2.75323e-12
-5.91983e-05
-5.55442
-40.1987
-54.622
-70.0828
-38.4807
-22.7105
-22.3775
-25.8843
-56.1065
-12.5823
-0.0182647
-4.67418e-12
-4.02294e-12
-8.31504e-10
-0.000374122
-0.0651682
-2.42996
-16.589
-34.0851
-51.5071
-68.6394
-29.2269
-29.2801
-0.0225963
-7.95631e-11
-2.04352e-12
-3.10776e-12
-0.00664913
-25.7769
-54.2553
-107.26
-53.631
-35.4653
-0.380665
-1.18889e-11
-4.3686e-12
-5.98878e-13
-5.98878e-13
-4.3686e-12
-1.18889e-11
-0.380665
-35.4653
-53.631
-107.26
-54.2553
-25.7769
-0.00664913
-3.10776e-12
-2.04352e-12
-7.95631e-11
-0.0225963
-29.2801
-29.2269
-68.6394
-51.5071
-34.0851
-16.589
-2.42996
-0.0651682
-0.000374122
-8.31504e-10
-4.02294e-12
-2.40802e-12
-4.7276e-12
-7.86081e-12
-9.37196e-12
-0.0174883
-25.1815
-31.8316
-74.9813
-49.2117
-35.7438
-2.8619
-8.98878e-06
-2.88304e-12
-1.7001e-12
-3.6724e-12
-0.0119145
-31.033
-47.0793
-93.5235
-47.2045
-37.7621
-0.331153
-1.1584e-11
-4.25405e-12
-5.42803e-13
-5.42803e-13
-4.25405e-12
-1.1584e-11
-0.331153
-37.7621
-47.2045
-93.5235
-47.0793
-31.033
-0.0119145
-3.6724e-12
-1.7001e-12
-2.88304e-12
-8.98878e-06
-2.8619
-35.7438
-49.2117
-74.9813
-31.8316
-25.1815
-0.0174883
-9.37196e-12
-7.86081e-12
-4.7276e-12
-2.40802e-12
-1.18325e-12
-3.5611e-12
-7.00507e-12
-1.27935e-08
-0.296584
-24.3758
-45.0861
-78.2852
-31.5813
-36.516
-0.0258264
-5.43329e-12
-1.97565e-12
-1.59958e-12
-4.45064e-12
-0.0208062
-34.225
-39.7358
-79.4319
-40.5315
-36.0881
-0.247212
-1.12696e-11
-4.14929e-12
-4.95919e-13
-4.95919e-13
-4.14929e-12
-1.12696e-11
-0.247212
-36.0881
-40.5315
-79.4319
-39.7358
-34.225
-0.0208062
-4.45064e-12
-1.59958e-12
-1.97565e-12
-5.43329e-12
-0.0258264
-36.516
-31.5813
-78.2852
-45.0861
-24.3758
-0.296584
-1.27935e-08
-7.00507e-12
-3.5611e-12
-1.18325e-12
-7.44332e-13
-3.75029e-12
-3.80725e-11
-0.00145284
-13.2233
-34.871
-56.6131
-58.5787
-39.89
-8.50499
-5.10479e-05
-4.11936e-12
-1.31749e-12
-1.69685e-12
-5.32709e-12
-0.0338474
-38.9171
-33.983
-66.4489
-35.4606
-40.0888
-0.201626
-1.86263e-11
-4.11881e-12
-4.72909e-13
-4.72909e-13
-4.11881e-12
-1.86263e-11
-0.201626
-40.0888
-35.4606
-66.4489
-33.983
-38.9171
-0.0338474
-5.32709e-12
-1.69685e-12
-1.31749e-12
-4.11936e-12
-5.10479e-05
-8.50499
-39.89
-58.5787
-56.6131
-34.871
-13.2233
-0.00145284
-3.80725e-11
-3.75029e-12
-7.44332e-13
-8.7744e-13
-4.85695e-12
-0.00114476
-2.78696
-71.798
-50.6817
-58.2766
-39.0794
-31.0264
-0.239961
-1.00543e-10
-2.88868e-12
-8.39218e-13
-1.9537e-12
-7.75289e-09
-0.17245
-51.3564
-57.6736
-50.059
-57.1088
-53.5299
-2.45757
-0.000143106
-4.29216e-12
-4.90694e-13
-4.90694e-13
-4.29216e-12
-0.000143106
-2.45757
-53.5299
-57.1088
-50.059
-57.6736
-51.3564
-0.17245
-7.75289e-09
-1.9537e-12
-8.39218e-13
-2.88868e-12
-1.00543e-10
-0.239961
-31.0264
-39.0794
-58.2766
-50.6817
-71.798
-2.78696
-0.00114476
-4.85695e-12
-8.7744e-13
-1.15605e-12
-2.62666e-08
-0.219462
-67.5041
-106.52
-104.359
-75.6001
-84.8458
-61.6523
-0.0998643
-2.61206e-09
-2.07211e-12
-5.8134e-13
-2.45115e-12
-0.000462705
-5.70535
-110.873
-134.034
-98.2624
-132.751
-122.679
-46.802
-0.0556485
-4.15417e-09
-5.58096e-13
-5.58096e-13
-4.15417e-09
-0.0556485
-46.802
-122.679
-132.751
-98.2624
-134.034
-110.873
-5.70535
-0.000462705
-2.45115e-12
-5.8134e-13
-2.07211e-12
-2.61206e-09
-0.0998643
-61.6523
-84.8458
-75.6001
-104.359
-106.52
-67.5041
-0.219462
-2.62666e-08
-1.15605e-12
-1.32276e-12
-0.00110379
-8.08244
-96.8955
-161.756
-135.456
-102.64
-148.819
-123.658
-4.77636
-0.00052055
-1.63498e-12
-5.78019e-13
-4.11664e-06
-0.335994
-75.75
-152.845
-152.217
-109.329
-141.758
-150.388
-106.74
-5.62471
-0.00075104
-6.88778e-13
-6.88778e-13
-0.00075104
-5.62471
-106.74
-150.388
-141.758
-109.329
-152.217
-152.845
-75.75
-0.335994
-4.11664e-06
-5.78019e-13
-1.63498e-12
-0.00052055
-4.77636
-123.658
-148.819
-102.64
-135.456
-161.756
-96.8955
-8.08244
-0.00110379
-1.32276e-12
-2.00493e-12
-0.131638
-57.5581
-135.677
-182.808
-135.682
-106.854
-193.806
-150.235
-68.0491
-0.122674
-3.60292e-12
-9.39153e-13
-0.0170103
-21.9488
-138.039
-181.741
-163.475
-83.6505
-132.473
-184.97
-146.35
-59.2201
-0.140795
-1.79883e-12
-1.79883e-12
-0.140795
-59.2201
-146.35
-184.97
-132.473
-83.6505
-163.475
-181.741
-138.039
-21.9488
-0.0170103
-9.39153e-13
-3.60292e-12
-0.122674
-68.0491
-150.235
-193.806
-106.854
-135.682
-182.808
-135.677
-57.5581
-0.131638
-2.00493e-12
-5.99368e-09
-1.54508
-93.0214
-96.5218
-167.051
-96.668
-74.8254
-129.319
-64.0373
-89.9706
-3.09393
-6.33731e-10
-6.79043e-11
-1.96712
-70.4152
-60.1873
-127.493
-98.2739
-44.4796
-91.963
-129.136
-60.9806
-79.6062
-3.17713
-5.58952e-10
-5.58952e-10
-3.17713
-79.6062
-60.9806
-129.136
-91.963
-44.4796
-98.2739
-127.493
-60.1873
-70.4152
-1.96712
-6.79043e-11
-6.33731e-10
-3.09393
-89.9706
-64.0373
-129.319
-74.8254
-96.668
-167.051
-96.5218
-93.0214
-1.54508
-5.99368e-09
-9.43603e-08
-6.41447
-88.7134
-65.4466
-95.0052
-10.9644
-1.17653
-28.1139
-82.3438
-107.609
-3.93309
-1.09145e-09
-4.32411e-10
-4.92596
-98.9137
-68.7619
-84.393
-9.78107
-0.224756
-6.99508
-85.0905
-76.6983
-115.381
-4.21501
-1.3562e-09
-1.3562e-09
-4.21501
-115.381
-76.6983
-85.0905
-6.99508
-0.224756
-9.78107
-84.393
-68.7619
-98.9137
-4.92596
-4.32411e-10
-1.09145e-09
-3.93309
-107.609
-82.3438
-28.1139
-1.17653
-10.9644
-95.0052
-65.4466
-88.7134
-6.41447
-9.43603e-08
-1.60537e-08
-2.68874
-93.7803
-67.5997
-5.58708
-0.00906838
-0.00010334
-0.0548364
-3.91573
-4.78538
-0.036345
-8.82571e-12
-1.29942e-11
-0.0742041
-12.0361
-19.2106
-1.62238
-0.0092864
-8.50641e-07
-0.0058217
-1.03605
-12.659
-7.70812
-0.0544143
-1.536e-11
-1.536e-11
-0.0544143
-7.70812
-12.659
-1.03605
-0.0058217
-8.50641e-07
-0.0092864
-1.62238
-19.2106
-12.0361
-0.0742041
-1.29942e-11
-8.82571e-12
-0.036345
-4.78538
-3.91573
-0.0548364
-0.00010334
-0.00906838
-5.58708
-67.5997
-93.7803
-2.68874
-1.60537e-08
-3.41777e-12
-0.00949333
-1.05372
-0.557312
-0.00192373
-3.51424e-10
-4.79263e-12
-5.37912e-12
-1.35403e-09
-1.80987e-09
-1.32353e-11
-2.36172e-12
-2.64138e-12
-1.90085e-09
-2.16309e-06
-6.34239e-06
-1.56062e-07
-5.41023e-12
-4.78991e-12
-5.24149e-12
-2.06086e-08
-9.08821e-07
-3.30683e-07
-3.38068e-10
-2.44675e-12
-2.44675e-12
-3.38068e-10
-3.30683e-07
-9.08821e-07
-2.06086e-08
-5.24149e-12
-4.78991e-12
-5.41023e-12
-1.56062e-07
-6.34239e-06
-2.16309e-06
-1.90085e-09
-2.64138e-12
-2.36172e-12
-1.32353e-11
-1.80987e-09
-1.35403e-09
-5.37912e-12
-4.79263e-12
-3.51424e-10
-0.00192373
-0.557312
-1.05372
-0.00949333
-3.41777e-12
-7.36063e-13
-1.64674e-12
-1.51221e-12
-9.64913e-13
-8.7569e-13
-7.82203e-13
-7.02014e-13
-7.18929e-13
-8.40869e-13
-9.46458e-13
-6.9603e-13
-3.07937e-13
-4.50004e-13
-1.03589e-12
-1.23892e-12
-9.59533e-13
-7.33981e-13
-6.16787e-13
-5.63601e-13
-6.00296e-13
-7.11616e-13
-9.09566e-13
-1.11133e-12
-8.71516e-13
-3.62633e-13
-3.62633e-13
-8.71516e-13
-1.11133e-12
-9.09566e-13
-7.11616e-13
-6.00296e-13
-5.63601e-13
-6.16787e-13
-7.33981e-13
-9.59533e-13
-1.23892e-12
-1.03589e-12
-4.50004e-13
-3.07937e-13
-6.9603e-13
-9.46458e-13
-8.40869e-13
-7.18929e-13
-7.02014e-13
-7.82203e-13
-8.7569e-13
-9.64913e-13
-1.51221e-12
-1.64674e-12
-7.36063e-13
-7.36063e-13
-1.64674e-12
-1.51221e-12
-9.64913e-13
-8.7569e-13
-7.82203e-13
-7.02014e-13
-7.18929e-13
-8.40869e-13
-9.46458e-13
-6.9603e-13
-3.07937e-13
-4.50004e-13
-1.03589e-12
-1.23892e-12
-9.59533e-13
-7.33981e-13
-6.16787e-13
-5.63601e-13
-6.00296e-13
-7.11616e-13
-9.09566e-13
-1.11133e-12
-8.71516e-13
-3.62633e-13
-3.62633e-13
-8.71516e-13
-1.11133e-12
-9.09566e-13
-7.11616e-13
-6.00296e-13
-5.63601e-13
-6.16787e-13
-7.33981e-13
-9.59533e-13
-1.23892e-12
-1.03589e-12
-4.50004e-13
-3.07937e-13
-6.9603e-13
-9.46458e-13
-8.40869e-13
-7.18929e-13
-7.02014e-13
-7.82203e-13
-8.7569e-13
-9.64913e-13
-1.51221e-12
-1.64674e-12
-7.36063e-13
-3.41777e-12
-0.00949333
-1.05372
-0.557312
-0.00192373
-3.51424e-10
-4.79263e-12
-5.37912e-12
-1.35403e-09
-1.80987e-09
-1.32353e-11
-2.36172e-12
-2.64138e-12
-1.90085e-09
-2.16309e-06
-6.34239e-06
-1.56062e-07
-5.41023e-12
-4.78991e-12
-5.24149e-12
-2.06086e-08
-9.08821e-07
-3.30683e-07
-3.38068e-10
-2.44675e-12
-2.44675e-12
-3.38068e-10
-3.30683e-07
-9.08821e-07
-2.06086e-08
-5.24149e-12
-4.78991e-12
-5.41023e-12
-1.56062e-07
-6.34239e-06
-2.16309e-06
-1.90085e-09
-2.64138e-12
-2.36172e-12
-1.32353e-11
-1.80987e-09
-1.35403e-09
-5.37912e-12
-4.79263e-12
-3.51424e-10
-0.00192373
-0.557312
-1.05372
-0.00949333
-3.41777e-12
-1.60537e-08
-2.68874
-93.7803
-67.5997
-5.58708
-0.00906838
-0.00010334
-0.0548364
-3.91573
-4.78538
-0.036345
-8.82571e-12
-1.29942e-11
-0.0742041
-12.0361
-19.2106
-1.62238
-0.0092864
-8.50641e-07
-0.0058217
-1.03605
-12.659
-7.70812
-0.0544143
-1.536e-11
-1.536e-11
-0.0544143
-7.70812
-12.659
-1.03605
-0.0058217
-8.50641e-07
-0.0092864
-1.62238
-19.2106
-12.0361
-0.0742041
-1.29942e-11
-8.82571e-12
-0.036345
-4.78538
-3.91573
-0.0548364
-0.00010334
-0.00906838
-5.58708
-67.5997
-93.7803
-2.68874
-1.60537e-08
-9.43603e-08
-6.41447
-88.7134
-65.4466
-95.0052
-10.9644
-1.17653
-28.1139
-82.3438
-107.609
-3.93309
-1.09145e-09
-4.32411e-10
-4.92596
-98.9137
-68.7619
-84.393
-9.78107
-0.224756
-6.99508
-85.0905
-76.6983
-115.381
-4.21501
-1.3562e-09
-1.3562e-09
-4.21501
-115.381
-76.6983
-85.0905
-6.99508
-0.224756
-9.78107
-84.393
-68.7619
-98.9137
-4.92596
-4.32411e-10
-1.09145e-09
-3.93309
-107.609
-82.3438
-28.1139
-1.17653
-10.9644
-95.0052
-65.4466
-88.7134
-6.41447
-9.43603e-08
-5.99368e-09
-1.54508
-93.0214
-96.5218
-167.051
-96.668
-74.8254
-129.319
-64.0373
-89.9706
-3.09393
-6.33731e-10
-6.79043e-11
-1.96712
-70.4152
-60.1873
-127.493
-98.2739
-44.4796
-91.963
-129.136
-60.9806
-79.6062
-3.17713
-5.58952e-10
-5.58952e-10
-3.17713
-79.6062
-60.9806
-129.136
-91.963
-44.4796
-98.2739
-127.493
-60.1873
-70.4152
-1.96712
-6.79043e-11
-6.33731e-10
-3.09393
-89.9706
-64.0373
-129.319
-74.8254
-96.668
-167.051
-96.5218
-93.0214
-1.54508
-5.99368e-09
-2.00493e-12
-0.131638
-57.5581
-135.677
-182.808
-135.682
-106.854
-193.806
-150.235
-68.0491
-0.122674
-3.60292e-12
-9.39153e-13
-0.0170103
-21.9488
-138.039
-181.741
-163.475
-83.6505
-132.473
-184.97
-146.35
-59.2201
-0.140795
-1.79883e-12
-1.79883e-12
-0.140795
-59.2201
-146.35
-184.97
-132.473
-83.6505
-163.475
-181.741
-138.039
-21.9488
-0.0170103
-9.39153e-13
-3.60292e-12
-0.122674
-68.0491
-150.235
-193.806
-106.854
-135.682
-182.808
-135.677
-57.5581
-0.131638
-2.00493e-12
-1.32276e-12
-0.00110379
-8.08244
-96.8955
-161.756
-135.456
-102.64
-148.819
-123.658
-4.77636
-0.00052055
-1.63498e-12
-5.78019e-13
-4.11664e-06
-0.335994
-75.75
-152.845
-152.217
-109.329
-141.758
-150.388
-106.74
-5.62471
-0.00075104
-6.88778e-13
-6.88778e-13
-0.00075104
-5.62471
-106.74
-150.388
-141.758
-109.329
-152.217
-152.845
-75.75
-0.335994
-4.11664e-06
-5.78019e-13
-1.63498e-12
-0.00052055
-4.77636
-123.658
-148.819
-102.64
-135.456
-161.756
-96.8955
-8.08244
-0.00110379
-1.32276e-12
-1.15605e-12
-2.62666e-08
-0.219462
-67.5041
-106.52
-104.359
-75.6001
-84.8458
-61.6523
-0.0998643
-2.61206e-09
-2.07211e-12
-5.8134e-13
-2.45115e-12
-0.000462705
-5.70535
-110.873
-134.034
-98.2624
-132.751
-122.679
-46.802
-0.0556485
-4.15417e-09
-5.58096e-13
-5.58096e-13
-4.15417e-09
-0.0556485
-46.802
-122.679
-132.751
-98.2624
-134.034
-110.873
-5.70535
-0.000462705
-2.45115e-12
-5.8134e-13
-2.07211e-12
-2.61206e-09
-0.0998643
-61.6523
-84.8458
-75.6001
-104.359
-106.52
-67.5041
-0.219462
-2.62666e-08
-1.15605e-12
-8.7744e-13
-4.85695e-12
-0.00114476
-2.78696
-71.798
-50.6817
-58.2766
-39.0794
-31.0264
-0.239961
-1.00543e-10
-2.88868e-12
-8.39218e-13
-1.9537e-12
-7.75289e-09
-0.17245
-51.3564
-57.6736
-50.059
-57.1088
-53.5299
-2.45757
-0.000143106
-4.29216e-12
-4.90694e-13
-4.90694e-13
-4.29216e-12
-0.000143106
-2.45757
-53.5299
-57.1088
-50.059
-57.6736
-51.3564
-0.17245
-7.75289e-09
-1.9537e-12
-8.39218e-13
-2.88868e-12
-1.00543e-10
-0.239961
-31.0264
-39.0794
-58.2766
-50.6817
-71.798
-2.78696
-0.00114476
-4.85695e-12
-8.7744e-13
-7.44332e-13
-3.75029e-12
-3.80725e-11
-0.00145284
-13.2233
-34.871
-56.6131
-58.5787
-39.89
-8.50499
-5.10479e-05
-4.11936e-12
-1.31749e-12
-1.69685e-12
-5.32709e-12
-0.0338474
-38.9171
-33.983
-66.4489
-35.4606
-40.0888
-0.201626
-1.86263e-11
-4.11881e-12
-4.72909e-13
-4.72909e-13
-4.11881e-12
-1.86263e-11
-0.201626
-40.0888
-35.4606
-66.4489
-33.983
-38.9171
-0.0338474
-5.32709e-12
-1.69685e-12
-1.31749e-12
-4.11936e-12
-5.10479e-05
-8.50499
-39.89
-58.5787
-56.6131
-34.871
-13.2233
-0.00145284
-3.80725e-11
-3.75029e-12
-7.44332e-13
-1.18325e-12
-3.5611e-12
-7.00507e-12
-1.27935e-08
-0.296584
-24.3758
-45.0861
-78.2852
-31.5813
-36.516
-0.0258264
-5.43329e-12
-1.97565e-12
-1.59958e-12
-4.45064e-12
-0.0208062
-34.225
-39.7358
-79.4319
-40.5315
-36.0881
-0.247212
-1.12696e-11
-4.14929e-12
-4.95919e-13
-4.95919e-13
-4.14929e-12
-1.12696e-11
-0.247212
-36.0881
-40.5315
-79.4319
-39.7358
-34.225
-0.0208062
-4.45064e-12
-1.59958e-12
-1.97565e-12
-5.43329e-12
-0.0258264
-36.516
-31.5813
-78.2852
-45.0861
-24.3758
-0.296584
-1.27935e-08
-7.00507e-12
-3.5611e-12
-1.18325e-12
-2.40802e-12
-4.7276e-12
-7.86081e-12
-9.37196e-12
-0.0174883
-25.1815
-31.8316
-74.9813
-49.2117
-35.7438
-2.8619
-8.98878e-06
-2.88304e-12
-1.7001e-12
-3.6724e-12
-0.0119145
-31.033
-47.0793
-93.5235
-47.2045
-37.7621
-0.331153
-1.1584e-11
-4.25405e-12
-5.42803e-13
-5.42803e-13
-4.25405e-12
-1.1584e-11
-0.331153
-37.7621
-47.2045
-93.5235
-47.0793
-31.033
-0.0119145
-3.6724e-12
-1.7001e-12
-2.88304e-12
-8.98878e-06
-2.8619
-35.7438
-49.2117
-74.9813
-31.8316
-25.1815
-0.0174883
-9.37196e-12
-7.86081e-12
-4.7276e-12
-2.40802e-12
-4.02294e-12
-8.31504e-10
-0.000374122
-0.0651682
-2.42996
-16.589
-34.0851
-51.5071
-68.6394
-29.2269
-29.2801
-0.0225963
-7.95631e-11
-2.04352e-12
-3.10776e-12
-0.00664913
-25.7769
-54.2553
-107.26
-53.631
-35.4653
-0.380665
-1.18889e-11
-4.3686e-12
-5.98878e-13
-5.98878e-13
-4.3686e-12
-1.18889e-11
-0.380665
-35.4653
-53.631
-107.26
-54.2553
-25.7769
-0.00664913
-3.10776e-12
-2.04352e-12
-7.95631e-11
-0.0225963
-29.2801
-29.2269
-68.6394
-51.5071
-34.0851
-16.589
-2.42996
-0.0651682
-0.000374122
-8.31504e-10
-4.02294e-12
-4.67418e-12
-0.0182647
-12.5823
-56.1065
-25.8843
-22.3775
-22.7105
-38.4807
-70.0828
-54.622
-40.1987
-5.55442
-5.91983e-05
-2.75323e-12
-2.71558e-12
-0.00515141
-21.2019
-61.7037
-120.366
-59.184
-32.6909
-0.375944
-1.20862e-11
-4.44337e-12
-6.54399e-13
-6.54399e-13
-4.44337e-12
-1.20862e-11
-0.375944
-32.6909
-59.184
-120.366
-61.7037
-21.2019
-0.00515141
-2.71558e-12
-2.75323e-12
-5.91983e-05
-5.55442
-40.1987
-54.622
-70.0828
-38.4807
-22.7105
-22.3775
-25.8843
-56.1065
-12.5823
-0.0182647
-4.67418e-12
-2.50845e-11
-2.67597
-83.5978
-22.3235
-25.665
-29.4366
-27.6749
-46.9331
-72.7299
-92.6394
-56.1862
-25.8192
-0.685756
-2.73118e-06
-2.37958e-12
-0.0267548
-22.5716
-69.641
-131.038
-62.7553
-31.6526
-0.357792
-1.20169e-11
-4.43309e-12
-7.08968e-13
-7.08968e-13
-4.43309e-12
-1.20169e-11
-0.357792
-31.6526
-62.7553
-131.038
-69.641
-22.5716
-0.0267548
-2.37958e-12
-2.73118e-06
-0.685756
-25.8192
-56.1862
-92.6394
-72.7299
-46.9331
-27.6749
-29.4366
-25.665
-22.3235
-83.5978
-2.67597
-2.50845e-11
-1.96612e-11
-2.62333
-61.2311
-19.4625
-29.2993
-31.0689
-29.7709
-40.1271
-87.8244
-97.7851
-105.601
-54.6361
-18.2927
-0.153783
-2.76259e-07
-0.285012
-42.9022
-73.4277
-128.12
-61.6483
-31.2396
-0.33466
-1.15801e-11
-4.31842e-12
-7.77394e-13
-7.77394e-13
-4.31842e-12
-1.15801e-11
-0.33466
-31.2396
-61.6483
-128.12
-73.4277
-42.9022
-0.285012
-2.76259e-07
-0.153783
-18.2927
-54.6361
-105.601
-97.7851
-87.8244
-40.1271
-29.7709
-31.0689
-29.2993
-19.4625
-61.2311
-2.62333
-1.96612e-11
-2.65435e-12
-0.0235969
-27.945
-53.0318
-29.1432
-23.7463
-16.0395
-24.884
-52.9599
-106.75
-106.116
-105.466
-52.4932
-13.9864
-0.0524738
-1.30325
-49.0025
-76.8481
-113.251
-56.7298
-31.6135
-0.284749
-1.07572e-11
-4.12074e-12
-8.9616e-13
-8.9616e-13
-4.12074e-12
-1.07572e-11
-0.284749
-31.6135
-56.7298
-113.251
-76.8481
-49.0025
-1.30325
-0.0524738
-13.9864
-52.4932
-105.466
-106.116
-106.75
-52.9599
-24.884
-16.0395
-23.7463
-29.1432
-53.0318
-27.945
-0.0235969
-2.65435e-12
-1.70798e-12
-5.56485e-08
-0.00766873
-0.487546
-0.532074
-0.0551089
-0.00970475
-1.78088
-38.4257
-64.6511
-107.119
-102.67
-100.134
-48.8822
-14.5523
-7.25639
-44.6301
-84.817
-100.966
-52.1237
-32.5882
-0.191913
-9.64391e-12
-3.92107e-12
-1.13536e-12
-1.13536e-12
-3.92107e-12
-9.64391e-12
-0.191913
-32.5882
-52.1237
-100.966
-84.817
-44.6301
-7.25639
-14.5523
-48.8822
-100.134
-102.67
-107.119
-64.6511
-38.4257
-1.78088
-0.00970475
-0.0551089
-0.532074
-0.487546
-0.00766873
-5.56485e-08
-1.70798e-12
-4.78556e-13
-1.97054e-12
-3.17079e-12
-3.0917e-12
-2.55488e-12
-2.28262e-12
-3.58361e-12
-0.0016825
-14.9827
-41.9445
-75.1654
-98.4325
-96.1616
-90.8579
-42.2377
-27.6245
-39.9009
-81.1217
-93.6663
-49.8557
-31.9758
-0.0968562
-8.50992e-12
-3.87976e-12
-1.61408e-12
-1.61408e-12
-3.87976e-12
-8.50992e-12
-0.0968562
-31.9758
-49.8557
-93.6663
-81.1217
-39.9009
-27.6245
-42.2377
-90.8579
-96.1616
-98.4325
-75.1654
-41.9445
-14.9827
-0.0016825
-3.58361e-12
-2.28262e-12
-2.55488e-12
-3.0917e-12
-3.17079e-12
-1.97054e-12
-4.78556e-13
-9.96586e-13
-1.79608e-12
-2.13123e-12
-1.53466e-12
-9.30711e-13
-8.42397e-13
-1.4016e-12
-1.04576e-07
-0.0519958
-21.3714
-39.8826
-97.7888
-95.6404
-86.8784
-72.6722
-35.3093
-42.2585
-71.6708
-93.677
-51.7506
-28.3139
-0.0546364
-7.68541e-12
-4.22287e-12
-2.50914e-12
-2.50914e-12
-4.22287e-12
-7.68541e-12
-0.0546364
-28.3139
-51.7506
-93.677
-71.6708
-42.2585
-35.3093
-72.6722
-86.8784
-95.6404
-97.7888
-39.8826
-21.3714
-0.0519958
-1.04576e-07
-1.4016e-12
-8.42397e-13
-9.30711e-13
-1.53466e-12
-2.13123e-12
-1.79608e-12
-9.96586e-13
-3.75184e-12
-5.21795e-12
-2.61043e-11
-4.64591e-11
-3.77126e-12
-2.35297e-12
-1.76219e-12
-1.94615e-12
-3.25405e-06
-0.1757
-26.0101
-62.6576
-103.552
-90.5455
-78.9599
-66.0356
-64.463
-81.5615
-105.234
-62.2515
-27.8633
-0.234115
-7.25351e-12
-5.2472e-12
-4.05698e-12
-4.05698e-12
-5.2472e-12
-7.25351e-12
-0.234115
-27.8633
-62.2515
-105.234
-81.5615
-64.463
-66.0356
-78.9599
-90.5455
-103.552
-62.6576
-26.0101
-0.1757
-3.25405e-06
-1.94615e-12
-1.76219e-12
-2.35297e-12
-3.77126e-12
-4.64591e-11
-2.61043e-11
-5.21795e-12
-3.75184e-12
-6.89332e-12
-0.0141118
-2.67131
-4.3891
-0.26316
-0.000623315
-6.33409e-10
-3.30102e-12
-2.50548e-12
-1.61889e-05
-2.36551
-43.2662
-71.853
-94.7624
-91.1617
-86.1162
-84.7441
-91.1247
-102.746
-69.5375
-47.1816
-3.25899
-6.98301e-08
-7.63179e-12
-6.53507e-12
-6.53507e-12
-7.63179e-12
-6.98301e-08
-3.25899
-47.1816
-69.5375
-102.746
-91.1247
-84.7441
-86.1162
-91.1617
-94.7624
-71.853
-43.2662
-2.36551
-1.61889e-05
-2.50548e-12
-3.30102e-12
-6.33409e-10
-0.000623315
-0.26316
-4.3891
-2.67131
-0.0141118
-6.89332e-12
-9.83149e-11
-2.35388
-96.9443
-35.8089
-50.6212
-14.0905
-0.96462
-0.489039
-0.423809
-0.384858
-1.76234
-17.043
-45.0892
-92.2593
-107.927
-107.682
-102.08
-97.6949
-95.4251
-86.5528
-55.0463
-10.8195
-0.000316641
-7.81641e-07
-5.89889e-08
-5.89889e-08
-7.81641e-07
-0.000316641
-10.8195
-55.0463
-86.5528
-95.4251
-97.6949
-102.08
-107.682
-107.927
-92.2593
-45.0892
-17.043
-1.76234
-0.384858
-0.423809
-0.489039
-0.96462
-14.0905
-50.6212
-35.8089
-96.9443
-2.35388
-9.83149e-11
-3.05417e-10
-6.41033
-27.021
-20.6552
-25.771
-18.9258
-18.3802
-18.8145
-20.4352
-22.3813
-23.4165
-19.9763
-22.5342
-77.427
-156.051
-142.617
-122.436
-103.442
-86.5935
-68.7339
-46.0013
-12.2822
-0.50161
-3.11679
-1.94985
-1.94985
-3.11679
-0.50161
-12.2822
-46.0013
-68.7339
-86.5935
-103.442
-122.436
-142.617
-156.051
-77.427
-22.5342
-19.9763
-23.4165
-22.3813
-20.4352
-18.8145
-18.3802
-18.9258
-25.771
-20.6552
-27.021
-6.41033
-3.05417e-10
-1.28968e-10
-4.94774
-16.3183
-25.0666
-34.0728
-36.3687
-46.8737
-49.4332
-51.4121
-54.0954
-55.4398
-52.8784
-60.2668
-164.138
-56203.8
-21809.3
-9999.18
-7353.06
-5551.56
-3878.87
-2206.23
-877.575
-298.435
-114.696
-7.6945
-7.6945
-114.696
-298.435
-877.575
-2206.23
-3878.87
-5551.56
-7353.06
-9999.18
-21809.3
-56203.8
-164.138
-60.2668
-52.8784
-55.4398
-54.0954
-51.4121
-49.4332
-46.8737
-36.3687
-34.0728
-25.0666
-16.3183
-4.94774
-1.28968e-10
