-7.79661e-24
-5.69695e-23
-0.0176571
-107.333
-282.902
-303.15
-711.747
-408.881
-326.287
-341.705
-350.591
-264.375
-133.39
-301.913
-106062
-41838.9
-19555
-14239.6
-10188.4
-6061.39
-2397.89
-612.104
-304.032
-137.416
-0.683835
-0.683957
-137.467
-304.15
-612.453
-2399.18
-6064.19
-10192.2
-14243.2
-19557.5
-41835.5
-106032
-301.595
-132.662
-272.373
-365.272
-358.141
-343.355
-432.691
-708.019
-302.556
-282.567
-107.234
-0.0165939
-5.692e-23
-7.7897e-24
-8.8964e-24
-3.34706e-23
-0.0132467
-267.276
-216.684
-70.2689
-228.018
-105.746
-53.7435
-51.4266
-59.1627
-67.6179
-34.8671
-134.034
-292.027
-281.059
-246.638
-209.4
-174.805
-137.712
-40.0847
-1.66763
-0.807317
-51.5529
-0.0067024
-0.00671048
-51.521
-0.807339
-1.66938
-40.1076
-137.78
-174.874
-209.457
-246.679
-281.081
-292.01
-134.042
-34.8819
-71.1328
-64.2067
-55.8995
-57.7597
-110.028
-227.379
-70.1404
-216.269
-266.869
-0.0124186
-3.34231e-23
-8.86983e-24
-1.27295e-23
-2.71529e-23
-2.04263e-05
-0.0424477
-0.0215738
-0.000156317
-0.000454315
-0.00125149
-0.000280633
-0.000152152
-0.000367493
-1.9077
-60.2913
-156.867
-208.708
-221.952
-215.594
-208.828
-227.464
-145.73
-29.2606
-3.82186e-06
-1.16378e-09
-8.09222e-08
-3.3912e-10
-3.40519e-10
-8.12505e-08
-1.16787e-09
-3.81599e-06
-29.3162
-145.821
-227.577
-208.888
-215.632
-221.978
-208.73
-156.915
-60.3273
-1.85827
-0.000310217
-0.000124072
-0.000234871
-0.001118
-0.000416989
-0.000145453
-0.0201225
-0.0396607
-1.91122e-05
-2.70923e-23
-1.26768e-23
-1.18249e-23
-1.83941e-23
-3.30648e-23
-1.38999e-22
-1.01962e-22
-3.29595e-23
-2.45761e-23
-1.77424e-23
-1.25457e-23
-9.12853e-24
-3.96099e-07
-25.6922
-146.163
-217.716
-196.203
-192.887
-190.031
-186.305
-173.993
-78.2957
-2.56172
-3.23725e-11
-1.81155e-23
-1.83329e-23
-1.55451e-23
-1.55455e-23
-1.83329e-23
-1.8114e-23
-3.20016e-11
-2.57147
-78.4219
-174.112
-186.339
-190.056
-192.906
-196.213
-217.722
-146.167
-25.8901
-3.90267e-07
-9.22556e-24
-1.2604e-23
-1.77673e-23
-2.4557e-23
-3.29027e-23
-9.13202e-23
-1.25316e-22
-3.29839e-23
-1.83352e-23
-1.17591e-23
-7.98216e-24
-1.15557e-23
-1.93116e-23
-2.45819e-23
-2.53021e-23
-2.20614e-23
-1.73236e-23
-1.37105e-23
-1.24707e-23
-3.10996e-09
-0.172289
-41.1032
-165.754
-176.771
-171.659
-166.665
-168.03
-174.117
-135.887
-62.8323
-0.0393863
-2.00773e-22
-1.32595e-23
-1.13715e-23
-9.70952e-24
-9.7097e-24
-1.13715e-23
-1.32588e-23
-1.92493e-22
-0.0395607
-62.6979
-135.987
-174.053
-168.04
-166.68
-171.652
-176.744
-165.706
-41.0644
-0.172363
-2.96061e-09
-1.26208e-23
-1.39015e-23
-1.7528e-23
-2.21433e-23
-2.52956e-23
-2.45319e-23
-1.92524e-23
-1.15043e-23
-7.9181e-24
-3.98048e-24
-7.1521e-24
-1.28855e-23
-1.81344e-23
-2.15933e-23
-2.28034e-23
-1.95719e-23
-1.66898e-23
-1.96164e-16
-0.00157159
-53.239
-124.605
-191.266
-166.684
-150.258
-138.172
-144.908
-185.067
-119.064
-61.5086
-0.00423989
-1.79445e-23
-1.14182e-23
-7.5608e-24
-5.54262e-24
-5.54304e-24
-7.56196e-24
-1.142e-23
-1.79473e-23
-0.00425699
-61.7364
-119.101
-185.052
-144.963
-138.206
-150.229
-166.639
-191.285
-124.679
-53.2409
-0.00149837
-1.46248e-16
-1.7132e-23
-2.01176e-23
-2.28669e-23
-2.15616e-23
-1.80818e-23
-1.28348e-23
-7.11063e-24
-3.92983e-24
-1.48318e-24
-5.08076e-24
-1.08413e-23
-1.78773e-23
-2.63656e-23
-2.01873e-05
-0.059697
-0.0416113
-0.00664796
-22.4239
-71.2884
-173.002
-166.866
-151.871
-129.827
-100.414
-104.012
-163.786
-99.9447
-40.0607
-0.00053471
-1.91029e-23
-1.06756e-23
-5.42937e-24
-2.85269e-24
-2.85349e-24
-5.43201e-24
-1.06811e-23
-1.9115e-23
-0.000539974
-40.0299
-100.036
-163.894
-104.131
-100.56
-129.721
-151.744
-166.796
-173.079
-71.4566
-21.8076
-0.00784601
-0.0116447
-0.00568322
-8.94763e-07
-2.6158e-23
-1.77912e-23
-1.07952e-23
-5.05355e-24
-1.45652e-24
-1.00355e-24
-4.91808e-24
-1.13449e-23
-2.03807e-23
-3.36919e-23
-0.0735409
-172.119
-218.187
-92.6545
-51.3587
-119.393
-156.319
-157.785
-147.595
-112.729
-46.4439
-60.8011
-169.286
-117.062
-44.7633
-0.00059265
-2.01944e-23
-1.0552e-23
-4.34641e-24
-1.28879e-24
-1.28985e-24
-4.34981e-24
-1.05586e-23
-2.02071e-23
-0.000597873
-44.7801
-117.119
-169.228
-60.8212
-46.3096
-112.914
-147.328
-157.582
-156.095
-119.605
-51.1114
-100.761
-213.089
-175.381
-0.0081262
-3.35312e-23
-2.03206e-23
-1.13244e-23
-4.91541e-24
-1.01213e-24
-2.43011e-24
-6.20727e-24
-1.31101e-23
-2.26832e-23
-3.64351e-23
-0.0252046
-184.244
-204.609
-106.563
-74.4322
-146.746
-157.689
-161.275
-142.499
-84.6653
-10.9906
-99.9355
-169.561
-152.833
-80.065
-0.00926087
-2.12541e-23
-1.08904e-23
-4.01242e-24
-5.70799e-25
-5.7194e-25
-4.01578e-24
-1.08956e-23
-2.12593e-23
-0.00927982
-80.036
-152.764
-169.388
-99.8139
-11.043
-84.1974
-142.621
-161.043
-157.436
-146.406
-74.3944
-104.684
-198.256
-182.11
-0.00682637
-3.65078e-23
-2.27154e-23
-1.31375e-23
-6.23859e-24
-2.48259e-24
-5.42131e-24
-8.82466e-24
-1.60473e-23
-2.46694e-23
-3.51908e-23
-3.73654e-07
-0.114019
-170.597
-71.1334
-104.384
-157.85
-167.448
-171.501
-76.0805
-2.58891
-0.000383582
-12.7474
-132.922
-186.769
-77.8849
-0.129745
-8.85232e-17
-1.16873e-23
-4.28303e-24
-4.97429e-25
-4.98657e-25
-4.28651e-24
-1.1692e-23
-9.12386e-17
-0.130791
-77.7441
-186.779
-132.824
-12.8115
-0.000391522
-2.61163
-76.2248
-171.434
-167.254
-157.497
-104.092
-70.168
-171.619
-0.166194
-5.91992e-07
-3.53555e-23
-2.47606e-23
-1.61156e-23
-8.89018e-24
-5.51993e-24
-9.34493e-24
-1.30794e-23
-2.13423e-23
-2.84119e-23
-3.46737e-23
-3.75547e-14
-0.00365234
-86.8906
-51.7668
-135.94
-161.436
-185.994
-107.377
-22.5103
-1.20122e-05
-3.23988e-14
-0.176559
-65.6849
-159.251
-79.7945
-7.44224
-4.88725e-08
-1.35277e-23
-5.11079e-24
-9.05718e-25
-9.0714e-25
-5.1151e-24
-1.35345e-23
-4.92167e-08
-7.51755
-79.9061
-159.352
-65.7292
-0.178574
-3.47987e-14
-1.21288e-05
-22.5427
-107.27
-185.905
-161.439
-135.773
-52.2636
-86.8937
-0.0036203
-3.81387e-14
-3.48179e-23
-2.85171e-23
-2.14324e-23
-1.31757e-23
-9.48645e-24
-1.2789e-23
-1.9876e-23
-5.27154e-22
-8.15122e-20
-9.94089e-12
-0.00033526
-9.69803
-113.086
-86.5777
-148.794
-170.287
-115.306
-66.6554
-0.0226897
-1.44085e-13
-3.60757e-24
-0.00263563
-84.4714
-164.103
-129.961
-62.8112
-0.00033402
-1.55814e-23
-6.17848e-24
-1.60163e-24
-1.6032e-24
-6.18388e-24
-1.55902e-23
-0.000335284
-62.7487
-130.014
-164.206
-84.4365
-0.00262484
-3.60833e-24
-1.45842e-13
-0.0227343
-66.535
-115.303
-170.44
-148.721
-86.3902
-113.498
-9.07552
-0.000307574
-8.81171e-12
-6.75159e-20
-3.61158e-22
-2.00077e-23
-1.29634e-23
-1.31059e-23
-1.54161e-06
-0.0239691
-0.204312
-0.250258
-18.2338
-216.347
-235.386
-100.723
-128.145
-142.568
-77.3994
-5.61897
-1.49941e-07
-3.60757e-24
-3.77717e-24
-1.64729e-05
-34.6907
-150.258
-164.563
-75.8204
-0.00900913
-1.61001e-23
-7.1679e-24
-2.44668e-24
-2.44797e-24
-7.17497e-24
-1.61109e-23
-0.0090034
-75.9146
-164.668
-150.36
-34.6715
-1.64595e-05
-3.77511e-24
-3.60761e-24
-1.47748e-07
-5.54395
-77.967
-142.689
-128.413
-102.443
-240.794
-216.866
-18.1813
-0.238983
-0.181809
-0.0197868
-1.20223e-06
-1.32827e-23
-7.56117e-24
-0.0195299
-203.278
-208.616
-149.027
-224.104
-227.29
-304.991
-341.63
-182.145
-136.339
-194.368
-0.196459
-8.03813e-16
-2.33769e-24
-3.12188e-24
-3.2329e-10
-5.41462
-61.4919
-107.214
-31.0965
-5.01325
-1.23196e-11
-8.65028e-24
-3.44899e-24
-3.44794e-24
-8.66191e-24
-1.52047e-11
-4.99984
-31.1718
-107.33
-61.5499
-5.32728
-3.38194e-10
-3.11774e-24
-2.33376e-24
-7.54524e-16
-0.191917
-195.706
-137.386
-183.983
-346.911
-305.022
-227.505
-224.662
-149.952
-210.167
-204.613
-0.019356
-7.66001e-24
-3.7404e-24
-0.0197203
-166.126
-183.675
-137.048
-394.982
-229.909
-224.812
-509.294
-575.021
-586.75
-252.386
-0.0297802
-3.99001e-20
-1.37373e-24
-2.50529e-24
-2.408e-18
-0.94978
-36.5009
-75.6608
-47.0615
-33.9223
-0.000446519
-4.09966e-21
-4.43163e-24
-4.41811e-24
-4.04537e-21
-0.000473174
-33.7159
-47.0412
-75.6806
-36.5403
-0.931685
-2.90972e-18
-2.50589e-24
-1.3679e-24
-3.65067e-20
-0.0291304
-252.857
-590.402
-578.819
-509.48
-225.489
-230.563
-396.117
-137.497
-184.527
-165.993
-0.0222401
-3.76233e-24
-3.70853e-24
-2.31404e-06
-0.0243051
-0.135143
-0.246992
-7.58796
-106.738
-203.748
-407.756
-477.182
-472.967
-221.742
-0.00223736
-1.37859e-21
-6.9273e-25
-2.86442e-24
-5.81797e-07
-14.0057
-19.9658
-35.3728
-40.3717
-17.0158
-20.4308
-0.00473843
-1.11901e-09
-7.86126e-10
-0.0043044
-20.7481
-17.0212
-40.3311
-35.4003
-20.1043
-14.1368
-6.49129e-07
-2.88318e-24
-6.86623e-25
-1.26807e-21
-0.00219434
-221.641
-472.269
-476.026
-406.763
-203.675
-106.55
-7.55377
-0.239896
-0.146149
-0.0293107
-3.02138e-06
-3.73596e-24
-3.17066e-24
-1.16166e-23
-1.96635e-23
-1.53938e-19
-5.88131e-10
-0.280777
-16.6212
-27.4812
-37.3847
-64.7916
-37.5236
-59.087
-0.0533725
-3.15361e-15
-5.47586e-25
-3.7509e-24
-0.0101896
-47.1971
-43.4761
-17.3305
-17.4384
-21.8285
-27.6493
-114.075
-0.00203679
-0.00184704
-114.479
-27.6944
-21.8061
-17.3911
-17.1528
-44.0053
-45.8167
-0.0108112
-3.79416e-24
-5.36711e-25
-2.95394e-15
-0.0524664
-59.2406
-37.4642
-64.8594
-37.2997
-27.4378
-16.6396
-0.283461
-6.07679e-10
-1.59469e-19
-1.95753e-23
-1.16285e-23
-3.1915e-24
-2.5915e-24
-9.89872e-24
-1.96089e-23
-2.72687e-23
-0.000844962
-44.701
-27.1402
-42.1542
-32.7824
-14.7864
-46.5168
-22.7446
-21.6788
-0.000606714
-2.53961e-24
-5.82783e-24
-0.0315135
-92.6855
-49.7809
-6.39782
-22.9879
-16.3629
-18.3349
-127.889
-0.0874193
-0.0847365
-120.276
-18.4325
-16.2992
-22.9619
-6.33535
-49.4489
-85.517
-0.0323796
-5.88032e-24
-2.50648e-24
-0.00059641
-21.5748
-22.7136
-46.4927
-14.7605
-32.7245
-42.0994
-27.1379
-44.6545
-0.000844825
-2.72055e-23
-1.95554e-23
-9.88825e-24
-2.60267e-24
-2.56592e-24
-1.14118e-23
-2.7008e-23
-1.24607e-06
-14.3281
-26.7674
-40.339
-29.5642
-18.3633
-9.05989
-55.3214
-32.1641
-50.4422
-5.65093
-2.79477e-07
-1.27796e-23
-8.01552e-06
-1.02526
-9.16461
-1.24814
-0.659042
-2.08579
-5.41567
-1.06891
-0.000267139
-0.000277709
-1.12609
-5.63231
-2.15374
-0.655688
-1.22271
-8.82859
-0.993344
-8.00548e-06
-1.28263e-23
-2.72372e-07
-5.57197
-50.3886
-32.1306
-55.2478
-9.03675
-18.336
-29.5338
-40.3113
-26.7484
-14.3186
-1.24194e-06
-2.696e-23
-1.13967e-23
-2.5714e-24
-3.15759e-24
-1.42904e-23
-3.78725e-23
-0.00657526
-18.7214
-27.6426
-29.7561
-24.4272
-3.56593
-28.0142
-34.7971
-48.4906
-18.4087
-26.8647
-0.174095
-2.41839e-23
-3.61003e-23
-6.10548e-23
-8.18061e-23
-9.39148e-23
-1.00963e-22
-1.05627e-22
-1.05535e-22
-9.46093e-23
-7.70778e-23
-7.71708e-23
-9.48177e-23
-1.05636e-22
-1.05601e-22
-1.0091e-22
-9.38811e-23
-8.1884e-23
-6.12379e-23
-3.62337e-23
-2.4164e-23
-0.172318
-26.7705
-18.3847
-48.4275
-34.8156
-28.0053
-3.55665
-24.4066
-29.7339
-27.6216
-18.7053
-0.00657683
-3.78242e-23
-1.42747e-23
-3.16065e-24
-4.31876e-24
-1.67451e-23
-4.58495e-23
-0.723748
-15.9999
-24.1131
-20.8418
-2.62938
-1.23786e-05
-0.0189954
-77.2141
-10.0514
-19.0008
-62.1742
-2.54095
-4.272e-23
-3.63659e-23
-4.36187e-23
-5.31968e-23
-6.05509e-23
-6.52903e-23
-6.76844e-23
-6.70745e-23
-6.26633e-23
-5.72785e-23
-5.73106e-23
-6.27334e-23
-6.71209e-23
-6.76923e-23
-6.52859e-23
-6.05612e-23
-5.32484e-23
-4.36955e-23
-3.64054e-23
-4.26661e-23
-2.53381
-62.2577
-18.9717
-10.0315
-77.2096
-0.0190011
-1.23625e-05
-2.63292
-20.8265
-24.0946
-15.9875
-0.725191
-4.58018e-23
-1.67293e-23
-4.31906e-24
-5.51154e-24
-1.72075e-23
-4.65047e-23
-0.5443
-37.9463
-21.1928
-1.26487
-7.55912e-07
-2.30474e-23
-2.43971e-09
-0.00127569
-0.124232
-3.40869
-4.60532
-0.00250579
-4.84109e-23
-3.37492e-23
-3.17091e-23
-3.39255e-23
-3.67854e-23
-3.89805e-23
-4.00591e-23
-3.97529e-23
-3.81513e-23
-3.64612e-23
-3.64722e-23
-3.81756e-23
-3.97725e-23
-4.00676e-23
-3.89852e-23
-3.67964e-23
-3.39489e-23
-3.17343e-23
-3.37499e-23
-4.83562e-23
-0.00251302
-4.61253
-3.40805
-0.123878
-0.00127734
-2.46687e-09
-2.30301e-23
-7.57142e-07
-1.26749
-21.176
-37.9153
-0.545455
-4.64576e-23
-1.719e-23
-5.50666e-24
-5.32069e-24
-1.42717e-23
-3.67378e-23
-0.00027034
-0.582368
-0.110956
-7.25929e-07
-2.47915e-23
-1.81424e-23
-2.11036e-23
-2.97384e-23
-3.91017e-23
-4.69765e-23
-5.12169e-23
-4.61565e-23
-3.21278e-23
-2.37385e-23
-2.02648e-23
-1.94963e-23
-1.98031e-23
-2.02799e-23
-2.04851e-23
-2.02385e-23
-1.96211e-23
-1.90601e-23
-1.90635e-23
-1.96286e-23
-2.02449e-23
-2.04883e-23
-2.02819e-23
-1.98066e-23
-1.95014e-23
-2.02658e-23
-2.37248e-23
-3.20895e-23
-4.60905e-23
-5.11524e-23
-4.69259e-23
-3.90633e-23
-2.97098e-23
-2.10825e-23
-1.81249e-23
-2.47707e-23
-7.27493e-07
-0.1112
-0.583606
-0.000270897
-3.66942e-23
-1.42526e-23
-5.31036e-24
-3.25002e-24
-8.72891e-24
-1.86786e-23
-2.98293e-23
-2.88707e-23
-2.26689e-23
-1.63072e-23
-1.08205e-23
-8.39754e-24
-8.73811e-24
-1.10138e-23
-1.41521e-23
-1.74486e-23
-2.01197e-23
-2.01074e-23
-1.67878e-23
-1.32457e-23
-1.07338e-23
-9.2849e-24
-8.53456e-24
-8.12472e-24
-7.81528e-24
-7.48864e-24
-7.14933e-24
-6.9141e-24
-6.91487e-24
-7.15091e-24
-7.4896e-24
-7.815e-24
-8.12351e-24
-8.53266e-24
-9.28125e-24
-1.07254e-23
-1.32289e-23
-1.67609e-23
-2.00733e-23
-2.00877e-23
-1.74231e-23
-1.41325e-23
-1.09985e-23
-8.72573e-24
-8.3861e-24
-1.08072e-23
-1.62877e-23
-2.26389e-23
-2.88292e-23
-2.9785e-23
-1.86479e-23
-8.71206e-24
-3.23845e-24
-1.24581e-24
-4.91613e-24
-9.07823e-24
-1.01162e-23
-6.09875e-24
-2.52812e-24
-1.8542e-24
-1.72814e-24
-1.49754e-24
-1.45641e-24
-1.83387e-24
-2.81328e-24
-4.59965e-24
-6.95641e-24
-8.60282e-24
-8.43759e-24
-7.03967e-24
-5.35407e-24
-3.91745e-24
-2.85734e-24
-2.11132e-24
-1.5795e-24
-1.18817e-24
-9.09327e-25
-7.57066e-25
-7.57639e-25
-9.1062e-25
-1.18933e-24
-1.57988e-24
-2.11055e-24
-2.85487e-24
-3.91222e-24
-5.34453e-24
-7.02475e-24
-8.4182e-24
-8.58257e-24
-6.93988e-24
-4.58831e-24
-2.80585e-24
-1.82874e-24
-1.45243e-24
-1.49405e-24
-1.7245e-24
-1.84921e-24
-2.51929e-24
-6.08253e-24
-1.00942e-23
-9.05891e-24
-4.90474e-24
-1.2394e-24
-1.239e-24
-4.91184e-24
-9.07365e-24
-1.01102e-23
-6.09081e-24
-2.52041e-24
-1.84807e-24
-1.72343e-24
-1.49349e-24
-1.45233e-24
-1.82947e-24
-2.80874e-24
-4.59539e-24
-6.95271e-24
-8.59994e-24
-8.43615e-24
-7.04053e-24
-5.3587e-24
-3.92818e-24
-2.87737e-24
-2.14449e-24
-1.62953e-24
-1.25733e-24
-9.96431e-25
-8.56182e-25
-8.58841e-25
-1.00305e-24
-1.26514e-24
-1.63636e-24
-2.14925e-24
-2.87952e-24
-3.92697e-24
-5.35303e-24
-7.02983e-24
-8.42182e-24
-8.58589e-24
-6.9433e-24
-4.59153e-24
-2.80858e-24
-1.83104e-24
-1.45456e-24
-1.49635e-24
-1.72742e-24
-1.8532e-24
-2.52443e-24
-6.08789e-24
-1.00983e-23
-9.06203e-24
-4.90766e-24
-1.24406e-24
-3.23042e-24
-8.71774e-24
-1.86684e-23
-2.98158e-23
-2.88477e-23
-2.26454e-23
-1.62893e-23
-1.08075e-23
-8.38628e-24
-8.72604e-24
-1.09999e-23
-1.41372e-23
-1.74338e-23
-2.01052e-23
-2.00942e-23
-1.6779e-23
-1.32435e-23
-1.07422e-23
-9.31048e-24
-8.58689e-24
-8.21649e-24
-7.96068e-24
-7.69865e-24
-7.42335e-24
-7.23268e-24
-7.24171e-24
-7.44519e-24
-7.72327e-24
-7.98159e-24
-8.23223e-24
-8.59835e-24
-9.31807e-24
-1.07445e-23
-1.32385e-23
-1.67666e-23
-2.0079e-23
-2.00954e-23
-1.74314e-23
-1.41397e-23
-1.10045e-23
-8.7313e-24
-8.39234e-24
-1.08155e-23
-1.62998e-23
-2.26549e-23
-2.88449e-23
-2.97943e-23
-1.86549e-23
-8.71967e-24
-3.25186e-24
-5.29124e-24
-1.42595e-23
-3.67365e-23
-0.000269492
-0.580654
-0.110659
-7.24909e-07
-2.4774e-23
-1.81271e-23
-2.10839e-23
-2.9712e-23
-3.90725e-23
-4.69454e-23
-5.11802e-23
-4.61174e-23
-3.20994e-23
-2.37218e-23
-2.0263e-23
-1.95176e-23
-1.98627e-23
-2.04025e-23
-2.07052e-23
-2.05922e-23
-2.01218e-23
-1.96706e-23
-1.96969e-23
-2.01817e-23
-2.06525e-23
-2.07497e-23
-2.04329e-23
-1.98861e-23
-1.95384e-23
-2.02785e-23
-2.37246e-23
-3.20835e-23
-4.60848e-23
-5.11568e-23
-4.69364e-23
-3.90729e-23
-2.97165e-23
-2.1089e-23
-1.81332e-23
-2.47828e-23
-7.27311e-07
-0.111201
-0.583587
-0.000270876
-3.66951e-23
-1.42608e-23
-5.33053e-24
-5.47806e-24
-1.72052e-23
-4.65409e-23
-0.542689
-37.9535
-21.1913
-1.26009
-7.53208e-07
-2.30341e-23
-2.42983e-09
-0.00127242
-0.123951
-3.41913
-4.62547
-0.00251983
-4.83517e-23
-3.37086e-23
-3.16808e-23
-3.39129e-23
-3.68046e-23
-3.90697e-23
-4.02912e-23
-4.02324e-23
-3.89479e-23
-3.75161e-23
-3.75921e-23
-3.91052e-23
-4.0365e-23
-4.03671e-23
-3.91097e-23
-3.68358e-23
-3.39511e-23
-3.17197e-23
-3.37255e-23
-4.83233e-23
-0.0025521
-4.67772
-3.44883
-0.123907
-0.00127027
-2.42914e-09
-2.30382e-23
-7.57518e-07
-1.26793
-21.1775
-37.9114
-0.545247
-4.64327e-23
-1.71913e-23
-5.52967e-24
-4.28737e-24
-1.67603e-23
-4.5936e-23
-0.7206
-16.0089
-24.1262
-20.8516
-2.61316
-1.23285e-05
-0.0189411
-77.3311
-10.0456
-18.9971
-62.3493
-2.54165
-4.26516e-23
-3.63084e-23
-4.35531e-23
-5.31114e-23
-6.04492e-23
-6.52106e-23
-6.77531e-23
-6.75697e-23
-6.38368e-23
-5.90611e-23
-5.92923e-23
-6.4255e-23
-6.78413e-23
-6.78453e-23
-6.52268e-23
-6.04647e-23
-5.31691e-23
-4.36376e-23
-3.63579e-23
-4.26163e-23
-2.5636
-62.4464
-18.9764
-10.0339
-77.3236
-0.0189304
-1.23645e-05
-2.63434
-20.8201
-24.086
-15.982
-0.724848
-4.57421e-23
-1.67179e-23
-4.34078e-24
-3.13063e-24
-1.43227e-23
-3.80009e-23
-0.00653733
-18.7588
-27.6662
-29.7807
-24.4444
-3.54063
-28.0394
-34.7812
-48.451
-18.397
-26.8126
-0.173128
-2.4137e-23
-3.60421e-23
-6.09421e-23
-8.15984e-23
-9.35746e-23
-1.00458e-22
-1.05058e-22
-1.05621e-22
-9.6111e-23
-8.00232e-23
-8.08031e-23
-9.72425e-23
-1.06118e-22
-1.0504e-22
-1.00341e-22
-9.35003e-23
-8.1665e-23
-6.11247e-23
-3.61749e-23
-2.41262e-23
-0.173691
-26.7271
-18.378
-48.4061
-34.8006
-28.0304
-3.5546
-24.3891
-29.7172
-27.6058
-18.683
-0.00658147
-3.77344e-23
-1.425e-23
-3.17955e-24
-2.53689e-24
-1.14504e-23
-2.71551e-23
-1.24197e-06
-14.2657
-26.7941
-40.38
-29.5867
-18.3631
-9.05441
-55.2929
-32.1444
-50.4245
-5.60536
-2.74309e-07
-1.27591e-23
-7.59599e-06
-0.98358
-8.91974
-1.22371
-0.617393
-1.83951
-6.95136
-1.83833
-0.000560947
-0.000784674
-3.07707
-11.2838
-1.77098
-0.58683
-1.15458
-9.27891
-1.13205
-1.00113e-05
-1.28051e-23
-2.72636e-07
-5.5959
-50.3852
-32.1187
-55.246
-9.03868
-18.3045
-29.504
-40.2877
-26.7312
-14.3256
-1.24497e-06
-2.68535e-23
-1.1364e-23
-2.59219e-24
-2.54515e-24
-9.92157e-24
-1.97683e-23
-2.7493e-23
-0.000840377
-44.8778
-27.1831
-42.1953
-32.7763
-14.7771
-46.5272
-22.7291
-21.664
-0.000602546
-2.53328e-24
-5.8273e-24
-0.0304509
-93.0625
-49.6088
-6.38212
-22.8477
-16.2291
-19.2736
-81.7554
-0.22156
-0.352874
-55.8693
-20.9742
-16.7977
-22.943
-6.30064
-49.5402
-84.7625
-0.0373012
-5.87382e-24
-2.5041e-24
-0.000600498
-21.5658
-22.7022
-46.5029
-14.7476
-32.6773
-42.0457
-27.1393
-44.546
-0.000846896
-2.70627e-23
-1.94276e-23
-9.85768e-24
-2.63721e-24
-3.09448e-24
-1.15643e-23
-2.61415e-23
-1.99013e-19
-5.93915e-10
-0.279894
-16.8282
-27.5297
-37.3966
-65.0072
-37.4872
-59.2663
-0.052868
-3.06397e-15
-5.46273e-25
-3.75169e-24
-0.0100264
-47.0544
-43.5579
-17.3165
-17.5206
-22.1437
-29.5302
-84.0696
-0.00561219
-0.0127577
-61.8262
-32.5678
-23.2986
-18.0683
-17.3798
-44.1396
-46.5003
-0.0114679
-3.79907e-24
-5.38298e-25
-2.95349e-15
-0.0524059
-59.1143
-37.4263
-64.742
-37.233
-27.3902
-16.6756
-0.284013
-5.36472e-10
-1.2328e-19
-1.93567e-23
-1.16265e-23
-3.25238e-24
-3.61954e-24
-9.06129e-07
-0.0127053
-0.103036
-0.256062
-7.58297
-106.674
-204.033
-407.352
-476.551
-472.545
-221.688
-0.00221307
-1.33084e-21
-6.92827e-25
-2.86208e-24
-5.8615e-07
-13.6541
-19.9431
-35.3419
-40.3559
-17.0263
-19.3471
-0.0102491
-6.0301e-09
-2.68173e-08
-0.0221509
-19.7908
-17.6795
-41.4861
-35.9924
-20.2633
-14.7469
-6.04098e-07
-2.89535e-24
-6.88815e-25
-1.32145e-21
-0.00220222
-221.39
-471.771
-475.529
-406.083
-203.667
-106.38
-7.4853
-0.225573
-0.138038
-0.0291221
-3.18411e-06
-3.81481e-24
-3.70239e-24
-0.0101511
-165.911
-181.428
-137.019
-395.219
-230.484
-225.712
-509.941
-577.743
-589.27
-252.701
-0.0295472
-3.88411e-20
-1.37572e-24
-2.5001e-24
-2.27058e-18
-0.878318
-36.4305
-75.4808
-46.8746
-32.0049
-0.000472183
-1.44136e-20
-5.07236e-24
-5.4396e-24
-3.12386e-21
-0.000496233
-31.3966
-47.9352
-76.8129
-36.9614
-1.08426
-2.28342e-18
-2.52575e-24
-1.36833e-24
-3.85315e-20
-0.0293915
-252.477
-589.294
-577.719
-509.655
-225.95
-231.575
-398.267
-138.482
-187.262
-166.101
-0.02648
-3.79625e-24
-7.44499e-24
-0.0125422
-202.892
-207.163
-149.41
-224.231
-227.554
-305.679
-344.172
-182.981
-136.818
-195.1
-0.195606
-7.80685e-16
-2.34244e-24
-3.11509e-24
-3.18074e-10
-5.12591
-61.403
-107.021
-30.9009
-4.64241
-1.22089e-11
-8.46233e-24
-3.82112e-24
-3.95468e-24
-8.64956e-24
-1.63736e-11
-5.56813
-31.8705
-107.948
-61.8898
-5.96106
-3.23525e-10
-3.14157e-24
-2.32839e-24
-7.80047e-16
-0.193666
-195.236
-137.107
-183.428
-345.593
-306.084
-228.49
-225.834
-151.562
-213.95
-206.795
-0.0256576
-7.77191e-24
-1.30904e-23
-1.43891e-06
-0.0239594
-0.209992
-0.258955
-18.3539
-216.796
-237.493
-101.477
-128.311
-142.553
-77.655
-5.61044
-1.49228e-07
-3.61715e-24
-3.77643e-24
-1.5915e-05
-34.4377
-150.283
-164.582
-75.4607
-0.00859615
-1.55435e-23
-7.03499e-24
-2.63931e-24
-2.69722e-24
-7.13455e-24
-1.5578e-23
-0.00939967
-76.3922
-164.143
-149.848
-35.2763
-1.75454e-05
-3.78384e-24
-3.58933e-24
-1.48486e-07
-5.56302
-77.7939
-142.513
-128.397
-102.111
-239.465
-217.692
-18.3907
-0.239647
-0.206407
-0.0265256
-1.90577e-06
-1.36061e-23
-1.28659e-23
-2.00746e-23
-7.50538e-22
-1.01185e-19
-9.76763e-12
-0.00032595
-9.60224
-113.538
-86.697
-148.918
-170.403
-115.301
-66.5938
-0.0226761
-1.43757e-13
-3.61603e-24
-0.00257978
-84.7967
-163.888
-130.083
-62.2341
-0.000326963
-1.52195e-23
-6.08054e-24
-1.69197e-24
-1.72237e-24
-6.14767e-24
-1.52953e-23
-0.000342533
-61.5741
-129.445
-164.431
-83.1839
-0.00276612
-3.59341e-24
-1.42303e-13
-0.0225417
-66.4881
-115.219
-170.375
-148.865
-86.6816
-113.716
-9.41283
-0.000316196
-9.29888e-12
-7.19383e-20
-4.41356e-22
-2.02495e-23
-1.32728e-23
-9.44762e-24
-1.32122e-23
-2.15605e-23
-2.8681e-23
-3.50193e-23
-3.46958e-14
-0.00368479
-87.2418
-51.9298
-136.044
-161.443
-185.933
-107.295
-22.5321
-1.2042e-05
-3.50165e-14
-0.175198
-65.3477
-158.88
-79.492
-7.38745
-4.93202e-08
-1.33002e-23
-5.0355e-24
-9.37664e-25
-9.54999e-25
-5.07918e-24
-1.3361e-23
-4.89136e-08
-7.62625
-80.5862
-159.93
-66.4308
-0.184092
-3.14017e-14
-1.19424e-05
-22.4334
-107.142
-185.739
-161.289
-135.954
-52.0722
-88.0855
-0.00386429
-3.29432e-14
-3.48846e-23
-2.85071e-23
-2.14563e-23
-1.32924e-23
-9.70607e-24
-5.49929e-24
-8.89425e-24
-1.61379e-23
-2.47779e-23
-3.5362e-23
-3.70509e-07
-0.124475
-168.3
-70.4432
-104.325
-157.705
-167.319
-171.394
-76.0888
-2.59981
-0.000385942
-12.6492
-132.591
-186.207
-78.4929
-0.128455
-9.86772e-17
-1.15374e-23
-4.22002e-24
-4.95403e-25
-5.04792e-25
-4.24355e-24
-1.15638e-23
-7.94978e-17
-0.134305
-75.6723
-187.567
-132.929
-13.0811
-0.00039255
-2.58005
-75.9629
-171.168
-167.104
-157.385
-104.273
-69.8929
-170.469
-0.116535
-2.75609e-07
-3.53334e-23
-2.46952e-23
-1.60921e-23
-8.93173e-24
-5.64247e-24
-2.46347e-24
-6.21499e-24
-1.30808e-23
-2.25744e-23
-3.6179e-23
-0.0150582
-174.837
-195.136
-104.328
-74.3074
-146.513
-157.496
-161.098
-142.46
-84.4148
-11.0325
-100.41
-169.368
-152.892
-80.0799
-0.00910897
-2.10983e-23
-1.07836e-23
-3.95685e-24
-5.49535e-25
-5.53998e-25
-3.96726e-24
-1.07914e-23
-2.10878e-23
-0.00959152
-79.7345
-152.251
-169.104
-98.2499
-10.9568
-84.5715
-142.278
-160.948
-157.365
-146.47
-74.476
-103.847
-192.917
-175.572
-0.0119928
-3.61601e-23
-2.25045e-23
-1.30369e-23
-6.21951e-24
-2.52556e-24
-1.00246e-24
-4.88446e-24
-1.12345e-23
-2.00972e-23
-3.29937e-23
-0.0359192
-168.728
-208.426
-95.7728
-51.1399
-119.314
-156.098
-157.613
-147.47
-112.77
-46.5195
-60.4025
-169.124
-116.783
-44.622
-0.000595707
-2.00875e-23
-1.04732e-23
-4.29619e-24
-1.25688e-24
-1.25844e-24
-4.29905e-24
-1.04724e-23
-2.00759e-23
-0.000595356
-44.8176
-117.577
-169.138
-61.5569
-46.0037
-112.526
-147.179
-157.449
-155.977
-119.34
-51.0024
-94.6599
-201.782
-159.298
-0.0295505
-3.27875e-23
-1.99714e-23
-1.11661e-23
-4.85997e-24
-1.00849e-24
-1.47794e-24
-5.046e-24
-1.07395e-23
-1.76372e-23
-2.57972e-23
-8.82777e-06
-0.0292489
-0.0278032
-0.00708629
-22.45
-71.2809
-172.855
-166.701
-151.732
-129.736
-100.256
-103.653
-163.424
-99.7646
-39.9364
-0.000548058
-1.90281e-23
-1.06144e-23
-5.38255e-24
-2.81479e-24
-2.81476e-24
-5.38136e-24
-1.06088e-23
-1.9013e-23
-0.000523477
-39.9853
-100.304
-164.389
-104.695
-100.687
-129.585
-151.613
-166.624
-172.817
-71.37
-22.6464
-0.00670776
-0.0235731
-0.0240272
-7.55806e-06
-2.5505e-23
-1.74905e-23
-1.06573e-23
-5.00337e-24
-1.44961e-24
-4.00067e-24
-7.15062e-24
-1.28598e-23
-1.80795e-23
-2.15213e-23
-2.28185e-23
-2.03424e-23
-1.72358e-23
-1.73705e-16
-0.00157407
-53.3658
-124.487
-191.057
-166.496
-150.073
-137.93
-144.543
-184.554
-118.737
-61.5166
-0.00431184
-1.78851e-23
-1.13666e-23
-7.5155e-24
-5.50116e-24
-5.50044e-24
-7.51276e-24
-1.13603e-23
-1.78724e-23
-0.00416716
-61.861
-119.535
-185.634
-145.413
-138.414
-150.262
-166.583
-191.067
-124.45
-53.5087
-0.00161859
-1.89756e-16
-1.7339e-23
-2.05539e-23
-2.27086e-23
-2.13984e-23
-1.79789e-23
-1.27866e-23
-7.10355e-24
-3.95743e-24
-8.03942e-24
-1.16003e-23
-1.93758e-23
-2.46881e-23
-2.54816e-23
-2.23515e-23
-1.77521e-23
-1.40429e-23
-1.27072e-23
-3.12133e-09
-0.17421
-41.0596
-165.562
-176.547
-171.422
-166.392
-167.709
-173.782
-135.641
-62.8016
-0.039781
-2.09008e-22
-1.32141e-23
-1.13261e-23
-9.66581e-24
-9.66492e-24
-1.13233e-23
-1.32086e-23
-1.82957e-22
-0.0390756
-62.5026
-136.353
-174.316
-168.363
-166.917
-171.789
-176.826
-165.814
-41.1515
-0.176
-3.21228e-09
-1.27639e-23
-1.41126e-23
-1.78438e-23
-2.23672e-23
-2.54456e-23
-2.46286e-23
-1.93175e-23
-1.15571e-23
-7.99559e-24
-1.19081e-23
-1.84809e-23
-3.32176e-23
-1.27295e-22
-9.32647e-23
-3.32959e-23
-2.48851e-23
-1.79729e-23
-1.27032e-23
-9.24625e-24
-4.03264e-07
-25.8337
-145.954
-217.403
-195.929
-192.601
-189.729
-186.011
-173.754
-78.2074
-2.5754
-3.33442e-11
-1.80712e-23
-1.82849e-23
-1.55003e-23
-1.54994e-23
-1.82828e-23
-1.80686e-23
-3.08206e-11
-2.55372
-78.6296
-174.461
-186.668
-190.379
-193.181
-196.418
-217.862
-146.23
-25.9672
-4.04284e-07
-9.27645e-24
-1.27395e-23
-1.80187e-23
-2.49374e-23
-3.33277e-23
-9.14227e-23
-1.24849e-22
-3.31699e-23
-1.84445e-23
-1.18722e-23
-1.28095e-23
-2.72686e-23
-1.98119e-05
-0.0411693
-0.0209269
-0.000151703
-0.000441282
-0.00121724
-0.000273164
-0.000148303
-0.000361234
-1.91892
-60.1758
-156.643
-208.448
-221.658
-215.292
-208.529
-227.139
-145.519
-29.2795
-3.87688e-06
-1.14413e-09
-7.93932e-08
-3.32516e-10
-3.41087e-10
-8.14037e-08
-1.16935e-09
-3.75096e-06
-29.3078
-146.138
-228.037
-209.269
-215.998
-222.317
-209.007
-157.072
-60.3639
-1.92649
-0.000353766
-0.000144699
-0.000267319
-0.00120129
-0.000437071
-0.000150402
-0.0207413
-0.040802
-1.96366e-05
-2.72391e-23
-1.27856e-23
-8.94268e-24
-3.3586e-23
-0.0128511
-268.309
-217.585
-70.5387
-228.818
-108.137
-55.7364
-53.589
-61.6099
-69.4733
-34.8699
-133.93
-291.76
-280.736
-246.329
-209.126
-174.573
-137.528
-40.0366
-1.66704
-0.806264
-51.4435
-0.00669055
-0.0066999
-51.4697
-0.806535
-1.67104
-40.185
-138.054
-175.207
-209.838
-247.107
-281.548
-292.506
-134.257
-34.9439
-69.7753
-62.2456
-54.1922
-56.2934
-108.76
-228.808
-70.534
-217.558
-268.221
-0.0127467
-3.35641e-23
-8.93168e-24
-7.81841e-24
-5.71309e-23
-0.0171354
-107.657
-283.832
-304.149
-713.193
-421.195
-335.252
-350.397
-358.497
-269.028
-133.399
-301.874
-105982
-41800.5
-19532.8
-14222.2
-10175.7
-6054.05
-2395.29
-611.584
-303.773
-137.307
-0.684804
-0.682821
-137.423
-304.185
-613.069
-2403.12
-6075.19
-10210.8
-14268.8
-19592.2
-41912.8
-106242
-302.413
-133.434
-269.686
-360.477
-352.658
-337.603
-424.43
-712.848
-304.093
-283.764
-107.625
-0.0170004
-5.71064e-23
-7.81473e-24
