-7.00612e-24
-4.91953e-23
-1.0491
-5.87319
-29.1627
-29.692
-56.6262
-88.0152
-84.5209
-87.9696
-89.397
-86.4985
-103.982
-291.325
-104935
-41521.7
-19476.5
-14224.9
-10225.1
-6117.17
-2438.06
-628.421
-315.111
-145.49
-0.815947
-0.813389
-145.474
-315.194
-628.891
-2442.28
-6130.47
-10249
-14258.6
-19521.7
-41611.6
-105151
-291.842
-104.125
-86.5843
-89.4829
-88.055
-84.6041
-88.1029
-56.6825
-29.7204
-29.1893
-5.8781
-1.02749
-4.92323e-23
-7.01132e-24
-8.3717e-24
-3.25151e-23
-0.526476
-86.6984
-28.3587
-7.22495
-22.6151
-35.4719
-31.32
-34.9885
-35.9972
-26.0875
-38.9643
-134.978
-290.722
-279.46
-245.297
-208.818
-175.217
-138.683
-40.7083
-1.75536
-0.819551
-37.2725
-0.0113016
-0.0112665
-37.3907
-0.819626
-1.75368
-40.7936
-139.034
-175.656
-209.339
-245.893
-280.103
-291.331
-135.24
-39.0316
-26.1101
-36.0309
-35.0224
-31.3512
-35.5088
-22.6388
-7.23235
-28.3896
-86.7892
-0.515225
-3.25465e-23
-8.38497e-24
-1.34989e-23
-3.0033e-23
-0.000435346
-1.85529
-1.35369
-0.0547752
-0.0768698
-0.0377809
-0.000993457
-0.000288906
-0.000892776
-2.38245
-59.8384
-156.171
-207.352
-220.087
-213.577
-207.414
-228.337
-147.379
-33.807
-4.48632e-06
-3.603e-09
-2.84916e-07
-1.20248e-09
-1.20434e-09
-2.85354e-07
-3.60874e-09
-4.42958e-06
-33.6587
-147.785
-228.954
-207.968
-214.132
-220.621
-207.809
-156.486
-59.9596
-2.43938
-0.00100121
-0.000333808
-0.00110574
-0.0388324
-0.0762002
-0.0534701
-1.32273
-1.81335
-0.00042575
-3.00724e-23
-1.3526e-23
-1.29522e-23
-1.96731e-23
-3.53671e-23
-3.90302e-23
-3.20723e-23
-2.26065e-23
-1.47345e-23
-9.58193e-24
-6.42231e-24
-4.64562e-24
-2.97464e-07
-25.3512
-143.115
-214.492
-194.132
-190.589
-186.826
-182.72
-176.404
-84.2958
-3.64267
-2.80095e-11
-1.80808e-23
-1.86527e-23
-1.59574e-23
-1.59561e-23
-1.86526e-23
-1.80841e-23
-2.76358e-11
-3.60137
-84.4335
-176.813
-183.249
-187.362
-191.082
-194.579
-214.962
-143.418
-25.2391
-2.89609e-07
-4.65678e-24
-6.44172e-24
-9.61562e-24
-1.47843e-23
-2.26686e-23
-3.21413e-23
-3.90973e-23
-3.54203e-23
-1.97061e-23
-1.29843e-23
-8.61769e-24
-1.15135e-23
-1.80518e-23
-2.02621e-23
-1.74558e-23
-1.24776e-23
-7.41969e-24
-4.61025e-24
-4.20183e-24
-1.92808e-09
-0.143087
-42.8938
-165.354
-175.172
-170.035
-164.7
-163.435
-162.711
-138.268
-46.8787
-0.0638982
-9.50899e-23
-1.33181e-23
-1.15986e-23
-1.00106e-23
-1.001e-23
-1.15978e-23
-1.33182e-23
-9.53459e-23
-0.063242
-46.8777
-138.734
-163.322
-163.991
-165.154
-170.416
-175.502
-165.562
-42.8532
-0.14114
-1.83075e-09
-4.21556e-24
-4.63896e-24
-7.45645e-24
-1.2511e-23
-1.74896e-23
-2.02956e-23
-1.80813e-23
-1.15366e-23
-8.6452e-24
-4.05565e-24
-6.49327e-24
-1.08985e-23
-1.40908e-23
-1.54862e-23
-1.54462e-23
-9.99367e-24
-6.17459e-24
-1.35797e-15
-0.00100475
-51.85
-121.965
-187.63
-164.372
-149.181
-138.428
-142.603
-175.347
-116.774
-70.9499
-0.00597358
-1.81543e-23
-1.16467e-23
-7.81722e-24
-5.80947e-24
-5.8083e-24
-7.81419e-24
-1.16425e-23
-1.81496e-23
-0.00590023
-70.9788
-117.441
-176.393
-143.22
-138.814
-149.481
-164.693
-188.139
-122.374
-51.607
-0.000931522
-8.76129e-16
-6.21086e-24
-1.00106e-23
-1.54179e-23
-1.54771e-23
-1.40964e-23
-1.09106e-23
-6.5062e-24
-4.0735e-24
-1.30945e-24
-4.26963e-24
-8.98158e-24
-1.4969e-23
-2.37094e-23
-3.09059e-05
-0.248147
-0.286708
-0.0266385
-8.62105
-83.5577
-177.971
-165.523
-148.775
-128.407
-105.306
-104.651
-157.905
-98.7699
-40.8561
-0.000565506
-1.98366e-23
-1.1171e-23
-5.77804e-24
-3.12168e-24
-3.11945e-24
-5.77147e-24
-1.11596e-23
-1.98167e-23
-0.000555269
-40.8576
-99.2024
-158.762
-105.201
-105.496
-128.541
-148.954
-165.786
-178.377
-83.7774
-8.43285
-0.0264391
-0.173304
-0.104123
-9.90168e-06
-2.36451e-23
-1.49557e-23
-8.98346e-24
-4.2749e-24
-1.31675e-24
-9.31591e-25
-4.12556e-24
-9.53911e-24
-1.79338e-23
-3.29853e-23
-0.246705
-90.2575
-43.8865
-28.0024
-74.8473
-142.147
-156.815
-153.498
-140.503
-117.715
-52.2
-61.7834
-138.321
-108.627
-49.9168
-0.00139267
-2.13802e-23
-1.13417e-23
-4.80491e-24
-1.55309e-24
-1.54963e-24
-4.7949e-24
-1.13258e-23
-2.13576e-23
-0.0013651
-49.8998
-109.46
-139.565
-62.3855
-52.2168
-117.652
-140.538
-153.561
-156.813
-142.448
-74.1378
-28.2506
-42.0649
-103.517
-0.121369
-3.29557e-23
-1.79325e-23
-9.54372e-24
-4.12752e-24
-9.28733e-25
-2.83904e-24
-5.4743e-24
-1.07899e-23
-1.87047e-23
-3.23078e-23
-0.126
-64.3836
-27.1771
-34.3157
-96.4659
-130.764
-146.924
-152.559
-145.294
-65.5376
-11.9019
-43.2354
-133.157
-119.74
-40.5333
-0.0359095
-2.28425e-23
-1.20383e-23
-4.58651e-24
-7.84807e-25
-7.79862e-25
-4.57279e-24
-1.20195e-23
-2.28258e-23
-0.0357452
-41.218
-120.759
-134.648
-43.6799
-11.9638
-65.5119
-145.28
-152.539
-146.855
-130.582
-96.5939
-34.2596
-26.6303
-57.4555
-0.0884728
-3.23525e-23
-1.87381e-23
-1.08071e-23
-5.47503e-24
-2.82318e-24
-6.89379e-24
-8.45472e-24
-1.3073e-23
-1.81994e-23
-2.51126e-23
-3.84406e-06
-3.48015
-18.667
-36.3986
-93.0078
-125.565
-149.158
-165.624
-80.1064
-3.49448
-0.00162685
-21.0024
-119.193
-165.022
-61.2782
-0.368079
-1.19403e-17
-1.34837e-23
-5.0008e-24
-5.75252e-25
-5.68079e-25
-4.98108e-24
-1.34573e-23
-1.21368e-17
-0.367501
-61.7415
-166.628
-120.463
-20.9174
-0.00161191
-3.51698
-80.1005
-165.563
-149.098
-125.516
-93.0863
-36.4439
-19.3837
-4.12398
-4.88536e-06
-2.52089e-23
-1.82607e-23
-1.31014e-23
-8.44985e-24
-6.85469e-24
-1.26327e-23
-1.39912e-23
-1.84899e-23
-2.03605e-23
-2.16167e-23
-3.40589e-16
-0.0264008
-33.8505
-82.053
-130.875
-136.191
-164.202
-104.776
-23.7009
-1.62268e-05
-1.0936e-14
-0.39019
-67.2241
-146.189
-75.7108
-15.9696
-6.70185e-08
-1.65707e-23
-5.9914e-24
-7.05838e-25
-6.9524e-25
-5.96166e-24
-1.65283e-23
-6.70743e-08
-15.779
-76.3913
-147.522
-67.7228
-0.378797
-9.77377e-15
-1.65737e-05
-23.7678
-104.688
-164.127
-136.12
-130.707
-81.86
-34.0064
-0.0294459
-3.59981e-16
-2.17181e-23
-2.04353e-23
-1.85265e-23
-1.39696e-23
-1.25521e-23
-1.81212e-23
-2.43808e-23
-3.07211e-23
-2.82257e-23
-2.24672e-13
-0.00175726
-25.5801
-38.1343
-100.264
-110.034
-129.591
-103.449
-56.4166
-0.0353308
-1.84531e-13
-4.05267e-24
-0.00838042
-40.3274
-139.247
-95.8564
-54.3733
-0.000906879
-2.02026e-23
-7.10289e-24
-9.27622e-25
-9.12347e-25
-7.05905e-24
-2.01453e-23
-0.000885604
-54.8055
-97.0639
-140.929
-41.4738
-0.00824295
-4.06109e-24
-1.87263e-13
-0.0352997
-56.4585
-103.416
-129.585
-109.987
-100.186
-38.2049
-25.8465
-0.0017206
-2.05936e-13
-2.83149e-23
-3.07846e-23
-2.43191e-23
-1.79802e-23
-1.85748e-23
-3.09778e-05
-0.595949
-4.46374
-6.97661
-35.0464
-36.8156
-56.338
-72.9205
-88.8365
-120.498
-78.8024
-14.3805
-2.02289e-07
-4.44627e-24
-5.09931e-24
-6.52638e-05
-45.1378
-116.687
-125.618
-57.8225
-0.0183729
-7.75215e-22
-7.6963e-24
-1.07056e-24
-1.04972e-24
-7.63075e-24
-8.25029e-22
-0.0176602
-58.875
-127.485
-118.97
-45.4333
-6.35593e-05
-5.10858e-24
-4.47157e-24
-2.00904e-07
-14.497
-78.7547
-120.469
-88.825
-72.9168
-56.3573
-36.7867
-35.0001
-6.72879
-4.36114
-0.592716
-3.12199e-05
-1.83882e-23
-8.59582e-24
-0.31487
-68.076
-48.3367
-26.482
-39.9853
-36.3231
-36.0706
-50.6104
-63.1365
-76.4523
-41.9117
-5.27876
-1.03799e-17
-4.01257e-24
-5.22703e-24
-3.59464e-10
-5.03207
-60.0373
-95.1731
-70.9301
-0.795503
-6.66083e-11
-7.9706e-24
-1.16957e-24
-1.14464e-24
-7.84926e-24
-7.18112e-11
-0.779565
-72.8852
-96.4275
-61.508
-5.02736
-3.29252e-10
-5.24214e-24
-4.04288e-24
-1.01592e-17
-5.36343
-41.9197
-76.4646
-63.1495
-50.6275
-36.0842
-36.279
-39.9067
-26.4633
-47.8253
-72.3529
-0.271213
-8.49335e-24
-8.79554e-24
-0.288465
-82.7694
-47.1787
-25.2342
-63.3625
-28.8808
-21.5978
-39.117
-45.4532
-52.9362
-29.1292
-6.87008
-9.83847e-24
-4.2401e-24
-4.79452e-24
-3.51167e-16
-0.100896
-250.724
-127.343
-400.756
-38.0566
-4.63555e-05
-1.45089e-17
-1.34233e-24
-1.33509e-24
-9.85204e-18
-3.94412e-05
-39.8669
-417.633
-133.907
-260.685
-0.101552
-2.58744e-16
-4.81839e-24
-4.28133e-24
-9.90309e-24
-6.92049
-29.1452
-52.9622
-45.4741
-39.1494
-21.6366
-28.8498
-63.2166
-25.1665
-46.4623
-100.428
-0.227193
-8.7481e-24
-1.91846e-23
-2.19672e-05
-0.361678
-2.58657
-14.2665
-21.6322
-11.2445
-21.5184
-36.8353
-32.0933
-38.7751
-22.5717
-1.33805
-1.31292e-23
-5.49287e-24
-5.15696e-24
-1.6882e-07
-1.38154
-129.884
-284.686
-435.653
-198.559
-2.92235
-0.00366021
-6.16603e-09
-8.54041e-09
-0.00298029
-2.33873
-202.814
-442.296
-290.317
-131.648
-1.39991
-1.67382e-07
-5.18978e-24
-5.55274e-24
-1.32183e-23
-1.33989
-22.5936
-38.8077
-32.1035
-36.8258
-21.5552
-11.2322
-21.6656
-13.7425
-2.19685
-0.275702
-1.54574e-05
-1.89903e-23
-1.99159e-23
-2.57851e-23
-3.09306e-23
-2.6534e-23
-1.19422e-09
-0.0636888
-88.1201
-45.6021
-43.8154
-15.1664
-29.2961
-22.3598
-0.890048
-1.02519e-13
-8.22453e-24
-6.84107e-24
-0.00239795
-153.737
-275.776
-175.42
-177.947
-221.128
-220.058
-79.2857
-0.00242044
-0.00494216
-90.2811
-243.875
-229.139
-182.316
-175.86
-273.957
-151.818
-0.0021215
-6.90409e-24
-8.31806e-24
-9.90944e-14
-0.889827
-22.3974
-29.3371
-15.1709
-43.783
-45.5684
-88.5075
-0.0647015
-1.17162e-09
-2.66082e-23
-3.08897e-23
-2.56198e-23
-1.97173e-23
-1.63917e-23
-1.7386e-23
-2.19487e-23
-1.18278e-19
-7.1128e-05
-14.3933
-278.467
-442.142
-236.288
-99.6216
-404.72
-211.64
-18.6157
-6.13774e-05
-1.21344e-21
-1.16914e-23
-0.00832548
-175.34
-345.478
-103.701
-290.162
-226.16
-151.451
-267.361
-0.0567729
-0.150762
-239.103
-165.02
-223.614
-289.308
-103.626
-341.09
-172.804
-0.00675339
-1.18555e-23
-1.1849e-21
-6.1157e-05
-18.5734
-211.996
-405.69
-99.6975
-236.425
-442.196
-278.931
-14.4899
-7.20052e-05
-1.18216e-19
-2.19581e-23
-1.73145e-23
-1.62431e-23
-1.30978e-23
-1.47616e-23
-2.24021e-23
-1.99245e-08
-0.174145
-249.519
-367.003
-246.539
-128.532
-115.251
-546.272
-294.434
-406.519
-0.25029
-1.33383e-08
-2.09681e-23
-4.32397e-06
-0.112111
-0.415793
-0.00709556
-0.00121033
-0.0064287
-0.205521
-0.136987
-6.60526e-05
-0.000245285
-0.390485
-0.358104
-0.00517585
-0.00118075
-0.00715052
-0.37245
-0.0914346
-3.28661e-06
-2.09801e-23
-1.31543e-08
-0.249504
-407.586
-295.019
-547.059
-115.297
-128.6
-246.756
-367.436
-249.885
-0.175592
-2.00447e-08
-2.2443e-23
-1.47315e-23
-1.29972e-23
-1.15499e-23
-1.55455e-23
-2.96093e-23
-3.25424e-05
-157.239
-252.546
-274.934
-201.527
-0.191461
-20.0058
-270.518
-500.758
-151.226
-164.242
-0.00296396
-3.15547e-23
-3.82807e-23
-3.78779e-20
-5.12794e-19
-8.85019e-20
-5.84293e-22
-4.31549e-20
-1.53838e-19
-1.1099e-20
-7.68742e-23
-7.82312e-23
-4.11133e-21
-5.98141e-20
-1.91359e-20
-4.23882e-22
-1.05956e-19
-6.51554e-19
-5.06587e-20
-3.80052e-23
-3.15749e-23
-0.00297363
-164.663
-151.541
-501.582
-271.09
-19.9433
-0.190645
-201.704
-275.227
-252.831
-157.516
-3.27458e-05
-2.96653e-23
-1.55349e-23
-1.1482e-23
-1.133e-23
-1.74467e-23
-3.77718e-23
-0.00333057
-136.817
-209.056
-178.122
-0.0308193
-1.20671e-06
-0.0100962
-57.4219
-171.565
-178.18
-382.636
-0.035279
-3.03629e-22
-3.81228e-23
-4.42174e-23
-5.51016e-23
-6.50986e-23
-7.14588e-23
-7.39503e-23
-7.17597e-23
-6.49786e-23
-5.85977e-23
-5.9006e-23
-6.57138e-23
-7.21497e-23
-7.396e-23
-7.1306e-23
-6.48918e-23
-5.48589e-23
-4.39732e-23
-3.79805e-23
-3.08606e-22
-0.0355809
-383.666
-178.519
-171.695
-57.3388
-0.0100899
-1.20109e-06
-0.0308503
-178.256
-209.248
-136.939
-0.00334386
-3.78215e-23
-1.74424e-23
-1.12829e-23
-1.08322e-23
-1.75973e-23
-3.99495e-23
-0.00275203
-311.975
-165.637
-0.0109028
-8.93911e-09
-4.76029e-23
-2.59411e-08
-0.000341319
-0.00292654
-0.029135
-0.061741
-4.11237e-05
-4.58545e-23
-3.37476e-23
-3.21505e-23
-3.50932e-23
-3.90584e-23
-4.20423e-23
-4.32589e-23
-4.24234e-23
-4.00114e-23
-3.78909e-23
-3.802e-23
-4.02684e-23
-4.26003e-23
-4.32982e-23
-4.19864e-23
-3.89502e-23
-3.49585e-23
-3.20201e-23
-3.36642e-23
-4.58404e-23
-4.16906e-05
-0.062413
-0.0293138
-0.0029142
-0.00034046
-2.606e-08
-4.67026e-23
-8.9415e-09
-0.0109172
-165.711
-312.191
-0.00275794
-3.99812e-23
-1.75938e-23
-1.08003e-23
-8.3804e-24
-1.39605e-23
-3.11846e-23
-1.35914e-06
-0.00284994
-0.000573614
-5.80676e-09
-3.11541e-23
-2.477e-23
-2.51559e-23
-3.15085e-23
-1.24586e-22
-1.94177e-20
-2.72028e-20
-4.03379e-22
-3.11676e-23
-2.36166e-23
-2.05038e-23
-2.01086e-23
-2.08789e-23
-2.17162e-23
-2.20385e-23
-2.16566e-23
-2.07887e-23
-2.00744e-23
-2.01158e-23
-2.08766e-23
-2.1727e-23
-2.20609e-23
-2.16943e-23
-2.08267e-23
-2.00415e-23
-2.04394e-23
-2.35729e-23
-3.11531e-23
-4.15916e-22
-2.79385e-20
-1.98695e-20
-1.26651e-22
-3.15106e-23
-2.51605e-23
-2.47779e-23
-3.11641e-23
-5.80918e-09
-0.00057417
-0.00285375
-1.36131e-06
-3.1199e-23
-1.39577e-23
-8.36127e-24
-4.29434e-24
-7.92982e-24
-1.55662e-23
-2.43231e-23
-2.49518e-23
-2.09804e-23
-1.66536e-23
-1.27622e-23
-1.08217e-23
-1.08224e-23
-1.26851e-23
-1.60142e-23
-1.98014e-23
-2.20375e-23
-2.0912e-23
-1.71744e-23
-1.35037e-23
-1.09638e-23
-9.583e-24
-8.97154e-24
-8.69545e-24
-8.45296e-24
-8.11156e-24
-7.71177e-24
-7.43364e-24
-7.44606e-24
-7.73927e-24
-8.13526e-24
-8.46106e-24
-8.6863e-24
-8.94939e-24
-9.55486e-24
-1.09382e-23
-1.34879e-23
-1.71711e-23
-2.09182e-23
-2.20465e-23
-1.98076e-23
-1.60163e-23
-1.26858e-23
-1.08236e-23
-1.08235e-23
-1.27639e-23
-1.66547e-23
-2.0982e-23
-2.49576e-23
-2.43337e-23
-1.55724e-23
-7.92918e-24
-4.28552e-24
-1.18904e-24
-3.86349e-24
-6.95971e-24
-7.88439e-24
-5.17515e-24
-2.45119e-24
-1.8655e-24
-2.01229e-24
-2.14028e-24
-2.34816e-24
-2.96489e-24
-4.35685e-24
-6.6691e-24
-9.09879e-24
-1.01895e-23
-9.39023e-24
-7.54598e-24
-5.61012e-24
-4.06771e-24
-2.99142e-24
-2.26604e-24
-1.75264e-24
-1.35942e-24
-1.06192e-24
-8.9302e-25
-8.94622e-25
-1.06497e-24
-1.36056e-24
-1.74993e-24
-2.25974e-24
-2.98338e-24
-4.06069e-24
-5.6071e-24
-7.54905e-24
-9.39935e-24
-1.02022e-23
-9.11114e-24
-6.678e-24
-4.36186e-24
-2.9676e-24
-2.34979e-24
-2.14109e-24
-2.01204e-24
-1.86415e-24
-2.45005e-24
-5.17708e-24
-7.89008e-24
-6.96518e-24
-3.86572e-24
-1.1874e-24
-1.19046e-24
-3.86419e-24
-6.9601e-24
-7.8845e-24
-5.17511e-24
-2.45086e-24
-1.86481e-24
-2.01117e-24
-2.13851e-24
-2.34532e-24
-2.96042e-24
-4.35036e-24
-6.66077e-24
-9.08904e-24
-1.01785e-23
-9.37723e-24
-7.52975e-24
-5.58952e-24
-4.04157e-24
-2.95744e-24
-2.22027e-24
-1.69016e-24
-1.27603e-24
-9.56479e-25
-7.69732e-25
-7.63923e-25
-9.41239e-25
-1.25658e-24
-1.67206e-24
-2.20765e-24
-2.95263e-24
-4.04518e-24
-5.60077e-24
-7.54696e-24
-9.39842e-24
-1.02013e-23
-9.11067e-24
-6.67827e-24
-4.36274e-24
-2.96895e-24
-2.3515e-24
-2.14325e-24
-2.01486e-24
-1.86791e-24
-2.4547e-24
-5.18193e-24
-7.89416e-24
-6.96862e-24
-3.86904e-24
-1.19259e-24
-4.29875e-24
-7.93183e-24
-1.55669e-23
-2.43224e-23
-2.49513e-23
-2.09799e-23
-1.66525e-23
-1.276e-23
-1.08176e-23
-1.0815e-23
-1.26728e-23
-1.59962e-23
-1.9779e-23
-2.20121e-23
-2.08834e-23
-1.71394e-23
-1.34578e-23
-1.09051e-23
-9.51027e-24
-8.879e-24
-8.56985e-24
-8.27591e-24
-7.86506e-24
-7.38698e-24
-7.04156e-24
-7.02326e-24
-7.34051e-24
-7.80901e-24
-8.22701e-24
-8.53807e-24
-8.86825e-24
-9.51956e-24
-1.09292e-23
-1.34898e-23
-1.71741e-23
-2.09187e-23
-2.2047e-23
-1.98098e-23
-1.60199e-23
-1.26903e-23
-1.08288e-23
-1.08297e-23
-1.27721e-23
-1.66662e-23
-2.09965e-23
-2.49719e-23
-2.4344e-23
-1.55812e-23
-7.93847e-24
-4.30091e-24
-8.38817e-24
-1.39634e-23
-3.11834e-23
-1.35614e-06
-0.00284372
-0.000572409
-5.79487e-09
-3.11543e-23
-2.47669e-23
-2.51469e-23
-3.14911e-23
-1.27301e-22
-1.99242e-20
-2.79694e-20
-4.15516e-22
-3.11227e-23
-2.35469e-23
-2.04125e-23
-2.00052e-23
-2.07587e-23
-2.15524e-23
-2.17874e-23
-2.12674e-23
-2.02232e-23
-1.93409e-23
-1.92934e-23
-2.01065e-23
-2.11348e-23
-2.16777e-23
-2.14822e-23
-2.07327e-23
-2.00206e-23
-2.04565e-23
-2.36009e-23
-3.11746e-23
-4.24658e-22
-2.84847e-20
-2.02336e-20
-1.28661e-22
-3.15199e-23
-2.5169e-23
-2.47872e-23
-3.11768e-23
-5.81251e-09
-0.000574305
-0.00285343
-1.36078e-06
-3.12069e-23
-1.39707e-23
-8.38622e-24
-1.08436e-23
-1.76002e-23
-3.9943e-23
-0.00274556
-311.933
-165.631
-0.010879
-8.91833e-09
-4.74749e-23
-2.60346e-08
-0.000342103
-0.00292435
-0.0292246
-0.0621392
-4.14937e-05
-4.58234e-23
-3.36543e-23
-3.20226e-23
-3.4983e-23
-3.89738e-23
-4.19348e-23
-4.30386e-23
-4.19665e-23
-3.91932e-23
-3.66787e-23
-3.65572e-23
-3.89103e-23
-4.16761e-23
-4.28195e-23
-4.1799e-23
-3.89208e-23
-3.50101e-23
-3.21056e-23
-3.37451e-23
-4.58932e-23
-4.24579e-05
-0.0633995
-0.0296944
-0.00293046
-0.000342506
-2.61413e-08
-4.68853e-23
-8.93232e-09
-0.0109113
-165.733
-312.16
-0.00275527
-3.99752e-23
-1.76064e-23
-1.08339e-23
-1.13457e-23
-1.74495e-23
-3.77592e-23
-0.00332121
-136.792
-209.014
-178.103
-0.0307205
-1.20447e-06
-0.0100997
-57.3272
-171.702
-178.472
-383.58
-0.0353757
-3.05833e-22
-3.79821e-23
-4.40166e-23
-5.50223e-23
-6.51748e-23
-7.16035e-23
-7.40095e-23
-7.14745e-23
-6.39936e-23
-5.67125e-23
-5.63917e-23
-6.33006e-23
-7.0875e-23
-7.36239e-23
-7.13714e-23
-6.50715e-23
-5.50648e-23
-4.41764e-23
-3.8132e-23
-3.09564e-22
-0.0360284
-383.896
-178.518
-171.776
-57.4646
-0.0101259
-1.2021e-06
-0.030775
-178.228
-209.183
-136.9
-0.00333513
-3.77973e-23
-1.74532e-23
-1.13256e-23
-1.15715e-23
-1.555e-23
-2.95941e-23
-3.24561e-05
-157.168
-252.484
-274.868
-201.49
-0.190431
-20.0365
-270.831
-501.283
-151.432
-164.613
-0.0029515
-3.15889e-23
-3.79762e-23
-5.34697e-20
-6.60597e-19
-1.01208e-19
-2.70298e-22
-2.66506e-19
-2.49965e-18
-3.80357e-19
-1.22867e-22
-7.33409e-23
-1.54533e-20
-1.5787e-19
-3.31574e-20
-3.58753e-22
-7.6165e-20
-4.28926e-19
-3.0755e-20
-3.82465e-23
-3.16504e-23
-0.00298768
-164.445
-151.446
-501.328
-271.046
-19.9727
-0.189998
-201.623
-275.1
-252.71
-157.361
-3.25128e-05
-2.96316e-23
-1.55481e-23
-1.15382e-23
-1.31289e-23
-1.47722e-23
-2.23912e-23
-1.99047e-08
-0.17362
-249.448
-366.909
-246.461
-128.494
-115.326
-546.932
-294.807
-407.33
-0.246707
-1.29821e-08
-2.10098e-23
-2.63638e-06
-0.0774884
-0.335006
-0.00690267
-0.00117014
-0.00844099
-0.128111
-0.0414355
-1.043e-05
-4.99134e-05
-0.100534
-0.160917
-0.00568133
-0.00114042
-0.00697136
-0.377537
-0.0957487
-3.50726e-06
-2.10322e-23
-1.29378e-08
-0.248155
-407.485
-294.878
-546.996
-115.289
-128.529
-246.608
-367.235
-249.725
-0.173921
-1.97926e-08
-2.24168e-23
-1.47579e-23
-1.30762e-23
-1.64363e-23
-1.74103e-23
-2.19475e-23
-1.18405e-19
-7.08744e-05
-14.4347
-278.446
-441.91
-236.255
-99.665
-405.492
-211.88
-18.6165
-6.04315e-05
-1.15194e-21
-1.19932e-23
-0.00576472
-170.752
-341.755
-105.275
-293.991
-231.66
-151.614
-279.607
-0.0102987
-0.0432066
-268.003
-145.185
-233.413
-293.235
-104.277
-344.082
-174.743
-0.0071467
-1.17924e-23
-1.14214e-21
-6.09522e-05
-18.5167
-211.89
-405.867
-99.6572
-236.291
-441.79
-278.82
-14.5154
-7.11059e-05
-1.16405e-19
-2.19524e-23
-1.73721e-23
-1.63565e-23
-1.99728e-23
-2.5844e-23
-3.09479e-23
-2.65031e-23
-1.1757e-09
-0.063939
-88.2047
-45.5694
-43.7845
-15.1673
-29.3235
-22.3859
-0.884016
-9.8852e-14
-8.31031e-24
-6.96427e-24
-0.00199683
-150.95
-271.684
-174.843
-178.49
-222.643
-216.41
-56.2154
-0.000651432
-0.00228197
-71.1854
-206.493
-218.454
-178.106
-176.021
-276.234
-153.053
-0.00219095
-6.88057e-24
-8.29243e-24
-9.83378e-14
-0.883505
-22.3889
-29.3234
-15.1617
-43.7323
-45.5121
-88.572
-0.0645753
-1.12748e-09
-2.65279e-23
-3.09219e-23
-2.57546e-23
-1.98652e-23
-1.92336e-23
-2.54792e-05
-0.405203
-2.75221
-14.3136
-21.6111
-11.1828
-21.5176
-36.7869
-32.091
-38.7969
-22.5878
-1.32982
-1.31674e-23
-5.52842e-24
-5.21163e-24
-1.87223e-07
-1.57615
-128.596
-282.955
-441.158
-201.635
-2.52751
-0.00220888
-4.18435e-09
-7.28751e-09
-0.00295307
-2.29501
-195.166
-430.331
-287.186
-131.07
-1.36375
-1.67192e-07
-5.17958e-24
-5.53752e-24
-1.31979e-23
-1.32808
-22.5865
-38.7924
-32.0817
-36.7636
-21.5427
-11.1687
-21.6228
-13.7758
-2.3601
-0.323433
-1.97222e-05
-1.91279e-23
-8.8013e-24
-0.318348
-76.6959
-47.3465
-25.3199
-63.5823
-28.9663
-21.6364
-39.1418
-45.4744
-52.964
-29.1455
-6.85594
-9.85351e-24
-4.25399e-24
-4.8231e-24
-4.07381e-16
-0.11827
-242.691
-120.389
-390.621
-38.4498
-4.2145e-05
-1.07862e-17
-1.31841e-24
-1.30633e-24
-1.99134e-17
-3.80654e-05
-40.1018
-415.677
-132.284
-261.005
-0.0955376
-2.63969e-16
-4.81137e-24
-4.27115e-24
-9.88822e-24
-6.86836
-29.1419
-52.9567
-45.4717
-39.1555
-21.6649
-28.9497
-63.5035
-25.2833
-46.7211
-86.3928
-0.270993
-8.77383e-24
-8.68584e-24
-0.332187
-66.7623
-48.5753
-26.6527
-40.1131
-36.4059
-36.1372
-50.6668
-63.1836
-76.4926
-41.9312
-5.30249
-1.00952e-17
-4.01672e-24
-5.24516e-24
-4.06462e-10
-5.51296
-59.4702
-95.4729
-69.9839
-0.87486
-5.79681e-11
-8.26298e-24
-1.14483e-24
-1.12405e-24
-8.17106e-24
-5.81837e-11
-0.719564
-72.2988
-95.3016
-61.2596
-4.80565
-3.07524e-10
-5.23693e-24
-4.03521e-24
-9.93948e-18
-5.32664
-41.9225
-76.4753
-63.1729
-50.667
-36.1463
-36.3788
-40.066
-26.691
-48.3022
-69.6824
-0.307833
-8.62958e-24
-1.87999e-23
-2.98489e-05
-0.582987
-4.47855
-7.11263
-35.2499
-36.898
-56.45
-73.0143
-88.9149
-120.541
-78.7527
-14.3917
-1.99618e-07
-4.44267e-24
-5.10551e-24
-6.8064e-05
-45.3511
-115.644
-125.277
-57.1879
-0.019822
-1.2335e-21
-7.83668e-24
-1.05337e-24
-1.03647e-24
-7.78368e-24
-5.87403e-22
-0.0171329
-58.4977
-126.457
-118.355
-45.1011
-6.18889e-05
-5.10797e-24
-4.46479e-24
-1.99047e-07
-14.4369
-78.7032
-120.496
-88.8797
-72.9858
-56.4621
-36.8942
-35.2153
-7.06855
-4.57516
-0.613249
-3.24006e-05
-1.86964e-23
-1.83559e-23
-2.45859e-23
-3.09412e-23
-2.84555e-23
-2.20927e-13
-0.00177003
-26.0851
-38.2366
-100.379
-110.165
-129.795
-103.494
-56.5769
-0.0349544
-1.82495e-13
-4.0463e-24
-0.00861544
-39.5229
-139.492
-95.9523
-54.5192
-0.000923476
-2.03841e-23
-7.17448e-24
-9.18001e-25
-9.05834e-25
-7.1389e-24
-2.03325e-23
-0.000860095
-54.8703
-96.2755
-139.687
-41.5005
-0.00812463
-4.06547e-24
-1.77958e-13
-0.0348349
-56.6233
-103.478
-129.794
-110.089
-100.236
-38.2851
-26.228
-0.00177256
-2.28907e-13
-2.85207e-23
-3.09873e-23
-2.45552e-23
-1.82801e-23
-1.28136e-23
-1.41199e-23
-1.86261e-23
-2.05143e-23
-2.18166e-23
-3.35008e-16
-0.028612
-34.2009
-82.0956
-130.991
-136.322
-164.299
-104.754
-23.648
-1.61038e-05
-1.13031e-14
-0.400079
-67.6302
-146.688
-75.9212
-15.9699
-6.4914e-08
-1.66701e-23
-6.03103e-24
-7.041e-25
-6.96126e-25
-6.00872e-24
-1.66383e-23
-6.50608e-08
-15.7844
-75.6748
-146.125
-67.0178
-0.375337
-9.8833e-15
-1.6018e-05
-23.6629
-104.783
-164.356
-136.323
-130.773
-81.7921
-34.3112
-0.0312749
-3.39723e-16
-2.18871e-23
-2.05673e-23
-1.86545e-23
-1.41123e-23
-1.27727e-23
-6.99983e-24
-8.51246e-24
-1.31105e-23
-1.82119e-23
-2.50968e-23
-4.11947e-06
-3.79875
-18.8755
-36.5524
-93.2111
-125.662
-149.189
-165.577
-80.0521
-3.48788
-0.00162006
-21.2163
-119.503
-165.485
-61.5139
-0.366618
-1.26691e-17
-1.35411e-23
-5.02703e-24
-5.80152e-25
-5.75287e-25
-5.01443e-24
-1.35279e-23
-1.21992e-17
-0.369867
-61.1861
-165.214
-119.45
-20.6976
-0.00161767
-3.49167
-80.0792
-165.652
-149.291
-125.807
-93.4353
-36.8055
-19.6183
-3.86442
-3.93781e-06
-2.51614e-23
-1.82532e-23
-1.31313e-23
-8.51298e-24
-6.98157e-24
-2.87655e-24
-5.46884e-24
-1.07254e-23
-1.85264e-23
-3.1856e-23
-0.082516
-56.8688
-26.0525
-34.51
-96.4554
-130.739
-146.878
-152.487
-145.197
-65.4833
-11.8683
-43.3891
-133.434
-120.095
-40.4593
-0.0356521
-2.28974e-23
-1.20775e-23
-4.60727e-24
-7.94107e-25
-7.91062e-25
-4.5995e-24
-1.20696e-23
-2.28998e-23
-0.0359168
-40.9821
-119.784
-133.561
-43.2741
-11.9468
-65.5207
-145.26
-152.562
-146.994
-130.947
-96.635
-34.7284
-26.1206
-50.1747
-0.0842534
-3.18818e-23
-1.85455e-23
-1.07359e-23
-5.47036e-24
-2.8696e-24
-9.29118e-25
-4.08373e-24
-9.4133e-24
-1.76308e-23
-3.22492e-23
-0.122474
-138.485
-40.7051
-28.1469
-74.4691
-141.944
-156.685
-153.403
-140.409
-117.599
-52.1614
-61.9677
-138.627
-108.91
-50.1906
-0.00139356
-2.14239e-23
-1.13714e-23
-4.823e-24
-1.56477e-24
-1.5627e-24
-4.81722e-24
-1.13627e-23
-2.1411e-23
-0.00137399
-49.6163
-108.655
-138.523
-61.851
-52.194
-117.675
-140.457
-153.445
-156.75
-141.791
-74.7282
-27.7549
-38.7486
-149.232
-0.125498
-3.22155e-23
-1.76218e-23
-9.4125e-24
-4.08383e-24
-9.27677e-25
-1.30847e-24
-4.23435e-24
-8.87712e-24
-1.47274e-23
-2.31392e-23
-1.09336e-05
-0.113935
-0.186307
-0.0259133
-8.79766
-83.4887
-177.856
-165.441
-148.711
-128.357
-105.303
-104.81
-158.249
-99.0332
-40.954
-0.000558634
-1.98698e-23
-1.1194e-23
-5.79408e-24
-3.13422e-24
-3.1329e-24
-5.79019e-24
-1.11868e-23
-1.98541e-23
-0.000566473
-40.7846
-98.6403
-157.863
-104.678
-105.3
-128.374
-148.713
-165.413
-177.758
-83.3629
-8.80142
-0.0230188
-0.169284
-0.109213
-1.07096e-05
-2.30743e-23
-1.47082e-23
-8.87313e-24
-4.23543e-24
-1.31201e-24
-4.09225e-24
-6.50123e-24
-1.08798e-23
-1.40324e-23
-1.53674e-23
-1.52776e-23
-1.01285e-23
-6.36766e-24
-1.26531e-15
-0.00101665
-51.9281
-121.927
-187.573
-164.346
-149.187
-138.485
-142.738
-175.531
-116.923
-71.136
-0.00589349
-1.8175e-23
-1.16638e-23
-7.83133e-24
-5.82185e-24
-5.82118e-24
-7.82978e-24
-1.16622e-23
-1.81744e-23
-0.00601771
-70.7353
-116.889
-175.581
-142.67
-138.437
-149.154
-164.306
-187.49
-121.848
-51.9585
-0.00104844
-1.45277e-15
-6.38264e-24
-1.01338e-23
-1.5244e-23
-1.53511e-23
-1.40295e-23
-1.08836e-23
-6.50754e-24
-4.1025e-24
-8.70559e-24
-1.15816e-23
-1.81438e-23
-2.03895e-23
-1.76169e-23
-1.2668e-23
-7.64262e-24
-4.78544e-24
-4.31641e-24
-1.95984e-09
-0.144469
-42.9055
-165.348
-175.183
-170.083
-164.794
-163.581
-162.898
-138.463
-46.9879
-0.0634855
-8.74584e-23
-1.33317e-23
-1.16114e-23
-1.00222e-23
-1.00217e-23
-1.16108e-23
-1.33327e-23
-1.0497e-22
-0.063981
-46.7382
-138.228
-162.735
-163.458
-164.702
-170.011
-175.126
-165.316
-42.8914
-0.145224
-2.03396e-09
-4.33608e-24
-4.81002e-24
-7.67143e-24
-1.26917e-23
-1.7639e-23
-2.04103e-23
-1.81617e-23
-1.15957e-23
-8.72301e-24
-1.30742e-23
-1.97993e-23
-3.55899e-23
-3.93484e-23
-3.24333e-23
-2.29505e-23
-1.50161e-23
-9.77118e-24
-6.52995e-24
-4.7045e-24
-3.00879e-07
-25.4452
-143.093
-214.511
-194.218
-190.722
-186.999
-182.929
-176.654
-84.4319
-3.64497
-2.69459e-11
-1.80938e-23
-1.86647e-23
-1.59677e-23
-1.59664e-23
-1.86634e-23
-1.80946e-23
-2.90173e-11
-3.62066
-84.1884
-176.276
-182.688
-186.823
-190.585
-194.108
-214.429
-143.068
-25.3363
-3.05147e-07
-4.71515e-24
-6.54936e-24
-9.8022e-24
-1.5059e-23
-2.3001e-23
-3.24864e-23
-3.93972e-23
-3.56265e-23
-1.98213e-23
-1.30957e-23
-1.361e-23
-3.01975e-23
-0.000435247
-1.85696
-1.35798
-0.0550516
-0.0781618
-0.039318
-0.00108735
-0.00032285
-0.000975412
-2.44615
-59.8327
-156.233
-207.5
-220.272
-213.785
-207.641
-228.602
-147.55
-33.8956
-4.43051e-06
-3.61073e-09
-2.85684e-07
-1.20597e-09
-1.17706e-09
-2.78936e-07
-3.53644e-09
-4.5186e-06
-33.6357
-147.365
-228.305
-207.394
-213.575
-220.093
-207.351
-156.101
-59.7635
-2.43846
-0.000993299
-0.000327001
-0.00109743
-0.039474
-0.0782865
-0.0550631
-1.35771
-1.85601
-0.000434974
-3.02247e-23
-1.36287e-23
-8.42746e-24
-3.26484e-23
-0.525811
-87.1245
-28.5108
-7.26181
-22.7348
-35.6573
-31.4757
-35.1543
-36.1628
-26.2023
-39.0354
-135.138
-291.035
-279.738
-245.55
-209.045
-175.416
-138.843
-40.7594
-1.75885
-0.819785
-37.3656
-0.0112732
-0.0112199
-37.4679
-0.819559
-1.7511
-40.6885
-138.662
-175.195
-208.809
-245.311
-279.507
-290.84
-135.058
-39.0227
-26.2245
-36.1907
-35.1812
-31.5004
-35.6866
-22.7534
-7.26748
-28.5342
-87.1917
-0.525435
-3.26701e-23
-8.43667e-24
-7.02817e-24
-4.93537e-23
-1.04659
-5.8956
-29.2884
-29.8311
-56.9062
-88.4517
-84.9336
-88.3856
-89.8014
-86.8543
-104.283
-291.834
-105067
-41569.5
-19497.5
-14240.4
-10236.5
-6124.22
-2440.98
-629.153
-315.319
-145.543
-0.813719
-0.813755
-145.37
-314.893
-627.855
-2436.72
-6115.4
-10223.6
-14224.7
-19479.1
-41538
-104998
-291.726
-104.297
-86.9115
-89.8675
-88.4526
-84.9988
-88.5199
-56.9496
-29.8526
-29.3079
-5.89912
-1.04574
-4.93793e-23
-7.03176e-24
