-2.49723e-06
-6.67453
-32.5255
-11.6284
-22.5413
-32.0752
-61.7069
-75.673
-78.1967
-79.2928
-78.6206
-69.8212
-55.3339
-137.405
-46279.8
-17901
-8189.74
-6033.15
-4580.52
-3233.4
-1859.88
-743.86
-246.779
-91.3489
-10.1351
-10.1351
-91.3489
-246.779
-743.86
-1859.88
-3233.4
-4580.52
-6033.15
-8189.74
-17901
-46279.8
-137.405
-55.3339
-69.8212
-78.6206
-79.2928
-78.1967
-75.673
-61.7069
-32.0752
-22.5413
-11.6284
-32.5255
-6.67453
-2.49723e-06
-2.39923e-05
-7.16733
-30.4524
-20.236
-21.4803
-18.3028
-18.5996
-20.2852
-22.9908
-26.1263
-29.2173
-29.3001
-17.9301
-63.4598
-127.898
-116.545
-99.9634
-84.5195
-71.0693
-57.0205
-39.0502
-10.5736
-0.441985
-1.98548
-8.70578
-8.70578
-1.98548
-0.441985
-10.5736
-39.0502
-57.0205
-71.0693
-84.5195
-99.9634
-116.545
-127.898
-63.4598
-17.9301
-29.3001
-29.2173
-26.1263
-22.9908
-20.2852
-18.5996
-18.3028
-21.4803
-20.236
-30.4524
-7.16733
-2.39923e-05
-0.000174225
-15.8036
-47.1781
-25.2559
-30.0199
-24.9448
-1.26
-0.254949
-0.359584
-0.523719
-2.97817
-17.3489
-34.6675
-74.1487
-87.9961
-87.7106
-82.9479
-79.1984
-77.4007
-71.4357
-47.9278
-16.6307
-0.046675
-5.91521e-05
-0.000125613
-0.000125613
-5.91521e-05
-0.046675
-16.6307
-47.9278
-71.4357
-77.4007
-79.1984
-82.9479
-87.7106
-87.9961
-74.1487
-34.6675
-17.3489
-2.97817
-0.523719
-0.359584
-0.254949
-1.26
-24.9448
-30.0199
-25.2559
-47.1781
-15.8036
-0.000174225
-7.7099e-05
-8.38122
-83.9094
-52.2501
-21.3913
-0.207935
-6.29127e-05
-2.07938e-09
-1.76525e-09
-0.00111382
-6.36059
-40.921
-58.343
-79.2903
-74.991
-70.0389
-68.5105
-72.9998
-80.405
-56.488
-39.2033
-17.7149
-0.00249864
-6.20604e-09
-5.30845e-09
-5.30845e-09
-6.20604e-09
-0.00249864
-17.7149
-39.2033
-56.488
-80.405
-72.9998
-68.5105
-70.0389
-74.991
-79.2903
-58.343
-40.921
-6.36059
-0.00111382
-1.76525e-09
-2.07938e-09
-6.29127e-05
-0.207935
-21.3913
-52.2501
-83.9094
-8.38122
-7.7099e-05
-3.42755e-07
-0.0912053
-3.45881
-1.72089
-0.0206425
-2.04204e-06
-1.18174e-09
-1.41478e-09
-0.000109667
-0.96938
-22.6538
-47.4838
-84.3595
-75.2848
-65.3684
-53.0339
-52.0031
-65.5276
-83.3702
-49.8804
-29.6411
-4.03321
-5.85626e-05
-4.48469e-09
-3.38204e-09
-3.38204e-09
-4.48469e-09
-5.85626e-05
-4.03321
-29.6411
-49.8804
-83.3702
-65.5276
-52.0031
-53.0339
-65.3684
-75.2848
-84.3595
-47.4838
-22.6538
-0.96938
-0.000109667
-1.41478e-09
-1.18174e-09
-2.04204e-06
-0.0206425
-1.72089
-3.45881
-0.0912053
-3.42755e-07
-1.64525e-09
-2.58728e-09
-2.8087e-08
-7.59425e-09
-8.23924e-10
-5.69763e-10
-1.06135e-09
-0.000112688
-0.555292
-19.7085
-37.6454
-76.5108
-80.1565
-73.7055
-56.8361
-28.7512
-34.1834
-58.5005
-77.2969
-43.0165
-23.6197
-0.611122
-1.59576e-08
-3.63922e-09
-2.14325e-09
-2.14325e-09
-3.63922e-09
-1.59576e-08
-0.611122
-23.6197
-43.0165
-77.2969
-58.5005
-34.1834
-28.7512
-56.8361
-73.7055
-80.1565
-76.5108
-37.6454
-19.7085
-0.555292
-0.000112688
-1.06135e-09
-5.69763e-10
-8.23924e-10
-7.59425e-09
-2.8087e-08
-2.58728e-09
-1.64525e-09
-3.84667e-10
-1.34961e-09
-1.73675e-09
-1.34005e-09
-1.09976e-09
-1.30928e-09
-2.42231e-07
-0.0729791
-24.2325
-38.2175
-59.3056
-83.3055
-81.012
-71.4782
-43.1476
-25.798
-35.568
-64.6956
-77.5667
-41.1725
-27.8648
-0.477488
-7.1854e-09
-3.30844e-09
-1.39967e-09
-1.39967e-09
-3.30844e-09
-7.1854e-09
-0.477488
-27.8648
-41.1725
-77.5667
-64.6956
-35.568
-25.798
-43.1476
-71.4782
-81.012
-83.3055
-59.3056
-38.2175
-24.2325
-0.0729791
-2.42231e-07
-1.30928e-09
-1.09976e-09
-1.34005e-09
-1.73675e-09
-1.34961e-09
-3.84667e-10
-8.32032e-10
-0.000134346
-0.0953539
-1.21532
-1.02723
-0.252085
-0.163091
-7.65975
-29.7528
-49.8745
-87.1614
-84.4741
-80.8268
-39.3367
-16.6038
-10.0311
-40.4441
-68.198
-82.2243
-42.2184
-29.3139
-0.767308
-7.9629e-09
-3.27884e-09
-9.81406e-10
-9.81406e-10
-3.27884e-09
-7.9629e-09
-0.767308
-29.3139
-42.2184
-82.2243
-68.198
-40.4441
-10.0311
-16.6038
-39.3367
-80.8268
-84.4741
-87.1614
-49.8745
-29.7528
-7.65975
-0.163091
-0.252085
-1.02723
-1.21532
-0.0953539
-0.000134346
-8.32032e-10
-5.42774e-09
-0.204251
-36.1685
-49.7846
-34.3942
-25.6283
-22.1111
-24.5455
-37.0062
-82.8112
-85.4544
-85.73
-42.4737
-13.5932
-0.507853
-4.56759
-40.9447
-61.9243
-88.1145
-44.5179
-29.2956
-1.0835
-8.77406e-09
-3.39222e-09
-7.5931e-10
-7.5931e-10
-3.39222e-09
-8.77406e-09
-1.0835
-29.2956
-44.5179
-88.1145
-61.9243
-40.9447
-4.56759
-0.507853
-13.5932
-42.4737
-85.73
-85.4544
-82.8112
-37.0062
-24.5455
-22.1111
-25.6283
-34.3942
-49.7846
-36.1685
-0.204251
-5.42774e-09
-1.61538e-06
-4.13284
-60.8065
-30.0629
-32.7554
-36.6001
-41.5436
-44.1744
-64.7704
-81.947
-86.3612
-44.6441
-17.0246
-0.852584
-9.8351e-05
-3.19521
-39.7556
-57.0367
-95.8146
-47.2872
-28.7303
-1.32764
-9.42812e-09
-3.52964e-09
-6.42836e-10
-6.42836e-10
-3.52964e-09
-9.42812e-09
-1.32764
-28.7303
-47.2872
-95.8146
-57.0367
-39.7556
-3.19521
-9.8351e-05
-0.852584
-17.0246
-44.6441
-86.3612
-81.947
-64.7704
-44.1744
-41.5436
-36.6001
-32.7554
-30.0629
-60.8065
-4.13284
-1.61538e-06
-6.48002e-06
-8.80471
-44.8395
-23.0658
-27.314
-28.7083
-35.7461
-33.2496
-67.8712
-81.0735
-45.9168
-23.5578
-3.80943
-0.000242049
-1.16419e-08
-0.939699
-28.3212
-54.7804
-101.185
-48.8365
-28.7307
-1.46059
-9.82395e-09
-3.61892e-09
-5.74908e-10
-5.74908e-10
-3.61892e-09
-9.82395e-09
-1.46059
-28.7307
-48.8365
-101.185
-54.7804
-28.3212
-0.939699
-1.16419e-08
-0.000242049
-3.80943
-23.5578
-45.9168
-81.0735
-67.8712
-33.2496
-35.7461
-28.7083
-27.314
-23.0658
-44.8395
-8.80471
-6.48002e-06
-1.40326e-06
-2.95918
-78.324
-42.232
-35.228
-31.826
-35.183
-37.2258
-72.6764
-48.6496
-35.4984
-19.4395
-0.0122375
-2.6983e-09
-2.22357e-09
-0.153182
-19.1485
-50.347
-97.0595
-47.2862
-29.6027
-1.46155
-9.92003e-09
-3.62487e-09
-5.22606e-10
-5.22606e-10
-3.62487e-09
-9.92003e-09
-1.46155
-29.6027
-47.2862
-97.0595
-50.347
-19.1485
-0.153182
-2.22357e-09
-2.6983e-09
-0.0122375
-19.4395
-35.4984
-48.6496
-72.6764
-37.2258
-35.183
-31.826
-35.228
-42.232
-78.324
-2.95918
-1.40326e-06
-2.47343e-09
-0.043812
-3.80965
-12.793
-15.9847
-17.6301
-37.3869
-52.0895
-65.8938
-41.572
-28.8808
-0.518426
-1.59913e-05
-1.61758e-09
-2.59832e-09
-0.070331
-21.724
-44.377
-87.3154
-43.4084
-31.9479
-1.33728
-9.71923e-09
-3.54223e-09
-4.70072e-10
-4.70072e-10
-3.54223e-09
-9.71923e-09
-1.33728
-31.9479
-43.4084
-87.3154
-44.377
-21.724
-0.070331
-2.59832e-09
-1.61758e-09
-1.59913e-05
-0.518426
-28.8808
-41.572
-65.8938
-52.0895
-37.3869
-17.6301
-15.9847
-12.793
-3.80965
-0.043812
-2.47343e-09
-1.3371e-09
-3.43087e-09
-4.5979e-06
-0.000351429
-0.314327
-21.0271
-43.4165
-73.8447
-48.0457
-27.935
-6.65467
-0.00112463
-2.21059e-09
-1.31372e-09
-2.9679e-09
-0.0880223
-26.4464
-38.4269
-76.6683
-38.7684
-35.5234
-1.10572
-9.2917e-09
-3.40022e-09
-4.16652e-10
-4.16652e-10
-3.40022e-09
-9.2917e-09
-1.10572
-35.5234
-38.7684
-76.6683
-38.4269
-26.4464
-0.0880223
-2.9679e-09
-1.31372e-09
-2.21059e-09
-0.00112463
-6.65467
-27.935
-48.0457
-73.8447
-43.4165
-21.0271
-0.314327
-0.000351429
-4.5979e-06
-3.43087e-09
-1.3371e-09
-5.54878e-10
-2.33014e-09
-4.4464e-09
-0.00224458
-3.18829
-22.9227
-47.1109
-71.2456
-41.8903
-31.3208
-0.15877
-5.67431e-08
-1.30425e-09
-1.1232e-09
-3.33268e-09
-0.118941
-30.5804
-39.0609
-65.9065
-38.2707
-39.1504
-0.850014
-1.12457e-08
-3.27321e-09
-3.76975e-10
-3.76975e-10
-3.27321e-09
-1.12457e-08
-0.850014
-39.1504
-38.2707
-65.9065
-39.0609
-30.5804
-0.118941
-3.33268e-09
-1.1232e-09
-1.30425e-09
-5.67431e-08
-0.15877
-31.3208
-41.8903
-71.2456
-47.1109
-22.9227
-3.18829
-0.00224458
-4.4464e-09
-2.33014e-09
-5.54878e-10
-6.03013e-10
-2.71378e-09
-2.81067e-06
-0.381942
-34.5093
-38.7962
-59.0979
-52.2644
-35.7926
-9.51623
-0.00215495
-2.42664e-09
-6.65151e-10
-1.07429e-09
-2.13594e-08
-0.232413
-36.5402
-55.4094
-54.2364
-57.0199
-42.913
-1.92899
-9.17031e-05
-3.28132e-09
-3.73992e-10
-3.73992e-10
-3.28132e-09
-9.17031e-05
-1.92899
-42.913
-57.0199
-54.2364
-55.4094
-36.5402
-0.232413
-2.13594e-08
-1.07429e-09
-6.65151e-10
-2.42664e-09
-0.00215495
-9.51623
-35.7926
-52.2644
-59.0979
-38.7962
-34.5093
-0.381942
-2.81067e-06
-2.71378e-09
-6.03013e-10
-1.22479e-09
-4.01865e-09
-0.0244335
-18.9211
-17.4409
-25.7873
-46.7841
-32.8777
-18.299
-0.805825
-8.30458e-07
-1.54365e-09
-2.6796e-10
-1.22114e-09
-0.00105692
-3.31468
-52.4777
-83.5959
-75.9508
-85.7057
-61.7363
-18.6981
-0.0338103
-3.56341e-09
-4.18587e-10
-4.18587e-10
-3.56341e-09
-0.0338103
-18.6981
-61.7363
-85.7057
-75.9508
-83.5959
-52.4777
-3.31468
-0.00105692
-1.22114e-09
-2.6796e-10
-1.54365e-09
-8.30458e-07
-0.805825
-18.299
-32.8777
-46.7841
-25.7873
-17.4409
-18.9211
-0.0244335
-4.01865e-09
-1.22479e-09
-1.85709e-09
-8.59706e-05
-2.48299
-37.862
-18.5939
-23.9685
-25.6139
-24.7821
-19.5858
-0.730109
-6.4038e-08
-1.11931e-09
-1.05036e-10
-1.1127e-07
-0.123072
-35.6208
-87.9322
-98.6346
-68.7748
-95.4041
-84.5056
-65.6838
-1.37145
-6.83219e-05
-4.88335e-10
-4.88335e-10
-6.83219e-05
-1.37145
-65.6838
-84.5056
-95.4041
-68.7748
-98.6346
-87.9322
-35.6208
-0.123072
-1.1127e-07
-1.05036e-10
-1.11931e-09
-6.4038e-08
-0.730109
-19.5858
-24.7821
-25.6139
-23.9685
-18.5939
-37.862
-2.48299
-8.59706e-05
-1.85709e-09
-2.0389e-09
-0.0479463
-34.1819
-16.7521
-21.2748
-21.3971
-19.9696
-20.6906
-21.2908
-10.2573
-0.0016302
-1.03403e-09
-1.17409e-10
-0.00204997
-4.6934
-68.2857
-112.062
-115.144
-89.1991
-104.194
-109.369
-89.3953
-18.05
-0.0206613
-5.61564e-10
-5.61564e-10
-0.0206613
-18.05
-89.3953
-109.369
-104.194
-89.1991
-115.144
-112.062
-68.2857
-4.6934
-0.00204997
-1.17409e-10
-1.03403e-09
-0.0016302
-10.2573
-21.2908
-20.6906
-19.9696
-21.3971
-21.2748
-16.7521
-34.1819
-0.0479463
-2.0389e-09
-4.59115e-08
-1.36888
-37.9347
-17.8369
-20.1373
-18.4286
-16.077
-22.7279
-32.417
-54.4213
-0.20578
-1.14821e-09
-2.8179e-09
-0.243577
-33.9843
-78.8779
-111.682
-97.968
-56.9889
-96.429
-116.826
-97.0551
-55.8081
-0.459277
-4.76175e-09
-4.76175e-09
-0.459277
-55.8081
-97.0551
-116.826
-96.429
-56.9889
-97.968
-111.682
-78.8779
-33.9843
-0.243577
-2.8179e-09
-1.14821e-09
-0.20578
-54.4213
-32.417
-22.7279
-16.077
-18.4286
-20.1373
-17.8369
-37.9347
-1.36888
-4.59115e-08
-1.51906e-05
-7.28373
-30.9296
-20.1993
-20.4032
-14.3551
-14.4418
-30.0109
-36.537
-71.039
-2.94844
-2.36161e-08
-1.58648e-05
-4.41294
-47.6955
-56.8493
-84.6577
-71.4174
-47.1933
-78.7749
-108.793
-88.0344
-85.5561
-3.06398
-2.60917e-06
-2.60917e-06
-3.06398
-85.5561
-88.0344
-108.793
-78.7749
-47.1933
-71.4174
-84.6577
-56.8493
-47.6955
-4.41294
-1.58648e-05
-2.36161e-08
-2.94844
-71.039
-36.537
-30.0109
-14.4418
-14.3551
-20.4032
-20.1993
-30.9296
-7.28373
-1.51906e-05
-0.000136455
-17.2853
-41.5896
-22.784
-24.4086
-32.1496
-42.843
-55.581
-68.3995
-103.272
-3.21594
-4.24113e-08
-0.000389398
-18.7365
-45.7533
-37.4796
-52.7034
-21.0845
-1.80024
-15.7327
-74.9785
-62.6388
-77.1652
-10.0793
-2.11419e-05
-2.11419e-05
-10.0793
-77.1652
-62.6388
-74.9785
-15.7327
-1.80024
-21.0845
-52.7034
-37.4796
-45.7533
-18.7365
-0.000389398
-4.24113e-08
-3.21594
-103.272
-68.3995
-55.581
-42.843
-32.1496
-24.4086
-22.784
-41.5896
-17.2853
-0.000136455
-4.94392e-05
-7.65488
-79.1858
-48.1938
-42.8739
-4.61515
-1.61293
-6.09428
-18.8669
-8.19307
-0.0841015
-2.50757e-09
-0.000198027
-13.1128
-62.6898
-46.9968
-22.5358
-0.18765
-0.00101901
-0.0835756
-11.728
-57.1281
-76.6725
-4.31851
-4.82893e-06
-4.82893e-06
-4.31851
-76.6725
-57.1281
-11.728
-0.0835756
-0.00101901
-0.18765
-22.5358
-46.9968
-62.6898
-13.1128
-0.000198027
-2.50757e-09
-0.0841015
-8.19307
-18.8669
-6.09428
-1.61293
-4.61515
-42.8739
-48.1938
-79.1858
-7.65488
-4.94392e-05
-1.1869e-07
-0.0711356
-3.20214
-2.76397
-0.137973
-0.000514876
-5.507e-07
-6.82225e-05
-0.000457426
-9.86516e-05
-1.55475e-07
-1.38047e-09
-6.05191e-07
-0.128547
-4.61776
-2.98731
-0.0573485
-2.01804e-05
-2.91653e-09
-2.85231e-06
-0.019291
-1.13733
-1.68984
-0.0354608
-4.28579e-09
-4.28579e-09
-0.0354608
-1.68984
-1.13733
-0.019291
-2.85231e-06
-2.91653e-09
-2.01804e-05
-0.0573485
-2.98731
-4.61776
-0.128547
-6.05191e-07
-1.38047e-09
-1.55475e-07
-9.86516e-05
-0.000457426
-6.82225e-05
-5.507e-07
-0.000514876
-0.137973
-2.76397
-3.20214
-0.0711356
-1.1869e-07
-5.90406e-10
-1.42445e-09
-1.77333e-08
-9.76753e-09
-8.05222e-10
-8.41567e-10
-8.65627e-10
-9.75682e-10
-1.15804e-09
-1.15196e-09
-6.79685e-10
-1.98418e-10
-4.211e-10
-1.46278e-09
-3.34413e-08
-1.33197e-08
-8.13215e-10
-6.2494e-10
-4.20557e-10
-3.90101e-10
-5.15834e-10
-7.09074e-10
-1.04769e-09
-9.33456e-10
-2.92551e-10
-2.92551e-10
-9.33456e-10
-1.04769e-09
-7.09074e-10
-5.15834e-10
-3.90101e-10
-4.20557e-10
-6.2494e-10
-8.13215e-10
-1.33197e-08
-3.34413e-08
-1.46278e-09
-4.211e-10
-1.98418e-10
-6.79685e-10
-1.15196e-09
-1.15804e-09
-9.75682e-10
-8.65627e-10
-8.41567e-10
-8.05222e-10
-9.76753e-09
-1.77333e-08
-1.42445e-09
-5.90406e-10
-5.90406e-10
-1.42445e-09
-1.77333e-08
-9.76753e-09
-8.05222e-10
-8.41567e-10
-8.65627e-10
-9.75682e-10
-1.15804e-09
-1.15196e-09
-6.79685e-10
-1.98418e-10
-4.211e-10
-1.46278e-09
-3.34413e-08
-1.33197e-08
-8.13215e-10
-6.2494e-10
-4.20557e-10
-3.90101e-10
-5.15834e-10
-7.09074e-10
-1.04769e-09
-9.33456e-10
-2.92551e-10
-2.92551e-10
-9.33456e-10
-1.04769e-09
-7.09074e-10
-5.15834e-10
-3.90101e-10
-4.20557e-10
-6.2494e-10
-8.13215e-10
-1.33197e-08
-3.34413e-08
-1.46278e-09
-4.211e-10
-1.98418e-10
-6.79685e-10
-1.15196e-09
-1.15804e-09
-9.75682e-10
-8.65627e-10
-8.41567e-10
-8.05222e-10
-9.76753e-09
-1.77333e-08
-1.42445e-09
-5.90406e-10
-1.1869e-07
-0.0711356
-3.20214
-2.76397
-0.137973
-0.000514876
-5.507e-07
-6.82225e-05
-0.000457426
-9.86516e-05
-1.55475e-07
-1.38047e-09
-6.05191e-07
-0.128547
-4.61776
-2.98731
-0.0573485
-2.01804e-05
-2.91653e-09
-2.85231e-06
-0.019291
-1.13733
-1.68984
-0.0354608
-4.28579e-09
-4.28579e-09
-0.0354608
-1.68984
-1.13733
-0.019291
-2.85231e-06
-2.91653e-09
-2.01804e-05
-0.0573485
-2.98731
-4.61776
-0.128547
-6.05191e-07
-1.38047e-09
-1.55475e-07
-9.86516e-05
-0.000457426
-6.82225e-05
-5.507e-07
-0.000514876
-0.137973
-2.76397
-3.20214
-0.0711356
-1.1869e-07
-4.94392e-05
-7.65488
-79.1858
-48.1938
-42.8739
-4.61515
-1.61293
-6.09428
-18.8669
-8.19307
-0.0841015
-2.50757e-09
-0.000198027
-13.1128
-62.6898
-46.9968
-22.5358
-0.18765
-0.00101901
-0.0835756
-11.728
-57.1281
-76.6725
-4.31851
-4.82893e-06
-4.82893e-06
-4.31851
-76.6725
-57.1281
-11.728
-0.0835756
-0.00101901
-0.18765
-22.5358
-46.9968
-62.6898
-13.1128
-0.000198027
-2.50757e-09
-0.0841015
-8.19307
-18.8669
-6.09428
-1.61293
-4.61515
-42.8739
-48.1938
-79.1858
-7.65488
-4.94392e-05
-0.000136455
-17.2853
-41.5896
-22.784
-24.4086
-32.1496
-42.843
-55.581
-68.3995
-103.272
-3.21594
-4.24113e-08
-0.000389398
-18.7365
-45.7533
-37.4796
-52.7034
-21.0845
-1.80024
-15.7327
-74.9785
-62.6388
-77.1652
-10.0793
-2.11419e-05
-2.11419e-05
-10.0793
-77.1652
-62.6388
-74.9785
-15.7327
-1.80024
-21.0845
-52.7034
-37.4796
-45.7533
-18.7365
-0.000389398
-4.24113e-08
-3.21594
-103.272
-68.3995
-55.581
-42.843
-32.1496
-24.4086
-22.784
-41.5896
-17.2853
-0.000136455
-1.51906e-05
-7.28373
-30.9296
-20.1993
-20.4032
-14.3551
-14.4418
-30.0109
-36.537
-71.039
-2.94844
-2.36161e-08
-1.58648e-05
-4.41294
-47.6955
-56.8493
-84.6577
-71.4174
-47.1933
-78.7749
-108.793
-88.0344
-85.5561
-3.06398
-2.60917e-06
-2.60917e-06
-3.06398
-85.5561
-88.0344
-108.793
-78.7749
-47.1933
-71.4174
-84.6577
-56.8493
-47.6955
-4.41294
-1.58648e-05
-2.36161e-08
-2.94844
-71.039
-36.537
-30.0109
-14.4418
-14.3551
-20.4032
-20.1993
-30.9296
-7.28373
-1.51906e-05
-4.59115e-08
-1.36888
-37.9347
-17.8369
-20.1373
-18.4286
-16.077
-22.7279
-32.417
-54.4213
-0.20578
-1.14821e-09
-2.8179e-09
-0.243577
-33.9843
-78.8779
-111.682
-97.968
-56.9889
-96.429
-116.826
-97.0551
-55.8081
-0.459277
-4.76175e-09
-4.76175e-09
-0.459277
-55.8081
-97.0551
-116.826
-96.429
-56.9889
-97.968
-111.682
-78.8779
-33.9843
-0.243577
-2.8179e-09
-1.14821e-09
-0.20578
-54.4213
-32.417
-22.7279
-16.077
-18.4286
-20.1373
-17.8369
-37.9347
-1.36888
-4.59115e-08
-2.0389e-09
-0.0479463
-34.1819
-16.7521
-21.2748
-21.3971
-19.9696
-20.6906
-21.2908
-10.2573
-0.0016302
-1.03403e-09
-1.17409e-10
-0.00204997
-4.6934
-68.2857
-112.062
-115.144
-89.1991
-104.194
-109.369
-89.3953
-18.05
-0.0206613
-5.61564e-10
-5.61564e-10
-0.0206613
-18.05
-89.3953
-109.369
-104.194
-89.1991
-115.144
-112.062
-68.2857
-4.6934
-0.00204997
-1.17409e-10
-1.03403e-09
-0.0016302
-10.2573
-21.2908
-20.6906
-19.9696
-21.3971
-21.2748
-16.7521
-34.1819
-0.0479463
-2.0389e-09
-1.85709e-09
-8.59706e-05
-2.48299
-37.862
-18.5939
-23.9685
-25.6139
-24.7821
-19.5858
-0.730109
-6.4038e-08
-1.11931e-09
-1.05036e-10
-1.1127e-07
-0.123072
-35.6208
-87.9322
-98.6346
-68.7748
-95.4041
-84.5056
-65.6838
-1.37145
-6.83219e-05
-4.88335e-10
-4.88335e-10
-6.83219e-05
-1.37145
-65.6838
-84.5056
-95.4041
-68.7748
-98.6346
-87.9322
-35.6208
-0.123072
-1.1127e-07
-1.05036e-10
-1.11931e-09
-6.4038e-08
-0.730109
-19.5858
-24.7821
-25.6139
-23.9685
-18.5939
-37.862
-2.48299
-8.59706e-05
-1.85709e-09
-1.22479e-09
-4.01865e-09
-0.0244335
-18.9211
-17.4409
-25.7873
-46.7841
-32.8777
-18.299
-0.805825
-8.30458e-07
-1.54365e-09
-2.6796e-10
-1.22114e-09
-0.00105692
-3.31468
-52.4777
-83.5959
-75.9508
-85.7057
-61.7363
-18.6981
-0.0338103
-3.56341e-09
-4.18587e-10
-4.18587e-10
-3.56341e-09
-0.0338103
-18.6981
-61.7363
-85.7057
-75.9508
-83.5959
-52.4777
-3.31468
-0.00105692
-1.22114e-09
-2.6796e-10
-1.54365e-09
-8.30458e-07
-0.805825
-18.299
-32.8777
-46.7841
-25.7873
-17.4409
-18.9211
-0.0244335
-4.01865e-09
-1.22479e-09
-6.03013e-10
-2.71378e-09
-2.81067e-06
-0.381942
-34.5093
-38.7962
-59.0979
-52.2644
-35.7926
-9.51623
-0.00215495
-2.42664e-09
-6.65151e-10
-1.07429e-09
-2.13594e-08
-0.232413
-36.5402
-55.4094
-54.2364
-57.0199
-42.913
-1.92899
-9.17031e-05
-3.28132e-09
-3.73992e-10
-3.73992e-10
-3.28132e-09
-9.17031e-05
-1.92899
-42.913
-57.0199
-54.2364
-55.4094
-36.5402
-0.232413
-2.13594e-08
-1.07429e-09
-6.65151e-10
-2.42664e-09
-0.00215495
-9.51623
-35.7926
-52.2644
-59.0979
-38.7962
-34.5093
-0.381942
-2.81067e-06
-2.71378e-09
-6.03013e-10
-5.54878e-10
-2.33014e-09
-4.4464e-09
-0.00224458
-3.18829
-22.9227
-47.1109
-71.2456
-41.8903
-31.3208
-0.15877
-5.67431e-08
-1.30425e-09
-1.1232e-09
-3.33268e-09
-0.118941
-30.5804
-39.0609
-65.9065
-38.2707
-39.1504
-0.850014
-1.12457e-08
-3.27321e-09
-3.76975e-10
-3.76975e-10
-3.27321e-09
-1.12457e-08
-0.850014
-39.1504
-38.2707
-65.9065
-39.0609
-30.5804
-0.118941
-3.33268e-09
-1.1232e-09
-1.30425e-09
-5.67431e-08
-0.15877
-31.3208
-41.8903
-71.2456
-47.1109
-22.9227
-3.18829
-0.00224458
-4.4464e-09
-2.33014e-09
-5.54878e-10
-1.3371e-09
-3.43087e-09
-4.5979e-06
-0.000351429
-0.314327
-21.0271
-43.4165
-73.8447
-48.0457
-27.935
-6.65467
-0.00112463
-2.21059e-09
-1.31372e-09
-2.9679e-09
-0.0880223
-26.4464
-38.4269
-76.6683
-38.7684
-35.5234
-1.10572
-9.2917e-09
-3.40022e-09
-4.16652e-10
-4.16652e-10
-3.40022e-09
-9.2917e-09
-1.10572
-35.5234
-38.7684
-76.6683
-38.4269
-26.4464
-0.0880223
-2.9679e-09
-1.31372e-09
-2.21059e-09
-0.00112463
-6.65467
-27.935
-48.0457
-73.8447
-43.4165
-21.0271
-0.314327
-0.000351429
-4.5979e-06
-3.43087e-09
-1.3371e-09
-2.47343e-09
-0.043812
-3.80965
-12.793
-15.9847
-17.6301
-37.3869
-52.0895
-65.8938
-41.572
-28.8808
-0.518426
-1.59913e-05
-1.61758e-09
-2.59832e-09
-0.070331
-21.724
-44.377
-87.3154
-43.4084
-31.9479
-1.33728
-9.71923e-09
-3.54223e-09
-4.70072e-10
-4.70072e-10
-3.54223e-09
-9.71923e-09
-1.33728
-31.9479
-43.4084
-87.3154
-44.377
-21.724
-0.070331
-2.59832e-09
-1.61758e-09
-1.59913e-05
-0.518426
-28.8808
-41.572
-65.8938
-52.0895
-37.3869
-17.6301
-15.9847
-12.793
-3.80965
-0.043812
-2.47343e-09
-1.40326e-06
-2.95918
-78.324
-42.232
-35.228
-31.826
-35.183
-37.2258
-72.6764
-48.6496
-35.4984
-19.4395
-0.0122375
-2.6983e-09
-2.22357e-09
-0.153182
-19.1485
-50.347
-97.0595
-47.2862
-29.6027
-1.46155
-9.92003e-09
-3.62487e-09
-5.22606e-10
-5.22606e-10
-3.62487e-09
-9.92003e-09
-1.46155
-29.6027
-47.2862
-97.0595
-50.347
-19.1485
-0.153182
-2.22357e-09
-2.6983e-09
-0.0122375
-19.4395
-35.4984
-48.6496
-72.6764
-37.2258
-35.183
-31.826
-35.228
-42.232
-78.324
-2.95918
-1.40326e-06
-6.48002e-06
-8.80471
-44.8395
-23.0658
-27.314
-28.7083
-35.7461
-33.2496
-67.8712
-81.0735
-45.9168
-23.5578
-3.80943
-0.000242049
-1.16419e-08
-0.939699
-28.3212
-54.7804
-101.185
-48.8365
-28.7307
-1.46059
-9.82395e-09
-3.61892e-09
-5.74908e-10
-5.74908e-10
-3.61892e-09
-9.82395e-09
-1.46059
-28.7307
-48.8365
-101.185
-54.7804
-28.3212
-0.939699
-1.16419e-08
-0.000242049
-3.80943
-23.5578
-45.9168
-81.0735
-67.8712
-33.2496
-35.7461
-28.7083
-27.314
-23.0658
-44.8395
-8.80471
-6.48002e-06
-1.61538e-06
-4.13284
-60.8065
-30.0629
-32.7554
-36.6001
-41.5436
-44.1744
-64.7704
-81.947
-86.3612
-44.6441
-17.0246
-0.852584
-9.8351e-05
-3.19521
-39.7556
-57.0367
-95.8146
-47.2872
-28.7303
-1.32764
-9.42812e-09
-3.52964e-09
-6.42836e-10
-6.42836e-10
-3.52964e-09
-9.42812e-09
-1.32764
-28.7303
-47.2872
-95.8146
-57.0367
-39.7556
-3.19521
-9.8351e-05
-0.852584
-17.0246
-44.6441
-86.3612
-81.947
-64.7704
-44.1744
-41.5436
-36.6001
-32.7554
-30.0629
-60.8065
-4.13284
-1.61538e-06
-5.42774e-09
-0.204251
-36.1685
-49.7846
-34.3942
-25.6283
-22.1111
-24.5455
-37.0062
-82.8112
-85.4544
-85.73
-42.4737
-13.5932
-0.507853
-4.56759
-40.9447
-61.9243
-88.1145
-44.5179
-29.2956
-1.0835
-8.77406e-09
-3.39222e-09
-7.5931e-10
-7.5931e-10
-3.39222e-09
-8.77406e-09
-1.0835
-29.2956
-44.5179
-88.1145
-61.9243
-40.9447
-4.56759
-0.507853
-13.5932
-42.4737
-85.73
-85.4544
-82.8112
-37.0062
-24.5455
-22.1111
-25.6283
-34.3942
-49.7846
-36.1685
-0.204251
-5.42774e-09
-8.32032e-10
-0.000134346
-0.0953539
-1.21532
-1.02723
-0.252085
-0.163091
-7.65975
-29.7528
-49.8745
-87.1614
-84.4741
-80.8268
-39.3367
-16.6038
-10.0311
-40.4441
-68.198
-82.2243
-42.2184
-29.3139
-0.767308
-7.9629e-09
-3.27884e-09
-9.81406e-10
-9.81406e-10
-3.27884e-09
-7.9629e-09
-0.767308
-29.3139
-42.2184
-82.2243
-68.198
-40.4441
-10.0311
-16.6038
-39.3367
-80.8268
-84.4741
-87.1614
-49.8745
-29.7528
-7.65975
-0.163091
-0.252085
-1.02723
-1.21532
-0.0953539
-0.000134346
-8.32032e-10
-3.84667e-10
-1.34961e-09
-1.73675e-09
-1.34005e-09
-1.09976e-09
-1.30928e-09
-2.42231e-07
-0.0729791
-24.2325
-38.2175
-59.3056
-83.3055
-81.012
-71.4782
-43.1476
-25.798
-35.568
-64.6956
-77.5667
-41.1725
-27.8648
-0.477488
-7.1854e-09
-3.30844e-09
-1.39967e-09
-1.39967e-09
-3.30844e-09
-7.1854e-09
-0.477488
-27.8648
-41.1725
-77.5667
-64.6956
-35.568
-25.798
-43.1476
-71.4782
-81.012
-83.3055
-59.3056
-38.2175
-24.2325
-0.0729791
-2.42231e-07
-1.30928e-09
-1.09976e-09
-1.34005e-09
-1.73675e-09
-1.34961e-09
-3.84667e-10
-1.64525e-09
-2.58728e-09
-2.8087e-08
-7.59425e-09
-8.23924e-10
-5.69763e-10
-1.06135e-09
-0.000112688
-0.555292
-19.7085
-37.6454
-76.5108
-80.1565
-73.7055
-56.8361
-28.7512
-34.1834
-58.5005
-77.2969
-43.0165
-23.6197
-0.611122
-1.59576e-08
-3.63922e-09
-2.14325e-09
-2.14325e-09
-3.63922e-09
-1.59576e-08
-0.611122
-23.6197
-43.0165
-77.2969
-58.5005
-34.1834
-28.7512
-56.8361
-73.7055
-80.1565
-76.5108
-37.6454
-19.7085
-0.555292
-0.000112688
-1.06135e-09
-5.69763e-10
-8.23924e-10
-7.59425e-09
-2.8087e-08
-2.58728e-09
-1.64525e-09
-3.42755e-07
-0.0912053
-3.45881
-1.72089
-0.0206425
-2.04204e-06
-1.18174e-09
-1.41478e-09
-0.000109667
-0.96938
-22.6538
-47.4838
-84.3595
-75.2848
-65.3684
-53.0339
-52.0031
-65.5276
-83.3702
-49.8804
-29.6411
-4.03321
-5.85626e-05
-4.48469e-09
-3.38204e-09
-3.38204e-09
-4.48469e-09
-5.85626e-05
-4.03321
-29.6411
-49.8804
-83.3702
-65.5276
-52.0031
-53.0339
-65.3684
-75.2848
-84.3595
-47.4838
-22.6538
-0.96938
-0.000109667
-1.41478e-09
-1.18174e-09
-2.04204e-06
-0.0206425
-1.72089
-3.45881
-0.0912053
-3.42755e-07
-7.7099e-05
-8.38122
-83.9094
-52.2501
-21.3913
-0.207935
-6.29127e-05
-2.07938e-09
-1.76525e-09
-0.00111382
-6.36059
-40.921
-58.343
-79.2903
-74.991
-70.0389
-68.5105
-72.9998
-80.405
-56.488
-39.2033
-17.7149
-0.00249864
-6.20604e-09
-5.30845e-09
-5.30845e-09
-6.20604e-09
-0.00249864
-17.7149
-39.2033
-56.488
-80.405
-72.9998
-68.5105
-70.0389
-74.991
-79.2903
-58.343
-40.921
-6.36059
-0.00111382
-1.76525e-09
-2.07938e-09
-6.29127e-05
-0.207935
-21.3913
-52.2501
-83.9094
-8.38122
-7.7099e-05
-0.000174225
-15.8036
-47.1781
-25.2559
-30.0199
-24.9448
-1.26
-0.254949
-0.359584
-0.523719
-2.97817
-17.3489
-34.6675
-74.1487
-87.9961
-87.7106
-82.9479
-79.1984
-77.4007
-71.4357
-47.9278
-16.6307
-0.046675
-5.91521e-05
-0.000125613
-0.000125613
-5.91521e-05
-0.046675
-16.6307
-47.9278
-71.4357
-77.4007
-79.1984
-82.9479
-87.7106
-87.9961
-74.1487
-34.6675
-17.3489
-2.97817
-0.523719
-0.359584
-0.254949
-1.26
-24.9448
-30.0199
-25.2559
-47.1781
-15.8036
-0.000174225
-2.39923e-05
-7.16733
-30.4524
-20.236
-21.4803
-18.3028
-18.5996
-20.2852
-22.9908
-26.1263
-29.2173
-29.3001
-17.9301
-63.4598
-127.898
-116.545
-99.9634
-84.5195
-71.0693
-57.0205
-39.0502
-10.5736
-0.441985
-1.98548
-8.70578
-8.70578
-1.98548
-0.441985
-10.5736
-39.0502
-57.0205
-71.0693
-84.5195
-99.9634
-116.545
-127.898
-63.4598
-17.9301
-29.3001
-29.2173
-26.1263
-22.9908
-20.2852
-18.5996
-18.3028
-21.4803
-20.236
-30.4524
-7.16733
-2.39923e-05
-2.49723e-06
-6.67453
-32.5255
-11.6284
-22.5413
-32.0752
-61.7069
-75.673
-78.1967
-79.2928
-78.6206
-69.8212
-55.3339
-137.405
-46279.8
-17901
-8189.74
-6033.15
-4580.52
-3233.4
-1859.88
-743.86
-246.779
-91.3489
-10.1351
-10.1351
-91.3489
-246.779
-743.86
-1859.88
-3233.4
-4580.52
-6033.15
-8189.74
-17901
-46279.8
-137.405
-55.3339
-69.8212
-78.6206
-79.2928
-78.1967
-75.673
-61.7069
-32.0752
-22.5413
-11.6284
-32.5255
-6.67453
-2.49723e-06
