-7.83521e-24
-5.72551e-23
-0.0168869
-107.906
-284.542
-304.906
-714.23
-431.342
-342.608
-357.587
-365.075
-272.761
-133.451
-302.229
-106108
-41852.5
-19559.8
-14244.3
-10193.5
-6065.62
-2400.22
-612.886
-304.271
-137.514
-0.685073
-0.681574
-137.262
-303.78
-611.645
-2396.82
-6059.88
-10187.2
-14239.6
-19557
-41848.5
-106094
-302.108
-133.479
-267.935
-356.436
-348.093
-332.846
-417.894
-713.125
-304.004
-283.69
-107.609
-0.0174479
-5.71078e-23
-7.81534e-24
-8.97813e-24
-3.36746e-23
-0.0126638
-269.096
-218.267
-70.7431
-229.417
-110.119
-57.4036
-55.4141
-63.6811
-70.977
-34.9227
-134.079
-292.085
-281.075
-246.665
-209.454
-174.886
-137.797
-40.1226
-1.67267
-0.807133
-51.4786
-0.00670369
-0.00666636
-51.6928
-0.807035
-1.66499
-40.0692
-137.687
-174.789
-209.405
-246.663
-281.098
-292.088
-134.063
-34.8944
-69.0091
-60.9462
-52.9952
-55.1919
-107.513
-228.706
-70.4966
-217.444
-268.152
-0.0130902
-3.35704e-23
-8.93691e-24
-1.28709e-23
-2.73575e-23
-1.95319e-05
-0.0405987
-0.0206424
-0.000149644
-0.000432807
-0.00118006
-0.000257667
-0.000138248
-0.000341926
-1.91432
-60.2173
-156.768
-208.642
-221.901
-215.572
-208.854
-227.584
-145.837
-29.4368
-3.90336e-06
-1.15129e-09
-7.99272e-08
-3.34865e-10
-3.37247e-10
-8.04782e-08
-1.15835e-09
-3.78279e-06
-29.1476
-145.694
-227.435
-208.843
-215.625
-221.978
-208.714
-156.82
-60.2469
-1.8903
-0.000354222
-0.000146195
-0.000271248
-0.00122775
-0.000448365
-0.000154833
-0.021366
-0.0420148
-2.0205e-05
-2.72543e-23
-1.28003e-23
-1.19725e-23
-1.85484e-23
-3.33353e-23
-1.30042e-22
-9.52244e-23
-3.35507e-23
-2.51205e-23
-1.81507e-23
-1.2829e-23
-9.34463e-24
-4.08858e-07
-25.9983
-145.983
-217.488
-196.064
-192.783
-189.949
-186.269
-174.168
-78.5303
-2.60187
-3.33339e-11
-1.81038e-23
-1.83227e-23
-1.55357e-23
-1.55319e-23
-1.83196e-23
-1.81077e-23
-3.20672e-11
-2.53885
-78.1678
-173.925
-186.357
-190.085
-192.921
-196.208
-217.692
-146.139
-25.6705
-3.84278e-07
-9.22251e-24
-1.26737e-23
-1.79261e-23
-2.48191e-23
-3.32296e-23
-1.05583e-22
-1.43896e-22
-3.32001e-23
-1.84727e-23
-1.19005e-23
-8.08479e-24
-1.16364e-23
-1.94274e-23
-2.4771e-23
-2.56191e-23
-2.25737e-23
-1.80852e-23
-1.42961e-23
-1.28912e-23
-3.14704e-09
-0.175891
-41.0493
-165.559
-176.583
-171.502
-166.53
-167.879
-173.855
-135.988
-62.6303
-0.0402036
-2.04424e-22
-1.32494e-23
-1.13624e-23
-9.70019e-24
-9.69852e-24
-1.136e-23
-1.32499e-23
-2.03762e-22
-0.0390456
-63.0228
-135.854
-174.321
-168.124
-166.708
-171.669
-176.742
-165.651
-41.0126
-0.170535
-2.95587e-09
-1.26465e-23
-1.39529e-23
-1.76344e-23
-2.22885e-23
-2.54552e-23
-2.46807e-23
-1.93752e-23
-1.16002e-23
-8.03739e-24
-4.01842e-24
-7.15273e-24
-1.2845e-23
-1.80428e-23
-2.14698e-23
-2.2831e-23
-2.09655e-23
-1.7639e-23
-1.63176e-16
-0.00156847
-53.4404
-124.491
-191.047
-166.487
-150.094
-138.047
-144.785
-184.766
-118.968
-62.0215
-0.00435546
-1.79399e-23
-1.14129e-23
-7.55456e-24
-5.53476e-24
-5.53248e-24
-7.54835e-24
-1.14033e-23
-1.79265e-23
-0.00419238
-61.2404
-119.142
-185.281
-144.989
-138.207
-150.271
-166.698
-191.372
-124.739
-53.1849
-0.00149303
-1.56981e-16
-1.70632e-23
-2.00938e-23
-2.28448e-23
-2.15637e-23
-1.81093e-23
-1.28769e-23
-7.15846e-24
-4.0044e-24
-1.47616e-24
-5.02411e-24
-1.06711e-23
-1.74675e-23
-2.53766e-23
-3.73633e-06
-0.0145901
-0.0185829
-0.00711067
-22.3
-71.1738
-172.753
-166.621
-151.654
-129.648
-100.324
-104.025
-163.918
-100.117
-39.9655
-0.000557351
-1.91187e-23
-1.06775e-23
-5.42663e-24
-2.84679e-24
-2.84309e-24
-5.41469e-24
-1.0653e-23
-1.90669e-23
-0.000525315
-40.0941
-99.93
-163.832
-104.039
-100.434
-129.816
-151.849
-166.85
-172.966
-71.0956
-22.0513
-0.00668662
-0.0348493
-0.0460922
-1.54715e-05
-2.59761e-23
-1.77056e-23
-1.07683e-23
-5.0572e-24
-1.48295e-24
-1.00165e-24
-4.8642e-24
-1.11659e-23
-1.99146e-23
-3.25336e-23
-0.0192012
-147.332
-200.243
-97.1007
-51.1974
-119.185
-155.992
-157.504
-147.347
-112.528
-46.3519
-60.8569
-169.249
-117.255
-44.8094
-0.000612499
-2.02056e-23
-1.05532e-23
-4.34499e-24
-1.28491e-24
-1.28034e-24
-4.33018e-24
-1.05238e-23
-2.01496e-23
-0.000581695
-44.7463
-117.11
-169.559
-60.8005
-46.4674
-112.793
-147.529
-157.739
-156.268
-119.208
-51.3964
-93.8525
-212.554
-170.848
-0.0569049
-3.30969e-23
-2.01435e-23
-1.12529e-23
-4.88969e-24
-1.00133e-24
-2.48292e-24
-6.2238e-24
-1.30763e-23
-2.25379e-23
-3.60941e-23
-0.0105609
-170.164
-189.094
-102.529
-74.1344
-146.295
-157.346
-160.974
-142.238
-84.5503
-10.9955
-99.6354
-169.098
-152.729
-80.0188
-0.00934425
-2.12363e-23
-1.08821e-23
-4.00981e-24
-5.69392e-25
-5.64831e-25
-3.99573e-24
-1.08584e-23
-2.12081e-23
-0.00920213
-80.2207
-153.178
-170.026
-100.384
-11.0371
-84.4406
-142.579
-161.229
-157.631
-146.631
-74.2716
-104.978
-198.411
-172.769
-0.0215154
-3.61174e-23
-2.25582e-23
-1.30729e-23
-6.2074e-24
-2.45084e-24
-5.54213e-24
-8.9419e-24
-1.62173e-23
-2.48957e-23
-3.55604e-23
-4.43026e-07
-0.14586
-167.427
-69.9651
-104.077
-157.51
-167.165
-171.181
-75.9363
-2.59123
-0.000392031
-12.8975
-132.59
-186.795
-77.4422
-0.131816
-9.8374e-17
-1.16685e-23
-4.27896e-24
-5.00332e-25
-4.96168e-25
-4.26603e-24
-1.16476e-23
-8.61344e-17
-0.129227
-78.2949
-186.973
-133.227
-12.6344
-0.000381648
-2.61
-76.1809
-171.56
-167.434
-157.81
-104.345
-70.7625
-164.895
-0.124528
-4.35819e-07
-3.52704e-23
-2.47317e-23
-1.61101e-23
-8.87468e-24
-5.47516e-24
-9.49658e-24
-1.3292e-23
-2.17233e-23
-2.89073e-23
-3.53079e-23
-3.45599e-14
-0.00368828
-87.4797
-52.5026
-135.922
-161.546
-185.878
-107.164
-22.4935
-1.20073e-05
-3.64275e-14
-0.181286
-65.7828
-159.518
-80.1121
-7.59298
-4.9735e-08
-1.34969e-23
-5.10529e-24
-9.16428e-25
-9.13024e-25
-5.09295e-24
-1.34703e-23
-4.85374e-08
-7.3838
-79.7168
-159.314
-65.7305
-0.173271
-3.03294e-14
-1.22657e-05
-22.5889
-107.424
-185.991
-161.431
-135.964
-51.8105
-85.982
-0.0034151
-3.50383e-14
-3.49459e-23
-2.86275e-23
-2.15216e-23
-1.31844e-23
-9.41589e-24
-1.28884e-23
-2.01685e-23
-4.70453e-22
-7.71568e-20
-9.19084e-12
-0.000318154
-9.42462
-113.894
-86.5744
-148.9
-170.582
-115.305
-66.4827
-0.0226056
-1.43397e-13
-3.60897e-24
-0.00262302
-84.4185
-164.404
-130.175
-62.5542
-0.000337462
-1.55214e-23
-6.16809e-24
-1.62558e-24
-1.62432e-24
-6.15933e-24
-1.54941e-23
-0.00032931
-62.6915
-129.991
-164.165
-84.5832
-0.00263346
-3.605e-24
-1.49689e-13
-0.0228882
-66.6882
-115.329
-170.27
-148.826
-86.6232
-113.449
-9.63373
-0.000333903
-1.01694e-11
-1.12662e-19
-8.41842e-22
-2.00415e-23
-1.28326e-23
-1.30587e-23
-1.28348e-06
-0.0219852
-0.195507
-0.248743
-18.4106
-217.172
-241.192
-102.876
-128.446
-142.572
-78.1397
-5.57229
-1.48851e-07
-3.60363e-24
-3.77297e-24
-1.65795e-05
-34.6673
-150.461
-164.797
-76.0453
-0.00906382
-1.59801e-23
-7.14761e-24
-2.49367e-24
-2.49751e-24
-7.14797e-24
-1.59757e-23
-0.00884497
-75.7868
-164.69
-150.395
-34.7063
-1.62744e-05
-3.77751e-24
-3.61302e-24
-1.50911e-07
-5.649
-77.4882
-142.715
-128.218
-101.213
-237.141
-216.609
-18.2274
-0.264808
-0.214488
-0.0243816
-1.45802e-06
-1.30633e-23
-7.39328e-24
-0.0138424
-202.343
-206.249
-148.852
-224.296
-227.652
-305.535
-348.499
-184.599
-137.772
-196.348
-0.194533
-8.17822e-16
-2.32933e-24
-3.11263e-24
-3.68873e-10
-5.17109
-61.6648
-107.505
-31.2665
-4.81765
-1.22594e-11
-8.62177e-24
-3.53701e-24
-3.55291e-24
-8.62551e-24
-1.50007e-11
-5.14333
-31.1026
-107.294
-61.5262
-5.58578
-2.90221e-10
-3.12547e-24
-2.34245e-24
-8.3737e-16
-0.197803
-194.946
-136.519
-182.713
-343.623
-305.476
-227.425
-224.148
-149.256
-207.271
-202.751
-0.0125982
-7.43255e-24
-3.68113e-24
-0.0129168
-163.646
-180.391
-136.961
-395.344
-230.441
-225.812
-510.104
-581.445
-593.292
-253.137
-0.0295187
-3.91175e-20
-1.36187e-24
-2.50172e-24
-3.66887e-18
-0.885729
-36.6669
-76.0023
-47.2746
-33.5231
-0.00050732
-6.91876e-21
-4.57777e-24
-4.63716e-24
-5.00448e-21
-0.000436411
-33.1688
-47.0119
-75.6246
-36.4926
-0.998014
-1.70252e-18
-2.51038e-24
-1.37823e-24
-4.02818e-20
-0.0298128
-252.845
-588.611
-577.51
-509.808
-225.516
-230.333
-395.09
-136.967
-181.201
-165.852
-0.0101467
-3.70077e-24
-3.55936e-24
-1.3837e-06
-0.0168881
-0.119248
-0.253858
-7.62367
-106.987
-204.208
-407.917
-476.194
-472.173
-221.615
-0.00219985
-1.34567e-21
-6.79602e-25
-2.89056e-24
-6.65496e-07
-13.7477
-20.1675
-35.5672
-40.5725
-17.1388
-21.5228
-0.00475871
-7.40347e-10
-3.53569e-09
-0.00665453
-19.1147
-17.0429
-40.4036
-35.3773
-19.9408
-14.2435
-5.64466e-07
-2.86781e-24
-6.96206e-25
-1.38329e-21
-0.00223245
-221.911
-472.962
-476.852
-407.483
-203.971
-106.661
-7.56519
-0.259177
-0.10314
-0.0126216
-9.00165e-07
-3.62142e-24
-3.04508e-24
-1.15488e-23
-2.00675e-23
-1.91568e-19
-6.11433e-10
-0.280703
-16.7661
-27.6046
-37.4469
-65.6241
-37.4485
-59.8498
-0.0521057
-3.04537e-15
-5.24376e-25
-3.82172e-24
-0.0137409
-47.3539
-44.3036
-17.2683
-17.4981
-22.0133
-28.5114
-111.408
-0.00173507
-0.0036382
-106.672
-28.3377
-22.0198
-17.5132
-17.3648
-43.5043
-47.2477
-0.0098916
-3.75104e-24
-5.50436e-25
-3.05285e-15
-0.0532211
-59.1774
-37.5161
-65.0298
-37.4091
-27.5365
-16.8177
-0.280179
-6.06059e-10
-2.05725e-19
-2.543e-23
-1.15651e-23
-3.09665e-24
-2.51651e-24
-9.9453e-24
-1.98835e-23
-2.76429e-23
-0.00084362
-45.0358
-27.1945
-42.2594
-32.7996
-14.7692
-46.4101
-22.6733
-21.4544
-0.000588337
-2.46906e-24
-5.90359e-24
-0.0466525
-72.5308
-50.3761
-6.28355
-22.8928
-16.2347
-18.9928
-94.0435
-0.0786041
-0.139996
-129.732
-18.5451
-16.4871
-22.9762
-6.40953
-49.6962
-94.4252
-0.0304808
-5.82525e-24
-2.54241e-24
-0.000607419
-21.6869
-22.7596
-46.569
-14.7798
-32.7904
-42.2093
-27.1829
-44.8838
-0.000838476
-2.74925e-23
-1.97693e-23
-9.92275e-24
-2.54704e-24
-2.52001e-24
-1.14823e-23
-2.72624e-23
-1.24162e-06
-14.3069
-26.8223
-40.4185
-29.6251
-18.3972
-9.03628
-55.153
-32.0583
-50.2493
-5.50087
-2.70189e-07
-1.28602e-23
-1.31686e-05
-1.35614
-10.265
-1.18385
-0.642576
-2.29087
-6.26054
-1.1832
-0.000253914
-0.000388462
-1.3301
-5.82151
-1.85715
-0.645637
-1.24049
-9.02032
-0.997365
-7.68367e-06
-1.27662e-23
-2.77793e-07
-5.65841
-50.488
-32.1883
-55.3394
-9.04392
-18.3739
-29.597
-40.3892
-26.8002
-14.2323
-1.23692e-06
-2.71581e-23
-1.14524e-23
-2.53885e-24
-3.11606e-24
-1.43513e-23
-3.81006e-23
-0.00655049
-18.7874
-27.6924
-29.8082
-24.4691
-3.54125
-27.9936
-34.6994
-48.335
-18.3394
-26.7134
-0.170012
-2.41314e-23
-3.63857e-23
-6.14764e-23
-8.19732e-23
-9.37573e-23
-1.00694e-22
-1.05409e-22
-1.0584e-22
-9.55829e-23
-7.80383e-23
-7.76039e-23
-9.46042e-23
-1.05316e-22
-1.05431e-22
-1.00823e-22
-9.38176e-23
-8.17196e-23
-6.09757e-23
-3.60515e-23
-2.41659e-23
-0.174731
-26.8374
-18.4163
-48.5073
-34.8958
-27.9436
-3.53113
-24.4514
-29.7889
-27.6743
-18.7636
-0.00651978
-3.80091e-23
-1.43267e-23
-3.13361e-24
-4.27235e-24
-1.67804e-23
-4.60154e-23
-0.721567
-16.0212
-24.1448
-20.8657
-2.61034
-1.23113e-05
-0.0190624
-77.2281
-10.0316
-18.9285
-61.9207
-2.49562
-4.26045e-23
-3.64541e-23
-4.37965e-23
-5.33159e-23
-6.05607e-23
-6.52609e-23
-6.77195e-23
-6.73165e-23
-6.31293e-23
-5.77549e-23
-5.76002e-23
-6.27838e-23
-6.70592e-23
-6.76243e-23
-6.52253e-23
-6.04914e-23
-5.31405e-23
-4.35677e-23
-3.63265e-23
-4.26903e-23
-2.55962
-62.3624
-18.997
-10.036
-76.7864
-0.0192942
-1.22867e-05
-2.60728
-20.8581
-24.1349
-16.0149
-0.718971
-4.5952e-23
-1.67678e-23
-4.29279e-24
-5.46552e-24
-1.72179e-23
-4.65952e-23
-0.542512
-37.9762
-21.1996
-1.25774
-7.51084e-07
-2.30251e-23
-2.53327e-09
-0.00128713
-0.123817
-3.36732
-4.53934
-0.00246764
-4.83106e-23
-3.37636e-23
-3.17794e-23
-3.39941e-23
-3.68281e-23
-3.90191e-23
-4.01366e-23
-3.99125e-23
-3.83893e-23
-3.67054e-23
-3.66479e-23
-3.8256e-23
-3.97874e-23
-4.00539e-23
-3.89571e-23
-3.67546e-23
-3.38914e-23
-3.16746e-23
-3.37162e-23
-4.8376e-23
-0.00253201
-4.64497
-3.42593
-0.125112
-0.00130146
-2.57064e-09
-2.304e-23
-7.51427e-07
-1.25734
-21.2007
-37.9704
-0.541433
-4.65654e-23
-1.7217e-23
-5.48702e-24
-5.28454e-24
-1.42685e-23
-3.67691e-23
-0.000269275
-0.579917
-0.110448
-7.22796e-07
-2.47649e-23
-1.81186e-23
-2.1075e-23
-2.9697e-23
-3.90423e-23
-4.68951e-23
-5.11098e-23
-4.60434e-23
-3.20667e-23
-2.37271e-23
-2.02857e-23
-1.95289e-23
-1.98369e-23
-2.03204e-23
-2.05463e-23
-2.03324e-23
-1.97433e-23
-1.91851e-23
-1.91632e-23
-1.96899e-23
-2.02733e-23
-2.04951e-23
-2.02745e-23
-1.97887e-23
-1.94767e-23
-2.02428e-23
-2.37156e-23
-3.21037e-23
-4.61299e-23
-5.11925e-23
-4.69586e-23
-3.90973e-23
-2.97433e-23
-2.11053e-23
-1.81375e-23
-2.4783e-23
-7.23264e-07
-0.110414
-0.579395
-0.00026889
-3.6765e-23
-1.42741e-23
-5.3029e-24
-3.22965e-24
-8.72601e-24
-1.86879e-23
-2.98418e-23
-2.88617e-23
-2.2646e-23
-1.62838e-23
-1.0801e-23
-8.37992e-24
-8.71928e-24
-1.09905e-23
-1.41217e-23
-1.74091e-23
-2.007e-23
-2.00544e-23
-1.67483e-23
-1.32258e-23
-1.07313e-23
-9.29359e-24
-8.55007e-24
-8.14736e-24
-7.84844e-24
-7.53486e-24
-7.20591e-24
-6.97205e-24
-6.96398e-24
-7.18535e-24
-7.50946e-24
-7.82327e-24
-8.12334e-24
-8.5269e-24
-9.27334e-24
-1.07202e-23
-1.32314e-23
-1.67739e-23
-2.00945e-23
-2.01092e-23
-1.74413e-23
-1.41484e-23
-1.10118e-23
-8.73563e-24
-8.39335e-24
-1.08147e-23
-1.63008e-23
-2.26655e-23
-2.88771e-23
-2.98468e-23
-1.86904e-23
-8.73081e-24
-3.2412e-24
-1.24096e-24
-4.92035e-24
-9.08952e-24
-1.01271e-23
-6.09961e-24
-2.52092e-24
-1.84507e-24
-1.71971e-24
-1.48986e-24
-1.4486e-24
-1.8246e-24
-2.80072e-24
-4.5814e-24
-6.93048e-24
-8.57118e-24
-8.40715e-24
-7.01608e-24
-5.33906e-24
-3.90986e-24
-2.8554e-24
-2.11425e-24
-1.58737e-24
-1.20091e-24
-9.25423e-25
-7.73317e-25
-7.70645e-25
-9.18547e-25
-1.19225e-24
-1.57884e-24
-2.1069e-24
-2.8502e-24
-3.90863e-24
-5.34458e-24
-7.03052e-24
-8.4297e-24
-8.59692e-24
-6.95269e-24
-4.59747e-24
-2.81165e-24
-1.8321e-24
-1.45433e-24
-1.49496e-24
-1.72505e-24
-1.85119e-24
-2.52713e-24
-6.10332e-24
-1.01267e-23
-9.08796e-24
-4.92045e-24
-1.24437e-24
-1.24547e-24
-4.92461e-24
-9.09627e-24
-1.01374e-23
-6.11241e-24
-2.53341e-24
-1.85538e-24
-1.72775e-24
-1.49665e-24
-1.45516e-24
-1.83144e-24
-2.8077e-24
-4.58798e-24
-6.93603e-24
-8.57482e-24
-8.4077e-24
-7.01367e-24
-5.33574e-24
-3.90927e-24
-2.86191e-24
-2.13195e-24
-1.61948e-24
-1.24887e-24
-9.8763e-25
-8.44429e-25
-8.42751e-25
-9.8386e-25
-1.24553e-24
-1.61843e-24
-2.13395e-24
-2.86725e-24
-3.91849e-24
-5.34971e-24
-7.03278e-24
-8.43037e-24
-8.59679e-24
-6.95224e-24
-4.59672e-24
-2.81063e-24
-1.83101e-24
-1.45332e-24
-1.49401e-24
-1.72399e-24
-1.84979e-24
-2.52528e-24
-6.10141e-24
-1.01254e-23
-9.08674e-24
-4.91891e-24
-1.24147e-24
-3.24158e-24
-8.73754e-24
-1.87075e-23
-2.98753e-23
-2.89052e-23
-2.26876e-23
-1.63159e-23
-1.0824e-23
-8.39897e-24
-8.73837e-24
-1.10115e-23
-1.41442e-23
-1.74311e-23
-2.00894e-23
-2.00672e-23
-1.67479e-23
-1.32129e-23
-1.07135e-23
-9.28353e-24
-8.56199e-24
-8.19449e-24
-7.94228e-24
-7.68255e-24
-7.40418e-24
-7.20239e-24
-7.19703e-24
-7.3926e-24
-7.67309e-24
-7.93983e-24
-8.19939e-24
-8.57248e-24
-9.29795e-24
-1.07313e-23
-1.32344e-23
-1.67721e-23
-2.00905e-23
-2.01054e-23
-1.74377e-23
-1.41444e-23
-1.10079e-23
-8.73242e-24
-8.39073e-24
-1.0812e-23
-1.62971e-23
-2.26605e-23
-2.88728e-23
-2.98459e-23
-1.86887e-23
-8.72688e-24
-3.23264e-24
-5.29965e-24
-1.42834e-23
-3.67971e-23
-0.000269478
-0.580419
-0.110562
-7.23649e-07
-2.47983e-23
-1.81452e-23
-2.11046e-23
-2.97345e-23
-3.9086e-23
-4.69416e-23
-5.11568e-23
-4.60796e-23
-3.20626e-23
-2.36877e-23
-2.02297e-23
-1.94841e-23
-1.98307e-23
-2.03764e-23
-2.06902e-23
-2.05889e-23
-2.01158e-23
-1.96333e-23
-1.96143e-23
-2.00757e-23
-2.05561e-23
-2.06773e-23
-2.03806e-23
-1.98446e-23
-1.95016e-23
-2.02487e-23
-2.37096e-23
-3.20894e-23
-4.61099e-23
-5.1177e-23
-4.69482e-23
-3.90878e-23
-2.97343e-23
-2.10993e-23
-1.8134e-23
-2.478e-23
-7.23471e-07
-0.110486
-0.579918
-0.000269202
-3.67699e-23
-1.42703e-23
-5.28949e-24
-5.47897e-24
-1.72297e-23
-4.66143e-23
-0.542752
-38.0004
-21.2158
-1.25892
-7.51973e-07
-2.30497e-23
-2.51919e-09
-0.0012885
-0.12433
-3.40748
-4.61016
-0.0025112
-4.83091e-23
-3.36738e-23
-3.16444e-23
-3.38714e-23
-3.67625e-23
-3.90393e-23
-4.02917e-23
-4.02788e-23
-3.90101e-23
-3.74992e-23
-3.74379e-23
-3.88897e-23
-4.01914e-23
-4.02619e-23
-3.90471e-23
-3.6785e-23
-3.38935e-23
-3.1662e-23
-3.36927e-23
-4.83386e-23
-0.0025509
-4.67409
-3.44364
-0.125189
-0.00130183
-2.56431e-09
-2.30377e-23
-7.51798e-07
-1.25837
-21.203
-37.9791
-0.542281
-4.65897e-23
-1.72183e-23
-5.47104e-24
-4.28196e-24
-1.67862e-23
-4.60197e-23
-0.721705
-16.0286
-24.1552
-20.8747
-2.6116
-1.23228e-05
-0.0191135
-77.1804
-10.0433
-18.9852
-62.3136
-2.5344
-4.26169e-23
-3.6281e-23
-4.35148e-23
-5.30546e-23
-6.03824e-23
-6.51574e-23
-6.77658e-23
-6.77327e-23
-6.41172e-23
-5.9154e-23
-5.89564e-23
-6.37746e-23
-6.75366e-23
-6.77334e-23
-6.51957e-23
-6.04335e-23
-5.3089e-23
-4.35275e-23
-3.62895e-23
-4.26425e-23
-2.56535
-62.5433
-18.998
-10.0356
-76.8741
-0.0192581
-1.22972e-05
-2.60919
-20.8647
-24.1438
-16.021
-0.720984
-4.60019e-23
-1.67781e-23
-4.27726e-24
-3.12247e-24
-1.43524e-23
-3.80933e-23
-0.00655388
-18.7878
-27.6999
-29.8149
-24.4681
-3.53971
-28.0146
-34.792
-48.4406
-18.3894
-26.7944
-0.172596
-2.41219e-23
-3.60301e-23
-6.08974e-23
-8.15069e-23
-9.34472e-23
-1.00313e-22
-1.04989e-22
-1.05991e-22
-9.70295e-23
-8.05771e-23
-7.98881e-23
-9.60759e-23
-1.05627e-22
-1.05068e-22
-1.00464e-22
-9.35751e-23
-8.15747e-23
-6.08996e-23
-3.60137e-23
-2.41321e-23
-0.174156
-26.7928
-18.4061
-48.4763
-34.875
-27.9628
-3.52915
-24.4553
-29.8024
-27.6884
-18.7827
-0.00654511
-3.80815e-23
-1.43467e-23
-3.12001e-24
-2.52535e-24
-1.14826e-23
-2.72528e-23
-1.24346e-06
-14.3101
-26.8276
-40.4266
-29.6146
-18.3703
-9.0525
-55.2885
-32.137
-50.4074
-5.58184
-2.7299e-07
-1.2765e-23
-7.66242e-06
-0.958536
-8.51034
-1.1656
-0.617753
-1.89429
-9.91072
-3.07666
-0.000996099
-0.000612438
-1.9527
-7.12901
-1.81819
-0.620314
-1.21
-8.87639
-0.986691
-7.69324e-06
-1.27535e-23
-2.73624e-07
-5.61879
-50.4718
-32.1696
-55.3291
-9.04489
-18.3528
-29.596
-40.4128
-26.8184
-14.2996
-1.2416e-06
-2.72433e-23
-1.14773e-23
-2.52397e-24
-2.52282e-24
-9.94903e-24
-1.98824e-23
-2.762e-23
-0.000844903
-44.9437
-27.2199
-42.2348
-32.7796
-14.7751
-46.5226
-22.7218
-21.6331
-0.000599035
-2.52912e-24
-5.84649e-24
-0.0309811
-93.3991
-49.0239
-6.31828
-22.9612
-16.7689
-20.8563
-58.959
-0.439994
-0.227733
-82.0011
-19.297
-16.2317
-22.8502
-6.39671
-49.4297
-95.2046
-0.0306553
-5.83018e-24
-2.53666e-24
-0.000603576
-21.6735
-22.7413
-46.5752
-14.7677
-32.7559
-42.1989
-27.2248
-44.9561
-0.000845214
-2.76154e-23
-1.98682e-23
-9.94234e-24
-2.52234e-24
-3.05227e-24
-1.15591e-23
-2.00921e-23
-1.88998e-19
-6.0954e-10
-0.281702
-16.86
-27.5714
-37.4162
-65.3078
-37.4712
-59.4708
-0.052753
-3.05765e-15
-5.46055e-25
-3.76755e-24
-0.0102798
-45.6686
-43.7474
-17.3035
-18.0164
-23.2137
-32.3559
-66.0592
-0.0150726
-0.00553636
-86.5723
-29.549
-22.1421
-17.5191
-17.3093
-43.5946
-46.8025
-0.00997195
-3.75545e-24
-5.4876e-25
-2.97267e-15
-0.0528217
-59.2432
-37.4701
-65.0825
-37.3655
-27.5283
-16.8878
-0.283214
-5.89209e-10
-1.83664e-19
-2.00565e-23
-1.15504e-23
-3.05388e-24
-3.56258e-24
-1.23523e-06
-0.0156049
-0.11424
-0.257479
-7.56161
-106.817
-204.274
-407.575
-476.49
-472.373
-221.584
-0.00221762
-1.36146e-21
-6.93449e-25
-2.87559e-24
-6.18718e-07
-14.287
-20.246
-35.9318
-41.3953
-17.6075
-19.3919
-0.0183643
-2.4299e-08
-5.34696e-09
-0.00923766
-18.9164
-17.0232
-40.3248
-35.3122
-19.9232
-13.9621
-5.70503e-07
-2.86893e-24
-6.95193e-25
-1.34807e-21
-0.00221466
-221.671
-472.356
-476.224
-407.025
-204.25
-106.653
-7.47933
-0.251708
-0.110218
-0.0149624
-1.18981e-06
-3.56797e-24
-3.66449e-24
-0.013002
-162.881
-178.173
-136.009
-392.771
-229.674
-225.663
-509.849
-577.745
-589.164
-252.593
-0.0296744
-3.96586e-20
-1.37522e-24
-2.5137e-24
-2.97847e-18
-0.973814
-36.9521
-76.7467
-47.8381
-31.7351
-0.000464264
-5.43273e-21
-5.37227e-24
-5.04563e-24
-8.6226e-21
-0.0004681
-31.9521
-46.8414
-75.4087
-36.397
-0.940267
-1.83152e-18
-2.50882e-24
-1.37746e-24
-3.95013e-20
-0.0296291
-252.731
-589.525
-578.244
-510.141
-226.113
-230.435
-394.249
-136.563
-178.236
-163.615
-0.0120105
-3.67492e-24
-7.28785e-24
-0.0152962
-200.265
-203.685
-148.313
-222.959
-226.697
-305.24
-343.374
-182.6
-136.463
-194.893
-0.196934
-8.21763e-16
-2.33899e-24
-3.13216e-24
-3.41611e-10
-5.5185
-62.0131
-108.123
-31.615
-5.00251
-1.25648e-11
-8.60918e-24
-3.91448e-24
-3.80636e-24
-8.48959e-24
-1.51139e-11
-4.93049
-30.9843
-106.947
-61.3428
-5.37321
-3.04175e-10
-3.12319e-24
-2.34207e-24
-8.05311e-16
-0.196678
-195.11
-136.714
-182.913
-344.254
-305.839
-227.272
-223.722
-149.432
-205.335
-201.799
-0.0136597
-7.3452e-24
-1.27445e-23
-1.64941e-06
-0.026226
-0.220012
-0.262082
-18.2474
-215.906
-236.263
-101.066
-128.108
-142.49
-77.4997
-5.62669
-1.49928e-07
-3.60646e-24
-3.78411e-24
-1.69328e-05
-34.9931
-150.808
-165.133
-76.374
-0.00900205
-1.55689e-23
-7.10903e-24
-2.67311e-24
-2.63341e-24
-7.06081e-24
-1.56122e-23
-0.00872197
-75.4822
-164.235
-149.953
-34.5661
-1.61027e-05
-3.77865e-24
-3.61295e-24
-1.49761e-07
-5.62548
-77.6226
-142.539
-128.289
-101.402
-237.359
-216.546
-18.3954
-0.264086
-0.208348
-0.0234242
-1.3889e-06
-1.29292e-23
-1.25256e-23
-1.98067e-23
-6.24028e-22
-9.6583e-20
-1.05368e-11
-0.000342462
-9.74565
-113.276
-86.5467
-148.76
-170.278
-115.307
-66.6416
-0.0227689
-1.49023e-13
-3.60711e-24
-0.00267808
-84.1971
-164.897
-130.234
-61.9224
-0.000335973
-1.52775e-23
-6.12889e-24
-1.7077e-24
-1.69057e-24
-6.10047e-24
-1.5265e-23
-0.000328452
-62.207
-129.788
-163.71
-84.4925
-0.00261019
-3.61062e-24
-1.44506e-13
-0.0226805
-66.6198
-115.326
-170.413
-148.934
-86.699
-113.577
-9.70581
-0.000335687
-1.03658e-11
-9.49149e-20
-5.7204e-22
-2.00032e-23
-1.27294e-23
-9.19043e-24
-1.3054e-23
-2.14497e-23
-2.85601e-23
-3.47963e-23
-3.92241e-14
-0.00338144
-85.8627
-51.651
-135.966
-161.5
-186.039
-107.392
-22.5291
-1.21751e-05
-3.33269e-14
-0.181894
-66.2211
-160.107
-80.4895
-7.57904
-4.91193e-08
-1.33483e-23
-5.06746e-24
-9.46887e-25
-9.385e-25
-5.04982e-24
-1.33297e-23
-4.93574e-08
-7.40152
-79.4959
-158.82
-65.4352
-0.174539
-3.30718e-14
-1.20314e-05
-22.5242
-107.34
-186.004
-161.511
-136.082
-51.8534
-86.4149
-0.00352809
-3.59394e-14
-3.49899e-23
-2.86797e-23
-2.15568e-23
-1.31682e-23
-9.352e-24
-5.34396e-24
-8.82046e-24
-1.61107e-23
-2.47777e-23
-3.53192e-23
-5.51978e-07
-0.136321
-170.908
-71.5349
-104.376
-158.045
-167.538
-171.531
-76.0364
-2.58349
-0.000392528
-12.9965
-133.098
-187.556
-77.0553
-0.132906
-8.745e-17
-1.15635e-23
-4.23942e-24
-5.01736e-25
-4.97521e-25
-4.23001e-24
-1.15553e-23
-9.8855e-17
-0.129121
-78.1455
-186.273
-132.592
-12.6224
-0.000383011
-2.59496
-76.0476
-171.44
-167.411
-157.86
-104.302
-70.9076
-166.267
-0.127371
-4.3531e-07
-3.52734e-23
-2.47542e-23
-1.61249e-23
-8.86735e-24
-5.44047e-24
-2.4007e-24
-6.21661e-24
-1.31608e-23
-2.27768e-23
-3.65822e-23
-0.0276975
-185.825
-204.547
-106.491
-74.2483
-146.753
-157.774
-161.385
-142.462
-84.9285
-10.9942
-99.401
-169.539
-152.91
-80.0673
-0.0093908
-2.11069e-23
-1.07983e-23
-3.96867e-24
-5.54566e-25
-5.52477e-25
-3.96395e-24
-1.07948e-23
-2.11113e-23
-0.0091839
-80.0636
-152.841
-169.365
-100.226
-11.0146
-84.6272
-142.442
-161.212
-157.588
-146.535
-74.1949
-104.827
-198.766
-171.332
-0.0198277
-3.61235e-23
-2.25755e-23
-1.30845e-23
-6.20699e-24
-2.43599e-24
-1.00203e-24
-4.93496e-24
-1.13875e-23
-2.04529e-23
-3.38043e-23
-0.0732439
-173.163
-217.796
-94.1923
-51.5955
-119.32
-156.45
-157.898
-147.672
-112.611
-46.3199
-61.2834
-169.639
-117.649
-44.8256
-0.000595639
-2.00969e-23
-1.04825e-23
-4.30377e-24
-1.26134e-24
-1.26038e-24
-4.30149e-24
-1.048e-23
-2.00936e-23
-0.000595718
-44.6378
-116.814
-169.115
-60.4824
-46.5607
-112.719
-147.603
-157.736
-156.237
-119.319
-51.3745
-95.2194
-214.2
-171.521
-0.0501157
-3.31411e-23
-2.01712e-23
-1.12689e-23
-4.89571e-24
-1.00002e-24
-1.49681e-24
-5.10115e-24
-1.08768e-23
-1.79271e-23
-2.64241e-23
-1.89324e-05
-0.0569585
-0.0413869
-0.00690649
-21.9086
-71.1317
-173.108
-167.002
-151.977
-129.881
-100.56
-104.454
-164.387
-100.336
-39.9823
-0.000532762
-1.90322e-23
-1.06194e-23
-5.38746e-24
-2.81891e-24
-2.81869e-24
-5.38708e-24
-1.06193e-23
-1.90314e-23
-0.000546394
-39.961
-99.7638
-163.451
-103.695
-100.26
-129.812
-151.833
-166.802
-172.924
-71.2243
-22.3961
-0.00699462
-0.0336755
-0.0411616
-1.29542e-05
-2.60321e-23
-1.77384e-23
-1.07879e-23
-5.06778e-24
-1.4902e-24
-4.0013e-24
-7.17397e-24
-1.29169e-23
-1.81721e-23
-2.16318e-23
-2.28377e-23
-1.96097e-23
-1.67247e-23
-1.57911e-16
-0.00147788
-53.0901
-124.841
-191.556
-166.863
-150.425
-138.408
-145.285
-185.526
-119.43
-61.8438
-0.00420823
-1.78848e-23
-1.1369e-23
-7.51887e-24
-5.50501e-24
-5.50527e-24
-7.51994e-24
-1.13717e-23
-1.78904e-23
-0.00431139
-61.4402
-118.78
-184.656
-144.61
-137.987
-150.145
-166.589
-191.182
-124.572
-53.2964
-0.00156517
-1.83667e-16
-1.70695e-23
-2.01446e-23
-2.28961e-23
-2.16022e-23
-1.81375e-23
-1.28965e-23
-7.17089e-24
-4.01574e-24
-8.00493e-24
-1.15779e-23
-1.93417e-23
-2.46148e-23
-2.53316e-23
-2.20847e-23
-1.73429e-23
-1.3725e-23
-1.24753e-23
-2.91614e-09
-0.169523
-41.0641
-165.83
-176.946
-171.878
-166.934
-168.344
-174.38
-136.283
-62.7472
-0.0393085
-1.88039e-22
-1.32158e-23
-1.1329e-23
-9.66933e-24
-9.66975e-24
-1.13305e-23
-1.32194e-23
-2.15496e-22
-0.0397471
-62.8739
-135.657
-173.886
-167.785
-166.46
-171.494
-176.621
-165.615
-41.0568
-0.173125
-3.1043e-09
-1.26375e-23
-1.3946e-23
-1.76405e-23
-2.23038e-23
-2.54751e-23
-2.47011e-23
-1.93925e-23
-1.16122e-23
-8.04914e-24
-1.18457e-23
-1.84161e-23
-3.30965e-23
-1.49363e-22
-1.09576e-22
-3.29741e-23
-2.45846e-23
-1.77504e-23
-1.25541e-23
-9.1392e-24
-3.83064e-07
-25.6541
-146.319
-217.979
-196.47
-193.194
-190.371
-186.666
-174.425
-78.5687
-2.55948
-3.134e-11
-1.80751e-23
-1.82879e-23
-1.55031e-23
-1.55034e-23
-1.82888e-23
-1.80769e-23
-3.34929e-11
-2.56944
-78.1823
-173.768
-186.069
-189.795
-192.669
-196.002
-217.495
-146.02
-25.7585
-3.99477e-07
-9.21296e-24
-1.26581e-23
-1.79079e-23
-2.48049e-23
-3.32237e-23
-1.00294e-22
-1.36801e-22
-3.32145e-23
-1.8483e-23
-1.19102e-23
-1.27449e-23
-2.71741e-23
-2.05131e-05
-0.0426425
-0.0216746
-0.000156912
-0.000454561
-0.00124779
-0.00027754
-0.000149898
-0.000360971
-1.90027
-60.3742
-157.071
-208.999
-222.302
-215.975
-209.238
-227.975
-146.082
-29.3075
-3.77781e-06
-1.15983e-09
-8.06262e-08
-3.37802e-10
-3.30879e-10
-7.9e-08
-1.13935e-09
-3.8739e-06
-29.2474
-145.539
-227.177
-208.579
-215.352
-221.721
-208.506
-156.688
-60.1971
-1.91197
-0.000363564
-0.000149594
-0.000275769
-0.00123075
-0.000446719
-0.00015382
-0.0212343
-0.0417752
-2.00999e-05
-2.72627e-23
-1.28067e-23
-8.9043e-24
-3.34894e-23
-0.0132891
-267.392
-216.758
-70.2894
-228.059
-106.127
-54.0884
-51.8073
-59.5857
-67.9051
-34.9065
-134.201
-292.42
-281.495
-247.062
-209.796
-175.165
-138.013
-40.1735
-1.67099
-0.806603
-51.5498
-0.00668145
-0.00667011
-51.5492
-0.80635
-1.66658
-40.0393
-137.547
-174.603
-209.169
-246.386
-280.8
-291.817
-133.952
-34.8693
-69.0514
-61.0008
-53.0362
-55.2179
-107.516
-228.675
-70.4936
-217.441
-268.174
-0.0130281
-3.35769e-23
-8.93989e-24
-7.80014e-24
-5.69945e-23
-0.0177134
-107.375
-283.005
-303.232
-711.723
-410.947
-327.803
-343.17
-351.915
-265.064
-133.414
-302.206
-106202
-41899.5
-19587.6
-14265.6
-10208.4
-6073.63
-2402.55
-612.977
-304.141
-137.392
-0.682376
-0.683802
-137.262
-303.728
-611.544
-2395.38
-6054.71
-10177.3
-14224.8
-19536.6
-41808.1
-105998
-301.89
-133.411
-268.002
-356.559
-348.221
-332.974
-418.019
-713.04
-303.999
-283.707
-107.619
-0.0173667
-5.71157e-23
-7.81651e-24
