-2.73254e-09
-0.505546
-133.494
-152.282
-173.177
-182.459
-225.742
-198.591
-188.1
-178.46
-170.062
-154.748
-67.9872
-150.678
-54174.1
-21484.6
-10151.2
-7562.89
-5727.03
-3956.83
-2184.27
-842.376
-292.337
-113.926
-7.34296
-7.34296
-113.926
-292.337
-842.376
-2184.27
-3956.83
-5727.03
-7562.89
-10151.2
-21484.6
-54174.1
-150.678
-67.9872
-154.748
-170.062
-178.46
-188.1
-198.591
-225.742
-182.459
-173.177
-152.282
-133.494
-0.505546
-2.73254e-09
-3.30498e-09
-1.68916
-107.981
-110.579
-134.283
-91.2581
-69.6468
-56.3227
-53.8285
-52.4527
-53.2574
-56.2362
-21.9445
-66.0598
-150.685
-144.286
-126.119
-107.609
-90.5958
-71.7538
-44.0547
-10.9401
-0.49608
-3.99102
-1.63862
-1.63862
-3.99102
-0.49608
-10.9401
-44.0547
-71.7538
-90.5958
-107.609
-126.119
-144.286
-150.685
-66.0598
-21.9445
-56.2362
-53.2574
-52.4527
-53.8285
-56.3227
-69.6468
-91.2581
-134.283
-110.579
-107.981
-1.68916
-3.30498e-09
-5.06486e-10
-1.09406
-104.115
-102.076
-70.8861
-6.71689
-0.325856
-0.165967
-0.171139
-0.164591
-0.390654
-10.9653
-45.3026
-80.6281
-112.161
-112.987
-107.539
-103.296
-102.414
-86.9881
-64.5445
-10.281
-0.000360158
-3.31646e-07
-2.91731e-08
-2.91731e-08
-3.31646e-07
-0.000360158
-10.281
-64.5445
-86.9881
-102.414
-103.296
-107.539
-112.987
-112.161
-80.6281
-45.3026
-10.9653
-0.390654
-0.164591
-0.171139
-0.165967
-0.325856
-6.71689
-70.8861
-102.076
-104.115
-1.09406
-5.06486e-10
-5.35059e-12
-0.0104209
-1.33822
-1.99024
-0.133665
-0.00114048
-1.76712e-08
-5.79315e-12
-4.55241e-12
-2.9412e-08
-0.0538222
-25.9797
-70.9851
-113.159
-101.221
-93.9382
-91.2034
-96.7631
-109.207
-70.5483
-47.4514
-2.90243
-1.01022e-07
-7.9832e-12
-6.84483e-12
-6.84483e-12
-7.9832e-12
-1.01022e-07
-2.90243
-47.4514
-70.5483
-109.207
-96.7631
-91.2034
-93.9382
-101.221
-113.159
-70.9851
-25.9797
-0.0538222
-2.9412e-08
-4.55241e-12
-5.79315e-12
-1.76712e-08
-0.00114048
-0.133665
-1.99024
-1.33822
-0.0104209
-5.35059e-12
-2.72371e-12
-4.47202e-12
-1.17357e-10
-2.8076e-10
-1.1075e-11
-4.28293e-12
-4.06605e-12
-4.19888e-12
-7.68088e-12
-0.00443454
-14.6431
-43.9455
-96.2361
-101.471
-88.773
-74.59
-70.6239
-85.6244
-108.93
-63.2075
-27.8957
-0.22957
-1.06875e-11
-5.49295e-12
-4.29586e-12
-4.29586e-12
-5.49295e-12
-1.06875e-11
-0.22957
-27.8957
-63.2075
-108.93
-85.6244
-70.6239
-74.59
-88.773
-101.471
-96.2361
-43.9455
-14.6431
-0.00443454
-7.68088e-12
-4.19888e-12
-4.06605e-12
-4.28293e-12
-1.1075e-11
-2.8076e-10
-1.17357e-10
-4.47202e-12
-2.72371e-12
-7.3307e-13
-2.01769e-12
-3.08684e-12
-3.24866e-12
-3.17593e-12
-3.45258e-12
-4.29809e-12
-5.84524e-12
-4.56344e-05
-4.7715
-45.7078
-71.8265
-111.225
-98.8575
-82.2497
-45.2342
-44.2417
-72.9497
-97.0566
-53.5947
-32.9181
-0.0395594
-7.7237e-12
-4.34106e-12
-2.66133e-12
-2.66133e-12
-4.34106e-12
-7.7237e-12
-0.0395594
-32.9181
-53.5947
-97.0566
-72.9497
-44.2417
-45.2342
-82.2497
-98.8575
-111.225
-71.8265
-45.7078
-4.7715
-4.56344e-05
-5.84524e-12
-4.29809e-12
-3.45258e-12
-3.17593e-12
-3.24866e-12
-3.08684e-12
-2.01769e-12
-7.3307e-13
-6.31387e-13
-2.42599e-12
-4.25246e-12
-4.94115e-12
-5.12145e-12
-5.60911e-12
-7.00437e-12
-3.49407e-06
-0.305788
-30.5972
-59.7026
-115.162
-109.732
-102.953
-51.8784
-39.1359
-44.1468
-73.9676
-99.844
-52.9631
-38.6823
-0.0575313
-8.27921e-12
-3.86163e-12
-1.68049e-12
-1.68049e-12
-3.86163e-12
-8.27921e-12
-0.0575313
-38.6823
-52.9631
-99.844
-73.9676
-44.1468
-39.1359
-51.8784
-102.953
-109.732
-115.162
-59.7026
-30.5972
-0.305788
-3.49407e-06
-7.00437e-12
-5.60911e-12
-5.12145e-12
-4.94115e-12
-4.25246e-12
-2.42599e-12
-6.31387e-13
-1.97669e-12
-6.22215e-08
-0.00362969
-0.165829
-0.221103
-0.0441071
-0.0139875
-0.697629
-31.8769
-46.5394
-98.7769
-109.563
-110.405
-63.1232
-48.1506
-15.6196
-54.6042
-79.8219
-112.65
-57.1979
-42.1273
-0.110415
-9.26861e-12
-3.80692e-12
-1.13592e-12
-1.13592e-12
-3.80692e-12
-9.26861e-12
-0.110415
-42.1273
-57.1979
-112.65
-79.8219
-54.6042
-15.6196
-48.1506
-63.1232
-110.405
-109.563
-98.7769
-46.5394
-31.8769
-0.697629
-0.0139875
-0.0441071
-0.221103
-0.165829
-0.00362969
-6.22215e-08
-1.97669e-12
-3.09094e-12
-0.0145018
-12.4499
-83.631
-85.014
-65.9602
-49.8466
-40.9681
-49.7661
-73.4736
-104.739
-107.28
-67.3547
-46.2038
-7.22949
-2.84274
-49.0973
-76.8506
-126.561
-62.585
-41.1754
-0.165463
-1.03598e-11
-3.95477e-12
-8.543e-13
-8.543e-13
-3.95477e-12
-1.03598e-11
-0.165463
-41.1754
-62.585
-126.561
-76.8506
-49.0973
-2.84274
-7.22949
-46.2038
-67.3547
-107.28
-104.739
-73.4736
-49.7661
-40.9681
-49.8466
-65.9602
-85.014
-83.631
-12.4499
-0.0145018
-3.09094e-12
-5.01676e-11
-1.53418
-99.5509
-86.9199
-130.768
-149.108
-153.308
-59.4308
-47.6577
-95.6675
-103.316
-72.6078
-49.3034
-14.4859
-0.00712446
-0.112763
-31.9869
-76.1156
-139.15
-66.5761
-39.343
-0.199197
-1.11488e-11
-4.10616e-12
-7.05879e-13
-7.05879e-13
-4.10616e-12
-1.11488e-11
-0.199197
-39.343
-66.5761
-139.15
-76.1156
-31.9869
-0.112763
-0.00712446
-14.4859
-49.3034
-72.6078
-103.316
-95.6675
-47.6577
-59.4308
-153.308
-149.108
-130.768
-86.9199
-99.5509
-1.53418
-5.01676e-11
-3.67413e-11
-1.4115
-88.1311
-80.1457
-113.146
-130.182
-121.793
-58.8918
-59.6947
-100.067
-81.8485
-53.1772
-24.5405
-0.0436046
-5.28863e-08
-0.00511186
-17.87
-69.9859
-134.714
-65.3141
-39.1839
-0.213887
-1.14253e-11
-4.14056e-12
-6.08594e-13
-6.08594e-13
-4.14056e-12
-1.14253e-11
-0.213887
-39.1839
-65.3141
-134.714
-69.9859
-17.87
-0.00511186
-5.28863e-08
-0.0436046
-24.5405
-53.1772
-81.8485
-100.067
-59.6947
-58.8918
-121.793
-130.182
-113.146
-80.1457
-88.1311
-1.4115
-3.67413e-11
-1.79216e-12
-0.0117829
-8.37055
-57.3868
-78.4731
-108.882
-107.817
-57.8422
-77.7004
-105.455
-65.2419
-25.7798
-0.124582
-1.35499e-06
-2.20006e-12
-0.0010151
-20.3238
-61.6753
-121.62
-60.4439
-41.1365
-0.220088
-1.11748e-11
-4.02107e-12
-5.22084e-13
-5.22084e-13
-4.02107e-12
-1.11748e-11
-0.220088
-41.1365
-60.4439
-121.62
-61.6753
-20.3238
-0.0010151
-2.20006e-12
-1.35499e-06
-0.124582
-25.7798
-65.2419
-105.455
-77.7004
-57.8422
-107.817
-108.882
-78.4731
-57.3868
-8.37055
-0.0117829
-1.79216e-12
-1.1338e-12
-4.87563e-09
-0.00113073
-0.0899548
-0.500583
-8.98241
-37.6985
-67.4656
-115.604
-75.7476
-32.0605
-1.12064
-5.162e-06
-2.29882e-12
-2.22844e-12
-0.001679
-23.4349
-53.7938
-107.956
-54.7078
-44.0816
-0.219097
-1.05059e-11
-3.77744e-12
-4.40782e-13
-4.40782e-13
-3.77744e-12
-1.05059e-11
-0.219097
-44.0816
-54.7078
-107.956
-53.7938
-23.4349
-0.001679
-2.22844e-12
-2.29882e-12
-5.162e-06
-1.12064
-32.0605
-75.7476
-115.604
-67.4656
-37.6985
-8.98241
-0.500583
-0.0899548
-0.00113073
-4.87563e-09
-1.1338e-12
-6.4585e-13
-3.20528e-12
-6.21443e-12
-8.35353e-12
-2.58862e-05
-2.30592
-42.8999
-82.2288
-105.048
-61.47
-14.2314
-0.00164081
-3.18919e-12
-1.44918e-12
-2.36463e-12
-0.00412903
-26.5121
-53.3915
-94.4928
-51.5659
-44.8495
-0.186964
-9.60789e-12
-3.49676e-12
-3.91708e-13
-3.91708e-13
-3.49676e-12
-9.60789e-12
-0.186964
-44.8495
-51.5659
-94.4928
-53.3915
-26.5121
-0.00412903
-2.36463e-12
-1.44918e-12
-3.18919e-12
-0.00164081
-14.2314
-61.47
-105.048
-82.2288
-42.8999
-2.30592
-2.58862e-05
-8.35353e-12
-6.21443e-12
-3.20528e-12
-6.4585e-13
-9.8265e-13
-3.39008e-12
-6.81069e-12
-1.15884e-11
-0.0070448
-30.1231
-60.4656
-103.919
-73.8261
-31.9059
-0.341403
-3.32226e-07
-1.69636e-12
-9.53062e-13
-2.69015e-12
-0.0101347
-28.3516
-70.599
-81.2876
-72.0486
-42.1709
-0.143531
-8.77109e-12
-3.32835e-12
-4.29477e-13
-4.29477e-13
-3.32835e-12
-8.77109e-12
-0.143531
-42.1709
-72.0486
-81.2876
-70.599
-28.3516
-0.0101347
-2.69015e-12
-9.53062e-13
-1.69636e-12
-3.32226e-07
-0.341403
-31.9059
-73.8261
-103.919
-60.4656
-30.1231
-0.0070448
-1.15884e-11
-6.81069e-12
-3.39008e-12
-9.8265e-13
-2.09452e-12
-4.90434e-12
-9.89596e-12
-0.00135847
-4.3317
-38.248
-82.6962
-88.2438
-64.8869
-13.118
-0.00129584
-2.9193e-12
-7.05688e-13
-8.54188e-13
-3.33295e-12
-0.0254505
-29.632
-76.3049
-69.1914
-78.8349
-36.6574
-0.163473
-8.51847e-12
-3.49342e-12
-6.10867e-13
-6.10867e-13
-3.49342e-12
-8.51847e-12
-0.163473
-36.6574
-78.8349
-69.1914
-76.3049
-29.632
-0.0254505
-3.33295e-12
-8.54188e-13
-7.05688e-13
-2.9193e-12
-0.00129584
-13.118
-64.8869
-88.2438
-82.6962
-38.248
-4.3317
-0.00135847
-9.89596e-12
-4.90434e-12
-2.09452e-12
-3.36214e-12
-7.23012e-12
-0.00136586
-5.72736
-35.6541
-42.1383
-72.3132
-59.9391
-25.7082
-0.438591
-4.17777e-07
-1.52939e-12
-1.82164e-13
-1.25924e-12
-3.19939e-11
-0.220466
-22.4253
-37.3124
-53.2373
-35.4794
-21.5363
-3.45493
-4.84073e-05
-4.25015e-12
-9.27891e-13
-9.27891e-13
-4.25015e-12
-4.84073e-05
-3.45493
-21.5363
-35.4794
-53.2373
-37.3124
-22.4253
-0.220466
-3.19939e-11
-1.25924e-12
-1.82164e-13
-1.52939e-12
-4.17777e-07
-0.438591
-25.7082
-59.9391
-72.3132
-42.1383
-35.6541
-5.72736
-0.00136586
-7.23012e-12
-3.36214e-12
-3.95952e-12
-8.25455e-09
-0.517165
-61.0249
-19.4675
-22.6737
-38.0142
-27.459
-17.2972
-0.279365
-1.71562e-10
-8.91312e-13
-1.1724e-13
-2.36574e-12
-0.000276592
-9.81938
-19.864
-28.1104
-25.1735
-28.7737
-23.4688
-42.5698
-0.0868529
-3.27129e-10
-1.22163e-12
-1.22163e-12
-3.27129e-10
-0.0868529
-42.5698
-23.4688
-28.7737
-25.1735
-28.1104
-19.864
-9.81938
-0.000276592
-2.36574e-12
-1.1724e-13
-8.91312e-13
-1.71562e-10
-0.279365
-17.2972
-27.459
-38.0142
-22.6737
-19.4675
-61.0249
-0.517165
-8.25455e-09
-3.95952e-12
-3.6526e-12
-0.000806275
-19.9866
-14.1073
-28.1416
-27.1069
-21.3927
-28.183
-18.5593
-10.7912
-0.000305135
-7.96441e-13
-3.40615e-13
-1.4637e-07
-0.642074
-27.0305
-26.5388
-28.4104
-20.4971
-25.6205
-26.4619
-16.3454
-13.9534
-0.000431232
-1.30723e-12
-1.30723e-12
-0.000431232
-13.9534
-16.3454
-26.4619
-25.6205
-20.4971
-28.4104
-26.5388
-27.0305
-0.642074
-1.4637e-07
-3.40615e-13
-7.96441e-13
-0.000305135
-10.7912
-18.5593
-28.183
-21.3927
-27.1069
-28.1416
-14.1073
-19.9866
-0.000806275
-3.6526e-12
-2.61876e-12
-0.197016
-54.7403
-21.4537
-31.6226
-22.53
-17.0281
-32.3795
-26.2993
-43.0493
-0.167329
-9.56932e-13
-7.18091e-13
-0.00723875
-33.5308
-22.861
-32.225
-26.6436
-11.9357
-20.6324
-31.7564
-25.1476
-54.6892
-0.159771
-1.14197e-12
-1.14197e-12
-0.159771
-54.6892
-25.1476
-31.7564
-20.6324
-11.9357
-26.6436
-32.225
-22.861
-33.5308
-0.00723875
-7.18091e-13
-9.56932e-13
-0.167329
-43.0493
-26.2993
-32.3795
-17.0281
-22.53
-31.6226
-21.4537
-54.7403
-0.197016
-2.61876e-12
-2.09239e-09
-2.75178
-41.1191
-19.0205
-30.0259
-13.214
-16.376
-20.5515
-17.3042
-47.5964
-3.98043
-2.25341e-10
-1.62345e-11
-1.35617
-59.6799
-19.0451
-23.379
-16.4104
-29.0326
-18.5394
-22.2039
-15.3688
-46.1879
-3.69428
-1.88937e-10
-1.88937e-10
-3.69428
-46.1879
-15.3688
-22.2039
-18.5394
-29.0326
-16.4104
-23.379
-19.0451
-59.6799
-1.35617
-1.62345e-11
-2.25341e-10
-3.98043
-47.5964
-17.3042
-20.5515
-16.376
-13.214
-30.0259
-19.0205
-41.1191
-2.75178
-2.09239e-09
-3.19178e-08
-8.59232
-56.8598
-27.2334
-38.2644
-21.8365
-2.50549
-39.2228
-60.4334
-99.1824
-4.16245
-5.32464e-10
-1.38866e-10
-3.37829
-111.357
-53.0886
-59.0535
-19.0751
-0.402261
-12.1522
-63.692
-47.5721
-100.038
-4.41891
-5.19979e-10
-5.19979e-10
-4.41891
-100.038
-47.5721
-63.692
-12.1522
-0.402261
-19.0751
-59.0535
-53.0886
-111.357
-3.37829
-1.38866e-10
-5.32464e-10
-4.16245
-99.1824
-60.4334
-39.2228
-2.50549
-21.8365
-38.2644
-27.2334
-56.8598
-8.59232
-3.19178e-08
-6.7001e-09
-2.42897
-99.4611
-66.2912
-8.02994
-0.00938905
-1.60046e-05
-0.0367238
-3.50313
-4.49036
-0.0302368
-5.66848e-12
-5.5033e-12
-0.0449856
-8.85379
-17.5689
-1.72689
-0.00758168
-1.35473e-07
-0.00413773
-1.1137
-13.5019
-7.75147
-0.0481605
-6.90714e-12
-6.90714e-12
-0.0481605
-7.75147
-13.5019
-1.1137
-0.00413773
-1.35473e-07
-0.00758168
-1.72689
-17.5689
-8.85379
-0.0449856
-5.5033e-12
-5.66848e-12
-0.0302368
-4.49036
-3.50313
-0.0367238
-1.60046e-05
-0.00938905
-8.02994
-66.2912
-99.4611
-2.42897
-6.7001e-09
-3.2571e-12
-0.00644582
-0.729577
-0.396261
-0.00133948
-8.39491e-11
-4.33847e-12
-4.85982e-12
-1.15903e-09
-1.58409e-09
-1.16311e-11
-2.16443e-12
-2.48913e-12
-1.08791e-09
-1.20754e-06
-3.52017e-06
-8.46802e-08
-5.21146e-12
-4.41563e-12
-5.00055e-12
-9.95762e-09
-4.57648e-07
-1.70968e-07
-1.86279e-10
-2.31577e-12
-2.31577e-12
-1.86279e-10
-1.70968e-07
-4.57648e-07
-9.95762e-09
-5.00055e-12
-4.41563e-12
-5.21146e-12
-8.46802e-08
-3.52017e-06
-1.20754e-06
-1.08791e-09
-2.48913e-12
-2.16443e-12
-1.16311e-11
-1.58409e-09
-1.15903e-09
-4.85982e-12
-4.33847e-12
-8.39491e-11
-0.00133948
-0.396261
-0.729577
-0.00644582
-3.2571e-12
-7.17382e-13
-1.63222e-12
-1.47546e-12
-9.67167e-13
-9.56511e-13
-8.37468e-13
-6.89669e-13
-6.76712e-13
-7.96493e-13
-9.07849e-13
-6.62273e-13
-2.79915e-13
-4.67826e-13
-1.12423e-12
-1.3513e-12
-1.02598e-12
-7.39047e-13
-5.93013e-13
-5.26597e-13
-5.7427e-13
-6.86163e-13
-8.74124e-13
-1.08415e-12
-8.64472e-13
-3.49466e-13
-3.49466e-13
-8.64472e-13
-1.08415e-12
-8.74124e-13
-6.86163e-13
-5.7427e-13
-5.26597e-13
-5.93013e-13
-7.39047e-13
-1.02598e-12
-1.3513e-12
-1.12423e-12
-4.67826e-13
-2.79915e-13
-6.62273e-13
-9.07849e-13
-7.96493e-13
-6.76712e-13
-6.89669e-13
-8.37468e-13
-9.56511e-13
-9.67167e-13
-1.47546e-12
-1.63222e-12
-7.17382e-13
-7.17382e-13
-1.63222e-12
-1.47546e-12
-9.67167e-13
-9.56511e-13
-8.37468e-13
-6.89669e-13
-6.76712e-13
-7.96493e-13
-9.07849e-13
-6.62273e-13
-2.79915e-13
-4.67826e-13
-1.12423e-12
-1.3513e-12
-1.02598e-12
-7.39047e-13
-5.93013e-13
-5.26597e-13
-5.7427e-13
-6.86163e-13
-8.74124e-13
-1.08415e-12
-8.64472e-13
-3.49466e-13
-3.49466e-13
-8.64472e-13
-1.08415e-12
-8.74124e-13
-6.86163e-13
-5.7427e-13
-5.26597e-13
-5.93013e-13
-7.39047e-13
-1.02598e-12
-1.3513e-12
-1.12423e-12
-4.67826e-13
-2.79915e-13
-6.62273e-13
-9.07849e-13
-7.96493e-13
-6.76712e-13
-6.89669e-13
-8.37468e-13
-9.56511e-13
-9.67167e-13
-1.47546e-12
-1.63222e-12
-7.17382e-13
-3.2571e-12
-0.00644582
-0.729577
-0.396261
-0.00133948
-8.39491e-11
-4.33847e-12
-4.85982e-12
-1.15903e-09
-1.58409e-09
-1.16311e-11
-2.16443e-12
-2.48913e-12
-1.08791e-09
-1.20754e-06
-3.52017e-06
-8.46802e-08
-5.21146e-12
-4.41563e-12
-5.00055e-12
-9.95762e-09
-4.57648e-07
-1.70968e-07
-1.86279e-10
-2.31577e-12
-2.31577e-12
-1.86279e-10
-1.70968e-07
-4.57648e-07
-9.95762e-09
-5.00055e-12
-4.41563e-12
-5.21146e-12
-8.46802e-08
-3.52017e-06
-1.20754e-06
-1.08791e-09
-2.48913e-12
-2.16443e-12
-1.16311e-11
-1.58409e-09
-1.15903e-09
-4.85982e-12
-4.33847e-12
-8.39491e-11
-0.00133948
-0.396261
-0.729577
-0.00644582
-3.2571e-12
-6.7001e-09
-2.42897
-99.4611
-66.2912
-8.02994
-0.00938905
-1.60046e-05
-0.0367238
-3.50313
-4.49036
-0.0302368
-5.66848e-12
-5.5033e-12
-0.0449856
-8.85379
-17.5689
-1.72689
-0.00758168
-1.35473e-07
-0.00413773
-1.1137
-13.5019
-7.75147
-0.0481605
-6.90714e-12
-6.90714e-12
-0.0481605
-7.75147
-13.5019
-1.1137
-0.00413773
-1.35473e-07
-0.00758168
-1.72689
-17.5689
-8.85379
-0.0449856
-5.5033e-12
-5.66848e-12
-0.0302368
-4.49036
-3.50313
-0.0367238
-1.60046e-05
-0.00938905
-8.02994
-66.2912
-99.4611
-2.42897
-6.7001e-09
-3.19178e-08
-8.59232
-56.8598
-27.2334
-38.2644
-21.8365
-2.50549
-39.2228
-60.4334
-99.1824
-4.16245
-5.32464e-10
-1.38866e-10
-3.37829
-111.357
-53.0886
-59.0535
-19.0751
-0.402261
-12.1522
-63.692
-47.5721
-100.038
-4.41891
-5.19979e-10
-5.19979e-10
-4.41891
-100.038
-47.5721
-63.692
-12.1522
-0.402261
-19.0751
-59.0535
-53.0886
-111.357
-3.37829
-1.38866e-10
-5.32464e-10
-4.16245
-99.1824
-60.4334
-39.2228
-2.50549
-21.8365
-38.2644
-27.2334
-56.8598
-8.59232
-3.19178e-08
-2.09239e-09
-2.75178
-41.1191
-19.0205
-30.0259
-13.214
-16.376
-20.5515
-17.3042
-47.5964
-3.98043
-2.25341e-10
-1.62345e-11
-1.35617
-59.6799
-19.0451
-23.379
-16.4104
-29.0326
-18.5394
-22.2039
-15.3688
-46.1879
-3.69428
-1.88937e-10
-1.88937e-10
-3.69428
-46.1879
-15.3688
-22.2039
-18.5394
-29.0326
-16.4104
-23.379
-19.0451
-59.6799
-1.35617
-1.62345e-11
-2.25341e-10
-3.98043
-47.5964
-17.3042
-20.5515
-16.376
-13.214
-30.0259
-19.0205
-41.1191
-2.75178
-2.09239e-09
-2.61876e-12
-0.197016
-54.7403
-21.4537
-31.6226
-22.53
-17.0281
-32.3795
-26.2993
-43.0493
-0.167329
-9.56932e-13
-7.18091e-13
-0.00723875
-33.5308
-22.861
-32.225
-26.6436
-11.9357
-20.6324
-31.7564
-25.1476
-54.6892
-0.159771
-1.14197e-12
-1.14197e-12
-0.159771
-54.6892
-25.1476
-31.7564
-20.6324
-11.9357
-26.6436
-32.225
-22.861
-33.5308
-0.00723875
-7.18091e-13
-9.56932e-13
-0.167329
-43.0493
-26.2993
-32.3795
-17.0281
-22.53
-31.6226
-21.4537
-54.7403
-0.197016
-2.61876e-12
-3.6526e-12
-0.000806275
-19.9866
-14.1073
-28.1416
-27.1069
-21.3927
-28.183
-18.5593
-10.7912
-0.000305135
-7.96441e-13
-3.40615e-13
-1.4637e-07
-0.642074
-27.0305
-26.5388
-28.4104
-20.4971
-25.6205
-26.4619
-16.3454
-13.9534
-0.000431232
-1.30723e-12
-1.30723e-12
-0.000431232
-13.9534
-16.3454
-26.4619
-25.6205
-20.4971
-28.4104
-26.5388
-27.0305
-0.642074
-1.4637e-07
-3.40615e-13
-7.96441e-13
-0.000305135
-10.7912
-18.5593
-28.183
-21.3927
-27.1069
-28.1416
-14.1073
-19.9866
-0.000806275
-3.6526e-12
-3.95952e-12
-8.25455e-09
-0.517165
-61.0249
-19.4675
-22.6737
-38.0142
-27.459
-17.2972
-0.279365
-1.71562e-10
-8.91312e-13
-1.1724e-13
-2.36574e-12
-0.000276592
-9.81938
-19.864
-28.1104
-25.1735
-28.7737
-23.4688
-42.5698
-0.0868529
-3.27129e-10
-1.22163e-12
-1.22163e-12
-3.27129e-10
-0.0868529
-42.5698
-23.4688
-28.7737
-25.1735
-28.1104
-19.864
-9.81938
-0.000276592
-2.36574e-12
-1.1724e-13
-8.91312e-13
-1.71562e-10
-0.279365
-17.2972
-27.459
-38.0142
-22.6737
-19.4675
-61.0249
-0.517165
-8.25455e-09
-3.95952e-12
-3.36214e-12
-7.23012e-12
-0.00136586
-5.72736
-35.6541
-42.1383
-72.3132
-59.9391
-25.7082
-0.438591
-4.17777e-07
-1.52939e-12
-1.82164e-13
-1.25924e-12
-3.19939e-11
-0.220466
-22.4253
-37.3124
-53.2373
-35.4794
-21.5363
-3.45493
-4.84073e-05
-4.25015e-12
-9.27891e-13
-9.27891e-13
-4.25015e-12
-4.84073e-05
-3.45493
-21.5363
-35.4794
-53.2373
-37.3124
-22.4253
-0.220466
-3.19939e-11
-1.25924e-12
-1.82164e-13
-1.52939e-12
-4.17777e-07
-0.438591
-25.7082
-59.9391
-72.3132
-42.1383
-35.6541
-5.72736
-0.00136586
-7.23012e-12
-3.36214e-12
-2.09452e-12
-4.90434e-12
-9.89596e-12
-0.00135847
-4.3317
-38.248
-82.6962
-88.2438
-64.8869
-13.118
-0.00129584
-2.9193e-12
-7.05688e-13
-8.54188e-13
-3.33295e-12
-0.0254505
-29.632
-76.3049
-69.1914
-78.8349
-36.6574
-0.163473
-8.51847e-12
-3.49342e-12
-6.10867e-13
-6.10867e-13
-3.49342e-12
-8.51847e-12
-0.163473
-36.6574
-78.8349
-69.1914
-76.3049
-29.632
-0.0254505
-3.33295e-12
-8.54188e-13
-7.05688e-13
-2.9193e-12
-0.00129584
-13.118
-64.8869
-88.2438
-82.6962
-38.248
-4.3317
-0.00135847
-9.89596e-12
-4.90434e-12
-2.09452e-12
-9.8265e-13
-3.39008e-12
-6.81069e-12
-1.15884e-11
-0.0070448
-30.1231
-60.4656
-103.919
-73.8261
-31.9059
-0.341403
-3.32226e-07
-1.69636e-12
-9.53062e-13
-2.69015e-12
-0.0101347
-28.3516
-70.599
-81.2876
-72.0486
-42.1709
-0.143531
-8.77109e-12
-3.32835e-12
-4.29477e-13
-4.29477e-13
-3.32835e-12
-8.77109e-12
-0.143531
-42.1709
-72.0486
-81.2876
-70.599
-28.3516
-0.0101347
-2.69015e-12
-9.53062e-13
-1.69636e-12
-3.32226e-07
-0.341403
-31.9059
-73.8261
-103.919
-60.4656
-30.1231
-0.0070448
-1.15884e-11
-6.81069e-12
-3.39008e-12
-9.8265e-13
-6.4585e-13
-3.20528e-12
-6.21443e-12
-8.35353e-12
-2.58862e-05
-2.30592
-42.8999
-82.2288
-105.048
-61.47
-14.2314
-0.00164081
-3.18919e-12
-1.44918e-12
-2.36463e-12
-0.00412903
-26.5121
-53.3915
-94.4928
-51.5659
-44.8495
-0.186964
-9.60789e-12
-3.49676e-12
-3.91708e-13
-3.91708e-13
-3.49676e-12
-9.60789e-12
-0.186964
-44.8495
-51.5659
-94.4928
-53.3915
-26.5121
-0.00412903
-2.36463e-12
-1.44918e-12
-3.18919e-12
-0.00164081
-14.2314
-61.47
-105.048
-82.2288
-42.8999
-2.30592
-2.58862e-05
-8.35353e-12
-6.21443e-12
-3.20528e-12
-6.4585e-13
-1.1338e-12
-4.87563e-09
-0.00113073
-0.0899548
-0.500583
-8.98241
-37.6985
-67.4656
-115.604
-75.7476
-32.0605
-1.12064
-5.162e-06
-2.29882e-12
-2.22844e-12
-0.001679
-23.4349
-53.7938
-107.956
-54.7078
-44.0816
-0.219097
-1.05059e-11
-3.77744e-12
-4.40782e-13
-4.40782e-13
-3.77744e-12
-1.05059e-11
-0.219097
-44.0816
-54.7078
-107.956
-53.7938
-23.4349
-0.001679
-2.22844e-12
-2.29882e-12
-5.162e-06
-1.12064
-32.0605
-75.7476
-115.604
-67.4656
-37.6985
-8.98241
-0.500583
-0.0899548
-0.00113073
-4.87563e-09
-1.1338e-12
-1.79216e-12
-0.0117829
-8.37055
-57.3868
-78.4731
-108.882
-107.817
-57.8422
-77.7004
-105.455
-65.2419
-25.7798
-0.124582
-1.35499e-06
-2.20006e-12
-0.0010151
-20.3238
-61.6753
-121.62
-60.4439
-41.1365
-0.220088
-1.11748e-11
-4.02107e-12
-5.22084e-13
-5.22084e-13
-4.02107e-12
-1.11748e-11
-0.220088
-41.1365
-60.4439
-121.62
-61.6753
-20.3238
-0.0010151
-2.20006e-12
-1.35499e-06
-0.124582
-25.7798
-65.2419
-105.455
-77.7004
-57.8422
-107.817
-108.882
-78.4731
-57.3868
-8.37055
-0.0117829
-1.79216e-12
-3.67413e-11
-1.4115
-88.1311
-80.1457
-113.146
-130.182
-121.793
-58.8918
-59.6947
-100.067
-81.8485
-53.1772
-24.5405
-0.0436046
-5.28863e-08
-0.00511186
-17.87
-69.9859
-134.714
-65.3141
-39.1839
-0.213887
-1.14253e-11
-4.14056e-12
-6.08594e-13
-6.08594e-13
-4.14056e-12
-1.14253e-11
-0.213887
-39.1839
-65.3141
-134.714
-69.9859
-17.87
-0.00511186
-5.28863e-08
-0.0436046
-24.5405
-53.1772
-81.8485
-100.067
-59.6947
-58.8918
-121.793
-130.182
-113.146
-80.1457
-88.1311
-1.4115
-3.67413e-11
-5.01676e-11
-1.53418
-99.5509
-86.9199
-130.768
-149.108
-153.308
-59.4308
-47.6577
-95.6675
-103.316
-72.6078
-49.3034
-14.4859
-0.00712446
-0.112763
-31.9869
-76.1156
-139.15
-66.5761
-39.343
-0.199197
-1.11488e-11
-4.10616e-12
-7.05879e-13
-7.05879e-13
-4.10616e-12
-1.11488e-11
-0.199197
-39.343
-66.5761
-139.15
-76.1156
-31.9869
-0.112763
-0.00712446
-14.4859
-49.3034
-72.6078
-103.316
-95.6675
-47.6577
-59.4308
-153.308
-149.108
-130.768
-86.9199
-99.5509
-1.53418
-5.01676e-11
-3.09094e-12
-0.0145018
-12.4499
-83.631
-85.014
-65.9602
-49.8466
-40.9681
-49.7661
-73.4736
-104.739
-107.28
-67.3547
-46.2038
-7.22949
-2.84274
-49.0973
-76.8506
-126.561
-62.585
-41.1754
-0.165463
-1.03598e-11
-3.95477e-12
-8.543e-13
-8.543e-13
-3.95477e-12
-1.03598e-11
-0.165463
-41.1754
-62.585
-126.561
-76.8506
-49.0973
-2.84274
-7.22949
-46.2038
-67.3547
-107.28
-104.739
-73.4736
-49.7661
-40.9681
-49.8466
-65.9602
-85.014
-83.631
-12.4499
-0.0145018
-3.09094e-12
-1.97669e-12
-6.22215e-08
-0.00362969
-0.165829
-0.221103
-0.0441071
-0.0139875
-0.697629
-31.8769
-46.5394
-98.7769
-109.563
-110.405
-63.1232
-48.1506
-15.6196
-54.6042
-79.8219
-112.65
-57.1979
-42.1273
-0.110415
-9.26861e-12
-3.80692e-12
-1.13592e-12
-1.13592e-12
-3.80692e-12
-9.26861e-12
-0.110415
-42.1273
-57.1979
-112.65
-79.8219
-54.6042
-15.6196
-48.1506
-63.1232
-110.405
-109.563
-98.7769
-46.5394
-31.8769
-0.697629
-0.0139875
-0.0441071
-0.221103
-0.165829
-0.00362969
-6.22215e-08
-1.97669e-12
-6.31387e-13
-2.42599e-12
-4.25246e-12
-4.94115e-12
-5.12145e-12
-5.60911e-12
-7.00437e-12
-3.49407e-06
-0.305788
-30.5972
-59.7026
-115.162
-109.732
-102.953
-51.8784
-39.1359
-44.1468
-73.9676
-99.844
-52.9631
-38.6823
-0.0575313
-8.27921e-12
-3.86163e-12
-1.68049e-12
-1.68049e-12
-3.86163e-12
-8.27921e-12
-0.0575313
-38.6823
-52.9631
-99.844
-73.9676
-44.1468
-39.1359
-51.8784
-102.953
-109.732
-115.162
-59.7026
-30.5972
-0.305788
-3.49407e-06
-7.00437e-12
-5.60911e-12
-5.12145e-12
-4.94115e-12
-4.25246e-12
-2.42599e-12
-6.31387e-13
-7.3307e-13
-2.01769e-12
-3.08684e-12
-3.24866e-12
-3.17593e-12
-3.45258e-12
-4.29809e-12
-5.84524e-12
-4.56344e-05
-4.7715
-45.7078
-71.8265
-111.225
-98.8575
-82.2497
-45.2342
-44.2417
-72.9497
-97.0566
-53.5947
-32.9181
-0.0395594
-7.7237e-12
-4.34106e-12
-2.66133e-12
-2.66133e-12
-4.34106e-12
-7.7237e-12
-0.0395594
-32.9181
-53.5947
-97.0566
-72.9497
-44.2417
-45.2342
-82.2497
-98.8575
-111.225
-71.8265
-45.7078
-4.7715
-4.56344e-05
-5.84524e-12
-4.29809e-12
-3.45258e-12
-3.17593e-12
-3.24866e-12
-3.08684e-12
-2.01769e-12
-7.3307e-13
-2.72371e-12
-4.47202e-12
-1.17357e-10
-2.8076e-10
-1.1075e-11
-4.28293e-12
-4.06605e-12
-4.19888e-12
-7.68088e-12
-0.00443454
-14.6431
-43.9455
-96.2361
-101.471
-88.773
-74.59
-70.6239
-85.6244
-108.93
-63.2075
-27.8957
-0.22957
-1.06875e-11
-5.49295e-12
-4.29586e-12
-4.29586e-12
-5.49295e-12
-1.06875e-11
-0.22957
-27.8957
-63.2075
-108.93
-85.6244
-70.6239
-74.59
-88.773
-101.471
-96.2361
-43.9455
-14.6431
-0.00443454
-7.68088e-12
-4.19888e-12
-4.06605e-12
-4.28293e-12
-1.1075e-11
-2.8076e-10
-1.17357e-10
-4.47202e-12
-2.72371e-12
-5.35059e-12
-0.0104209
-1.33822
-1.99024
-0.133665
-0.00114048
-1.76712e-08
-5.79315e-12
-4.55241e-12
-2.9412e-08
-0.0538222
-25.9797
-70.9851
-113.159
-101.221
-93.9382
-91.2034
-96.7631
-109.207
-70.5483
-47.4514
-2.90243
-1.01022e-07
-7.9832e-12
-6.84483e-12
-6.84483e-12
-7.9832e-12
-1.01022e-07
-2.90243
-47.4514
-70.5483
-109.207
-96.7631
-91.2034
-93.9382
-101.221
-113.159
-70.9851
-25.9797
-0.0538222
-2.9412e-08
-4.55241e-12
-5.79315e-12
-1.76712e-08
-0.00114048
-0.133665
-1.99024
-1.33822
-0.0104209
-5.35059e-12
-5.06486e-10
-1.09406
-104.115
-102.076
-70.8861
-6.71689
-0.325856
-0.165967
-0.171139
-0.164591
-0.390654
-10.9653
-45.3026
-80.6281
-112.161
-112.987
-107.539
-103.296
-102.414
-86.9881
-64.5445
-10.281
-0.000360158
-3.31646e-07
-2.91731e-08
-2.91731e-08
-3.31646e-07
-0.000360158
-10.281
-64.5445
-86.9881
-102.414
-103.296
-107.539
-112.987
-112.161
-80.6281
-45.3026
-10.9653
-0.390654
-0.164591
-0.171139
-0.165967
-0.325856
-6.71689
-70.8861
-102.076
-104.115
-1.09406
-5.06486e-10
-3.30498e-09
-1.68916
-107.981
-110.579
-134.283
-91.2581
-69.6468
-56.3227
-53.8285
-52.4527
-53.2574
-56.2362
-21.9445
-66.0598
-150.685
-144.286
-126.119
-107.609
-90.5958
-71.7538
-44.0547
-10.9401
-0.49608
-3.99102
-1.63862
-1.63862
-3.99102
-0.49608
-10.9401
-44.0547
-71.7538
-90.5958
-107.609
-126.119
-144.286
-150.685
-66.0598
-21.9445
-56.2362
-53.2574
-52.4527
-53.8285
-56.3227
-69.6468
-91.2581
-134.283
-110.579
-107.981
-1.68916
-3.30498e-09
-2.73254e-09
-0.505546
-133.494
-152.282
-173.177
-182.459
-225.742
-198.591
-188.1
-178.46
-170.062
-154.748
-67.9872
-150.678
-54174.1
-21484.6
-10151.2
-7562.89
-5727.03
-3956.83
-2184.27
-842.376
-292.337
-113.926
-7.34296
-7.34296
-113.926
-292.337
-842.376
-2184.27
-3956.83
-5727.03
-7562.89
-10151.2
-21484.6
-54174.1
-150.678
-67.9872
-154.748
-170.062
-178.46
-188.1
-198.591
-225.742
-182.459
-173.177
-152.282
-133.494
-0.505546
-2.73254e-09
