-7.82492e-24
-5.71791e-23
-0.0167236
-107.752
-284.085
-304.363
-712.875
-430.601
-341.992
-356.883
-364.26
-271.8
-133.367
-302.434
-106254
-41918.8
-19595.5
-14271.4
-10212.6
-6076.04
-2403.28
-613.026
-304.107
-137.351
-0.680622
-0.682982
-137.231
-303.668
-611.418
-2394.71
-6052.81
-10173.8
-14219.7
-19529.2
-41790.8
-105953
-301.745
-133.306
-268.737
-358.006
-349.885
-334.719
-420.497
-712.247
-303.714
-283.415
-107.504
-0.017073
-5.70467e-23
-7.80669e-24
-8.95417e-24
-3.36183e-23
-0.0125377
-268.584
-217.801
-70.6018
-228.942
-109.894
-57.2979
-55.2989
-63.4918
-70.6627
-34.9536
-134.266
-292.535
-281.591
-247.154
-209.88
-175.241
-138.081
-40.1895
-1.67066
-0.806506
-51.6058
-0.00667831
-0.006669
-51.5699
-0.806215
-1.66644
-40.0267
-137.502
-174.543
-209.095
-246.292
-280.685
-291.688
-133.89
-34.8557
-69.3858
-61.5087
-53.4998
-55.6472
-107.981
-228.502
-70.432
-217.217
-267.833
-0.0128036
-3.35214e-23
-8.91445e-24
-1.28285e-23
-2.72991e-23
-1.93215e-05
-0.0401361
-0.0203934
-0.000147778
-0.00042598
-0.00115123
-0.000246525
-0.000131169
-0.000324248
-1.87762
-60.3479
-157.054
-209.021
-222.355
-216.049
-209.319
-228.088
-146.171
-29.2735
-3.76046e-06
-1.18152e-09
-8.23285e-08
-3.45118e-10
-3.35287e-10
-8.00238e-08
-1.15262e-09
-3.90756e-06
-29.25
-145.491
-227.102
-208.506
-215.271
-221.629
-208.409
-156.607
-60.1643
-1.88796
-0.000347703
-0.000141995
-0.000263927
-0.00119877
-0.000438263
-0.000151159
-0.0208466
-0.0410057
-1.97308e-05
-2.71963e-23
-1.2756e-23
-1.19271e-23
-1.85031e-23
-3.32593e-23
-1.19969e-22
-8.77216e-23
-3.33922e-23
-2.49758e-23
-1.80467e-23
-1.27614e-23
-9.30085e-24
-3.94978e-07
-25.916
-146.215
-217.856
-196.437
-193.228
-190.443
-186.725
-174.486
-78.625
-2.54587
-3.12467e-11
-1.80696e-23
-1.82802e-23
-1.54958e-23
-1.5497e-23
-1.82827e-23
-1.80724e-23
-3.42256e-11
-2.56983
-78.1657
-173.717
-186.007
-189.727
-192.59
-195.904
-217.367
-145.925
-25.7684
-4.0214e-07
-9.24056e-24
-1.26879e-23
-1.79359e-23
-2.48196e-23
-3.3198e-23
-9.12019e-23
-1.24462e-22
-3.31135e-23
-1.84128e-23
-1.18418e-23
-8.05111e-24
-1.16107e-23
-1.93941e-23
-2.47241e-23
-2.55501e-23
-2.24707e-23
-1.79343e-23
-1.41837e-23
-1.28022e-23
-3.09908e-09
-0.173802
-41.0615
-165.709
-176.801
-171.807
-166.98
-168.456
-174.404
-136.396
-62.4928
-0.0389589
-1.89875e-22
-1.32084e-23
-1.13216e-23
-9.66258e-24
-9.66363e-24
-1.13248e-23
-1.32145e-23
-2.22514e-22
-0.0396716
-62.8212
-135.626
-173.826
-167.735
-166.397
-171.403
-176.505
-165.474
-40.9996
-0.173419
-3.15867e-09
-1.26798e-23
-1.39848e-23
-1.7673e-23
-2.22532e-23
-2.53769e-23
-2.45899e-23
-1.92954e-23
-1.15419e-23
-7.9755e-24
-4.0024e-24
-7.14773e-24
-1.28511e-23
-1.80666e-23
-2.15146e-23
-2.28684e-23
-2.07281e-23
-1.75055e-23
-1.68212e-16
-0.00155043
-53.3401
-124.594
-191.178
-166.588
-150.274
-138.496
-145.555
-185.791
-119.62
-61.7921
-0.00415719
-1.78697e-23
-1.13584e-23
-7.51091e-24
-5.49855e-24
-5.49938e-24
-7.51401e-24
-1.13654e-23
-1.78836e-23
-0.00431147
-61.4258
-118.765
-184.629
-144.595
-137.948
-150.058
-166.48
-191.103
-124.558
-53.2567
-0.00156578
-1.78955e-16
-1.71116e-23
-2.02277e-23
-2.27009e-23
-2.1429e-23
-1.80039e-23
-1.28e-23
-7.10649e-24
-3.95171e-24
-1.47392e-24
-5.03347e-24
-1.07059e-23
-1.75588e-23
-2.56069e-23
-2.20531e-06
-0.0103943
-0.0158619
-0.00763441
-22.2158
-71.2859
-172.84
-166.602
-151.553
-129.526
-100.823
-104.869
-164.434
-100.296
-40.0088
-0.000518529
-1.90034e-23
-1.06047e-23
-5.37909e-24
-2.81306e-24
-2.81315e-24
-5.38056e-24
-1.0611e-23
-1.90207e-23
-0.000545799
-39.9547
-99.7377
-163.423
-103.719
-100.285
-129.692
-151.688
-166.673
-172.825
-71.1461
-22.2705
-0.00622096
-0.0275196
-0.0345442
-1.20785e-05
-2.57349e-23
-1.75899e-23
-1.07012e-23
-5.01938e-24
-1.45313e-24
-1.00297e-24
-4.87376e-24
-1.11986e-23
-2.00026e-23
-3.27493e-23
-0.0143394
-160.183
-205.142
-99.0515
-51.049
-119.311
-155.891
-157.358
-147.032
-112.597
-45.9049
-61.7324
-168.959
-117.557
-44.8155
-0.000594655
-2.00659e-23
-1.04683e-23
-4.29717e-24
-1.25718e-24
-1.25557e-24
-4.29421e-24
-1.04694e-23
-2.00792e-23
-0.000594984
-44.6199
-116.763
-169.051
-60.4987
-46.4924
-112.749
-147.388
-157.571
-156.111
-119.21
-51.2162
-92.6342
-205.319
-169.367
-0.0422614
-3.30631e-23
-2.00886e-23
-1.12144e-23
-4.8754e-24
-1.00864e-24
-2.47953e-24
-6.21963e-24
-1.30748e-23
-2.25473e-23
-3.61091e-23
-0.00948799
-170.979
-191.268
-102.844
-74.1955
-146.198
-157.24
-160.848
-142.345
-84.3621
-10.8966
-97.7175
-169.062
-152.008
-79.6259
-0.00969755
-2.10832e-23
-1.07902e-23
-3.96689e-24
-5.53585e-25
-5.48877e-25
-3.95571e-24
-1.07813e-23
-2.10935e-23
-0.00915851
-80.0451
-152.785
-169.398
-100.186
-10.9597
-84.3129
-142.427
-161.027
-157.495
-146.679
-74.5878
-105.296
-196.985
-179.204
-0.0148425
-3.62644e-23
-2.25566e-23
-1.30559e-23
-6.21866e-24
-2.5086e-24
-5.53598e-24
-8.91871e-24
-1.61723e-23
-2.48335e-23
-3.54554e-23
-5.39774e-07
-0.158025
-166.908
-69.8948
-104.065
-157.38
-167.072
-171.173
-76.043
-2.5777
-0.000387933
-13.0952
-132.965
-187.695
-75.0005
-0.134586
-7.55197e-17
-1.15676e-23
-4.24543e-24
-5.05358e-25
-4.95537e-25
-4.22022e-24
-1.15373e-23
-9.31822e-17
-0.12801
-78.1667
-186.297
-132.644
-12.6339
-0.000379287
-2.58753
-76.0624
-171.271
-167.188
-157.425
-104.344
-69.9845
-170.718
-0.106683
-2.45327e-07
-3.52845e-23
-2.46711e-23
-1.60703e-23
-8.90683e-24
-5.60084e-24
-9.50349e-24
-1.32479e-23
-2.16266e-23
-2.87994e-23
-3.51798e-23
-3.21901e-14
-0.00353254
-86.8119
-52.1796
-135.867
-161.34
-185.749
-107.124
-22.4398
-1.20136e-05
-3.01707e-14
-0.184382
-66.5562
-159.903
-80.6524
-7.62756
-4.85032e-08
-1.33725e-23
-5.08324e-24
-9.56123e-25
-9.38386e-25
-5.03744e-24
-1.33037e-23
-4.86281e-08
-7.35525
-79.5183
-158.862
-65.4077
-0.174726
-3.33167e-14
-1.19579e-05
-22.4913
-107.146
-185.788
-161.295
-135.891
-52.0077
-87.6074
-0.00374313
-3.19344e-14
-3.47731e-23
-2.84327e-23
-2.13986e-23
-1.32436e-23
-9.64083e-24
-1.29389e-23
-2.00883e-23
-4.76263e-22
-7.57066e-20
-9.31983e-12
-0.000311671
-9.15892
-113.664
-86.55
-148.82
-170.424
-115.246
-66.4796
-0.0226088
-1.44764e-13
-3.58248e-24
-0.00280673
-82.7054
-164.268
-129.116
-61.4515
-0.000345535
-1.53108e-23
-6.15164e-24
-1.72289e-24
-1.69267e-24
-6.08453e-24
-1.52274e-23
-0.000326887
-62.1832
-129.935
-163.814
-84.6033
-0.00260027
-3.60481e-24
-1.4249e-13
-0.0225969
-66.4635
-115.215
-170.403
-148.838
-86.6449
-113.622
-9.29191
-0.000314494
-9.09965e-12
-7.00872e-20
-4.49198e-22
-2.01792e-23
-1.31935e-23
-1.31876e-23
-1.52043e-06
-0.0239161
-0.203526
-0.245085
-18.4044
-216.991
-240.05
-102.135
-128.402
-142.556
-77.8679
-5.48125
-1.46855e-07
-3.57616e-24
-3.77689e-24
-1.76752e-05
-35.3803
-149.418
-163.705
-76.4081
-0.00958021
-1.55846e-23
-7.13422e-24
-2.69581e-24
-2.63884e-24
-7.04169e-24
-1.55604e-23
-0.00871507
-75.4946
-164.379
-150.081
-34.4548
-1.60159e-05
-3.76438e-24
-3.60119e-24
-1.47405e-07
-5.50893
-77.8038
-142.382
-128.365
-101.992
-239.301
-217.471
-18.1891
-0.238063
-0.208214
-0.0271556
-1.95727e-06
-1.35319e-23
-7.57662e-24
-0.0171303
-203.159
-207.831
-149.315
-224.575
-227.592
-305.129
-346.271
-183.714
-137.382
-195.513
-0.188474
-7.25615e-16
-2.31517e-24
-3.13723e-24
-3.02163e-10
-6.13047
-61.8679
-107.884
-31.9756
-5.66721
-1.29475e-11
-8.64238e-24
-3.95164e-24
-3.81674e-24
-8.47131e-24
-1.50399e-11
-4.82453
-30.9775
-107.005
-61.3871
-5.23719
-3.10763e-10
-3.10292e-24
-2.32506e-24
-7.22246e-16
-0.189624
-195.294
-137.244
-183.413
-345.664
-305.78
-228.304
-225.588
-150.719
-213.614
-206.225
-0.0253233
-7.7332e-24
-3.72846e-24
-0.0161934
-166.371
-182.289
-137.248
-395.983
-230.384
-225.206
-509.493
-578.427
-590.181
-252.715
-0.0288341
-3.52054e-20
-1.35609e-24
-2.52626e-24
-1.75672e-18
-1.13826
-37.0422
-77.0045
-48.0866
-31.5886
-0.00047838
-3.47159e-21
-5.44145e-24
-5.0561e-24
-1.79763e-20
-0.000482373
-31.834
-46.8178
-75.4469
-36.4456
-0.915526
-2.19202e-18
-2.49463e-24
-1.35872e-24
-3.56195e-20
-0.0289353
-252.369
-589.823
-577.823
-509.524
-225.592
-231.138
-397.778
-138.307
-187.997
-166.025
-0.0255885
-3.78986e-24
-3.63642e-24
-1.7607e-06
-0.0199702
-0.123791
-0.24685
-7.61508
-106.617
-203.644
-407.475
-476.492
-472.395
-221.569
-0.00217559
-1.22803e-21
-6.78708e-25
-2.91377e-24
-6.52925e-07
-14.9433
-20.3927
-36.0873
-41.561
-17.6947
-19.8189
-0.0228362
-2.83367e-08
-6.16341e-09
-0.0102492
-19.3503
-16.9844
-40.2531
-35.358
-20.0789
-13.7605
-6.34785e-07
-2.88097e-24
-6.78371e-25
-1.23161e-21
-0.00217573
-221.221
-471.655
-475.752
-406.704
-203.617
-106.491
-7.56433
-0.230879
-0.138694
-0.0282936
-3.00223e-06
-3.81376e-24
-3.11016e-24
-1.16065e-23
-1.98464e-23
-1.58201e-19
-6.02916e-10
-0.275918
-16.7661
-27.5429
-37.4403
-64.9397
-37.4714
-59.4098
-0.0518293
-3.04051e-15
-5.23503e-25
-3.84311e-24
-0.0142653
-46.6878
-44.4335
-17.3161
-18.0593
-23.3233
-32.616
-61.3151
-0.0126312
-0.0053985
-84.6786
-29.3348
-22.0566
-17.4429
-17.1871
-44.2446
-46.7388
-0.0131065
-3.80534e-24
-5.26108e-25
-2.92663e-15
-0.0518213
-59.3931
-37.4205
-64.8864
-37.3272
-27.4606
-16.728
-0.277624
-5.50235e-10
-1.29174e-19
-1.93634e-23
-1.16221e-23
-3.2518e-24
-2.55584e-24
-9.92631e-24
-1.97368e-23
-2.74396e-23
-0.000838492
-44.866
-27.1536
-42.2377
-32.8398
-14.7787
-46.374
-22.6567
-21.4229
-0.00059074
-2.46203e-24
-5.91857e-24
-0.0498282
-71.1052
-50.0579
-6.21656
-22.9139
-16.8168
-20.9968
-56.2993
-0.342981
-0.211191
-84.9524
-19.1467
-16.1945
-22.7899
-6.28618
-49.9757
-75.8461
-0.0442692
-5.88503e-24
-2.47877e-24
-0.000592161
-21.512
-22.6668
-46.4296
-14.7564
-32.7243
-42.1042
-27.1153
-44.5435
-0.000843272
-2.70631e-23
-1.94296e-23
-9.85697e-24
-2.63684e-24
-2.54437e-24
-1.14475e-23
-2.71294e-23
-1.24285e-06
-14.2493
-26.7966
-40.3866
-29.616
-18.4181
-9.03834
-55.0779
-32.0266
-50.2051
-5.52097
-2.72462e-07
-1.28596e-23
-1.42924e-05
-1.39226
-10.0528
-1.09389
-0.57545
-1.75113
-11.5598
-3.07977
-0.000755646
-0.000522781
-1.73211
-6.69933
-1.81681
-0.605749
-1.15271
-9.88435
-1.28759
-1.23485e-05
-1.28318e-23
-2.70113e-07
-5.52399
-50.2994
-32.0746
-55.1505
-9.03813
-18.3345
-29.5281
-40.2923
-26.7312
-14.3059
-1.25627e-06
-2.68542e-23
-1.13639e-23
-2.59193e-24
-3.13853e-24
-1.43213e-23
-3.79845e-23
-0.00653337
-18.7569
-27.6727
-29.7896
-24.462
-3.54135
-28.1999
-34.5833
-48.2891
-18.3281
-26.6868
-0.170613
-2.41039e-23
-3.63637e-23
-6.14021e-23
-8.17844e-23
-9.34249e-23
-1.00213e-22
-1.04907e-22
-1.05988e-22
-9.71183e-23
-8.06676e-23
-7.98159e-23
-9.58661e-23
-1.05421e-22
-1.04904e-22
-1.00317e-22
-9.3496e-23
-8.17648e-23
-6.13098e-23
-3.62946e-23
-2.41176e-23
-0.170477
-26.7134
-18.359
-48.3501
-34.6846
-28.2106
-3.5454
-24.4028
-29.722
-27.6083
-18.6834
-0.00656949
-3.7735e-23
-1.425e-23
-3.17931e-24
-4.29826e-24
-1.67648e-23
-4.5935e-23
-0.718496
-16.0138
-24.1339
-20.859
-2.61186
-1.22793e-05
-0.0181954
-78.423
-10.0428
-18.9349
-61.8872
-2.50387
-4.25596e-23
-3.6422e-23
-4.37522e-23
-5.32387e-23
-6.04531e-23
-6.51654e-23
-6.77593e-23
-6.77422e-23
-6.41473e-23
-5.91713e-23
-5.89173e-23
-6.36839e-23
-6.74361e-23
-6.76504e-23
-6.51451e-23
-6.04479e-23
-5.32133e-23
-4.37125e-23
-3.64032e-23
-4.25949e-23
-2.5103
-62.1729
-18.9637
-10.0389
-78.413
-0.0182144
-1.23056e-05
-2.62614
-20.8224
-24.0873
-15.9824
-0.720267
-4.57425e-23
-1.67179e-23
-4.34051e-24
-5.49245e-24
-1.72167e-23
-4.65569e-23
-0.5405
-37.9695
-21.2017
-1.25554
-7.51941e-07
-2.30372e-23
-2.15409e-09
-0.00120543
-0.120869
-3.3833
-4.5592
-0.00247759
-4.82757e-23
-3.37393e-23
-3.17601e-23
-3.3979e-23
-3.68301e-23
-3.90735e-23
-4.0309e-23
-4.02918e-23
-3.90212e-23
-3.74988e-23
-3.7415e-23
-3.88468e-23
-4.01439e-23
-4.02248e-23
-3.90332e-23
-3.68078e-23
-3.39594e-23
-3.1744e-23
-3.3739e-23
-4.83064e-23
-0.00249467
-4.5824
-3.39131
-0.120753
-0.00120748
-2.17209e-09
-2.30355e-23
-7.5585e-07
-1.26133
-21.1778
-37.9113
-0.541968
-4.64327e-23
-1.71913e-23
-5.52944e-24
-5.30721e-24
-1.42751e-23
-3.67628e-23
-0.000268417
-0.578081
-0.110136
-7.21282e-07
-2.47868e-23
-1.81257e-23
-2.10596e-23
-2.96669e-23
-3.90275e-23
-4.68996e-23
-5.11054e-23
-4.60253e-23
-3.20494e-23
-2.37158e-23
-2.02834e-23
-1.95413e-23
-1.98758e-23
-2.04066e-23
-2.07089e-23
-2.06002e-23
-2.0121e-23
-1.96304e-23
-1.96013e-23
-2.00547e-23
-2.05337e-23
-2.0661e-23
-2.03769e-23
-1.98578e-23
-1.953e-23
-2.02788e-23
-2.37216e-23
-3.20694e-23
-4.60586e-23
-5.11338e-23
-4.69174e-23
-3.90361e-23
-2.96685e-23
-2.10583e-23
-1.81244e-23
-2.47839e-23
-7.2366e-07
-0.11054
-0.580033
-0.000269271
-3.6695e-23
-1.4261e-23
-5.33053e-24
-3.24376e-24
-8.73176e-24
-1.86901e-23
-2.98452e-23
-2.88761e-23
-2.26658e-23
-1.63018e-23
-1.08135e-23
-8.38649e-24
-8.7196e-24
-1.09866e-23
-1.41177e-23
-1.74066e-23
-2.00643e-23
-2.00445e-23
-1.67385e-23
-1.32202e-23
-1.07336e-23
-9.30862e-24
-8.58497e-24
-8.21209e-24
-7.95412e-24
-7.68932e-24
-7.40637e-24
-7.1999e-24
-7.18998e-24
-7.38237e-24
-7.66248e-24
-7.932e-24
-8.19678e-24
-8.57578e-24
-9.30474e-24
-1.07354e-23
-1.32285e-23
-1.67532e-23
-2.00626e-23
-2.00794e-23
-1.74162e-23
-1.41226e-23
-1.09884e-23
-8.72003e-24
-8.3867e-24
-1.08128e-23
-1.6297e-23
-2.26503e-23
-2.88405e-23
-2.97928e-23
-1.86554e-23
-8.72038e-24
-3.25222e-24
-1.24521e-24
-4.92091e-24
-9.08802e-24
-1.0126e-23
-6.10189e-24
-2.52597e-24
-1.85095e-24
-1.72497e-24
-1.49375e-24
-1.45092e-24
-1.82505e-24
-2.79825e-24
-4.57554e-24
-6.92099e-24
-8.55929e-24
-8.39574e-24
-7.00771e-24
-5.33545e-24
-3.91241e-24
-2.86595e-24
-2.1353e-24
-1.62154e-24
-1.24965e-24
-9.87291e-25
-8.43021e-25
-8.4024e-25
-9.80392e-25
-1.24159e-24
-1.61463e-24
-2.13063e-24
-2.86396e-24
-3.91359e-24
-5.34059e-24
-7.01729e-24
-8.40889e-24
-8.57321e-24
-6.93216e-24
-4.58268e-24
-2.8022e-24
-1.82723e-24
-1.45253e-24
-1.49547e-24
-1.72674e-24
-1.85154e-24
-2.52165e-24
-6.08606e-24
-1.00991e-23
-9.06407e-24
-4.9091e-24
-1.2446e-24
-1.24075e-24
-4.91909e-24
-9.08761e-24
-1.01264e-23
-6.10197e-24
-2.52616e-24
-1.85146e-24
-1.72561e-24
-1.49443e-24
-1.45159e-24
-1.82551e-24
-2.79815e-24
-4.57452e-24
-6.91905e-24
-8.55637e-24
-8.39079e-24
-6.99954e-24
-5.32307e-24
-3.89486e-24
-2.84183e-24
-2.10259e-24
-1.57818e-24
-1.19484e-24
-9.23026e-25
-7.74508e-25
-7.74335e-25
-9.22921e-25
-1.19538e-24
-1.57938e-24
-2.10412e-24
-2.84364e-24
-3.89768e-24
-5.32847e-24
-7.00895e-24
-8.40399e-24
-8.57075e-24
-6.93092e-24
-4.58242e-24
-2.80285e-24
-1.82839e-24
-1.45383e-24
-1.49675e-24
-1.72803e-24
-1.8528e-24
-2.52262e-24
-6.08691e-24
-1.01002e-23
-9.06393e-24
-4.90703e-24
-1.23918e-24
-3.23019e-24
-8.72731e-24
-1.86924e-23
-2.98533e-23
-2.88805e-23
-2.26685e-23
-1.63042e-23
-1.08156e-23
-8.38878e-24
-8.7223e-24
-1.09893e-23
-1.41194e-23
-1.74062e-23
-2.00627e-23
-2.00413e-23
-1.6728e-23
-1.31986e-23
-1.06988e-23
-9.25913e-24
-8.51701e-24
-8.11832e-24
-7.82556e-24
-7.52052e-24
-7.2024e-24
-6.97976e-24
-6.97988e-24
-7.20402e-24
-7.5248e-24
-7.83137e-24
-8.12328e-24
-8.51932e-24
-9.25907e-24
-1.06996e-23
-1.32047e-23
-1.67418e-23
-2.00606e-23
-2.00801e-23
-1.74183e-23
-1.41266e-23
-1.09932e-23
-8.72459e-24
-8.3907e-24
-1.08169e-23
-1.6302e-23
-2.26561e-23
-2.88487e-23
-2.9805e-23
-1.86594e-23
-8.71539e-24
-3.23562e-24
-5.2849e-24
-1.42718e-23
-3.67807e-23
-0.000268405
-0.578002
-0.110121
-7.21636e-07
-2.47903e-23
-1.81297e-23
-2.10663e-23
-2.96762e-23
-3.90367e-23
-4.69084e-23
-5.11199e-23
-4.60445e-23
-3.20467e-23
-2.3687e-23
-2.02309e-23
-1.94686e-23
-1.97791e-23
-2.02691e-23
-2.05045e-23
-2.03055e-23
-1.97391e-23
-1.92069e-23
-1.92042e-23
-1.97375e-23
-2.03116e-23
-2.05156e-23
-2.02784e-23
-1.97802e-23
-1.94596e-23
-2.02185e-23
-2.36836e-23
-3.20624e-23
-4.60807e-23
-5.11535e-23
-4.69314e-23
-3.90499e-23
-2.96817e-23
-2.10679e-23
-1.81308e-23
-2.47902e-23
-7.23184e-07
-0.110421
-0.579442
-0.000269024
-3.67194e-23
-1.42578e-23
-5.30291e-24
-5.46456e-24
-1.72223e-23
-4.66107e-23
-0.54067
-37.9935
-21.2108
-1.25493
-7.52206e-07
-2.30409e-23
-2.16431e-09
-0.00121401
-0.121522
-3.40328
-4.59961
-0.0025044
-4.8302e-23
-3.37056e-23
-3.16891e-23
-3.38957e-23
-3.67381e-23
-3.89387e-23
-4.00654e-23
-3.98597e-23
-3.838e-23
-3.67546e-23
-3.67381e-23
-3.83631e-23
-3.98689e-23
-4.00906e-23
-3.89616e-23
-3.67415e-23
-3.38698e-23
-3.16474e-23
-3.36807e-23
-4.83235e-23
-0.00254068
-4.65687
-3.43428
-0.121556
-0.00121271
-2.16606e-09
-2.30415e-23
-7.54654e-07
-1.2594
-21.1902
-37.9431
-0.541733
-4.65023e-23
-1.71994e-23
-5.49445e-24
-4.27016e-24
-1.67861e-23
-4.60348e-23
-0.718854
-16.0283
-24.1556
-20.876
-2.60767
-1.22872e-05
-0.0182909
-78.2832
-10.0478
-18.9783
-62.2438
-2.52235
-4.2616e-23
-3.63644e-23
-4.36414e-23
-5.31599e-23
-6.0436e-23
-6.51478e-23
-6.76002e-23
-6.71969e-23
-6.3089e-23
-5.78558e-23
-5.77804e-23
-6.30213e-23
-6.72219e-23
-6.7667e-23
-6.52119e-23
-6.04612e-23
-5.31094e-23
-4.35396e-23
-3.62952e-23
-4.26411e-23
-2.55073
-62.5431
-19.015
-10.049
-78.2763
-0.0182805
-1.22915e-05
-2.61932
-20.8442
-24.1151
-16.0012
-0.720325
-4.58698e-23
-1.6746e-23
-4.30471e-24
-3.1134e-24
-1.43588e-23
-3.81239e-23
-0.00655989
-18.7962
-27.7045
-29.8219
-24.4823
-3.53168
-28.197
-34.6562
-48.3636
-18.3655
-26.7459
-0.17141
-2.41353e-23
-3.62103e-23
-6.11796e-23
-8.17347e-23
-9.36272e-23
-1.00567e-22
-1.05218e-22
-1.05524e-22
-9.53749e-23
-7.82558e-23
-7.79127e-23
-9.51903e-23
-1.0564e-22
-1.05398e-22
-1.00735e-22
-9.37425e-23
-8.16684e-23
-6.09478e-23
-3.60351e-23
-2.41367e-23
-0.173194
-26.7891
-18.4012
-48.438
-34.7493
-28.2075
-3.53719
-24.4299
-29.7628
-27.6484
-18.733
-0.00657011
-3.79123e-23
-1.42999e-23
-3.14656e-24
-2.51653e-24
-1.14916e-23
-2.72889e-23
-1.25937e-06
-14.3347
-26.8331
-40.4375
-29.6389
-18.416
-9.04725
-55.1749
-32.085
-50.3251
-5.53478
-2.7096e-07
-1.28186e-23
-7.72204e-06
-0.971709
-8.73934
-1.21971
-0.626047
-1.81803
-6.68102
-1.76068
-0.000552477
-0.000266655
-1.1431
-5.80351
-2.23226
-0.653767
-1.20978
-8.84577
-0.988399
-7.74058e-06
-1.27606e-23
-2.73738e-07
-5.60119
-50.4351
-32.1401
-55.2674
-9.05326
-18.3399
-29.5606
-40.3545
-26.7753
-14.3318
-1.25709e-06
-2.70585e-23
-1.14259e-23
-2.55475e-24
-2.5099e-24
-9.95513e-24
-1.99155e-23
-2.76771e-23
-0.000844908
-45.0269
-27.2093
-42.2666
-32.8479
-14.785
-46.4694
-22.6965
-21.5554
-0.000592887
-2.50074e-24
-5.87592e-24
-0.0315265
-82.3117
-49.607
-6.29966
-22.9715
-16.6576
-19.5397
-105.338
-0.207001
-0.0784486
-101.625
-18.3937
-16.0205
-22.8762
-6.41473
-49.4571
-95.2144
-0.0307561
-5.83564e-24
-2.5345e-24
-0.000602057
-21.6656
-22.7138
-46.5363
-14.7692
-32.7486
-42.1482
-27.1764
-44.7261
-0.000846435
-2.73453e-23
-1.96669e-23
-9.91043e-24
-2.57407e-24
-3.03234e-24
-1.15558e-23
-2.01233e-23
-1.73196e-19
-5.77382e-10
-0.277211
-16.9004
-27.5537
-37.4419
-64.7883
-37.4937
-59.1916
-0.0520615
-2.98102e-15
-5.35653e-25
-3.798e-24
-0.0106014
-46.2999
-44.0817
-17.2702
-17.7464
-22.5695
-29.9993
-101.684
-0.00595913
-0.00151814
-109.56
-27.4893
-21.5835
-17.2969
-17.2604
-43.5991
-46.7351
-0.0100638
-3.75899e-24
-5.47483e-25
-2.93126e-15
-0.052261
-59.109
-37.4569
-64.6532
-37.3459
-27.4787
-16.8794
-0.278379
-5.41692e-10
-1.33965e-19
-1.97519e-23
-1.16114e-23
-3.14163e-24
-3.54189e-24
-1.29293e-06
-0.0160108
-0.113708
-0.246528
-7.58875
-106.585
-203.949
-407.318
-476.603
-472.644
-221.744
-0.00217157
-1.19927e-21
-6.85871e-25
-2.88846e-24
-6.35959e-07
-14.79
-20.2102
-35.7384
-40.9564
-17.3264
-18.8551
-0.00814915
-5.50016e-09
-5.46252e-10
-0.0041577
-21.1329
-16.8795
-40.0442
-35.1629
-19.8781
-13.7619
-5.92894e-07
-2.87056e-24
-6.93794e-25
-1.232e-21
-0.00218311
-221.427
-472.049
-476.062
-406.667
-203.934
-106.449
-7.4718
-0.233312
-0.128972
-0.0238949
-2.35867e-06
-3.67393e-24
-3.67433e-24
-0.0129707
-162.912
-178.802
-136.606
-394.53
-230.247
-225.684
-509.95
-578.425
-589.974
-252.845
-0.0287796
-3.47731e-20
-1.36562e-24
-2.51149e-24
-1.65124e-18
-1.05873
-36.82
-76.392
-47.5765
-33.1407
-0.000422146
-4.31762e-21
-4.80977e-24
-4.50192e-24
-5.70554e-21
-0.000493569
-33.3097
-46.7086
-75.1654
-36.2888
-0.893691
-3.33565e-18
-2.50962e-24
-1.37542e-24
-3.58026e-20
-0.0289879
-252.419
-588.989
-577.175
-509.936
-225.949
-230.691
-395.413
-137.119
-181.338
-166.574
-0.0194322
-3.73488e-24
-7.37385e-24
-0.0147318
-201.574
-204.821
-149.012
-223.817
-227.165
-305.282
-345.645
-183.509
-137.323
-195.459
-0.188941
-7.16248e-16
-2.32861e-24
-3.12196e-24
-2.87279e-10
-5.78319
-61.8584
-107.861
-31.4746
-5.32616
-1.25293e-11
-8.63737e-24
-3.61414e-24
-3.52428e-24
-8.58901e-24
-1.52606e-11
-4.86736
-30.9543
-106.675
-61.1785
-5.20368
-3.52901e-10
-3.12587e-24
-2.33941e-24
-7.15932e-16
-0.190388
-195
-137.022
-182.938
-344.23
-305.807
-227.56
-224.331
-150.166
-208.093
-203.461
-0.0187806
-7.5705e-24
-1.29647e-23
-1.50134e-06
-0.024261
-0.205262
-0.248129
-18.4049
-216.607
-239.223
-101.904
-128.436
-142.561
-77.8034
-5.50556
-1.47525e-07
-3.59822e-24
-3.77109e-24
-1.66983e-05
-34.9283
-150.611
-164.951
-76.2612
-0.00916406
-1.59305e-23
-7.15272e-24
-2.52232e-24
-2.49453e-24
-7.13582e-24
-1.59834e-23
-0.00895948
-75.4734
-163.82
-149.56
-34.5914
-1.64608e-05
-3.78311e-24
-3.60927e-24
-1.47235e-07
-5.5195
-77.7258
-142.369
-128.421
-101.44
-237.731
-216.801
-18.3724
-0.247595
-0.19757
-0.0226745
-1.43414e-06
-1.31529e-23
-1.27904e-23
-2.00791e-23
-4.72184e-22
-7.49621e-20
-9.18171e-12
-0.000310673
-9.19881
-113.595
-86.6266
-148.876
-170.433
-115.266
-66.5136
-0.0226775
-1.4495e-13
-3.59351e-24
-0.00269641
-84.32
-164.753
-130.17
-62.4976
-0.000334338
-1.54845e-23
-6.16399e-24
-1.63582e-24
-1.62775e-24
-6.16066e-24
-1.55081e-23
-0.000333544
-62.5635
-129.471
-163.382
-84.1423
-0.00261869
-3.6151e-24
-1.42897e-13
-0.0224994
-66.516
-115.31
-170.57
-149.009
-86.7158
-113.475
-9.31823
-0.00031569
-9.50896e-12
-7.17952e-20
-4.27442e-22
-1.99873e-23
-1.28708e-23
-9.42348e-24
-1.32475e-23
-2.17028e-23
-2.88938e-23
-3.5267e-23
-3.07371e-14
-0.00359444
-87.1984
-52.0682
-135.926
-161.325
-185.8
-107.179
-22.5102
-1.20666e-05
-2.94e-14
-0.175566
-66.1898
-159.991
-80.2403
-7.38483
-4.78501e-08
-1.3468e-23
-5.09567e-24
-9.18219e-25
-9.17347e-25
-5.09974e-24
-1.34845e-23
-4.90057e-08
-7.49121
-79.5119
-158.555
-65.3471
-0.179157
-3.54204e-14
-1.19019e-05
-22.4491
-107.18
-185.94
-161.486
-136.074
-51.9545
-87.4189
-0.00371421
-3.18596e-14
-3.49351e-23
-2.86082e-23
-2.14886e-23
-1.31688e-23
-9.431e-24
-5.5e-24
-8.92484e-24
-1.62199e-23
-2.49137e-23
-3.55734e-23
-4.58589e-07
-0.147124
-167.973
-69.769
-104.207
-157.398
-167.142
-171.298
-76.1714
-2.60099
-0.000378009
-12.7455
-133.698
-187.851
-77.4666
-0.129319
-7.79472e-17
-1.16414e-23
-4.26539e-24
-4.97476e-25
-4.99666e-25
-4.27436e-24
-1.16602e-23
-9.42636e-17
-0.130152
-77.4152
-185.853
-132.125
-12.7942
-0.000385136
-2.57484
-76.0025
-171.297
-167.301
-157.692
-104.347
-70.5564
-170.546
-0.111585
-2.89944e-07
-3.53813e-23
-2.47749e-23
-1.61206e-23
-8.87782e-24
-5.48508e-24
-2.46756e-24
-6.22846e-24
-1.31081e-23
-2.2611e-23
-3.62316e-23
-0.00939266
-173.188
-190.987
-103.225
-74.352
-146.358
-157.322
-160.885
-142.5
-84.0375
-10.9587
-99.8445
-170.396
-153.208
-80.297
-0.00935777
-2.11904e-23
-1.08502e-23
-3.99264e-24
-5.63644e-25
-5.67306e-25
-4.00504e-24
-1.08742e-23
-2.12271e-23
-0.00926867
-79.7142
-152.127
-168.583
-99.3811
-10.9392
-84.5968
-142.396
-161.099
-157.508
-146.556
-74.4109
-104.798
-197.502
-179.055
-0.013962
-3.63568e-23
-2.26427e-23
-1.31025e-23
-6.2181e-24
-2.45931e-24
-1.00248e-24
-4.88123e-24
-1.12157e-23
-2.00271e-23
-3.27817e-23
-0.0156057
-156.831
-202.744
-98.0169
-51.0258
-119.302
-155.953
-157.422
-147.117
-112.762
-46.1783
-61.3123
-169.762
-117.458
-44.8123
-0.000584526
-2.01337e-23
-1.05154e-23
-4.32595e-24
-1.27774e-24
-1.28185e-24
-4.33974e-24
-1.05439e-23
-2.01883e-23
-0.000603794
-44.6759
-116.644
-168.538
-60.4967
-46.425
-112.733
-147.472
-157.621
-156.116
-119.411
-51.1193
-95.0461
-208.624
-171.85
-0.0355164
-3.32211e-23
-2.01888e-23
-1.12704e-23
-4.89576e-24
-1.00403e-24
-1.47917e-24
-5.03954e-24
-1.07122e-23
-1.75555e-23
-2.55636e-23
-2.69221e-06
-0.0115157
-0.0162588
-0.00734046
-22.1522
-71.2544
-172.907
-166.67
-151.627
-129.621
-100.661
-104.539
-164.319
-100.198
-40.1302
-0.000519985
-1.90544e-23
-1.06459e-23
-5.41043e-24
-2.83994e-24
-2.84341e-24
-5.42184e-24
-1.06695e-23
-1.91031e-23
-0.000550886
-39.9542
-99.7086
-163.317
-103.713
-100.32
-129.72
-151.731
-166.714
-172.899
-71.3664
-22.7081
-0.00703715
-0.0274033
-0.0291987
-9.0376e-06
-2.59069e-23
-1.76906e-23
-1.07626e-23
-5.05264e-24
-1.47589e-24
-4.01195e-24
-7.15525e-24
-1.28578e-23
-1.80672e-23
-2.15022e-23
-2.28426e-23
-2.07692e-23
-1.75257e-23
-1.5595e-16
-0.00152392
-53.3068
-124.681
-191.266
-166.624
-150.275
-138.397
-145.38
-185.767
-119.494
-61.3953
-0.00417444
-1.79199e-23
-1.13987e-23
-7.54478e-24
-5.52934e-24
-5.53151e-24
-7.551e-24
-1.1409e-23
-1.79353e-23
-0.00432754
-61.688
-118.707
-184.44
-144.547
-137.946
-150.072
-166.497
-191.047
-124.474
-53.3826
-0.00160721
-1.88538e-16
-1.7121e-23
-2.02113e-23
-2.27955e-23
-2.15213e-23
-1.80808e-23
-1.28576e-23
-7.14457e-24
-3.98763e-24
-8.06432e-24
-1.16217e-23
-1.94074e-23
-2.47382e-23
-2.55647e-23
-2.24895e-23
-1.79657e-23
-1.4208e-23
-1.28226e-23
-3.0389e-09
-0.172461
-41.0251
-165.677
-176.78
-171.769
-166.91
-168.407
-174.567
-136.168
-62.9204
-0.038871
-2.06409e-22
-1.32473e-23
-1.13572e-23
-9.69554e-24
-9.69692e-24
-1.13594e-23
-1.3248e-23
-2.11848e-22
-0.0398932
-62.5914
-135.676
-173.63
-167.668
-166.386
-171.424
-176.56
-165.594
-41.0824
-0.174454
-3.18478e-09
-1.26555e-23
-1.39675e-23
-1.76587e-23
-2.22743e-23
-2.54228e-23
-2.46461e-23
-1.93468e-23
-1.15795e-23
-8.01386e-24
-1.19421e-23
-1.8518e-23
-3.32823e-23
-1.18335e-22
-8.655e-23
-3.34305e-23
-2.50124e-23
-1.80748e-23
-1.27806e-23
-9.31152e-24
-3.89733e-07
-25.8265
-146.198
-217.809
-196.371
-193.146
-190.359
-186.645
-174.24
-78.3538
-2.53605
-3.23048e-11
-1.81071e-23
-1.83175e-23
-1.5529e-23
-1.55317e-23
-1.83188e-23
-1.81025e-23
-3.37337e-11
-2.58694
-78.3045
-173.803
-185.98
-189.707
-192.594
-195.933
-217.419
-145.969
-25.8405
-4.06391e-07
-9.21972e-24
-1.26623e-23
-1.79094e-23
-2.47981e-23
-3.31953e-23
-8.19641e-23
-1.11973e-22
-3.31613e-23
-1.84473e-23
-1.18751e-23
-1.28414e-23
-2.73166e-23
-1.92974e-05
-0.0400879
-0.0203715
-0.000147689
-0.000426527
-0.00115661
-0.000249529
-0.00013323
-0.000327935
-1.86992
-60.3014
-156.965
-208.925
-222.243
-215.921
-209.159
-227.816
-145.952
-29.1853
-3.79269e-06
-1.17738e-09
-8.19597e-08
-3.43615e-10
-3.4003e-10
-8.11209e-08
-1.16664e-09
-3.90492e-06
-29.342
-145.568
-227.185
-208.534
-215.287
-221.655
-208.451
-156.663
-60.1936
-1.92215
-0.000363608
-0.000149657
-0.000274349
-0.00120975
-0.000436542
-0.000149547
-0.0206246
-0.0405985
-1.95522e-05
-2.72267e-23
-1.27794e-23
-8.96126e-24
-3.36346e-23
-0.0125221
-268.723
-217.925
-70.6396
-229.073
-109.969
-57.3375
-55.3303
-63.5352
-70.8015
-34.9449
-134.21
-292.406
-281.438
-246.992
-209.709
-175.06
-137.911
-40.1344
-1.66747
-0.80715
-51.7322
-0.00666749
-0.00669245
-51.5682
-0.806928
-1.66895
-40.049
-137.56
-174.6
-209.14
-246.332
-280.731
-291.742
-133.922
-34.8613
-69.2047
-61.3301
-53.3503
-55.5068
-107.81
-228.526
-70.4474
-217.281
-267.96
-0.012699
-3.35459e-23
-8.92584e-24
-7.82791e-24
-5.72009e-23
-0.0167014
-107.794
-284.209
-304.508
-713.229
-430.811
-342.165
-357.036
-364.413
-272.21
-133.395
-302.376
-106209
-41897.6
-19582.5
-14259.6
-10202.4
-6069.07
-2400.33
-612.368
-303.974
-137.311
-0.680432
-0.683354
-137.375
-303.944
-611.936
-2396.14
-6055.54
-10177.3
-14223.3
-19533
-41798
-105970
-301.788
-133.321
-268.273
-357.489
-349.329
-334.162
-419.696
-712.425
-303.798
-283.521
-107.55
-0.0169339
-5.70767e-23
-7.81104e-24
