-7.82852e-24
-5.72053e-23
-0.0172836
-107.805
-284.254
-304.616
-714.082
-424.667
-337.783
-352.895
-360.805
-270.4
-133.482
-302.033
-106025
-41817.4
-19541.3
-14229.4
-10181.8
-6058.3
-2397.35
-612.206
-303.988
-137.405
-0.687905
-0.686433
-137.473
-304.25
-613.181
-2402.64
-6072.74
-10206
-14262.1
-19583.6
-41899.2
-106216
-302.444
-133.495
-271.513
-363.295
-355.691
-340.692
-428.715
-713.94
-304.686
-284.321
-107.826
-0.0169344
-5.72121e-23
-7.82929e-24
-8.96523e-24
-3.36404e-23
-0.0129646
-268.781
-217.994
-70.6611
-229.195
-108.836
-56.2881
-54.1879
-62.2957
-69.9969
-34.8887
-133.972
-291.856
-280.834
-246.432
-209.23
-174.676
-137.616
-40.0708
-1.67052
-0.806295
-51.3433
-0.00668792
-0.00669132
-51.3737
-0.806483
-1.67296
-40.1712
-137.976
-175.113
-209.728
-246.985
-281.423
-292.411
-134.222
-34.9481
-70.4757
-63.1002
-54.9265
-56.9684
-109.612
-229.262
-70.6863
-218.073
-268.848
-0.0126977
-3.36429e-23
-8.96499e-24
-1.28495e-23
-2.73249e-23
-2.00153e-05
-0.0416222
-0.0211677
-0.000153364
-0.000442176
-0.00119953
-0.000259263
-0.00013811
-0.000339465
-1.89237
-60.1712
-156.653
-208.489
-221.721
-215.373
-208.63
-227.278
-145.616
-29.3976
-3.95753e-06
-1.11201e-09
-7.69203e-08
-3.21958e-10
-3.27291e-10
-7.81718e-08
-1.12776e-09
-3.86941e-06
-29.404
-146.033
-227.892
-209.147
-215.874
-222.197
-208.905
-156.982
-60.3155
-1.91312
-0.000341282
-0.000138459
-0.000258457
-0.00118432
-0.000434459
-0.000150057
-0.0206844
-0.0406793
-1.95725e-05
-2.73237e-23
-1.28468e-23
-1.19519e-23
-1.8526e-23
-3.32931e-23
-1.44451e-22
-1.05886e-22
-3.34369e-23
-2.50101e-23
-1.80633e-23
-1.27637e-23
-9.28892e-24
-4.0217e-07
-25.8768
-145.934
-217.391
-195.946
-192.642
-189.789
-186.09
-173.917
-78.3469
-2.59923
-3.45976e-11
-1.80709e-23
-1.82863e-23
-1.55026e-23
-1.55018e-23
-1.8285e-23
-1.80698e-23
-3.28738e-11
-2.58241
-78.612
-174.393
-186.555
-190.25
-193.06
-196.309
-217.741
-146.153
-26.028
-4.09709e-07
-9.32355e-24
-1.28051e-23
-1.81168e-23
-2.50731e-23
-3.3489e-23
-9.36968e-23
-1.27919e-22
-3.32871e-23
-1.85187e-23
-1.19443e-23
-8.07332e-24
-1.16281e-23
-1.94143e-23
-2.47435e-23
-2.55617e-23
-2.24662e-23
-1.79098e-23
-1.41587e-23
-1.27908e-23
-3.12159e-09
-0.174664
-41.0426
-165.519
-176.52
-171.42
-166.42
-167.75
-173.775
-135.768
-62.7266
-0.0401354
-2.19003e-22
-1.32146e-23
-1.13277e-23
-9.66788e-24
-9.66724e-24
-1.13258e-23
-1.32113e-23
-2.02438e-22
-0.0396598
-62.5833
-136.242
-174.18
-168.211
-166.793
-171.694
-176.747
-165.757
-41.147
-0.177313
-3.25456e-09
-1.28601e-23
-1.42449e-23
-1.80154e-23
-2.25063e-23
-2.55613e-23
-2.47258e-23
-1.93948e-23
-1.16141e-23
-8.06012e-24
-4.01821e-24
-7.15917e-24
-1.28623e-23
-1.80733e-23
-2.15085e-23
-2.28335e-23
-2.06218e-23
-1.74078e-23
-1.71614e-16
-0.00157144
-53.3902
-124.444
-190.992
-166.449
-150.05
-137.959
-144.62
-184.58
-118.791
-61.7415
-0.00436277
-1.78873e-23
-1.13689e-23
-7.51775e-24
-5.50338e-24
-5.50277e-24
-7.51563e-24
-1.13644e-23
-1.78788e-23
-0.00426819
-61.9349
-119.333
-185.332
-145.204
-138.29
-150.196
-166.522
-190.973
-124.377
-53.5816
-0.00163364
-1.82689e-16
-1.75455e-23
-2.08407e-23
-2.27622e-23
-2.1433e-23
-1.802e-23
-1.28289e-23
-7.14029e-24
-4.00252e-24
-1.48142e-24
-5.03947e-24
-1.07123e-23
-1.75638e-23
-2.56106e-23
-8.55712e-06
-0.0277764
-0.0266304
-0.00700242
-22.3991
-71.1727
-172.733
-166.612
-151.656
-129.669
-100.281
-103.81
-163.617
-99.9044
-39.9315
-0.000554483
-1.90368e-23
-1.06194e-23
-5.38596e-24
-2.81724e-24
-2.81692e-24
-5.38431e-24
-1.06143e-23
-1.90246e-23
-0.00053809
-39.9738
-100.273
-164.279
-104.482
-100.563
-129.594
-151.597
-166.574
-172.729
-71.3232
-22.6532
-0.00678482
-0.0206528
-0.018553
-5.45592e-06
-2.53975e-23
-1.74789e-23
-1.0674e-23
-5.02243e-24
-1.47057e-24
-1.00075e-24
-4.87463e-24
-1.12022e-23
-2.00092e-23
-3.27663e-23
-0.0343676
-161.695
-205
-95.8454
-51.2275
-119.187
-156.021
-157.523
-147.372
-112.657
-46.4571
-60.6142
-169.166
-116.968
-44.6679
-0.000602543
-2.0097e-23
-1.04799e-23
-4.30057e-24
-1.25935e-24
-1.25986e-24
-4.30097e-24
-1.0477e-23
-2.0086e-23
-0.000600465
-44.795
-117.511
-169.315
-61.3379
-46.1417
-112.531
-147.202
-157.429
-155.933
-119.257
-50.9779
-95.4573
-198.693
-148.249
-0.0234571
-3.2682e-23
-1.99675e-23
-1.1185e-23
-4.87041e-24
-1.00382e-24
-2.46538e-24
-6.21525e-24
-1.30754e-23
-2.25499e-23
-3.61135e-23
-0.0147485
-171.813
-192.81
-103.512
-74.1795
-146.363
-157.384
-161.004
-142.366
-84.4029
-11.0045
-100.04
-169.311
-152.823
-80.0715
-0.00922656
-2.11046e-23
-1.07915e-23
-3.96228e-24
-5.51755e-25
-5.53931e-25
-3.96694e-24
-1.07934e-23
-2.1095e-23
-0.00950397
-79.9439
-152.588
-169.339
-98.8984
-10.9737
-84.488
-142.279
-160.932
-157.34
-146.425
-74.3858
-103.387
-190.238
-173.93
-0.0106797
-3.62472e-23
-2.25893e-23
-1.30934e-23
-6.23023e-24
-2.48758e-24
-5.50601e-24
-8.90984e-24
-1.61733e-23
-2.48325e-23
-3.54438e-23
-3.95284e-07
-0.130392
-167.387
-70.2557
-104.156
-157.546
-167.193
-171.284
-76.0535
-2.60959
-0.000385016
-12.7188
-132.626
-186.502
-77.931
-0.12941
-9.53347e-17
-1.15495e-23
-4.22752e-24
-4.97267e-25
-5.0237e-25
-4.23982e-24
-1.15619e-23
-8.53187e-17
-0.132862
-76.3815
-187.471
-132.971
-12.9622
-0.000389058
-2.59817
-75.9907
-171.182
-167.111
-157.4
-104.21
-69.801
-169.824
-0.124262
-3.09521e-07
-3.55816e-23
-2.4891e-23
-1.62104e-23
-8.94146e-24
-5.54573e-24
-9.4502e-24
-1.32382e-23
-2.1641e-23
-2.8803e-23
-3.51662e-23
-3.26426e-14
-0.00352674
-86.8417
-52.0603
-135.902
-161.364
-185.808
-107.22
-22.5936
-1.24016e-05
-3.49897e-14
-0.176954
-65.5651
-159.13
-79.7473
-7.43955
-4.94e-08
-1.33221e-23
-5.04661e-24
-9.3907e-25
-9.49059e-25
-5.07084e-24
-1.33535e-23
-4.9245e-08
-7.5717
-80.4437
-159.881
-66.2584
-0.181736
-3.2334e-14
-1.22621e-05
-22.5259
-107.152
-185.767
-161.363
-135.881
-52.2821
-88.1537
-0.00381743
-3.26539e-14
-3.52144e-23
-2.88321e-23
-2.16821e-23
-1.32866e-23
-9.50119e-24
-1.28496e-23
-2.00906e-23
-5.13591e-22
-8.26069e-20
-9.78841e-12
-0.00032229
-9.32972
-113.641
-86.5548
-148.775
-170.331
-115.268
-66.5575
-0.0228891
-1.53083e-13
-3.60646e-24
-0.00260938
-84.5334
-164.052
-130.026
-62.1313
-0.000331371
-1.52499e-23
-6.09566e-24
-1.69267e-24
-1.71106e-24
-6.13461e-24
-1.52894e-23
-0.000340078
-61.7581
-129.766
-164.517
-83.681
-0.00272315
-3.59775e-24
-1.49594e-13
-0.0227494
-66.5087
-115.261
-170.406
-148.816
-86.5761
-113.611
-9.30898
-0.000315917
-9.57716e-12
-9.60443e-20
-6.19465e-22
-2.01809e-23
-1.28989e-23
-1.30517e-23
-1.39917e-06
-0.023183
-0.202385
-0.253455
-18.3835
-216.795
-239.227
-102.025
-128.309
-142.665
-77.8011
-5.56308
-1.48353e-07
-3.60656e-24
-3.76849e-24
-1.61779e-05
-34.5431
-150.242
-164.547
-75.6971
-0.00879297
-1.5572e-23
-7.05438e-24
-2.63966e-24
-2.67618e-24
-7.11486e-24
-1.55897e-23
-0.00925359
-76.3051
-164.457
-150.141
-35.0916
-1.71771e-05
-3.78143e-24
-3.59854e-24
-1.48226e-07
-5.54676
-77.9201
-142.636
-128.382
-102.313
-239.557
-216.888
-18.2617
-0.257602
-0.194271
-0.0207571
-1.14135e-06
-1.30689e-23
-7.42851e-24
-0.0152327
-202.342
-206.423
-148.834
-224.157
-227.412
-305.18
-345.754
-183.564
-136.996
-195.478
-0.193274
-7.85404e-16
-2.32949e-24
-3.10774e-24
-3.22525e-10
-5.23103
-61.5276
-107.236
-31.0985
-4.77854
-1.23102e-11
-8.49289e-24
-3.82561e-24
-3.91201e-24
-8.60785e-24
-1.60811e-11
-5.38973
-31.7039
-107.894
-61.8671
-5.78105
-3.23585e-10
-3.13471e-24
-2.33206e-24
-7.85301e-16
-0.192673
-195.669
-137.248
-183.855
-346.262
-305.365
-227.462
-224.205
-149.207
-206.794
-202.458
-0.0119871
-7.36496e-24
-3.692e-24
-0.0142737
-164.801
-180.735
-136.908
-395.148
-230.202
-225.354
-509.765
-578.866
-590.458
-252.864
-0.029429
-3.78582e-20
-1.36212e-24
-2.49695e-24
-2.28185e-18
-0.905436
-36.577
-75.7913
-47.0883
-32.0377
-0.000476659
-1.39195e-20
-5.10127e-24
-5.34411e-24
-4.17655e-21
-0.000489066
-31.5814
-47.76
-76.6168
-36.8955
-1.04139
-2.29238e-18
-2.52002e-24
-1.36948e-24
-3.78557e-20
-0.029363
-252.982
-590.706
-579.259
-509.904
-225.72
-230.438
-395.206
-136.985
-180.413
-163.82
-0.0109873
-3.67927e-24
-3.58255e-24
-1.5395e-06
-0.0181903
-0.122713
-0.25548
-7.61576
-106.829
-203.957
-407.848
-476.708
-472.6
-221.685
-0.00221524
-1.33658e-21
-6.80545e-25
-2.87992e-24
-6.26931e-07
-13.6986
-20.1222
-35.5076
-40.5199
-17.1083
-19.4449
-0.0108252
-6.90299e-09
-1.6612e-08
-0.0169692
-19.4539
-17.5613
-41.2884
-35.8963
-20.2391
-14.5147
-6.09318e-07
-2.89178e-24
-6.88616e-25
-1.32725e-21
-0.0022107
-221.781
-472.571
-476.425
-407.349
-204.007
-106.701
-7.57695
-0.257382
-0.111922
-0.0147167
-1.14646e-06
-3.57354e-24
-3.06464e-24
-1.15631e-23
-1.99975e-23
-1.90735e-19
-6.20856e-10
-0.280526
-16.7305
-27.565
-37.4391
-65.3101
-37.4836
-59.6026
-0.0524985
-3.11247e-15
-5.279e-25
-3.80154e-24
-0.0130708
-47.0948
-44.1202
-17.2529
-17.5625
-22.2743
-29.8572
-83.1002
-0.00616487
-0.0117313
-68.885
-32.1034
-23.1019
-17.9657
-17.346
-44.038
-46.5635
-0.0115885
-3.79813e-24
-5.37331e-25
-3.02572e-15
-0.0525333
-59.3132
-37.4839
-65.0386
-37.4097
-27.5442
-16.8166
-0.281192
-6.17594e-10
-1.76557e-19
-2.0024e-23
-1.15343e-23
-3.05564e-24
-2.52808e-24
-9.93767e-24
-1.98364e-23
-2.75795e-23
-0.000852901
-44.975
-27.18
-42.2419
-32.8174
-14.7798
-46.4336
-22.6886
-21.5091
-0.000599334
-2.48307e-24
-5.88113e-24
-0.0444426
-76.5213
-50.1242
-6.28599
-22.8311
-16.2997
-19.4579
-79.9024
-0.230463
-0.367772
-57.6629
-20.7426
-16.6869
-22.9251
-6.29762
-49.636
-84.2402
-0.0376608
-5.87428e-24
-2.50219e-24
-0.000604974
-21.5535
-22.7125
-46.4921
-14.7739
-32.8096
-42.2353
-27.2014
-45.0029
-0.000846417
-2.76218e-23
-1.98596e-23
-9.93569e-24
-2.5222e-24
-2.52687e-24
-1.14697e-23
-2.72181e-23
-1.26441e-06
-14.4516
-26.8131
-40.4041
-29.6179
-18.4027
-9.04309
-55.1764
-32.0779
-50.2891
-5.58343
-2.7564e-07
-1.28325e-23
-1.24934e-05
-1.31438
-10.1383
-1.18399
-0.618836
-1.87251
-7.09609
-1.87166
-0.000568575
-0.000888031
-2.99629
-10.0465
-1.78668
-0.598012
-1.16994
-9.37535
-1.1436
-1.00969e-05
-1.28067e-23
-2.77125e-07
-5.63801
-50.367
-32.1173
-55.2149
-9.03326
-18.3957
-29.6188
-40.417
-26.8208
-14.3458
-1.24662e-06
-2.72431e-23
-1.14749e-23
-2.52347e-24
-3.12192e-24
-1.43391e-23
-3.80576e-23
-0.00661837
-18.7724
-27.6823
-29.7984
-24.4637
-3.56866
-28.0574
-34.692
-48.3632
-18.3543
-26.7416
-0.172204
-2.41292e-23
-3.62993e-23
-6.13269e-23
-8.181e-23
-9.35633e-23
-1.00397e-22
-1.05013e-22
-1.05633e-22
-9.61823e-23
-8.00341e-23
-8.06364e-23
-9.70946e-23
-1.06065e-22
-1.05044e-22
-1.00358e-22
-9.35155e-23
-8.16822e-23
-6.11423e-23
-3.61842e-23
-2.41246e-23
-0.174283
-26.7439
-18.3749
-48.4036
-34.7848
-28.0384
-3.54772
-24.4671
-29.8068
-27.6909
-18.7837
-0.00656957
-3.80841e-23
-1.43462e-23
-3.11947e-24
-4.27817e-24
-1.6771e-23
-4.59793e-23
-0.726499
-16.0157
-24.1375
-20.861
-2.63413
-1.23923e-05
-0.0187953
-77.567
-10.0403
-18.9496
-61.9754
-2.5238
-4.26166e-23
-3.64198e-23
-4.37352e-23
-5.32514e-23
-6.05041e-23
-6.52202e-23
-6.77522e-23
-6.75781e-23
-6.38516e-23
-5.90467e-23
-5.92283e-23
-6.41885e-23
-6.78059e-23
-6.78361e-23
-6.52299e-23
-6.04718e-23
-5.31776e-23
-4.3645e-23
-3.63607e-23
-4.26119e-23
-2.56029
-62.2147
-18.9639
-10.0314
-77.4133
-0.0188461
-1.23132e-05
-2.62401
-20.8661
-24.1448
-16.0212
-0.723896
-4.60045e-23
-1.67783e-23
-4.27659e-24
-5.46985e-24
-1.72109e-23
-4.65687e-23
-0.54628
-37.967
-21.1972
-1.26766
-7.59212e-07
-2.30345e-23
-2.40114e-09
-0.00125799
-0.123068
-3.40447
-4.59171
-0.00249683
-4.83328e-23
-3.37612e-23
-3.1769e-23
-3.39933e-23
-3.68541e-23
-3.90941e-23
-4.0303e-23
-4.024e-23
-3.89511e-23
-3.75064e-23
-3.7567e-23
-3.90782e-23
-4.0348e-23
-4.0361e-23
-3.91103e-23
-3.68392e-23
-3.39551e-23
-3.17225e-23
-3.37254e-23
-4.83184e-23
-0.00253939
-4.66019
-3.44074
-0.123283
-0.00125815
-2.40096e-09
-2.30324e-23
-7.56449e-07
-1.26407
-21.2021
-37.9783
-0.544647
-4.65914e-23
-1.72185e-23
-5.47032e-24
-5.28584e-24
-1.42624e-23
-3.67513e-23
-0.000271188
-0.583981
-0.111248
-7.28608e-07
-2.47763e-23
-1.81266e-23
-2.10786e-23
-2.97012e-23
-3.90585e-23
-4.69266e-23
-5.11496e-23
-4.60817e-23
-3.20918e-23
-2.37434e-23
-2.03025e-23
-1.95586e-23
-1.98939e-23
-2.04224e-23
-2.07169e-23
-2.05989e-23
-2.01242e-23
-1.96675e-23
-1.9689e-23
-2.01733e-23
-2.06475e-23
-2.07488e-23
-2.04346e-23
-1.98888e-23
-1.95407e-23
-2.02795e-23
-2.37232e-23
-3.20785e-23
-4.60747e-23
-5.11424e-23
-4.69204e-23
-3.90568e-23
-2.97027e-23
-2.10791e-23
-1.81255e-23
-2.47756e-23
-7.26998e-07
-0.110963
-0.582414
-0.000270402
-3.67706e-23
-1.42705e-23
-5.28898e-24
-3.22812e-24
-8.71971e-24
-1.86754e-23
-2.98271e-23
-2.88563e-23
-2.26504e-23
-1.62919e-23
-1.08086e-23
-8.38628e-24
-8.72477e-24
-1.09969e-23
-1.41319e-23
-1.74251e-23
-2.00914e-23
-2.00785e-23
-1.6771e-23
-1.32474e-23
-1.07556e-23
-9.32746e-24
-8.60225e-24
-8.22802e-24
-7.96844e-24
-7.70352e-24
-7.42597e-24
-7.23334e-24
-7.24112e-24
-7.44484e-24
-7.72433e-24
-7.98412e-24
-8.23556e-24
-8.60165e-24
-9.32064e-24
-1.07457e-23
-1.32376e-23
-1.67628e-23
-2.00718e-23
-2.00856e-23
-1.74206e-23
-1.41293e-23
-1.09955e-23
-8.72364e-24
-8.38502e-24
-1.08075e-23
-1.62921e-23
-2.26549e-23
-2.88688e-23
-2.98453e-23
-1.86897e-23
-8.72759e-24
-3.23263e-24
-1.2388e-24
-4.91377e-24
-9.07784e-24
-1.01151e-23
-6.09399e-24
-2.52174e-24
-1.84855e-24
-1.72354e-24
-1.49334e-24
-1.45186e-24
-1.82817e-24
-2.80542e-24
-4.58859e-24
-6.94146e-24
-8.58594e-24
-8.42409e-24
-7.03396e-24
-5.35806e-24
-3.93158e-24
-2.88241e-24
-2.14957e-24
-1.63395e-24
-1.26087e-24
-9.98962e-25
-8.57609e-25
-8.59488e-25
-1.00377e-24
-1.26677e-24
-1.63922e-24
-2.15316e-24
-2.88398e-24
-3.93132e-24
-5.35646e-24
-7.03152e-24
-8.42121e-24
-8.58302e-24
-6.93889e-24
-4.58663e-24
-2.80399e-24
-1.82705e-24
-1.45084e-24
-1.49224e-24
-1.72232e-24
-1.84772e-24
-2.52314e-24
-6.10077e-24
-1.0127e-23
-9.08914e-24
-4.92039e-24
-1.24186e-24
-1.24642e-24
-4.91817e-24
-9.08191e-24
-1.01201e-23
-6.10066e-24
-2.52812e-24
-1.85339e-24
-1.72702e-24
-1.49606e-24
-1.45424e-24
-1.83029e-24
-2.80703e-24
-4.58936e-24
-6.94128e-24
-8.58459e-24
-8.42046e-24
-7.02687e-24
-5.34648e-24
-3.91435e-24
-2.85759e-24
-2.11407e-24
-1.58396e-24
-1.19319e-24
-9.12969e-25
-7.57292e-25
-7.53967e-25
-9.04937e-25
-1.18468e-24
-1.57847e-24
-2.11307e-24
-2.86078e-24
-3.92019e-24
-5.3528e-24
-7.03175e-24
-8.42317e-24
-8.5858e-24
-6.94226e-24
-4.59046e-24
-2.80798e-24
-1.83094e-24
-1.45458e-24
-1.49613e-24
-1.72696e-24
-1.85368e-24
-2.53035e-24
-6.10818e-24
-1.0133e-23
-9.09305e-24
-4.92282e-24
-1.24436e-24
-3.25037e-24
-8.73106e-24
-1.86832e-23
-2.98353e-23
-2.88742e-23
-2.26693e-23
-1.63061e-23
-1.08184e-23
-8.39397e-24
-8.73198e-24
-1.10042e-23
-1.41386e-23
-1.74304e-23
-2.00955e-23
-2.00804e-23
-1.67648e-23
-1.32293e-23
-1.07239e-23
-9.2804e-24
-8.53486e-24
-8.13016e-24
-7.82595e-24
-7.50231e-24
-7.15968e-24
-6.91294e-24
-6.89914e-24
-7.12653e-24
-7.46728e-24
-7.8022e-24
-8.12212e-24
-8.54111e-24
-9.29624e-24
-1.07428e-23
-1.3245e-23
-1.67741e-23
-2.00844e-23
-2.00986e-23
-1.74339e-23
-1.41422e-23
-1.10074e-23
-8.73444e-24
-8.39594e-24
-1.08208e-23
-1.63107e-23
-2.2679e-23
-2.88941e-23
-2.9865e-23
-1.8701e-23
-8.73419e-24
-3.2392e-24
-5.32004e-24
-1.42741e-23
-3.67452e-23
-0.000271403
-0.584505
-0.111355
-7.28921e-07
-2.47902e-23
-1.81374e-23
-2.10906e-23
-2.97164e-23
-3.9076e-23
-4.69463e-23
-5.11753e-23
-4.61108e-23
-3.20968e-23
-2.37213e-23
-2.02569e-23
-1.94941e-23
-1.98066e-23
-2.02928e-23
-2.05115e-23
-2.02768e-23
-1.96549e-23
-1.90621e-23
-1.9021e-23
-1.95596e-23
-2.01831e-23
-2.04533e-23
-2.02745e-23
-1.9821e-23
-1.95302e-23
-2.02995e-23
-2.37552e-23
-3.21125e-23
-4.61087e-23
-5.11737e-23
-4.69488e-23
-3.90818e-23
-2.97233e-23
-2.10955e-23
-1.81408e-23
-2.47951e-23
-7.2845e-07
-0.111161
-0.583412
-0.000270874
-3.67874e-23
-1.42792e-23
-5.29717e-24
-5.50976e-24
-1.72105e-23
-4.65159e-23
-0.546419
-37.9519
-21.1951
-1.26955
-7.60144e-07
-2.30446e-23
-2.39882e-09
-0.00126221
-0.123571
-3.43296
-4.64558
-0.0025315
-4.83696e-23
-3.37364e-23
-3.1709e-23
-3.39277e-23
-3.67905e-23
-3.90007e-23
-4.01127e-23
-3.98509e-23
-3.82563e-23
-3.64856e-23
-3.63701e-23
-3.79995e-23
-3.96273e-23
-3.99973e-23
-3.89741e-23
-3.68252e-23
-3.40038e-23
-3.17968e-23
-3.38001e-23
-4.83846e-23
-0.00256722
-4.70316
-3.46666
-0.123782
-0.00126488
-2.41422e-09
-2.30467e-23
-7.58695e-07
-1.26646
-21.2117
-37.9929
-0.545526
-4.66041e-23
-1.72257e-23
-5.47738e-24
-4.31638e-24
-1.67492e-23
-4.5865e-23
-0.726577
-16.0025
-24.1169
-20.8448
-2.63907
-1.24148e-05
-0.0188519
-77.487
-10.0471
-18.9953
-62.3376
-2.55083
-4.26821e-23
-3.63704e-23
-4.36366e-23
-5.32017e-23
-6.05431e-23
-6.52991e-23
-6.77638e-23
-6.73035e-23
-6.29761e-23
-5.73942e-23
-5.70656e-23
-6.22839e-23
-6.6807e-23
-6.75909e-23
-6.52908e-23
-6.06201e-23
-5.33506e-23
-4.38092e-23
-3.64821e-23
-4.26858e-23
-2.57569
-62.4503
-18.9778
-10.036
-77.426
-0.0188828
-1.23495e-05
-2.6281
-20.8713
-24.1509
-16.0256
-0.72509
-4.60102e-23
-1.67828e-23
-4.28139e-24
-3.15513e-24
-1.42956e-23
-3.78913e-23
-0.00661538
-18.7268
-27.6477
-29.7613
-24.4278
-3.5708
-28.0666
-34.7657
-48.44
-18.3927
-26.8009
-0.173675
-2.41677e-23
-3.61476e-23
-6.11097e-23
-8.18004e-23
-9.3849e-23
-1.00888e-22
-1.05641e-22
-1.06024e-22
-9.55439e-23
-7.75254e-23
-7.65438e-23
-9.35919e-23
-1.05007e-22
-1.05595e-22
-1.01001e-22
-9.39847e-23
-8.20636e-23
-6.14598e-23
-3.63682e-23
-2.418e-23
-0.174313
-26.7202
-18.3773
-48.4043
-34.794
-28.0501
-3.54719
-24.463
-29.8104
-27.6954
-18.7835
-0.00660693
-3.80852e-23
-1.43493e-23
-3.12248e-24
-2.56293e-24
-1.14171e-23
-2.70276e-23
-1.26011e-06
-14.4231
-26.7745
-40.3496
-29.5609
-18.3468
-9.05473
-55.2797
-32.1349
-50.4081
-5.61675
-2.75829e-07
-1.27987e-23
-7.82345e-06
-0.991291
-8.89137
-1.22801
-0.652389
-2.27082
-6.15438
-1.19638
-0.000262117
-0.000255142
-0.965187
-5.07887
-1.93549
-0.659605
-1.2039
-10.0808
-1.29785
-1.22995e-05
-1.28592e-23
-2.73611e-07
-5.60461
-50.379
-32.1164
-55.2405
-9.03865
-18.3626
-29.6048
-40.423
-26.8259
-14.4336
-1.2648e-06
-2.72455e-23
-1.14792e-23
-2.52573e-24
-2.58648e-24
-9.90133e-24
-1.96252e-23
-2.73009e-23
-0.00085282
-44.7188
-27.1644
-42.1467
-32.7477
-14.7724
-46.5141
-22.7189
-21.6266
-0.000603554
-2.5242e-24
-5.85498e-24
-0.0314689
-90.1988
-49.3413
-6.35252
-22.981
-16.3011
-19.0004
-98.6551
-0.0796344
-0.0915154
-159.824
-17.621
-16.4645
-22.9626
-6.33599
-50.0235
-77.0381
-0.0439036
-5.89061e-24
-2.4883e-24
-0.000601893
-21.5367
-22.7019
-46.5134
-14.7618
-32.7626
-42.2078
-27.2289
-44.9391
-0.000853223
-2.76155e-23
-1.98712e-23
-9.94481e-24
-2.52401e-24
-3.16268e-24
-1.16118e-23
-1.96745e-23
-1.67139e-19
-6.18444e-10
-0.283032
-16.7346
-27.4846
-37.349
-65.0263
-37.4772
-59.3323
-0.0527461
-3.06899e-15
-5.42377e-25
-3.77089e-24
-0.0104618
-45.9798
-43.8253
-17.2283
-17.5349
-22.0567
-28.4056
-115.607
-0.00171279
-0.00228674
-110.851
-26.8267
-21.5928
-17.3005
-17.2111
-44.3435
-46.7807
-0.0129129
-3.80702e-24
-5.29435e-25
-2.95792e-15
-0.0522799
-59.2897
-37.4363
-65.0444
-37.3632
-27.529
-16.8998
-0.282031
-5.74185e-10
-1.76808e-19
-2.00925e-23
-1.15547e-23
-3.05538e-24
-3.70067e-24
-2.42137e-06
-0.0250526
-0.138401
-0.249787
-7.57585
-106.606
-203.874
-407.109
-476.44
-472.435
-221.598
-0.0022165
-1.32155e-21
-6.89924e-25
-2.87177e-24
-6.30735e-07
-13.949
-20.1183
-35.5517
-40.6525
-17.198
-22.0535
-0.00438315
-4.82629e-10
-2.43998e-09
-0.00569716
-19.8142
-16.8534
-40.0788
-35.2822
-20.0454
-14.1285
-6.1868e-07
-2.88599e-24
-6.80849e-25
-1.309e-21
-0.00220253
-221.415
-471.909
-475.902
-406.864
-204.202
-106.632
-7.47166
-0.249108
-0.109813
-0.015059
-1.19968e-06
-3.5683e-24
-3.7448e-24
-0.0194045
-166.692
-183.679
-137.382
-395.979
-230.659
-225.584
-509.745
-577.323
-588.763
-252.587
-0.0294063
-3.75879e-20
-1.37168e-24
-2.50404e-24
-3.85861e-18
-0.904169
-36.6698
-76.0415
-47.3356
-33.8583
-0.000509038
-6.13803e-21
-4.45731e-24
-4.44013e-24
-5.66454e-21
-0.000446972
-33.5677
-46.8102
-75.3837
-36.417
-0.98034
-1.77539e-18
-2.50192e-24
-1.36047e-24
-3.77197e-20
-0.0293291
-252.467
-589.415
-577.903
-509.908
-226.021
-230.201
-393.688
-136.364
-177.852
-163.466
-0.0122867
-3.67206e-24
-7.59808e-24
-0.0182124
-204.117
-209.112
-149.896
-224.618
-227.713
-305.594
-344.041
-182.86
-136.58
-194.931
-0.193611
-7.77361e-16
-2.33764e-24
-3.12028e-24
-3.72523e-10
-5.23701
-61.7024
-107.587
-31.2977
-4.93765
-1.29632e-11
-8.66105e-24
-3.46521e-24
-3.45975e-24
-8.65672e-24
-1.53966e-11
-5.14732
-31.0306
-107.007
-61.3691
-5.50373
-2.9632e-10
-3.11001e-24
-2.32499e-24
-7.72021e-16
-0.193329
-194.997
-136.687
-182.91
-344.066
-305.597
-227.055
-223.436
-149.217
-204.823
-201.359
-0.0141359
-7.32719e-24
-1.32248e-23
-1.30611e-06
-0.0214268
-0.194244
-0.254557
-18.34
-216.902
-237.744
-101.48
-128.261
-142.645
-77.6046
-5.57505
-1.48718e-07
-3.6112e-24
-3.77882e-24
-1.67028e-05
-34.7153
-150.565
-164.927
-76.1248
-0.00917376
-1.60755e-23
-7.16915e-24
-2.45548e-24
-2.45389e-24
-7.1702e-24
-1.60933e-23
-0.00894987
-75.6658
-164.286
-150.004
-34.6112
-1.62338e-05
-3.76573e-24
-3.59793e-24
-1.47976e-07
-5.56178
-77.6803
-142.372
-128.229
-101.469
-237.071
-216.363
-18.3484
-0.261197
-0.210262
-0.0241747
-1.46523e-06
-1.28682e-23
-1.29283e-23
-2.00203e-23
-4.8116e-22
-8.29488e-20
-1.02028e-11
-0.000332338
-9.51004
-113.514
-86.6145
-148.821
-170.314
-115.305
-66.6222
-0.0228961
-1.52412e-13
-3.61166e-24
-0.00263463
-84.4991
-164.557
-130.3
-62.6909
-0.000338731
-1.55772e-23
-6.18063e-24
-1.60665e-24
-1.6052e-24
-6.1772e-24
-1.55693e-23
-0.000332764
-62.7677
-129.751
-163.826
-84.394
-0.00262918
-3.59901e-24
-1.48207e-13
-0.0226618
-66.5243
-115.246
-170.358
-148.833
-86.6282
-113.409
-9.54976
-0.000328792
-1.0053e-11
-8.99613e-20
-5.54625e-22
-1.99367e-23
-1.26621e-23
-9.46034e-24
-1.31693e-23
-2.1446e-23
-2.85378e-23
-3.48579e-23
-3.55383e-14
-0.0035343
-86.5276
-51.8473
-135.97
-161.415
-185.928
-107.319
-22.5829
-1.2352e-05
-3.64274e-14
-0.181246
-65.8446
-159.661
-80.1779
-7.55101
-4.94839e-08
-1.35287e-23
-5.11358e-24
-9.08651e-25
-9.0677e-25
-5.10787e-24
-1.35173e-23
-4.90658e-08
-7.42029
-79.6053
-159.011
-65.5927
-0.174299
-3.17032e-14
-1.21763e-05
-22.5216
-107.2
-185.869
-161.417
-135.998
-51.8454
-87.3821
-0.00375177
-3.57217e-14
-3.49423e-23
-2.86476e-23
-2.1525e-23
-1.31326e-23
-9.30039e-24
-5.4921e-24
-8.86379e-24
-1.60711e-23
-2.46751e-23
-3.51955e-23
-3.85897e-07
-0.11988
-166.569
-70.6848
-104.338
-157.762
-167.373
-171.433
-76.0707
-2.59876
-0.00038754
-12.9002
-132.783
-187.007
-77.45
-0.130849
-9.36392e-17
-1.16884e-23
-4.28584e-24
-4.99144e-25
-4.96947e-25
-4.27939e-24
-1.16788e-23
-8.96678e-17
-0.129474
-78.0125
-186.605
-132.881
-12.6491
-0.000379955
-2.59463
-75.9543
-171.281
-167.302
-157.762
-104.322
-70.9187
-169.266
-0.111186
-3.17112e-07
-3.53405e-23
-2.47858e-23
-1.61311e-23
-8.85686e-24
-5.41214e-24
-2.45598e-24
-6.20128e-24
-1.30562e-23
-2.25374e-23
-3.61002e-23
-0.0217074
-173.518
-199.278
-105.392
-74.3234
-146.649
-157.611
-161.209
-142.445
-84.6423
-10.9638
-99.6386
-169.322
-152.814
-80.0864
-0.009347
-2.12568e-23
-1.08954e-23
-4.01614e-24
-5.71994e-25
-5.69464e-25
-4.0084e-24
-1.08826e-23
-2.12419e-23
-0.00924887
-80.0929
-152.88
-169.62
-100.105
-10.9924
-84.6849
-142.304
-161.13
-157.53
-146.563
-74.3225
-105.451
-200.412
-178.437
-0.0181472
-3.63467e-23
-2.26701e-23
-1.31216e-23
-6.2153e-24
-2.42784e-24
-1.0017e-24
-4.88735e-24
-1.12509e-23
-2.01531e-23
-3.31476e-23
-0.0605816
-171.453
-214.108
-93.699
-51.3723
-119.254
-156.245
-157.715
-147.523
-112.661
-46.408
-60.9396
-169.344
-117.304
-44.8239
-0.000611759
-2.02173e-23
-1.05624e-23
-4.35108e-24
-1.28969e-24
-1.28702e-24
-4.34235e-24
-1.05446e-23
-2.01817e-23
-0.00059101
-44.7286
-116.934
-169.245
-60.685
-46.4786
-112.579
-147.525
-157.654
-156.157
-119.372
-51.2382
-94.1406
-213.855
-173.725
-0.0495612
-3.33841e-23
-2.0274e-23
-1.13127e-23
-4.91063e-24
-1.00168e-24
-1.47979e-24
-5.05497e-24
-1.0769e-23
-1.77176e-23
-2.60204e-23
-1.71203e-05
-0.0502188
-0.0365682
-0.00659966
-22.2321
-71.1758
-172.905
-166.797
-151.813
-129.778
-100.432
-104.125
-164.03
-100.178
-39.9943
-0.000555909
-1.9127e-23
-1.06848e-23
-5.43289e-24
-2.85288e-24
-2.85067e-24
-5.4257e-24
-1.06697e-23
-1.90938e-23
-0.000538551
-40.06
-99.83
-163.599
-103.84
-100.264
-129.752
-151.765
-166.715
-172.838
-71.3494
-22.7617
-0.00682598
-0.0336223
-0.0411845
-1.32476e-05
-2.61289e-23
-1.7791e-23
-1.08134e-23
-5.07654e-24
-1.48965e-24
-3.99698e-24
-7.15292e-24
-1.28716e-23
-1.8106e-23
-2.1563e-23
-2.28377e-23
-2.00164e-23
-1.69985e-23
-1.73122e-16
-0.001552
-53.286
-124.598
-191.232
-166.643
-150.23
-138.168
-144.9
-184.884
-119.043
-62.061
-0.00435555
-1.79474e-23
-1.14198e-23
-7.56128e-24
-5.54176e-24
-5.54038e-24
-7.5576e-24
-1.14142e-23
-1.794e-23
-0.00427936
-61.4108
-118.902
-184.856
-144.735
-138.032
-150.137
-166.54
-191.007
-124.386
-53.442
-0.00164045
-2.02316e-16
-1.69771e-23
-1.99994e-23
-2.28552e-23
-2.15939e-23
-1.81369e-23
-1.28954e-23
-7.16658e-24
-4.00496e-24
-8.02579e-24
-1.159e-23
-1.93613e-23
-2.46621e-23
-2.54306e-23
-2.22545e-23
-1.75875e-23
-1.39143e-23
-1.26203e-23
-3.09966e-09
-0.173569
-41.079
-165.69
-176.731
-171.64
-166.655
-167.995
-173.957
-136.078
-62.6488
-0.040186
-2.06068e-22
-1.3256e-23
-1.13698e-23
-9.70803e-24
-9.70693e-24
-1.13683e-23
-1.32567e-23
-2.15623e-22
-0.0395811
-62.8878
-135.735
-174.006
-167.886
-166.526
-171.534
-176.665
-165.722
-41.142
-0.175194
-3.23812e-09
-1.26031e-23
-1.38866e-23
-1.75541e-23
-2.22283e-23
-2.54171e-23
-2.46607e-23
-1.93657e-23
-1.15937e-23
-8.02657e-24
-1.18868e-23
-1.84582e-23
-3.31765e-23
-1.51262e-22
-1.11e-22
-3.31909e-23
-2.4784e-23
-1.78975e-23
-1.26527e-23
-9.20785e-24
-4.01417e-07
-25.8222
-146.113
-217.673
-196.203
-192.908
-190.065
-186.377
-174.276
-78.5854
-2.61019
-3.39117e-11
-1.811e-23
-1.83312e-23
-1.55444e-23
-1.55417e-23
-1.83286e-23
-1.81119e-23
-3.36903e-11
-2.57115
-78.2019
-173.839
-186.161
-189.885
-192.746
-196.07
-217.572
-146.077
-25.818
-4.07095e-07
-9.19113e-24
-1.26256e-23
-1.78564e-23
-2.47303e-23
-3.3134e-23
-9.71755e-23
-1.32628e-22
-3.31632e-23
-1.84527e-23
-1.18807e-23
-1.27882e-23
-2.72369e-23
-2.0415e-05
-0.0424574
-0.0215919
-0.000156421
-0.000451548
-0.00122857
-0.000267617
-0.000142853
-0.00034843
-1.8978
-60.2851
-156.881
-208.753
-222.018
-215.684
-208.96
-227.689
-145.897
-29.4981
-3.94299e-06
-1.12719e-09
-7.81005e-08
-3.27048e-10
-3.2668e-10
-7.80068e-08
-1.12603e-09
-3.88774e-06
-29.2735
-145.585
-227.259
-208.664
-215.439
-221.807
-208.587
-156.774
-60.2444
-1.91242
-0.000361626
-0.000148492
-0.000274315
-0.00122712
-0.000445854
-0.000153426
-0.0211729
-0.0416679
-2.00572e-05
-2.72249e-23
-1.27798e-23
-8.93013e-24
-3.35535e-23
-0.0132223
-268.015
-217.33
-70.4625
-228.61
-107.108
-54.8515
-52.6203
-60.5052
-68.6232
-34.8972
-134.095
-292.157
-281.185
-246.773
-209.55
-174.967
-137.86
-40.145
-1.67442
-0.807313
-51.3688
-0.00671174
-0.00668303
-51.5134
-0.807111
-1.66728
-40.0534
-137.594
-174.666
-209.246
-246.475
-280.896
-291.9
-133.99
-34.8717
-68.7898
-60.7037
-52.7805
-54.979
-107.195
-228.421
-70.4128
-217.171
-267.861
-0.0130117
-3.35406e-23
-8.92474e-24
-7.81214e-24
-5.70844e-23
-0.0176243
-107.563
-283.565
-303.876
-712.983
-415.758
-331.328
-346.604
-355.06
-266.95
-133.485
-302.141
-106122
-41862
-19567.1
-14250.4
-10198.1
-6068.61
-2401.57
-613.269
-304.441
-137.608
-0.688221
-0.686235
-137.38
-303.93
-611.82
-2396.28
-6056.84
-10180.8
-14229.7
-19543
-41819.1
-106021
-301.887
-133.354
-267.285
-355.51
-347.11
-331.854
-416.505
-712.385
-303.688
-283.428
-107.522
-0.0173498
-5.70666e-23
-7.80984e-24
