-0.100708
-0.837405
-6.59059
-77.4091
-53.764
-26.9228
-8.33763
-13.1197
-15.8321
-17.4717
-20.2798
-24.778
-33.6808
-77.8836
-25293.2
-14752.6
-5643.22
-2774.26
-1191.16
-614.879
-406.199
-322.56
-286.824
-271.463
-265.721
-265.721
-271.463
-286.824
-322.56
-406.199
-614.879
-1191.16
-2774.26
-5643.22
-14752.6
-25293.2
-77.8836
-33.6808
-24.778
-20.2798
-17.4717
-15.8321
-13.1197
-8.33763
-26.9228
-53.764
-77.4091
-6.59059
-0.837405
-0.100708
-0.128997
-0.911016
-7.05319
-74.2123
-48.0223
-24.5361
-8.24314
-12.9462
-16.1596
-17.9729
-22.0752
-27.585
-37.4245
-63.1472
-113.2
-106.255
-101.189
-67.6367
-53.5831
-43.9644
-37.6177
-34.0156
-31.9952
-30.8925
-30.401
-30.401
-30.8925
-31.9952
-34.0156
-37.6177
-43.9644
-53.5831
-67.6367
-101.189
-106.255
-113.2
-63.1472
-37.4245
-27.585
-22.0752
-17.9729
-16.1596
-12.9462
-8.24314
-24.5361
-48.0223
-74.2123
-7.05319
-0.911016
-0.128997
-0.163037
-1.10204
-8.69845
-77.2403
-43.7861
-22.907
-8.79399
-13.3773
-17.4176
-19.8256
-24.8469
-30.8068
-37.5469
-50.8017
-68.9578
-77.5811
-70.5917
-54.4571
-43.7566
-38.7443
-35.0473
-32.3468
-30.6931
-29.7787
-29.372
-29.372
-29.7787
-30.6931
-32.3468
-35.0473
-38.7443
-43.7566
-54.4571
-70.5917
-77.5811
-68.9578
-50.8017
-37.5469
-30.8068
-24.8469
-19.8256
-17.4176
-13.3773
-8.79399
-22.907
-43.7861
-77.2403
-8.69845
-1.10204
-0.163037
-0.222202
-1.49149
-12.3722
-81.4251
-39.5563
-21.7005
-9.8739
-14.2208
-19.2193
-22.5504
-27.1661
-32.7931
-37.0416
-43.3483
-50.8033
-55.4606
-50.6394
-43.347
-36.5496
-33.1263
-31.5037
-30.1709
-29.1023
-28.4364
-28.1326
-28.1326
-28.4364
-29.1023
-30.1709
-31.5037
-33.1263
-36.5496
-43.347
-50.6394
-55.4606
-50.8033
-43.3483
-37.0416
-32.7931
-27.1661
-22.5504
-19.2193
-14.2208
-9.8739
-21.7005
-39.5563
-81.4251
-12.3722
-1.49149
-0.222202
-0.327898
-2.24166
-19.5207
-79.8367
-35.7268
-20.9939
-11.3399
-15.3169
-21.2541
-25.044
-29.0586
-33.9946
-37.718
-40.2446
-43.5114
-43.6768
-40.898
-36.2521
-31.3884
-28.4575
-27.545
-27.3136
-27.0662
-26.8295
-26.7028
-26.7028
-26.8295
-27.0662
-27.3136
-27.545
-28.4575
-31.3884
-36.2521
-40.898
-43.6768
-43.5114
-40.2446
-37.718
-33.9946
-29.0586
-25.044
-21.2541
-15.3169
-11.3399
-20.9939
-35.7268
-79.8367
-19.5207
-2.24166
-0.327898
-0.517147
-3.67955
-31.5286
-69.0086
-32.701
-21.0558
-13.1306
-16.5575
-22.6303
-26.7601
-30.8519
-34.1078
-37.0031
-38.9327
-39.5003
-38.2676
-35.6431
-31.9969
-28.1071
-25.2155
-24.0684
-24.143
-24.5411
-24.8299
-24.9598
-24.9598
-24.8299
-24.5411
-24.143
-24.0684
-25.2155
-28.1071
-31.9969
-35.6431
-38.2676
-39.5003
-38.9327
-37.0031
-34.1078
-30.8519
-26.7601
-22.6303
-16.5575
-13.1306
-21.0558
-32.701
-69.0086
-31.5286
-3.67955
-0.517147
-0.849548
-6.42219
-46.8608
-54.0044
-30.7184
-22.2357
-15.3231
-17.8327
-22.7788
-28.2846
-31.3871
-33.9167
-35.1214
-36.1766
-36.0717
-34.6204
-32.203
-29.1734
-25.9317
-23.1752
-21.5971
-21.3224
-21.7903
-22.3496
-22.6704
-22.6704
-22.3496
-21.7903
-21.3224
-21.5971
-23.1752
-25.9317
-29.1734
-32.203
-34.6204
-36.0717
-36.1766
-35.1214
-33.9167
-31.3871
-28.2846
-22.7788
-17.8327
-15.3231
-22.2357
-30.7184
-54.0044
-46.8608
-6.42219
-0.849548
-1.3941
-11.2653
-58.0344
-41.7807
-29.9514
-24.8352
-18.2064
-19.1355
-22.8259
-27.7066
-31.2486
-33.0547
-33.8259
-33.4548
-32.6215
-31.2474
-29.2956
-26.9104
-24.325
-21.8985
-20.0896
-19.2088
-19.1588
-19.4908
-19.7654
-19.7654
-19.4908
-19.1588
-19.2088
-20.0896
-21.8985
-24.325
-26.9104
-29.2956
-31.2474
-32.6215
-33.4548
-33.8259
-33.0547
-31.2486
-27.7066
-22.8259
-19.1355
-18.2064
-24.8352
-29.9514
-41.7807
-58.0344
-11.2653
-1.3941
-2.19478
-18.346
-58.0887
-34.3834
-30.2961
-28.8509
-22.2806
-20.9148
-23.0503
-26.0838
-29.36
-31.2802
-31.9186
-31.6126
-30.3696
-28.7261
-26.9526
-25.0451
-22.981
-20.852
-18.9291
-17.5553
-16.8953
-16.7859
-16.8671
-16.8671
-16.7859
-16.8953
-17.5553
-18.9291
-20.852
-22.981
-25.0451
-26.9526
-28.7261
-30.3696
-31.6126
-31.9186
-31.2802
-29.36
-26.0838
-23.0503
-20.9148
-22.2806
-28.8509
-30.2961
-34.3834
-58.0887
-18.346
-2.19478
-3.258
-26.1443
-50.9621
-30.9738
-31.3724
-33.7034
-27.9918
-23.9891
-23.4373
-24.9235
-26.8181
-28.3537
-28.9962
-28.7465
-27.8858
-26.5801
-24.992
-23.2466
-21.3944
-19.4884
-17.6695
-16.1616
-15.1442
-14.6233
-14.4426
-14.4426
-14.6233
-15.1442
-16.1616
-17.6695
-19.4884
-21.3944
-23.2466
-24.992
-26.5801
-27.8858
-28.7465
-28.9962
-28.3537
-26.8181
-24.9235
-23.4373
-23.9891
-27.9918
-33.7034
-31.3724
-30.9738
-50.9621
-26.1443
-3.258
-4.58411
-32.3595
-44.9816
-30.6876
-32.7733
-38.2299
-35.1265
-29.1823
-25.3775
-24.1853
-24.4666
-25.2342
-25.7487
-25.6696
-25.0268
-23.9999
-22.7255
-21.2697
-19.6591
-17.9243
-16.1469
-14.4777
-13.0997
-12.1513
-11.6809
-11.6809
-12.1513
-13.0997
-14.4777
-16.1469
-17.9243
-19.6591
-21.2697
-22.7255
-23.9999
-25.0268
-25.6696
-25.7487
-25.2342
-24.4666
-24.1853
-25.3775
-29.1823
-35.1265
-38.2299
-32.7733
-30.6876
-44.9816
-32.3595
-4.58411
-6.29868
-36.787
-44.0977
-33.2917
-34.4205
-41.197
-42.0882
-36.6347
-30.132
-25.671
-23.2827
-22.1949
-21.7554
-21.4656
-21.0166
-20.2876
-19.2732
-18.0046
-16.522
-14.8907
-13.2173
-11.6421
-10.3108
-9.34769
-8.84199
-8.84199
-9.34769
-10.3108
-11.6421
-13.2173
-14.8907
-16.522
-18.0046
-19.2732
-20.2876
-21.0166
-21.4656
-21.7554
-22.1949
-23.2827
-25.671
-30.132
-36.6347
-42.0882
-41.197
-34.4205
-33.2917
-44.0977
-36.787
-6.29868
-8.93689
-42.0721
-49.3252
-39.4352
-37.0733
-42.1076
-46.3477
-44.5027
-37.9907
-30.9157
-25.5464
-21.9424
-19.5761
-17.972
-16.7835
-15.7751
-14.8049
-13.8079
-12.7756
-11.7349
-10.7278
-9.79947
-8.99786
-8.38634
-8.04732
-8.04732
-8.38634
-8.99786
-9.79947
-10.7278
-11.7349
-12.7756
-13.8079
-14.8049
-15.7751
-16.7835
-17.972
-19.5761
-21.9424
-25.5464
-30.9157
-37.9907
-44.5027
-46.3477
-42.1076
-37.0733
-39.4352
-49.3252
-42.0721
-8.93689
-13.6925
-51.6259
-61.8252
-50.9634
-42.8425
-42.4819
-46.4492
-48.5928
-46.0898
-39.8052
-32.6267
-26.6061
-22.1455
-18.9718
-16.7282
-15.1333
-13.9898
-13.1635
-12.5606
-12.1104
-11.7521
-11.4322
-11.1191
-10.8322
-10.6493
-10.6493
-10.8322
-11.1191
-11.4322
-11.7521
-12.1104
-12.5606
-13.1635
-13.9898
-15.1333
-16.7282
-18.9718
-22.1455
-26.6061
-32.6267
-39.8052
-46.0898
-48.5928
-46.4492
-42.4819
-42.8425
-50.9634
-61.8252
-51.6259
-13.6925
-22.3053
-68.2531
-84.3233
-70.7636
-55.4643
-46.5403
-44.7565
-46.6496
-48.0302
-46.6031
-42.2552
-36.4067
-30.762
-26.1963
-22.8533
-20.5797
-19.1653
-18.4164
-18.1614
-18.2341
-18.4611
-18.6728
-18.7505
-18.6875
-18.5946
-18.5946
-18.6875
-18.7505
-18.6728
-18.4611
-18.2341
-18.1614
-18.4164
-19.1653
-20.5797
-22.8533
-26.1963
-30.762
-36.4067
-42.2552
-46.6031
-48.0302
-46.6496
-44.7565
-46.5403
-55.4643
-70.7636
-84.3233
-68.2531
-22.3053
-35.7365
-92.1135
-121.238
-102.868
-79.2753
-60.3404
-48.6804
-43.8571
-43.0984
-43.7069
-43.8157
-42.6211
-40.2223
-37.2854
-34.5436
-32.4505
-31.1446
-30.5494
-30.4623
-30.6127
-30.7229
-30.5883
-30.1638
-29.6058
-29.2067
-29.2067
-29.6058
-30.1638
-30.5883
-30.7229
-30.6127
-30.4623
-30.5494
-31.1446
-32.4505
-34.5436
-37.2854
-40.2223
-42.6211
-43.8157
-43.7069
-43.0984
-43.8571
-48.6804
-60.3404
-79.2753
-102.868
-121.238
-92.1135
-35.7365
-49.2187
-112.371
-172.403
-155.599
-118.399
-89.162
-66.9952
-51.571
-42.712
-38.3268
-36.4911
-35.9115
-35.7905
-35.709
-35.5206
-35.2316
-34.8851
-34.4879
-34
-33.3636
-32.5425
-31.5543
-30.496
-29.5591
-28.9948
-28.9948
-29.5591
-30.496
-31.5543
-32.5425
-33.3636
-34
-34.4879
-34.8851
-35.2316
-35.5206
-35.709
-35.7905
-35.9115
-36.4911
-38.3268
-42.712
-51.571
-66.9952
-89.162
-118.399
-155.599
-172.403
-112.371
-49.2187
-48.2634
-101.579
-195.967
-233.671
-187.237
-138.11
-104.188
-79.9235
-61.2093
-47.9024
-39.4033
-34.2651
-31.2519
-29.5779
-28.7777
-28.5765
-28.8125
-29.3894
-30.2392
-31.2865
-32.4178
-33.474
-34.291
-34.7828
-34.9868
-34.9868
-34.7828
-34.291
-33.474
-32.4178
-31.2865
-30.2392
-29.3894
-28.8125
-28.5765
-28.7777
-29.5779
-31.2519
-34.2651
-39.4033
-47.9024
-61.2093
-79.9235
-104.188
-138.11
-187.237
-233.671
-195.967
-101.579
-48.2634
-30.414
-57.9264
-127.583
-231.252
-281.188
-234.016
-172.52
-131.073
-104.339
-85.4171
-71.0164
-60.2853
-52.9441
-48.5547
-46.6037
-46.6559
-48.3755
-51.4673
-55.5973
-60.336
-65.1495
-69.4606
-72.7864
-74.9017
-75.8767
-75.8767
-74.9017
-72.7864
-69.4606
-65.1495
-60.336
-55.5973
-51.4673
-48.3755
-46.6559
-46.6037
-48.5547
-52.9441
-60.2853
-71.0164
-85.4171
-104.339
-131.073
-172.52
-234.016
-281.188
-231.252
-127.583
-57.9264
-30.414
-14.0316
-23.0529
-46.5872
-98.0985
-181.716
-262.791
-282.86
-242.587
-190.824
-152.52
-128.518
-114.193
-105.976
-101.896
-100.988
-102.787
-107.009
-113.314
-121.081
-129.251
-136.41
-141.295
-143.481
-143.688
-143.274
-143.274
-143.688
-143.481
-141.295
-136.41
-129.251
-121.081
-113.314
-107.009
-102.787
-100.988
-101.896
-105.976
-114.193
-128.518
-152.52
-190.824
-242.587
-282.86
-262.791
-181.716
-98.0985
-46.5872
-23.0529
-14.0316
-5.69365
-8.26848
-14.0197
-25.4008
-46.1328
-79.6014
-123.587
-167.203
-197.38
-209.092
-206.848
-198.097
-187.998
-178.483
-169.362
-159.601
-148.232
-134.915
-120.106
-104.879
-90.5177
-78.1399
-68.4984
-61.9775
-58.7076
-58.7076
-61.9775
-68.4984
-78.1399
-90.5177
-104.879
-120.106
-134.915
-148.232
-159.601
-169.362
-178.483
-187.998
-198.097
-206.848
-209.092
-197.38
-167.203
-123.587
-79.6014
-46.1328
-25.4008
-14.0197
-8.26848
-5.69365
-2.21044
-2.98716
-4.47897
-6.95462
-10.6977
-15.8408
-22.1004
-28.6894
-34.5197
-38.578
-40.3131
-39.7852
-37.5037
-34.1363
-30.2885
-26.409
-22.7819
-19.5567
-16.7885
-14.4759
-12.5934
-11.1129
-10.0139
-9.28518
-8.92173
-8.92173
-9.28518
-10.0139
-11.1129
-12.5934
-14.4759
-16.7885
-19.5567
-22.7819
-26.409
-30.2885
-34.1363
-37.5037
-39.7852
-40.3131
-38.578
-34.5197
-28.6894
-22.1004
-15.8408
-10.6977
-6.95462
-4.47897
-2.98716
-2.21044
-0.818961
-1.08507
-1.53289
-2.17403
-2.98881
-3.90668
-4.80382
-5.53797
-5.99939
-6.1446
-6.00131
-5.64593
-5.16935
-4.64981
-4.14126
-3.67392
-3.26048
-2.90284
-2.59751
-2.33927
-2.12367
-1.94846
-1.81387
-1.72194
-1.67515
-1.67515
-1.72194
-1.81387
-1.94846
-2.12367
-2.33927
-2.59751
-2.90284
-3.26048
-3.67392
-4.14126
-4.64981
-5.16935
-5.64593
-6.00131
-6.1446
-5.99939
-5.53797
-4.80382
-3.90668
-2.98881
-2.17403
-1.53289
-1.08507
-0.818961
-0.269221
-0.379464
-0.542107
-0.744547
-0.960666
-1.15389
-1.288
-1.34164
-1.31605
-1.23083
-1.11303
-0.986771
-0.868002
-0.764342
-0.677518
-0.606098
-0.547442
-0.498794
-0.457784
-0.422656
-0.392387
-0.366735
-0.346164
-0.331593
-0.323998
-0.323998
-0.331593
-0.346164
-0.366735
-0.392387
-0.422656
-0.457784
-0.498794
-0.547442
-0.606098
-0.677518
-0.764342
-0.868002
-0.986771
-1.11303
-1.23083
-1.31605
-1.34164
-1.288
-1.15389
-0.960666
-0.744547
-0.542107
-0.379464
-0.269221
-0.0760499
-0.13979
-0.223501
-0.314664
-0.394306
-0.44242
-0.446342
-0.407108
-0.338594
-0.260086
-0.187964
-0.131282
-0.0919611
-0.0674858
-0.0537246
-0.0467148
-0.0433908
-0.0416666
-0.0402616
-0.0384964
-0.0361435
-0.0333328
-0.0304667
-0.0280963
-0.0267496
-0.0267496
-0.0280963
-0.0304667
-0.0333328
-0.0361435
-0.0384964
-0.0402616
-0.0416666
-0.0433908
-0.0467148
-0.0537246
-0.0674858
-0.0919611
-0.131282
-0.187964
-0.260086
-0.338594
-0.407108
-0.446342
-0.44242
-0.394306
-0.314664
-0.223501
-0.13979
-0.0760499
-0.0760499
-0.13979
-0.223501
-0.314664
-0.394306
-0.44242
-0.446342
-0.407108
-0.338594
-0.260086
-0.187964
-0.131282
-0.0919611
-0.0674858
-0.0537246
-0.0467148
-0.0433908
-0.0416666
-0.0402616
-0.0384964
-0.0361435
-0.0333328
-0.0304667
-0.0280963
-0.0267496
-0.0267496
-0.0280963
-0.0304667
-0.0333328
-0.0361435
-0.0384964
-0.0402616
-0.0416666
-0.0433908
-0.0467148
-0.0537246
-0.0674858
-0.0919611
-0.131282
-0.187964
-0.260086
-0.338594
-0.407108
-0.446342
-0.44242
-0.394306
-0.314664
-0.223501
-0.13979
-0.0760499
-0.269221
-0.379464
-0.542107
-0.744547
-0.960666
-1.15389
-1.288
-1.34164
-1.31605
-1.23083
-1.11303
-0.986771
-0.868002
-0.764342
-0.677518
-0.606098
-0.547442
-0.498794
-0.457784
-0.422656
-0.392387
-0.366735
-0.346164
-0.331593
-0.323998
-0.323998
-0.331593
-0.346164
-0.366735
-0.392387
-0.422656
-0.457784
-0.498794
-0.547442
-0.606098
-0.677518
-0.764342
-0.868002
-0.986771
-1.11303
-1.23083
-1.31605
-1.34164
-1.288
-1.15389
-0.960666
-0.744547
-0.542107
-0.379464
-0.269221
-0.818961
-1.08507
-1.53289
-2.17403
-2.98881
-3.90668
-4.80382
-5.53797
-5.99939
-6.1446
-6.00131
-5.64593
-5.16935
-4.64981
-4.14126
-3.67392
-3.26048
-2.90284
-2.59751
-2.33927
-2.12367
-1.94846
-1.81387
-1.72194
-1.67515
-1.67515
-1.72194
-1.81387
-1.94846
-2.12367
-2.33927
-2.59751
-2.90284
-3.26048
-3.67392
-4.14126
-4.64981
-5.16935
-5.64593
-6.00131
-6.1446
-5.99939
-5.53797
-4.80382
-3.90668
-2.98881
-2.17403
-1.53289
-1.08507
-0.818961
-2.21044
-2.98716
-4.47897
-6.95462
-10.6977
-15.8408
-22.1004
-28.6894
-34.5197
-38.578
-40.3131
-39.7852
-37.5037
-34.1363
-30.2885
-26.409
-22.7819
-19.5567
-16.7885
-14.4759
-12.5934
-11.1129
-10.0139
-9.28518
-8.92173
-8.92173
-9.28518
-10.0139
-11.1129
-12.5934
-14.4759
-16.7885
-19.5567
-22.7819
-26.409
-30.2885
-34.1363
-37.5037
-39.7852
-40.3131
-38.578
-34.5197
-28.6894
-22.1004
-15.8408
-10.6977
-6.95462
-4.47897
-2.98716
-2.21044
-5.69365
-8.26848
-14.0197
-25.4008
-46.1328
-79.6014
-123.587
-167.203
-197.38
-209.092
-206.848
-198.097
-187.998
-178.483
-169.362
-159.601
-148.232
-134.915
-120.106
-104.879
-90.5177
-78.1399
-68.4984
-61.9775
-58.7076
-58.7076
-61.9775
-68.4984
-78.1399
-90.5177
-104.879
-120.106
-134.915
-148.232
-159.601
-169.362
-178.483
-187.998
-198.097
-206.848
-209.092
-197.38
-167.203
-123.587
-79.6014
-46.1328
-25.4008
-14.0197
-8.26848
-5.69365
-14.0316
-23.0529
-46.5872
-98.0985
-181.716
-262.791
-282.86
-242.587
-190.824
-152.52
-128.518
-114.193
-105.976
-101.896
-100.988
-102.787
-107.009
-113.314
-121.081
-129.251
-136.41
-141.295
-143.481
-143.688
-143.274
-143.274
-143.688
-143.481
-141.295
-136.41
-129.251
-121.081
-113.314
-107.009
-102.787
-100.988
-101.896
-105.976
-114.193
-128.518
-152.52
-190.824
-242.587
-282.86
-262.791
-181.716
-98.0985
-46.5872
-23.0529
-14.0316
-30.414
-57.9264
-127.583
-231.252
-281.188
-234.016
-172.52
-131.073
-104.339
-85.4171
-71.0164
-60.2853
-52.9441
-48.5547
-46.6037
-46.6559
-48.3755
-51.4673
-55.5973
-60.336
-65.1495
-69.4606
-72.7864
-74.9017
-75.8767
-75.8767
-74.9017
-72.7864
-69.4606
-65.1495
-60.336
-55.5973
-51.4673
-48.3755
-46.6559
-46.6037
-48.5547
-52.9441
-60.2853
-71.0164
-85.4171
-104.339
-131.073
-172.52
-234.016
-281.188
-231.252
-127.583
-57.9264
-30.414
-48.2634
-101.579
-195.967
-233.671
-187.237
-138.11
-104.188
-79.9235
-61.2093
-47.9024
-39.4033
-34.2651
-31.2519
-29.5779
-28.7777
-28.5765
-28.8125
-29.3894
-30.2392
-31.2865
-32.4178
-33.474
-34.291
-34.7828
-34.9868
-34.9868
-34.7828
-34.291
-33.474
-32.4178
-31.2865
-30.2392
-29.3894
-28.8125
-28.5765
-28.7777
-29.5779
-31.2519
-34.2651
-39.4033
-47.9024
-61.2093
-79.9235
-104.188
-138.11
-187.237
-233.671
-195.967
-101.579
-48.2634
-49.2187
-112.371
-172.403
-155.599
-118.399
-89.162
-66.9952
-51.571
-42.712
-38.3268
-36.4911
-35.9115
-35.7905
-35.709
-35.5206
-35.2316
-34.8851
-34.4879
-34
-33.3636
-32.5425
-31.5543
-30.496
-29.5591
-28.9948
-28.9948
-29.5591
-30.496
-31.5543
-32.5425
-33.3636
-34
-34.4879
-34.8851
-35.2316
-35.5206
-35.709
-35.7905
-35.9115
-36.4911
-38.3268
-42.712
-51.571
-66.9952
-89.162
-118.399
-155.599
-172.403
-112.371
-49.2187
-35.7365
-92.1135
-121.238
-102.868
-79.2753
-60.3404
-48.6804
-43.8571
-43.0984
-43.7069
-43.8157
-42.6211
-40.2223
-37.2854
-34.5436
-32.4505
-31.1446
-30.5494
-30.4623
-30.6127
-30.7229
-30.5883
-30.1638
-29.6058
-29.2067
-29.2067
-29.6058
-30.1638
-30.5883
-30.7229
-30.6127
-30.4623
-30.5494
-31.1446
-32.4505
-34.5436
-37.2854
-40.2223
-42.6211
-43.8157
-43.7069
-43.0984
-43.8571
-48.6804
-60.3404
-79.2753
-102.868
-121.238
-92.1135
-35.7365
-22.3053
-68.2531
-84.3233
-70.7636
-55.4643
-46.5403
-44.7565
-46.6496
-48.0302
-46.6031
-42.2552
-36.4067
-30.762
-26.1963
-22.8533
-20.5797
-19.1653
-18.4164
-18.1614
-18.2341
-18.4611
-18.6728
-18.7505
-18.6875
-18.5946
-18.5946
-18.6875
-18.7505
-18.6728
-18.4611
-18.2341
-18.1614
-18.4164
-19.1653
-20.5797
-22.8533
-26.1963
-30.762
-36.4067
-42.2552
-46.6031
-48.0302
-46.6496
-44.7565
-46.5403
-55.4643
-70.7636
-84.3233
-68.2531
-22.3053
-13.6925
-51.6259
-61.8252
-50.9634
-42.8425
-42.4819
-46.4492
-48.5928
-46.0898
-39.8052
-32.6267
-26.6061
-22.1455
-18.9718
-16.7282
-15.1333
-13.9898
-13.1635
-12.5606
-12.1104
-11.7521
-11.4322
-11.1191
-10.8322
-10.6493
-10.6493
-10.8322
-11.1191
-11.4322
-11.7521
-12.1104
-12.5606
-13.1635
-13.9898
-15.1333
-16.7282
-18.9718
-22.1455
-26.6061
-32.6267
-39.8052
-46.0898
-48.5928
-46.4492
-42.4819
-42.8425
-50.9634
-61.8252
-51.6259
-13.6925
-8.93689
-42.0721
-49.3252
-39.4352
-37.0733
-42.1076
-46.3477
-44.5027
-37.9907
-30.9157
-25.5464
-21.9424
-19.5761
-17.972
-16.7835
-15.7751
-14.8049
-13.8079
-12.7756
-11.7349
-10.7278
-9.79947
-8.99786
-8.38634
-8.04732
-8.04732
-8.38634
-8.99786
-9.79947
-10.7278
-11.7349
-12.7756
-13.8079
-14.8049
-15.7751
-16.7835
-17.972
-19.5761
-21.9424
-25.5464
-30.9157
-37.9907
-44.5027
-46.3477
-42.1076
-37.0733
-39.4352
-49.3252
-42.0721
-8.93689
-6.29868
-36.787
-44.0977
-33.2917
-34.4205
-41.197
-42.0882
-36.6347
-30.132
-25.671
-23.2827
-22.1949
-21.7554
-21.4656
-21.0166
-20.2876
-19.2732
-18.0046
-16.522
-14.8907
-13.2173
-11.6421
-10.3108
-9.34769
-8.84199
-8.84199
-9.34769
-10.3108
-11.6421
-13.2173
-14.8907
-16.522
-18.0046
-19.2732
-20.2876
-21.0166
-21.4656
-21.7554
-22.1949
-23.2827
-25.671
-30.132
-36.6347
-42.0882
-41.197
-34.4205
-33.2917
-44.0977
-36.787
-6.29868
-4.58411
-32.3595
-44.9816
-30.6876
-32.7733
-38.2299
-35.1265
-29.1823
-25.3775
-24.1853
-24.4666
-25.2342
-25.7487
-25.6696
-25.0268
-23.9999
-22.7255
-21.2697
-19.6591
-17.9243
-16.1469
-14.4777
-13.0997
-12.1513
-11.6809
-11.6809
-12.1513
-13.0997
-14.4777
-16.1469
-17.9243
-19.6591
-21.2697
-22.7255
-23.9999
-25.0268
-25.6696
-25.7487
-25.2342
-24.4666
-24.1853
-25.3775
-29.1823
-35.1265
-38.2299
-32.7733
-30.6876
-44.9816
-32.3595
-4.58411
-3.258
-26.1443
-50.9621
-30.9738
-31.3724
-33.7034
-27.9918
-23.9891
-23.4373
-24.9235
-26.8181
-28.3537
-28.9962
-28.7465
-27.8858
-26.5801
-24.992
-23.2466
-21.3944
-19.4884
-17.6695
-16.1616
-15.1442
-14.6233
-14.4426
-14.4426
-14.6233
-15.1442
-16.1616
-17.6695
-19.4884
-21.3944
-23.2466
-24.992
-26.5801
-27.8858
-28.7465
-28.9962
-28.3537
-26.8181
-24.9235
-23.4373
-23.9891
-27.9918
-33.7034
-31.3724
-30.9738
-50.9621
-26.1443
-3.258
-2.19478
-18.346
-58.0887
-34.3834
-30.2961
-28.8509
-22.2806
-20.9148
-23.0503
-26.0838
-29.36
-31.2802
-31.9186
-31.6126
-30.3696
-28.7261
-26.9526
-25.0451
-22.981
-20.852
-18.9291
-17.5553
-16.8953
-16.7859
-16.8671
-16.8671
-16.7859
-16.8953
-17.5553
-18.9291
-20.852
-22.981
-25.0451
-26.9526
-28.7261
-30.3696
-31.6126
-31.9186
-31.2802
-29.36
-26.0838
-23.0503
-20.9148
-22.2806
-28.8509
-30.2961
-34.3834
-58.0887
-18.346
-2.19478
-1.3941
-11.2653
-58.0344
-41.7807
-29.9514
-24.8352
-18.2064
-19.1355
-22.8259
-27.7066
-31.2486
-33.0547
-33.8259
-33.4548
-32.6215
-31.2474
-29.2956
-26.9104
-24.325
-21.8985
-20.0896
-19.2088
-19.1588
-19.4908
-19.7654
-19.7654
-19.4908
-19.1588
-19.2088
-20.0896
-21.8985
-24.325
-26.9104
-29.2956
-31.2474
-32.6215
-33.4548
-33.8259
-33.0547
-31.2486
-27.7066
-22.8259
-19.1355
-18.2064
-24.8352
-29.9514
-41.7807
-58.0344
-11.2653
-1.3941
-0.849548
-6.42219
-46.8608
-54.0044
-30.7184
-22.2357
-15.3231
-17.8327
-22.7788
-28.2846
-31.3871
-33.9167
-35.1214
-36.1766
-36.0717
-34.6204
-32.203
-29.1734
-25.9317
-23.1752
-21.5971
-21.3224
-21.7903
-22.3496
-22.6704
-22.6704
-22.3496
-21.7903
-21.3224
-21.5971
-23.1752
-25.9317
-29.1734
-32.203
-34.6204
-36.0717
-36.1766
-35.1214
-33.9167
-31.3871
-28.2846
-22.7788
-17.8327
-15.3231
-22.2357
-30.7184
-54.0044
-46.8608
-6.42219
-0.849548
-0.517147
-3.67955
-31.5286
-69.0086
-32.701
-21.0558
-13.1306
-16.5575
-22.6303
-26.7601
-30.8519
-34.1078
-37.0031
-38.9327
-39.5003
-38.2676
-35.6431
-31.9969
-28.1071
-25.2155
-24.0684
-24.143
-24.5411
-24.8299
-24.9598
-24.9598
-24.8299
-24.5411
-24.143
-24.0684
-25.2155
-28.1071
-31.9969
-35.6431
-38.2676
-39.5003
-38.9327
-37.0031
-34.1078
-30.8519
-26.7601
-22.6303
-16.5575
-13.1306
-21.0558
-32.701
-69.0086
-31.5286
-3.67955
-0.517147
-0.327898
-2.24166
-19.5207
-79.8367
-35.7268
-20.9939
-11.3399
-15.3169
-21.2541
-25.044
-29.0586
-33.9946
-37.718
-40.2446
-43.5114
-43.6768
-40.898
-36.2521
-31.3884
-28.4575
-27.545
-27.3136
-27.0662
-26.8295
-26.7028
-26.7028
-26.8295
-27.0662
-27.3136
-27.545
-28.4575
-31.3884
-36.2521
-40.898
-43.6768
-43.5114
-40.2446
-37.718
-33.9946
-29.0586
-25.044
-21.2541
-15.3169
-11.3399
-20.9939
-35.7268
-79.8367
-19.5207
-2.24166
-0.327898
-0.222202
-1.49149
-12.3722
-81.4251
-39.5563
-21.7005
-9.8739
-14.2208
-19.2193
-22.5504
-27.1661
-32.7931
-37.0416
-43.3483
-50.8033
-55.4606
-50.6394
-43.347
-36.5496
-33.1263
-31.5037
-30.1709
-29.1023
-28.4364
-28.1326
-28.1326
-28.4364
-29.1023
-30.1709
-31.5037
-33.1263
-36.5496
-43.347
-50.6394
-55.4606
-50.8033
-43.3483
-37.0416
-32.7931
-27.1661
-22.5504
-19.2193
-14.2208
-9.8739
-21.7005
-39.5563
-81.4251
-12.3722
-1.49149
-0.222202
-0.163037
-1.10204
-8.69845
-77.2403
-43.7861
-22.907
-8.79399
-13.3773
-17.4176
-19.8256
-24.8469
-30.8068
-37.5469
-50.8017
-68.9578
-77.5811
-70.5917
-54.4571
-43.7566
-38.7443
-35.0473
-32.3468
-30.6931
-29.7787
-29.372
-29.372
-29.7787
-30.6931
-32.3468
-35.0473
-38.7443
-43.7566
-54.4571
-70.5917
-77.5811
-68.9578
-50.8017
-37.5469
-30.8068
-24.8469
-19.8256
-17.4176
-13.3773
-8.79399
-22.907
-43.7861
-77.2403
-8.69845
-1.10204
-0.163037
-0.128997
-0.911016
-7.05319
-74.2123
-48.0223
-24.5361
-8.24314
-12.9462
-16.1596
-17.9729
-22.0752
-27.585
-37.4245
-63.1472
-113.2
-106.255
-101.189
-67.6367
-53.5831
-43.9644
-37.6177
-34.0156
-31.9952
-30.8925
-30.401
-30.401
-30.8925
-31.9952
-34.0156
-37.6177
-43.9644
-53.5831
-67.6367
-101.189
-106.255
-113.2
-63.1472
-37.4245
-27.585
-22.0752
-17.9729
-16.1596
-12.9462
-8.24314
-24.5361
-48.0223
-74.2123
-7.05319
-0.911016
-0.128997
-0.100708
-0.837405
-6.59059
-77.4091
-53.764
-26.9228
-8.33763
-13.1197
-15.8321
-17.4717
-20.2798
-24.778
-33.6808
-77.8836
-25293.2
-14752.6
-5643.22
-2774.26
-1191.16
-614.879
-406.199
-322.56
-286.824
-271.463
-265.721
-265.721
-271.463
-286.824
-322.56
-406.199
-614.879
-1191.16
-2774.26
-5643.22
-14752.6
-25293.2
-77.8836
-33.6808
-24.778
-20.2798
-17.4717
-15.8321
-13.1197
-8.33763
-26.9228
-53.764
-77.4091
-6.59059
-0.837405
-0.100708
