-7.82859e-24
-5.7206e-23
-0.0171218
-107.806
-284.251
-304.582
-713.649
-428.53
-340.608
-355.73
-363.49
-272.188
-133.409
-302.224
-106126
-41860.7
-19563.7
-14246.3
-10194
-6065.37
-2399.93
-612.763
-304.157
-137.414
-0.684867
-0.682412
-137.224
-303.764
-611.708
-2396.55
-6058.65
-10185
-14236.5
-19552.7
-41837.6
-106063
-301.96
-133.334
-268.22
-356.5
-348.059
-332.718
-417.667
-712.163
-303.626
-283.371
-107.501
-0.0174409
-5.70547e-23
-7.80815e-24
-8.96358e-24
-3.36391e-23
-0.0128427
-268.771
-217.977
-70.6563
-229.151
-109.554
-56.9579
-54.9586
-63.2187
-70.7423
-34.9232
-134.107
-292.158
-281.155
-246.728
-209.491
-174.896
-137.79
-40.1173
-1.67215
-0.807241
-51.6886
-0.00664602
-0.00662228
-51.8319
-0.807139
-1.66628
-40.0614
-137.648
-174.746
-209.36
-246.612
-281.041
-292.019
-134.029
-34.8824
-69.1568
-61.0498
-53.0372
-55.1877
-107.414
-228.378
-70.3987
-217.119
-267.793
-0.0130829
-3.35307e-23
-8.91989e-24
-1.28457e-23
-2.73217e-23
-1.98285e-05
-0.0412369
-0.0209719
-0.000151919
-0.000437911
-0.00118903
-0.000257203
-0.000137145
-0.000338341
-1.88964
-60.2448
-156.831
-208.728
-221.988
-215.646
-208.907
-227.583
-145.809
-29.3954
-3.93798e-06
-1.11559e-09
-7.71475e-08
-3.23103e-10
-3.2527e-10
-7.76508e-08
-1.12202e-09
-3.84871e-06
-29.1904
-145.637
-227.368
-208.801
-215.587
-221.945
-208.686
-156.801
-60.2436
-1.88063
-0.000352417
-0.000145368
-0.000270255
-0.00122448
-0.000447252
-0.000154541
-0.0213393
-0.0419758
-2.01905e-05
-2.72128e-23
-1.27701e-23
-1.19465e-23
-1.85218e-23
-3.32886e-23
-1.43919e-22
-1.05515e-22
-3.34403e-23
-2.50191e-23
-1.80809e-23
-1.27874e-23
-9.3163e-24
-4.01794e-07
-25.8673
-146.055
-217.645
-196.187
-192.884
-190.043
-186.361
-174.154
-78.4277
-2.59672
-3.43199e-11
-1.81155e-23
-1.83294e-23
-1.55401e-23
-1.55376e-23
-1.83272e-23
-1.81182e-23
-3.32895e-11
-2.55158
-78.1355
-173.898
-186.335
-190.056
-192.902
-196.208
-217.68
-146.039
-25.6244
-3.85752e-07
-9.20661e-24
-1.26383e-23
-1.78599e-23
-2.47218e-23
-3.31194e-23
-1.06414e-22
-1.45056e-22
-3.31457e-23
-1.84403e-23
-1.1868e-23
-8.0672e-24
-1.16234e-23
-1.94095e-23
-2.47412e-23
-2.55659e-23
-2.24815e-23
-1.79391e-23
-1.41899e-23
-1.28256e-23
-3.08347e-09
-0.173631
-41.1792
-165.631
-176.788
-171.652
-166.629
-167.982
-174.091
-135.952
-62.9691
-0.0402238
-2.17902e-22
-1.32607e-23
-1.13706e-23
-9.70674e-24
-9.7056e-24
-1.13689e-23
-1.32611e-23
-2.15201e-22
-0.0392879
-63.1927
-135.789
-174.331
-168.086
-166.695
-171.721
-176.889
-165.595
-41.2972
-0.169707
-2.93747e-09
-1.25995e-23
-1.38712e-23
-1.75299e-23
-2.22127e-23
-2.54029e-23
-2.46452e-23
-1.93508e-23
-1.15817e-23
-8.01317e-24
-4.01247e-24
-7.15411e-24
-1.28559e-23
-1.8067e-23
-2.15058e-23
-2.28433e-23
-2.0677e-23
-1.74466e-23
-1.61294e-16
-0.00153987
-53.3293
-124.684
-191.368
-166.73
-150.263
-138.101
-144.785
-184.865
-118.959
-61.8553
-0.00438265
-1.79535e-23
-1.14234e-23
-7.56254e-24
-5.54162e-24
-5.54006e-24
-7.5582e-24
-1.14164e-23
-1.79433e-23
-0.00424509
-61.2588
-119.017
-185.137
-144.881
-138.167
-150.343
-166.841
-191.531
-124.768
-53.0872
-0.00147929
-1.41514e-16
-1.69206e-23
-1.9938e-23
-2.28562e-23
-2.15882e-23
-1.8124e-23
-1.28812e-23
-7.15518e-24
-3.99303e-24
-1.47776e-24
-5.03479e-24
-1.07037e-23
-1.7549e-23
-2.5583e-23
-8.32267e-06
-0.0271459
-0.0259317
-0.00686389
-22.1779
-71.039
-172.922
-166.888
-151.935
-129.887
-100.229
-103.907
-163.987
-100.151
-40.0069
-0.000561962
-1.91294e-23
-1.06866e-23
-5.43362e-24
-2.8529e-24
-2.85041e-24
-5.42539e-24
-1.06691e-23
-1.90908e-23
-0.000534001
-40.1011
-99.933
-163.802
-103.896
-100.254
-129.968
-152.042
-167.002
-172.996
-70.9546
-21.8533
-0.00633761
-0.0358583
-0.0497732
-1.6756e-05
-2.61344e-23
-1.77738e-23
-1.0796e-23
-5.06531e-24
-1.48177e-24
-1.00171e-24
-4.87222e-24
-1.11937e-23
-1.99893e-23
-3.27199e-23
-0.0337153
-160.462
-204.786
-95.4911
-51.5705
-119.166
-156.316
-157.819
-147.714
-112.527
-46.6204
-60.7546
-169.812
-117.37
-44.823
-0.000608507
-2.02176e-23
-1.05623e-23
-4.35083e-24
-1.28948e-24
-1.28658e-24
-4.34117e-24
-1.05422e-23
-2.01773e-23
-0.000587677
-44.7682
-117.151
-169.73
-60.7692
-46.665
-112.566
-147.837
-157.951
-156.472
-119.147
-51.7265
-93.0372
-215.478
-172.413
-0.0603696
-3.33087e-23
-2.02278e-23
-1.12847e-23
-4.89911e-24
-1.00242e-24
-2.47398e-24
-6.21785e-24
-1.3072e-23
-2.25373e-23
-3.60854e-23
-0.0146814
-170.849
-192.695
-103.432
-74.083
-146.538
-157.631
-161.265
-142.305
-84.8362
-11.0036
-100.592
-169.837
-153.452
-80.3935
-0.00924094
-2.12567e-23
-1.08931e-23
-4.01455e-24
-5.7154e-25
-5.68999e-25
-4.0065e-24
-1.08789e-23
-2.12391e-23
-0.00918941
-80.35
-153.395
-170.191
-100.617
-10.9774
-84.9438
-142.376
-161.397
-157.785
-146.752
-74.1706
-105.896
-201.379
-175.626
-0.0214927
-3.62081e-23
-2.25936e-23
-1.30808e-23
-6.20578e-24
-2.44649e-24
-5.52474e-24
-8.91987e-24
-1.61774e-23
-2.48318e-23
-3.54454e-23
-4.06628e-07
-0.132635
-167.169
-70.5301
-104.18
-157.862
-167.437
-171.361
-75.9344
-2.59254
-0.000387038
-12.7568
-132.978
-187.069
-78.3937
-0.130967
-1.05703e-16
-1.1681e-23
-4.28211e-24
-4.98735e-25
-4.96949e-25
-4.27638e-24
-1.16713e-23
-8.99099e-17
-0.12832
-78.4704
-187.043
-133.256
-12.6062
-0.000374944
-2.59825
-75.9629
-171.45
-167.542
-158.031
-104.306
-71.1889
-167.49
-0.116176
-3.6177e-07
-3.52292e-23
-2.46996e-23
-1.6078e-23
-8.85422e-24
-5.46513e-24
-9.47999e-24
-1.32585e-23
-2.16508e-23
-2.88067e-23
-3.51792e-23
-3.66316e-14
-0.00354579
-86.7885
-52.4964
-136.061
-161.805
-186.138
-107.261
-22.5667
-1.22056e-05
-3.6232e-14
-0.177627
-65.7459
-159.705
-80.028
-7.54411
-5.01325e-08
-1.35108e-23
-5.10674e-24
-9.09164e-25
-9.08449e-25
-5.10344e-24
-1.35011e-23
-4.8606e-08
-7.35087
-79.7386
-159.393
-65.6891
-0.172984
-3.06708e-14
-1.23516e-05
-22.5844
-107.29
-186.128
-161.729
-136.012
-52.1519
-86.7568
-0.00364879
-4.08958e-14
-3.48571e-23
-2.85418e-23
-2.14359e-23
-1.31402e-23
-9.41276e-24
-1.28875e-23
-2.01316e-23
-4.87989e-22
-8.032e-20
-9.55659e-12
-0.000322985
-9.38609
-114.05
-86.5942
-149.018
-170.817
-115.454
-66.5417
-0.0227493
-1.49055e-13
-3.61777e-24
-0.00258819
-84.963
-164.702
-130.604
-62.8113
-0.000334314
-1.55478e-23
-6.17064e-24
-1.60995e-24
-1.61108e-24
-6.17223e-24
-1.55431e-23
-0.000329999
-62.8831
-130.253
-164.325
-84.8131
-0.00262142
-3.60436e-24
-1.52594e-13
-0.0227892
-66.5451
-115.39
-170.63
-148.872
-86.5346
-113.801
-9.57628
-0.000331083
-9.588e-12
-7.92328e-20
-4.83977e-22
-1.99567e-23
-1.28648e-23
-1.30845e-23
-1.26495e-06
-0.0216221
-0.194031
-0.250218
-18.3899
-217.32
-242.053
-103.163
-128.543
-142.669
-78.3058
-5.55845
-1.49375e-07
-3.62159e-24
-3.78167e-24
-1.61469e-05
-34.5864
-150.937
-165.31
-76.0263
-0.0088473
-1.60388e-23
-7.15593e-24
-2.46441e-24
-2.46844e-24
-7.16633e-24
-1.60592e-23
-0.00894132
-75.8053
-164.853
-150.506
-34.6067
-1.6259e-05
-3.77195e-24
-3.60956e-24
-1.49815e-07
-5.57567
-78.0637
-142.497
-128.333
-102.606
-240.292
-217.163
-18.2099
-0.248658
-0.200003
-0.0230305
-1.46686e-06
-1.31675e-23
-7.42561e-24
-0.0146077
-202.667
-206.924
-148.969
-224.416
-227.802
-305.792
-349.793
-185.054
-137.989
-196.817
-0.193795
-8.46936e-16
-2.34573e-24
-3.12133e-24
-3.41803e-10
-5.11257
-61.7213
-107.606
-31.151
-4.72127
-1.19897e-11
-8.63896e-24
-3.48357e-24
-3.49147e-24
-8.65304e-24
-1.54617e-11
-5.16321
-31.0708
-107.314
-61.5447
-5.51119
-3.0651e-10
-3.11693e-24
-2.33537e-24
-8.66719e-16
-0.195078
-196.119
-137.431
-184.253
-347.859
-305.839
-227.811
-224.522
-149.669
-208.689
-203.565
-0.0195684
-7.59678e-24
-3.69338e-24
-0.014182
-165.011
-181.223
-137.067
-395.52
-230.589
-226.101
-510.463
-583.177
-594.815
-253.535
-0.0294882
-3.87104e-20
-1.37737e-24
-2.50724e-24
-2.92944e-18
-0.871396
-36.6332
-75.915
-47.2008
-33.7671
-0.000473789
-6.02665e-21
-4.48907e-24
-4.50828e-24
-4.17077e-21
-0.000438238
-33.4664
-46.9375
-75.581
-36.5063
-0.98581
-2.04518e-18
-2.50808e-24
-1.36942e-24
-3.96687e-20
-0.0296166
-252.961
-592.837
-581.254
-509.937
-226.078
-230.697
-395.681
-137.225
-182.954
-166.318
-0.0203843
-3.74386e-24
-3.59101e-24
-1.59507e-06
-0.0186009
-0.124066
-0.253772
-7.62061
-107.047
-204.395
-408.193
-476.312
-472.414
-221.818
-0.00220386
-1.3518e-21
-6.92424e-25
-2.87869e-24
-6.21638e-07
-13.7083
-20.0955
-35.4999
-40.5231
-17.1082
-21.0325
-0.00491469
-1.12592e-09
-2.94938e-09
-0.0061333
-19.5766
-16.9484
-40.2463
-35.3682
-20.0684
-14.1187
-6.05423e-07
-2.88688e-24
-6.87211e-25
-1.37769e-21
-0.00220904
-221.428
-471.657
-475.537
-407.189
-204.169
-106.798
-7.55537
-0.242941
-0.136296
-0.0253219
-2.48734e-06
-3.69514e-24
-3.07164e-24
-1.15611e-23
-1.99852e-23
-1.90414e-19
-6.18751e-10
-0.278814
-16.8615
-27.6557
-37.4898
-65.8664
-37.4676
-59.9947
-0.052317
-3.08825e-15
-5.41606e-25
-3.78386e-24
-0.0103738
-46.4852
-43.7558
-17.2546
-17.4901
-21.9723
-28.0966
-113.554
-0.00219429
-0.0027455
-110.137
-27.4134
-21.7877
-17.3889
-17.2255
-44.0668
-46.5745
-0.0119334
-3.8008e-24
-5.35702e-25
-3.00106e-15
-0.052206
-59.7912
-37.4122
-65.6267
-37.3752
-27.5637
-16.8328
-0.280562
-5.90652e-10
-1.56604e-19
-1.97012e-23
-1.1623e-23
-3.15961e-24
-2.53259e-24
-9.93627e-24
-1.98292e-23
-2.75699e-23
-0.00084431
-44.9593
-27.1933
-42.2819
-32.7965
-14.7785
-46.4646
-22.7028
-21.5692
-0.000595056
-2.5153e-24
-5.86932e-24
-0.0310674
-89.0976
-49.6322
-6.35748
-22.9926
-16.3756
-18.6536
-116.944
-0.0962716
-0.106237
-151.748
-17.9746
-16.5192
-22.9939
-6.34802
-49.8336
-82.8093
-0.0394299
-5.88568e-24
-2.5006e-24
-0.000598002
-21.5426
-22.6936
-46.4765
-14.7538
-32.7102
-42.1694
-27.164
-44.6997
-0.000845575
-2.72971e-23
-1.96326e-23
-9.90588e-24
-2.58501e-24
-2.5303e-24
-1.14694e-23
-2.72139e-23
-1.2498e-06
-14.3061
-26.8206
-40.4208
-29.6291
-18.3895
-9.05638
-55.2139
-32.105
-50.343
-5.55691
-2.74043e-07
-1.28081e-23
-7.67588e-06
-0.982058
-8.88247
-1.24513
-0.670275
-2.22517
-5.82511
-1.17707
-0.000294455
-0.000285417
-1.05444
-5.31001
-1.94652
-0.658038
-1.2105
-9.69935
-1.19595
-1.07361e-05
-1.28402e-23
-2.74132e-07
-5.58163
-50.366
-32.1141
-55.2175
-9.04409
-18.3319
-29.5616
-40.3488
-26.771
-14.3098
-1.24917e-06
-2.7028e-23
-1.14182e-23
-2.56165e-24
-3.12606e-24
-1.43416e-23
-3.80607e-23
-0.00654603
-18.7795
-27.6938
-29.8111
-24.4748
-3.52862
-28.1833
-34.6723
-48.4054
-18.3788
-26.8049
-0.171325
-2.41552e-23
-3.61785e-23
-6.11683e-23
-8.18605e-23
-9.39045e-23
-1.00941e-22
-1.05644e-22
-1.05756e-22
-9.50563e-23
-7.73602e-23
-7.68363e-23
-9.39816e-23
-1.05191e-22
-1.05623e-22
-1.01011e-22
-9.39854e-23
-8.20005e-23
-6.13454e-23
-3.62916e-23
-2.41736e-23
-0.17263
-26.7636
-18.3828
-48.4086
-34.7416
-28.1708
-3.52985
-24.4294
-29.76
-27.6455
-18.7265
-0.00655957
-3.78879e-23
-1.42942e-23
-3.15302e-24
-4.28454e-24
-1.67777e-23
-4.59923e-23
-0.718504
-16.0237
-24.1489
-20.8711
-2.60695
-1.2233e-05
-0.0184342
-78.2214
-10.0537
-18.9845
-62.0752
-2.50662
-4.26577e-23
-3.63751e-23
-4.36578e-23
-5.3226e-23
-6.0561e-23
-6.53005e-23
-6.77234e-23
-6.718e-23
-6.28139e-23
-5.73409e-23
-5.7164e-23
-6.2437e-23
-6.69106e-23
-6.76348e-23
-6.53035e-23
-6.06095e-23
-5.331e-23
-4.37528e-23
-3.64426e-23
-4.26804e-23
-2.53667
-62.2617
-18.9845
-10.0427
-78.14
-0.0184568
-1.22314e-05
-2.61754
-20.8431
-24.1138
-16.0003
-0.720346
-4.58562e-23
-1.67447e-23
-4.31232e-24
-5.47911e-24
-1.72219e-23
-4.6591e-23
-0.540223
-37.9875
-21.2097
-1.25423
-7.5089e-07
-2.30449e-23
-2.29229e-09
-0.00122635
-0.121233
-3.37292
-4.55195
-0.00247571
-4.83461e-23
-3.37291e-23
-3.17108e-23
-3.39313e-23
-3.67893e-23
-3.89879e-23
-4.00798e-23
-3.97932e-23
-3.81954e-23
-3.6465e-23
-3.64034e-23
-3.80588e-23
-3.9677e-23
-4.00249e-23
-3.89825e-23
-3.68169e-23
-3.39804e-23
-3.17667e-23
-3.37761e-23
-4.83757e-23
-0.00251553
-4.61533
-3.40731
-0.121267
-0.00122546
-2.298e-09
-2.30413e-23
-7.53364e-07
-1.25893
-21.1908
-37.9432
-0.541622
-4.65002e-23
-1.72024e-23
-5.50281e-24
-5.29679e-24
-1.42756e-23
-3.67774e-23
-0.000268202
-0.577583
-0.110034
-7.2061e-07
-2.47941e-23
-1.81334e-23
-2.10727e-23
-2.96873e-23
-3.90524e-23
-4.6931e-23
-5.11533e-23
-4.60838e-23
-3.20764e-23
-2.37083e-23
-2.02489e-23
-1.94875e-23
-1.97977e-23
-2.02784e-23
-2.04894e-23
-2.02483e-23
-1.96289e-23
-1.9052e-23
-1.90312e-23
-1.95815e-23
-2.02043e-23
-2.04667e-23
-2.02784e-23
-1.98156e-23
-1.95171e-23
-2.0283e-23
-2.37402e-23
-3.21023e-23
-4.6103e-23
-5.11679e-23
-4.694e-23
-3.90575e-23
-2.96892e-23
-2.10718e-23
-1.81311e-23
-2.47894e-23
-7.22563e-07
-0.110387
-0.579336
-0.000268972
-3.6725e-23
-1.42631e-23
-5.31069e-24
-3.23752e-24
-8.7309e-24
-1.86942e-23
-2.9854e-23
-2.88831e-23
-2.26713e-23
-1.63065e-23
-1.08175e-23
-8.39069e-24
-8.72499e-24
-1.09936e-23
-1.41261e-23
-1.74166e-23
-2.00783e-23
-2.00608e-23
-1.67467e-23
-1.32147e-23
-1.07123e-23
-9.27043e-24
-8.52476e-24
-8.11853e-24
-7.81227e-24
-7.48773e-24
-7.14755e-24
-6.90727e-24
-6.90114e-24
-7.13356e-24
-7.47503e-24
-7.80736e-24
-8.12313e-24
-8.53769e-24
-9.28919e-24
-1.07338e-23
-1.32359e-23
-1.67658e-23
-2.00765e-23
-2.00901e-23
-1.74241e-23
-1.41302e-23
-1.09953e-23
-8.72527e-24
-8.39027e-24
-1.08159e-23
-1.63012e-23
-2.26573e-23
-2.88535e-23
-2.9812e-23
-1.86659e-23
-8.72054e-24
-3.24138e-24
-1.24322e-24
-4.92077e-24
-9.08919e-24
-1.01277e-23
-6.10285e-24
-2.52658e-24
-1.85181e-24
-1.72606e-24
-1.49501e-24
-1.4524e-24
-1.82694e-24
-2.80102e-24
-4.57995e-24
-6.92814e-24
-8.56887e-24
-8.40475e-24
-7.01318e-24
-5.3355e-24
-3.90572e-24
-2.85054e-24
-2.1079e-24
-1.57834e-24
-1.18824e-24
-9.09237e-25
-7.55319e-25
-7.53768e-25
-9.05904e-25
-1.1859e-24
-1.57912e-24
-2.11259e-24
-2.85896e-24
-3.91712e-24
-5.34883e-24
-7.02723e-24
-8.41827e-24
-8.58054e-24
-6.93687e-24
-4.58554e-24
-2.80419e-24
-1.82866e-24
-1.45355e-24
-1.49612e-24
-1.72713e-24
-1.85193e-24
-2.52281e-24
-6.08991e-24
-1.0106e-23
-9.06973e-24
-4.91084e-24
-1.24178e-24
-1.24306e-24
-4.92064e-24
-9.08902e-24
-1.01274e-23
-6.1025e-24
-2.52621e-24
-1.85148e-24
-1.72576e-24
-1.4947e-24
-1.45212e-24
-1.8269e-24
-2.80158e-24
-4.58144e-24
-6.93045e-24
-8.57213e-24
-8.41039e-24
-7.02282e-24
-5.35054e-24
-3.9277e-24
-2.88183e-24
-2.15196e-24
-1.6389e-24
-1.26739e-24
-1.00515e-24
-8.61107e-25
-8.5906e-25
-1.00036e-24
-1.26255e-24
-1.63594e-24
-2.15154e-24
-2.8839e-24
-3.93215e-24
-5.35738e-24
-7.03186e-24
-8.42073e-24
-8.58202e-24
-6.938e-24
-4.58628e-24
-2.80441e-24
-1.82863e-24
-1.45352e-24
-1.49624e-24
-1.72747e-24
-1.85253e-24
-2.52367e-24
-6.09084e-24
-1.01067e-23
-9.07031e-24
-4.9114e-24
-1.24271e-24
-3.23708e-24
-8.73057e-24
-1.86937e-23
-2.98533e-23
-2.88821e-23
-2.26703e-23
-1.63056e-23
-1.08166e-23
-8.38956e-24
-8.72346e-24
-1.09921e-23
-1.41256e-23
-1.74177e-23
-2.00796e-23
-2.00631e-23
-1.67577e-23
-1.32394e-23
-1.07536e-23
-9.33096e-24
-8.61107e-24
-8.24274e-24
-7.98951e-24
-7.72913e-24
-7.45e-24
-7.24671e-24
-7.23905e-24
-7.43181e-24
-7.70947e-24
-7.97391e-24
-8.23208e-24
-8.60418e-24
-9.32714e-24
-1.07536e-23
-1.32445e-23
-1.6768e-23
-2.0076e-23
-2.00901e-23
-1.74244e-23
-1.41295e-23
-1.09942e-23
-8.7246e-24
-8.39049e-24
-1.0817e-23
-1.63033e-23
-2.26601e-23
-2.88562e-23
-2.98136e-23
-1.86672e-23
-8.72201e-24
-3.24407e-24
-5.29618e-24
-1.42752e-23
-3.67769e-23
-0.000267965
-0.577182
-0.109981
-7.2063e-07
-2.47931e-23
-1.81314e-23
-2.1068e-23
-2.968e-23
-3.90446e-23
-4.69209e-23
-5.11327e-23
-4.60551e-23
-3.20749e-23
-2.3739e-23
-2.03082e-23
-1.95715e-23
-1.99137e-23
-2.04526e-23
-2.07624e-23
-2.06601e-23
-2.01864e-23
-1.97014e-23
-1.96774e-23
-2.01323e-23
-2.06068e-23
-2.07245e-23
-2.04282e-23
-1.98963e-23
-1.95572e-23
-2.02988e-23
-2.37398e-23
-3.20899e-23
-4.60831e-23
-5.11555e-23
-4.69348e-23
-3.90526e-23
-2.96835e-23
-2.10687e-23
-1.81313e-23
-2.47917e-23
-7.23091e-07
-0.11046
-0.579682
-0.000269117
-3.67248e-23
-1.42647e-23
-5.31477e-24
-5.47848e-24
-1.72218e-23
-4.65912e-23
-0.539638
-37.9875
-21.2095
-1.25291
-7.49993e-07
-2.30431e-23
-2.29058e-09
-0.00122302
-0.121039
-3.39945
-4.59428
-0.00250178
-4.83058e-23
-3.37628e-23
-3.17868e-23
-3.40168e-23
-3.68818e-23
-3.91371e-23
-4.03812e-23
-4.03698e-23
-3.91041e-23
-3.75904e-23
-3.75195e-23
-3.89578e-23
-4.02477e-23
-4.03129e-23
-3.91029e-23
-3.68578e-23
-3.39897e-23
-3.17615e-23
-3.37554e-23
-4.83326e-23
-0.00252488
-4.62844
-3.4158
-0.121197
-0.00122655
-2.30273e-09
-2.30422e-23
-7.53618e-07
-1.2596
-21.1911
-37.9424
-0.541848
-4.64948e-23
-1.72025e-23
-5.50751e-24
-4.28399e-24
-1.67782e-23
-4.59935e-23
-0.716987
-16.0238
-24.1484
-20.8704
-2.6005
-1.22113e-05
-0.0183984
-78.3305
-10.0439
-18.9526
-62.149
-2.51785
-4.25845e-23
-3.6438e-23
-4.37758e-23
-5.32853e-23
-6.05244e-23
-6.5252e-23
-6.78527e-23
-6.78355e-23
-6.42383e-23
-5.92748e-23
-5.90575e-23
-6.38456e-23
-6.75818e-23
-6.77673e-23
-6.52374e-23
-6.05131e-23
-5.32439e-23
-4.37183e-23
-3.64094e-23
-4.26195e-23
-2.533
-62.4253
-18.9813
-10.0424
-78.2721
-0.0184186
-1.22371e-05
-2.61724
-20.8414
-24.1117
-15.9992
-0.720502
-4.58437e-23
-1.67422e-23
-4.31678e-24
-3.12562e-24
-1.43429e-23
-3.80631e-23
-0.00652137
-18.7808
-27.6926
-29.8093
-24.4689
-3.51504
-28.1995
-34.6288
-48.3091
-18.3393
-26.6782
-0.170767
-2.41153e-23
-3.63622e-23
-6.14161e-23
-8.18484e-23
-9.3533e-23
-1.00336e-22
-1.05029e-22
-1.06093e-22
-9.71946e-23
-8.0749e-23
-8.00153e-23
-9.61286e-23
-1.05627e-22
-1.05046e-22
-1.00437e-22
-9.35927e-23
-8.17969e-23
-6.12846e-23
-3.62745e-23
-2.41306e-23
-0.171271
-26.7075
-18.368
-48.3678
-34.7144
-28.1976
-3.52456
-24.4196
-29.7552
-27.6416
-18.7222
-0.00656048
-3.78695e-23
-1.42888e-23
-3.15687e-24
-2.52982e-24
-1.14719e-23
-2.72186e-23
-1.24422e-06
-14.2474
-26.8187
-40.4201
-29.6166
-18.3649
-9.04291
-55.1262
-32.0427
-50.2459
-5.50747
-2.69585e-07
-1.28577e-23
-1.34003e-05
-1.35709
-10.1375
-1.13694
-0.583554
-1.76671
-10.7352
-3.04291
-0.000827107
-0.000567114
-1.86351
-7.00595
-1.81214
-0.606629
-1.14686
-9.52823
-1.21375
-1.13877e-05
-1.28306e-23
-2.67732e-07
-5.51853
-50.3353
-32.0875
-55.1992
-9.04506
-18.297
-29.542
-40.3443
-26.7677
-14.3132
-1.24956e-06
-2.7007e-23
-1.14106e-23
-2.56579e-24
-2.53145e-24
-9.94086e-24
-1.98395e-23
-2.75739e-23
-0.000840379
-44.9202
-27.2101
-42.2613
-32.7463
-14.7524
-46.4154
-22.6525
-21.4279
-0.00059026
-2.46741e-24
-5.91467e-24
-0.0470477
-73.2321
-50.1417
-6.24996
-22.921
-16.7726
-20.9101
-56.4536
-0.36335
-0.223094
-81.4328
-19.3069
-16.236
-22.8237
-6.30661
-49.6878
-80.0415
-0.0415485
-5.88924e-24
-2.48734e-24
-0.000591874
-21.5178
-22.6663
-46.4725
-14.7372
-32.6549
-42.1372
-27.1837
-44.6563
-0.000847245
-2.72736e-23
-1.96088e-23
-9.8962e-24
-2.59187e-24
-3.06857e-24
-1.15684e-23
-2.56076e-23
-2.04922e-19
-6.10662e-10
-0.27844
-16.9968
-27.6531
-37.4404
-65.9903
-37.3798
-60.0996
-0.0516022
-3.02236e-15
-5.26648e-25
-3.83596e-24
-0.013591
-47.1136
-44.4804
-17.3838
-18.0498
-23.2559
-32.4334
-63.9746
-0.0126706
-0.00567806
-84.2315
-29.5867
-22.1548
-17.4986
-17.1932
-44.2773
-46.3228
-0.0125278
-3.80513e-24
-5.30661e-25
-2.9134e-15
-0.0517068
-59.9476
-37.3505
-65.7804
-37.3248
-27.5529
-16.9145
-0.282295
-5.87056e-10
-1.54834e-19
-1.9662e-23
-1.16077e-23
-3.1721e-24
-3.58534e-24
-1.03858e-06
-0.0139171
-0.107971
-0.255776
-7.58398
-106.886
-204.451
-407.339
-475.207
-471.315
-221.329
-0.00218699
-1.3457e-21
-6.83121e-25
-2.90751e-24
-6.28584e-07
-14.4264
-20.3481
-36.0648
-41.5088
-17.6606
-19.7928
-0.0206612
-2.36088e-08
-6.05746e-09
-0.0103151
-19.3601
-17.0413
-40.3555
-35.4147
-20.0992
-13.7612
-6.32084e-07
-2.88337e-24
-6.8322e-25
-1.3191e-21
-0.00218579
-221.054
-470.861
-474.793
-406.619
-204.353
-106.721
-7.46886
-0.241968
-0.137333
-0.0258338
-2.60059e-06
-3.71156e-24
-3.68901e-24
-0.011187
-164.691
-180.003
-136.766
-394.792
-230.634
-226.526
-510.311
-583.346
-594.885
-253.127
-0.0293886
-3.88278e-20
-1.36471e-24
-2.52203e-24
-1.90174e-18
-1.03956
-37.0419
-76.9623
-48.0036
-31.6369
-0.000484594
-4.83255e-21
-5.40923e-24
-5.07638e-24
-1.55455e-20
-0.000489436
-31.8311
-46.896
-75.5811
-36.5099
-0.902224
-2.40646e-18
-2.49865e-24
-1.36563e-24
-3.80179e-20
-0.0293142
-252.674
-593.187
-581.525
-510.193
-226.652
-231.002
-395.602
-137.274
-182.547
-166.901
-0.0199833
-3.74065e-24
-7.40551e-24
-0.0133812
-202.089
-205.801
-149.165
-224.057
-227.636
-306.022
-349.615
-184.823
-137.768
-196.618
-0.193549
-8.63527e-16
-2.32797e-24
-3.13373e-24
-3.1407e-10
-5.79642
-62.019
-108.139
-31.8169
-5.34034
-1.28535e-11
-8.62583e-24
-3.938e-24
-3.82303e-24
-8.4845e-24
-1.52243e-11
-4.78201
-30.9924
-107.27
-61.5365
-5.17214
-3.15456e-10
-3.10654e-24
-2.3332e-24
-8.22433e-16
-0.193409
-195.993
-137.307
-184.032
-347.817
-306.372
-227.889
-224.502
-150.257
-209.139
-204.029
-0.0180682
-7.55867e-24
-1.29961e-23
-1.46199e-06
-0.024018
-0.208554
-0.256581
-18.3688
-217.148
-241.518
-103.046
-128.4
-142.4
-78.241
-5.5442
-1.48916e-07
-3.59397e-24
-3.78004e-24
-1.71353e-05
-35.1518
-150.326
-164.67
-76.4808
-0.00926783
-1.55681e-23
-7.12034e-24
-2.68749e-24
-2.64029e-24
-7.04749e-24
-1.55621e-23
-0.00863947
-75.6141
-164.932
-150.577
-34.4081
-1.5832e-05
-3.76902e-24
-3.61025e-24
-1.48537e-07
-5.55228
-78.0601
-142.301
-128.354
-102.416
-240.043
-217.162
-18.3313
-0.255696
-0.189785
-0.0204168
-1.21637e-06
-1.31725e-23
-1.27888e-23
-2.0035e-23
-5.54145e-22
-8.8704e-20
-9.76975e-12
-0.000325544
-9.42542
-113.986
-86.5571
-148.925
-170.69
-115.353
-66.4639
-0.0226373
-1.49969e-13
-3.59518e-24
-0.00272861
-83.6977
-164.82
-129.94
-61.7274
-0.00034091
-1.52869e-23
-6.1387e-24
-1.71651e-24
-1.69222e-24
-6.08672e-24
-1.52265e-23
-0.000326107
-62.2925
-130.42
-164.262
-85.0229
-0.00257449
-3.61141e-24
-1.46671e-13
-0.0226091
-66.513
-115.384
-170.706
-148.98
-86.6143
-113.901
-9.5456
-0.000336348
-1.0373e-11
-8.50259e-20
-4.78394e-22
-1.99667e-23
-1.28697e-23
-9.40097e-24
-1.32028e-23
-2.16029e-23
-2.87559e-23
-3.51018e-23
-3.74722e-14
-0.00356287
-86.7839
-52.3625
-136.008
-161.738
-186.032
-107.169
-22.4937
-1.21773e-05
-3.16803e-14
-0.181687
-66.4338
-160.2
-80.6327
-7.61287
-4.94389e-08
-1.33559e-23
-5.0742e-24
-9.5178e-25
-9.37765e-25
-5.03876e-24
-1.3304e-23
-4.93075e-08
-7.37407
-79.6325
-159.203
-65.4643
-0.174052
-3.41515e-14
-1.20657e-05
-22.5236
-107.261
-186.176
-161.816
-136.152
-51.9715
-85.7253
-0.00337918
-4.06654e-14
-3.47077e-23
-2.84348e-23
-2.1378e-23
-1.3127e-23
-9.41008e-24
-5.47586e-24
-8.89415e-24
-1.61641e-23
-2.48274e-23
-3.54289e-23
-3.72468e-07
-0.122165
-167.712
-70.8628
-104.211
-157.914
-167.388
-171.218
-75.7827
-2.5745
-0.000386391
-12.9733
-133.16
-187.855
-76.365
-0.133887
-8.92314e-17
-1.15641e-23
-4.24216e-24
-5.03689e-25
-4.95902e-25
-4.2224e-24
-1.15409e-23
-1.02165e-16
-0.128223
-78.7418
-186.604
-132.842
-12.6052
-0.000378839
-2.57844
-75.8217
-171.379
-167.59
-158.24
-104.299
-71.7843
-169.582
-0.136913
-5.43402e-07
-3.5173e-23
-2.46609e-23
-1.60556e-23
-8.84626e-24
-5.46174e-24
-2.45434e-24
-6.21829e-24
-1.30978e-23
-2.26036e-23
-3.62143e-23
-0.0162532
-174.291
-195.606
-104.34
-74.0787
-146.561
-157.615
-161.244
-142.118
-85.1505
-10.9348
-99.0879
-169.64
-152.929
-80.1107
-0.00953815
-2.10963e-23
-1.07953e-23
-3.96854e-24
-5.54537e-25
-5.50637e-25
-3.95917e-24
-1.07873e-23
-2.11032e-23
-0.00911328
-80.3434
-153.398
-169.837
-100.836
-10.9754
-85.1888
-142.235
-161.436
-157.786
-146.653
-74.0024
-105.552
-202.599
-180.377
-0.0247426
-3.63256e-23
-2.26332e-23
-1.30931e-23
-6.20936e-24
-2.44723e-24
-1.00183e-24
-4.88943e-24
-1.12462e-23
-2.01123e-23
-3.29993e-23
-0.0405942
-168.24
-208.113
-94.9929
-51.5299
-119.162
-156.295
-157.775
-147.618
-112.28
-46.316
-61.4833
-169.706
-117.774
-44.8507
-0.000601119
-2.00878e-23
-1.04786e-23
-4.3021e-24
-1.26008e-24
-1.25849e-24
-4.29868e-24
-1.04771e-23
-2.00929e-23
-0.000598963
-44.6693
-117.026
-169.612
-60.4833
-46.7906
-112.462
-147.976
-158.003
-156.493
-119.293
-51.7699
-95.0783
-217.078
-173.401
-0.0629614
-3.35182e-23
-2.03073e-23
-1.13144e-23
-4.90862e-24
-1.00452e-24
-1.48284e-24
-5.05291e-24
-1.07508e-23
-1.76509e-23
-2.58073e-23
-1.05891e-05
-0.033251
-0.0295524
-0.00691721
-22.3796
-71.0814
-172.898
-166.857
-151.889
-129.81
-100.441
-104.51
-164.469
-100.383
-39.9917
-0.00053838
-1.90263e-23
-1.0616e-23
-5.38514e-24
-2.81683e-24
-2.81657e-24
-5.38518e-24
-1.06185e-23
-1.90341e-23
-0.000554819
-39.9573
-99.8626
-163.57
-103.582
-100.056
-130.006
-152.076
-167.001
-172.986
-71.1021
-22.345
-0.00718765
-0.0391761
-0.0499756
-1.60288e-05
-2.62592e-23
-1.78272e-23
-1.08161e-23
-5.06945e-24
-1.47729e-24
-4.00932e-24
-7.15978e-24
-1.28734e-23
-1.80975e-23
-2.1544e-23
-2.28504e-23
-2.0405e-23
-1.72777e-23
-1.75133e-16
-0.00156974
-53.3823
-124.656
-191.35
-166.772
-150.368
-138.376
-145.304
-185.547
-119.426
-61.8567
-0.00425918
-1.7882e-23
-1.13666e-23
-7.51619e-24
-5.50211e-24
-5.50253e-24
-7.51795e-24
-1.13711e-23
-1.78912e-23
-0.0043537
-61.4628
-118.734
-184.635
-144.555
-137.98
-150.261
-166.782
-191.379
-124.607
-53.1843
-0.0015725
-1.97425e-16
-1.68561e-23
-1.981e-23
-2.28496e-23
-2.15945e-23
-1.81246e-23
-1.28754e-23
-7.14535e-24
-3.97509e-24
-8.05013e-24
-1.16114e-23
-1.93923e-23
-2.47095e-23
-2.55072e-23
-2.23823e-23
-1.77903e-23
-1.40806e-23
-1.27503e-23
-3.11158e-09
-0.173578
-41.1048
-165.849
-176.918
-171.854
-166.929
-168.37
-174.44
-136.301
-62.8333
-0.0395217
-2.04859e-22
-1.32143e-23
-1.13256e-23
-9.66523e-24
-9.66582e-24
-1.13277e-23
-1.3219e-23
-2.25647e-22
-0.0399296
-63.11
-135.65
-173.999
-167.815
-166.501
-171.603
-176.833
-165.627
-41.369
-0.171975
-3.10591e-09
-1.25369e-23
-1.3797e-23
-1.74314e-23
-2.21311e-23
-2.53384e-23
-2.45961e-23
-1.93147e-23
-1.1555e-23
-7.98055e-24
-1.19189e-23
-1.84935e-23
-3.32375e-23
-1.39545e-22
-1.02282e-22
-3.33149e-23
-2.49036e-23
-1.79969e-23
-1.27315e-23
-9.27596e-24
-3.98776e-07
-25.8593
-146.305
-217.955
-196.471
-193.209
-190.403
-186.71
-174.466
-78.5784
-2.56757
-3.27074e-11
-1.80742e-23
-1.82825e-23
-1.54969e-23
-1.54974e-23
-1.82838e-23
-1.80765e-23
-3.46617e-11
-2.57867
-78.163
-173.801
-186.123
-189.835
-192.715
-196.069
-217.572
-145.985
-25.682
-3.98875e-07
-9.16599e-24
-1.25794e-23
-1.77782e-23
-2.46153e-23
-3.29989e-23
-1.08034e-22
-1.47327e-22
-3.30769e-23
-1.83985e-23
-1.18269e-23
-1.28181e-23
-2.72821e-23
-1.9846e-05
-0.0412556
-0.0209738
-0.000151957
-0.000439369
-0.00119933
-0.000262676
-0.000140924
-0.000345482
-1.89944
-60.3622
-157.083
-209.035
-222.342
-216.018
-209.282
-228.014
-146.1
-29.3357
-3.84375e-06
-1.1214e-09
-7.76345e-08
-3.25112e-10
-3.18979e-10
-7.61944e-08
-1.10331e-09
-3.93484e-06
-29.2797
-145.525
-227.182
-208.607
-215.382
-221.754
-208.541
-156.731
-60.2285
-1.88709
-0.000354375
-0.000145233
-0.000270073
-0.00122469
-0.000447724
-0.00015486
-0.0214002
-0.0421087
-2.02584e-05
-2.71613e-23
-1.2733e-23
-8.94746e-24
-3.35994e-23
-0.0128624
-268.399
-217.641
-70.5548
-228.833
-108.916
-56.4517
-54.4064
-62.5657
-70.1656
-34.9497
-134.27
-292.534
-281.573
-247.123
-209.844
-175.201
-138.039
-40.1831
-1.67237
-0.806481
-51.681
-0.00663074
-0.00662049
-51.678
-0.806218
-1.66791
-40.0419
-137.547
-174.611
-209.184
-246.402
-280.812
-291.798
-133.938
-34.8542
-68.9417
-60.774
-52.783
-54.9307
-107.025
-228.003
-70.2846
-216.742
-267.365
-0.0131291
-3.34814e-23
-8.89911e-24
-7.82115e-24
-5.71507e-23
-0.0171487
-107.692
-283.916
-304.202
-712.931
-425.379
-338.321
-353.47
-361.377
-270.688
-133.403
-302.431
-106250
-41916
-19593.2
-14269.1
-10210.6
-6074.96
-2403.14
-613.139
-304.107
-137.328
-0.682892
-0.684097
-137.196
-303.68
-611.652
-2395.62
-6055.01
-10177.7
-14225.3
-19536.8
-41803.9
-105977
-301.693
-133.181
-267.567
-355.401
-346.867
-331.49
-415.942
-711.16
-303.186
-282.989
-107.369
-0.0175054
-5.69881e-23
-7.79909e-24
