-1.24376e-10
-4.95771
-16.2701
-25.0397
-34.1126
-36.5379
-47.1082
-49.6835
-51.6852
-54.4027
-55.7864
-53.3884
-60.3222
-163.903
-56174.6
-21807.2
-10003.8
-7357.44
-5554.44
-3879.7
-2205.49
-876.865
-298.304
-114.676
-7.6796
-7.6796
-114.676
-298.304
-876.865
-2205.49
-3879.7
-5554.44
-7357.44
-10003.8
-21807.2
-56174.6
-163.903
-60.3222
-53.3884
-55.7864
-54.4027
-51.6852
-49.6835
-47.1082
-36.5379
-34.1126
-25.0397
-16.2701
-4.95771
-1.24376e-10
-2.97294e-10
-6.42827
-26.643
-20.842
-25.8796
-19.0886
-18.4801
-18.9126
-20.547
-22.5084
-23.5419
-20.2381
-22.4185
-77.1564
-155.936
-142.689
-122.539
-103.529
-86.6591
-68.7718
-45.9571
-12.2579
-0.501362
-3.1413
-1.93905
-1.93905
-3.1413
-0.501362
-12.2579
-45.9571
-68.7718
-86.6591
-103.529
-122.539
-142.689
-155.936
-77.1564
-22.4185
-20.2381
-23.5419
-22.5084
-20.547
-18.9126
-18.4801
-19.0886
-25.8796
-20.842
-26.643
-6.42827
-2.97294e-10
-9.69444e-11
-2.3764
-96.4979
-35.2234
-50.0818
-14.8462
-0.997918
-0.487922
-0.422248
-0.378852
-1.66748
-15.9667
-44.3885
-92.0284
-108.025
-107.868
-102.238
-97.8109
-95.5344
-86.5424
-55.1647
-10.7948
-0.000314145
-7.90811e-07
-5.92591e-08
-5.92591e-08
-7.90811e-07
-0.000314145
-10.7948
-55.1647
-86.5424
-95.5344
-97.8109
-102.238
-107.868
-108.025
-92.0284
-44.3885
-15.9667
-1.66748
-0.378852
-0.422248
-0.487922
-0.997918
-14.8462
-50.0818
-35.2234
-96.4979
-2.3764
-9.69444e-11
-6.94701e-12
-0.0143637
-2.73229
-4.57987
-0.287445
-0.000739666
-9.62585e-10
-3.36337e-12
-2.56634e-12
-1.00126e-05
-2.04651
-43.9265
-71.4814
-95.8157
-91.6945
-86.4556
-84.9452
-91.2328
-102.851
-69.5349
-47.1843
-3.23971
-6.84391e-08
-7.63335e-12
-6.53619e-12
-6.53619e-12
-7.63335e-12
-6.84391e-08
-3.23971
-47.1843
-69.5349
-102.851
-91.2328
-84.9452
-86.4556
-91.6945
-95.8157
-71.4814
-43.9265
-2.04651
-1.00126e-05
-2.56634e-12
-3.36337e-12
-9.62585e-10
-0.000739666
-0.287445
-4.57987
-2.73229
-0.0143637
-6.94701e-12
-3.80127e-12
-5.27291e-12
-2.97972e-11
-5.47356e-11
-3.83461e-12
-2.38517e-12
-1.76362e-12
-1.91374e-12
-1.38325e-06
-0.112541
-24.1191
-62.6299
-104.558
-91.4325
-79.59
-66.424
-64.6266
-81.5711
-105.219
-62.2244
-27.8067
-0.231236
-7.25131e-12
-5.24688e-12
-4.05717e-12
-4.05717e-12
-5.24688e-12
-7.25131e-12
-0.231236
-27.8067
-62.2244
-105.219
-81.5711
-64.6266
-66.424
-79.59
-91.4325
-104.558
-62.6299
-24.1191
-0.112541
-1.38325e-06
-1.91374e-12
-1.76362e-12
-2.38517e-12
-3.83461e-12
-5.47356e-11
-2.97972e-11
-5.27291e-12
-3.80127e-12
-1.01828e-12
-1.81194e-12
-2.14821e-12
-1.54929e-12
-9.33408e-13
-8.21449e-13
-1.3341e-12
-5.98884e-09
-0.0242971
-20.6591
-37.082
-96.7878
-96.2659
-87.8085
-73.4388
-35.6417
-42.1499
-71.4733
-93.5683
-51.7186
-28.3479
-0.0539099
-7.68127e-12
-4.22155e-12
-2.50868e-12
-2.50868e-12
-4.22155e-12
-7.68127e-12
-0.0539099
-28.3479
-51.7186
-93.5683
-71.4733
-42.1499
-35.6417
-73.4388
-87.8085
-96.2659
-96.7878
-37.082
-20.6591
-0.0242971
-5.98884e-09
-1.3341e-12
-8.21449e-13
-9.33408e-13
-1.54929e-12
-2.14821e-12
-1.81194e-12
-1.01828e-12
-4.71326e-13
-1.94879e-12
-3.13144e-12
-3.06063e-12
-2.55392e-12
-2.28745e-12
-2.73643e-12
-0.000373018
-10.1734
-43.1393
-72.9744
-100.289
-97.7699
-92.3412
-42.8646
-27.6525
-39.2541
-80.4619
-93.5857
-49.8818
-31.9939
-0.095908
-8.50845e-12
-3.87903e-12
-1.6136e-12
-1.6136e-12
-3.87903e-12
-8.50845e-12
-0.095908
-31.9939
-49.8818
-93.5857
-80.4619
-39.2541
-27.6525
-42.8646
-92.3412
-97.7699
-100.289
-72.9744
-43.1393
-10.1734
-0.000373018
-2.73643e-12
-2.28745e-12
-2.55392e-12
-3.06063e-12
-3.13144e-12
-1.94879e-12
-4.71326e-13
-1.69001e-12
-4.25236e-08
-0.00626992
-0.414589
-0.502829
-0.0611569
-0.00905994
-0.88118
-33.9249
-64.9301
-110.157
-105.252
-102.681
-50.0427
-15.2231
-7.42731
-45.1315
-84.372
-101.488
-52.3531
-32.5595
-0.190238
-9.64859e-12
-3.92212e-12
-1.13536e-12
-1.13536e-12
-3.92212e-12
-9.64859e-12
-0.190238
-32.5595
-52.3531
-101.488
-84.372
-45.1315
-7.42731
-15.2231
-50.0427
-102.681
-105.252
-110.157
-64.9301
-33.9249
-0.88118
-0.00905994
-0.0611569
-0.502829
-0.414589
-0.00626992
-4.25236e-08
-1.69001e-12
-2.6563e-12
-0.0238295
-26.5358
-54.3677
-29.7365
-23.589
-16.8725
-19.4625
-49.8145
-105.925
-107.374
-108.406
-54.4707
-14.5035
-0.0586367
-1.2217
-49.1503
-76.7009
-114.256
-57.1213
-31.5745
-0.282197
-1.07654e-11
-4.12303e-12
-8.96695e-13
-8.96695e-13
-4.12303e-12
-1.07654e-11
-0.282197
-31.5745
-57.1213
-114.256
-76.7009
-49.1503
-1.2217
-0.0586367
-14.5035
-54.4707
-108.406
-107.374
-105.925
-49.8145
-19.4625
-16.8725
-23.589
-29.7365
-54.3677
-26.5358
-0.0238295
-2.6563e-12
-2.04223e-11
-2.6312
-63.8922
-19.1819
-28.4944
-31.1808
-31.1711
-39.265
-83.0076
-95.4157
-105.733
-56.9655
-20.7593
-0.236572
-3.82343e-07
-0.233234
-41.7219
-73.6579
-129.244
-62.0365
-31.25
-0.331669
-1.15855e-11
-4.32025e-12
-7.78106e-13
-7.78106e-13
-4.32025e-12
-1.15855e-11
-0.331669
-31.25
-62.0365
-129.244
-73.6579
-41.7219
-0.233234
-3.82343e-07
-0.236572
-20.7593
-56.9655
-105.733
-95.4157
-83.0076
-39.265
-31.1711
-31.1808
-28.4944
-19.1819
-63.8922
-2.6312
-2.04223e-11
-2.53438e-11
-2.64202
-81.4821
-21.693
-25.4107
-30.0133
-29.2191
-42.0687
-68.2569
-88.1495
-56.961
-34.0624
-1.68527
-8.20528e-06
-2.28284e-12
-0.0202512
-21.6775
-69.4454
-131.092
-62.8588
-31.6782
-0.354975
-1.20151e-11
-4.43311e-12
-7.09454e-13
-7.09454e-13
-4.43311e-12
-1.20151e-11
-0.354975
-31.6782
-62.8588
-131.092
-69.4454
-21.6775
-0.0202512
-2.28284e-12
-8.20528e-06
-1.68527
-34.0624
-56.961
-88.1495
-68.2569
-42.0687
-29.2191
-30.0133
-25.4107
-21.693
-81.4821
-2.64202
-2.53438e-11
-4.6958e-12
-0.0185366
-15.1305
-60.2197
-27.1724
-24.2434
-22.42
-32.9836
-65.3125
-58.8767
-37.5685
-12.51
-0.000789546
-2.6219e-12
-2.54914e-12
-0.00412835
-21.0127
-61.4723
-120.069
-59.1196
-32.7478
-0.373651
-1.20781e-11
-4.44176e-12
-6.54489e-13
-6.54489e-13
-4.44176e-12
-1.20781e-11
-0.373651
-32.7478
-59.1196
-120.069
-61.4723
-21.0127
-0.00412835
-2.54914e-12
-2.6219e-12
-0.000789546
-12.51
-37.5685
-58.8767
-65.3125
-32.9836
-22.42
-24.2434
-27.1724
-60.2197
-15.1305
-0.0185366
-4.6958e-12
-4.11727e-12
-2.51721e-09
-0.0010017
-0.14571
-2.32119
-14.9608
-37.4621
-47.4468
-75.2415
-38.2845
-26.6642
-0.119091
-2.00126e-08
-1.98601e-12
-2.90669e-12
-0.00552104
-25.4569
-54.0679
-106.962
-53.5194
-35.5292
-0.378984
-1.18813e-11
-4.36715e-12
-5.98768e-13
-5.98768e-13
-4.36715e-12
-1.18813e-11
-0.378984
-35.5292
-53.5194
-106.962
-54.0679
-25.4569
-0.00552104
-2.90669e-12
-1.98601e-12
-2.00126e-08
-0.119091
-26.6642
-38.2845
-75.2415
-47.4468
-37.4621
-14.9608
-2.32119
-0.14571
-0.0010017
-2.51721e-09
-4.11727e-12
-2.47001e-12
-4.77469e-12
-7.85324e-12
-8.97606e-12
-0.00306316
-18.5796
-32.1292
-66.5583
-52.2499
-34.8043
-8.3621
-6.10948e-05
-3.15118e-12
-1.6647e-12
-3.45896e-12
-0.0100602
-30.6693
-46.9185
-93.2519
-47.0929
-37.7185
-0.329995
-1.15857e-11
-4.25511e-12
-5.42927e-13
-5.42927e-13
-4.25511e-12
-1.15857e-11
-0.329995
-37.7185
-47.0929
-93.2519
-46.9185
-30.6693
-0.0100602
-3.45896e-12
-1.6647e-12
-3.15118e-12
-6.10948e-05
-8.3621
-34.8043
-52.2499
-66.5583
-32.1292
-18.5796
-0.00306316
-8.97606e-12
-7.85324e-12
-4.77469e-12
-2.47001e-12
-1.19226e-12
-3.50908e-12
-6.79874e-12
-1.30025e-09
-0.113161
-27.0505
-41.6605
-80.3673
-37.517
-31.9919
-0.102661
-1.93919e-10
-2.17986e-12
-1.56087e-12
-4.24389e-12
-0.0182378
-34.0021
-39.5682
-79.1807
-40.4463
-35.8927
-0.246592
-1.1284e-11
-4.15378e-12
-4.96531e-13
-4.96531e-13
-4.15378e-12
-1.1284e-11
-0.246592
-35.8927
-40.4463
-79.1807
-39.5682
-34.0021
-0.0182378
-4.24389e-12
-1.56087e-12
-2.17986e-12
-1.93919e-10
-0.102661
-31.9919
-37.517
-80.3673
-41.6605
-27.0505
-0.113161
-1.30025e-09
-6.79874e-12
-3.50908e-12
-1.19226e-12
-7.34328e-13
-3.68627e-12
-3.32369e-11
-0.00102397
-8.87317
-34.0994
-54.5589
-62.6276
-38.0727
-14.3303
-0.000167086
-4.493e-12
-1.46357e-12
-1.65254e-12
-5.14142e-12
-0.0308698
-38.707
-34.0379
-66.2265
-35.48
-39.8585
-0.201217
-1.81829e-11
-4.12521e-12
-4.73772e-13
-4.73772e-13
-4.12521e-12
-1.81829e-11
-0.201217
-39.8585
-35.48
-66.2265
-34.0379
-38.707
-0.0308698
-5.14142e-12
-1.65254e-12
-1.46357e-12
-4.493e-12
-0.000167086
-14.3303
-38.0727
-62.6276
-54.5589
-34.0994
-8.87317
-0.00102397
-3.32369e-11
-3.68627e-12
-7.34328e-13
-8.78017e-13
-4.83021e-12
-0.00125545
-2.68644
-72.9821
-51.8973
-60.6522
-43.4166
-30.6044
-0.37044
-2.67287e-09
-3.11632e-12
-9.31208e-13
-1.90203e-12
-3.61123e-09
-0.150394
-51.139
-57.6051
-49.9336
-57.0009
-53.3948
-2.4466
-0.000140733
-4.29772e-12
-4.91294e-13
-4.91294e-13
-4.29772e-12
-0.000140733
-2.4466
-53.3948
-57.0009
-49.9336
-57.6051
-51.139
-0.150394
-3.61123e-09
-1.90203e-12
-9.31208e-13
-3.11632e-12
-2.67287e-09
-0.37044
-30.6044
-43.4166
-60.6522
-51.8973
-72.9821
-2.68644
-0.00125545
-4.83021e-12
-8.78017e-13
-1.17075e-12
-3.3651e-08
-0.239754
-68.1044
-105.257
-102.739
-72.4822
-79.8696
-60.8663
-0.106783
-2.70966e-09
-2.2052e-12
-6.31616e-13
-2.38484e-12
-0.000360343
-5.00808
-109.832
-134.679
-98.3905
-133.104
-122.772
-46.7061
-0.0551333
-4.04486e-09
-5.58308e-13
-5.58308e-13
-4.04486e-09
-0.0551333
-46.7061
-122.772
-133.104
-98.3905
-134.679
-109.832
-5.00808
-0.000360343
-2.38484e-12
-6.31616e-13
-2.2052e-12
-2.70966e-09
-0.106783
-60.8663
-79.8696
-72.4822
-102.739
-105.257
-68.1044
-0.239754
-3.3651e-08
-1.17075e-12
-1.3374e-12
-0.00120212
-8.4698
-96.0304
-162.199
-137.215
-103.821
-149.556
-124.26
-4.79545
-0.000513851
-1.72065e-12
-5.99256e-13
-2.44149e-06
-0.279463
-73.3991
-151.318
-152.429
-109.639
-141.853
-150.373
-106.906
-5.60208
-0.000741151
-6.89273e-13
-6.89273e-13
-0.000741151
-5.60208
-106.906
-150.373
-141.853
-109.639
-152.429
-151.318
-73.3991
-0.279463
-2.44149e-06
-5.99256e-13
-1.72065e-12
-0.000513851
-4.79545
-124.26
-149.556
-103.821
-137.215
-162.199
-96.0304
-8.4698
-0.00120212
-1.3374e-12
-2.10072e-12
-0.136456
-58.0678
-135.607
-183.226
-136.617
-106.744
-193.301
-150.3
-68.1394
-0.121958
-3.8425e-12
-9.39254e-13
-0.0138752
-19.9615
-138.925
-181.053
-164.528
-84.1803
-132.591
-184.958
-146.877
-59.2116
-0.139288
-1.78369e-12
-1.78369e-12
-0.139288
-59.2116
-146.877
-184.958
-132.591
-84.1803
-164.528
-181.053
-138.925
-19.9615
-0.0138752
-9.39254e-13
-3.8425e-12
-0.121958
-68.1394
-150.3
-193.301
-106.744
-136.617
-183.226
-135.607
-58.0678
-0.136456
-2.10072e-12
-6.13369e-09
-1.55942
-93.2239
-96.4509
-167.201
-96.9627
-74.7752
-129.384
-64.4483
-90.3839
-3.1016
-6.71343e-10
-4.90696e-11
-1.82258
-70.6299
-60.8667
-128.367
-98.791
-44.9834
-92.0507
-129.26
-61.3617
-79.8817
-3.15094
-5.44342e-10
-5.44342e-10
-3.15094
-79.8817
-61.3617
-129.26
-92.0507
-44.9834
-98.791
-128.367
-60.8667
-70.6299
-1.82258
-4.90696e-11
-6.71343e-10
-3.1016
-90.3839
-64.4483
-129.384
-74.7752
-96.9627
-167.201
-96.4509
-93.2239
-1.55942
-6.13369e-09
-9.49237e-08
-6.41033
-88.9726
-65.6984
-95.1532
-10.9985
-1.15932
-27.7933
-82.6968
-107.825
-3.95175
-1.14711e-09
-3.30308e-10
-4.75981
-98.9134
-69.2577
-84.7932
-10.0126
-0.229387
-6.94485
-85.2439
-77.2009
-115.78
-4.18218
-1.32244e-09
-1.32244e-09
-4.18218
-115.78
-77.2009
-85.2439
-6.94485
-0.229387
-10.0126
-84.7932
-69.2577
-98.9134
-4.75981
-3.30308e-10
-1.14711e-09
-3.95175
-107.825
-82.6968
-27.7933
-1.15932
-10.9985
-95.1532
-65.6984
-88.9726
-6.41033
-9.49237e-08
-1.59421e-08
-2.67443
-93.8786
-67.6763
-5.56208
-0.00904185
-9.86478e-05
-0.0537433
-3.90233
-4.79639
-0.036492
-9.28244e-12
-1.04209e-11
-0.0718578
-11.8129
-19.0154
-1.62223
-0.00949947
-9.19503e-07
-0.00574804
-1.0266
-12.5793
-7.65786
-0.0540144
-1.50061e-11
-1.50061e-11
-0.0540144
-7.65786
-12.5793
-1.0266
-0.00574804
-9.19503e-07
-0.00949947
-1.62223
-19.0154
-11.8129
-0.0718578
-1.04209e-11
-9.28244e-12
-0.036492
-4.79639
-3.90233
-0.0537433
-9.86478e-05
-0.00904185
-5.56208
-67.6763
-93.8786
-2.67443
-1.59421e-08
-3.41738e-12
-0.00941941
-1.04542
-0.552748
-0.00190694
-3.43722e-10
-4.797e-12
-5.38208e-12
-1.37388e-09
-1.85689e-09
-1.37679e-11
-2.36915e-12
-2.63064e-12
-1.6883e-09
-2.00877e-06
-6.01959e-06
-1.51515e-07
-5.41928e-12
-4.79895e-12
-5.24689e-12
-2.02323e-08
-8.93852e-07
-3.25663e-07
-3.33657e-10
-2.44688e-12
-2.44688e-12
-3.33657e-10
-3.25663e-07
-8.93852e-07
-2.02323e-08
-5.24689e-12
-4.79895e-12
-5.41928e-12
-1.51515e-07
-6.01959e-06
-2.00877e-06
-1.6883e-09
-2.63064e-12
-2.36915e-12
-1.37679e-11
-1.85689e-09
-1.37388e-09
-5.38208e-12
-4.797e-12
-3.43722e-10
-0.00190694
-0.552748
-1.04542
-0.00941941
-3.41738e-12
-7.36037e-13
-1.64701e-12
-1.51341e-12
-9.64664e-13
-8.73062e-13
-7.79642e-13
-7.00669e-13
-7.18914e-13
-8.42359e-13
-9.5045e-13
-7.01439e-13
-3.09807e-13
-4.45359e-13
-1.0283e-12
-1.23601e-12
-9.60292e-13
-7.34727e-13
-6.17541e-13
-5.64496e-13
-6.00955e-13
-7.12183e-13
-9.10382e-13
-1.11197e-12
-8.71598e-13
-3.62636e-13
-3.62636e-13
-8.71598e-13
-1.11197e-12
-9.10382e-13
-7.12183e-13
-6.00955e-13
-5.64496e-13
-6.17541e-13
-7.34727e-13
-9.60292e-13
-1.23601e-12
-1.0283e-12
-4.45359e-13
-3.09807e-13
-7.01439e-13
-9.5045e-13
-8.42359e-13
-7.18914e-13
-7.00669e-13
-7.79642e-13
-8.73062e-13
-9.64664e-13
-1.51341e-12
-1.64701e-12
-7.36037e-13
-7.36037e-13
-1.64701e-12
-1.51341e-12
-9.64664e-13
-8.73062e-13
-7.79642e-13
-7.00669e-13
-7.18914e-13
-8.42359e-13
-9.5045e-13
-7.01439e-13
-3.09807e-13
-4.45359e-13
-1.0283e-12
-1.23601e-12
-9.60292e-13
-7.34727e-13
-6.17541e-13
-5.64496e-13
-6.00955e-13
-7.12183e-13
-9.10382e-13
-1.11197e-12
-8.71598e-13
-3.62636e-13
-3.62636e-13
-8.71598e-13
-1.11197e-12
-9.10382e-13
-7.12183e-13
-6.00955e-13
-5.64496e-13
-6.17541e-13
-7.34727e-13
-9.60292e-13
-1.23601e-12
-1.0283e-12
-4.45359e-13
-3.09807e-13
-7.01439e-13
-9.5045e-13
-8.42359e-13
-7.18914e-13
-7.00669e-13
-7.79642e-13
-8.73062e-13
-9.64664e-13
-1.51341e-12
-1.64701e-12
-7.36037e-13
-3.41738e-12
-0.00941941
-1.04542
-0.552748
-0.00190694
-3.43722e-10
-4.797e-12
-5.38208e-12
-1.37388e-09
-1.85689e-09
-1.37679e-11
-2.36915e-12
-2.63064e-12
-1.6883e-09
-2.00877e-06
-6.01959e-06
-1.51515e-07
-5.41928e-12
-4.79895e-12
-5.24689e-12
-2.02323e-08
-8.93852e-07
-3.25663e-07
-3.33657e-10
-2.44688e-12
-2.44688e-12
-3.33657e-10
-3.25663e-07
-8.93852e-07
-2.02323e-08
-5.24689e-12
-4.79895e-12
-5.41928e-12
-1.51515e-07
-6.01959e-06
-2.00877e-06
-1.6883e-09
-2.63064e-12
-2.36915e-12
-1.37679e-11
-1.85689e-09
-1.37388e-09
-5.38208e-12
-4.797e-12
-3.43722e-10
-0.00190694
-0.552748
-1.04542
-0.00941941
-3.41738e-12
-1.59421e-08
-2.67443
-93.8786
-67.6763
-5.56208
-0.00904185
-9.86478e-05
-0.0537433
-3.90233
-4.79639
-0.036492
-9.28244e-12
-1.04209e-11
-0.0718578
-11.8129
-19.0154
-1.62223
-0.00949947
-9.19503e-07
-0.00574804
-1.0266
-12.5793
-7.65786
-0.0540144
-1.50061e-11
-1.50061e-11
-0.0540144
-7.65786
-12.5793
-1.0266
-0.00574804
-9.19503e-07
-0.00949947
-1.62223
-19.0154
-11.8129
-0.0718578
-1.04209e-11
-9.28244e-12
-0.036492
-4.79639
-3.90233
-0.0537433
-9.86478e-05
-0.00904185
-5.56208
-67.6763
-93.8786
-2.67443
-1.59421e-08
-9.49237e-08
-6.41033
-88.9726
-65.6984
-95.1532
-10.9985
-1.15932
-27.7933
-82.6968
-107.825
-3.95175
-1.14711e-09
-3.30308e-10
-4.75981
-98.9134
-69.2577
-84.7932
-10.0126
-0.229387
-6.94485
-85.2439
-77.2009
-115.78
-4.18218
-1.32244e-09
-1.32244e-09
-4.18218
-115.78
-77.2009
-85.2439
-6.94485
-0.229387
-10.0126
-84.7932
-69.2577
-98.9134
-4.75981
-3.30308e-10
-1.14711e-09
-3.95175
-107.825
-82.6968
-27.7933
-1.15932
-10.9985
-95.1532
-65.6984
-88.9726
-6.41033
-9.49237e-08
-6.13369e-09
-1.55942
-93.2239
-96.4509
-167.201
-96.9627
-74.7752
-129.384
-64.4483
-90.3839
-3.1016
-6.71343e-10
-4.90696e-11
-1.82258
-70.6299
-60.8667
-128.367
-98.791
-44.9834
-92.0507
-129.26
-61.3617
-79.8817
-3.15094
-5.44342e-10
-5.44342e-10
-3.15094
-79.8817
-61.3617
-129.26
-92.0507
-44.9834
-98.791
-128.367
-60.8667
-70.6299
-1.82258
-4.90696e-11
-6.71343e-10
-3.1016
-90.3839
-64.4483
-129.384
-74.7752
-96.9627
-167.201
-96.4509
-93.2239
-1.55942
-6.13369e-09
-2.10072e-12
-0.136456
-58.0678
-135.607
-183.226
-136.617
-106.744
-193.301
-150.3
-68.1394
-0.121958
-3.8425e-12
-9.39254e-13
-0.0138752
-19.9615
-138.925
-181.053
-164.528
-84.1803
-132.591
-184.958
-146.877
-59.2116
-0.139288
-1.78369e-12
-1.78369e-12
-0.139288
-59.2116
-146.877
-184.958
-132.591
-84.1803
-164.528
-181.053
-138.925
-19.9615
-0.0138752
-9.39254e-13
-3.8425e-12
-0.121958
-68.1394
-150.3
-193.301
-106.744
-136.617
-183.226
-135.607
-58.0678
-0.136456
-2.10072e-12
-1.3374e-12
-0.00120212
-8.4698
-96.0304
-162.199
-137.215
-103.821
-149.556
-124.26
-4.79545
-0.000513851
-1.72065e-12
-5.99256e-13
-2.44149e-06
-0.279463
-73.3991
-151.318
-152.429
-109.639
-141.853
-150.373
-106.906
-5.60208
-0.000741151
-6.89273e-13
-6.89273e-13
-0.000741151
-5.60208
-106.906
-150.373
-141.853
-109.639
-152.429
-151.318
-73.3991
-0.279463
-2.44149e-06
-5.99256e-13
-1.72065e-12
-0.000513851
-4.79545
-124.26
-149.556
-103.821
-137.215
-162.199
-96.0304
-8.4698
-0.00120212
-1.3374e-12
-1.17075e-12
-3.3651e-08
-0.239754
-68.1044
-105.257
-102.739
-72.4822
-79.8696
-60.8663
-0.106783
-2.70966e-09
-2.2052e-12
-6.31616e-13
-2.38484e-12
-0.000360343
-5.00808
-109.832
-134.679
-98.3905
-133.104
-122.772
-46.7061
-0.0551333
-4.04486e-09
-5.58308e-13
-5.58308e-13
-4.04486e-09
-0.0551333
-46.7061
-122.772
-133.104
-98.3905
-134.679
-109.832
-5.00808
-0.000360343
-2.38484e-12
-6.31616e-13
-2.2052e-12
-2.70966e-09
-0.106783
-60.8663
-79.8696
-72.4822
-102.739
-105.257
-68.1044
-0.239754
-3.3651e-08
-1.17075e-12
-8.78017e-13
-4.83021e-12
-0.00125545
-2.68644
-72.9821
-51.8973
-60.6522
-43.4166
-30.6044
-0.37044
-2.67287e-09
-3.11632e-12
-9.31208e-13
-1.90203e-12
-3.61123e-09
-0.150394
-51.139
-57.6051
-49.9336
-57.0009
-53.3948
-2.4466
-0.000140733
-4.29772e-12
-4.91294e-13
-4.91294e-13
-4.29772e-12
-0.000140733
-2.4466
-53.3948
-57.0009
-49.9336
-57.6051
-51.139
-0.150394
-3.61123e-09
-1.90203e-12
-9.31208e-13
-3.11632e-12
-2.67287e-09
-0.37044
-30.6044
-43.4166
-60.6522
-51.8973
-72.9821
-2.68644
-0.00125545
-4.83021e-12
-8.78017e-13
-7.34328e-13
-3.68627e-12
-3.32369e-11
-0.00102397
-8.87317
-34.0994
-54.5589
-62.6276
-38.0727
-14.3303
-0.000167086
-4.493e-12
-1.46357e-12
-1.65254e-12
-5.14142e-12
-0.0308698
-38.707
-34.0379
-66.2265
-35.48
-39.8585
-0.201217
-1.81829e-11
-4.12521e-12
-4.73772e-13
-4.73772e-13
-4.12521e-12
-1.81829e-11
-0.201217
-39.8585
-35.48
-66.2265
-34.0379
-38.707
-0.0308698
-5.14142e-12
-1.65254e-12
-1.46357e-12
-4.493e-12
-0.000167086
-14.3303
-38.0727
-62.6276
-54.5589
-34.0994
-8.87317
-0.00102397
-3.32369e-11
-3.68627e-12
-7.34328e-13
-1.19226e-12
-3.50908e-12
-6.79874e-12
-1.30025e-09
-0.113161
-27.0505
-41.6605
-80.3673
-37.517
-31.9919
-0.102661
-1.93919e-10
-2.17986e-12
-1.56087e-12
-4.24389e-12
-0.0182378
-34.0021
-39.5682
-79.1807
-40.4463
-35.8927
-0.246592
-1.1284e-11
-4.15378e-12
-4.96531e-13
-4.96531e-13
-4.15378e-12
-1.1284e-11
-0.246592
-35.8927
-40.4463
-79.1807
-39.5682
-34.0021
-0.0182378
-4.24389e-12
-1.56087e-12
-2.17986e-12
-1.93919e-10
-0.102661
-31.9919
-37.517
-80.3673
-41.6605
-27.0505
-0.113161
-1.30025e-09
-6.79874e-12
-3.50908e-12
-1.19226e-12
-2.47001e-12
-4.77469e-12
-7.85324e-12
-8.97606e-12
-0.00306316
-18.5796
-32.1292
-66.5583
-52.2499
-34.8043
-8.3621
-6.10948e-05
-3.15118e-12
-1.6647e-12
-3.45896e-12
-0.0100602
-30.6693
-46.9185
-93.2519
-47.0929
-37.7185
-0.329995
-1.15857e-11
-4.25511e-12
-5.42927e-13
-5.42927e-13
-4.25511e-12
-1.15857e-11
-0.329995
-37.7185
-47.0929
-93.2519
-46.9185
-30.6693
-0.0100602
-3.45896e-12
-1.6647e-12
-3.15118e-12
-6.10948e-05
-8.3621
-34.8043
-52.2499
-66.5583
-32.1292
-18.5796
-0.00306316
-8.97606e-12
-7.85324e-12
-4.77469e-12
-2.47001e-12
-4.11727e-12
-2.51721e-09
-0.0010017
-0.14571
-2.32119
-14.9608
-37.4621
-47.4468
-75.2415
-38.2845
-26.6642
-0.119091
-2.00126e-08
-1.98601e-12
-2.90669e-12
-0.00552104
-25.4569
-54.0679
-106.962
-53.5194
-35.5292
-0.378984
-1.18813e-11
-4.36715e-12
-5.98768e-13
-5.98768e-13
-4.36715e-12
-1.18813e-11
-0.378984
-35.5292
-53.5194
-106.962
-54.0679
-25.4569
-0.00552104
-2.90669e-12
-1.98601e-12
-2.00126e-08
-0.119091
-26.6642
-38.2845
-75.2415
-47.4468
-37.4621
-14.9608
-2.32119
-0.14571
-0.0010017
-2.51721e-09
-4.11727e-12
-4.6958e-12
-0.0185366
-15.1305
-60.2197
-27.1724
-24.2434
-22.42
-32.9836
-65.3125
-58.8767
-37.5685
-12.51
-0.000789546
-2.6219e-12
-2.54914e-12
-0.00412835
-21.0127
-61.4723
-120.069
-59.1196
-32.7478
-0.373651
-1.20781e-11
-4.44176e-12
-6.54489e-13
-6.54489e-13
-4.44176e-12
-1.20781e-11
-0.373651
-32.7478
-59.1196
-120.069
-61.4723
-21.0127
-0.00412835
-2.54914e-12
-2.6219e-12
-0.000789546
-12.51
-37.5685
-58.8767
-65.3125
-32.9836
-22.42
-24.2434
-27.1724
-60.2197
-15.1305
-0.0185366
-4.6958e-12
-2.53438e-11
-2.64202
-81.4821
-21.693
-25.4107
-30.0133
-29.2191
-42.0687
-68.2569
-88.1495
-56.961
-34.0624
-1.68527
-8.20528e-06
-2.28284e-12
-0.0202512
-21.6775
-69.4454
-131.092
-62.8588
-31.6782
-0.354975
-1.20151e-11
-4.43311e-12
-7.09454e-13
-7.09454e-13
-4.43311e-12
-1.20151e-11
-0.354975
-31.6782
-62.8588
-131.092
-69.4454
-21.6775
-0.0202512
-2.28284e-12
-8.20528e-06
-1.68527
-34.0624
-56.961
-88.1495
-68.2569
-42.0687
-29.2191
-30.0133
-25.4107
-21.693
-81.4821
-2.64202
-2.53438e-11
-2.04223e-11
-2.6312
-63.8922
-19.1819
-28.4944
-31.1808
-31.1711
-39.265
-83.0076
-95.4157
-105.733
-56.9655
-20.7593
-0.236572
-3.82343e-07
-0.233234
-41.7219
-73.6579
-129.244
-62.0365
-31.25
-0.331669
-1.15855e-11
-4.32025e-12
-7.78106e-13
-7.78106e-13
-4.32025e-12
-1.15855e-11
-0.331669
-31.25
-62.0365
-129.244
-73.6579
-41.7219
-0.233234
-3.82343e-07
-0.236572
-20.7593
-56.9655
-105.733
-95.4157
-83.0076
-39.265
-31.1711
-31.1808
-28.4944
-19.1819
-63.8922
-2.6312
-2.04223e-11
-2.6563e-12
-0.0238295
-26.5358
-54.3677
-29.7365
-23.589
-16.8725
-19.4625
-49.8145
-105.925
-107.374
-108.406
-54.4707
-14.5035
-0.0586367
-1.2217
-49.1503
-76.7009
-114.256
-57.1213
-31.5745
-0.282197
-1.07654e-11
-4.12303e-12
-8.96695e-13
-8.96695e-13
-4.12303e-12
-1.07654e-11
-0.282197
-31.5745
-57.1213
-114.256
-76.7009
-49.1503
-1.2217
-0.0586367
-14.5035
-54.4707
-108.406
-107.374
-105.925
-49.8145
-19.4625
-16.8725
-23.589
-29.7365
-54.3677
-26.5358
-0.0238295
-2.6563e-12
-1.69001e-12
-4.25236e-08
-0.00626992
-0.414589
-0.502829
-0.0611569
-0.00905994
-0.88118
-33.9249
-64.9301
-110.157
-105.252
-102.681
-50.0427
-15.2231
-7.42731
-45.1315
-84.372
-101.488
-52.3531
-32.5595
-0.190238
-9.64859e-12
-3.92212e-12
-1.13536e-12
-1.13536e-12
-3.92212e-12
-9.64859e-12
-0.190238
-32.5595
-52.3531
-101.488
-84.372
-45.1315
-7.42731
-15.2231
-50.0427
-102.681
-105.252
-110.157
-64.9301
-33.9249
-0.88118
-0.00905994
-0.0611569
-0.502829
-0.414589
-0.00626992
-4.25236e-08
-1.69001e-12
-4.71326e-13
-1.94879e-12
-3.13144e-12
-3.06063e-12
-2.55392e-12
-2.28745e-12
-2.73643e-12
-0.000373018
-10.1734
-43.1393
-72.9744
-100.289
-97.7699
-92.3412
-42.8646
-27.6525
-39.2541
-80.4619
-93.5857
-49.8818
-31.9939
-0.095908
-8.50845e-12
-3.87903e-12
-1.6136e-12
-1.6136e-12
-3.87903e-12
-8.50845e-12
-0.095908
-31.9939
-49.8818
-93.5857
-80.4619
-39.2541
-27.6525
-42.8646
-92.3412
-97.7699
-100.289
-72.9744
-43.1393
-10.1734
-0.000373018
-2.73643e-12
-2.28745e-12
-2.55392e-12
-3.06063e-12
-3.13144e-12
-1.94879e-12
-4.71326e-13
-1.01828e-12
-1.81194e-12
-2.14821e-12
-1.54929e-12
-9.33408e-13
-8.21449e-13
-1.3341e-12
-5.98884e-09
-0.0242971
-20.6591
-37.082
-96.7878
-96.2659
-87.8085
-73.4388
-35.6417
-42.1499
-71.4733
-93.5683
-51.7186
-28.3479
-0.0539099
-7.68127e-12
-4.22155e-12
-2.50868e-12
-2.50868e-12
-4.22155e-12
-7.68127e-12
-0.0539099
-28.3479
-51.7186
-93.5683
-71.4733
-42.1499
-35.6417
-73.4388
-87.8085
-96.2659
-96.7878
-37.082
-20.6591
-0.0242971
-5.98884e-09
-1.3341e-12
-8.21449e-13
-9.33408e-13
-1.54929e-12
-2.14821e-12
-1.81194e-12
-1.01828e-12
-3.80127e-12
-5.27291e-12
-2.97972e-11
-5.47356e-11
-3.83461e-12
-2.38517e-12
-1.76362e-12
-1.91374e-12
-1.38325e-06
-0.112541
-24.1191
-62.6299
-104.558
-91.4325
-79.59
-66.424
-64.6266
-81.5711
-105.219
-62.2244
-27.8067
-0.231236
-7.25131e-12
-5.24688e-12
-4.05717e-12
-4.05717e-12
-5.24688e-12
-7.25131e-12
-0.231236
-27.8067
-62.2244
-105.219
-81.5711
-64.6266
-66.424
-79.59
-91.4325
-104.558
-62.6299
-24.1191
-0.112541
-1.38325e-06
-1.91374e-12
-1.76362e-12
-2.38517e-12
-3.83461e-12
-5.47356e-11
-2.97972e-11
-5.27291e-12
-3.80127e-12
-6.94701e-12
-0.0143637
-2.73229
-4.57987
-0.287445
-0.000739666
-9.62585e-10
-3.36337e-12
-2.56634e-12
-1.00126e-05
-2.04651
-43.9265
-71.4814
-95.8157
-91.6945
-86.4556
-84.9452
-91.2328
-102.851
-69.5349
-47.1843
-3.23971
-6.84391e-08
-7.63335e-12
-6.53619e-12
-6.53619e-12
-7.63335e-12
-6.84391e-08
-3.23971
-47.1843
-69.5349
-102.851
-91.2328
-84.9452
-86.4556
-91.6945
-95.8157
-71.4814
-43.9265
-2.04651
-1.00126e-05
-2.56634e-12
-3.36337e-12
-9.62585e-10
-0.000739666
-0.287445
-4.57987
-2.73229
-0.0143637
-6.94701e-12
-9.69444e-11
-2.3764
-96.4979
-35.2234
-50.0818
-14.8462
-0.997918
-0.487922
-0.422248
-0.378852
-1.66748
-15.9667
-44.3885
-92.0284
-108.025
-107.868
-102.238
-97.8109
-95.5344
-86.5424
-55.1647
-10.7948
-0.000314145
-7.90811e-07
-5.92591e-08
-5.92591e-08
-7.90811e-07
-0.000314145
-10.7948
-55.1647
-86.5424
-95.5344
-97.8109
-102.238
-107.868
-108.025
-92.0284
-44.3885
-15.9667
-1.66748
-0.378852
-0.422248
-0.487922
-0.997918
-14.8462
-50.0818
-35.2234
-96.4979
-2.3764
-9.69444e-11
-2.97294e-10
-6.42827
-26.643
-20.842
-25.8796
-19.0886
-18.4801
-18.9126
-20.547
-22.5084
-23.5419
-20.2381
-22.4185
-77.1564
-155.936
-142.689
-122.539
-103.529
-86.6591
-68.7718
-45.9571
-12.2579
-0.501362
-3.1413
-1.93905
-1.93905
-3.1413
-0.501362
-12.2579
-45.9571
-68.7718
-86.6591
-103.529
-122.539
-142.689
-155.936
-77.1564
-22.4185
-20.2381
-23.5419
-22.5084
-20.547
-18.9126
-18.4801
-19.0886
-25.8796
-20.842
-26.643
-6.42827
-2.97294e-10
-1.24376e-10
-4.95771
-16.2701
-25.0397
-34.1126
-36.5379
-47.1082
-49.6835
-51.6852
-54.4027
-55.7864
-53.3884
-60.3222
-163.903
-56174.6
-21807.2
-10003.8
-7357.44
-5554.44
-3879.7
-2205.49
-876.865
-298.304
-114.676
-7.6796
-7.6796
-114.676
-298.304
-876.865
-2205.49
-3879.7
-5554.44
-7357.44
-10003.8
-21807.2
-56174.6
-163.903
-60.3222
-53.3884
-55.7864
-54.4027
-51.6852
-49.6835
-47.1082
-36.5379
-34.1126
-25.0397
-16.2701
-4.95771
-1.24376e-10
