-6.71074e-06
-3.51293
-81.9651
-70.1242
-87.0438
-76.0293
-59.8994
-67.8918
-68.3964
-68.5938
-68.162
-62.1519
-53.3231
-135.556
-45916.4
-17805.4
-8176.59
-6040.39
-4596.98
-3253.24
-1877.4
-752.686
-248.661
-91.7251
-10.2041
-10.2041
-91.7251
-248.661
-752.686
-1877.4
-3253.24
-4596.98
-6040.39
-8176.59
-17805.4
-45916.4
-135.556
-53.3231
-62.1519
-68.162
-68.5938
-68.3964
-67.8918
-59.8994
-76.0293
-87.0438
-70.1242
-81.9651
-3.51293
-6.71074e-06
-4.24546e-05
-4.46034
-68.9254
-85.7435
-97.4971
-56.3871
-22.0353
-19.8076
-22.1194
-24.6151
-26.9535
-26.7344
-17.9138
-62.894
-126.843
-115.999
-99.8528
-84.6674
-71.3278
-57.3178
-39.5838
-10.7833
-0.445589
-1.9102
-8.8434
-8.8434
-1.9102
-0.445589
-10.7833
-39.5838
-57.3178
-71.3278
-84.6674
-99.8528
-115.999
-126.843
-62.894
-17.9138
-26.7344
-26.9535
-24.6151
-22.1194
-19.8076
-22.0353
-56.3871
-97.4971
-85.7435
-68.9254
-4.46034
-4.24546e-05
-0.000229022
-12.7853
-65.362
-55.1265
-87.7036
-26.933
-1.27149
-0.333817
-0.439141
-0.602263
-3.13308
-17.4038
-34.5068
-73.254
-87.0501
-87.2362
-82.9647
-79.4713
-77.7032
-72.242
-47.5863
-16.6164
-0.0473137
-6.13352e-05
-0.000127343
-0.000127343
-6.13352e-05
-0.0473137
-16.6164
-47.5863
-72.242
-77.7032
-79.4713
-82.9647
-87.2362
-87.0501
-73.254
-34.5068
-17.4038
-3.13308
-0.602263
-0.439141
-0.333817
-1.27149
-26.933
-87.7036
-55.1265
-65.362
-12.7853
-0.000229022
-8.57037e-05
-7.92411
-76.7181
-53.2439
-12.9966
-0.134109
-0.000100674
-2.79968e-09
-2.1873e-09
-0.00119531
-6.64931
-39.6213
-57.2256
-77.2163
-73.6509
-69.5712
-68.7836
-73.5831
-81.1334
-57.327
-39.5573
-17.836
-0.00253697
-6.16668e-09
-5.27214e-09
-5.27214e-09
-6.16668e-09
-0.00253697
-17.836
-39.5573
-57.327
-81.1334
-73.5831
-68.7836
-69.5712
-73.6509
-77.2163
-57.2256
-39.6213
-6.64931
-0.00119531
-2.1873e-09
-2.79968e-09
-0.000100674
-0.134109
-12.9966
-53.2439
-76.7181
-7.92411
-8.57037e-05
-3.15134e-07
-0.0956501
-3.49687
-1.63834
-0.0213906
-5.03158e-06
-1.74636e-09
-2.05465e-09
-0.000124297
-1.10508
-23.0927
-46.8977
-81.8073
-72.7889
-63.4698
-52.8204
-52.7809
-66.559
-84.8227
-50.868
-30.226
-4.0529
-5.9022e-05
-4.44168e-09
-3.343e-09
-3.343e-09
-4.44168e-09
-5.9022e-05
-4.0529
-30.226
-50.868
-84.8227
-66.559
-52.7809
-52.8204
-63.4698
-72.7889
-81.8073
-46.8977
-23.0927
-1.10508
-0.000124297
-2.05465e-09
-1.74636e-09
-5.03158e-06
-0.0213906
-1.63834
-3.49687
-0.0956501
-3.15134e-07
-1.2932e-09
-2.38494e-09
-2.70962e-08
-8.00913e-09
-1.11552e-09
-1.14158e-09
-1.86343e-09
-0.00012773
-0.640538
-21.2264
-34.8347
-74.812
-76.7039
-70.216
-55.768
-27.8747
-35.2588
-59.8593
-79.2345
-44.1157
-23.6775
-0.616937
-1.60018e-08
-3.58104e-09
-2.09835e-09
-2.09835e-09
-3.58104e-09
-1.60018e-08
-0.616937
-23.6775
-44.1157
-79.2345
-59.8593
-35.2588
-27.8747
-55.768
-70.216
-76.7039
-74.812
-34.8347
-21.2264
-0.640538
-0.00012773
-1.86343e-09
-1.14158e-09
-1.11552e-09
-8.00913e-09
-2.70962e-08
-2.38494e-09
-1.2932e-09
-3.68738e-10
-1.50612e-09
-2.14766e-09
-1.96607e-09
-1.88333e-09
-2.26844e-09
-2.72597e-07
-0.0850234
-28.346
-37.0627
-57.9461
-79.4492
-77.1836
-69.9829
-39.0438
-26.112
-37.2237
-66.6051
-80.1992
-42.5238
-27.7692
-0.486298
-7.0556e-09
-3.2274e-09
-1.3466e-09
-1.3466e-09
-3.2274e-09
-7.0556e-09
-0.486298
-27.7692
-42.5238
-80.1992
-66.6051
-37.2237
-26.112
-39.0438
-69.9829
-77.1836
-79.4492
-57.9461
-37.0627
-28.346
-0.0850234
-2.72597e-07
-2.26844e-09
-1.88333e-09
-1.96607e-09
-2.14766e-09
-1.50612e-09
-3.68738e-10
-9.86279e-10
-0.000163178
-0.0967284
-1.04733
-0.851742
-0.216679
-0.178953
-9.60514
-30.0865
-48.3839
-83.5388
-81.002
-78.5646
-37.228
-16.14
-10.55
-42.7305
-70.598
-85.676
-43.8948
-29.221
-0.778323
-7.75907e-09
-3.16472e-09
-9.17899e-10
-9.17899e-10
-3.16472e-09
-7.75907e-09
-0.778323
-29.221
-43.8948
-85.676
-70.598
-42.7305
-10.55
-16.14
-37.228
-78.5646
-81.002
-83.5388
-48.3839
-30.0865
-9.60514
-0.178953
-0.216679
-0.851742
-1.04733
-0.0967284
-0.000163178
-9.86279e-10
-6.89971e-09
-0.204866
-34.2798
-63.5951
-58.1924
-42.8258
-31.4326
-23.3518
-36.0547
-79.6048
-82.0681
-82.6739
-41.4096
-13.6045
-0.54232
-4.45232
-42.8873
-64.2976
-92.1504
-46.4786
-29.2141
-1.0905
-8.46055e-09
-3.23107e-09
-6.82497e-10
-6.82497e-10
-3.23107e-09
-8.46055e-09
-1.0905
-29.2141
-46.4786
-92.1504
-64.2976
-42.8873
-4.45232
-0.54232
-13.6045
-41.4096
-82.6739
-82.0681
-79.6048
-36.0547
-23.3518
-31.4326
-42.8258
-58.1924
-63.5951
-34.2798
-0.204866
-6.89971e-09
-1.97631e-06
-3.81301
-72.5868
-52.3543
-70.5905
-68.3357
-48.3276
-38.1442
-61.8552
-77.7479
-82.7013
-43.0293
-16.8149
-0.893683
-9.93115e-05
-3.03212
-41.2156
-59.4731
-100.348
-49.485
-28.5945
-1.32537
-8.96031e-09
-3.3044e-09
-5.49442e-10
-5.49442e-10
-3.3044e-09
-8.96031e-09
-1.32537
-28.5945
-49.485
-100.348
-59.4731
-41.2156
-3.03212
-9.93115e-05
-0.893683
-16.8149
-43.0293
-82.7013
-77.7479
-61.8552
-38.1442
-48.3276
-68.3357
-70.5905
-52.3543
-72.5868
-3.81301
-1.97631e-06
-7.39733e-06
-8.30794
-55.048
-42.3974
-63.5534
-53.9682
-40.5209
-31.554
-64.1773
-77.0199
-44.1723
-23.5144
-3.91727
-0.000244354
-1.17744e-08
-0.891052
-29.0179
-57.3495
-106.098
-51.2039
-28.3207
-1.453
-9.15019e-09
-3.31189e-09
-4.62836e-10
-4.62836e-10
-3.31189e-09
-9.15019e-09
-1.453
-28.3207
-51.2039
-106.098
-57.3495
-29.0179
-0.891052
-1.17744e-08
-0.000244354
-3.91727
-23.5144
-44.1723
-77.0199
-64.1773
-31.554
-40.5209
-53.9682
-63.5534
-42.3974
-55.048
-8.30794
-7.39733e-06
-1.55526e-06
-2.91878
-79.2337
-61.1086
-72.1019
-55.9448
-36.5475
-35.9765
-69.0106
-46.9831
-35.1342
-19.1209
-0.0123245
-2.62079e-09
-2.00911e-09
-0.148053
-18.9707
-52.9178
-102.066
-49.7216
-28.3358
-1.47107
-8.99201e-09
-3.22452e-09
-3.95152e-10
-3.95152e-10
-3.22452e-09
-8.99201e-09
-1.47107
-28.3358
-49.7216
-102.066
-52.9178
-18.9707
-0.148053
-2.00911e-09
-2.62079e-09
-0.0123245
-19.1209
-35.1342
-46.9831
-69.0106
-35.9765
-36.5475
-55.9448
-72.1019
-61.1086
-79.2337
-2.91878
-1.55526e-06
-2.5117e-09
-0.0478688
-3.73839
-11.593
-18.2361
-29.3055
-34.1508
-48.9953
-62.2775
-37.1378
-26.5561
-0.527739
-1.6136e-05
-1.39309e-09
-2.27051e-09
-0.0724155
-19.9538
-46.9524
-92.3744
-45.8758
-28.6235
-1.39724
-8.51696e-09
-3.05642e-09
-3.43676e-10
-3.43676e-10
-3.05642e-09
-8.51696e-09
-1.39724
-28.6235
-45.8758
-92.3744
-46.9524
-19.9538
-0.0724155
-2.27051e-09
-1.39309e-09
-1.6136e-05
-0.527739
-26.5561
-37.1378
-62.2775
-48.9953
-34.1508
-29.3055
-18.2361
-11.593
-3.73839
-0.0478688
-2.5117e-09
-1.55258e-09
-3.95221e-09
-7.18579e-06
-0.000532692
-0.369062
-27.9715
-34.1587
-67.6553
-43.7358
-27.5415
-6.79264
-0.00114332
-1.8961e-09
-1.05369e-09
-2.56099e-09
-0.0973249
-22.243
-41.0961
-81.827
-41.2483
-28.5607
-1.24581
-7.86116e-09
-2.87421e-09
-3.30635e-10
-3.30635e-10
-2.87421e-09
-7.86116e-09
-1.24581
-28.5607
-41.2483
-81.827
-41.0961
-22.243
-0.0973249
-2.56099e-09
-1.05369e-09
-1.8961e-09
-0.00114332
-6.79264
-27.5415
-43.7358
-67.6553
-34.1587
-27.9715
-0.369062
-0.000532692
-7.18579e-06
-3.95221e-09
-1.55258e-09
-7.88171e-10
-2.96258e-09
-5.88691e-09
-0.00223121
-4.25256
-24.0921
-40.9832
-64.7711
-33.2116
-30.2583
-0.158085
-5.17638e-08
-9.94632e-10
-9.18044e-10
-2.97329e-09
-0.152901
-22.7671
-37.3933
-70.8865
-36.6595
-25.8907
-1.11241
-7.29514e-09
-2.80371e-09
-3.98025e-10
-3.98025e-10
-2.80371e-09
-7.29514e-09
-1.11241
-25.8907
-36.6595
-70.8865
-37.3933
-22.7671
-0.152901
-2.97329e-09
-9.18044e-10
-9.94632e-10
-5.17638e-08
-0.158085
-30.2583
-33.2116
-64.7711
-40.9832
-24.0921
-4.25256
-0.00223121
-5.88691e-09
-2.96258e-09
-7.88171e-10
-5.9698e-10
-3.19325e-09
-7.29064e-06
-0.300614
-49.3819
-38.6149
-54.2369
-49.4171
-33.4382
-10.7958
-0.00205518
-1.95924e-09
-4.37906e-10
-1.10222e-09
-6.71112e-09
-0.399112
-19.4589
-30.1509
-58.1793
-31.0128
-19.4911
-2.76882
-3.8589e-05
-3.02317e-09
-5.81989e-10
-5.81989e-10
-3.02317e-09
-3.8589e-05
-2.76882
-19.4911
-31.0128
-58.1793
-30.1509
-19.4589
-0.399112
-6.71112e-09
-1.10222e-09
-4.37906e-10
-1.95924e-09
-0.00205518
-10.7958
-33.4382
-49.4171
-54.2369
-38.6149
-49.3819
-0.300614
-7.29064e-06
-3.19325e-09
-5.9698e-10
-8.08171e-10
-4.09668e-09
-0.0240666
-12.5826
-56.1866
-60.6906
-51.5415
-52.0442
-28.9144
-0.654029
-6.75457e-07
-9.73209e-10
-2.48703e-10
-1.80653e-09
-0.000890549
-6.5012
-16.9391
-23.845
-38.9735
-23.3557
-18.6091
-26.2097
-0.0399511
-3.68872e-09
-8.55126e-10
-8.55126e-10
-3.68872e-09
-0.0399511
-26.2097
-18.6091
-23.3557
-38.9735
-23.845
-16.9391
-6.5012
-0.000890549
-1.80653e-09
-2.48703e-10
-9.73209e-10
-6.75457e-07
-0.654029
-28.9144
-52.0442
-51.5415
-60.6906
-56.1866
-12.5826
-0.0240666
-4.09668e-09
-8.08171e-10
-1.09219e-09
-0.000169164
-1.63215
-64.7592
-82.5541
-91.075
-81.8816
-83.3397
-42.9367
-0.296241
-1.45019e-07
-3.95268e-10
-4.69289e-10
-5.01832e-08
-0.264137
-34.3445
-20.6744
-25.4509
-18.8418
-23.7448
-19.8109
-27.9712
-2.81074
-2.94984e-05
-1.07762e-09
-1.07762e-09
-2.94984e-05
-2.81074
-27.9712
-19.8109
-23.7448
-18.8418
-25.4509
-20.6744
-34.3445
-0.264137
-5.01832e-08
-4.69289e-10
-3.95268e-10
-1.45019e-07
-0.296241
-42.9367
-83.3397
-81.8816
-91.075
-82.5541
-64.7592
-1.63215
-0.000169164
-1.09219e-09
-1.23068e-09
-0.0482669
-23.6588
-73.4615
-96.071
-87.0715
-74.5933
-82.9641
-67.1674
-4.43525
-0.00162188
-1.32927e-10
-1.0541e-09
-0.00227828
-12.3659
-19.0237
-25.2196
-26.5796
-19.6551
-21.8179
-22.5692
-15.8217
-30.0873
-0.0218772
-1.08782e-09
-1.08782e-09
-0.0218772
-30.0873
-15.8217
-22.5692
-21.8179
-19.6551
-26.5796
-25.2196
-19.0237
-12.3659
-0.00227828
-1.0541e-09
-1.32927e-10
-0.00162188
-4.43525
-67.1674
-82.9641
-74.5933
-87.0715
-96.071
-73.4615
-23.6588
-0.0482669
-1.23068e-09
-8.20873e-08
-0.830627
-59.0288
-94.1898
-88.7484
-89.8418
-75.2123
-97.403
-66.2048
-32.1746
-0.167188
-8.07435e-11
-1.13759e-08
-0.395093
-48.9047
-20.2718
-26.5209
-20.8867
-9.47962
-17.5009
-24.0049
-18.3847
-32.8534
-0.920685
-1.98972e-09
-1.98972e-09
-0.920685
-32.8534
-18.3847
-24.0049
-17.5009
-9.47962
-20.8867
-26.5209
-20.2718
-48.9047
-0.395093
-1.13759e-08
-8.07435e-11
-0.167188
-32.1746
-66.2048
-97.403
-75.2123
-89.8418
-88.7484
-94.1898
-59.0288
-0.830627
-8.20873e-08
-2.955e-05
-4.26583
-75.2156
-95.4595
-97.9524
-76.5436
-53.2995
-55.1656
-32.1205
-38.1994
-2.35157
-5.24702e-09
-4.18753e-05
-7.04397
-51.2548
-29.9045
-23.9476
-18.8683
-21.3419
-16.6637
-22.002
-19.0128
-29.8631
-6.2533
-9.52664e-07
-9.52664e-07
-6.2533
-29.8631
-19.0128
-22.002
-16.6637
-21.3419
-18.8683
-23.9476
-29.9045
-51.2548
-7.04397
-4.18753e-05
-5.24702e-09
-2.35157
-38.1994
-32.1205
-55.1656
-53.2995
-76.5436
-97.9524
-95.4595
-75.2156
-4.26583
-2.955e-05
-0.00025079
-13.068
-69.2827
-57.7364
-74.2543
-50.4636
-46.1841
-50.6196
-40.2836
-62.7874
-3.44859
-2.32454e-08
-0.000689057
-27.0042
-65.3522
-40.3656
-41.0459
-26.6793
-2.73103
-23.3354
-29.9624
-23.0929
-41.0866
-14.8349
-8.7983e-06
-8.7983e-06
-14.8349
-41.0866
-23.0929
-29.9624
-23.3354
-2.73103
-26.6793
-41.0459
-40.3656
-65.3522
-27.0042
-0.000689057
-2.32454e-08
-3.44859
-62.7874
-40.2836
-50.6196
-46.1841
-50.4636
-74.2543
-57.7364
-69.2827
-13.068
-0.00025079
-7.53647e-05
-6.80866
-80.851
-56.5639
-32.9875
-3.25423
-1.567
-7.30045
-21.7319
-10.0819
-0.0938836
-2.3049e-09
-0.000301492
-13.9024
-96.6127
-62.0231
-23.1172
-0.176346
-0.00048013
-0.106549
-18.7716
-51.0959
-76.7424
-5.28386
-2.60783e-06
-2.60783e-06
-5.28386
-76.7424
-51.0959
-18.7716
-0.106549
-0.00048013
-0.176346
-23.1172
-62.0231
-96.6127
-13.9024
-0.000301492
-2.3049e-09
-0.0938836
-10.0819
-21.7319
-7.30045
-1.567
-3.25423
-32.9875
-56.5639
-80.851
-6.80866
-7.53647e-05
-1.45166e-07
-0.0731115
-3.09761
-2.58301
-0.135052
-0.000707726
-4.97868e-07
-4.64538e-05
-0.000284819
-5.41703e-05
-7.38864e-08
-1.56834e-09
-1.14395e-06
-0.131281
-4.02745
-2.23762
-0.0454288
-1.87854e-05
-2.69091e-09
-1.41781e-06
-0.0200944
-1.24423
-1.77968
-0.0352568
-3.1287e-09
-3.1287e-09
-0.0352568
-1.77968
-1.24423
-0.0200944
-1.41781e-06
-2.69091e-09
-1.87854e-05
-0.0454288
-2.23762
-4.02745
-0.131281
-1.14395e-06
-1.56834e-09
-7.38864e-08
-5.41703e-05
-0.000284819
-4.64538e-05
-4.97868e-07
-0.000707726
-0.135052
-2.58301
-3.09761
-0.0731115
-1.45166e-07
-5.98929e-10
-1.4981e-09
-2.14962e-08
-1.13058e-08
-6.08348e-10
-4.98696e-10
-4.72776e-10
-4.96417e-10
-5.11441e-10
-4.25508e-10
-2.43876e-10
-4.70255e-10
-1.46756e-09
-4.46338e-09
-8.59887e-08
-2.36758e-08
-6.15536e-10
-4.19408e-10
-3.39928e-10
-4.63786e-10
-6.42693e-10
-7.05149e-10
-9.69224e-10
-9.16409e-10
-2.88161e-10
-2.88161e-10
-9.16409e-10
-9.69224e-10
-7.05149e-10
-6.42693e-10
-4.63786e-10
-3.39928e-10
-4.19408e-10
-6.15536e-10
-2.36758e-08
-8.59887e-08
-4.46338e-09
-1.46756e-09
-4.70255e-10
-2.43876e-10
-4.25508e-10
-5.11441e-10
-4.96417e-10
-4.72776e-10
-4.98696e-10
-6.08348e-10
-1.13058e-08
-2.14962e-08
-1.4981e-09
-5.98929e-10
-5.98929e-10
-1.4981e-09
-2.14962e-08
-1.13058e-08
-6.08348e-10
-4.98696e-10
-4.72776e-10
-4.96417e-10
-5.11441e-10
-4.25508e-10
-2.43876e-10
-4.70255e-10
-1.46756e-09
-4.46338e-09
-8.59887e-08
-2.36758e-08
-6.15536e-10
-4.19408e-10
-3.39928e-10
-4.63786e-10
-6.42693e-10
-7.05149e-10
-9.69224e-10
-9.16409e-10
-2.88161e-10
-2.88161e-10
-9.16409e-10
-9.69224e-10
-7.05149e-10
-6.42693e-10
-4.63786e-10
-3.39928e-10
-4.19408e-10
-6.15536e-10
-2.36758e-08
-8.59887e-08
-4.46338e-09
-1.46756e-09
-4.70255e-10
-2.43876e-10
-4.25508e-10
-5.11441e-10
-4.96417e-10
-4.72776e-10
-4.98696e-10
-6.08348e-10
-1.13058e-08
-2.14962e-08
-1.4981e-09
-5.98929e-10
-1.45166e-07
-0.0731115
-3.09761
-2.58301
-0.135052
-0.000707726
-4.97868e-07
-4.64538e-05
-0.000284819
-5.41703e-05
-7.38864e-08
-1.56834e-09
-1.14395e-06
-0.131281
-4.02745
-2.23762
-0.0454288
-1.87854e-05
-2.69091e-09
-1.41781e-06
-0.0200944
-1.24423
-1.77968
-0.0352568
-3.1287e-09
-3.1287e-09
-0.0352568
-1.77968
-1.24423
-0.0200944
-1.41781e-06
-2.69091e-09
-1.87854e-05
-0.0454288
-2.23762
-4.02745
-0.131281
-1.14395e-06
-1.56834e-09
-7.38864e-08
-5.41703e-05
-0.000284819
-4.64538e-05
-4.97868e-07
-0.000707726
-0.135052
-2.58301
-3.09761
-0.0731115
-1.45166e-07
-7.53647e-05
-6.80866
-80.851
-56.5639
-32.9875
-3.25423
-1.567
-7.30045
-21.7319
-10.0819
-0.0938836
-2.3049e-09
-0.000301492
-13.9024
-96.6127
-62.0231
-23.1172
-0.176346
-0.00048013
-0.106549
-18.7716
-51.0959
-76.7424
-5.28386
-2.60783e-06
-2.60783e-06
-5.28386
-76.7424
-51.0959
-18.7716
-0.106549
-0.00048013
-0.176346
-23.1172
-62.0231
-96.6127
-13.9024
-0.000301492
-2.3049e-09
-0.0938836
-10.0819
-21.7319
-7.30045
-1.567
-3.25423
-32.9875
-56.5639
-80.851
-6.80866
-7.53647e-05
-0.00025079
-13.068
-69.2827
-57.7364
-74.2543
-50.4636
-46.1841
-50.6196
-40.2836
-62.7874
-3.44859
-2.32454e-08
-0.000689057
-27.0042
-65.3522
-40.3656
-41.0459
-26.6793
-2.73103
-23.3354
-29.9624
-23.0929
-41.0866
-14.8349
-8.7983e-06
-8.7983e-06
-14.8349
-41.0866
-23.0929
-29.9624
-23.3354
-2.73103
-26.6793
-41.0459
-40.3656
-65.3522
-27.0042
-0.000689057
-2.32454e-08
-3.44859
-62.7874
-40.2836
-50.6196
-46.1841
-50.4636
-74.2543
-57.7364
-69.2827
-13.068
-0.00025079
-2.955e-05
-4.26583
-75.2156
-95.4595
-97.9524
-76.5436
-53.2995
-55.1656
-32.1205
-38.1994
-2.35157
-5.24702e-09
-4.18753e-05
-7.04397
-51.2548
-29.9045
-23.9476
-18.8683
-21.3419
-16.6637
-22.002
-19.0128
-29.8631
-6.2533
-9.52664e-07
-9.52664e-07
-6.2533
-29.8631
-19.0128
-22.002
-16.6637
-21.3419
-18.8683
-23.9476
-29.9045
-51.2548
-7.04397
-4.18753e-05
-5.24702e-09
-2.35157
-38.1994
-32.1205
-55.1656
-53.2995
-76.5436
-97.9524
-95.4595
-75.2156
-4.26583
-2.955e-05
-8.20873e-08
-0.830627
-59.0288
-94.1898
-88.7484
-89.8418
-75.2123
-97.403
-66.2048
-32.1746
-0.167188
-8.07435e-11
-1.13759e-08
-0.395093
-48.9047
-20.2718
-26.5209
-20.8867
-9.47962
-17.5009
-24.0049
-18.3847
-32.8534
-0.920685
-1.98972e-09
-1.98972e-09
-0.920685
-32.8534
-18.3847
-24.0049
-17.5009
-9.47962
-20.8867
-26.5209
-20.2718
-48.9047
-0.395093
-1.13759e-08
-8.07435e-11
-0.167188
-32.1746
-66.2048
-97.403
-75.2123
-89.8418
-88.7484
-94.1898
-59.0288
-0.830627
-8.20873e-08
-1.23068e-09
-0.0482669
-23.6588
-73.4615
-96.071
-87.0715
-74.5933
-82.9641
-67.1674
-4.43525
-0.00162188
-1.32927e-10
-1.0541e-09
-0.00227828
-12.3659
-19.0237
-25.2196
-26.5796
-19.6551
-21.8179
-22.5692
-15.8217
-30.0873
-0.0218772
-1.08782e-09
-1.08782e-09
-0.0218772
-30.0873
-15.8217
-22.5692
-21.8179
-19.6551
-26.5796
-25.2196
-19.0237
-12.3659
-0.00227828
-1.0541e-09
-1.32927e-10
-0.00162188
-4.43525
-67.1674
-82.9641
-74.5933
-87.0715
-96.071
-73.4615
-23.6588
-0.0482669
-1.23068e-09
-1.09219e-09
-0.000169164
-1.63215
-64.7592
-82.5541
-91.075
-81.8816
-83.3397
-42.9367
-0.296241
-1.45019e-07
-3.95268e-10
-4.69289e-10
-5.01832e-08
-0.264137
-34.3445
-20.6744
-25.4509
-18.8418
-23.7448
-19.8109
-27.9712
-2.81074
-2.94984e-05
-1.07762e-09
-1.07762e-09
-2.94984e-05
-2.81074
-27.9712
-19.8109
-23.7448
-18.8418
-25.4509
-20.6744
-34.3445
-0.264137
-5.01832e-08
-4.69289e-10
-3.95268e-10
-1.45019e-07
-0.296241
-42.9367
-83.3397
-81.8816
-91.075
-82.5541
-64.7592
-1.63215
-0.000169164
-1.09219e-09
-8.08171e-10
-4.09668e-09
-0.0240666
-12.5826
-56.1866
-60.6906
-51.5415
-52.0442
-28.9144
-0.654029
-6.75457e-07
-9.73209e-10
-2.48703e-10
-1.80653e-09
-0.000890549
-6.5012
-16.9391
-23.845
-38.9735
-23.3557
-18.6091
-26.2097
-0.0399511
-3.68872e-09
-8.55126e-10
-8.55126e-10
-3.68872e-09
-0.0399511
-26.2097
-18.6091
-23.3557
-38.9735
-23.845
-16.9391
-6.5012
-0.000890549
-1.80653e-09
-2.48703e-10
-9.73209e-10
-6.75457e-07
-0.654029
-28.9144
-52.0442
-51.5415
-60.6906
-56.1866
-12.5826
-0.0240666
-4.09668e-09
-8.08171e-10
-5.9698e-10
-3.19325e-09
-7.29064e-06
-0.300614
-49.3819
-38.6149
-54.2369
-49.4171
-33.4382
-10.7958
-0.00205518
-1.95924e-09
-4.37906e-10
-1.10222e-09
-6.71112e-09
-0.399112
-19.4589
-30.1509
-58.1793
-31.0128
-19.4911
-2.76882
-3.8589e-05
-3.02317e-09
-5.81989e-10
-5.81989e-10
-3.02317e-09
-3.8589e-05
-2.76882
-19.4911
-31.0128
-58.1793
-30.1509
-19.4589
-0.399112
-6.71112e-09
-1.10222e-09
-4.37906e-10
-1.95924e-09
-0.00205518
-10.7958
-33.4382
-49.4171
-54.2369
-38.6149
-49.3819
-0.300614
-7.29064e-06
-3.19325e-09
-5.9698e-10
-7.88171e-10
-2.96258e-09
-5.88691e-09
-0.00223121
-4.25256
-24.0921
-40.9832
-64.7711
-33.2116
-30.2583
-0.158085
-5.17638e-08
-9.94632e-10
-9.18044e-10
-2.97329e-09
-0.152901
-22.7671
-37.3933
-70.8865
-36.6595
-25.8907
-1.11241
-7.29514e-09
-2.80371e-09
-3.98025e-10
-3.98025e-10
-2.80371e-09
-7.29514e-09
-1.11241
-25.8907
-36.6595
-70.8865
-37.3933
-22.7671
-0.152901
-2.97329e-09
-9.18044e-10
-9.94632e-10
-5.17638e-08
-0.158085
-30.2583
-33.2116
-64.7711
-40.9832
-24.0921
-4.25256
-0.00223121
-5.88691e-09
-2.96258e-09
-7.88171e-10
-1.55258e-09
-3.95221e-09
-7.18579e-06
-0.000532692
-0.369062
-27.9715
-34.1587
-67.6553
-43.7358
-27.5415
-6.79264
-0.00114332
-1.8961e-09
-1.05369e-09
-2.56099e-09
-0.0973249
-22.243
-41.0961
-81.827
-41.2483
-28.5607
-1.24581
-7.86116e-09
-2.87421e-09
-3.30635e-10
-3.30635e-10
-2.87421e-09
-7.86116e-09
-1.24581
-28.5607
-41.2483
-81.827
-41.0961
-22.243
-0.0973249
-2.56099e-09
-1.05369e-09
-1.8961e-09
-0.00114332
-6.79264
-27.5415
-43.7358
-67.6553
-34.1587
-27.9715
-0.369062
-0.000532692
-7.18579e-06
-3.95221e-09
-1.55258e-09
-2.5117e-09
-0.0478688
-3.73839
-11.593
-18.2361
-29.3055
-34.1508
-48.9953
-62.2775
-37.1378
-26.5561
-0.527739
-1.6136e-05
-1.39309e-09
-2.27051e-09
-0.0724155
-19.9538
-46.9524
-92.3744
-45.8758
-28.6235
-1.39724
-8.51696e-09
-3.05642e-09
-3.43676e-10
-3.43676e-10
-3.05642e-09
-8.51696e-09
-1.39724
-28.6235
-45.8758
-92.3744
-46.9524
-19.9538
-0.0724155
-2.27051e-09
-1.39309e-09
-1.6136e-05
-0.527739
-26.5561
-37.1378
-62.2775
-48.9953
-34.1508
-29.3055
-18.2361
-11.593
-3.73839
-0.0478688
-2.5117e-09
-1.55526e-06
-2.91878
-79.2337
-61.1086
-72.1019
-55.9448
-36.5475
-35.9765
-69.0106
-46.9831
-35.1342
-19.1209
-0.0123245
-2.62079e-09
-2.00911e-09
-0.148053
-18.9707
-52.9178
-102.066
-49.7216
-28.3358
-1.47107
-8.99201e-09
-3.22452e-09
-3.95152e-10
-3.95152e-10
-3.22452e-09
-8.99201e-09
-1.47107
-28.3358
-49.7216
-102.066
-52.9178
-18.9707
-0.148053
-2.00911e-09
-2.62079e-09
-0.0123245
-19.1209
-35.1342
-46.9831
-69.0106
-35.9765
-36.5475
-55.9448
-72.1019
-61.1086
-79.2337
-2.91878
-1.55526e-06
-7.39733e-06
-8.30794
-55.048
-42.3974
-63.5534
-53.9682
-40.5209
-31.554
-64.1773
-77.0199
-44.1723
-23.5144
-3.91727
-0.000244354
-1.17744e-08
-0.891052
-29.0179
-57.3495
-106.098
-51.2039
-28.3207
-1.453
-9.15019e-09
-3.31189e-09
-4.62836e-10
-4.62836e-10
-3.31189e-09
-9.15019e-09
-1.453
-28.3207
-51.2039
-106.098
-57.3495
-29.0179
-0.891052
-1.17744e-08
-0.000244354
-3.91727
-23.5144
-44.1723
-77.0199
-64.1773
-31.554
-40.5209
-53.9682
-63.5534
-42.3974
-55.048
-8.30794
-7.39733e-06
-1.97631e-06
-3.81301
-72.5868
-52.3543
-70.5905
-68.3357
-48.3276
-38.1442
-61.8552
-77.7479
-82.7013
-43.0293
-16.8149
-0.893683
-9.93115e-05
-3.03212
-41.2156
-59.4731
-100.348
-49.485
-28.5945
-1.32537
-8.96031e-09
-3.3044e-09
-5.49442e-10
-5.49442e-10
-3.3044e-09
-8.96031e-09
-1.32537
-28.5945
-49.485
-100.348
-59.4731
-41.2156
-3.03212
-9.93115e-05
-0.893683
-16.8149
-43.0293
-82.7013
-77.7479
-61.8552
-38.1442
-48.3276
-68.3357
-70.5905
-52.3543
-72.5868
-3.81301
-1.97631e-06
-6.89971e-09
-0.204866
-34.2798
-63.5951
-58.1924
-42.8258
-31.4326
-23.3518
-36.0547
-79.6048
-82.0681
-82.6739
-41.4096
-13.6045
-0.54232
-4.45232
-42.8873
-64.2976
-92.1504
-46.4786
-29.2141
-1.0905
-8.46055e-09
-3.23107e-09
-6.82497e-10
-6.82497e-10
-3.23107e-09
-8.46055e-09
-1.0905
-29.2141
-46.4786
-92.1504
-64.2976
-42.8873
-4.45232
-0.54232
-13.6045
-41.4096
-82.6739
-82.0681
-79.6048
-36.0547
-23.3518
-31.4326
-42.8258
-58.1924
-63.5951
-34.2798
-0.204866
-6.89971e-09
-9.86279e-10
-0.000163178
-0.0967284
-1.04733
-0.851742
-0.216679
-0.178953
-9.60514
-30.0865
-48.3839
-83.5388
-81.002
-78.5646
-37.228
-16.14
-10.55
-42.7305
-70.598
-85.676
-43.8948
-29.221
-0.778323
-7.75907e-09
-3.16472e-09
-9.17899e-10
-9.17899e-10
-3.16472e-09
-7.75907e-09
-0.778323
-29.221
-43.8948
-85.676
-70.598
-42.7305
-10.55
-16.14
-37.228
-78.5646
-81.002
-83.5388
-48.3839
-30.0865
-9.60514
-0.178953
-0.216679
-0.851742
-1.04733
-0.0967284
-0.000163178
-9.86279e-10
-3.68738e-10
-1.50612e-09
-2.14766e-09
-1.96607e-09
-1.88333e-09
-2.26844e-09
-2.72597e-07
-0.0850234
-28.346
-37.0627
-57.9461
-79.4492
-77.1836
-69.9829
-39.0438
-26.112
-37.2237
-66.6051
-80.1992
-42.5238
-27.7692
-0.486298
-7.0556e-09
-3.2274e-09
-1.3466e-09
-1.3466e-09
-3.2274e-09
-7.0556e-09
-0.486298
-27.7692
-42.5238
-80.1992
-66.6051
-37.2237
-26.112
-39.0438
-69.9829
-77.1836
-79.4492
-57.9461
-37.0627
-28.346
-0.0850234
-2.72597e-07
-2.26844e-09
-1.88333e-09
-1.96607e-09
-2.14766e-09
-1.50612e-09
-3.68738e-10
-1.2932e-09
-2.38494e-09
-2.70962e-08
-8.00913e-09
-1.11552e-09
-1.14158e-09
-1.86343e-09
-0.00012773
-0.640538
-21.2264
-34.8347
-74.812
-76.7039
-70.216
-55.768
-27.8747
-35.2588
-59.8593
-79.2345
-44.1157
-23.6775
-0.616937
-1.60018e-08
-3.58104e-09
-2.09835e-09
-2.09835e-09
-3.58104e-09
-1.60018e-08
-0.616937
-23.6775
-44.1157
-79.2345
-59.8593
-35.2588
-27.8747
-55.768
-70.216
-76.7039
-74.812
-34.8347
-21.2264
-0.640538
-0.00012773
-1.86343e-09
-1.14158e-09
-1.11552e-09
-8.00913e-09
-2.70962e-08
-2.38494e-09
-1.2932e-09
-3.15134e-07
-0.0956501
-3.49687
-1.63834
-0.0213906
-5.03158e-06
-1.74636e-09
-2.05465e-09
-0.000124297
-1.10508
-23.0927
-46.8977
-81.8073
-72.7889
-63.4698
-52.8204
-52.7809
-66.559
-84.8227
-50.868
-30.226
-4.0529
-5.9022e-05
-4.44168e-09
-3.343e-09
-3.343e-09
-4.44168e-09
-5.9022e-05
-4.0529
-30.226
-50.868
-84.8227
-66.559
-52.7809
-52.8204
-63.4698
-72.7889
-81.8073
-46.8977
-23.0927
-1.10508
-0.000124297
-2.05465e-09
-1.74636e-09
-5.03158e-06
-0.0213906
-1.63834
-3.49687
-0.0956501
-3.15134e-07
-8.57037e-05
-7.92411
-76.7181
-53.2439
-12.9966
-0.134109
-0.000100674
-2.79968e-09
-2.1873e-09
-0.00119531
-6.64931
-39.6213
-57.2256
-77.2163
-73.6509
-69.5712
-68.7836
-73.5831
-81.1334
-57.327
-39.5573
-17.836
-0.00253697
-6.16668e-09
-5.27214e-09
-5.27214e-09
-6.16668e-09
-0.00253697
-17.836
-39.5573
-57.327
-81.1334
-73.5831
-68.7836
-69.5712
-73.6509
-77.2163
-57.2256
-39.6213
-6.64931
-0.00119531
-2.1873e-09
-2.79968e-09
-0.000100674
-0.134109
-12.9966
-53.2439
-76.7181
-7.92411
-8.57037e-05
-0.000229022
-12.7853
-65.362
-55.1265
-87.7036
-26.933
-1.27149
-0.333817
-0.439141
-0.602263
-3.13308
-17.4038
-34.5068
-73.254
-87.0501
-87.2362
-82.9647
-79.4713
-77.7032
-72.242
-47.5863
-16.6164
-0.0473137
-6.13352e-05
-0.000127343
-0.000127343
-6.13352e-05
-0.0473137
-16.6164
-47.5863
-72.242
-77.7032
-79.4713
-82.9647
-87.2362
-87.0501
-73.254
-34.5068
-17.4038
-3.13308
-0.602263
-0.439141
-0.333817
-1.27149
-26.933
-87.7036
-55.1265
-65.362
-12.7853
-0.000229022
-4.24546e-05
-4.46034
-68.9254
-85.7435
-97.4971
-56.3871
-22.0353
-19.8076
-22.1194
-24.6151
-26.9535
-26.7344
-17.9138
-62.894
-126.843
-115.999
-99.8528
-84.6674
-71.3278
-57.3178
-39.5838
-10.7833
-0.445589
-1.9102
-8.8434
-8.8434
-1.9102
-0.445589
-10.7833
-39.5838
-57.3178
-71.3278
-84.6674
-99.8528
-115.999
-126.843
-62.894
-17.9138
-26.7344
-26.9535
-24.6151
-22.1194
-19.8076
-22.0353
-56.3871
-97.4971
-85.7435
-68.9254
-4.46034
-4.24546e-05
-6.71074e-06
-3.51293
-81.9651
-70.1242
-87.0438
-76.0293
-59.8994
-67.8918
-68.3964
-68.5938
-68.162
-62.1519
-53.3231
-135.556
-45916.4
-17805.4
-8176.59
-6040.39
-4596.98
-3253.24
-1877.4
-752.686
-248.661
-91.7251
-10.2041
-10.2041
-91.7251
-248.661
-752.686
-1877.4
-3253.24
-4596.98
-6040.39
-8176.59
-17805.4
-45916.4
-135.556
-53.3231
-62.1519
-68.162
-68.5938
-68.3964
-67.8918
-59.8994
-76.0293
-87.0438
-70.1242
-81.9651
-3.51293
-6.71074e-06
