-1.29112e-10
-4.94886
-16.3192
-25.0683
-34.0704
-36.362
-46.8647
-49.4236
-51.4018
-54.0842
-55.4278
-52.8625
-60.2639
-164.141
-56203.3
-21808.8
-9998.8
-7352.76
-5551.4
-3878.92
-2206.42
-877.711
-298.464
-114.702
-7.69612
-7.69612
-114.702
-298.464
-877.711
-2206.42
-3878.92
-5551.4
-7352.76
-9998.8
-21808.8
-56203.3
-164.141
-60.2639
-52.8625
-55.4278
-54.0842
-51.4018
-49.4236
-46.8647
-36.362
-34.0704
-25.0683
-16.3192
-4.94886
-1.29112e-10
-3.05518e-10
-6.41027
-27.0245
-20.6533
-25.7657
-18.9199
-18.3764
-18.8107
-20.431
-22.3767
-23.4118
-19.9692
-22.5373
-77.4333
-156.05
-142.611
-122.43
-103.436
-86.5887
-68.7314
-46.0094
-12.2862
-0.501655
-3.11369
-1.95104
-1.95104
-3.11369
-0.501655
-12.2862
-46.0094
-68.7314
-86.5887
-103.436
-122.43
-142.611
-156.05
-77.4333
-22.5373
-19.9692
-23.4118
-22.3767
-20.431
-18.8107
-18.3764
-18.9199
-25.7657
-20.6533
-27.0245
-6.41027
-3.05518e-10
-9.82615e-11
-2.35288
-96.9516
-35.8209
-50.6332
-14.0659
-0.964014
-0.489444
-0.424196
-0.385313
-1.76589
-17.0775
-45.1072
-92.2623
-107.921
-107.674
-102.073
-97.6875
-95.4148
-86.5579
-55.03
-10.823
-0.00031702
-7.80029e-07
-5.89164e-08
-5.89164e-08
-7.80029e-07
-0.00031702
-10.823
-55.03
-86.5579
-95.4148
-97.6875
-102.073
-107.674
-107.921
-92.2623
-45.1072
-17.0775
-1.76589
-0.385313
-0.424196
-0.489444
-0.964014
-14.0659
-50.6332
-35.8209
-96.9516
-2.35288
-9.82615e-11
-6.89115e-12
-0.0140999
-2.66885
-4.38201
-0.262317
-0.000619491
-6.24437e-10
-3.2987e-12
-2.50338e-12
-1.64049e-05
-2.37496
-43.2439
-71.8621
-94.7288
-91.1437
-86.1047
-84.7371
-91.1185
-102.736
-69.5398
-47.1819
-3.26134
-7.00193e-08
-7.63151e-12
-6.53484e-12
-6.53484e-12
-7.63151e-12
-7.00193e-08
-3.26134
-47.1819
-69.5398
-102.736
-91.1185
-84.7371
-86.1047
-91.1437
-94.7288
-71.8621
-43.2439
-2.37496
-1.64049e-05
-2.50338e-12
-3.2987e-12
-6.24437e-10
-0.000619491
-0.262317
-4.38201
-2.66885
-0.0140999
-6.89115e-12
-3.74997e-12
-5.2159e-12
-2.59362e-11
-4.61065e-11
-3.76841e-12
-2.35125e-12
-1.76155e-12
-1.94652e-12
-3.30742e-06
-0.177597
-26.0662
-62.6557
-103.518
-90.5166
-78.9391
-66.0234
-64.4597
-81.5608
-105.234
-62.2544
-27.8695
-0.23442
-7.2536e-12
-5.24711e-12
-4.05685e-12
-4.05685e-12
-5.24711e-12
-7.2536e-12
-0.23442
-27.8695
-62.2544
-105.234
-81.5608
-64.4597
-66.0234
-78.9391
-90.5166
-103.518
-62.6557
-26.0662
-0.177597
-3.30742e-06
-1.94652e-12
-1.76155e-12
-2.35125e-12
-3.76841e-12
-4.61065e-11
-2.59362e-11
-5.2159e-12
-3.74997e-12
-9.95851e-13
-1.79563e-12
-2.13077e-12
-1.5342e-12
-9.30548e-13
-8.42898e-13
-1.40333e-12
-1.12574e-07
-0.0530587
-21.3706
-39.9601
-97.8111
-95.6184
-86.8487
-72.647
-35.301
-42.2641
-71.6763
-93.6797
-51.7517
-28.3095
-0.0546882
-7.68562e-12
-4.22288e-12
-2.50908e-12
-2.50908e-12
-4.22288e-12
-7.68562e-12
-0.0546882
-28.3095
-51.7517
-93.6797
-71.6763
-42.2641
-35.301
-72.647
-86.8487
-95.6184
-97.8111
-39.9601
-21.3706
-0.0530587
-1.12574e-07
-1.40333e-12
-8.42898e-13
-9.30548e-13
-1.5342e-12
-2.13077e-12
-1.79563e-12
-9.95851e-13
-4.78841e-13
-1.9716e-12
-3.1729e-12
-3.0938e-12
-2.55612e-12
-2.28353e-12
-3.85918e-12
-0.0017564
-15.1329
-41.9106
-75.2296
-98.3776
-96.1135
-90.8142
-42.2191
-27.6271
-39.9184
-81.135
-93.6642
-49.8531
-31.9716
-0.0969048
-8.50998e-12
-3.87975e-12
-1.61405e-12
-1.61405e-12
-3.87975e-12
-8.50998e-12
-0.0969048
-31.9716
-49.8531
-93.6642
-81.135
-39.9184
-27.6271
-42.2191
-90.8142
-96.1135
-98.3776
-75.2296
-41.9106
-15.1329
-0.0017564
-3.85918e-12
-2.28353e-12
-2.55612e-12
-3.0938e-12
-3.1729e-12
-1.9716e-12
-4.78841e-13
-1.70837e-12
-5.58574e-08
-0.00771676
-0.490802
-0.53485
-0.0553599
-0.00986001
-1.82091
-38.5448
-64.6334
-107.01
-102.587
-100.061
-48.8505
-14.5411
-7.25441
-44.6102
-84.8319
-100.943
-52.1136
-32.5853
-0.192
-9.64365e-12
-3.92098e-12
-1.13532e-12
-1.13532e-12
-3.92098e-12
-9.64365e-12
-0.192
-32.5853
-52.1136
-100.943
-84.8319
-44.6102
-7.25441
-14.5411
-48.8505
-100.061
-102.587
-107.01
-64.6334
-38.5448
-1.82091
-0.00986001
-0.0553599
-0.53485
-0.490802
-0.00771676
-5.58574e-08
-1.70837e-12
-2.65371e-12
-0.0235511
-27.9823
-52.9604
-29.1035
-23.7362
-16.0208
-25.0895
-53.0271
-106.734
-106.049
-105.369
-52.4404
-13.9823
-0.0524383
-1.30642
-48.9949
-76.8533
-113.211
-56.714
-31.6113
-0.284895
-1.07567e-11
-4.12057e-12
-8.96098e-13
-8.96098e-13
-4.12057e-12
-1.07567e-11
-0.284895
-31.6113
-56.714
-113.211
-76.8533
-48.9949
-1.30642
-0.0524383
-13.9823
-52.4404
-105.369
-106.049
-106.734
-53.0271
-25.0895
-16.0208
-23.7362
-29.1035
-52.9604
-27.9823
-0.0235511
-2.65371e-12
-1.97367e-11
-2.62405
-61.1036
-19.4801
-29.3487
-31.0697
-29.7254
-40.1844
-87.9198
-97.8251
-105.55
-54.5633
-18.2655
-0.152734
-2.75681e-07
-0.286874
-42.942
-73.4194
-128.077
-61.6329
-31.2362
-0.334846
-1.15797e-11
-4.31824e-12
-7.77316e-13
-7.77316e-13
-4.31824e-12
-1.15797e-11
-0.334846
-31.2362
-61.6329
-128.077
-73.4194
-42.942
-0.286874
-2.75681e-07
-0.152734
-18.2655
-54.5633
-105.55
-97.8251
-87.9198
-40.1844
-29.7254
-31.0697
-29.3487
-19.4801
-61.1036
-2.62405
-1.97367e-11
-2.5274e-11
-2.6812
-83.7346
-22.3691
-25.6883
-29.416
-27.6427
-47.0384
-72.8539
-92.7466
-56.1349
-25.6266
-0.673113
-2.69755e-06
-2.3827e-12
-0.0269988
-22.6034
-69.6469
-131.033
-62.7503
-31.6486
-0.357982
-1.20166e-11
-4.43293e-12
-7.08887e-13
-7.08887e-13
-4.43293e-12
-1.20166e-11
-0.357982
-31.6486
-62.7503
-131.033
-69.6469
-22.6034
-0.0269988
-2.3827e-12
-2.69755e-06
-0.673113
-25.6266
-56.1349
-92.7466
-72.8539
-47.0384
-27.6427
-29.416
-25.6883
-22.3691
-83.7346
-2.6812
-2.5274e-11
-4.67654e-12
-0.0182772
-12.4511
-55.8799
-25.8621
-22.3041
-22.7142
-38.6288
-70.2598
-54.572
-40.2069
-5.41354
-5.55949e-05
-2.75834e-12
-2.7212e-12
-0.00518808
-21.2058
-61.7113
-120.375
-59.1855
-32.6845
-0.376117
-1.2086e-11
-4.44324e-12
-6.54323e-13
-6.54323e-13
-4.44324e-12
-1.2086e-11
-0.376117
-32.6845
-59.1855
-120.375
-61.7113
-21.2058
-0.00518808
-2.7212e-12
-2.75834e-12
-5.55949e-05
-5.41354
-40.2069
-54.572
-70.2598
-38.6288
-22.7142
-22.3041
-25.8621
-55.8799
-12.4511
-0.0182772
-4.67654e-12
-4.02051e-12
-7.77094e-10
-0.000351073
-0.0618993
-2.40336
-16.637
-34.0194
-51.6505
-68.5549
-28.9821
-29.1978
-0.0210663
-6.67455e-11
-2.04686e-12
-3.11497e-12
-0.00668879
-25.7841
-54.2619
-107.27
-53.6345
-35.4564
-0.380814
-1.18887e-11
-4.36846e-12
-5.98805e-13
-5.98805e-13
-4.36846e-12
-1.18887e-11
-0.380814
-35.4564
-53.6345
-107.27
-54.2619
-25.7841
-0.00668879
-3.11497e-12
-2.04686e-12
-6.67455e-11
-0.0210663
-29.1978
-28.9821
-68.5549
-51.6505
-34.0194
-16.637
-2.40336
-0.0618993
-0.000351073
-7.77094e-10
-4.02051e-12
-2.40523e-12
-4.72358e-12
-7.85581e-12
-9.3805e-12
-0.0181599
-25.2314
-32.0069
-75.3088
-49.3114
-35.7152
-2.72539
-8.06514e-06
-2.87389e-12
-1.70208e-12
-3.68035e-12
-0.0119829
-31.0408
-47.0854
-93.5326
-47.2076
-37.7536
-0.331258
-1.15836e-11
-4.25386e-12
-5.42732e-13
-5.42732e-13
-4.25386e-12
-1.15836e-11
-0.331258
-37.7536
-47.2076
-93.5326
-47.0854
-31.0408
-0.0119829
-3.68035e-12
-1.70208e-12
-2.87389e-12
-8.06514e-06
-2.72539
-35.7152
-49.3114
-75.3088
-32.0069
-25.2314
-0.0181599
-9.3805e-12
-7.85581e-12
-4.72358e-12
-2.40523e-12
-1.18205e-12
-3.56121e-12
-7.00898e-12
-1.39653e-08
-0.304998
-24.3734
-45.1645
-78.2502
-31.4433
-36.634
-0.0244376
-5.41301e-12
-1.96824e-12
-1.60147e-12
-4.45869e-12
-0.0209015
-34.225
-39.7433
-79.4389
-40.5314
-36.0788
-0.247269
-1.1269e-11
-4.14903e-12
-4.95849e-13
-4.95849e-13
-4.14903e-12
-1.1269e-11
-0.247269
-36.0788
-40.5314
-79.4389
-39.7433
-34.225
-0.0209015
-4.45869e-12
-1.60147e-12
-1.96824e-12
-5.41301e-12
-0.0244376
-36.634
-31.4433
-78.2502
-45.1645
-24.3734
-0.304998
-1.39653e-08
-7.00898e-12
-3.56121e-12
-1.18205e-12
-7.44336e-13
-3.75204e-12
-3.84203e-11
-0.00147745
-13.4072
-34.8949
-56.6898
-58.4929
-39.942
-8.34084
-4.86731e-05
-4.10363e-12
-1.31184e-12
-1.69883e-12
-5.33461e-12
-0.0339575
-38.9122
-33.9562
-66.4547
-35.4509
-40.0757
-0.20167
-1.86201e-11
-4.11851e-12
-4.72849e-13
-4.72849e-13
-4.11851e-12
-1.86201e-11
-0.20167
-40.0757
-35.4509
-66.4547
-33.9562
-38.9122
-0.0339575
-5.33461e-12
-1.69883e-12
-1.31184e-12
-4.10363e-12
-4.86731e-05
-8.34084
-39.942
-58.4929
-56.6898
-34.8949
-13.4072
-0.00147745
-3.84203e-11
-3.75204e-12
-7.44336e-13
-8.77726e-13
-4.85859e-12
-0.00114427
-2.79504
-71.7426
-50.6196
-58.212
-38.9561
-31.0428
-0.237391
-8.98651e-11
-2.87956e-12
-8.35656e-13
-1.95588e-12
-7.95358e-09
-0.173241
-51.3484
-57.639
-50.061
-57.0569
-53.5089
-2.45821
-0.000143204
-4.2918e-12
-4.90652e-13
-4.90652e-13
-4.2918e-12
-0.000143204
-2.45821
-53.5089
-57.0569
-50.061
-57.639
-51.3484
-0.173241
-7.95358e-09
-1.95588e-12
-8.35656e-13
-2.87956e-12
-8.98651e-11
-0.237391
-31.0428
-38.9561
-58.212
-50.6196
-71.7426
-2.79504
-0.00114427
-4.85859e-12
-8.77726e-13
-1.15611e-12
-2.63351e-08
-0.21938
-67.5142
-106.531
-104.396
-75.6363
-84.9476
-61.6899
-0.0999732
-2.63122e-09
-2.06692e-12
-5.79392e-13
-2.45375e-12
-0.0004668
-5.73071
-110.883
-133.947
-98.2022
-132.717
-122.665
-46.8068
-0.055664
-4.15518e-09
-5.58064e-13
-5.58064e-13
-4.15518e-09
-0.055664
-46.8068
-122.665
-132.717
-98.2022
-133.947
-110.883
-5.73071
-0.0004668
-2.45375e-12
-5.79392e-13
-2.06692e-12
-2.63122e-09
-0.0999732
-61.6899
-84.9476
-75.6363
-104.396
-106.531
-67.5142
-0.21938
-2.63351e-08
-1.15611e-12
-1.3227e-12
-0.00110496
-8.08577
-96.9192
-161.75
-135.381
-102.6
-148.788
-123.647
-4.78333
-0.000522111
-1.63169e-12
-5.77126e-13
-4.18606e-06
-0.338036
-75.8332
-152.9
-152.206
-109.31
-141.751
-150.39
-106.728
-5.62494
-0.000751718
-6.88701e-13
-6.88701e-13
-0.000751718
-5.62494
-106.728
-150.39
-141.751
-109.31
-152.206
-152.9
-75.8332
-0.338036
-4.18606e-06
-5.77126e-13
-1.63169e-12
-0.000522111
-4.78333
-123.647
-148.788
-102.6
-135.381
-161.75
-96.9192
-8.08577
-0.00110496
-1.3227e-12
-2.00436e-12
-0.131698
-57.5674
-135.649
-182.776
-135.628
-106.857
-193.823
-150.229
-68.057
-0.122844
-3.60308e-12
-9.38894e-13
-0.0171233
-22.0149
-138.001
-181.758
-163.427
-83.6283
-132.46
-184.975
-146.293
-59.2166
-0.140951
-1.80108e-12
-1.80108e-12
-0.140951
-59.2166
-146.293
-184.975
-132.46
-83.6283
-163.427
-181.758
-138.001
-22.0149
-0.0171233
-9.38894e-13
-3.60308e-12
-0.122844
-68.057
-150.229
-193.823
-106.857
-135.628
-182.776
-135.649
-57.5674
-0.131698
-2.00436e-12
-5.9945e-09
-1.54566
-93.0027
-96.5197
-167.015
-96.6416
-74.8079
-129.272
-63.9909
-89.9053
-3.09587
-6.3376e-10
-6.85258e-11
-1.97201
-70.4029
-60.1566
-127.46
-98.2492
-44.46
-91.9489
-129.12
-60.9359
-79.5692
-3.1804
-5.60227e-10
-5.60227e-10
-3.1804
-79.5692
-60.9359
-129.12
-91.9489
-44.46
-98.2492
-127.46
-60.1566
-70.4029
-1.97201
-6.85258e-11
-6.3376e-10
-3.09587
-89.9053
-63.9909
-129.272
-74.8079
-96.6416
-167.015
-96.5197
-93.0027
-1.54566
-5.9945e-09
-9.43782e-08
-6.41667
-88.6793
-65.4093
-94.977
-10.9598
-1.17578
-28.115
-82.3107
-107.567
-3.93562
-1.09169e-09
-4.35579e-10
-4.93123
-98.9061
-68.7326
-84.3705
-9.7742
-0.224624
-6.99871
-85.0701
-76.6369
-115.331
-4.21933
-1.35926e-09
-1.35926e-09
-4.21933
-115.331
-76.6369
-85.0701
-6.99871
-0.224624
-9.7742
-84.3705
-68.7326
-98.9061
-4.93123
-4.35579e-10
-1.09169e-09
-3.93562
-107.567
-82.3107
-28.115
-1.17578
-10.9598
-94.977
-65.4093
-88.6793
-6.41667
-9.43782e-08
-1.60589e-08
-2.68982
-93.7701
-67.5891
-5.58866
-0.00906652
-0.000103306
-0.0548774
-3.91962
-4.79036
-0.0363773
-8.82589e-12
-1.30684e-11
-0.0742734
-12.0424
-19.2173
-1.62269
-0.00928149
-8.48671e-07
-0.00582807
-1.03696
-12.6676
-7.71414
-0.0544643
-1.53932e-11
-1.53932e-11
-0.0544643
-7.71414
-12.6676
-1.03696
-0.00582807
-8.48671e-07
-0.00928149
-1.62269
-19.2173
-12.0424
-0.0742734
-1.30684e-11
-8.82589e-12
-0.0363773
-4.79036
-3.91962
-0.0548774
-0.000103306
-0.00906652
-5.58866
-67.5891
-93.7701
-2.68982
-1.60589e-08
-3.41777e-12
-0.00949714
-1.05421
-0.557589
-0.00192462
-3.51365e-10
-4.79186e-12
-5.39299e-12
-1.35752e-09
-1.81443e-09
-1.32672e-11
-2.36158e-12
-2.64161e-12
-1.905e-09
-2.16549e-06
-6.34603e-06
-1.56062e-07
-5.40958e-12
-4.78926e-12
-5.2411e-12
-2.06178e-08
-9.0919e-07
-3.30817e-07
-3.38217e-10
-2.4468e-12
-2.4468e-12
-3.38217e-10
-3.30817e-07
-9.0919e-07
-2.06178e-08
-5.2411e-12
-4.78926e-12
-5.40958e-12
-1.56062e-07
-6.34603e-06
-2.16549e-06
-1.905e-09
-2.64161e-12
-2.36158e-12
-1.32672e-11
-1.81443e-09
-1.35752e-09
-5.39299e-12
-4.79186e-12
-3.51365e-10
-0.00192462
-0.557589
-1.05421
-0.00949714
-3.41777e-12
-7.36065e-13
-1.64673e-12
-1.51213e-12
-9.64903e-13
-8.75767e-13
-7.82201e-13
-7.01912e-13
-7.18776e-13
-8.40687e-13
-9.46273e-13
-6.95891e-13
-3.07896e-13
-4.50119e-13
-1.03608e-12
-1.23898e-12
-9.59497e-13
-7.33935e-13
-6.1672e-13
-5.63527e-13
-6.00241e-13
-7.11543e-13
-9.09427e-13
-1.1112e-12
-8.71487e-13
-3.62638e-13
-3.62638e-13
-8.71487e-13
-1.1112e-12
-9.09427e-13
-7.11543e-13
-6.00241e-13
-5.63527e-13
-6.1672e-13
-7.33935e-13
-9.59497e-13
-1.23898e-12
-1.03608e-12
-4.50119e-13
-3.07896e-13
-6.95891e-13
-9.46273e-13
-8.40687e-13
-7.18776e-13
-7.01912e-13
-7.82201e-13
-8.75767e-13
-9.64903e-13
-1.51213e-12
-1.64673e-12
-7.36065e-13
-7.36065e-13
-1.64673e-12
-1.51213e-12
-9.64903e-13
-8.75767e-13
-7.82201e-13
-7.01912e-13
-7.18776e-13
-8.40687e-13
-9.46273e-13
-6.95891e-13
-3.07896e-13
-4.50119e-13
-1.03608e-12
-1.23898e-12
-9.59497e-13
-7.33935e-13
-6.1672e-13
-5.63527e-13
-6.00241e-13
-7.11543e-13
-9.09427e-13
-1.1112e-12
-8.71487e-13
-3.62638e-13
-3.62638e-13
-8.71487e-13
-1.1112e-12
-9.09427e-13
-7.11543e-13
-6.00241e-13
-5.63527e-13
-6.1672e-13
-7.33935e-13
-9.59497e-13
-1.23898e-12
-1.03608e-12
-4.50119e-13
-3.07896e-13
-6.95891e-13
-9.46273e-13
-8.40687e-13
-7.18776e-13
-7.01912e-13
-7.82201e-13
-8.75767e-13
-9.64903e-13
-1.51213e-12
-1.64673e-12
-7.36065e-13
-3.41777e-12
-0.00949714
-1.05421
-0.557589
-0.00192462
-3.51365e-10
-4.79186e-12
-5.39299e-12
-1.35752e-09
-1.81443e-09
-1.32672e-11
-2.36158e-12
-2.64161e-12
-1.905e-09
-2.16549e-06
-6.34603e-06
-1.56062e-07
-5.40958e-12
-4.78926e-12
-5.2411e-12
-2.06178e-08
-9.0919e-07
-3.30817e-07
-3.38217e-10
-2.4468e-12
-2.4468e-12
-3.38217e-10
-3.30817e-07
-9.0919e-07
-2.06178e-08
-5.2411e-12
-4.78926e-12
-5.40958e-12
-1.56062e-07
-6.34603e-06
-2.16549e-06
-1.905e-09
-2.64161e-12
-2.36158e-12
-1.32672e-11
-1.81443e-09
-1.35752e-09
-5.39299e-12
-4.79186e-12
-3.51365e-10
-0.00192462
-0.557589
-1.05421
-0.00949714
-3.41777e-12
-1.60589e-08
-2.68982
-93.7701
-67.5891
-5.58866
-0.00906652
-0.000103306
-0.0548774
-3.91962
-4.79036
-0.0363773
-8.82589e-12
-1.30684e-11
-0.0742734
-12.0424
-19.2173
-1.62269
-0.00928149
-8.48671e-07
-0.00582807
-1.03696
-12.6676
-7.71414
-0.0544643
-1.53932e-11
-1.53932e-11
-0.0544643
-7.71414
-12.6676
-1.03696
-0.00582807
-8.48671e-07
-0.00928149
-1.62269
-19.2173
-12.0424
-0.0742734
-1.30684e-11
-8.82589e-12
-0.0363773
-4.79036
-3.91962
-0.0548774
-0.000103306
-0.00906652
-5.58866
-67.5891
-93.7701
-2.68982
-1.60589e-08
-9.43782e-08
-6.41667
-88.6793
-65.4093
-94.977
-10.9598
-1.17578
-28.115
-82.3107
-107.567
-3.93562
-1.09169e-09
-4.35579e-10
-4.93123
-98.9061
-68.7326
-84.3705
-9.7742
-0.224624
-6.99871
-85.0701
-76.6369
-115.331
-4.21933
-1.35926e-09
-1.35926e-09
-4.21933
-115.331
-76.6369
-85.0701
-6.99871
-0.224624
-9.7742
-84.3705
-68.7326
-98.9061
-4.93123
-4.35579e-10
-1.09169e-09
-3.93562
-107.567
-82.3107
-28.115
-1.17578
-10.9598
-94.977
-65.4093
-88.6793
-6.41667
-9.43782e-08
-5.9945e-09
-1.54566
-93.0027
-96.5197
-167.015
-96.6416
-74.8079
-129.272
-63.9909
-89.9053
-3.09587
-6.3376e-10
-6.85258e-11
-1.97201
-70.4029
-60.1566
-127.46
-98.2492
-44.46
-91.9489
-129.12
-60.9359
-79.5692
-3.1804
-5.60227e-10
-5.60227e-10
-3.1804
-79.5692
-60.9359
-129.12
-91.9489
-44.46
-98.2492
-127.46
-60.1566
-70.4029
-1.97201
-6.85258e-11
-6.3376e-10
-3.09587
-89.9053
-63.9909
-129.272
-74.8079
-96.6416
-167.015
-96.5197
-93.0027
-1.54566
-5.9945e-09
-2.00436e-12
-0.131698
-57.5674
-135.649
-182.776
-135.628
-106.857
-193.823
-150.229
-68.057
-0.122844
-3.60308e-12
-9.38894e-13
-0.0171233
-22.0149
-138.001
-181.758
-163.427
-83.6283
-132.46
-184.975
-146.293
-59.2166
-0.140951
-1.80108e-12
-1.80108e-12
-0.140951
-59.2166
-146.293
-184.975
-132.46
-83.6283
-163.427
-181.758
-138.001
-22.0149
-0.0171233
-9.38894e-13
-3.60308e-12
-0.122844
-68.057
-150.229
-193.823
-106.857
-135.628
-182.776
-135.649
-57.5674
-0.131698
-2.00436e-12
-1.3227e-12
-0.00110496
-8.08577
-96.9192
-161.75
-135.381
-102.6
-148.788
-123.647
-4.78333
-0.000522111
-1.63169e-12
-5.77126e-13
-4.18606e-06
-0.338036
-75.8332
-152.9
-152.206
-109.31
-141.751
-150.39
-106.728
-5.62494
-0.000751718
-6.88701e-13
-6.88701e-13
-0.000751718
-5.62494
-106.728
-150.39
-141.751
-109.31
-152.206
-152.9
-75.8332
-0.338036
-4.18606e-06
-5.77126e-13
-1.63169e-12
-0.000522111
-4.78333
-123.647
-148.788
-102.6
-135.381
-161.75
-96.9192
-8.08577
-0.00110496
-1.3227e-12
-1.15611e-12
-2.63351e-08
-0.21938
-67.5142
-106.531
-104.396
-75.6363
-84.9476
-61.6899
-0.0999732
-2.63122e-09
-2.06692e-12
-5.79392e-13
-2.45375e-12
-0.0004668
-5.73071
-110.883
-133.947
-98.2022
-132.717
-122.665
-46.8068
-0.055664
-4.15518e-09
-5.58064e-13
-5.58064e-13
-4.15518e-09
-0.055664
-46.8068
-122.665
-132.717
-98.2022
-133.947
-110.883
-5.73071
-0.0004668
-2.45375e-12
-5.79392e-13
-2.06692e-12
-2.63122e-09
-0.0999732
-61.6899
-84.9476
-75.6363
-104.396
-106.531
-67.5142
-0.21938
-2.63351e-08
-1.15611e-12
-8.77726e-13
-4.85859e-12
-0.00114427
-2.79504
-71.7426
-50.6196
-58.212
-38.9561
-31.0428
-0.237391
-8.98651e-11
-2.87956e-12
-8.35656e-13
-1.95588e-12
-7.95358e-09
-0.173241
-51.3484
-57.639
-50.061
-57.0569
-53.5089
-2.45821
-0.000143204
-4.2918e-12
-4.90652e-13
-4.90652e-13
-4.2918e-12
-0.000143204
-2.45821
-53.5089
-57.0569
-50.061
-57.639
-51.3484
-0.173241
-7.95358e-09
-1.95588e-12
-8.35656e-13
-2.87956e-12
-8.98651e-11
-0.237391
-31.0428
-38.9561
-58.212
-50.6196
-71.7426
-2.79504
-0.00114427
-4.85859e-12
-8.77726e-13
-7.44336e-13
-3.75204e-12
-3.84203e-11
-0.00147745
-13.4072
-34.8949
-56.6898
-58.4929
-39.942
-8.34084
-4.86731e-05
-4.10363e-12
-1.31184e-12
-1.69883e-12
-5.33461e-12
-0.0339575
-38.9122
-33.9562
-66.4547
-35.4509
-40.0757
-0.20167
-1.86201e-11
-4.11851e-12
-4.72849e-13
-4.72849e-13
-4.11851e-12
-1.86201e-11
-0.20167
-40.0757
-35.4509
-66.4547
-33.9562
-38.9122
-0.0339575
-5.33461e-12
-1.69883e-12
-1.31184e-12
-4.10363e-12
-4.86731e-05
-8.34084
-39.942
-58.4929
-56.6898
-34.8949
-13.4072
-0.00147745
-3.84203e-11
-3.75204e-12
-7.44336e-13
-1.18205e-12
-3.56121e-12
-7.00898e-12
-1.39653e-08
-0.304998
-24.3734
-45.1645
-78.2502
-31.4433
-36.634
-0.0244376
-5.41301e-12
-1.96824e-12
-1.60147e-12
-4.45869e-12
-0.0209015
-34.225
-39.7433
-79.4389
-40.5314
-36.0788
-0.247269
-1.1269e-11
-4.14903e-12
-4.95849e-13
-4.95849e-13
-4.14903e-12
-1.1269e-11
-0.247269
-36.0788
-40.5314
-79.4389
-39.7433
-34.225
-0.0209015
-4.45869e-12
-1.60147e-12
-1.96824e-12
-5.41301e-12
-0.0244376
-36.634
-31.4433
-78.2502
-45.1645
-24.3734
-0.304998
-1.39653e-08
-7.00898e-12
-3.56121e-12
-1.18205e-12
-2.40523e-12
-4.72358e-12
-7.85581e-12
-9.3805e-12
-0.0181599
-25.2314
-32.0069
-75.3088
-49.3114
-35.7152
-2.72539
-8.06514e-06
-2.87389e-12
-1.70208e-12
-3.68035e-12
-0.0119829
-31.0408
-47.0854
-93.5326
-47.2076
-37.7536
-0.331258
-1.15836e-11
-4.25386e-12
-5.42732e-13
-5.42732e-13
-4.25386e-12
-1.15836e-11
-0.331258
-37.7536
-47.2076
-93.5326
-47.0854
-31.0408
-0.0119829
-3.68035e-12
-1.70208e-12
-2.87389e-12
-8.06514e-06
-2.72539
-35.7152
-49.3114
-75.3088
-32.0069
-25.2314
-0.0181599
-9.3805e-12
-7.85581e-12
-4.72358e-12
-2.40523e-12
-4.02051e-12
-7.77094e-10
-0.000351073
-0.0618993
-2.40336
-16.637
-34.0194
-51.6505
-68.5549
-28.9821
-29.1978
-0.0210663
-6.67455e-11
-2.04686e-12
-3.11497e-12
-0.00668879
-25.7841
-54.2619
-107.27
-53.6345
-35.4564
-0.380814
-1.18887e-11
-4.36846e-12
-5.98805e-13
-5.98805e-13
-4.36846e-12
-1.18887e-11
-0.380814
-35.4564
-53.6345
-107.27
-54.2619
-25.7841
-0.00668879
-3.11497e-12
-2.04686e-12
-6.67455e-11
-0.0210663
-29.1978
-28.9821
-68.5549
-51.6505
-34.0194
-16.637
-2.40336
-0.0618993
-0.000351073
-7.77094e-10
-4.02051e-12
-4.67654e-12
-0.0182772
-12.4511
-55.8799
-25.8621
-22.3041
-22.7142
-38.6288
-70.2598
-54.572
-40.2069
-5.41354
-5.55949e-05
-2.75834e-12
-2.7212e-12
-0.00518808
-21.2058
-61.7113
-120.375
-59.1855
-32.6845
-0.376117
-1.2086e-11
-4.44324e-12
-6.54323e-13
-6.54323e-13
-4.44324e-12
-1.2086e-11
-0.376117
-32.6845
-59.1855
-120.375
-61.7113
-21.2058
-0.00518808
-2.7212e-12
-2.75834e-12
-5.55949e-05
-5.41354
-40.2069
-54.572
-70.2598
-38.6288
-22.7142
-22.3041
-25.8621
-55.8799
-12.4511
-0.0182772
-4.67654e-12
-2.5274e-11
-2.6812
-83.7346
-22.3691
-25.6883
-29.416
-27.6427
-47.0384
-72.8539
-92.7466
-56.1349
-25.6266
-0.673113
-2.69755e-06
-2.3827e-12
-0.0269988
-22.6034
-69.6469
-131.033
-62.7503
-31.6486
-0.357982
-1.20166e-11
-4.43293e-12
-7.08887e-13
-7.08887e-13
-4.43293e-12
-1.20166e-11
-0.357982
-31.6486
-62.7503
-131.033
-69.6469
-22.6034
-0.0269988
-2.3827e-12
-2.69755e-06
-0.673113
-25.6266
-56.1349
-92.7466
-72.8539
-47.0384
-27.6427
-29.416
-25.6883
-22.3691
-83.7346
-2.6812
-2.5274e-11
-1.97367e-11
-2.62405
-61.1036
-19.4801
-29.3487
-31.0697
-29.7254
-40.1844
-87.9198
-97.8251
-105.55
-54.5633
-18.2655
-0.152734
-2.75681e-07
-0.286874
-42.942
-73.4194
-128.077
-61.6329
-31.2362
-0.334846
-1.15797e-11
-4.31824e-12
-7.77316e-13
-7.77316e-13
-4.31824e-12
-1.15797e-11
-0.334846
-31.2362
-61.6329
-128.077
-73.4194
-42.942
-0.286874
-2.75681e-07
-0.152734
-18.2655
-54.5633
-105.55
-97.8251
-87.9198
-40.1844
-29.7254
-31.0697
-29.3487
-19.4801
-61.1036
-2.62405
-1.97367e-11
-2.65371e-12
-0.0235511
-27.9823
-52.9604
-29.1035
-23.7362
-16.0208
-25.0895
-53.0271
-106.734
-106.049
-105.369
-52.4404
-13.9823
-0.0524383
-1.30642
-48.9949
-76.8533
-113.211
-56.714
-31.6113
-0.284895
-1.07567e-11
-4.12057e-12
-8.96098e-13
-8.96098e-13
-4.12057e-12
-1.07567e-11
-0.284895
-31.6113
-56.714
-113.211
-76.8533
-48.9949
-1.30642
-0.0524383
-13.9823
-52.4404
-105.369
-106.049
-106.734
-53.0271
-25.0895
-16.0208
-23.7362
-29.1035
-52.9604
-27.9823
-0.0235511
-2.65371e-12
-1.70837e-12
-5.58574e-08
-0.00771676
-0.490802
-0.53485
-0.0553599
-0.00986001
-1.82091
-38.5448
-64.6334
-107.01
-102.587
-100.061
-48.8505
-14.5411
-7.25441
-44.6102
-84.8319
-100.943
-52.1136
-32.5853
-0.192
-9.64365e-12
-3.92098e-12
-1.13532e-12
-1.13532e-12
-3.92098e-12
-9.64365e-12
-0.192
-32.5853
-52.1136
-100.943
-84.8319
-44.6102
-7.25441
-14.5411
-48.8505
-100.061
-102.587
-107.01
-64.6334
-38.5448
-1.82091
-0.00986001
-0.0553599
-0.53485
-0.490802
-0.00771676
-5.58574e-08
-1.70837e-12
-4.78841e-13
-1.9716e-12
-3.1729e-12
-3.0938e-12
-2.55612e-12
-2.28353e-12
-3.85918e-12
-0.0017564
-15.1329
-41.9106
-75.2296
-98.3776
-96.1135
-90.8142
-42.2191
-27.6271
-39.9184
-81.135
-93.6642
-49.8531
-31.9716
-0.0969048
-8.50998e-12
-3.87975e-12
-1.61405e-12
-1.61405e-12
-3.87975e-12
-8.50998e-12
-0.0969048
-31.9716
-49.8531
-93.6642
-81.135
-39.9184
-27.6271
-42.2191
-90.8142
-96.1135
-98.3776
-75.2296
-41.9106
-15.1329
-0.0017564
-3.85918e-12
-2.28353e-12
-2.55612e-12
-3.0938e-12
-3.1729e-12
-1.9716e-12
-4.78841e-13
-9.95851e-13
-1.79563e-12
-2.13077e-12
-1.5342e-12
-9.30548e-13
-8.42898e-13
-1.40333e-12
-1.12574e-07
-0.0530587
-21.3706
-39.9601
-97.8111
-95.6184
-86.8487
-72.647
-35.301
-42.2641
-71.6763
-93.6797
-51.7517
-28.3095
-0.0546882
-7.68562e-12
-4.22288e-12
-2.50908e-12
-2.50908e-12
-4.22288e-12
-7.68562e-12
-0.0546882
-28.3095
-51.7517
-93.6797
-71.6763
-42.2641
-35.301
-72.647
-86.8487
-95.6184
-97.8111
-39.9601
-21.3706
-0.0530587
-1.12574e-07
-1.40333e-12
-8.42898e-13
-9.30548e-13
-1.5342e-12
-2.13077e-12
-1.79563e-12
-9.95851e-13
-3.74997e-12
-5.2159e-12
-2.59362e-11
-4.61065e-11
-3.76841e-12
-2.35125e-12
-1.76155e-12
-1.94652e-12
-3.30742e-06
-0.177597
-26.0662
-62.6557
-103.518
-90.5166
-78.9391
-66.0234
-64.4597
-81.5608
-105.234
-62.2544
-27.8695
-0.23442
-7.2536e-12
-5.24711e-12
-4.05685e-12
-4.05685e-12
-5.24711e-12
-7.2536e-12
-0.23442
-27.8695
-62.2544
-105.234
-81.5608
-64.4597
-66.0234
-78.9391
-90.5166
-103.518
-62.6557
-26.0662
-0.177597
-3.30742e-06
-1.94652e-12
-1.76155e-12
-2.35125e-12
-3.76841e-12
-4.61065e-11
-2.59362e-11
-5.2159e-12
-3.74997e-12
-6.89115e-12
-0.0140999
-2.66885
-4.38201
-0.262317
-0.000619491
-6.24437e-10
-3.2987e-12
-2.50338e-12
-1.64049e-05
-2.37496
-43.2439
-71.8621
-94.7288
-91.1437
-86.1047
-84.7371
-91.1185
-102.736
-69.5398
-47.1819
-3.26134
-7.00193e-08
-7.63151e-12
-6.53484e-12
-6.53484e-12
-7.63151e-12
-7.00193e-08
-3.26134
-47.1819
-69.5398
-102.736
-91.1185
-84.7371
-86.1047
-91.1437
-94.7288
-71.8621
-43.2439
-2.37496
-1.64049e-05
-2.50338e-12
-3.2987e-12
-6.24437e-10
-0.000619491
-0.262317
-4.38201
-2.66885
-0.0140999
-6.89115e-12
-9.82615e-11
-2.35288
-96.9516
-35.8209
-50.6332
-14.0659
-0.964014
-0.489444
-0.424196
-0.385313
-1.76589
-17.0775
-45.1072
-92.2623
-107.921
-107.674
-102.073
-97.6875
-95.4148
-86.5579
-55.03
-10.823
-0.00031702
-7.80029e-07
-5.89164e-08
-5.89164e-08
-7.80029e-07
-0.00031702
-10.823
-55.03
-86.5579
-95.4148
-97.6875
-102.073
-107.674
-107.921
-92.2623
-45.1072
-17.0775
-1.76589
-0.385313
-0.424196
-0.489444
-0.964014
-14.0659
-50.6332
-35.8209
-96.9516
-2.35288
-9.82615e-11
-3.05518e-10
-6.41027
-27.0245
-20.6533
-25.7657
-18.9199
-18.3764
-18.8107
-20.431
-22.3767
-23.4118
-19.9692
-22.5373
-77.4333
-156.05
-142.611
-122.43
-103.436
-86.5887
-68.7314
-46.0094
-12.2862
-0.501655
-3.11369
-1.95104
-1.95104
-3.11369
-0.501655
-12.2862
-46.0094
-68.7314
-86.5887
-103.436
-122.43
-142.611
-156.05
-77.4333
-22.5373
-19.9692
-23.4118
-22.3767
-20.431
-18.8107
-18.3764
-18.9199
-25.7657
-20.6533
-27.0245
-6.41027
-3.05518e-10
-1.29112e-10
-4.94886
-16.3192
-25.0683
-34.0704
-36.362
-46.8647
-49.4236
-51.4018
-54.0842
-55.4278
-52.8625
-60.2639
-164.141
-56203.3
-21808.8
-9998.8
-7352.76
-5551.4
-3878.92
-2206.42
-877.711
-298.464
-114.702
-7.69612
-7.69612
-114.702
-298.464
-877.711
-2206.42
-3878.92
-5551.4
-7352.76
-9998.8
-21808.8
-56203.3
-164.141
-60.2639
-52.8625
-55.4278
-54.0842
-51.4018
-49.4236
-46.8647
-36.362
-34.0704
-25.0683
-16.3192
-4.94886
-1.29112e-10
