-3.16626e-09
-0.521018
-130.506
-149.317
-169.86
-178.034
-221.678
-195.036
-184.985
-175.779
-171.422
-144.697
-62.4609
-161.101
-56116.3
-21921.2
-10126.2
-7470.97
-5626.57
-3864.92
-2114.2
-809.3
-284.138
-111.544
-7.28904
-7.28904
-111.544
-284.138
-809.3
-2114.2
-3864.92
-5626.57
-7470.97
-10126.2
-21921.2
-56116.3
-161.101
-62.4609
-144.697
-171.422
-175.779
-184.985
-195.036
-221.678
-178.034
-169.86
-149.317
-130.506
-0.521018
-3.16626e-09
-3.72826e-09
-1.72337
-105.228
-105.993
-131.076
-88.1626
-67.8207
-55.2747
-53.3895
-53.0787
-56.6053
-53.8044
-20.4159
-76.3695
-156.707
-144.516
-124.454
-105.693
-88.9377
-70.364
-42.1313
-10.2392
-0.485449
-4.27666
-1.60019
-1.60019
-4.27666
-0.485449
-10.2392
-42.1313
-70.364
-88.9377
-105.693
-124.454
-144.516
-156.707
-76.3695
-20.4159
-53.8044
-56.6053
-53.0787
-53.3895
-55.2747
-67.8207
-88.1626
-131.076
-105.993
-105.228
-1.72337
-3.72826e-09
-5.62404e-10
-1.10936
-101.863
-98.6809
-65.8737
-5.67052
-0.27096
-0.14306
-0.142374
-0.142675
-1.08329
-18.5683
-47.6307
-94.29
-111.196
-109.935
-103.905
-100.463
-100.671
-84.3229
-64.5915
-9.77395
-0.000298844
-4.44583e-07
-3.72577e-08
-3.72577e-08
-4.44583e-07
-0.000298844
-9.77395
-64.5915
-84.3229
-100.671
-100.463
-103.905
-109.935
-111.196
-94.29
-47.6307
-18.5683
-1.08329
-0.142675
-0.142374
-0.14306
-0.27096
-5.67052
-65.8737
-98.6809
-101.863
-1.10936
-5.62404e-10
-5.08372e-12
-0.0103876
-1.32012
-1.87883
-0.11576
-0.000844214
-7.95926e-09
-5.32992e-12
-4.27266e-12
-1.71511e-05
-2.59751
-47.8082
-74.4587
-103.804
-96.0766
-87.9769
-85.1898
-92.9178
-107.068
-68.6525
-45.88
-2.68475
-7.21576e-08
-7.94587e-12
-6.81216e-12
-6.81216e-12
-7.94587e-12
-7.21576e-08
-2.68475
-45.88
-68.6525
-107.068
-92.9178
-85.1898
-87.9769
-96.0766
-103.804
-74.4587
-47.8082
-2.59751
-1.71511e-05
-4.27266e-12
-5.32992e-12
-7.95926e-09
-0.000844214
-0.11576
-1.87883
-1.32012
-0.0103876
-5.08372e-12
-2.532e-12
-4.29449e-12
-9.40757e-11
-2.06629e-10
-8.62183e-12
-4.22244e-12
-4.18698e-12
-4.60816e-12
-1.88589e-06
-0.140268
-25.2276
-60.6623
-110.195
-98.2624
-84.7599
-65.5603
-62.1621
-81.9117
-106.682
-61.8649
-27.2396
-0.199804
-7.44406e-12
-5.45417e-12
-4.26413e-12
-4.26413e-12
-5.45417e-12
-7.44406e-12
-0.199804
-27.2396
-61.8649
-106.682
-81.9117
-62.1621
-65.5603
-84.7599
-98.2624
-110.195
-60.6623
-25.2276
-0.140268
-1.88589e-06
-4.60816e-12
-4.18698e-12
-4.22244e-12
-8.62183e-12
-2.06629e-10
-9.40757e-11
-4.29449e-12
-2.532e-12
-6.70561e-13
-1.98596e-12
-3.07635e-12
-3.28394e-12
-3.30599e-12
-3.75925e-12
-4.89299e-12
-1.80472e-08
-0.0357886
-29.6229
-45.3506
-96.3512
-104.015
-96.4987
-73.2394
-37.4975
-39.0314
-73.649
-97.7112
-53.7577
-32.7482
-0.0384915
-7.70177e-12
-4.3169e-12
-2.63734e-12
-2.63734e-12
-4.3169e-12
-7.70177e-12
-0.0384915
-32.7482
-53.7577
-97.7112
-73.649
-39.0314
-37.4975
-73.2394
-96.4987
-104.015
-96.3512
-45.3506
-29.6229
-0.0357886
-1.80472e-08
-4.89299e-12
-3.75925e-12
-3.30599e-12
-3.28394e-12
-3.07635e-12
-1.98596e-12
-6.70561e-13
-6.80032e-13
-2.51142e-12
-4.41353e-12
-5.13658e-12
-5.33218e-12
-5.98701e-12
-7.77296e-12
-0.00105017
-16.3419
-45.6958
-73.0201
-108.12
-105.015
-92.0518
-55.7689
-27.2726
-51.6451
-82.6413
-104.101
-54.1854
-38.3345
-0.0593684
-8.31012e-12
-3.85816e-12
-1.66737e-12
-1.66737e-12
-3.85816e-12
-8.31012e-12
-0.0593684
-38.3345
-54.1854
-104.101
-82.6413
-51.6451
-27.2726
-55.7689
-92.0518
-105.015
-108.12
-73.0201
-45.6958
-16.3419
-0.00105017
-7.77296e-12
-5.98701e-12
-5.33218e-12
-5.13658e-12
-4.41353e-12
-2.51142e-12
-6.80032e-13
-2.07195e-12
-1.46818e-07
-0.0050323
-0.189297
-0.202448
-0.0270283
-0.00827584
-2.16912
-32.3881
-63.3938
-113.603
-109.46
-104.225
-49.8247
-13.9675
-6.72853
-53.4823
-82.9203
-113.427
-57.5792
-41.4415
-0.110807
-9.30356e-12
-3.81168e-12
-1.13033e-12
-1.13033e-12
-3.81168e-12
-9.30356e-12
-0.110807
-41.4415
-57.5792
-113.427
-82.9203
-53.4823
-6.72853
-13.9675
-49.8247
-104.225
-109.46
-113.603
-63.3938
-32.3881
-2.16912
-0.00827584
-0.0270283
-0.202448
-0.189297
-0.0050323
-1.46818e-07
-2.07195e-12
-3.15012e-12
-0.0157626
-13.8083
-88.7923
-85.5726
-56.5871
-35.2923
-26.4943
-42.0358
-103.958
-110.143
-110.947
-54.6916
-14.1507
-0.0442709
-1.07418
-49.9091
-76.7593
-124.487
-62.0084
-40.7178
-0.162516
-1.03575e-11
-3.95399e-12
-8.51016e-13
-8.51016e-13
-3.95399e-12
-1.03575e-11
-0.162516
-40.7178
-62.0084
-124.487
-76.7593
-49.9091
-1.07418
-0.0442709
-14.1507
-54.6916
-110.947
-110.143
-103.958
-42.0358
-26.4943
-35.2923
-56.5871
-85.5726
-88.7923
-13.8083
-0.0157626
-3.15012e-12
-5.5218e-11
-1.45702
-100.437
-88.9264
-132.757
-148.05
-115.036
-51.1548
-73.7849
-104.542
-112.687
-58.0726
-19.1976
-0.158461
-2.80363e-07
-0.236574
-37.5723
-74.9489
-136.234
-65.7588
-38.9056
-0.196623
-1.11229e-11
-4.09932e-12
-7.02536e-13
-7.02536e-13
-4.09932e-12
-1.11229e-11
-0.196623
-38.9056
-65.7588
-136.234
-74.9489
-37.5723
-0.236574
-2.80363e-07
-0.158461
-19.1976
-58.0726
-112.687
-104.542
-73.7849
-51.1548
-115.036
-148.05
-132.757
-88.9264
-100.437
-1.45702
-5.5218e-11
-3.86826e-11
-1.30398
-90.9938
-87.178
-113.858
-135.095
-90.4423
-51.6038
-80.1566
-111.345
-62.0445
-27.4299
-1.08786
-4.59564e-06
-2.34666e-12
-0.0205772
-20.7913
-70.676
-135.104
-65.2697
-38.5576
-0.213742
-1.1409e-11
-4.13457e-12
-6.05537e-13
-6.05537e-13
-4.13457e-12
-1.1409e-11
-0.213742
-38.5576
-65.2697
-135.104
-70.676
-20.7913
-0.0205772
-2.34666e-12
-4.59564e-06
-1.08786
-27.4299
-62.0445
-111.345
-80.1566
-51.6038
-90.4423
-135.095
-113.858
-87.178
-90.9938
-1.30398
-3.86826e-11
-1.79855e-12
-0.0110908
-7.40369
-54.4223
-78.7068
-114.907
-61.8064
-65.2642
-101.372
-75.5049
-47.7013
-8.88006
-0.000377137
-2.68469e-12
-2.5405e-12
-0.00345673
-22.5272
-62.5015
-122.733
-60.7286
-40.1828
-0.221382
-1.1179e-11
-4.0195e-12
-5.2013e-13
-5.2013e-13
-4.0195e-12
-1.1179e-11
-0.221382
-40.1828
-60.7286
-122.733
-62.5015
-22.5272
-0.00345673
-2.5405e-12
-2.68469e-12
-0.000377137
-8.88006
-47.7013
-75.5049
-101.372
-65.2642
-61.8064
-114.907
-78.7068
-54.4223
-7.40369
-0.0110908
-1.79855e-12
-1.16751e-12
-3.64066e-09
-0.000822637
-0.0706789
-0.988005
-30.9658
-46.3694
-86.3772
-106.742
-75.1192
-31.168
-0.0502963
-4.02019e-09
-1.83326e-12
-2.6864e-12
-0.00444495
-26.3261
-54.6043
-108.924
-54.8913
-43.0769
-0.221752
-1.05153e-11
-3.77761e-12
-4.3993e-13
-4.3993e-13
-3.77761e-12
-1.05153e-11
-0.221752
-43.0769
-54.8913
-108.924
-54.6043
-26.3261
-0.00444495
-2.6864e-12
-1.83326e-12
-4.02019e-09
-0.0502963
-31.168
-75.1192
-106.742
-86.3772
-46.3694
-30.9658
-0.988005
-0.0706789
-0.000822637
-3.64066e-09
-1.16751e-12
-6.68968e-13
-3.34678e-12
-6.61663e-12
-9.22923e-12
-0.00360268
-22.5939
-64.0078
-96.5542
-89.8578
-46.6429
-3.46262
-3.09917e-05
-2.38009e-12
-1.27818e-12
-2.87874e-12
-0.00855464
-29.1967
-50.352
-95.3442
-49.5052
-44.0481
-0.19112
-9.60252e-12
-3.49428e-12
-3.91531e-13
-3.91531e-13
-3.49428e-12
-9.60252e-12
-0.19112
-44.0481
-49.5052
-95.3442
-50.352
-29.1967
-0.00855464
-2.87874e-12
-1.27818e-12
-2.38009e-12
-3.09917e-05
-3.46262
-46.6429
-89.8578
-96.5542
-64.0078
-22.5939
-0.00360268
-9.22923e-12
-6.61663e-12
-3.34678e-12
-6.68968e-13
-9.08733e-13
-3.43223e-12
-7.05453e-12
-2.20795e-09
-0.0861287
-44.1361
-82.3872
-95.0615
-74.5821
-31.6352
-0.0450305
-8.94428e-11
-1.22673e-12
-9.67373e-13
-3.19829e-12
-0.016041
-30.1483
-67.6671
-82.0057
-68.1591
-41.5308
-0.147236
-8.74539e-12
-3.3232e-12
-4.30415e-13
-4.30415e-13
-3.3232e-12
-8.74539e-12
-0.147236
-41.5308
-68.1591
-82.0057
-67.6671
-30.1483
-0.016041
-3.19829e-12
-9.67373e-13
-1.22673e-12
-8.94428e-11
-0.0450305
-31.6352
-74.5821
-95.0615
-82.3872
-44.1361
-0.0861287
-2.20795e-09
-7.05453e-12
-3.43223e-12
-9.08733e-13
-1.87061e-12
-4.7408e-12
-9.67419e-12
-0.00212413
-8.51642
-45.8179
-93.2398
-84.2357
-57.9918
-5.06342
-0.000102876
-2.3355e-12
-4.63695e-13
-9.91021e-13
-3.81599e-12
-0.0338076
-30.5946
-74.3117
-69.7659
-76.7153
-36.4362
-0.167146
-8.49425e-12
-3.49365e-12
-6.14583e-13
-6.14583e-13
-3.49365e-12
-8.49425e-12
-0.167146
-36.4362
-76.7153
-69.7659
-74.3117
-30.5946
-0.0338076
-3.81599e-12
-9.91021e-13
-4.63695e-13
-2.3355e-12
-0.000102876
-5.06342
-57.9918
-84.2357
-93.2398
-45.8179
-8.51642
-0.00212413
-9.67419e-12
-4.7408e-12
-1.87061e-12
-3.03436e-12
-6.87305e-12
-0.00104367
-5.68236
-32.3013
-42.5292
-67.643
-58.5613
-21.5668
-0.196995
-2.45635e-09
-1.22439e-12
-1.13634e-13
-1.49943e-12
-3.45353e-10
-0.312814
-22.3068
-37.5278
-53.4832
-35.6214
-21.5619
-3.72805
-7.0669e-05
-4.26942e-12
-9.34579e-13
-9.34579e-13
-4.26942e-12
-7.0669e-05
-3.72805
-21.5619
-35.6214
-53.4832
-37.5278
-22.3068
-0.312814
-3.45353e-10
-1.49943e-12
-1.13634e-13
-1.22439e-12
-2.45635e-09
-0.196995
-21.5668
-58.5613
-67.643
-42.5292
-32.3013
-5.68236
-0.00104367
-6.87305e-12
-3.03436e-12
-3.64743e-12
-6.36109e-09
-0.44431
-56.5243
-20.2142
-23.2281
-34.3956
-27.6246
-17.5688
-0.244978
-1.80819e-10
-7.59876e-13
-1.63219e-13
-2.71446e-12
-0.00065315
-13.6804
-20.2591
-27.5687
-24.9848
-28.3894
-23.3084
-42.4257
-0.105036
-5.29953e-10
-1.22537e-12
-1.22537e-12
-5.29953e-10
-0.105036
-42.4257
-23.3084
-28.3894
-24.9848
-27.5687
-20.2591
-13.6804
-0.00065315
-2.71446e-12
-1.63219e-13
-7.59876e-13
-1.80819e-10
-0.244978
-17.5688
-27.6246
-34.3956
-23.2281
-20.2142
-56.5243
-0.44431
-6.36109e-09
-3.64743e-12
-3.44313e-12
-0.000768918
-19.2545
-14.1055
-28.1129
-25.921
-20.4013
-27.605
-18.082
-11.5897
-0.000358703
-7.23095e-13
-4.44565e-13
-7.72508e-07
-1.06922
-24.8232
-27.0284
-28.0843
-20.2646
-25.5
-26.3637
-16.2142
-14.6677
-0.000493686
-1.30415e-12
-1.30415e-12
-0.000493686
-14.6677
-16.2142
-26.3637
-25.5
-20.2646
-28.0843
-27.0284
-24.8232
-1.06922
-7.72508e-07
-4.44565e-13
-7.23095e-13
-0.000358703
-11.5897
-18.082
-27.605
-20.4013
-25.921
-28.1129
-14.1055
-19.2545
-0.000768918
-3.44313e-12
-2.5235e-12
-0.193273
-53.3622
-21.3452
-31.186
-21.834
-16.8284
-32.2314
-26.0128
-42.6588
-0.176793
-9.08891e-13
-8.37072e-13
-0.0124498
-39.8852
-22.1699
-32.146
-25.9624
-11.8176
-20.5257
-31.5945
-24.3849
-54.2617
-0.17052
-1.13979e-12
-1.13979e-12
-0.17052
-54.2617
-24.3849
-31.5945
-20.5257
-11.8176
-25.9624
-32.146
-22.1699
-39.8852
-0.0124498
-8.37072e-13
-9.08891e-13
-0.176793
-42.6588
-26.0128
-32.2314
-16.8284
-21.834
-31.186
-21.3452
-53.3622
-0.193273
-2.5235e-12
-2.3007e-09
-2.71528
-40.3726
-18.8997
-29.6497
-12.9801
-15.8572
-20.6157
-16.8539
-47.0794
-3.96632
-2.28899e-10
-5.27343e-11
-1.69328
-59.017
-18.6703
-22.8024
-16.1138
-28.851
-18.0662
-21.9829
-15.2878
-46.1467
-3.80757
-2.62533e-10
-2.62533e-10
-3.80757
-46.1467
-15.2878
-21.9829
-18.0662
-28.851
-16.1138
-22.8024
-18.6703
-59.017
-1.69328
-5.27343e-11
-2.28899e-10
-3.96632
-47.0794
-16.8539
-20.6157
-15.8572
-12.9801
-29.6497
-18.8997
-40.3726
-2.71528
-2.3007e-09
-3.69507e-08
-8.60312
-56.1041
-26.7496
-37.4856
-22.6144
-2.76627
-39.9699
-59.8839
-98.6216
-4.06856
-5.51703e-10
-3.83222e-10
-3.83849
-110.819
-53.0825
-59.5596
-18.7219
-0.412695
-12.7788
-63.1399
-47.4489
-99.505
-4.50837
-7.14007e-10
-7.14007e-10
-4.50837
-99.505
-47.4489
-63.1399
-12.7788
-0.412695
-18.7219
-59.5596
-53.0825
-110.819
-3.83849
-3.83222e-10
-5.51703e-10
-4.06856
-98.6216
-59.8839
-39.9699
-2.76627
-22.6144
-37.4856
-26.7496
-56.1041
-8.60312
-3.69507e-08
-8.10822e-09
-2.49892
-98.6481
-65.7821
-8.30308
-0.0103246
-2.14372e-05
-0.0380806
-3.46166
-4.37768
-0.0296704
-5.78771e-12
-1.28481e-11
-0.0511886
-9.55942
-18.1907
-1.73315
-0.007559
-1.60397e-07
-0.00451637
-1.15302
-13.6952
-7.84019
-0.04936
-9.36492e-12
-9.36492e-12
-0.04936
-7.84019
-13.6952
-1.15302
-0.00451637
-1.60397e-07
-0.007559
-1.73315
-18.1907
-9.55942
-0.0511886
-1.28481e-11
-5.78771e-12
-0.0296704
-4.37768
-3.46166
-0.0380806
-2.14372e-05
-0.0103246
-8.30308
-65.7821
-98.6481
-2.49892
-8.10822e-09
-3.2578e-12
-0.00682881
-0.773588
-0.421659
-0.00145028
-1.17696e-10
-4.33172e-12
-4.83541e-12
-1.2271e-09
-1.64147e-09
-1.17538e-11
-2.14315e-12
-2.53914e-12
-2.12281e-09
-2.08104e-06
-5.71198e-06
-1.29673e-07
-5.20249e-12
-4.41454e-12
-5.00769e-12
-1.31449e-08
-6.00643e-07
-2.23959e-07
-2.44627e-10
-2.31507e-12
-2.31507e-12
-2.44627e-10
-2.23959e-07
-6.00643e-07
-1.31449e-08
-5.00769e-12
-4.41454e-12
-5.20249e-12
-1.29673e-07
-5.71198e-06
-2.08104e-06
-2.12281e-09
-2.53914e-12
-2.14315e-12
-1.17538e-11
-1.64147e-09
-1.2271e-09
-4.83541e-12
-4.33172e-12
-1.17696e-10
-0.00145028
-0.421659
-0.773588
-0.00682881
-3.2578e-12
-7.18009e-13
-1.63459e-12
-1.47524e-12
-9.6917e-13
-9.63303e-13
-8.42945e-13
-6.91798e-13
-6.74503e-13
-7.87327e-13
-8.86104e-13
-6.36337e-13
-2.74204e-13
-4.92228e-13
-1.1628e-12
-1.37439e-12
-1.0323e-12
-7.39996e-13
-5.92477e-13
-5.26599e-13
-5.75025e-13
-6.86686e-13
-8.7442e-13
-1.08394e-12
-8.64e-13
-3.49323e-13
-3.49323e-13
-8.64e-13
-1.08394e-12
-8.7442e-13
-6.86686e-13
-5.75025e-13
-5.26599e-13
-5.92477e-13
-7.39996e-13
-1.0323e-12
-1.37439e-12
-1.1628e-12
-4.92228e-13
-2.74204e-13
-6.36337e-13
-8.86104e-13
-7.87327e-13
-6.74503e-13
-6.91798e-13
-8.42945e-13
-9.63303e-13
-9.6917e-13
-1.47524e-12
-1.63459e-12
-7.18009e-13
-7.18009e-13
-1.63459e-12
-1.47524e-12
-9.6917e-13
-9.63303e-13
-8.42945e-13
-6.91798e-13
-6.74503e-13
-7.87327e-13
-8.86104e-13
-6.36337e-13
-2.74204e-13
-4.92228e-13
-1.1628e-12
-1.37439e-12
-1.0323e-12
-7.39996e-13
-5.92477e-13
-5.26599e-13
-5.75025e-13
-6.86686e-13
-8.7442e-13
-1.08394e-12
-8.64e-13
-3.49323e-13
-3.49323e-13
-8.64e-13
-1.08394e-12
-8.7442e-13
-6.86686e-13
-5.75025e-13
-5.26599e-13
-5.92477e-13
-7.39996e-13
-1.0323e-12
-1.37439e-12
-1.1628e-12
-4.92228e-13
-2.74204e-13
-6.36337e-13
-8.86104e-13
-7.87327e-13
-6.74503e-13
-6.91798e-13
-8.42945e-13
-9.63303e-13
-9.6917e-13
-1.47524e-12
-1.63459e-12
-7.18009e-13
-3.2578e-12
-0.00682881
-0.773588
-0.421659
-0.00145028
-1.17696e-10
-4.33172e-12
-4.83541e-12
-1.2271e-09
-1.64147e-09
-1.17538e-11
-2.14315e-12
-2.53914e-12
-2.12281e-09
-2.08104e-06
-5.71198e-06
-1.29673e-07
-5.20249e-12
-4.41454e-12
-5.00769e-12
-1.31449e-08
-6.00643e-07
-2.23959e-07
-2.44627e-10
-2.31507e-12
-2.31507e-12
-2.44627e-10
-2.23959e-07
-6.00643e-07
-1.31449e-08
-5.00769e-12
-4.41454e-12
-5.20249e-12
-1.29673e-07
-5.71198e-06
-2.08104e-06
-2.12281e-09
-2.53914e-12
-2.14315e-12
-1.17538e-11
-1.64147e-09
-1.2271e-09
-4.83541e-12
-4.33172e-12
-1.17696e-10
-0.00145028
-0.421659
-0.773588
-0.00682881
-3.2578e-12
-8.10822e-09
-2.49892
-98.6481
-65.7821
-8.30308
-0.0103246
-2.14372e-05
-0.0380806
-3.46166
-4.37768
-0.0296704
-5.78771e-12
-1.28481e-11
-0.0511886
-9.55942
-18.1907
-1.73315
-0.007559
-1.60397e-07
-0.00451637
-1.15302
-13.6952
-7.84019
-0.04936
-9.36492e-12
-9.36492e-12
-0.04936
-7.84019
-13.6952
-1.15302
-0.00451637
-1.60397e-07
-0.007559
-1.73315
-18.1907
-9.55942
-0.0511886
-1.28481e-11
-5.78771e-12
-0.0296704
-4.37768
-3.46166
-0.0380806
-2.14372e-05
-0.0103246
-8.30308
-65.7821
-98.6481
-2.49892
-8.10822e-09
-3.69507e-08
-8.60312
-56.1041
-26.7496
-37.4856
-22.6144
-2.76627
-39.9699
-59.8839
-98.6216
-4.06856
-5.51703e-10
-3.83222e-10
-3.83849
-110.819
-53.0825
-59.5596
-18.7219
-0.412695
-12.7788
-63.1399
-47.4489
-99.505
-4.50837
-7.14007e-10
-7.14007e-10
-4.50837
-99.505
-47.4489
-63.1399
-12.7788
-0.412695
-18.7219
-59.5596
-53.0825
-110.819
-3.83849
-3.83222e-10
-5.51703e-10
-4.06856
-98.6216
-59.8839
-39.9699
-2.76627
-22.6144
-37.4856
-26.7496
-56.1041
-8.60312
-3.69507e-08
-2.3007e-09
-2.71528
-40.3726
-18.8997
-29.6497
-12.9801
-15.8572
-20.6157
-16.8539
-47.0794
-3.96632
-2.28899e-10
-5.27343e-11
-1.69328
-59.017
-18.6703
-22.8024
-16.1138
-28.851
-18.0662
-21.9829
-15.2878
-46.1467
-3.80757
-2.62533e-10
-2.62533e-10
-3.80757
-46.1467
-15.2878
-21.9829
-18.0662
-28.851
-16.1138
-22.8024
-18.6703
-59.017
-1.69328
-5.27343e-11
-2.28899e-10
-3.96632
-47.0794
-16.8539
-20.6157
-15.8572
-12.9801
-29.6497
-18.8997
-40.3726
-2.71528
-2.3007e-09
-2.5235e-12
-0.193273
-53.3622
-21.3452
-31.186
-21.834
-16.8284
-32.2314
-26.0128
-42.6588
-0.176793
-9.08891e-13
-8.37072e-13
-0.0124498
-39.8852
-22.1699
-32.146
-25.9624
-11.8176
-20.5257
-31.5945
-24.3849
-54.2617
-0.17052
-1.13979e-12
-1.13979e-12
-0.17052
-54.2617
-24.3849
-31.5945
-20.5257
-11.8176
-25.9624
-32.146
-22.1699
-39.8852
-0.0124498
-8.37072e-13
-9.08891e-13
-0.176793
-42.6588
-26.0128
-32.2314
-16.8284
-21.834
-31.186
-21.3452
-53.3622
-0.193273
-2.5235e-12
-3.44313e-12
-0.000768918
-19.2545
-14.1055
-28.1129
-25.921
-20.4013
-27.605
-18.082
-11.5897
-0.000358703
-7.23095e-13
-4.44565e-13
-7.72508e-07
-1.06922
-24.8232
-27.0284
-28.0843
-20.2646
-25.5
-26.3637
-16.2142
-14.6677
-0.000493686
-1.30415e-12
-1.30415e-12
-0.000493686
-14.6677
-16.2142
-26.3637
-25.5
-20.2646
-28.0843
-27.0284
-24.8232
-1.06922
-7.72508e-07
-4.44565e-13
-7.23095e-13
-0.000358703
-11.5897
-18.082
-27.605
-20.4013
-25.921
-28.1129
-14.1055
-19.2545
-0.000768918
-3.44313e-12
-3.64743e-12
-6.36109e-09
-0.44431
-56.5243
-20.2142
-23.2281
-34.3956
-27.6246
-17.5688
-0.244978
-1.80819e-10
-7.59876e-13
-1.63219e-13
-2.71446e-12
-0.00065315
-13.6804
-20.2591
-27.5687
-24.9848
-28.3894
-23.3084
-42.4257
-0.105036
-5.29953e-10
-1.22537e-12
-1.22537e-12
-5.29953e-10
-0.105036
-42.4257
-23.3084
-28.3894
-24.9848
-27.5687
-20.2591
-13.6804
-0.00065315
-2.71446e-12
-1.63219e-13
-7.59876e-13
-1.80819e-10
-0.244978
-17.5688
-27.6246
-34.3956
-23.2281
-20.2142
-56.5243
-0.44431
-6.36109e-09
-3.64743e-12
-3.03436e-12
-6.87305e-12
-0.00104367
-5.68236
-32.3013
-42.5292
-67.643
-58.5613
-21.5668
-0.196995
-2.45635e-09
-1.22439e-12
-1.13634e-13
-1.49943e-12
-3.45353e-10
-0.312814
-22.3068
-37.5278
-53.4832
-35.6214
-21.5619
-3.72805
-7.0669e-05
-4.26942e-12
-9.34579e-13
-9.34579e-13
-4.26942e-12
-7.0669e-05
-3.72805
-21.5619
-35.6214
-53.4832
-37.5278
-22.3068
-0.312814
-3.45353e-10
-1.49943e-12
-1.13634e-13
-1.22439e-12
-2.45635e-09
-0.196995
-21.5668
-58.5613
-67.643
-42.5292
-32.3013
-5.68236
-0.00104367
-6.87305e-12
-3.03436e-12
-1.87061e-12
-4.7408e-12
-9.67419e-12
-0.00212413
-8.51642
-45.8179
-93.2398
-84.2357
-57.9918
-5.06342
-0.000102876
-2.3355e-12
-4.63695e-13
-9.91021e-13
-3.81599e-12
-0.0338076
-30.5946
-74.3117
-69.7659
-76.7153
-36.4362
-0.167146
-8.49425e-12
-3.49365e-12
-6.14583e-13
-6.14583e-13
-3.49365e-12
-8.49425e-12
-0.167146
-36.4362
-76.7153
-69.7659
-74.3117
-30.5946
-0.0338076
-3.81599e-12
-9.91021e-13
-4.63695e-13
-2.3355e-12
-0.000102876
-5.06342
-57.9918
-84.2357
-93.2398
-45.8179
-8.51642
-0.00212413
-9.67419e-12
-4.7408e-12
-1.87061e-12
-9.08733e-13
-3.43223e-12
-7.05453e-12
-2.20795e-09
-0.0861287
-44.1361
-82.3872
-95.0615
-74.5821
-31.6352
-0.0450305
-8.94428e-11
-1.22673e-12
-9.67373e-13
-3.19829e-12
-0.016041
-30.1483
-67.6671
-82.0057
-68.1591
-41.5308
-0.147236
-8.74539e-12
-3.3232e-12
-4.30415e-13
-4.30415e-13
-3.3232e-12
-8.74539e-12
-0.147236
-41.5308
-68.1591
-82.0057
-67.6671
-30.1483
-0.016041
-3.19829e-12
-9.67373e-13
-1.22673e-12
-8.94428e-11
-0.0450305
-31.6352
-74.5821
-95.0615
-82.3872
-44.1361
-0.0861287
-2.20795e-09
-7.05453e-12
-3.43223e-12
-9.08733e-13
-6.68968e-13
-3.34678e-12
-6.61663e-12
-9.22923e-12
-0.00360268
-22.5939
-64.0078
-96.5542
-89.8578
-46.6429
-3.46262
-3.09917e-05
-2.38009e-12
-1.27818e-12
-2.87874e-12
-0.00855464
-29.1967
-50.352
-95.3442
-49.5052
-44.0481
-0.19112
-9.60252e-12
-3.49428e-12
-3.91531e-13
-3.91531e-13
-3.49428e-12
-9.60252e-12
-0.19112
-44.0481
-49.5052
-95.3442
-50.352
-29.1967
-0.00855464
-2.87874e-12
-1.27818e-12
-2.38009e-12
-3.09917e-05
-3.46262
-46.6429
-89.8578
-96.5542
-64.0078
-22.5939
-0.00360268
-9.22923e-12
-6.61663e-12
-3.34678e-12
-6.68968e-13
-1.16751e-12
-3.64066e-09
-0.000822637
-0.0706789
-0.988005
-30.9658
-46.3694
-86.3772
-106.742
-75.1192
-31.168
-0.0502963
-4.02019e-09
-1.83326e-12
-2.6864e-12
-0.00444495
-26.3261
-54.6043
-108.924
-54.8913
-43.0769
-0.221752
-1.05153e-11
-3.77761e-12
-4.3993e-13
-4.3993e-13
-3.77761e-12
-1.05153e-11
-0.221752
-43.0769
-54.8913
-108.924
-54.6043
-26.3261
-0.00444495
-2.6864e-12
-1.83326e-12
-4.02019e-09
-0.0502963
-31.168
-75.1192
-106.742
-86.3772
-46.3694
-30.9658
-0.988005
-0.0706789
-0.000822637
-3.64066e-09
-1.16751e-12
-1.79855e-12
-0.0110908
-7.40369
-54.4223
-78.7068
-114.907
-61.8064
-65.2642
-101.372
-75.5049
-47.7013
-8.88006
-0.000377137
-2.68469e-12
-2.5405e-12
-0.00345673
-22.5272
-62.5015
-122.733
-60.7286
-40.1828
-0.221382
-1.1179e-11
-4.0195e-12
-5.2013e-13
-5.2013e-13
-4.0195e-12
-1.1179e-11
-0.221382
-40.1828
-60.7286
-122.733
-62.5015
-22.5272
-0.00345673
-2.5405e-12
-2.68469e-12
-0.000377137
-8.88006
-47.7013
-75.5049
-101.372
-65.2642
-61.8064
-114.907
-78.7068
-54.4223
-7.40369
-0.0110908
-1.79855e-12
-3.86826e-11
-1.30398
-90.9938
-87.178
-113.858
-135.095
-90.4423
-51.6038
-80.1566
-111.345
-62.0445
-27.4299
-1.08786
-4.59564e-06
-2.34666e-12
-0.0205772
-20.7913
-70.676
-135.104
-65.2697
-38.5576
-0.213742
-1.1409e-11
-4.13457e-12
-6.05537e-13
-6.05537e-13
-4.13457e-12
-1.1409e-11
-0.213742
-38.5576
-65.2697
-135.104
-70.676
-20.7913
-0.0205772
-2.34666e-12
-4.59564e-06
-1.08786
-27.4299
-62.0445
-111.345
-80.1566
-51.6038
-90.4423
-135.095
-113.858
-87.178
-90.9938
-1.30398
-3.86826e-11
-5.5218e-11
-1.45702
-100.437
-88.9264
-132.757
-148.05
-115.036
-51.1548
-73.7849
-104.542
-112.687
-58.0726
-19.1976
-0.158461
-2.80363e-07
-0.236574
-37.5723
-74.9489
-136.234
-65.7588
-38.9056
-0.196623
-1.11229e-11
-4.09932e-12
-7.02536e-13
-7.02536e-13
-4.09932e-12
-1.11229e-11
-0.196623
-38.9056
-65.7588
-136.234
-74.9489
-37.5723
-0.236574
-2.80363e-07
-0.158461
-19.1976
-58.0726
-112.687
-104.542
-73.7849
-51.1548
-115.036
-148.05
-132.757
-88.9264
-100.437
-1.45702
-5.5218e-11
-3.15012e-12
-0.0157626
-13.8083
-88.7923
-85.5726
-56.5871
-35.2923
-26.4943
-42.0358
-103.958
-110.143
-110.947
-54.6916
-14.1507
-0.0442709
-1.07418
-49.9091
-76.7593
-124.487
-62.0084
-40.7178
-0.162516
-1.03575e-11
-3.95399e-12
-8.51016e-13
-8.51016e-13
-3.95399e-12
-1.03575e-11
-0.162516
-40.7178
-62.0084
-124.487
-76.7593
-49.9091
-1.07418
-0.0442709
-14.1507
-54.6916
-110.947
-110.143
-103.958
-42.0358
-26.4943
-35.2923
-56.5871
-85.5726
-88.7923
-13.8083
-0.0157626
-3.15012e-12
-2.07195e-12
-1.46818e-07
-0.0050323
-0.189297
-0.202448
-0.0270283
-0.00827584
-2.16912
-32.3881
-63.3938
-113.603
-109.46
-104.225
-49.8247
-13.9675
-6.72853
-53.4823
-82.9203
-113.427
-57.5792
-41.4415
-0.110807
-9.30356e-12
-3.81168e-12
-1.13033e-12
-1.13033e-12
-3.81168e-12
-9.30356e-12
-0.110807
-41.4415
-57.5792
-113.427
-82.9203
-53.4823
-6.72853
-13.9675
-49.8247
-104.225
-109.46
-113.603
-63.3938
-32.3881
-2.16912
-0.00827584
-0.0270283
-0.202448
-0.189297
-0.0050323
-1.46818e-07
-2.07195e-12
-6.80032e-13
-2.51142e-12
-4.41353e-12
-5.13658e-12
-5.33218e-12
-5.98701e-12
-7.77296e-12
-0.00105017
-16.3419
-45.6958
-73.0201
-108.12
-105.015
-92.0518
-55.7689
-27.2726
-51.6451
-82.6413
-104.101
-54.1854
-38.3345
-0.0593684
-8.31012e-12
-3.85816e-12
-1.66737e-12
-1.66737e-12
-3.85816e-12
-8.31012e-12
-0.0593684
-38.3345
-54.1854
-104.101
-82.6413
-51.6451
-27.2726
-55.7689
-92.0518
-105.015
-108.12
-73.0201
-45.6958
-16.3419
-0.00105017
-7.77296e-12
-5.98701e-12
-5.33218e-12
-5.13658e-12
-4.41353e-12
-2.51142e-12
-6.80032e-13
-6.70561e-13
-1.98596e-12
-3.07635e-12
-3.28394e-12
-3.30599e-12
-3.75925e-12
-4.89299e-12
-1.80472e-08
-0.0357886
-29.6229
-45.3506
-96.3512
-104.015
-96.4987
-73.2394
-37.4975
-39.0314
-73.649
-97.7112
-53.7577
-32.7482
-0.0384915
-7.70177e-12
-4.3169e-12
-2.63734e-12
-2.63734e-12
-4.3169e-12
-7.70177e-12
-0.0384915
-32.7482
-53.7577
-97.7112
-73.649
-39.0314
-37.4975
-73.2394
-96.4987
-104.015
-96.3512
-45.3506
-29.6229
-0.0357886
-1.80472e-08
-4.89299e-12
-3.75925e-12
-3.30599e-12
-3.28394e-12
-3.07635e-12
-1.98596e-12
-6.70561e-13
-2.532e-12
-4.29449e-12
-9.40757e-11
-2.06629e-10
-8.62183e-12
-4.22244e-12
-4.18698e-12
-4.60816e-12
-1.88589e-06
-0.140268
-25.2276
-60.6623
-110.195
-98.2624
-84.7599
-65.5603
-62.1621
-81.9117
-106.682
-61.8649
-27.2396
-0.199804
-7.44406e-12
-5.45417e-12
-4.26413e-12
-4.26413e-12
-5.45417e-12
-7.44406e-12
-0.199804
-27.2396
-61.8649
-106.682
-81.9117
-62.1621
-65.5603
-84.7599
-98.2624
-110.195
-60.6623
-25.2276
-0.140268
-1.88589e-06
-4.60816e-12
-4.18698e-12
-4.22244e-12
-8.62183e-12
-2.06629e-10
-9.40757e-11
-4.29449e-12
-2.532e-12
-5.08372e-12
-0.0103876
-1.32012
-1.87883
-0.11576
-0.000844214
-7.95926e-09
-5.32992e-12
-4.27266e-12
-1.71511e-05
-2.59751
-47.8082
-74.4587
-103.804
-96.0766
-87.9769
-85.1898
-92.9178
-107.068
-68.6525
-45.88
-2.68475
-7.21576e-08
-7.94587e-12
-6.81216e-12
-6.81216e-12
-7.94587e-12
-7.21576e-08
-2.68475
-45.88
-68.6525
-107.068
-92.9178
-85.1898
-87.9769
-96.0766
-103.804
-74.4587
-47.8082
-2.59751
-1.71511e-05
-4.27266e-12
-5.32992e-12
-7.95926e-09
-0.000844214
-0.11576
-1.87883
-1.32012
-0.0103876
-5.08372e-12
-5.62404e-10
-1.10936
-101.863
-98.6809
-65.8737
-5.67052
-0.27096
-0.14306
-0.142374
-0.142675
-1.08329
-18.5683
-47.6307
-94.29
-111.196
-109.935
-103.905
-100.463
-100.671
-84.3229
-64.5915
-9.77395
-0.000298844
-4.44583e-07
-3.72577e-08
-3.72577e-08
-4.44583e-07
-0.000298844
-9.77395
-64.5915
-84.3229
-100.671
-100.463
-103.905
-109.935
-111.196
-94.29
-47.6307
-18.5683
-1.08329
-0.142675
-0.142374
-0.14306
-0.27096
-5.67052
-65.8737
-98.6809
-101.863
-1.10936
-5.62404e-10
-3.72826e-09
-1.72337
-105.228
-105.993
-131.076
-88.1626
-67.8207
-55.2747
-53.3895
-53.0787
-56.6053
-53.8044
-20.4159
-76.3695
-156.707
-144.516
-124.454
-105.693
-88.9377
-70.364
-42.1313
-10.2392
-0.485449
-4.27666
-1.60019
-1.60019
-4.27666
-0.485449
-10.2392
-42.1313
-70.364
-88.9377
-105.693
-124.454
-144.516
-156.707
-76.3695
-20.4159
-53.8044
-56.6053
-53.0787
-53.3895
-55.2747
-67.8207
-88.1626
-131.076
-105.993
-105.228
-1.72337
-3.72826e-09
-3.16626e-09
-0.521018
-130.506
-149.317
-169.86
-178.034
-221.678
-195.036
-184.985
-175.779
-171.422
-144.697
-62.4609
-161.101
-56116.3
-21921.2
-10126.2
-7470.97
-5626.57
-3864.92
-2114.2
-809.3
-284.138
-111.544
-7.28904
-7.28904
-111.544
-284.138
-809.3
-2114.2
-3864.92
-5626.57
-7470.97
-10126.2
-21921.2
-56116.3
-161.101
-62.4609
-144.697
-171.422
-175.779
-184.985
-195.036
-221.678
-178.034
-169.86
-149.317
-130.506
-0.521018
-3.16626e-09
