-1.29486e-10
-4.95248
-16.3211
-25.0724
-34.0639
-36.345
-46.8414
-49.399
-51.3756
-54.0556
-55.3969
-52.8216
-60.2564
-164.148
-56201.4
-21807.4
-9997.67
-7351.89
-5550.94
-3879.07
-2207.02
-878.125
-298.55
-114.72
-7.70106
-7.70106
-114.72
-298.55
-878.125
-2207.02
-3879.07
-5550.94
-7351.89
-9997.67
-21807.4
-56201.4
-164.148
-60.2564
-52.8216
-55.3969
-54.0556
-51.3756
-49.399
-46.8414
-36.345
-34.0639
-25.0724
-16.3211
-4.95248
-1.29486e-10
-3.05748e-10
-6.41061
-27.0295
-20.6486
-25.752
-18.9052
-18.3665
-18.8011
-20.4203
-22.3648
-23.3998
-19.951
-22.5452
-77.4487
-156.047
-142.594
-122.412
-103.419
-86.5746
-68.7241
-46.0344
-12.2985
-0.501792
-3.10426
-1.95463
-1.95463
-3.10426
-0.501792
-12.2985
-46.0344
-68.7241
-86.5746
-103.419
-122.412
-142.594
-156.047
-77.4487
-22.5452
-19.951
-23.3998
-22.3648
-20.4203
-18.8011
-18.3665
-18.9052
-25.752
-20.6486
-27.0295
-6.41061
-3.05748e-10
-9.8104e-11
-2.35039
-96.966
-35.8477
-50.6596
-14.0053
-0.962708
-0.49057
-0.425269
-0.386559
-1.77526
-17.1673
-45.1525
-92.268
-107.904
-107.652
-102.052
-97.6659
-95.384
-86.5737
-54.9809
-10.834
-0.000318213
-7.74809e-07
-5.86774e-08
-5.86774e-08
-7.74809e-07
-0.000318213
-10.834
-54.9809
-86.5737
-95.384
-97.6659
-102.052
-107.652
-107.904
-92.268
-45.1525
-17.1673
-1.77526
-0.386559
-0.425269
-0.49057
-0.962708
-14.0053
-50.6596
-35.8477
-96.966
-2.35039
-9.8104e-11
-6.88557e-12
-0.0140692
-2.6627
-4.36429
-0.260222
-0.000610039
-6.02909e-10
-3.29267e-12
-2.49799e-12
-1.69665e-05
-2.39926
-43.185
-71.8843
-94.6409
-91.0961
-86.0741
-84.7179
-91.1004
-102.704
-69.5468
-47.1828
-3.26856
-7.06253e-08
-7.63066e-12
-6.53413e-12
-6.53413e-12
-7.63066e-12
-7.06253e-08
-3.26856
-47.1828
-69.5468
-102.704
-91.1004
-84.7179
-86.0741
-91.0961
-94.6409
-71.8843
-43.185
-2.39926
-1.69665e-05
-2.49799e-12
-3.29267e-12
-6.02909e-10
-0.000610039
-0.260222
-4.36429
-2.6627
-0.0140692
-6.88557e-12
-3.74519e-12
-5.21068e-12
-2.55075e-11
-4.52124e-11
-3.76108e-12
-2.34677e-12
-1.75977e-12
-1.94731e-12
-3.43972e-06
-0.182416
-26.2095
-62.6501
-103.431
-90.4411
-78.8848
-65.9918
-64.4515
-81.5584
-105.232
-62.2631
-27.8882
-0.235354
-7.25385e-12
-5.24685e-12
-4.05645e-12
-4.05645e-12
-5.24685e-12
-7.25385e-12
-0.235354
-27.8882
-62.2631
-105.232
-81.5584
-64.4515
-65.9918
-78.8848
-90.4411
-103.431
-62.6501
-26.2095
-0.182416
-3.43972e-06
-1.94731e-12
-1.75977e-12
-2.34677e-12
-3.76108e-12
-4.52124e-11
-2.55075e-11
-5.21068e-12
-3.74519e-12
-9.93991e-13
-1.79451e-12
-2.12965e-12
-1.53309e-12
-9.30161e-13
-8.44155e-13
-1.40763e-12
-1.35059e-07
-0.055801
-21.3642
-40.1558
-97.8657
-95.5605
-86.7716
-72.5813
-35.2804
-42.279
-71.6897
-93.6862
-51.7544
-28.2963
-0.0548407
-7.68622e-12
-4.22291e-12
-2.50891e-12
-2.50891e-12
-4.22291e-12
-7.68622e-12
-0.0548407
-28.2963
-51.7544
-93.6862
-71.6897
-42.279
-35.2804
-72.5813
-86.7716
-95.5605
-97.8657
-40.1558
-21.3642
-0.055801
-1.35059e-07
-1.40763e-12
-8.44155e-13
-9.30161e-13
-1.53309e-12
-2.12965e-12
-1.79451e-12
-9.93991e-13
-4.79564e-13
-1.97433e-12
-3.1783e-12
-3.09933e-12
-2.55957e-12
-2.28615e-12
-4.65187e-12
-0.001956
-15.5115
-41.8231
-75.3922
-98.2373
-95.9904
-90.7025
-42.1717
-27.635
-39.9625
-81.1656
-93.6563
-49.8455
-31.9588
-0.097039
-8.51015e-12
-3.87974e-12
-1.61396e-12
-1.61396e-12
-3.87974e-12
-8.51015e-12
-0.097039
-31.9588
-49.8455
-93.6563
-81.1656
-39.9625
-27.635
-42.1717
-90.7025
-95.9904
-98.2373
-75.3922
-41.8231
-15.5115
-0.001956
-4.65187e-12
-2.28615e-12
-2.55957e-12
-3.09933e-12
-3.1783e-12
-1.97433e-12
-4.79564e-13
-1.7093e-12
-5.6263e-08
-0.00783456
-0.499071
-0.542304
-0.0561227
-0.0103008
-1.92625
-38.8433
-64.5874
-106.73
-102.374
-99.8743
-48.7703
-14.5151
-7.25043
-44.5566
-84.8704
-100.879
-52.0858
-32.5757
-0.19224
-9.64292e-12
-3.92072e-12
-1.1352e-12
-1.1352e-12
-3.92072e-12
-9.64292e-12
-0.19224
-32.5757
-52.0858
-100.879
-84.8704
-44.5566
-7.25043
-14.5151
-48.7703
-99.8743
-102.374
-106.73
-64.5874
-38.8433
-1.92625
-0.0103008
-0.0561227
-0.542304
-0.499071
-0.00783456
-5.6263e-08
-1.7093e-12
-2.65208e-12
-0.0234291
-28.0707
-52.7755
-28.9985
-23.7067
-15.9761
-25.6183
-53.1932
-106.683
-105.873
-105.12
-52.3076
-13.9733
-0.0523817
-1.31483
-48.9734
-76.8666
-113.104
-56.6712
-31.6039
-0.285304
-1.07554e-11
-4.12008e-12
-8.95914e-13
-8.95914e-13
-4.12008e-12
-1.07554e-11
-0.285304
-31.6039
-56.6712
-113.104
-76.8666
-48.9734
-1.31483
-0.0523817
-13.9733
-52.3076
-105.12
-105.873
-106.683
-53.1932
-25.6183
-15.9761
-23.7067
-28.9985
-52.7755
-28.0707
-0.0234291
-2.65208e-12
-1.99587e-11
-2.62638
-60.7771
-19.525
-29.4742
-31.0735
-29.6118
-40.3248
-88.1512
-97.9157
-105.409
-54.378
-18.2041
-0.150299
-2.74564e-07
-0.291792
-43.0464
-73.397
-127.961
-61.5911
-31.2258
-0.335372
-1.15783e-11
-4.31768e-12
-7.77087e-13
-7.77087e-13
-4.31768e-12
-1.15783e-11
-0.335372
-31.2258
-61.5911
-127.961
-73.397
-43.0464
-0.291792
-2.74564e-07
-0.150299
-18.2041
-54.378
-105.409
-97.9157
-88.1512
-40.3248
-29.6118
-31.0735
-29.4742
-19.525
-60.7771
-2.62638
-1.99587e-11
-2.58153e-11
-2.69563
-84.0802
-22.4856
-25.7486
-29.3655
-27.567
-47.2972
-73.16
-93.0079
-55.9956
-25.1569
-0.643679
-2.62487e-06
-2.3906e-12
-0.0276463
-22.6873
-69.6615
-131.018
-62.736
-31.6365
-0.358523
-1.20157e-11
-4.43243e-12
-7.08646e-13
-7.08646e-13
-4.43243e-12
-1.20157e-11
-0.358523
-31.6365
-62.736
-131.018
-69.6615
-22.6873
-0.0276463
-2.3906e-12
-2.62487e-06
-0.643679
-25.1569
-55.9956
-93.0079
-73.16
-47.2972
-27.567
-29.3655
-25.7486
-22.4856
-84.0802
-2.69563
-2.58153e-11
-4.6835e-12
-0.0183193
-12.1218
-55.2794
-25.8113
-22.1218
-22.7197
-38.9962
-70.7082
-54.4642
-40.2
-5.06707
-4.76789e-05
-2.77141e-12
-2.73551e-12
-0.00528412
-21.2144
-61.7311
-120.398
-59.1886
-32.6658
-0.376614
-1.20854e-11
-4.44282e-12
-6.5409e-13
-6.5409e-13
-4.44282e-12
-1.20854e-11
-0.376614
-32.6658
-59.1886
-120.398
-61.7311
-21.2144
-0.00528412
-2.73551e-12
-2.77141e-12
-4.76789e-05
-5.06707
-40.2
-54.4642
-70.7082
-38.9962
-22.7197
-22.1218
-25.8113
-55.2794
-12.1218
-0.0183193
-4.6835e-12
-4.01508e-12
-6.52106e-10
-0.00029695
-0.0540713
-2.32939
-16.7578
-33.8712
-52.012
-68.3544
-28.3707
-28.8895
-0.0174876
-4.25408e-11
-2.05569e-12
-3.13347e-12
-0.00679159
-25.8002
-54.279
-107.296
-53.6432
-35.4298
-0.381248
-1.1888e-11
-4.36802e-12
-5.98583e-13
-5.98583e-13
-4.36802e-12
-1.1888e-11
-0.381248
-35.4298
-53.6432
-107.296
-54.279
-25.8002
-0.00679159
-3.13347e-12
-2.05569e-12
-4.25408e-11
-0.0174876
-28.8895
-28.3707
-68.3544
-52.012
-33.8712
-16.7578
-2.32939
-0.0540713
-0.00029695
-6.52106e-10
-4.01508e-12
-2.39842e-12
-4.71319e-12
-7.84219e-12
-9.40019e-12
-0.0197865
-25.3357
-32.4436
-76.1396
-49.5876
-35.6037
-2.39727
-5.99217e-06
-2.85078e-12
-1.70739e-12
-3.7009e-12
-0.0121612
-31.0578
-47.1015
-93.5559
-47.2153
-37.7268
-0.331559
-1.15825e-11
-4.2533e-12
-5.42515e-13
-5.42515e-13
-4.2533e-12
-1.15825e-11
-0.331559
-37.7268
-47.2153
-93.5559
-47.1015
-31.0578
-0.0121612
-3.7009e-12
-1.70739e-12
-2.85078e-12
-5.99217e-06
-2.39727
-35.6037
-49.5876
-76.1396
-32.4436
-25.3357
-0.0197865
-9.40019e-12
-7.84219e-12
-4.71319e-12
-2.39842e-12
-1.17896e-12
-3.56105e-12
-7.01765e-12
-1.73281e-08
-0.32584
-24.389
-45.3705
-78.1857
-31.103
-36.9048
-0.0211547
-5.36117e-12
-1.94945e-12
-1.60658e-12
-4.47971e-12
-0.0211499
-34.2208
-39.7635
-79.4565
-40.5299
-36.0472
-0.247433
-1.12673e-11
-4.14833e-12
-4.95644e-13
-4.95644e-13
-4.14833e-12
-1.12673e-11
-0.247433
-36.0472
-40.5299
-79.4565
-39.7635
-34.2208
-0.0211499
-4.47971e-12
-1.60658e-12
-1.94945e-12
-5.36117e-12
-0.0211547
-36.9048
-31.103
-78.1857
-45.3705
-24.389
-0.32584
-1.73281e-08
-7.01765e-12
-3.56105e-12
-1.17896e-12
-7.44266e-13
-3.75612e-12
-3.93925e-11
-0.00154193
-13.8578
-34.9777
-56.9235
-58.3242
-40.1006
-7.92068
-4.28426e-05
-4.06285e-12
-1.29742e-12
-1.70422e-12
-5.35441e-12
-0.0342452
-38.8931
-33.8749
-66.4691
-35.4218
-40.032
-0.201799
-1.86e-11
-4.11768e-12
-4.72681e-13
-4.72681e-13
-4.11768e-12
-1.86e-11
-0.201799
-40.032
-35.4218
-66.4691
-33.8749
-38.8931
-0.0342452
-5.35441e-12
-1.70422e-12
-1.29742e-12
-4.06285e-12
-4.28426e-05
-7.92068
-40.1006
-58.3242
-56.9235
-34.9777
-13.8578
-0.00154193
-3.93925e-11
-3.75612e-12
-7.44266e-13
-8.78478e-13
-4.8627e-12
-0.00114426
-2.81706
-71.6095
-50.495
-58.0723
-38.6649
-31.1038
-0.230528
-6.71166e-11
-2.85564e-12
-8.2653e-13
-1.96182e-12
-8.4833e-09
-0.175269
-51.3202
-57.5322
-50.0654
-56.8959
-53.4423
-2.46021
-0.000143508
-4.2908e-12
-4.90539e-13
-4.90539e-13
-4.2908e-12
-0.000143508
-2.46021
-53.4423
-56.8959
-50.0654
-57.5322
-51.3202
-0.175269
-8.4833e-09
-1.96182e-12
-8.2653e-13
-2.85564e-12
-6.71166e-11
-0.230528
-31.1038
-38.6649
-58.0723
-50.495
-71.6095
-2.81706
-0.00114426
-4.8627e-12
-8.78478e-13
-1.15638e-12
-2.65527e-08
-0.219326
-67.551
-106.559
-104.493
-75.7527
-85.2335
-61.7786
-0.100279
-2.69213e-09
-2.05306e-12
-5.74391e-13
-2.46075e-12
-0.000477446
-5.79589
-110.895
-133.69
-98.0187
-132.617
-122.624
-46.8227
-0.0557142
-4.16e-09
-5.57973e-13
-5.57973e-13
-4.16e-09
-0.0557142
-46.8227
-122.624
-132.617
-98.0187
-133.69
-110.895
-5.79589
-0.000477446
-2.46075e-12
-5.74391e-13
-2.05306e-12
-2.69213e-09
-0.100279
-61.7786
-85.2335
-75.7527
-104.493
-106.559
-67.551
-0.219326
-2.65527e-08
-1.15638e-12
-1.32264e-12
-0.00110874
-8.09324
-96.976
-161.748
-135.195
-102.502
-148.721
-123.628
-4.80477
-0.000526855
-1.62276e-12
-5.74827e-13
-4.36517e-06
-0.343275
-76.049
-153.043
-152.179
-109.26
-141.732
-150.394
-106.693
-5.62593
-0.000753754
-6.88481e-13
-6.88481e-13
-0.000753754
-5.62593
-106.693
-150.394
-141.732
-109.26
-152.179
-153.043
-76.049
-0.343275
-4.36517e-06
-5.74827e-13
-1.62276e-12
-0.000526855
-4.80477
-123.628
-148.721
-102.502
-135.195
-161.748
-96.976
-8.09324
-0.00110874
-1.32264e-12
-2.00664e-12
-0.131954
-57.5888
-135.551
-182.699
-135.483
-106.863
-193.874
-150.222
-68.0848
-0.123365
-3.60909e-12
-9.38182e-13
-0.0174115
-22.1828
-137.9
-181.799
-163.298
-83.5717
-132.422
-184.988
-146.128
-59.2072
-0.141406
-1.81405e-12
-1.81405e-12
-0.141406
-59.2072
-146.128
-184.988
-132.422
-83.5717
-163.298
-181.799
-137.9
-22.1828
-0.0174115
-9.38182e-13
-3.60909e-12
-0.123365
-68.0848
-150.222
-193.874
-106.863
-135.483
-182.699
-135.551
-57.5888
-0.131954
-2.00664e-12
-6.0096e-09
-1.54817
-92.9516
-96.5193
-166.91
-96.5664
-74.7507
-129.136
-63.856
-89.7141
-3.10206
-6.34672e-10
-7.00868e-11
-1.98446
-70.3718
-60.076
-127.374
-98.1827
-44.4121
-91.9075
-129.075
-60.808
-79.4625
-3.18979
-5.63928e-10
-5.63928e-10
-3.18979
-79.4625
-60.808
-129.075
-91.9075
-44.4121
-98.1827
-127.374
-60.076
-70.3718
-1.98446
-7.00868e-11
-6.34672e-10
-3.10206
-89.7141
-63.856
-129.136
-74.7507
-96.5664
-166.91
-96.5193
-92.9516
-1.54817
-6.0096e-09
-9.45843e-08
-6.42478
-88.5748
-65.3001
-94.8931
-10.941
-1.17268
-28.1092
-82.2156
-107.445
-3.94363
-1.09358e-09
-4.43506e-10
-4.94466
-98.8844
-68.6541
-84.3105
-9.75846
-0.224344
-7.00893
-85.0113
-76.4607
-115.187
-4.23177
-1.36811e-09
-1.36811e-09
-4.23177
-115.187
-76.4607
-85.0113
-7.00893
-0.224344
-9.75846
-84.3105
-68.6541
-98.8844
-4.94466
-4.43506e-10
-1.09358e-09
-3.94363
-107.445
-82.2156
-28.1092
-1.17268
-10.941
-94.8931
-65.3001
-88.5748
-6.42478
-9.45843e-08
-1.60944e-08
-2.69328
-93.7413
-67.5573
-5.59234
-0.00905513
-0.000102994
-0.0549656
-3.93075
-4.80539
-0.0364766
-8.83458e-12
-1.32531e-11
-0.0744493
-12.059
-19.2353
-1.62371
-0.00927181
-8.44548e-07
-0.00584624
-1.03956
-12.6923
-7.7315
-0.0546083
-1.54889e-11
-1.54889e-11
-0.0546083
-7.7315
-12.6923
-1.03956
-0.00584624
-8.44548e-07
-0.00927181
-1.62371
-19.2353
-12.059
-0.0744493
-1.32531e-11
-8.83458e-12
-0.0364766
-4.80539
-3.93075
-0.0549656
-0.000102994
-0.00905513
-5.59234
-67.5573
-93.7413
-2.69328
-1.60944e-08
-3.41775e-12
-0.00950931
-1.0557
-0.558397
-0.00192694
-3.50865e-10
-4.78952e-12
-5.43197e-12
-1.36775e-09
-1.82836e-09
-1.33694e-11
-2.36122e-12
-2.64218e-12
-1.91528e-09
-2.17168e-06
-6.35602e-06
-1.56095e-07
-5.40781e-12
-4.78749e-12
-5.24004e-12
-2.06445e-08
-9.10281e-07
-3.31219e-07
-3.38672e-10
-2.44695e-12
-2.44695e-12
-3.38672e-10
-3.31219e-07
-9.10281e-07
-2.06445e-08
-5.24004e-12
-4.78749e-12
-5.40781e-12
-1.56095e-07
-6.35602e-06
-2.17168e-06
-1.91528e-09
-2.64218e-12
-2.36122e-12
-1.33694e-11
-1.82836e-09
-1.36775e-09
-5.43197e-12
-4.78952e-12
-3.50865e-10
-0.00192694
-0.558397
-1.0557
-0.00950931
-3.41775e-12
-7.36073e-13
-1.64673e-12
-1.51189e-12
-9.64868e-13
-8.75979e-13
-7.82167e-13
-7.01585e-13
-7.18303e-13
-8.40133e-13
-9.45727e-13
-6.95509e-13
-3.07789e-13
-4.50428e-13
-1.03661e-12
-1.23919e-12
-9.59433e-13
-7.33818e-13
-6.16535e-13
-5.63322e-13
-6.00089e-13
-7.11335e-13
-9.09024e-13
-1.11084e-12
-8.71398e-13
-3.6265e-13
-3.6265e-13
-8.71398e-13
-1.11084e-12
-9.09024e-13
-7.11335e-13
-6.00089e-13
-5.63322e-13
-6.16535e-13
-7.33818e-13
-9.59433e-13
-1.23919e-12
-1.03661e-12
-4.50428e-13
-3.07789e-13
-6.95509e-13
-9.45727e-13
-8.40133e-13
-7.18303e-13
-7.01585e-13
-7.82167e-13
-8.75979e-13
-9.64868e-13
-1.51189e-12
-1.64673e-12
-7.36073e-13
-7.36073e-13
-1.64673e-12
-1.51189e-12
-9.64868e-13
-8.75979e-13
-7.82167e-13
-7.01585e-13
-7.18303e-13
-8.40133e-13
-9.45727e-13
-6.95509e-13
-3.07789e-13
-4.50428e-13
-1.03661e-12
-1.23919e-12
-9.59433e-13
-7.33818e-13
-6.16535e-13
-5.63322e-13
-6.00089e-13
-7.11335e-13
-9.09024e-13
-1.11084e-12
-8.71398e-13
-3.6265e-13
-3.6265e-13
-8.71398e-13
-1.11084e-12
-9.09024e-13
-7.11335e-13
-6.00089e-13
-5.63322e-13
-6.16535e-13
-7.33818e-13
-9.59433e-13
-1.23919e-12
-1.03661e-12
-4.50428e-13
-3.07789e-13
-6.95509e-13
-9.45727e-13
-8.40133e-13
-7.18303e-13
-7.01585e-13
-7.82167e-13
-8.75979e-13
-9.64868e-13
-1.51189e-12
-1.64673e-12
-7.36073e-13
-3.41775e-12
-0.00950931
-1.0557
-0.558397
-0.00192694
-3.50865e-10
-4.78952e-12
-5.43197e-12
-1.36775e-09
-1.82836e-09
-1.33694e-11
-2.36122e-12
-2.64218e-12
-1.91528e-09
-2.17168e-06
-6.35602e-06
-1.56095e-07
-5.40781e-12
-4.78749e-12
-5.24004e-12
-2.06445e-08
-9.10281e-07
-3.31219e-07
-3.38672e-10
-2.44695e-12
-2.44695e-12
-3.38672e-10
-3.31219e-07
-9.10281e-07
-2.06445e-08
-5.24004e-12
-4.78749e-12
-5.40781e-12
-1.56095e-07
-6.35602e-06
-2.17168e-06
-1.91528e-09
-2.64218e-12
-2.36122e-12
-1.33694e-11
-1.82836e-09
-1.36775e-09
-5.43197e-12
-4.78952e-12
-3.50865e-10
-0.00192694
-0.558397
-1.0557
-0.00950931
-3.41775e-12
-1.60944e-08
-2.69328
-93.7413
-67.5573
-5.59234
-0.00905513
-0.000102994
-0.0549656
-3.93075
-4.80539
-0.0364766
-8.83458e-12
-1.32531e-11
-0.0744493
-12.059
-19.2353
-1.62371
-0.00927181
-8.44548e-07
-0.00584624
-1.03956
-12.6923
-7.7315
-0.0546083
-1.54889e-11
-1.54889e-11
-0.0546083
-7.7315
-12.6923
-1.03956
-0.00584624
-8.44548e-07
-0.00927181
-1.62371
-19.2353
-12.059
-0.0744493
-1.32531e-11
-8.83458e-12
-0.0364766
-4.80539
-3.93075
-0.0549656
-0.000102994
-0.00905513
-5.59234
-67.5573
-93.7413
-2.69328
-1.60944e-08
-9.45843e-08
-6.42478
-88.5748
-65.3001
-94.8931
-10.941
-1.17268
-28.1092
-82.2156
-107.445
-3.94363
-1.09358e-09
-4.43506e-10
-4.94466
-98.8844
-68.6541
-84.3105
-9.75846
-0.224344
-7.00893
-85.0113
-76.4607
-115.187
-4.23177
-1.36811e-09
-1.36811e-09
-4.23177
-115.187
-76.4607
-85.0113
-7.00893
-0.224344
-9.75846
-84.3105
-68.6541
-98.8844
-4.94466
-4.43506e-10
-1.09358e-09
-3.94363
-107.445
-82.2156
-28.1092
-1.17268
-10.941
-94.8931
-65.3001
-88.5748
-6.42478
-9.45843e-08
-6.0096e-09
-1.54817
-92.9516
-96.5193
-166.91
-96.5664
-74.7507
-129.136
-63.856
-89.7141
-3.10206
-6.34672e-10
-7.00868e-11
-1.98446
-70.3718
-60.076
-127.374
-98.1827
-44.4121
-91.9075
-129.075
-60.808
-79.4625
-3.18979
-5.63928e-10
-5.63928e-10
-3.18979
-79.4625
-60.808
-129.075
-91.9075
-44.4121
-98.1827
-127.374
-60.076
-70.3718
-1.98446
-7.00868e-11
-6.34672e-10
-3.10206
-89.7141
-63.856
-129.136
-74.7507
-96.5664
-166.91
-96.5193
-92.9516
-1.54817
-6.0096e-09
-2.00664e-12
-0.131954
-57.5888
-135.551
-182.699
-135.483
-106.863
-193.874
-150.222
-68.0848
-0.123365
-3.60909e-12
-9.38182e-13
-0.0174115
-22.1828
-137.9
-181.799
-163.298
-83.5717
-132.422
-184.988
-146.128
-59.2072
-0.141406
-1.81405e-12
-1.81405e-12
-0.141406
-59.2072
-146.128
-184.988
-132.422
-83.5717
-163.298
-181.799
-137.9
-22.1828
-0.0174115
-9.38182e-13
-3.60909e-12
-0.123365
-68.0848
-150.222
-193.874
-106.863
-135.483
-182.699
-135.551
-57.5888
-0.131954
-2.00664e-12
-1.32264e-12
-0.00110874
-8.09324
-96.976
-161.748
-135.195
-102.502
-148.721
-123.628
-4.80477
-0.000526855
-1.62276e-12
-5.74827e-13
-4.36517e-06
-0.343275
-76.049
-153.043
-152.179
-109.26
-141.732
-150.394
-106.693
-5.62593
-0.000753754
-6.88481e-13
-6.88481e-13
-0.000753754
-5.62593
-106.693
-150.394
-141.732
-109.26
-152.179
-153.043
-76.049
-0.343275
-4.36517e-06
-5.74827e-13
-1.62276e-12
-0.000526855
-4.80477
-123.628
-148.721
-102.502
-135.195
-161.748
-96.976
-8.09324
-0.00110874
-1.32264e-12
-1.15638e-12
-2.65527e-08
-0.219326
-67.551
-106.559
-104.493
-75.7527
-85.2335
-61.7786
-0.100279
-2.69213e-09
-2.05306e-12
-5.74391e-13
-2.46075e-12
-0.000477446
-5.79589
-110.895
-133.69
-98.0187
-132.617
-122.624
-46.8227
-0.0557142
-4.16e-09
-5.57973e-13
-5.57973e-13
-4.16e-09
-0.0557142
-46.8227
-122.624
-132.617
-98.0187
-133.69
-110.895
-5.79589
-0.000477446
-2.46075e-12
-5.74391e-13
-2.05306e-12
-2.69213e-09
-0.100279
-61.7786
-85.2335
-75.7527
-104.493
-106.559
-67.551
-0.219326
-2.65527e-08
-1.15638e-12
-8.78478e-13
-4.8627e-12
-0.00114426
-2.81706
-71.6095
-50.495
-58.0723
-38.6649
-31.1038
-0.230528
-6.71166e-11
-2.85564e-12
-8.2653e-13
-1.96182e-12
-8.4833e-09
-0.175269
-51.3202
-57.5322
-50.0654
-56.8959
-53.4423
-2.46021
-0.000143508
-4.2908e-12
-4.90539e-13
-4.90539e-13
-4.2908e-12
-0.000143508
-2.46021
-53.4423
-56.8959
-50.0654
-57.5322
-51.3202
-0.175269
-8.4833e-09
-1.96182e-12
-8.2653e-13
-2.85564e-12
-6.71166e-11
-0.230528
-31.1038
-38.6649
-58.0723
-50.495
-71.6095
-2.81706
-0.00114426
-4.8627e-12
-8.78478e-13
-7.44266e-13
-3.75612e-12
-3.93925e-11
-0.00154193
-13.8578
-34.9777
-56.9235
-58.3242
-40.1006
-7.92068
-4.28426e-05
-4.06285e-12
-1.29742e-12
-1.70422e-12
-5.35441e-12
-0.0342452
-38.8931
-33.8749
-66.4691
-35.4218
-40.032
-0.201799
-1.86e-11
-4.11768e-12
-4.72681e-13
-4.72681e-13
-4.11768e-12
-1.86e-11
-0.201799
-40.032
-35.4218
-66.4691
-33.8749
-38.8931
-0.0342452
-5.35441e-12
-1.70422e-12
-1.29742e-12
-4.06285e-12
-4.28426e-05
-7.92068
-40.1006
-58.3242
-56.9235
-34.9777
-13.8578
-0.00154193
-3.93925e-11
-3.75612e-12
-7.44266e-13
-1.17896e-12
-3.56105e-12
-7.01765e-12
-1.73281e-08
-0.32584
-24.389
-45.3705
-78.1857
-31.103
-36.9048
-0.0211547
-5.36117e-12
-1.94945e-12
-1.60658e-12
-4.47971e-12
-0.0211499
-34.2208
-39.7635
-79.4565
-40.5299
-36.0472
-0.247433
-1.12673e-11
-4.14833e-12
-4.95644e-13
-4.95644e-13
-4.14833e-12
-1.12673e-11
-0.247433
-36.0472
-40.5299
-79.4565
-39.7635
-34.2208
-0.0211499
-4.47971e-12
-1.60658e-12
-1.94945e-12
-5.36117e-12
-0.0211547
-36.9048
-31.103
-78.1857
-45.3705
-24.389
-0.32584
-1.73281e-08
-7.01765e-12
-3.56105e-12
-1.17896e-12
-2.39842e-12
-4.71319e-12
-7.84219e-12
-9.40019e-12
-0.0197865
-25.3357
-32.4436
-76.1396
-49.5876
-35.6037
-2.39727
-5.99217e-06
-2.85078e-12
-1.70739e-12
-3.7009e-12
-0.0121612
-31.0578
-47.1015
-93.5559
-47.2153
-37.7268
-0.331559
-1.15825e-11
-4.2533e-12
-5.42515e-13
-5.42515e-13
-4.2533e-12
-1.15825e-11
-0.331559
-37.7268
-47.2153
-93.5559
-47.1015
-31.0578
-0.0121612
-3.7009e-12
-1.70739e-12
-2.85078e-12
-5.99217e-06
-2.39727
-35.6037
-49.5876
-76.1396
-32.4436
-25.3357
-0.0197865
-9.40019e-12
-7.84219e-12
-4.71319e-12
-2.39842e-12
-4.01508e-12
-6.52106e-10
-0.00029695
-0.0540713
-2.32939
-16.7578
-33.8712
-52.012
-68.3544
-28.3707
-28.8895
-0.0174876
-4.25408e-11
-2.05569e-12
-3.13347e-12
-0.00679159
-25.8002
-54.279
-107.296
-53.6432
-35.4298
-0.381248
-1.1888e-11
-4.36802e-12
-5.98583e-13
-5.98583e-13
-4.36802e-12
-1.1888e-11
-0.381248
-35.4298
-53.6432
-107.296
-54.279
-25.8002
-0.00679159
-3.13347e-12
-2.05569e-12
-4.25408e-11
-0.0174876
-28.8895
-28.3707
-68.3544
-52.012
-33.8712
-16.7578
-2.32939
-0.0540713
-0.00029695
-6.52106e-10
-4.01508e-12
-4.6835e-12
-0.0183193
-12.1218
-55.2794
-25.8113
-22.1218
-22.7197
-38.9962
-70.7082
-54.4642
-40.2
-5.06707
-4.76789e-05
-2.77141e-12
-2.73551e-12
-0.00528412
-21.2144
-61.7311
-120.398
-59.1886
-32.6658
-0.376614
-1.20854e-11
-4.44282e-12
-6.5409e-13
-6.5409e-13
-4.44282e-12
-1.20854e-11
-0.376614
-32.6658
-59.1886
-120.398
-61.7311
-21.2144
-0.00528412
-2.73551e-12
-2.77141e-12
-4.76789e-05
-5.06707
-40.2
-54.4642
-70.7082
-38.9962
-22.7197
-22.1218
-25.8113
-55.2794
-12.1218
-0.0183193
-4.6835e-12
-2.58153e-11
-2.69563
-84.0802
-22.4856
-25.7486
-29.3655
-27.567
-47.2972
-73.16
-93.0079
-55.9956
-25.1569
-0.643679
-2.62487e-06
-2.3906e-12
-0.0276463
-22.6873
-69.6615
-131.018
-62.736
-31.6365
-0.358523
-1.20157e-11
-4.43243e-12
-7.08646e-13
-7.08646e-13
-4.43243e-12
-1.20157e-11
-0.358523
-31.6365
-62.736
-131.018
-69.6615
-22.6873
-0.0276463
-2.3906e-12
-2.62487e-06
-0.643679
-25.1569
-55.9956
-93.0079
-73.16
-47.2972
-27.567
-29.3655
-25.7486
-22.4856
-84.0802
-2.69563
-2.58153e-11
-1.99587e-11
-2.62638
-60.7771
-19.525
-29.4742
-31.0735
-29.6118
-40.3248
-88.1512
-97.9157
-105.409
-54.378
-18.2041
-0.150299
-2.74564e-07
-0.291792
-43.0464
-73.397
-127.961
-61.5911
-31.2258
-0.335372
-1.15783e-11
-4.31768e-12
-7.77087e-13
-7.77087e-13
-4.31768e-12
-1.15783e-11
-0.335372
-31.2258
-61.5911
-127.961
-73.397
-43.0464
-0.291792
-2.74564e-07
-0.150299
-18.2041
-54.378
-105.409
-97.9157
-88.1512
-40.3248
-29.6118
-31.0735
-29.4742
-19.525
-60.7771
-2.62638
-1.99587e-11
-2.65208e-12
-0.0234291
-28.0707
-52.7755
-28.9985
-23.7067
-15.9761
-25.6183
-53.1932
-106.683
-105.873
-105.12
-52.3076
-13.9733
-0.0523817
-1.31483
-48.9734
-76.8666
-113.104
-56.6712
-31.6039
-0.285304
-1.07554e-11
-4.12008e-12
-8.95914e-13
-8.95914e-13
-4.12008e-12
-1.07554e-11
-0.285304
-31.6039
-56.6712
-113.104
-76.8666
-48.9734
-1.31483
-0.0523817
-13.9733
-52.3076
-105.12
-105.873
-106.683
-53.1932
-25.6183
-15.9761
-23.7067
-28.9985
-52.7755
-28.0707
-0.0234291
-2.65208e-12
-1.7093e-12
-5.6263e-08
-0.00783456
-0.499071
-0.542304
-0.0561227
-0.0103008
-1.92625
-38.8433
-64.5874
-106.73
-102.374
-99.8743
-48.7703
-14.5151
-7.25043
-44.5566
-84.8704
-100.879
-52.0858
-32.5757
-0.19224
-9.64292e-12
-3.92072e-12
-1.1352e-12
-1.1352e-12
-3.92072e-12
-9.64292e-12
-0.19224
-32.5757
-52.0858
-100.879
-84.8704
-44.5566
-7.25043
-14.5151
-48.7703
-99.8743
-102.374
-106.73
-64.5874
-38.8433
-1.92625
-0.0103008
-0.0561227
-0.542304
-0.499071
-0.00783456
-5.6263e-08
-1.7093e-12
-4.79564e-13
-1.97433e-12
-3.1783e-12
-3.09933e-12
-2.55957e-12
-2.28615e-12
-4.65187e-12
-0.001956
-15.5115
-41.8231
-75.3922
-98.2373
-95.9904
-90.7025
-42.1717
-27.635
-39.9625
-81.1656
-93.6563
-49.8455
-31.9588
-0.097039
-8.51015e-12
-3.87974e-12
-1.61396e-12
-1.61396e-12
-3.87974e-12
-8.51015e-12
-0.097039
-31.9588
-49.8455
-93.6563
-81.1656
-39.9625
-27.635
-42.1717
-90.7025
-95.9904
-98.2373
-75.3922
-41.8231
-15.5115
-0.001956
-4.65187e-12
-2.28615e-12
-2.55957e-12
-3.09933e-12
-3.1783e-12
-1.97433e-12
-4.79564e-13
-9.93991e-13
-1.79451e-12
-2.12965e-12
-1.53309e-12
-9.30161e-13
-8.44155e-13
-1.40763e-12
-1.35059e-07
-0.055801
-21.3642
-40.1558
-97.8657
-95.5605
-86.7716
-72.5813
-35.2804
-42.279
-71.6897
-93.6862
-51.7544
-28.2963
-0.0548407
-7.68622e-12
-4.22291e-12
-2.50891e-12
-2.50891e-12
-4.22291e-12
-7.68622e-12
-0.0548407
-28.2963
-51.7544
-93.6862
-71.6897
-42.279
-35.2804
-72.5813
-86.7716
-95.5605
-97.8657
-40.1558
-21.3642
-0.055801
-1.35059e-07
-1.40763e-12
-8.44155e-13
-9.30161e-13
-1.53309e-12
-2.12965e-12
-1.79451e-12
-9.93991e-13
-3.74519e-12
-5.21068e-12
-2.55075e-11
-4.52124e-11
-3.76108e-12
-2.34677e-12
-1.75977e-12
-1.94731e-12
-3.43972e-06
-0.182416
-26.2095
-62.6501
-103.431
-90.4411
-78.8848
-65.9918
-64.4515
-81.5584
-105.232
-62.2631
-27.8882
-0.235354
-7.25385e-12
-5.24685e-12
-4.05645e-12
-4.05645e-12
-5.24685e-12
-7.25385e-12
-0.235354
-27.8882
-62.2631
-105.232
-81.5584
-64.4515
-65.9918
-78.8848
-90.4411
-103.431
-62.6501
-26.2095
-0.182416
-3.43972e-06
-1.94731e-12
-1.75977e-12
-2.34677e-12
-3.76108e-12
-4.52124e-11
-2.55075e-11
-5.21068e-12
-3.74519e-12
-6.88557e-12
-0.0140692
-2.6627
-4.36429
-0.260222
-0.000610039
-6.02909e-10
-3.29267e-12
-2.49799e-12
-1.69665e-05
-2.39926
-43.185
-71.8843
-94.6409
-91.0961
-86.0741
-84.7179
-91.1004
-102.704
-69.5468
-47.1828
-3.26856
-7.06253e-08
-7.63066e-12
-6.53413e-12
-6.53413e-12
-7.63066e-12
-7.06253e-08
-3.26856
-47.1828
-69.5468
-102.704
-91.1004
-84.7179
-86.0741
-91.0961
-94.6409
-71.8843
-43.185
-2.39926
-1.69665e-05
-2.49799e-12
-3.29267e-12
-6.02909e-10
-0.000610039
-0.260222
-4.36429
-2.6627
-0.0140692
-6.88557e-12
-9.8104e-11
-2.35039
-96.966
-35.8477
-50.6596
-14.0053
-0.962708
-0.49057
-0.425269
-0.386559
-1.77526
-17.1673
-45.1525
-92.268
-107.904
-107.652
-102.052
-97.6659
-95.384
-86.5737
-54.9809
-10.834
-0.000318213
-7.74809e-07
-5.86774e-08
-5.86774e-08
-7.74809e-07
-0.000318213
-10.834
-54.9809
-86.5737
-95.384
-97.6659
-102.052
-107.652
-107.904
-92.268
-45.1525
-17.1673
-1.77526
-0.386559
-0.425269
-0.49057
-0.962708
-14.0053
-50.6596
-35.8477
-96.966
-2.35039
-9.8104e-11
-3.05748e-10
-6.41061
-27.0295
-20.6486
-25.752
-18.9052
-18.3665
-18.8011
-20.4203
-22.3648
-23.3998
-19.951
-22.5452
-77.4487
-156.047
-142.594
-122.412
-103.419
-86.5746
-68.7241
-46.0344
-12.2985
-0.501792
-3.10426
-1.95463
-1.95463
-3.10426
-0.501792
-12.2985
-46.0344
-68.7241
-86.5746
-103.419
-122.412
-142.594
-156.047
-77.4487
-22.5452
-19.951
-23.3998
-22.3648
-20.4203
-18.8011
-18.3665
-18.9052
-25.752
-20.6486
-27.0295
-6.41061
-3.05748e-10
-1.29486e-10
-4.95248
-16.3211
-25.0724
-34.0639
-36.345
-46.8414
-49.399
-51.3756
-54.0556
-55.3969
-52.8216
-60.2564
-164.148
-56201.4
-21807.4
-9997.67
-7351.89
-5550.94
-3879.07
-2207.02
-878.125
-298.55
-114.72
-7.70106
-7.70106
-114.72
-298.55
-878.125
-2207.02
-3879.07
-5550.94
-7351.89
-9997.67
-21807.4
-56201.4
-164.148
-60.2564
-52.8216
-55.3969
-54.0556
-51.3756
-49.399
-46.8414
-36.345
-34.0639
-25.0724
-16.3211
-4.95248
-1.29486e-10
