-6.99267e-24
-4.90984e-23
-1.03344
-5.85936
-29.0847
-29.6055
-56.4524
-87.7422
-84.264
-87.7136
-89.1533
-86.2897
-103.848
-291.27
-104972
-41542
-19489.5
-14235.3
-10232.7
-6121.35
-2439.21
-628.473
-315.064
-145.412
-0.80914
-0.806999
-145.26
-314.743
-627.591
-2437.3
-6119.11
-10231.2
-14235.4
-19492.4
-41555.3
-105017
-291.505
-104.019
-86.5077
-89.3986
-87.9667
-84.5151
-88.0075
-56.621
-29.6893
-29.1603
-5.87282
-1.03637
-4.91932e-23
-7.00584e-24
-8.33781e-24
-3.24338e-23
-0.518026
-86.434
-28.2639
-7.20205
-22.5414
-35.3576
-31.2237
-34.8864
-35.8975
-26.0162
-38.954
-135.024
-290.864
-279.648
-245.48
-208.984
-175.363
-138.804
-40.7334
-1.75402
-0.819625
-37.5662
-0.0112266
-0.0111784
-37.7025
-0.819468
-1.74714
-40.707
-138.786
-175.346
-208.99
-245.516
-279.714
-290.966
-135.079
-38.9875
-26.089
-35.9977
-34.9875
-31.3181
-35.4692
-22.613
-7.22421
-28.3555
-86.6908
-0.520019
-3.25134e-23
-8.37102e-24
-1.34317e-23
-2.9933e-23
-0.000427623
-1.82032
-1.32609
-0.0536462
-0.0748884
-0.036326
-0.000927838
-0.000266837
-0.000837095
-2.33992
-59.9252
-156.326
-207.518
-220.267
-213.758
-207.597
-228.558
-147.534
-33.7114
-4.398e-06
-3.65459e-09
-2.89377e-07
-1.22205e-09
-1.21353e-09
-2.87384e-07
-3.63333e-09
-4.38031e-06
-33.4447
-147.529
-228.541
-207.603
-213.796
-220.319
-207.56
-156.304
-59.885
-2.37717
-0.000917811
-0.000298282
-0.00101405
-0.0378046
-0.0762398
-0.0540924
-1.33629
-1.83152
-0.000429817
-3.0031e-23
-1.34977e-23
-1.28797e-23
-1.95978e-23
-3.52308e-23
-3.8831e-23
-3.18445e-23
-2.23907e-23
-1.45614e-23
-9.46965e-24
-6.3615e-24
-4.61436e-24
-2.93686e-07
-25.2961
-143.28
-214.729
-194.32
-190.768
-187.001
-182.886
-176.535
-84.3443
-3.61767
-2.6857e-11
-1.80956e-23
-1.86641e-23
-1.59662e-23
-1.59645e-23
-1.86631e-23
-1.8098e-23
-2.72679e-11
-3.57181
-84.1874
-176.372
-182.89
-187.059
-190.833
-194.379
-214.798
-143.339
-25.1576
-2.9106e-07
-4.64641e-24
-6.42325e-24
-9.57985e-24
-1.47281e-23
-2.25973e-23
-3.20628e-23
-3.90231e-23
-3.53639e-23
-1.96723e-23
-1.29515e-23
-8.56802e-24
-1.14759e-23
-1.79991e-23
-2.01837e-23
-1.73513e-23
-1.23511e-23
-7.27457e-24
-4.50093e-24
-4.13239e-24
-1.90512e-09
-0.14169
-42.8812
-165.477
-175.349
-170.21
-164.869
-163.607
-162.888
-138.407
-46.8935
-0.0634257
-8.78676e-23
-1.33329e-23
-1.16114e-23
-1.00215e-23
-1.00208e-23
-1.16107e-23
-1.33339e-23
-9.37387e-23
-0.0629176
-46.6718
-138.394
-162.996
-163.721
-164.956
-170.274
-175.393
-165.489
-42.839
-0.141274
-1.90313e-09
-4.19678e-24
-4.60152e-24
-7.40834e-24
-1.24687e-23
-1.74505e-23
-2.02603e-23
-1.80524e-23
-1.15146e-23
-8.6185e-24
-4.03904e-24
-6.49535e-24
-1.09196e-23
-1.41354e-23
-1.55622e-23
-1.55371e-23
-9.88516e-24
-6.044e-24
-1.36127e-15
-0.000984792
-51.6813
-122.161
-187.921
-164.576
-149.35
-138.579
-142.771
-175.615
-116.949
-71.0061
-0.0058998
-1.81765e-23
-1.16649e-23
-7.83164e-24
-5.8215e-24
-5.82041e-24
-7.82891e-24
-1.16614e-23
-1.81734e-23
-0.00586746
-70.6546
-117.204
-176.101
-142.964
-138.677
-149.411
-164.629
-188.007
-122.235
-51.6271
-0.000984331
-1.33639e-15
-6.15451e-24
-9.97671e-24
-1.54473e-23
-1.54915e-23
-1.40966e-23
-1.09036e-23
-6.49655e-24
-4.05798e-24
-1.31521e-24
-4.30119e-24
-9.06488e-24
-1.51474e-23
-2.41013e-23
-5.03814e-05
-0.365171
-0.347831
-0.0244881
-8.3606
-83.3777
-178.139
-165.745
-148.965
-128.555
-105.415
-104.758
-158.084
-98.8956
-40.9
-0.000558321
-1.98681e-23
-1.11944e-23
-5.79449e-24
-3.13399e-24
-3.13187e-24
-5.78811e-24
-1.11826e-23
-1.98442e-23
-0.000549735
-40.7567
-98.7389
-158.121
-104.879
-105.467
-128.585
-148.989
-165.767
-178.161
-83.3679
-8.49663
-0.0251996
-0.285783
-0.262918
-3.41604e-05
-2.37409e-23
-1.49866e-23
-8.99179e-24
-4.27468e-24
-1.31192e-24
-9.31865e-25
-4.1618e-24
-9.64675e-24
-1.81838e-23
-3.35782e-23
-0.421261
-63.0514
-44.2248
-27.5044
-75.8842
-142.152
-157.213
-153.768
-140.697
-117.856
-52.2503
-61.8206
-138.361
-108.748
-50.1019
-0.00139364
-2.14251e-23
-1.1373e-23
-4.82398e-24
-1.56477e-24
-1.56156e-24
-4.81458e-24
-1.13577e-23
-2.14018e-23
-0.0013627
-49.565
-108.862
-138.837
-62.0051
-52.266
-117.847
-140.695
-153.746
-157.121
-142.067
-75.4373
-27.8101
-43.4241
-89.5785
-0.267297
-3.30466e-23
-1.79624e-23
-9.55319e-24
-4.13064e-24
-9.30972e-25
-2.79794e-24
-5.48192e-24
-1.08624e-23
-1.88927e-23
-3.27547e-23
-0.210435
-60.3736
-27.8622
-34.4264
-96.6296
-131.295
-147.302
-152.822
-145.478
-65.6202
-11.8986
-43.2536
-133.048
-119.839
-40.2482
-0.0361463
-2.2904e-23
-1.20814e-23
-4.6092e-24
-7.94488e-25
-7.90047e-25
-4.597e-24
-1.20655e-23
-2.2895e-23
-0.0356022
-41.1288
-120.003
-133.915
-43.3936
-11.9335
-65.6186
-145.478
-152.81
-147.25
-131.173
-96.532
-34.5162
-27.3786
-62.4731
-0.132493
-3.23645e-23
-1.87337e-23
-1.08038e-23
-5.47633e-24
-2.83008e-24
-6.77902e-24
-8.40635e-24
-1.30712e-23
-1.82544e-23
-2.52382e-23
-5.34167e-06
-3.89133
-19.5344
-36.5195
-93.2569
-125.869
-149.458
-165.842
-80.1621
-3.47139
-0.0016476
-21.1545
-119.166
-165.049
-61.3763
-0.373825
-1.29327e-17
-1.35472e-23
-5.02977e-24
-5.8087e-25
-5.74489e-25
-5.01219e-24
-1.3524e-23
-1.2148e-17
-0.364508
-61.253
-165.529
-119.728
-20.7293
-0.00160235
-3.48077
-80.1733
-165.869
-149.479
-125.896
-93.3139
-36.5116
-19.0371
-3.44993
-3.74084e-06
-2.51452e-23
-1.82214e-23
-1.3084e-23
-8.45027e-24
-6.86894e-24
-1.24241e-23
-1.38688e-23
-1.84075e-23
-2.03023e-23
-2.1555e-23
-4.09488e-16
-0.0289657
-33.7691
-81.6554
-130.634
-136.324
-164.464
-104.847
-23.566
-1.56218e-05
-1.08669e-14
-0.396542
-67.3975
-146.3
-75.7412
-16.1076
-6.56262e-08
-1.66764e-23
-6.03394e-24
-7.04948e-25
-6.95566e-25
-6.00701e-24
-1.6635e-23
-6.49832e-08
-15.6402
-75.7668
-146.358
-67.1814
-0.377132
-9.49277e-15
-1.57475e-05
-23.6298
-104.901
-164.556
-136.467
-130.954
-81.9766
-33.8906
-0.0279679
-4.0925e-16
-2.16361e-23
-2.03765e-23
-1.85022e-23
-1.39775e-23
-1.25813e-23
-1.78233e-23
-2.41572e-23
-3.05727e-23
-2.80995e-23
-2.152e-13
-0.00174669
-25.4704
-38.1625
-100.069
-109.991
-129.818
-103.45
-56.7196
-0.0345636
-1.74669e-13
-4.05387e-24
-0.00853089
-39.6848
-139.183
-95.7143
-54.4621
-0.000911076
-2.03883e-23
-7.17681e-24
-9.18757e-25
-9.05527e-25
-7.13816e-24
-2.03314e-23
-0.000874121
-54.9034
-96.3935
-139.842
-41.3298
-0.00823667
-4.06513e-24
-1.74544e-13
-0.0346923
-56.7376
-103.552
-129.947
-110.172
-100.299
-38.1959
-25.8306
-0.00177815
-2.21217e-13
-2.82417e-23
-3.07614e-23
-2.43566e-23
-1.80307e-23
-1.82559e-23
-3.14849e-05
-0.59396
-4.32109
-6.654
-34.7429
-36.7457
-56.298
-72.8572
-88.786
-120.393
-78.5933
-14.3402
-1.98547e-07
-4.44428e-24
-5.11139e-24
-6.65307e-05
-45.2684
-115.887
-125.196
-57.375
-0.0189315
-8.12136e-22
-7.83825e-24
-1.05404e-24
-1.03643e-24
-7.78425e-24
-8.85728e-22
-0.0178413
-58.3077
-126.386
-118.014
-45.1895
-6.31988e-05
-5.11451e-24
-4.46596e-24
-1.99052e-07
-14.4109
-78.7019
-120.541
-88.905
-72.9663
-56.3707
-36.7869
-34.888
-7.0938
-4.47763
-0.576335
-2.8412e-05
-1.84462e-23
-8.45575e-24
-0.274069
-73.9758
-47.7142
-26.3438
-39.8112
-36.2273
-36.0435
-50.5949
-63.1254
-76.4358
-41.9027
-5.29296
-1.04585e-17
-4.01995e-24
-5.24965e-24
-3.67037e-10
-5.27163
-59.5844
-95.1858
-70.0419
-0.8116
-5.51858e-11
-8.26519e-24
-1.14609e-24
-1.12451e-24
-8.17276e-24
-6.36437e-11
-0.778349
-72.2028
-95.422
-61.0827
-5.06799
-3.27519e-10
-5.25067e-24
-4.04123e-24
-1.01731e-17
-5.32118
-41.9455
-76.5128
-63.1899
-50.6524
-36.0959
-36.2979
-39.949
-26.486
-48.0682
-64.8207
-0.227145
-8.50827e-24
-8.74981e-24
-0.230514
-98.7724
-46.5399
-25.1113
-63.0487
-28.7887
-21.6096
-39.1388
-45.4717
-52.9593
-29.142
-6.84104
-9.8614e-24
-4.25945e-24
-4.82766e-24
-3.2189e-16
-0.108391
-245.084
-121.701
-393.595
-38.3568
-3.96065e-05
-1.25399e-17
-1.32359e-24
-1.30989e-24
-1.20797e-17
-3.7034e-05
-40.0301
-412.97
-131.338
-258.797
-0.105363
-2.70612e-16
-4.83277e-24
-4.28476e-24
-9.90503e-24
-6.85563
-29.1661
-52.9985
-45.4988
-39.1609
-21.6385
-28.8665
-63.2865
-25.1922
-46.683
-97.5184
-0.179737
-8.79716e-24
-1.90051e-23
-1.58361e-05
-0.282052
-2.22836
-13.7496
-21.667
-11.2742
-21.5566
-36.8708
-32.1206
-38.8195
-22.5977
-1.32457
-1.31796e-23
-5.53693e-24
-5.21737e-24
-1.93373e-07
-1.53945
-128.75
-282.903
-437.413
-199.285
-2.52918
-0.00280363
-7.07501e-09
-7.75301e-09
-0.0031177
-2.30539
-196.876
-433.003
-286.831
-130.792
-1.45218
-1.72424e-07
-5.21786e-24
-5.56784e-24
-1.32345e-23
-1.32519
-22.6143
-38.8411
-32.1212
-36.8317
-21.5519
-11.2172
-21.6845
-14.4254
-2.08455
-0.227288
-1.12378e-05
-1.90898e-23
-1.9732e-23
-2.563e-23
-3.08995e-23
-2.66082e-23
-1.1669e-09
-0.0640122
-88.3308
-45.6233
-43.8325
-15.1822
-29.3521
-22.4043
-0.8827
-9.84045e-14
-8.32058e-24
-6.9679e-24
-0.00180797
-150.777
-271.675
-175.241
-177.674
-220.115
-207.877
-62.1576
-0.00140591
-0.00258713
-74.0051
-209.682
-220.304
-178.683
-175.039
-272.07
-150.983
-0.00190573
-6.97243e-24
-8.36291e-24
-9.63998e-14
-0.882778
-22.4254
-29.3723
-15.1821
-43.8181
-45.6084
-88.3708
-0.0641255
-1.21931e-09
-2.66026e-23
-3.08794e-23
-2.56664e-23
-1.98029e-23
-1.62543e-23
-1.73201e-23
-2.19599e-23
-1.12814e-19
-7.0703e-05
-14.4392
-278.837
-442.463
-236.5
-99.7689
-405.541
-212.099
-18.677
-5.95675e-05
-1.10644e-21
-1.19616e-23
-0.00471356
-171.611
-343.464
-105.371
-295.169
-234.621
-146.726
-272.882
-0.0229591
-0.0480905
-273.229
-147.013
-234.532
-294.81
-105.014
-340.269
-169.73
-0.00553384
-1.20486e-23
-1.09031e-21
-5.97286e-05
-18.6068
-212.286
-406.215
-99.7839
-236.491
-442.345
-278.81
-14.4663
-6.95838e-05
-1.04982e-19
-2.19517e-23
-1.73379e-23
-1.63031e-23
-1.30052e-23
-1.47344e-23
-2.24413e-23
-1.95495e-08
-0.172859
-249.848
-367.411
-246.774
-128.629
-115.45
-547.443
-295.103
-407.602
-0.243846
-1.28943e-08
-2.10293e-23
-1.9248e-06
-0.0663892
-0.326297
-0.00764372
-0.00120276
-0.00769638
-0.141405
-0.0619166
-2.29659e-05
-5.2563e-05
-0.105618
-0.166362
-0.00575433
-0.0011223
-0.00680833
-0.324309
-0.0742405
-2.51557e-06
-2.10627e-23
-1.2792e-08
-0.244413
-408.263
-295.448
-547.835
-115.424
-128.608
-246.728
-367.346
-249.792
-0.169901
-1.87971e-08
-2.24297e-23
-1.47431e-23
-1.30375e-23
-1.14878e-23
-1.55366e-23
-2.96626e-23
-3.23025e-05
-157.499
-252.814
-275.211
-201.697
-0.191128
-20.0303
-271.106
-501.849
-151.611
-164.95
-0.00289957
-3.16376e-23
-3.80617e-23
-9.02097e-20
-1.08483e-18
-1.60455e-19
-3.68644e-22
-1.19965e-19
-8.96029e-19
-1.24718e-19
-7.34e-23
-7.33574e-23
-2.29384e-20
-2.09712e-19
-3.87799e-20
-2.88517e-22
-9.82314e-20
-6.35479e-19
-5.15715e-20
-3.79706e-23
-3.16778e-23
-0.00292588
-165.129
-151.789
-502.28
-271.513
-19.959
-0.189964
-201.686
-275.171
-252.772
-157.44
-3.18133e-05
-2.96487e-23
-1.5541e-23
-1.15102e-23
-1.12875e-23
-1.7444e-23
-3.78199e-23
-0.00331765
-136.934
-209.24
-178.247
-0.0306003
-1.20959e-06
-0.0102811
-58.2464
-171.722
-178.581
-383.742
-0.0345409
-2.83217e-22
-3.80657e-23
-4.4114e-23
-5.51266e-23
-6.52791e-23
-7.16832e-23
-7.39931e-23
-7.12406e-23
-6.35398e-23
-5.63364e-23
-5.6295e-23
-6.33951e-23
-7.10248e-23
-7.37652e-23
-7.14751e-23
-6.50992e-23
-5.49729e-23
-4.39978e-23
-3.8018e-23
-2.87567e-22
-0.0350319
-384.433
-178.766
-171.765
-58.2788
-0.0102912
-1.20017e-06
-0.0304697
-178.244
-209.217
-136.92
-0.0033064
-3.78097e-23
-1.74476e-23
-1.13041e-23
-1.08041e-23
-1.75956e-23
-3.99816e-23
-0.0027375
-312.192
-165.713
-0.0108341
-8.84745e-09
-4.50072e-23
-2.59438e-08
-0.000353066
-0.00299407
-0.0285965
-0.0604694
-4.02365e-05
-4.59265e-23
-3.37363e-23
-3.20986e-23
-3.5052e-23
-3.9028e-23
-4.1957e-23
-4.29995e-23
-4.18367e-23
-3.89925e-23
-3.65026e-23
-3.6477e-23
-3.89157e-23
-4.17225e-23
-4.28708e-23
-4.1831e-23
-3.89139e-23
-3.49553e-23
-3.20274e-23
-3.3701e-23
-4.59274e-23
-4.09735e-05
-0.061388
-0.0288855
-0.00298895
-0.000352566
-2.5993e-08
-4.3416e-23
-8.7949e-09
-0.0108095
-165.721
-312.175
-0.00273078
-3.99783e-23
-1.76001e-23
-1.08169e-23
-8.36423e-24
-1.39595e-23
-3.12009e-23
-1.3513e-06
-0.0028338
-0.000570184
-5.76462e-09
-3.11655e-23
-2.4783e-23
-2.51745e-23
-3.15346e-23
-1.18038e-22
-1.84255e-20
-2.5799e-20
-3.81721e-22
-3.12043e-23
-2.3614e-23
-2.04695e-23
-2.00515e-23
-2.07896e-23
-2.15598e-23
-2.17615e-23
-2.12033e-23
-2.01339e-23
-1.92591e-23
-1.92453e-23
-2.00941e-23
-2.1144e-23
-2.16922e-23
-2.14889e-23
-2.07234e-23
-1.9995e-23
-2.04274e-23
-2.35896e-23
-3.11961e-23
-3.90331e-22
-2.62649e-20
-1.8685e-20
-1.18894e-22
-3.15324e-23
-2.51753e-23
-2.47871e-23
-3.11724e-23
-5.75503e-09
-0.000569392
-0.00282902
-1.34834e-06
-3.12029e-23
-1.39642e-23
-8.37361e-24
-4.28738e-24
-7.93046e-24
-1.5574e-23
-2.43363e-23
-2.49611e-23
-2.09854e-23
-1.66572e-23
-1.27662e-23
-1.08269e-23
-1.08297e-23
-1.26954e-23
-1.60289e-23
-1.98238e-23
-2.20691e-23
-2.09454e-23
-1.71963e-23
-1.35065e-23
-1.09451e-23
-9.54079e-24
-8.89818e-24
-8.57494e-24
-8.26462e-24
-7.83801e-24
-7.35058e-24
-7.00735e-24
-7.00084e-24
-7.33206e-24
-7.81036e-24
-8.23173e-24
-8.54062e-24
-8.86583e-24
-9.51338e-24
-1.0925e-23
-1.34948e-23
-1.71918e-23
-2.09451e-23
-2.20702e-23
-1.9824e-23
-1.60275e-23
-1.26942e-23
-1.08297e-23
-1.08282e-23
-1.27682e-23
-1.66595e-23
-2.09876e-23
-2.49633e-23
-2.43384e-23
-1.55769e-23
-7.93397e-24
-4.29322e-24
-1.18799e-24
-3.86607e-24
-6.96565e-24
-7.89102e-24
-5.17858e-24
-2.45159e-24
-1.86522e-24
-2.01269e-24
-2.14182e-24
-2.35117e-24
-2.97032e-24
-4.36666e-24
-6.6857e-24
-9.12279e-24
-1.02171e-23
-9.41426e-24
-7.56101e-24
-5.61364e-24
-4.05881e-24
-2.96837e-24
-2.22519e-24
-1.68936e-24
-1.27036e-24
-9.47943e-25
-7.61407e-25
-7.58762e-25
-9.40763e-25
-1.26041e-24
-1.6785e-24
-2.21494e-24
-2.95998e-24
-4.0533e-24
-5.61168e-24
-7.56264e-24
-9.41873e-24
-1.0223e-23
-9.12866e-24
-6.69003e-24
-4.36913e-24
-2.97181e-24
-2.35235e-24
-2.14282e-24
-2.01331e-24
-1.86527e-24
-2.45138e-24
-5.17898e-24
-7.8924e-24
-6.96751e-24
-3.8678e-24
-1.19013e-24
-1.19199e-24
-3.86832e-24
-6.9675e-24
-7.89277e-24
-5.18056e-24
-2.45329e-24
-1.86631e-24
-2.01319e-24
-2.1418e-24
-2.35064e-24
-2.96924e-24
-4.36503e-24
-6.68359e-24
-9.12005e-24
-1.02139e-23
-9.41145e-24
-7.55991e-24
-5.61665e-24
-4.06995e-24
-2.99326e-24
-2.27032e-24
-1.76051e-24
-1.37009e-24
-1.07274e-24
-9.00796e-25
-8.98572e-25
-1.06795e-24
-1.36653e-24
-1.7609e-24
-2.27544e-24
-3.00259e-24
-4.0824e-24
-5.63096e-24
-7.57497e-24
-9.42657e-24
-1.02287e-23
-9.13407e-24
-6.69533e-24
-4.37357e-24
-2.97521e-24
-2.35499e-24
-2.14508e-24
-2.01552e-24
-1.86762e-24
-2.45381e-24
-5.18124e-24
-7.89417e-24
-6.96849e-24
-3.8681e-24
-1.18996e-24
-4.29956e-24
-7.93681e-24
-1.55781e-23
-2.43391e-23
-2.4966e-23
-2.09904e-23
-1.66607e-23
-1.27678e-23
-1.0827e-23
-1.0828e-23
-1.26917e-23
-1.60232e-23
-1.98158e-23
-2.20574e-23
-2.09305e-23
-1.71821e-23
-1.34964e-23
-1.09454e-23
-9.56323e-24
-8.96024e-24
-8.69881e-24
-8.47307e-24
-8.14496e-24
-7.74725e-24
-7.45569e-24
-7.44807e-24
-7.7313e-24
-8.13374e-24
-8.47437e-24
-8.71323e-24
-8.98466e-24
-9.59337e-24
-1.09769e-23
-1.35258e-23
-1.72079e-23
-2.09535e-23
-2.208e-23
-1.98366e-23
-1.60392e-23
-1.27033e-23
-1.08367e-23
-1.08342e-23
-1.27742e-23
-1.66665e-23
-2.09955e-23
-2.49713e-23
-2.4345e-23
-1.55802e-23
-7.93477e-24
-4.29227e-24
-8.38491e-24
-1.39685e-23
-3.12018e-23
-1.34875e-06
-0.00282868
-0.000569268
-5.75671e-09
-3.11689e-23
-2.47833e-23
-2.51715e-23
-3.15275e-23
-1.23251e-22
-1.93949e-20
-2.72719e-20
-4.05382e-22
-3.11651e-23
-2.35781e-23
-2.04435e-23
-2.00523e-23
-2.08469e-23
-2.17193e-23
-2.20822e-23
-2.17371e-23
-2.08775e-23
-2.01201e-23
-2.00928e-23
-2.08206e-23
-2.16941e-23
-2.20726e-23
-2.17402e-23
-2.08885e-23
-2.01048e-23
-2.04974e-23
-2.36245e-23
-3.11993e-23
-4.11318e-22
-2.76171e-20
-1.96065e-20
-1.24162e-22
-3.1545e-23
-2.51844e-23
-2.47948e-23
-3.11805e-23
-5.7462e-09
-0.000568444
-0.00282471
-1.34665e-06
-3.12098e-23
-1.39652e-23
-8.37079e-24
-1.08335e-23
-1.76045e-23
-3.99694e-23
-0.00273134
-312.109
-165.703
-0.0108153
-8.83518e-09
-4.52005e-23
-2.57435e-08
-0.000351466
-0.00299442
-0.0291501
-0.0619448
-4.13457e-05
-4.58547e-23
-3.36602e-23
-3.20154e-23
-3.49758e-23
-3.89951e-23
-4.20445e-23
-4.33439e-23
-4.26076e-23
-4.02399e-23
-3.79995e-23
-3.79111e-23
-4.00657e-23
-4.24869e-23
-4.33139e-23
-4.20775e-23
-3.90632e-23
-3.50622e-23
-3.21035e-23
-3.3729e-23
-4.58906e-23
-4.16345e-05
-0.0622328
-0.0292106
-0.0029921
-0.000353017
-2.60942e-08
-4.37671e-23
-8.79897e-09
-0.010796
-165.758
-312.259
-0.00272779
-3.9989e-23
-1.76009e-23
-1.0811e-23
-1.13266e-23
-1.74519e-23
-3.77916e-23
-0.00330703
-136.877
-209.147
-178.196
-0.0305195
-1.20738e-06
-0.0102652
-58.1822
-171.755
-178.597
-383.937
-0.0352827
-2.99013e-22
-3.79531e-23
-4.39441e-23
-5.48933e-23
-6.49979e-23
-7.14468e-23
-7.40738e-23
-7.21501e-23
-6.55915e-23
-5.89111e-23
-5.86293e-23
-6.50918e-23
-7.1877e-23
-7.40445e-23
-7.15234e-23
-6.51122e-23
-5.50313e-23
-4.40883e-23
-3.80549e-23
-2.96059e-22
-0.0352774
-384.031
-178.554
-171.781
-58.1765
-0.0102836
-1.20063e-06
-0.0304311
-178.288
-209.279
-136.96
-0.00330471
-3.78236e-23
-1.74478e-23
-1.12942e-23
-1.15409e-23
-1.5548e-23
-2.96268e-23
-3.21789e-05
-157.329
-252.664
-275.057
-201.609
-0.190358
-20.0515
-271.144
-501.709
-151.57
-164.812
-0.00294439
-3.15851e-23
-3.79159e-23
-5.3852e-20
-6.84201e-19
-1.09409e-19
-3.53871e-22
-2.61553e-20
-1.10556e-19
-1.00165e-20
-7.79262e-23
-7.69827e-23
-8.20075e-21
-1.13411e-19
-3.34983e-20
-5.36785e-22
-1.83895e-19
-1.26924e-18
-1.08255e-19
-3.80796e-23
-3.16133e-23
-0.00291909
-164.527
-151.503
-501.515
-271.229
-19.9817
-0.189257
-201.727
-275.256
-252.857
-157.517
-3.19854e-05
-2.9663e-23
-1.55392e-23
-1.14948e-23
-1.3081e-23
-1.47598e-23
-2.24145e-23
-1.94959e-08
-0.172069
-249.654
-367.177
-246.629
-128.569
-115.423
-547.457
-295.084
-407.753
-0.245476
-1.29143e-08
-2.09883e-23
-2.66265e-06
-0.0793023
-0.34583
-0.00720071
-0.00119022
-0.00560777
-0.326886
-0.33024
-0.00020628
-8.92083e-05
-0.165801
-0.217466
-0.00594779
-0.00117822
-0.00772254
-0.315949
-0.0622423
-1.72705e-06
-2.10116e-23
-1.25503e-08
-0.241695
-407.67
-295.005
-547.262
-115.341
-128.611
-246.78
-367.469
-249.9
-0.170944
-1.91179e-08
-2.24391e-23
-1.47365e-23
-1.30139e-23
-1.63632e-23
-1.73782e-23
-2.1955e-23
-1.12944e-19
-7.03225e-05
-14.4596
-278.661
-442.21
-236.411
-99.742
-405.865
-212.085
-18.6464
-6.00944e-05
-1.1247e-21
-1.19467e-23
-0.00582875
-170.626
-340.744
-104.332
-290.779
-225.818
-162.215
-254.571
-0.1461
-0.0699565
-266.808
-152.521
-226.068
-290.925
-104.353
-341.902
-172.881
-0.00436636
-1.18908e-23
-1.06409e-21
-5.91182e-05
-18.5251
-211.983
-406.053
-99.7112
-236.479
-442.279
-278.957
-14.5322
-6.99453e-05
-1.07976e-19
-2.19534e-23
-1.73224e-23
-1.62675e-23
-1.98715e-23
-2.57705e-23
-3.09364e-23
-2.65295e-23
-1.13392e-09
-0.0639529
-88.3023
-45.5997
-43.8114
-15.1774
-29.3506
-22.4075
-0.883702
-9.85302e-14
-8.34466e-24
-6.95458e-24
-0.00200374
-150.405
-272.04
-175.663
-181.812
-228.738
-239.794
-90.6053
-0.00555224
-0.00274222
-79.2608
-221.705
-221.602
-178.609
-175.246
-273.814
-151.727
-0.00170015
-6.92186e-24
-8.30983e-24
-9.41892e-14
-0.876716
-22.3972
-29.3355
-15.1689
-43.7888
-45.5852
-88.5664
-0.0643308
-1.1518e-09
-2.65864e-23
-3.08816e-23
-2.5634e-23
-1.97534e-23
-1.91275e-23
-2.1853e-05
-0.353053
-2.48444
-13.7846
-21.6342
-11.1959
-21.5379
-36.8135
-32.1122
-38.8248
-22.6041
-1.32962
-1.32223e-23
-5.56108e-24
-5.21375e-24
-1.82949e-07
-1.50453
-130.513
-288.196
-443.812
-203.585
-2.48166
-0.00370265
-1.4325e-08
-6.47092e-09
-0.0032955
-2.64038
-198.031
-434.596
-285.723
-130.118
-1.47175
-1.8688e-07
-5.1961e-24
-5.5401e-24
-1.31952e-23
-1.3162
-22.5857
-38.7936
-32.0842
-36.7757
-21.5583
-11.1674
-21.6685
-13.6242
-2.05053
-0.242258
-1.30002e-05
-1.90352e-23
-8.76533e-24
-0.289203
-84.1992
-47.0967
-25.3015
-63.5355
-28.9631
-21.6519
-39.1682
-45.5003
-52.9912
-29.1602
-6.89585
-9.89982e-24
-4.2811e-24
-4.83013e-24
-3.0969e-16
-0.109967
-254.429
-129.301
-408.799
-38.4512
-3.66125e-05
-7.23415e-18
-1.36402e-24
-1.3179e-24
-1.48322e-17
-4.32993e-05
-39.5378
-407.311
-129.673
-254.899
-0.0986705
-2.73459e-16
-4.81826e-24
-4.26841e-24
-9.88143e-24
-6.83191
-29.1277
-52.9329
-45.4533
-39.1425
-21.6511
-28.8261
-63.1057
-25.1276
-46.1669
-99.5662
-0.200271
-8.77012e-24
-8.65422e-24
-0.320095
-71.1507
-48.3428
-26.6326
-40.0878
-36.4072
-36.1561
-50.6943
-63.2114
-76.5136
-41.9414
-5.36759
-1.00938e-17
-4.03822e-24
-5.24991e-24
-3.44567e-10
-5.25689
-60.8487
-96.2489
-71.9039
-0.812704
-6.5066e-11
-7.88291e-24
-1.15952e-24
-1.15662e-24
-7.94699e-24
-6.85956e-11
-0.771014
-71.5679
-95.2272
-60.5091
-4.93912
-3.36076e-10
-5.24171e-24
-4.03046e-24
-9.34887e-18
-5.34275
-41.8826
-76.404
-63.1175
-50.613
-36.077
-36.238
-39.8354
-26.5129
-47.7491
-70.4333
-0.246932
-8.45998e-24
-1.87443e-23
-3.23508e-05
-0.606064
-4.46184
-6.86061
-35.3743
-36.9168
-56.4904
-73.0549
-88.9497
-120.528
-78.6525
-14.4581
-1.97445e-07
-4.46137e-24
-5.11107e-24
-6.53771e-05
-45.4854
-117.968
-126.864
-58.4026
-0.0182521
-9.79181e-22
-7.64995e-24
-1.05834e-24
-1.06327e-24
-7.68085e-24
-7.04275e-22
-0.0179411
-58.0425
-125.943
-117.284
-45.1178
-6.34977e-05
-5.10899e-24
-4.45727e-24
-1.94793e-07
-14.4197
-78.5155
-120.322
-88.783
-72.8969
-56.3388
-36.7738
-34.7955
-6.7858
-4.3403
-0.576033
-2.98023e-05
-1.82922e-23
-1.83252e-23
-2.45892e-23
-3.10266e-23
-2.85735e-23
-2.15244e-13
-0.0017349
-26.2256
-38.288
-100.436
-110.243
-129.963
-103.49
-56.7461
-0.0345505
-1.78877e-13
-4.05703e-24
-0.00842824
-40.7843
-140.593
-96.7363
-54.6781
-0.000892708
-2.01587e-23
-7.07146e-24
-9.17601e-25
-9.23301e-25
-7.09187e-24
-2.01885e-23
-0.000896452
-54.4891
-96.0659
-139.425
-40.8141
-0.00825464
-4.06116e-24
-1.78996e-13
-0.0345068
-56.6794
-103.327
-129.738
-110.003
-100.179
-38.188
-25.3276
-0.00167331
-2.16412e-13
-2.81094e-23
-3.06093e-23
-2.42027e-23
-1.78663e-23
-1.2805e-23
-1.41337e-23
-1.86778e-23
-2.05966e-23
-2.19233e-23
-3.1644e-16
-0.0300242
-34.3577
-82.1223
-131.049
-136.392
-164.359
-104.717
-23.6106
-1.59217e-05
-9.38518e-15
-0.385184
-67.7762
-147.375
-76.2844
-15.7617
-6.55631e-08
-1.65374e-23
-5.96904e-24
-6.98249e-25
-7.03252e-25
-5.9844e-24
-1.6561e-23
-6.76334e-08
-15.9481
-75.729
-146.203
-67.1506
-0.384481
-1.08482e-14
-1.59531e-05
-23.6051
-104.599
-164.137
-136.124
-130.703
-81.875
-33.8258
-0.0286559
-2.95258e-16
-2.1557e-23
-2.03088e-23
-1.84253e-23
-1.38927e-23
-1.24582e-23
-6.99842e-24
-8.52053e-24
-1.31335e-23
-1.8248e-23
-2.51432e-23
-4.77231e-06
-4.19308
-19.0891
-36.5666
-93.2558
-125.667
-149.186
-165.529
-80.0026
-3.48243
-0.00161247
-21.0619
-120.276
-166.394
-61.7046
-0.367247
-1.09393e-17
-1.3461e-23
-4.98465e-24
-5.6945e-25
-5.73626e-25
-4.99686e-24
-1.34793e-23
-1.39731e-17
-0.369251
-61.2619
-165.148
-119.326
-20.8638
-0.00163094
-3.49042
-80.0318
-165.472
-149.038
-125.415
-92.9346
-36.3397
-20.0863
-4.6602
-7.14283e-06
-2.52461e-23
-1.82558e-23
-1.30779e-23
-8.41814e-24
-6.80029e-24
-2.87372e-24
-5.46603e-24
-1.07176e-23
-1.8499e-23
-3.17643e-23
-0.0654883
-53.1017
-25.4587
-34.3708
-96.4906
-130.639
-146.839
-152.455
-145.145
-65.4498
-11.9232
-43.6746
-134.436
-120.703
-40.9119
-0.0358927
-2.28247e-23
-1.202e-23
-4.5738e-24
-7.80037e-25
-7.83591e-25
-4.58428e-24
-1.20364e-23
-2.28431e-23
-0.0357643
-40.7661
-119.754
-133.329
-43.2419
-11.9256
-65.5597
-145.28
-152.504
-146.791
-130.428
-96.73
-33.8554
-26.8612
-54.2378
-0.110569
-3.27249e-23
-1.88777e-23
-1.08575e-23
-5.48416e-24
-2.80734e-24
-9.26148e-25
-4.07434e-24
-9.38504e-24
-1.75553e-23
-3.20479e-23
-0.0781157
-154.16
-39.4599
-28.3748
-74.1297
-142.078
-156.671
-153.414
-140.397
-117.528
-52.1635
-62.3802
-139.513
-109.489
-49.8935
-0.0013581
-2.13519e-23
-1.13237e-23
-4.79418e-24
-1.54894e-24
-1.55195e-24
-4.8035e-24
-1.13405e-23
-2.13798e-23
-0.00139015
-49.8363
-108.602
-138.369
-61.7959
-52.2406
-117.796
-140.579
-153.568
-156.819
-142.891
-73.9019
-28.2567
-42.7295
-75.9712
-0.138786
-3.34977e-23
-1.81483e-23
-9.63164e-24
-4.15712e-24
-9.32717e-25
-1.3139e-24
-4.23023e-24
-8.85504e-24
-1.46646e-23
-2.29712e-23
-5.33875e-06
-0.0677508
-0.143847
-0.0269531
-8.87534
-83.5965
-178.028
-165.554
-148.791
-128.424
-105.421
-105.178
-158.734
-99.1574
-40.82
-0.000537553
-1.98089e-23
-1.11567e-23
-5.76997e-24
-3.1182e-24
-3.12045e-24
-5.77704e-24
-1.11704e-23
-1.98361e-23
-0.000569519
-40.8285
-98.7446
-157.922
-104.695
-105.386
-128.52
-148.94
-165.806
-178.533
-84.0875
-8.48813
-0.0289168
-0.180763
-0.10561
-1.02006e-05
-2.40145e-23
-1.51115e-23
-9.04836e-24
-4.29441e-24
-1.31253e-24
-4.11475e-24
-6.5136e-24
-1.08864e-23
-1.40275e-23
-1.53419e-23
-1.52337e-23
-1.01861e-23
-6.44513e-24
-1.22337e-15
-0.00101075
-51.8784
-122.099
-187.804
-164.52
-149.373
-138.757
-143.23
-176.568
-117.541
-70.8273
-0.00575208
-1.81481e-23
-1.16413e-23
-7.81271e-24
-5.80662e-24
-5.80796e-24
-7.8164e-24
-1.16471e-23
-1.8156e-23
-0.00599862
-70.9144
-116.86
-175.503
-142.699
-138.532
-149.321
-164.587
-188.055
-122.346
-51.6644
-0.000947255
-1.0461e-15
-6.10073e-24
-9.91094e-24
-1.55056e-23
-1.55383e-23
-1.41203e-23
-1.09107e-23
-6.49134e-24
-4.03775e-24
-8.74724e-24
-1.16155e-23
-1.81889e-23
-2.04466e-23
-1.76826e-23
-1.27399e-23
-7.72236e-24
-4.84617e-24
-4.35201e-24
-1.94089e-09
-0.143356
-42.8955
-165.508
-175.394
-170.328
-165.099
-163.969
-163.319
-138.695
-46.7661
-0.0623017
-8.50872e-23
-1.3318e-23
-1.15961e-23
-1.00075e-23
-1.00083e-23
-1.15974e-23
-1.33187e-23
-9.5917e-23
-0.0638454
-46.8474
-138.309
-162.792
-163.53
-164.811
-170.171
-175.33
-165.466
-42.8585
-0.140705
-1.83529e-09
-4.13986e-24
-4.52612e-24
-7.30485e-24
-1.23711e-23
-1.73631e-23
-2.01891e-23
-1.80008e-23
-1.14771e-23
-8.57086e-24
-1.31269e-23
-1.98537e-23
-3.56818e-23
-3.94722e-23
-3.25671e-23
-2.30736e-23
-1.51141e-23
-9.8354e-24
-6.565e-24
-4.72171e-24
-2.96131e-07
-25.3011
-143.316
-214.824
-194.5
-191.031
-187.324
-183.2
-176.692
-84.3395
-3.56071
-2.60962e-11
-1.8085e-23
-1.86496e-23
-1.59521e-23
-1.59536e-23
-1.86503e-23
-1.80822e-23
-2.78347e-11
-3.61908
-84.2844
-176.422
-182.788
-186.917
-190.699
-194.267
-214.689
-143.263
-25.2485
-2.91137e-07
-4.61469e-24
-6.36564e-24
-9.4848e-24
-1.45886e-23
-2.24237e-23
-3.18756e-23
-3.88536e-23
-3.52437e-23
-1.96044e-23
-1.28863e-23
-1.36562e-23
-3.02651e-23
-0.00042695
-1.82101
-1.33195
-0.0539806
-0.077522
-0.0400143
-0.00117225
-0.000358551
-0.00106596
-2.48248
-59.8817
-156.398
-207.772
-220.589
-214.101
-207.933
-228.922
-147.777
-33.4752
-4.30948e-06
-3.68771e-09
-2.92251e-07
-1.2342e-09
-1.21529e-09
-2.87837e-07
-3.63783e-09
-4.44959e-06
-33.6749
-147.458
-228.441
-207.497
-213.667
-220.187
-207.452
-156.268
-59.8939
-2.45641
-0.00103131
-0.000345559
-0.00112152
-0.0379729
-0.0733269
-0.051138
-1.26723
-1.74098
-0.000409433
-2.99438e-23
-1.34388e-23
-8.45031e-24
-3.27026e-23
-0.515978
-87.2889
-28.5681
-7.27557
-22.7789
-35.7257
-31.5336
-35.2162
-36.2241
-26.2457
-39.0865
-135.304
-291.412
-280.114
-245.88
-209.314
-175.626
-139.011
-40.7725
-1.74916
-0.81939
-37.6292
-0.0112133
-0.011238
-37.5027
-0.819364
-1.75257
-40.7121
-138.736
-175.279
-208.891
-245.382
-279.551
-290.783
-134.993
-38.9499
-26.0214
-35.9089
-34.8947
-31.2322
-35.3706
-22.5514
-7.20496
-28.2754
-86.4671
-0.496767
-3.24429e-23
-8.34154e-24
-7.03714e-24
-4.94178e-23
-1.02712
-5.90437
-29.3367
-29.8836
-57.0107
-88.6154
-85.0882
-88.5414
-89.9535
-86.9948
-104.434
-292.217
-105203
-41623.4
-19522.3
-14257.3
-10247
-6128.46
-2440.81
-628.265
-314.928
-145.324
-0.806735
-0.810669
-145.377
-314.952
-628.149
-2437.98
-6118.41
-10228
-14229.2
-19482.1
-41529.3
-104944
-291.229
-103.855
-86.3069
-89.1778
-87.7357
-84.2857
-87.7681
-56.4732
-29.6161
-29.0942
-5.86106
-0.992898
-4.91094e-23
-6.99417e-24
