-6.70531e-06
-3.51246
-81.9688
-70.1194
-87.0365
-76.0349
-59.8982
-67.8925
-68.3966
-68.5941
-68.1625
-62.1545
-53.3245
-135.557
-45916.4
-17805.4
-8176.61
-6040.4
-4596.99
-3253.24
-1877.4
-752.681
-248.66
-91.725
-10.204
-10.204
-91.725
-248.66
-752.681
-1877.4
-3253.24
-4596.99
-6040.4
-8176.61
-17805.4
-45916.4
-135.557
-53.3245
-62.1545
-68.1625
-68.5941
-68.3966
-67.8925
-59.8982
-76.0349
-87.0365
-70.1194
-81.9688
-3.51246
-6.70531e-06
-4.243e-05
-4.45933
-68.928
-85.7526
-97.5031
-56.3942
-22.0384
-19.8093
-22.1206
-24.6162
-26.9542
-26.736
-17.9135
-62.8929
-126.843
-116
-99.8531
-84.6677
-71.3281
-57.3179
-39.5835
-10.7831
-0.445586
-1.9103
-8.84305
-8.84305
-1.9103
-0.445586
-10.7831
-39.5835
-57.3179
-71.3281
-84.6677
-99.8531
-116
-126.843
-62.8929
-17.9135
-26.736
-26.9542
-24.6162
-22.1206
-19.8093
-22.0384
-56.3942
-97.5031
-85.7526
-68.928
-4.45933
-4.243e-05
-0.000229
-12.7843
-65.3632
-55.1268
-87.7111
-26.9552
-1.27301
-0.334012
-0.439336
-0.602435
-3.13283
-17.4003
-34.5037
-73.2523
-87.05
-87.2367
-82.9652
-79.4717
-77.7037
-72.2419
-47.5868
-16.6164
-0.0473098
-6.13353e-05
-0.000127322
-0.000127322
-6.13353e-05
-0.0473098
-16.6164
-47.5868
-72.2419
-77.7037
-79.4717
-82.9652
-87.2367
-87.05
-73.2523
-34.5037
-17.4003
-3.13283
-0.602435
-0.439336
-0.334012
-1.27301
-26.9552
-87.7111
-55.1268
-65.3632
-12.7843
-0.000229
-8.57464e-05
-7.92603
-76.7225
-53.2495
-13.0097
-0.1344
-0.000101032
-2.79997e-09
-2.18753e-09
-0.00119316
-6.64628
-39.6229
-57.2236
-77.219
-73.6523
-69.5724
-68.7843
-73.5835
-81.134
-57.3269
-39.5575
-17.8354
-0.00253648
-6.16668e-09
-5.27214e-09
-5.27214e-09
-6.16668e-09
-0.00253648
-17.8354
-39.5575
-57.3269
-81.134
-73.5835
-68.7843
-69.5724
-73.6523
-77.219
-57.2236
-39.6229
-6.64628
-0.00119316
-2.18753e-09
-2.79997e-09
-0.000101032
-0.1344
-13.0097
-53.2495
-76.7225
-7.92603
-8.57464e-05
-3.1563e-07
-0.0957098
-3.4992
-1.63991
-0.0214315
-5.05851e-06
-1.74653e-09
-2.05469e-09
-0.000124297
-1.10451
-23.0867
-46.8934
-81.8081
-72.7906
-63.4714
-52.8224
-52.7815
-66.5591
-84.823
-50.8681
-30.2254
-4.05241
-5.90016e-05
-4.44166e-09
-3.34299e-09
-3.34299e-09
-4.44166e-09
-5.90016e-05
-4.05241
-30.2254
-50.8681
-84.823
-66.5591
-52.7815
-52.8224
-63.4714
-72.7906
-81.8081
-46.8934
-23.0867
-1.10451
-0.000124297
-2.05469e-09
-1.74653e-09
-5.05851e-06
-0.0214315
-1.63991
-3.4992
-0.0957098
-3.1563e-07
-1.29365e-09
-2.38547e-09
-2.72099e-08
-8.04597e-09
-1.11578e-09
-1.14158e-09
-1.86318e-09
-0.000127326
-0.639625
-21.2314
-34.8386
-74.806
-76.7068
-70.2179
-55.7727
-27.8772
-35.2579
-59.8585
-79.2344
-44.1156
-23.6776
-0.616873
-1.59908e-08
-3.58102e-09
-2.09834e-09
-2.09834e-09
-3.58102e-09
-1.59908e-08
-0.616873
-23.6776
-44.1156
-79.2344
-59.8585
-35.2579
-27.8772
-55.7727
-70.2179
-76.7068
-74.806
-34.8386
-21.2314
-0.639625
-0.000127326
-1.86318e-09
-1.14158e-09
-1.11578e-09
-8.04597e-09
-2.72099e-08
-2.38547e-09
-1.29365e-09
-3.68745e-10
-1.50596e-09
-2.14749e-09
-1.96589e-09
-1.88309e-09
-2.26814e-09
-2.69348e-07
-0.0847016
-28.3387
-37.0582
-57.9385
-79.4558
-77.1887
-69.9902
-39.039
-26.1122
-37.2239
-66.6023
-80.1996
-42.5241
-27.7691
-0.486282
-7.05559e-09
-3.22739e-09
-1.34659e-09
-1.34659e-09
-3.22739e-09
-7.05559e-09
-0.486282
-27.7691
-42.5241
-80.1996
-66.6023
-37.2239
-26.1122
-39.039
-69.9902
-77.1887
-79.4558
-57.9385
-37.0582
-28.3387
-0.0847016
-2.69348e-07
-2.26814e-09
-1.88309e-09
-1.96589e-09
-2.14749e-09
-1.50596e-09
-3.68745e-10
-9.85991e-10
-0.000161759
-0.0963366
-1.04545
-0.851296
-0.216594
-0.178588
-9.58562
-30.0773
-48.3827
-83.5473
-81.0103
-78.5737
-37.2338
-16.1426
-10.5505
-42.7314
-70.5951
-85.6777
-43.8956
-29.2206
-0.778302
-7.75909e-09
-3.16472e-09
-9.17895e-10
-9.17895e-10
-3.16472e-09
-7.75909e-09
-0.778302
-29.2206
-43.8956
-85.6777
-70.5951
-42.7314
-10.5505
-16.1426
-37.2338
-78.5737
-81.0103
-83.5473
-48.3827
-30.0773
-9.58562
-0.178588
-0.216594
-0.851296
-1.04545
-0.0963366
-0.000161759
-9.85991e-10
-6.86509e-09
-0.204261
-34.2273
-63.594
-58.1894
-42.8279
-31.4355
-23.3415
-36.0451
-79.6037
-82.073
-82.683
-41.4157
-13.608
-0.542594
-4.45178
-42.8875
-64.2958
-92.1536
-46.48
-29.2135
-1.09048
-8.4606e-09
-3.23108e-09
-6.82498e-10
-6.82498e-10
-3.23108e-09
-8.4606e-09
-1.09048
-29.2135
-46.48
-92.1536
-64.2958
-42.8875
-4.45178
-0.542594
-13.608
-41.4157
-82.683
-82.073
-79.6037
-36.0451
-23.3415
-31.4355
-42.8279
-58.1894
-63.594
-34.2273
-0.204261
-6.86509e-09
-1.97515e-06
-3.80984
-72.5999
-52.3613
-70.595
-68.3438
-48.3353
-38.1531
-61.8441
-77.7473
-82.7049
-43.036
-16.823
-0.895086
-9.93922e-05
-3.03022
-41.2137
-59.4729
-100.353
-49.4866
-28.594
-1.32536
-8.96035e-09
-3.30441e-09
-5.49445e-10
-5.49445e-10
-3.30441e-09
-8.96035e-09
-1.32536
-28.594
-49.4866
-100.353
-59.4729
-41.2137
-3.03022
-9.93922e-05
-0.895086
-16.823
-43.036
-82.7049
-77.7473
-61.8441
-38.1531
-48.3353
-68.3438
-70.595
-52.3613
-72.5999
-3.80984
-1.97515e-06
-7.40672e-06
-8.31086
-55.0387
-42.3966
-63.5588
-53.9715
-40.5256
-31.543
-64.1695
-77.0144
-44.1758
-23.5333
-3.92883
-0.000245518
-1.17397e-08
-0.890026
-29.0114
-57.3496
-106.1
-51.2048
-28.3205
-1.45298
-9.1502e-09
-3.31189e-09
-4.62839e-10
-4.62839e-10
-3.31189e-09
-9.1502e-09
-1.45298
-28.3205
-51.2048
-106.1
-57.3496
-29.0114
-0.890026
-1.17397e-08
-0.000245518
-3.92883
-23.5333
-44.1758
-77.0144
-64.1695
-31.543
-40.5256
-53.9715
-63.5588
-42.3966
-55.0387
-8.31086
-7.40672e-06
-1.56045e-06
-2.92242
-79.2452
-61.1066
-72.1151
-55.9605
-36.5596
-35.9627
-68.9988
-46.9926
-35.1501
-19.1624
-0.0124376
-2.66493e-09
-2.00854e-09
-0.147876
-18.9684
-52.9165
-102.065
-49.7214
-28.3357
-1.47104
-8.99198e-09
-3.22451e-09
-3.95153e-10
-3.95153e-10
-3.22451e-09
-8.99198e-09
-1.47104
-28.3357
-49.7214
-102.065
-52.9165
-18.9684
-0.147876
-2.00854e-09
-2.66493e-09
-0.0124376
-19.1624
-35.1501
-46.9926
-68.9988
-35.9627
-36.5596
-55.9605
-72.1151
-61.1066
-79.2452
-2.92242
-1.56045e-06
-2.51232e-09
-0.0479789
-3.7476
-11.6227
-18.2704
-29.314
-34.1456
-48.9739
-62.2969
-37.1319
-26.5353
-0.529895
-1.63668e-05
-1.39301e-09
-2.26989e-09
-0.0723711
-19.9533
-46.951
-92.3724
-45.8751
-28.6237
-1.39721
-8.51692e-09
-3.05641e-09
-3.43675e-10
-3.43675e-10
-3.05641e-09
-8.51692e-09
-1.39721
-28.6237
-45.8751
-92.3724
-46.951
-19.9533
-0.0723711
-2.26989e-09
-1.39301e-09
-1.63668e-05
-0.529895
-26.5353
-37.1319
-62.2969
-48.9739
-34.1456
-29.314
-18.2704
-11.6227
-3.7476
-0.0479789
-2.51232e-09
-1.55311e-09
-3.95294e-09
-7.28565e-06
-0.000537748
-0.369099
-27.9829
-34.1732
-67.6358
-43.7558
-27.5716
-6.80757
-0.0011448
-1.89663e-09
-1.05353e-09
-2.56034e-09
-0.0972913
-22.2425
-41.0946
-81.8249
-41.2476
-28.5608
-1.2458
-7.86114e-09
-2.87421e-09
-3.30635e-10
-3.30635e-10
-2.87421e-09
-7.86114e-09
-1.2458
-28.5608
-41.2476
-81.8249
-41.0946
-22.2425
-0.0972913
-2.56034e-09
-1.05353e-09
-1.89663e-09
-0.0011448
-6.80757
-27.5716
-43.7558
-67.6358
-34.1732
-27.9829
-0.369099
-0.000537748
-7.28565e-06
-3.95294e-09
-1.55311e-09
-7.88297e-10
-2.96224e-09
-5.88542e-09
-0.00220474
-4.22713
-24.0838
-40.9552
-64.7789
-33.1993
-30.2455
-0.159022
-5.24661e-08
-9.94956e-10
-9.17784e-10
-2.97263e-09
-0.15286
-22.7666
-37.3939
-70.8842
-36.6595
-25.8903
-1.11242
-7.29515e-09
-2.80371e-09
-3.98025e-10
-3.98025e-10
-2.80371e-09
-7.29515e-09
-1.11242
-25.8903
-36.6595
-70.8842
-37.3939
-22.7666
-0.15286
-2.97263e-09
-9.17784e-10
-9.94956e-10
-5.24661e-08
-0.159022
-30.2455
-33.1993
-64.7789
-40.9552
-24.0838
-4.22713
-0.00220474
-5.88542e-09
-2.96224e-09
-7.88297e-10
-5.96871e-10
-3.1924e-09
-7.17046e-06
-0.29815
-49.2977
-38.6031
-54.2259
-49.437
-33.4637
-10.8286
-0.00206813
-1.9602e-09
-4.38074e-10
-1.1018e-09
-6.6761e-09
-0.398876
-19.4592
-30.1514
-58.1774
-31.013
-19.4909
-2.76897
-3.85986e-05
-3.02318e-09
-5.81989e-10
-5.81989e-10
-3.02318e-09
-3.85986e-05
-2.76897
-19.4909
-31.013
-58.1774
-30.1514
-19.4592
-0.398876
-6.6761e-09
-1.1018e-09
-4.38074e-10
-1.9602e-09
-0.00206813
-10.8286
-33.4637
-49.437
-54.2259
-38.6031
-49.2977
-0.29815
-7.17046e-06
-3.1924e-09
-5.96871e-10
-8.0818e-10
-4.09606e-09
-0.0239665
-12.5419
-56.2023
-60.6675
-51.5241
-52.0229
-28.8979
-0.656798
-6.8742e-07
-9.73865e-10
-2.48634e-10
-1.80581e-09
-0.000888241
-6.49519
-16.9378
-23.8443
-38.9737
-23.3559
-18.6092
-26.2107
-0.0399546
-3.68873e-09
-8.55123e-10
-8.55123e-10
-3.68873e-09
-0.0399546
-26.2107
-18.6092
-23.3559
-38.9737
-23.8443
-16.9378
-6.49519
-0.000888241
-1.80581e-09
-2.48634e-10
-9.73865e-10
-6.8742e-07
-0.656798
-28.8979
-52.0229
-51.5241
-60.6675
-56.2023
-12.5419
-0.0239665
-4.09606e-09
-8.0818e-10
-1.09245e-09
-0.000169619
-1.63176
-64.7497
-82.5361
-91.068
-81.8418
-83.3107
-42.9375
-0.296539
-1.45874e-07
-3.95642e-10
-4.6895e-10
-4.98832e-08
-0.263679
-34.3451
-20.673
-25.4501
-18.8425
-23.7451
-19.8112
-27.971
-2.81075
-2.94942e-05
-1.07761e-09
-1.07761e-09
-2.94942e-05
-2.81075
-27.971
-19.8112
-23.7451
-18.8425
-25.4501
-20.673
-34.3451
-0.263679
-4.98832e-08
-4.6895e-10
-3.95642e-10
-1.45874e-07
-0.296539
-42.9375
-83.3107
-81.8418
-91.068
-82.5361
-64.7497
-1.63176
-0.000169619
-1.09245e-09
-1.23098e-09
-0.0483383
-23.6744
-73.4583
-96.0737
-87.0825
-74.5988
-82.9748
-67.179
-4.43962
-0.00162561
-1.33122e-10
-1.0535e-09
-0.00227299
-12.3541
-19.0259
-25.2195
-26.5804
-19.6566
-21.8181
-22.5692
-15.8217
-30.0869
-0.0218757
-1.08782e-09
-1.08782e-09
-0.0218757
-30.0869
-15.8217
-22.5692
-21.8181
-19.6566
-26.5804
-25.2195
-19.0259
-12.3541
-0.00227299
-1.0535e-09
-1.33122e-10
-0.00162561
-4.43962
-67.179
-82.9748
-74.5988
-87.0825
-96.0737
-73.4583
-23.6744
-0.0483383
-1.23098e-09
-8.21865e-08
-0.831126
-59.0346
-94.1924
-88.7519
-89.8482
-75.2056
-97.4029
-66.2029
-32.1839
-0.167416
-8.08703e-11
-1.13094e-08
-0.394525
-48.9035
-20.2722
-26.5193
-20.8894
-9.48145
-17.5006
-24.0048
-18.3847
-32.8535
-0.920676
-1.98985e-09
-1.98985e-09
-0.920676
-32.8535
-18.3847
-24.0048
-17.5006
-9.48145
-20.8894
-26.5193
-20.2722
-48.9035
-0.394525
-1.13094e-08
-8.08703e-11
-0.167416
-32.1839
-66.2029
-97.4029
-75.2056
-89.8482
-88.7519
-94.1924
-59.0346
-0.831126
-8.21865e-08
-2.95583e-05
-4.26623
-75.2175
-95.4588
-97.9551
-76.5457
-53.2994
-55.1685
-32.1205
-38.2016
-2.35342
-5.26711e-09
-4.16883e-05
-7.03659
-51.2577
-29.9059
-23.9458
-18.8675
-21.3389
-16.6631
-22.0016
-19.0128
-29.8631
-6.25344
-9.52749e-07
-9.52749e-07
-6.25344
-29.8631
-19.0128
-22.0016
-16.6631
-21.3389
-18.8675
-23.9458
-29.9059
-51.2577
-7.03659
-4.16883e-05
-5.26711e-09
-2.35342
-38.2016
-32.1205
-55.1685
-53.2994
-76.5457
-97.9551
-95.4588
-75.2175
-4.26623
-2.95583e-05
-0.000250794
-13.0679
-69.2839
-57.7378
-74.2557
-50.4646
-46.1833
-50.6222
-40.2837
-62.7894
-3.45023
-2.3316e-08
-0.000686282
-26.9846
-65.3568
-40.364
-41.0437
-26.6911
-2.73253
-23.3321
-29.9635
-23.0933
-41.0867
-14.8352
-8.799e-06
-8.799e-06
-14.8352
-41.0867
-23.0933
-29.9635
-23.3321
-2.73253
-26.6911
-41.0437
-40.364
-65.3568
-26.9846
-0.000686282
-2.3316e-08
-3.45023
-62.7894
-40.2837
-50.6222
-46.1833
-50.4646
-74.2557
-57.7378
-69.2839
-13.0679
-0.000250794
-7.53562e-05
-6.80836
-80.8516
-56.5645
-32.9888
-3.25429
-1.56674
-7.29864
-21.7293
-10.0826
-0.0939177
-2.30492e-09
-0.00030036
-13.8935
-96.6167
-62.0223
-23.1282
-0.176627
-0.000480874
-0.106507
-18.7686
-51.0963
-76.7425
-5.28384
-2.60795e-06
-2.60795e-06
-5.28384
-76.7425
-51.0963
-18.7686
-0.106507
-0.000480874
-0.176627
-23.1282
-62.0223
-96.6167
-13.8935
-0.00030036
-2.30492e-09
-0.0939177
-10.0826
-21.7293
-7.29864
-1.56674
-3.25429
-32.9888
-56.5645
-80.8516
-6.80836
-7.53562e-05
-1.45132e-07
-0.073108
-3.09751
-2.58303
-0.135063
-0.000707852
-4.97465e-07
-4.64106e-05
-0.000284635
-5.41532e-05
-7.39137e-08
-1.56826e-09
-1.13997e-06
-0.131228
-4.02709
-2.23794
-0.0454595
-1.88348e-05
-2.69099e-09
-1.41648e-06
-0.0200893
-1.2441
-1.77957
-0.0352552
-3.12853e-09
-3.12853e-09
-0.0352552
-1.77957
-1.2441
-0.0200893
-1.41648e-06
-2.69099e-09
-1.88348e-05
-0.0454595
-2.23794
-4.02709
-0.131228
-1.13997e-06
-1.56826e-09
-7.39137e-08
-5.41532e-05
-0.000284635
-4.64106e-05
-4.97465e-07
-0.000707852
-0.135063
-2.58303
-3.09751
-0.073108
-1.45132e-07
-5.98928e-10
-1.4981e-09
-2.14943e-08
-1.13055e-08
-6.08351e-10
-4.98697e-10
-4.72776e-10
-4.96419e-10
-5.11451e-10
-4.25538e-10
-2.43886e-10
-4.70162e-10
-1.46737e-09
-4.46079e-09
-8.59731e-08
-2.36794e-08
-6.1555e-10
-4.19432e-10
-3.39933e-10
-4.63759e-10
-6.42663e-10
-7.05139e-10
-9.69219e-10
-9.16405e-10
-2.88161e-10
-2.88161e-10
-9.16405e-10
-9.69219e-10
-7.05139e-10
-6.42663e-10
-4.63759e-10
-3.39933e-10
-4.19432e-10
-6.1555e-10
-2.36794e-08
-8.59731e-08
-4.46079e-09
-1.46737e-09
-4.70162e-10
-2.43886e-10
-4.25538e-10
-5.11451e-10
-4.96419e-10
-4.72776e-10
-4.98697e-10
-6.08351e-10
-1.13055e-08
-2.14943e-08
-1.4981e-09
-5.98928e-10
-5.98928e-10
-1.4981e-09
-2.14943e-08
-1.13055e-08
-6.08351e-10
-4.98697e-10
-4.72776e-10
-4.96419e-10
-5.11451e-10
-4.25538e-10
-2.43886e-10
-4.70162e-10
-1.46737e-09
-4.46079e-09
-8.59731e-08
-2.36794e-08
-6.1555e-10
-4.19432e-10
-3.39933e-10
-4.63759e-10
-6.42663e-10
-7.05139e-10
-9.69219e-10
-9.16405e-10
-2.88161e-10
-2.88161e-10
-9.16405e-10
-9.69219e-10
-7.05139e-10
-6.42663e-10
-4.63759e-10
-3.39933e-10
-4.19432e-10
-6.1555e-10
-2.36794e-08
-8.59731e-08
-4.46079e-09
-1.46737e-09
-4.70162e-10
-2.43886e-10
-4.25538e-10
-5.11451e-10
-4.96419e-10
-4.72776e-10
-4.98697e-10
-6.08351e-10
-1.13055e-08
-2.14943e-08
-1.4981e-09
-5.98928e-10
-1.45132e-07
-0.073108
-3.09751
-2.58303
-0.135063
-0.000707852
-4.97465e-07
-4.64106e-05
-0.000284635
-5.41532e-05
-7.39137e-08
-1.56826e-09
-1.13997e-06
-0.131228
-4.02709
-2.23794
-0.0454595
-1.88348e-05
-2.69099e-09
-1.41648e-06
-0.0200893
-1.2441
-1.77957
-0.0352552
-3.12853e-09
-3.12853e-09
-0.0352552
-1.77957
-1.2441
-0.0200893
-1.41648e-06
-2.69099e-09
-1.88348e-05
-0.0454595
-2.23794
-4.02709
-0.131228
-1.13997e-06
-1.56826e-09
-7.39137e-08
-5.41532e-05
-0.000284635
-4.64106e-05
-4.97465e-07
-0.000707852
-0.135063
-2.58303
-3.09751
-0.073108
-1.45132e-07
-7.53562e-05
-6.80836
-80.8516
-56.5645
-32.9888
-3.25429
-1.56674
-7.29864
-21.7293
-10.0826
-0.0939177
-2.30492e-09
-0.00030036
-13.8935
-96.6167
-62.0223
-23.1282
-0.176627
-0.000480874
-0.106507
-18.7686
-51.0963
-76.7425
-5.28384
-2.60795e-06
-2.60795e-06
-5.28384
-76.7425
-51.0963
-18.7686
-0.106507
-0.000480874
-0.176627
-23.1282
-62.0223
-96.6167
-13.8935
-0.00030036
-2.30492e-09
-0.0939177
-10.0826
-21.7293
-7.29864
-1.56674
-3.25429
-32.9888
-56.5645
-80.8516
-6.80836
-7.53562e-05
-0.000250794
-13.0679
-69.2839
-57.7378
-74.2557
-50.4646
-46.1833
-50.6222
-40.2837
-62.7894
-3.45023
-2.3316e-08
-0.000686282
-26.9846
-65.3568
-40.364
-41.0437
-26.6911
-2.73253
-23.3321
-29.9635
-23.0933
-41.0867
-14.8352
-8.799e-06
-8.799e-06
-14.8352
-41.0867
-23.0933
-29.9635
-23.3321
-2.73253
-26.6911
-41.0437
-40.364
-65.3568
-26.9846
-0.000686282
-2.3316e-08
-3.45023
-62.7894
-40.2837
-50.6222
-46.1833
-50.4646
-74.2557
-57.7378
-69.2839
-13.0679
-0.000250794
-2.95583e-05
-4.26623
-75.2175
-95.4588
-97.9551
-76.5457
-53.2994
-55.1685
-32.1205
-38.2016
-2.35342
-5.26711e-09
-4.16883e-05
-7.03659
-51.2577
-29.9059
-23.9458
-18.8675
-21.3389
-16.6631
-22.0016
-19.0128
-29.8631
-6.25344
-9.52749e-07
-9.52749e-07
-6.25344
-29.8631
-19.0128
-22.0016
-16.6631
-21.3389
-18.8675
-23.9458
-29.9059
-51.2577
-7.03659
-4.16883e-05
-5.26711e-09
-2.35342
-38.2016
-32.1205
-55.1685
-53.2994
-76.5457
-97.9551
-95.4588
-75.2175
-4.26623
-2.95583e-05
-8.21865e-08
-0.831126
-59.0346
-94.1924
-88.7519
-89.8482
-75.2056
-97.4029
-66.2029
-32.1839
-0.167416
-8.08703e-11
-1.13094e-08
-0.394525
-48.9035
-20.2722
-26.5193
-20.8894
-9.48145
-17.5006
-24.0048
-18.3847
-32.8535
-0.920676
-1.98985e-09
-1.98985e-09
-0.920676
-32.8535
-18.3847
-24.0048
-17.5006
-9.48145
-20.8894
-26.5193
-20.2722
-48.9035
-0.394525
-1.13094e-08
-8.08703e-11
-0.167416
-32.1839
-66.2029
-97.4029
-75.2056
-89.8482
-88.7519
-94.1924
-59.0346
-0.831126
-8.21865e-08
-1.23098e-09
-0.0483383
-23.6744
-73.4583
-96.0737
-87.0825
-74.5988
-82.9748
-67.179
-4.43962
-0.00162561
-1.33122e-10
-1.0535e-09
-0.00227299
-12.3541
-19.0259
-25.2195
-26.5804
-19.6566
-21.8181
-22.5692
-15.8217
-30.0869
-0.0218757
-1.08782e-09
-1.08782e-09
-0.0218757
-30.0869
-15.8217
-22.5692
-21.8181
-19.6566
-26.5804
-25.2195
-19.0259
-12.3541
-0.00227299
-1.0535e-09
-1.33122e-10
-0.00162561
-4.43962
-67.179
-82.9748
-74.5988
-87.0825
-96.0737
-73.4583
-23.6744
-0.0483383
-1.23098e-09
-1.09245e-09
-0.000169619
-1.63176
-64.7497
-82.5361
-91.068
-81.8418
-83.3107
-42.9375
-0.296539
-1.45874e-07
-3.95642e-10
-4.6895e-10
-4.98832e-08
-0.263679
-34.3451
-20.673
-25.4501
-18.8425
-23.7451
-19.8112
-27.971
-2.81075
-2.94942e-05
-1.07761e-09
-1.07761e-09
-2.94942e-05
-2.81075
-27.971
-19.8112
-23.7451
-18.8425
-25.4501
-20.673
-34.3451
-0.263679
-4.98832e-08
-4.6895e-10
-3.95642e-10
-1.45874e-07
-0.296539
-42.9375
-83.3107
-81.8418
-91.068
-82.5361
-64.7497
-1.63176
-0.000169619
-1.09245e-09
-8.0818e-10
-4.09606e-09
-0.0239665
-12.5419
-56.2023
-60.6675
-51.5241
-52.0229
-28.8979
-0.656798
-6.8742e-07
-9.73865e-10
-2.48634e-10
-1.80581e-09
-0.000888241
-6.49519
-16.9378
-23.8443
-38.9737
-23.3559
-18.6092
-26.2107
-0.0399546
-3.68873e-09
-8.55123e-10
-8.55123e-10
-3.68873e-09
-0.0399546
-26.2107
-18.6092
-23.3559
-38.9737
-23.8443
-16.9378
-6.49519
-0.000888241
-1.80581e-09
-2.48634e-10
-9.73865e-10
-6.8742e-07
-0.656798
-28.8979
-52.0229
-51.5241
-60.6675
-56.2023
-12.5419
-0.0239665
-4.09606e-09
-8.0818e-10
-5.96871e-10
-3.1924e-09
-7.17046e-06
-0.29815
-49.2977
-38.6031
-54.2259
-49.437
-33.4637
-10.8286
-0.00206813
-1.9602e-09
-4.38074e-10
-1.1018e-09
-6.6761e-09
-0.398876
-19.4592
-30.1514
-58.1774
-31.013
-19.4909
-2.76897
-3.85986e-05
-3.02318e-09
-5.81989e-10
-5.81989e-10
-3.02318e-09
-3.85986e-05
-2.76897
-19.4909
-31.013
-58.1774
-30.1514
-19.4592
-0.398876
-6.6761e-09
-1.1018e-09
-4.38074e-10
-1.9602e-09
-0.00206813
-10.8286
-33.4637
-49.437
-54.2259
-38.6031
-49.2977
-0.29815
-7.17046e-06
-3.1924e-09
-5.96871e-10
-7.88297e-10
-2.96224e-09
-5.88542e-09
-0.00220474
-4.22713
-24.0838
-40.9552
-64.7789
-33.1993
-30.2455
-0.159022
-5.24661e-08
-9.94956e-10
-9.17784e-10
-2.97263e-09
-0.15286
-22.7666
-37.3939
-70.8842
-36.6595
-25.8903
-1.11242
-7.29515e-09
-2.80371e-09
-3.98025e-10
-3.98025e-10
-2.80371e-09
-7.29515e-09
-1.11242
-25.8903
-36.6595
-70.8842
-37.3939
-22.7666
-0.15286
-2.97263e-09
-9.17784e-10
-9.94956e-10
-5.24661e-08
-0.159022
-30.2455
-33.1993
-64.7789
-40.9552
-24.0838
-4.22713
-0.00220474
-5.88542e-09
-2.96224e-09
-7.88297e-10
-1.55311e-09
-3.95294e-09
-7.28565e-06
-0.000537748
-0.369099
-27.9829
-34.1732
-67.6358
-43.7558
-27.5716
-6.80757
-0.0011448
-1.89663e-09
-1.05353e-09
-2.56034e-09
-0.0972913
-22.2425
-41.0946
-81.8249
-41.2476
-28.5608
-1.2458
-7.86114e-09
-2.87421e-09
-3.30635e-10
-3.30635e-10
-2.87421e-09
-7.86114e-09
-1.2458
-28.5608
-41.2476
-81.8249
-41.0946
-22.2425
-0.0972913
-2.56034e-09
-1.05353e-09
-1.89663e-09
-0.0011448
-6.80757
-27.5716
-43.7558
-67.6358
-34.1732
-27.9829
-0.369099
-0.000537748
-7.28565e-06
-3.95294e-09
-1.55311e-09
-2.51232e-09
-0.0479789
-3.7476
-11.6227
-18.2704
-29.314
-34.1456
-48.9739
-62.2969
-37.1319
-26.5353
-0.529895
-1.63668e-05
-1.39301e-09
-2.26989e-09
-0.0723711
-19.9533
-46.951
-92.3724
-45.8751
-28.6237
-1.39721
-8.51692e-09
-3.05641e-09
-3.43675e-10
-3.43675e-10
-3.05641e-09
-8.51692e-09
-1.39721
-28.6237
-45.8751
-92.3724
-46.951
-19.9533
-0.0723711
-2.26989e-09
-1.39301e-09
-1.63668e-05
-0.529895
-26.5353
-37.1319
-62.2969
-48.9739
-34.1456
-29.314
-18.2704
-11.6227
-3.7476
-0.0479789
-2.51232e-09
-1.56045e-06
-2.92242
-79.2452
-61.1066
-72.1151
-55.9605
-36.5596
-35.9627
-68.9988
-46.9926
-35.1501
-19.1624
-0.0124376
-2.66493e-09
-2.00854e-09
-0.147876
-18.9684
-52.9165
-102.065
-49.7214
-28.3357
-1.47104
-8.99198e-09
-3.22451e-09
-3.95153e-10
-3.95153e-10
-3.22451e-09
-8.99198e-09
-1.47104
-28.3357
-49.7214
-102.065
-52.9165
-18.9684
-0.147876
-2.00854e-09
-2.66493e-09
-0.0124376
-19.1624
-35.1501
-46.9926
-68.9988
-35.9627
-36.5596
-55.9605
-72.1151
-61.1066
-79.2452
-2.92242
-1.56045e-06
-7.40672e-06
-8.31086
-55.0387
-42.3966
-63.5588
-53.9715
-40.5256
-31.543
-64.1695
-77.0144
-44.1758
-23.5333
-3.92883
-0.000245518
-1.17397e-08
-0.890026
-29.0114
-57.3496
-106.1
-51.2048
-28.3205
-1.45298
-9.1502e-09
-3.31189e-09
-4.62839e-10
-4.62839e-10
-3.31189e-09
-9.1502e-09
-1.45298
-28.3205
-51.2048
-106.1
-57.3496
-29.0114
-0.890026
-1.17397e-08
-0.000245518
-3.92883
-23.5333
-44.1758
-77.0144
-64.1695
-31.543
-40.5256
-53.9715
-63.5588
-42.3966
-55.0387
-8.31086
-7.40672e-06
-1.97515e-06
-3.80984
-72.5999
-52.3613
-70.595
-68.3438
-48.3353
-38.1531
-61.8441
-77.7473
-82.7049
-43.036
-16.823
-0.895086
-9.93922e-05
-3.03022
-41.2137
-59.4729
-100.353
-49.4866
-28.594
-1.32536
-8.96035e-09
-3.30441e-09
-5.49445e-10
-5.49445e-10
-3.30441e-09
-8.96035e-09
-1.32536
-28.594
-49.4866
-100.353
-59.4729
-41.2137
-3.03022
-9.93922e-05
-0.895086
-16.823
-43.036
-82.7049
-77.7473
-61.8441
-38.1531
-48.3353
-68.3438
-70.595
-52.3613
-72.5999
-3.80984
-1.97515e-06
-6.86509e-09
-0.204261
-34.2273
-63.594
-58.1894
-42.8279
-31.4355
-23.3415
-36.0451
-79.6037
-82.073
-82.683
-41.4157
-13.608
-0.542594
-4.45178
-42.8875
-64.2958
-92.1536
-46.48
-29.2135
-1.09048
-8.4606e-09
-3.23108e-09
-6.82498e-10
-6.82498e-10
-3.23108e-09
-8.4606e-09
-1.09048
-29.2135
-46.48
-92.1536
-64.2958
-42.8875
-4.45178
-0.542594
-13.608
-41.4157
-82.683
-82.073
-79.6037
-36.0451
-23.3415
-31.4355
-42.8279
-58.1894
-63.594
-34.2273
-0.204261
-6.86509e-09
-9.85991e-10
-0.000161759
-0.0963366
-1.04545
-0.851296
-0.216594
-0.178588
-9.58562
-30.0773
-48.3827
-83.5473
-81.0103
-78.5737
-37.2338
-16.1426
-10.5505
-42.7314
-70.5951
-85.6777
-43.8956
-29.2206
-0.778302
-7.75909e-09
-3.16472e-09
-9.17895e-10
-9.17895e-10
-3.16472e-09
-7.75909e-09
-0.778302
-29.2206
-43.8956
-85.6777
-70.5951
-42.7314
-10.5505
-16.1426
-37.2338
-78.5737
-81.0103
-83.5473
-48.3827
-30.0773
-9.58562
-0.178588
-0.216594
-0.851296
-1.04545
-0.0963366
-0.000161759
-9.85991e-10
-3.68745e-10
-1.50596e-09
-2.14749e-09
-1.96589e-09
-1.88309e-09
-2.26814e-09
-2.69348e-07
-0.0847016
-28.3387
-37.0582
-57.9385
-79.4558
-77.1887
-69.9902
-39.039
-26.1122
-37.2239
-66.6023
-80.1996
-42.5241
-27.7691
-0.486282
-7.05559e-09
-3.22739e-09
-1.34659e-09
-1.34659e-09
-3.22739e-09
-7.05559e-09
-0.486282
-27.7691
-42.5241
-80.1996
-66.6023
-37.2239
-26.1122
-39.039
-69.9902
-77.1887
-79.4558
-57.9385
-37.0582
-28.3387
-0.0847016
-2.69348e-07
-2.26814e-09
-1.88309e-09
-1.96589e-09
-2.14749e-09
-1.50596e-09
-3.68745e-10
-1.29365e-09
-2.38547e-09
-2.72099e-08
-8.04597e-09
-1.11578e-09
-1.14158e-09
-1.86318e-09
-0.000127326
-0.639625
-21.2314
-34.8386
-74.806
-76.7068
-70.2179
-55.7727
-27.8772
-35.2579
-59.8585
-79.2344
-44.1156
-23.6776
-0.616873
-1.59908e-08
-3.58102e-09
-2.09834e-09
-2.09834e-09
-3.58102e-09
-1.59908e-08
-0.616873
-23.6776
-44.1156
-79.2344
-59.8585
-35.2579
-27.8772
-55.7727
-70.2179
-76.7068
-74.806
-34.8386
-21.2314
-0.639625
-0.000127326
-1.86318e-09
-1.14158e-09
-1.11578e-09
-8.04597e-09
-2.72099e-08
-2.38547e-09
-1.29365e-09
-3.1563e-07
-0.0957098
-3.4992
-1.63991
-0.0214315
-5.05851e-06
-1.74653e-09
-2.05469e-09
-0.000124297
-1.10451
-23.0867
-46.8934
-81.8081
-72.7906
-63.4714
-52.8224
-52.7815
-66.5591
-84.823
-50.8681
-30.2254
-4.05241
-5.90016e-05
-4.44166e-09
-3.34299e-09
-3.34299e-09
-4.44166e-09
-5.90016e-05
-4.05241
-30.2254
-50.8681
-84.823
-66.5591
-52.7815
-52.8224
-63.4714
-72.7906
-81.8081
-46.8934
-23.0867
-1.10451
-0.000124297
-2.05469e-09
-1.74653e-09
-5.05851e-06
-0.0214315
-1.63991
-3.4992
-0.0957098
-3.1563e-07
-8.57464e-05
-7.92603
-76.7225
-53.2495
-13.0097
-0.1344
-0.000101032
-2.79997e-09
-2.18753e-09
-0.00119316
-6.64628
-39.6229
-57.2236
-77.219
-73.6523
-69.5724
-68.7843
-73.5835
-81.134
-57.3269
-39.5575
-17.8354
-0.00253648
-6.16668e-09
-5.27214e-09
-5.27214e-09
-6.16668e-09
-0.00253648
-17.8354
-39.5575
-57.3269
-81.134
-73.5835
-68.7843
-69.5724
-73.6523
-77.219
-57.2236
-39.6229
-6.64628
-0.00119316
-2.18753e-09
-2.79997e-09
-0.000101032
-0.1344
-13.0097
-53.2495
-76.7225
-7.92603
-8.57464e-05
-0.000229
-12.7843
-65.3632
-55.1268
-87.7111
-26.9552
-1.27301
-0.334012
-0.439336
-0.602435
-3.13283
-17.4003
-34.5037
-73.2523
-87.05
-87.2367
-82.9652
-79.4717
-77.7037
-72.2419
-47.5868
-16.6164
-0.0473098
-6.13353e-05
-0.000127322
-0.000127322
-6.13353e-05
-0.0473098
-16.6164
-47.5868
-72.2419
-77.7037
-79.4717
-82.9652
-87.2367
-87.05
-73.2523
-34.5037
-17.4003
-3.13283
-0.602435
-0.439336
-0.334012
-1.27301
-26.9552
-87.7111
-55.1268
-65.3632
-12.7843
-0.000229
-4.243e-05
-4.45933
-68.928
-85.7526
-97.5031
-56.3942
-22.0384
-19.8093
-22.1206
-24.6162
-26.9542
-26.736
-17.9135
-62.8929
-126.843
-116
-99.8531
-84.6677
-71.3281
-57.3179
-39.5835
-10.7831
-0.445586
-1.9103
-8.84305
-8.84305
-1.9103
-0.445586
-10.7831
-39.5835
-57.3179
-71.3281
-84.6677
-99.8531
-116
-126.843
-62.8929
-17.9135
-26.736
-26.9542
-24.6162
-22.1206
-19.8093
-22.0384
-56.3942
-97.5031
-85.7526
-68.928
-4.45933
-4.243e-05
-6.70531e-06
-3.51246
-81.9688
-70.1194
-87.0365
-76.0349
-59.8982
-67.8925
-68.3966
-68.5941
-68.1625
-62.1545
-53.3245
-135.557
-45916.4
-17805.4
-8176.61
-6040.4
-4596.99
-3253.24
-1877.4
-752.681
-248.66
-91.725
-10.204
-10.204
-91.725
-248.66
-752.681
-1877.4
-3253.24
-4596.99
-6040.4
-8176.61
-17805.4
-45916.4
-135.557
-53.3245
-62.1545
-68.1625
-68.5941
-68.3966
-67.8925
-59.8982
-76.0349
-87.0365
-70.1194
-81.9688
-3.51246
-6.70531e-06
