-2.66906e-09
-0.503801
-133.896
-152.705
-173.71
-183.185
-226.217
-199.025
-188.475
-178.739
-170.005
-156.433
-68.7188
-147.4
-53553
-21335.2
-10146.5
-7581.78
-5753.52
-3987.38
-2212.61
-857.115
-295.839
-114.887
-7.39613
-7.39613
-114.887
-295.839
-857.115
-2212.61
-3987.38
-5753.52
-7581.78
-10146.5
-21335.2
-53553
-147.4
-68.7188
-156.433
-170.005
-178.739
-188.475
-199.025
-226.217
-183.185
-173.71
-152.705
-133.896
-0.503801
-2.66906e-09
-3.24661e-09
-1.6863
-108.376
-111.179
-134.822
-91.7604
-69.8848
-56.4362
-53.8557
-52.3629
-53.0635
-56.7916
-22.0832
-63.2968
-148.904
-144.075
-126.421
-108.011
-90.9625
-72.1134
-44.9165
-11.2859
-0.500644
-3.80597
-1.67684
-1.67684
-3.80597
-0.500644
-11.2859
-44.9165
-72.1134
-90.9625
-108.011
-126.421
-144.075
-148.904
-63.2968
-22.0832
-56.7916
-53.0635
-52.3629
-53.8557
-56.4362
-69.8848
-91.7604
-134.822
-111.179
-108.376
-1.6863
-3.24661e-09
-4.9978e-10
-1.09372
-104.49
-102.588
-71.7024
-6.90622
-0.33547
-0.169615
-0.176145
-0.170794
-0.322315
-9.81975
-47.9238
-77.6062
-112.995
-113.766
-108.375
-103.914
-102.633
-87.9845
-64.0835
-10.5179
-0.000392116
-2.8922e-07
-2.64768e-08
-2.64768e-08
-2.8922e-07
-0.000392116
-10.5179
-64.0835
-87.9845
-102.633
-103.914
-108.375
-113.766
-112.995
-77.6062
-47.9238
-9.81975
-0.322315
-0.170794
-0.176145
-0.169615
-0.33547
-6.90622
-71.7024
-102.588
-104.49
-1.09372
-4.9978e-10
-5.39302e-12
-0.0104443
-1.34354
-2.01136
-0.136948
-0.001199
-2.01783e-08
-5.8773e-12
-4.6133e-12
-3.38194e-09
-0.023948
-20.8659
-65.693
-111.092
-101.582
-95.1498
-92.6314
-97.7318
-109.592
-71.2407
-48.05
-3.02161
-1.16488e-07
-7.98428e-12
-6.84656e-12
-6.84656e-12
-7.98428e-12
-1.16488e-07
-3.02161
-48.05
-71.2407
-109.592
-97.7318
-92.6314
-95.1498
-101.582
-111.092
-65.693
-20.8659
-0.023948
-3.38194e-09
-4.6133e-12
-5.8773e-12
-2.01783e-08
-0.001199
-0.136948
-2.01136
-1.34354
-0.0104443
-5.39302e-12
-2.75452e-12
-4.50036e-12
-1.22412e-10
-2.96801e-10
-1.15309e-11
-4.28925e-12
-4.04507e-12
-4.13921e-12
-4.66557e-12
-0.00117992
-9.98755
-46.2284
-89.5607
-102.582
-89.7324
-76.4609
-72.8803
-86.8684
-109.789
-63.8029
-28.2472
-0.248741
-1.32928e-11
-5.50277e-12
-4.30178e-12
-4.30178e-12
-5.50277e-12
-1.32928e-11
-0.248741
-28.2472
-63.8029
-109.789
-86.8684
-72.8803
-76.4609
-89.7324
-102.582
-89.5607
-46.2284
-9.98755
-0.00117992
-4.66557e-12
-4.13921e-12
-4.04507e-12
-4.28925e-12
-1.15309e-11
-2.96801e-10
-1.22412e-10
-4.50036e-12
-2.75452e-12
-7.43618e-13
-2.0232e-12
-3.08833e-12
-3.24123e-12
-3.15134e-12
-3.39621e-12
-4.18763e-12
-5.64112e-12
-1.56119e-05
-2.04743
-39.8179
-69.7668
-113.186
-99.1273
-82.3773
-49.0421
-46.7647
-73.4649
-97.2511
-53.7135
-32.8387
-0.0410656
-7.74553e-12
-4.35241e-12
-2.66881e-12
-2.66881e-12
-4.35241e-12
-7.74553e-12
-0.0410656
-32.8387
-53.7135
-97.2511
-73.4649
-46.7647
-49.0421
-82.3773
-99.1273
-113.186
-69.7668
-39.8179
-2.04743
-1.56119e-05
-5.64112e-12
-4.18763e-12
-3.39621e-12
-3.15134e-12
-3.24123e-12
-3.08833e-12
-2.0232e-12
-7.43618e-13
-6.2429e-13
-2.41418e-12
-4.23042e-12
-4.91324e-12
-5.091e-12
-5.54937e-12
-6.8721e-12
-3.07681e-06
-0.210319
-31.9026
-52.3634
-111.516
-107.936
-100.949
-55.3741
-40.652
-42.2861
-72.344
-98.6413
-52.6173
-38.6587
-0.0573581
-8.28319e-12
-3.86781e-12
-1.68645e-12
-1.68645e-12
-3.86781e-12
-8.28319e-12
-0.0573581
-38.6587
-52.6173
-98.6413
-72.344
-42.2861
-40.652
-55.3741
-100.949
-107.936
-111.516
-52.3634
-31.9026
-0.210319
-3.07681e-06
-6.8721e-12
-5.54937e-12
-5.091e-12
-4.91324e-12
-4.23042e-12
-2.41418e-12
-6.2429e-13
-1.96096e-12
-5.73399e-08
-0.00352079
-0.164399
-0.2259
-0.0472546
-0.0151883
-0.671109
-32.7674
-49.637
-90.8677
-106.914
-107.227
-67.5487
-53.4183
-18.1779
-54.2868
-78.7186
-111.96
-56.9074
-42.2246
-0.110427
-9.25827e-12
-3.8073e-12
-1.13931e-12
-1.13931e-12
-3.8073e-12
-9.25827e-12
-0.110427
-42.2246
-56.9074
-111.96
-78.7186
-54.2868
-18.1779
-53.4183
-67.5487
-107.227
-106.914
-90.8677
-49.637
-32.7674
-0.671109
-0.0151883
-0.0472546
-0.2259
-0.164399
-0.00352079
-5.73399e-08
-1.96096e-12
-3.07806e-12
-0.0144398
-12.373
-82.9894
-85.1703
-67.8474
-52.5566
-43.8533
-47.5144
-68.3598
-103.448
-104.729
-73.7543
-49.6805
-10.1415
-3.61911
-49.2207
-76.7897
-126.504
-62.4802
-41.3308
-0.16648
-1.03491e-11
-3.95289e-12
-8.55844e-13
-8.55844e-13
-3.95289e-12
-1.03491e-11
-0.16648
-41.3308
-62.4802
-126.504
-76.7897
-49.2207
-3.61911
-10.1415
-49.6805
-73.7543
-104.729
-103.448
-68.3598
-47.5144
-43.8533
-52.5566
-67.8474
-85.1703
-82.9894
-12.373
-0.0144398
-3.07806e-12
-4.75761e-11
-1.54074
-99.3361
-86.4714
-130.536
-150.325
-162.505
-61.8974
-44.3315
-93.9262
-101.762
-79.7465
-51.147
-16.0784
-0.0146849
-0.108892
-31.1148
-76.1546
-139.229
-66.5389
-39.5053
-0.200496
-1.11425e-11
-4.10435e-12
-7.06509e-13
-7.06509e-13
-4.10435e-12
-1.11425e-11
-0.200496
-39.5053
-66.5389
-139.229
-76.1546
-31.1148
-0.108892
-0.0146849
-16.0784
-51.147
-79.7465
-101.762
-93.9262
-44.3315
-61.8974
-162.505
-150.325
-130.536
-86.4714
-99.3361
-1.54074
-4.75761e-11
-3.50144e-11
-1.42134
-87.6485
-78.9667
-113.08
-129.737
-125.098
-60.6548
-56.5622
-97.8888
-88.331
-54.2354
-23.5691
-0.0533094
-1.03721e-07
-0.00408631
-17.345
-69.8197
-134.474
-65.2182
-39.3556
-0.214924
-1.14211e-11
-4.13915e-12
-6.08796e-13
-6.08796e-13
-4.13915e-12
-1.14211e-11
-0.214924
-39.3556
-65.2182
-134.474
-69.8197
-17.345
-0.00408631
-1.03721e-07
-0.0533094
-23.5691
-54.2354
-88.331
-97.8888
-56.5622
-60.6548
-125.098
-129.737
-113.08
-78.9667
-87.6485
-1.42134
-3.50144e-11
-1.79387e-12
-0.0119282
-8.66674
-58.306
-78.6006
-106.17
-116.039
-56.3277
-73.5898
-109.492
-65.3768
-24.1252
-0.148499
-1.35082e-06
-2.18626e-12
-0.000802571
-19.7858
-61.4997
-121.333
-60.3313
-41.3337
-0.220916
-1.11711e-11
-4.01997e-12
-5.22082e-13
-5.22082e-13
-4.01997e-12
-1.11711e-11
-0.220916
-41.3337
-60.3313
-121.333
-61.4997
-19.7858
-0.000802571
-2.18626e-12
-1.35082e-06
-0.148499
-24.1252
-65.3768
-109.492
-73.5898
-56.3277
-116.039
-106.17
-78.6006
-58.306
-8.66674
-0.0119282
-1.79387e-12
-1.13051e-12
-5.68741e-09
-0.00126631
-0.0978592
-0.474315
-6.03779
-41.7444
-65.6743
-112.244
-77.0276
-37.8964
-1.96628
-6.42163e-06
-2.36476e-12
-2.1614e-12
-0.00135794
-22.7603
-53.6241
-107.711
-54.6261
-44.2605
-0.219444
-1.05042e-11
-3.77706e-12
-4.40761e-13
-4.40761e-13
-3.77706e-12
-1.05042e-11
-0.219444
-44.2605
-54.6261
-107.711
-53.6241
-22.7603
-0.00135794
-2.1614e-12
-2.36476e-12
-6.42163e-06
-1.96628
-37.8964
-77.0276
-112.244
-65.6743
-41.7444
-6.03779
-0.474315
-0.0978592
-0.00126631
-5.68741e-09
-1.13051e-12
-6.41699e-13
-3.17706e-12
-6.13349e-12
-8.17315e-12
-3.27905e-06
-0.996536
-35.9727
-77.6614
-109.895
-61.1977
-21.3195
-0.00678925
-3.27508e-12
-1.46118e-12
-2.26541e-12
-0.00348767
-25.8602
-54.0162
-94.2765
-52.1067
-44.9817
-0.186727
-9.61022e-12
-3.49752e-12
-3.91782e-13
-3.91782e-13
-3.49752e-12
-9.61022e-12
-0.186727
-44.9817
-52.1067
-94.2765
-54.0162
-25.8602
-0.00348767
-2.26541e-12
-1.46118e-12
-3.27508e-12
-0.00678925
-21.3195
-61.1977
-109.895
-77.6614
-35.9727
-0.996536
-3.27905e-06
-8.17315e-12
-6.13349e-12
-3.17706e-12
-6.41699e-13
-9.95324e-13
-3.37604e-12
-6.74892e-12
-9.8446e-12
-0.00231283
-20.6079
-59.7551
-103.641
-73.1863
-34.5197
-0.931118
-3.26397e-06
-1.80783e-12
-9.41517e-13
-2.57847e-12
-0.0090154
-27.8795
-71.1314
-81.1169
-72.7261
-42.2681
-0.143206
-8.77728e-12
-3.32987e-12
-4.2951e-13
-4.2951e-13
-3.32987e-12
-8.77728e-12
-0.143206
-42.2681
-72.7261
-81.1169
-71.1314
-27.8795
-0.0090154
-2.57847e-12
-9.41517e-13
-1.80783e-12
-3.26397e-06
-0.931118
-34.5197
-73.1863
-103.641
-59.7551
-20.6079
-0.00231283
-9.8446e-12
-6.74892e-12
-3.37604e-12
-9.95324e-13
-2.13784e-12
-4.929e-12
-9.91564e-12
-0.00122906
-3.39737
-36.8966
-78.8485
-90.5132
-64.6648
-18.8054
-0.00526424
-3.11403e-12
-7.72834e-13
-8.1878e-13
-3.21778e-12
-0.0235149
-29.34
-76.5033
-69.0605
-79.0644
-36.664
-0.163285
-8.52435e-12
-3.49402e-12
-6.10466e-13
-6.10466e-13
-3.49402e-12
-8.52435e-12
-0.163285
-36.664
-79.0644
-69.0605
-76.5033
-29.34
-0.0235149
-3.21778e-12
-8.1878e-13
-7.72834e-13
-3.11403e-12
-0.00526424
-18.8054
-64.6648
-90.5132
-78.8485
-36.8966
-3.39737
-0.00122906
-9.91564e-12
-4.929e-12
-2.13784e-12
-3.43047e-12
-7.29786e-12
-0.00145203
-5.64824
-36.7383
-42.4185
-72.5157
-60.5801
-28.102
-0.672891
-3.06669e-06
-1.64843e-12
-2.0809e-13
-1.2011e-12
-2.07253e-11
-0.204389
-22.4528
-37.3475
-53.1781
-35.4261
-21.5261
-3.41619
-4.53156e-05
-4.24718e-12
-9.2691e-13
-9.2691e-13
-4.24718e-12
-4.53156e-05
-3.41619
-21.5261
-35.4261
-53.1781
-37.3475
-22.4528
-0.204389
-2.07253e-11
-1.2011e-12
-2.0809e-13
-1.64843e-12
-3.06669e-06
-0.672891
-28.102
-60.5801
-72.5157
-42.4185
-36.7383
-5.64824
-0.00145203
-7.29786e-12
-3.43047e-12
-4.02866e-12
-9.52729e-09
-0.542381
-62.2235
-19.0022
-22.5289
-38.9885
-27.421
-17.2754
-0.303533
-1.64607e-10
-9.3827e-13
-1.11466e-13
-2.28517e-12
-0.000237142
-9.21482
-19.7003
-28.0269
-25.1735
-28.7946
-23.4889
-42.5709
-0.0839933
-2.91222e-10
-1.22103e-12
-1.22103e-12
-2.91222e-10
-0.0839933
-42.5709
-23.4889
-28.7946
-25.1735
-28.0269
-19.7003
-9.21482
-0.000237142
-2.28517e-12
-1.11466e-13
-9.3827e-13
-1.64607e-10
-0.303533
-17.2754
-27.421
-38.9885
-22.5289
-19.0022
-62.2235
-0.542381
-9.52729e-09
-4.02866e-12
-3.70058e-12
-0.000840064
-20.3901
-14.1242
-28.1248
-27.4141
-21.6778
-28.1798
-18.541
-10.1154
-0.000251944
-8.10473e-13
-3.21217e-13
-1.08072e-07
-0.585718
-27.3943
-26.4517
-28.4249
-20.4953
-25.6288
-26.4863
-16.3584
-13.756
-0.000417757
-1.30789e-12
-1.30789e-12
-0.000417757
-13.756
-16.3584
-26.4863
-25.6288
-20.4953
-28.4249
-26.4517
-27.3943
-0.585718
-1.08072e-07
-3.21217e-13
-8.10473e-13
-0.000251944
-10.1154
-18.541
-28.1798
-21.6778
-27.4141
-28.1248
-14.1242
-20.3901
-0.000840064
-3.70058e-12
-2.63983e-12
-0.200609
-54.9516
-21.459
-31.6872
-22.6725
-17.1807
-32.4573
-26.1469
-43.4191
-0.152276
-9.67782e-13
-6.98623e-13
-0.00656893
-32.4108
-22.9661
-32.2111
-26.7121
-11.9081
-20.6386
-31.8039
-25.1846
-54.7458
-0.158253
-1.14251e-12
-1.14251e-12
-0.158253
-54.7458
-25.1846
-31.8039
-20.6386
-11.9081
-26.7121
-32.2111
-22.9661
-32.4108
-0.00656893
-6.98623e-13
-9.67782e-13
-0.152276
-43.4191
-26.1469
-32.4573
-17.1807
-22.6725
-31.6872
-21.459
-54.9516
-0.200609
-2.63983e-12
-2.10157e-09
-2.77579
-41.2124
-19.0409
-30.0454
-13.1835
-16.2064
-20.4068
-17.4536
-47.9993
-3.85902
-1.98731e-10
-1.30698e-11
-1.29804
-59.8131
-19.1466
-23.4484
-16.5158
-29.1046
-18.6458
-22.2317
-15.3854
-46.1413
-3.69077
-1.80753e-10
-1.80753e-10
-3.69077
-46.1413
-15.3854
-22.2317
-18.6458
-29.1046
-16.5158
-23.4484
-19.1466
-59.8131
-1.29804
-1.30698e-11
-1.98731e-10
-3.85902
-47.9993
-17.4536
-20.4068
-16.2064
-13.1835
-30.0454
-19.0409
-41.2124
-2.77579
-2.10157e-09
-3.1574e-08
-8.61401
-56.9681
-27.353
-38.5436
-21.3242
-2.62875
-41.1251
-60.1333
-99.2714
-4.16474
-4.89036e-10
-1.14567e-10
-3.28397
-111.529
-53.1641
-59.0441
-19.07
-0.397206
-12.0057
-63.753
-47.4943
-99.9366
-4.42416
-4.98536e-10
-4.98536e-10
-4.42416
-99.9366
-47.4943
-63.753
-12.0057
-0.397206
-19.07
-59.0441
-53.1641
-111.529
-3.28397
-1.14567e-10
-4.89036e-10
-4.16474
-99.2714
-60.1333
-41.1251
-2.62875
-21.3242
-38.5436
-27.353
-56.9681
-8.61401
-3.1574e-08
-6.53617e-09
-2.41628
-99.5513
-66.3403
-7.87825
-0.00894236
-2.17817e-05
-0.0428074
-3.68544
-4.57737
-0.0307246
-5.51007e-12
-5.01672e-12
-0.0437363
-8.69091
-17.4055
-1.72142
-0.00756032
-1.28893e-07
-0.00406527
-1.10633
-13.4744
-7.74963
-0.0480804
-6.63712e-12
-6.63712e-12
-0.0480804
-7.74963
-13.4744
-1.10633
-0.00406527
-1.28893e-07
-0.00756032
-1.72142
-17.4055
-8.69091
-0.0437363
-5.01672e-12
-5.51007e-12
-0.0307246
-4.57737
-3.68544
-0.0428074
-2.17817e-05
-0.00894236
-7.87825
-66.3403
-99.5513
-2.41628
-6.53617e-09
-3.25724e-12
-0.00635942
-0.71823
-0.388823
-0.00130074
-7.24417e-11
-4.34438e-12
-6.14686e-12
-1.45626e-09
-1.86289e-09
-1.26203e-11
-2.16729e-12
-2.47327e-12
-9.49458e-10
-1.08304e-06
-3.19898e-06
-7.79052e-08
-5.21023e-12
-4.41355e-12
-4.99798e-12
-9.4295e-09
-4.34332e-07
-1.62499e-07
-1.77369e-10
-2.31645e-12
-2.31645e-12
-1.77369e-10
-1.62499e-07
-4.34332e-07
-9.4295e-09
-4.99798e-12
-4.41355e-12
-5.21023e-12
-7.79052e-08
-3.19898e-06
-1.08304e-06
-9.49458e-10
-2.47327e-12
-2.16729e-12
-1.26203e-11
-1.86289e-09
-1.45626e-09
-6.14686e-12
-4.34438e-12
-7.24417e-11
-0.00130074
-0.388823
-0.71823
-0.00635942
-3.25724e-12
-7.17139e-13
-1.63108e-12
-1.47491e-12
-9.65547e-13
-9.51179e-13
-8.3156e-13
-6.86857e-13
-6.78381e-13
-8.02452e-13
-9.18163e-13
-6.71916e-13
-2.81686e-13
-4.60267e-13
-1.11233e-12
-1.34348e-12
-1.02329e-12
-7.38327e-13
-5.92781e-13
-5.26353e-13
-5.7404e-13
-6.85882e-13
-8.7346e-13
-1.08355e-12
-8.64365e-13
-3.49537e-13
-3.49537e-13
-8.64365e-13
-1.08355e-12
-8.7346e-13
-6.85882e-13
-5.7404e-13
-5.26353e-13
-5.92781e-13
-7.38327e-13
-1.02329e-12
-1.34348e-12
-1.11233e-12
-4.60267e-13
-2.81686e-13
-6.71916e-13
-9.18163e-13
-8.02452e-13
-6.78381e-13
-6.86857e-13
-8.3156e-13
-9.51179e-13
-9.65547e-13
-1.47491e-12
-1.63108e-12
-7.17139e-13
-7.17139e-13
-1.63108e-12
-1.47491e-12
-9.65547e-13
-9.51179e-13
-8.3156e-13
-6.86857e-13
-6.78381e-13
-8.02452e-13
-9.18163e-13
-6.71916e-13
-2.81686e-13
-4.60267e-13
-1.11233e-12
-1.34348e-12
-1.02329e-12
-7.38327e-13
-5.92781e-13
-5.26353e-13
-5.7404e-13
-6.85882e-13
-8.7346e-13
-1.08355e-12
-8.64365e-13
-3.49537e-13
-3.49537e-13
-8.64365e-13
-1.08355e-12
-8.7346e-13
-6.85882e-13
-5.7404e-13
-5.26353e-13
-5.92781e-13
-7.38327e-13
-1.02329e-12
-1.34348e-12
-1.11233e-12
-4.60267e-13
-2.81686e-13
-6.71916e-13
-9.18163e-13
-8.02452e-13
-6.78381e-13
-6.86857e-13
-8.3156e-13
-9.51179e-13
-9.65547e-13
-1.47491e-12
-1.63108e-12
-7.17139e-13
-3.25724e-12
-0.00635942
-0.71823
-0.388823
-0.00130074
-7.24417e-11
-4.34438e-12
-6.14686e-12
-1.45626e-09
-1.86289e-09
-1.26203e-11
-2.16729e-12
-2.47327e-12
-9.49458e-10
-1.08304e-06
-3.19898e-06
-7.79052e-08
-5.21023e-12
-4.41355e-12
-4.99798e-12
-9.4295e-09
-4.34332e-07
-1.62499e-07
-1.77369e-10
-2.31645e-12
-2.31645e-12
-1.77369e-10
-1.62499e-07
-4.34332e-07
-9.4295e-09
-4.99798e-12
-4.41355e-12
-5.21023e-12
-7.79052e-08
-3.19898e-06
-1.08304e-06
-9.49458e-10
-2.47327e-12
-2.16729e-12
-1.26203e-11
-1.86289e-09
-1.45626e-09
-6.14686e-12
-4.34438e-12
-7.24417e-11
-0.00130074
-0.388823
-0.71823
-0.00635942
-3.25724e-12
-6.53617e-09
-2.41628
-99.5513
-66.3403
-7.87825
-0.00894236
-2.17817e-05
-0.0428074
-3.68544
-4.57737
-0.0307246
-5.51007e-12
-5.01672e-12
-0.0437363
-8.69091
-17.4055
-1.72142
-0.00756032
-1.28893e-07
-0.00406527
-1.10633
-13.4744
-7.74963
-0.0480804
-6.63712e-12
-6.63712e-12
-0.0480804
-7.74963
-13.4744
-1.10633
-0.00406527
-1.28893e-07
-0.00756032
-1.72142
-17.4055
-8.69091
-0.0437363
-5.01672e-12
-5.51007e-12
-0.0307246
-4.57737
-3.68544
-0.0428074
-2.17817e-05
-0.00894236
-7.87825
-66.3403
-99.5513
-2.41628
-6.53617e-09
-3.1574e-08
-8.61401
-56.9681
-27.353
-38.5436
-21.3242
-2.62875
-41.1251
-60.1333
-99.2714
-4.16474
-4.89036e-10
-1.14567e-10
-3.28397
-111.529
-53.1641
-59.0441
-19.07
-0.397206
-12.0057
-63.753
-47.4943
-99.9366
-4.42416
-4.98536e-10
-4.98536e-10
-4.42416
-99.9366
-47.4943
-63.753
-12.0057
-0.397206
-19.07
-59.0441
-53.1641
-111.529
-3.28397
-1.14567e-10
-4.89036e-10
-4.16474
-99.2714
-60.1333
-41.1251
-2.62875
-21.3242
-38.5436
-27.353
-56.9681
-8.61401
-3.1574e-08
-2.10157e-09
-2.77579
-41.2124
-19.0409
-30.0454
-13.1835
-16.2064
-20.4068
-17.4536
-47.9993
-3.85902
-1.98731e-10
-1.30698e-11
-1.29804
-59.8131
-19.1466
-23.4484
-16.5158
-29.1046
-18.6458
-22.2317
-15.3854
-46.1413
-3.69077
-1.80753e-10
-1.80753e-10
-3.69077
-46.1413
-15.3854
-22.2317
-18.6458
-29.1046
-16.5158
-23.4484
-19.1466
-59.8131
-1.29804
-1.30698e-11
-1.98731e-10
-3.85902
-47.9993
-17.4536
-20.4068
-16.2064
-13.1835
-30.0454
-19.0409
-41.2124
-2.77579
-2.10157e-09
-2.63983e-12
-0.200609
-54.9516
-21.459
-31.6872
-22.6725
-17.1807
-32.4573
-26.1469
-43.4191
-0.152276
-9.67782e-13
-6.98623e-13
-0.00656893
-32.4108
-22.9661
-32.2111
-26.7121
-11.9081
-20.6386
-31.8039
-25.1846
-54.7458
-0.158253
-1.14251e-12
-1.14251e-12
-0.158253
-54.7458
-25.1846
-31.8039
-20.6386
-11.9081
-26.7121
-32.2111
-22.9661
-32.4108
-0.00656893
-6.98623e-13
-9.67782e-13
-0.152276
-43.4191
-26.1469
-32.4573
-17.1807
-22.6725
-31.6872
-21.459
-54.9516
-0.200609
-2.63983e-12
-3.70058e-12
-0.000840064
-20.3901
-14.1242
-28.1248
-27.4141
-21.6778
-28.1798
-18.541
-10.1154
-0.000251944
-8.10473e-13
-3.21217e-13
-1.08072e-07
-0.585718
-27.3943
-26.4517
-28.4249
-20.4953
-25.6288
-26.4863
-16.3584
-13.756
-0.000417757
-1.30789e-12
-1.30789e-12
-0.000417757
-13.756
-16.3584
-26.4863
-25.6288
-20.4953
-28.4249
-26.4517
-27.3943
-0.585718
-1.08072e-07
-3.21217e-13
-8.10473e-13
-0.000251944
-10.1154
-18.541
-28.1798
-21.6778
-27.4141
-28.1248
-14.1242
-20.3901
-0.000840064
-3.70058e-12
-4.02866e-12
-9.52729e-09
-0.542381
-62.2235
-19.0022
-22.5289
-38.9885
-27.421
-17.2754
-0.303533
-1.64607e-10
-9.3827e-13
-1.11466e-13
-2.28517e-12
-0.000237142
-9.21482
-19.7003
-28.0269
-25.1735
-28.7946
-23.4889
-42.5709
-0.0839933
-2.91222e-10
-1.22103e-12
-1.22103e-12
-2.91222e-10
-0.0839933
-42.5709
-23.4889
-28.7946
-25.1735
-28.0269
-19.7003
-9.21482
-0.000237142
-2.28517e-12
-1.11466e-13
-9.3827e-13
-1.64607e-10
-0.303533
-17.2754
-27.421
-38.9885
-22.5289
-19.0022
-62.2235
-0.542381
-9.52729e-09
-4.02866e-12
-3.43047e-12
-7.29786e-12
-0.00145203
-5.64824
-36.7383
-42.4185
-72.5157
-60.5801
-28.102
-0.672891
-3.06669e-06
-1.64843e-12
-2.0809e-13
-1.2011e-12
-2.07253e-11
-0.204389
-22.4528
-37.3475
-53.1781
-35.4261
-21.5261
-3.41619
-4.53156e-05
-4.24718e-12
-9.2691e-13
-9.2691e-13
-4.24718e-12
-4.53156e-05
-3.41619
-21.5261
-35.4261
-53.1781
-37.3475
-22.4528
-0.204389
-2.07253e-11
-1.2011e-12
-2.0809e-13
-1.64843e-12
-3.06669e-06
-0.672891
-28.102
-60.5801
-72.5157
-42.4185
-36.7383
-5.64824
-0.00145203
-7.29786e-12
-3.43047e-12
-2.13784e-12
-4.929e-12
-9.91564e-12
-0.00122906
-3.39737
-36.8966
-78.8485
-90.5132
-64.6648
-18.8054
-0.00526424
-3.11403e-12
-7.72834e-13
-8.1878e-13
-3.21778e-12
-0.0235149
-29.34
-76.5033
-69.0605
-79.0644
-36.664
-0.163285
-8.52435e-12
-3.49402e-12
-6.10466e-13
-6.10466e-13
-3.49402e-12
-8.52435e-12
-0.163285
-36.664
-79.0644
-69.0605
-76.5033
-29.34
-0.0235149
-3.21778e-12
-8.1878e-13
-7.72834e-13
-3.11403e-12
-0.00526424
-18.8054
-64.6648
-90.5132
-78.8485
-36.8966
-3.39737
-0.00122906
-9.91564e-12
-4.929e-12
-2.13784e-12
-9.95324e-13
-3.37604e-12
-6.74892e-12
-9.8446e-12
-0.00231283
-20.6079
-59.7551
-103.641
-73.1863
-34.5197
-0.931118
-3.26397e-06
-1.80783e-12
-9.41517e-13
-2.57847e-12
-0.0090154
-27.8795
-71.1314
-81.1169
-72.7261
-42.2681
-0.143206
-8.77728e-12
-3.32987e-12
-4.2951e-13
-4.2951e-13
-3.32987e-12
-8.77728e-12
-0.143206
-42.2681
-72.7261
-81.1169
-71.1314
-27.8795
-0.0090154
-2.57847e-12
-9.41517e-13
-1.80783e-12
-3.26397e-06
-0.931118
-34.5197
-73.1863
-103.641
-59.7551
-20.6079
-0.00231283
-9.8446e-12
-6.74892e-12
-3.37604e-12
-9.95324e-13
-6.41699e-13
-3.17706e-12
-6.13349e-12
-8.17315e-12
-3.27905e-06
-0.996536
-35.9727
-77.6614
-109.895
-61.1977
-21.3195
-0.00678925
-3.27508e-12
-1.46118e-12
-2.26541e-12
-0.00348767
-25.8602
-54.0162
-94.2765
-52.1067
-44.9817
-0.186727
-9.61022e-12
-3.49752e-12
-3.91782e-13
-3.91782e-13
-3.49752e-12
-9.61022e-12
-0.186727
-44.9817
-52.1067
-94.2765
-54.0162
-25.8602
-0.00348767
-2.26541e-12
-1.46118e-12
-3.27508e-12
-0.00678925
-21.3195
-61.1977
-109.895
-77.6614
-35.9727
-0.996536
-3.27905e-06
-8.17315e-12
-6.13349e-12
-3.17706e-12
-6.41699e-13
-1.13051e-12
-5.68741e-09
-0.00126631
-0.0978592
-0.474315
-6.03779
-41.7444
-65.6743
-112.244
-77.0276
-37.8964
-1.96628
-6.42163e-06
-2.36476e-12
-2.1614e-12
-0.00135794
-22.7603
-53.6241
-107.711
-54.6261
-44.2605
-0.219444
-1.05042e-11
-3.77706e-12
-4.40761e-13
-4.40761e-13
-3.77706e-12
-1.05042e-11
-0.219444
-44.2605
-54.6261
-107.711
-53.6241
-22.7603
-0.00135794
-2.1614e-12
-2.36476e-12
-6.42163e-06
-1.96628
-37.8964
-77.0276
-112.244
-65.6743
-41.7444
-6.03779
-0.474315
-0.0978592
-0.00126631
-5.68741e-09
-1.13051e-12
-1.79387e-12
-0.0119282
-8.66674
-58.306
-78.6006
-106.17
-116.039
-56.3277
-73.5898
-109.492
-65.3768
-24.1252
-0.148499
-1.35082e-06
-2.18626e-12
-0.000802571
-19.7858
-61.4997
-121.333
-60.3313
-41.3337
-0.220916
-1.11711e-11
-4.01997e-12
-5.22082e-13
-5.22082e-13
-4.01997e-12
-1.11711e-11
-0.220916
-41.3337
-60.3313
-121.333
-61.4997
-19.7858
-0.000802571
-2.18626e-12
-1.35082e-06
-0.148499
-24.1252
-65.3768
-109.492
-73.5898
-56.3277
-116.039
-106.17
-78.6006
-58.306
-8.66674
-0.0119282
-1.79387e-12
-3.50144e-11
-1.42134
-87.6485
-78.9667
-113.08
-129.737
-125.098
-60.6548
-56.5622
-97.8888
-88.331
-54.2354
-23.5691
-0.0533094
-1.03721e-07
-0.00408631
-17.345
-69.8197
-134.474
-65.2182
-39.3556
-0.214924
-1.14211e-11
-4.13915e-12
-6.08796e-13
-6.08796e-13
-4.13915e-12
-1.14211e-11
-0.214924
-39.3556
-65.2182
-134.474
-69.8197
-17.345
-0.00408631
-1.03721e-07
-0.0533094
-23.5691
-54.2354
-88.331
-97.8888
-56.5622
-60.6548
-125.098
-129.737
-113.08
-78.9667
-87.6485
-1.42134
-3.50144e-11
-4.75761e-11
-1.54074
-99.3361
-86.4714
-130.536
-150.325
-162.505
-61.8974
-44.3315
-93.9262
-101.762
-79.7465
-51.147
-16.0784
-0.0146849
-0.108892
-31.1148
-76.1546
-139.229
-66.5389
-39.5053
-0.200496
-1.11425e-11
-4.10435e-12
-7.06509e-13
-7.06509e-13
-4.10435e-12
-1.11425e-11
-0.200496
-39.5053
-66.5389
-139.229
-76.1546
-31.1148
-0.108892
-0.0146849
-16.0784
-51.147
-79.7465
-101.762
-93.9262
-44.3315
-61.8974
-162.505
-150.325
-130.536
-86.4714
-99.3361
-1.54074
-4.75761e-11
-3.07806e-12
-0.0144398
-12.373
-82.9894
-85.1703
-67.8474
-52.5566
-43.8533
-47.5144
-68.3598
-103.448
-104.729
-73.7543
-49.6805
-10.1415
-3.61911
-49.2207
-76.7897
-126.504
-62.4802
-41.3308
-0.16648
-1.03491e-11
-3.95289e-12
-8.55844e-13
-8.55844e-13
-3.95289e-12
-1.03491e-11
-0.16648
-41.3308
-62.4802
-126.504
-76.7897
-49.2207
-3.61911
-10.1415
-49.6805
-73.7543
-104.729
-103.448
-68.3598
-47.5144
-43.8533
-52.5566
-67.8474
-85.1703
-82.9894
-12.373
-0.0144398
-3.07806e-12
-1.96096e-12
-5.73399e-08
-0.00352079
-0.164399
-0.2259
-0.0472546
-0.0151883
-0.671109
-32.7674
-49.637
-90.8677
-106.914
-107.227
-67.5487
-53.4183
-18.1779
-54.2868
-78.7186
-111.96
-56.9074
-42.2246
-0.110427
-9.25827e-12
-3.8073e-12
-1.13931e-12
-1.13931e-12
-3.8073e-12
-9.25827e-12
-0.110427
-42.2246
-56.9074
-111.96
-78.7186
-54.2868
-18.1779
-53.4183
-67.5487
-107.227
-106.914
-90.8677
-49.637
-32.7674
-0.671109
-0.0151883
-0.0472546
-0.2259
-0.164399
-0.00352079
-5.73399e-08
-1.96096e-12
-6.2429e-13
-2.41418e-12
-4.23042e-12
-4.91324e-12
-5.091e-12
-5.54937e-12
-6.8721e-12
-3.07681e-06
-0.210319
-31.9026
-52.3634
-111.516
-107.936
-100.949
-55.3741
-40.652
-42.2861
-72.344
-98.6413
-52.6173
-38.6587
-0.0573581
-8.28319e-12
-3.86781e-12
-1.68645e-12
-1.68645e-12
-3.86781e-12
-8.28319e-12
-0.0573581
-38.6587
-52.6173
-98.6413
-72.344
-42.2861
-40.652
-55.3741
-100.949
-107.936
-111.516
-52.3634
-31.9026
-0.210319
-3.07681e-06
-6.8721e-12
-5.54937e-12
-5.091e-12
-4.91324e-12
-4.23042e-12
-2.41418e-12
-6.2429e-13
-7.43618e-13
-2.0232e-12
-3.08833e-12
-3.24123e-12
-3.15134e-12
-3.39621e-12
-4.18763e-12
-5.64112e-12
-1.56119e-05
-2.04743
-39.8179
-69.7668
-113.186
-99.1273
-82.3773
-49.0421
-46.7647
-73.4649
-97.2511
-53.7135
-32.8387
-0.0410656
-7.74553e-12
-4.35241e-12
-2.66881e-12
-2.66881e-12
-4.35241e-12
-7.74553e-12
-0.0410656
-32.8387
-53.7135
-97.2511
-73.4649
-46.7647
-49.0421
-82.3773
-99.1273
-113.186
-69.7668
-39.8179
-2.04743
-1.56119e-05
-5.64112e-12
-4.18763e-12
-3.39621e-12
-3.15134e-12
-3.24123e-12
-3.08833e-12
-2.0232e-12
-7.43618e-13
-2.75452e-12
-4.50036e-12
-1.22412e-10
-2.96801e-10
-1.15309e-11
-4.28925e-12
-4.04507e-12
-4.13921e-12
-4.66557e-12
-0.00117992
-9.98755
-46.2284
-89.5607
-102.582
-89.7324
-76.4609
-72.8803
-86.8684
-109.789
-63.8029
-28.2472
-0.248741
-1.32928e-11
-5.50277e-12
-4.30178e-12
-4.30178e-12
-5.50277e-12
-1.32928e-11
-0.248741
-28.2472
-63.8029
-109.789
-86.8684
-72.8803
-76.4609
-89.7324
-102.582
-89.5607
-46.2284
-9.98755
-0.00117992
-4.66557e-12
-4.13921e-12
-4.04507e-12
-4.28925e-12
-1.15309e-11
-2.96801e-10
-1.22412e-10
-4.50036e-12
-2.75452e-12
-5.39302e-12
-0.0104443
-1.34354
-2.01136
-0.136948
-0.001199
-2.01783e-08
-5.8773e-12
-4.6133e-12
-3.38194e-09
-0.023948
-20.8659
-65.693
-111.092
-101.582
-95.1498
-92.6314
-97.7318
-109.592
-71.2407
-48.05
-3.02161
-1.16488e-07
-7.98428e-12
-6.84656e-12
-6.84656e-12
-7.98428e-12
-1.16488e-07
-3.02161
-48.05
-71.2407
-109.592
-97.7318
-92.6314
-95.1498
-101.582
-111.092
-65.693
-20.8659
-0.023948
-3.38194e-09
-4.6133e-12
-5.8773e-12
-2.01783e-08
-0.001199
-0.136948
-2.01136
-1.34354
-0.0104443
-5.39302e-12
-4.9978e-10
-1.09372
-104.49
-102.588
-71.7024
-6.90622
-0.33547
-0.169615
-0.176145
-0.170794
-0.322315
-9.81975
-47.9238
-77.6062
-112.995
-113.766
-108.375
-103.914
-102.633
-87.9845
-64.0835
-10.5179
-0.000392116
-2.8922e-07
-2.64768e-08
-2.64768e-08
-2.8922e-07
-0.000392116
-10.5179
-64.0835
-87.9845
-102.633
-103.914
-108.375
-113.766
-112.995
-77.6062
-47.9238
-9.81975
-0.322315
-0.170794
-0.176145
-0.169615
-0.33547
-6.90622
-71.7024
-102.588
-104.49
-1.09372
-4.9978e-10
-3.24661e-09
-1.6863
-108.376
-111.179
-134.822
-91.7604
-69.8848
-56.4362
-53.8557
-52.3629
-53.0635
-56.7916
-22.0832
-63.2968
-148.904
-144.075
-126.421
-108.011
-90.9625
-72.1134
-44.9165
-11.2859
-0.500644
-3.80597
-1.67684
-1.67684
-3.80597
-0.500644
-11.2859
-44.9165
-72.1134
-90.9625
-108.011
-126.421
-144.075
-148.904
-63.2968
-22.0832
-56.7916
-53.0635
-52.3629
-53.8557
-56.4362
-69.8848
-91.7604
-134.822
-111.179
-108.376
-1.6863
-3.24661e-09
-2.66906e-09
-0.503801
-133.896
-152.705
-173.71
-183.185
-226.217
-199.025
-188.475
-178.739
-170.005
-156.433
-68.7188
-147.4
-53553
-21335.2
-10146.5
-7581.78
-5753.52
-3987.38
-2212.61
-857.115
-295.839
-114.887
-7.39613
-7.39613
-114.887
-295.839
-857.115
-2212.61
-3987.38
-5753.52
-7581.78
-10146.5
-21335.2
-53553
-147.4
-68.7188
-156.433
-170.005
-178.739
-188.475
-199.025
-226.217
-183.185
-173.71
-152.705
-133.896
-0.503801
-2.66906e-09
