-2.34102e-06
-6.69088
-32.0631
-11.5871
-22.4341
-31.8186
-61.3446
-75.5098
-77.9839
-79.0691
-78.4426
-70.0699
-55.3485
-137.2
-46259.7
-17902.5
-8196.66
-6039.61
-4584.62
-3233.84
-1857.56
-742.069
-246.471
-91.3349
-10.0853
-10.0853
-91.3349
-246.471
-742.069
-1857.56
-3233.84
-4584.62
-6039.61
-8196.66
-17902.5
-46259.7
-137.2
-55.3485
-70.0699
-78.4426
-79.0691
-77.9839
-75.5098
-61.3446
-31.8186
-22.4341
-11.5871
-32.0631
-6.69088
-2.34102e-06
-2.27939e-05
-7.19719
-29.884
-19.9119
-21.4796
-18.1928
-18.6124
-20.3438
-23.0186
-26.1434
-29.1738
-29.4569
-17.8457
-63.244
-127.8
-116.629
-100.095
-84.6474
-71.1747
-57.0772
-38.9418
-10.5174
-0.441066
-2.02545
-8.5873
-8.5873
-2.02545
-0.441066
-10.5174
-38.9418
-57.0772
-71.1747
-84.6474
-100.095
-116.629
-127.8
-63.244
-17.8457
-29.4569
-29.1738
-26.1434
-23.0186
-20.3438
-18.6124
-18.1928
-21.4796
-19.9119
-29.884
-7.19719
-2.27939e-05
-0.00016647
-15.8504
-46.3562
-24.7628
-29.6202
-25.0026
-1.29054
-0.2589
-0.365427
-0.526025
-2.88846
-16.7836
-34.2263
-73.9226
-88.0284
-87.8773
-83.1306
-79.3728
-77.6052
-71.3919
-48.1788
-16.6408
-0.0454474
-5.92493e-05
-0.000119577
-0.000119577
-5.92493e-05
-0.0454474
-16.6408
-48.1788
-71.3919
-77.6052
-79.3728
-83.1306
-87.8773
-88.0284
-73.9226
-34.2263
-16.7836
-2.88846
-0.526025
-0.365427
-0.2589
-1.29054
-25.0026
-29.6202
-24.7628
-46.3562
-15.8504
-0.00016647
-7.39663e-05
-8.41844
-83.4632
-51.6743
-21.5993
-0.212536
-6.47782e-05
-2.09524e-09
-1.78511e-09
-0.000821214
-5.85743
-41.0546
-58.0514
-79.7565
-75.2818
-70.3412
-68.7402
-73.1786
-80.6478
-56.4861
-39.2869
-17.5241
-0.0023578
-6.21103e-09
-5.31157e-09
-5.31157e-09
-6.21103e-09
-0.0023578
-17.5241
-39.2869
-56.4861
-80.6478
-73.1786
-68.7402
-70.3412
-75.2818
-79.7565
-58.0514
-41.0546
-5.85743
-0.000821214
-1.78511e-09
-2.09524e-09
-6.47782e-05
-0.212536
-21.5993
-51.6743
-83.4632
-8.41844
-7.39663e-05
-3.29566e-07
-0.0915189
-3.48232
-1.73168
-0.0207908
-2.02564e-06
-1.1629e-09
-1.38432e-09
-0.000108915
-0.880988
-21.6176
-46.6078
-84.3412
-75.5321
-65.6956
-53.5549
-52.214
-65.6074
-83.5295
-49.9339
-29.4464
-3.88209
-5.29352e-05
-4.48285e-09
-3.38233e-09
-3.38233e-09
-4.48285e-09
-5.29352e-05
-3.88209
-29.4464
-49.9339
-83.5295
-65.6074
-52.214
-53.5549
-65.6956
-75.5321
-84.3412
-46.6078
-21.6176
-0.880988
-0.000108915
-1.38432e-09
-1.1629e-09
-2.02564e-06
-0.0207908
-1.73168
-3.48232
-0.0915189
-3.29566e-07
-1.64131e-09
-2.58619e-09
-2.72663e-08
-7.30479e-09
-7.96313e-10
-5.30694e-10
-9.82384e-10
-5.11082e-05
-0.410498
-20.2704
-38.0022
-75.2027
-80.5061
-73.931
-57.9891
-28.9892
-34.0222
-58.3437
-77.3206
-43.0412
-23.6759
-0.591994
-1.31117e-08
-3.63654e-09
-2.14229e-09
-2.14229e-09
-3.63654e-09
-1.31117e-08
-0.591994
-23.6759
-43.0412
-77.3206
-58.3437
-34.0222
-28.9892
-57.9891
-73.931
-80.5061
-75.2027
-38.0022
-20.2704
-0.410498
-5.11082e-05
-9.82384e-10
-5.30694e-10
-7.96313e-10
-7.30479e-09
-2.72663e-08
-2.58619e-09
-1.64131e-09
-3.85436e-10
-1.35564e-09
-1.76072e-09
-1.37137e-09
-1.12612e-09
-1.29641e-09
-5.53394e-08
-0.0351456
-21.9287
-37.2205
-57.8537
-84.3564
-81.6911
-73.3477
-42.6665
-26.0229
-35.7487
-64.186
-77.7909
-41.293
-27.8967
-0.473621
-7.18466e-09
-3.3075e-09
-1.39884e-09
-1.39884e-09
-3.3075e-09
-7.18466e-09
-0.473621
-27.8967
-41.293
-77.7909
-64.186
-35.7487
-26.0229
-42.6665
-73.3477
-81.6911
-84.3564
-57.8537
-37.2205
-21.9287
-0.0351456
-5.53394e-08
-1.29641e-09
-1.12612e-09
-1.37137e-09
-1.76072e-09
-1.35564e-09
-3.85436e-10
-8.29554e-10
-8.75996e-05
-0.0816604
-1.24528
-1.22461
-0.337541
-0.17608
-5.5765
-27.8195
-49.0331
-88.2296
-85.8433
-83.1692
-39.0703
-17.2354
-10.1533
-40.7319
-67.6308
-82.7323
-42.4646
-29.2933
-0.763318
-7.9698e-09
-3.28062e-09
-9.8144e-10
-9.8144e-10
-3.28062e-09
-7.9698e-09
-0.763318
-29.2933
-42.4646
-82.7323
-67.6308
-40.7319
-10.1533
-17.2354
-39.0703
-83.1692
-85.8433
-88.2296
-49.0331
-27.8195
-5.5765
-0.17608
-0.337541
-1.22461
-1.24528
-0.0816604
-8.75996e-05
-8.29554e-10
-4.19657e-09
-0.172935
-33.7567
-50.016
-33.1709
-24.4701
-22.1461
-24.2349
-36.5917
-81.2071
-86.3615
-87.85
-44.2593
-14.6207
-0.600724
-4.42776
-41.0839
-61.5808
-88.9407
-44.883
-29.2309
-1.07946
-8.78622e-09
-3.39613e-09
-7.60248e-10
-7.60248e-10
-3.39613e-09
-8.78622e-09
-1.07946
-29.2309
-44.883
-88.9407
-61.5808
-41.0839
-4.42776
-0.600724
-14.6207
-44.2593
-87.85
-86.3615
-81.2071
-36.5917
-24.2349
-22.1461
-24.4701
-33.1709
-50.016
-33.7567
-0.172935
-4.19657e-09
-1.76919e-06
-3.93957
-61.4817
-29.235
-30.6442
-33.872
-41.3515
-45.76
-60.4987
-81.2873
-86.9901
-46.3101
-19.6744
-1.29604
-0.000130976
-2.76521
-39.3654
-57.0442
-96.8784
-47.6959
-28.6919
-1.32452
-9.44053e-09
-3.53412e-09
-6.44327e-10
-6.44327e-10
-3.53412e-09
-9.44053e-09
-1.32452
-28.6919
-47.6959
-96.8784
-57.0442
-39.3654
-2.76521
-0.000130976
-1.29604
-19.6744
-46.3101
-86.9901
-81.2873
-60.4987
-45.76
-41.3515
-33.872
-30.6442
-29.235
-61.4817
-3.93957
-1.76919e-06
-8.53085e-06
-9.25766
-44.7195
-22.7495
-25.8928
-26.9779
-35.0996
-33.1905
-63.4222
-79.641
-47.0866
-28.5728
-7.54968
-0.000936276
-7.55356e-09
-0.727136
-26.9649
-54.86
-101.793
-49.0905
-28.7469
-1.45528
-9.83154e-09
-3.62234e-09
-5.76482e-10
-5.76482e-10
-3.62234e-09
-9.83154e-09
-1.45528
-28.7469
-49.0905
-101.793
-54.86
-26.9649
-0.727136
-7.55356e-09
-0.000936276
-7.54968
-28.5728
-47.0866
-79.641
-63.4222
-33.1905
-35.0996
-26.9779
-25.8928
-22.7495
-44.7195
-9.25766
-8.53085e-06
-2.2474e-06
-3.41171
-80.0896
-42.88
-33.185
-29.8604
-34.8249
-32.457
-68.8241
-52.2045
-40.2735
-27.6704
-0.0770267
-1.05982e-07
-2.0744e-09
-0.116963
-18.7293
-50.1542
-96.929
-47.3061
-29.682
-1.45272
-9.92077e-09
-3.62645e-09
-5.23896e-10
-5.23896e-10
-3.62645e-09
-9.92077e-09
-1.45272
-29.682
-47.3061
-96.929
-50.1542
-18.7293
-0.116963
-2.0744e-09
-1.05982e-07
-0.0770267
-27.6704
-40.2735
-52.2045
-68.8241
-32.457
-34.8249
-29.8604
-33.185
-42.88
-80.0896
-3.41171
-2.2474e-06
-3.42362e-09
-0.0535663
-4.31781
-12.2578
-14.3055
-17.1697
-34.3356
-46.2618
-72.4047
-38.8689
-23.1316
-1.23755
-0.000175172
-1.62091e-09
-2.43761e-09
-0.0600512
-21.6579
-44.1663
-87.0208
-43.3276
-32.1261
-1.32913
-9.71594e-09
-3.54255e-09
-4.70953e-10
-4.70953e-10
-3.54255e-09
-9.71594e-09
-1.32913
-32.1261
-43.3276
-87.0208
-44.1663
-21.6579
-0.0600512
-2.43761e-09
-1.62091e-09
-0.000175172
-1.23755
-23.1316
-38.8689
-72.4047
-46.2618
-34.3356
-17.1697
-14.3055
-12.2578
-4.31781
-0.0535663
-3.42362e-09
-1.43672e-09
-3.56795e-09
-3.74695e-06
-0.000130789
-0.193289
-21.3489
-45.4843
-68.4997
-54.2729
-37.5062
-12.2238
-0.00190203
-2.39276e-09
-1.30004e-09
-2.80654e-09
-0.0791809
-26.4087
-38.2089
-76.3609
-38.6798
-35.7161
-1.10049
-9.2906e-09
-3.40073e-09
-4.17238e-10
-4.17238e-10
-3.40073e-09
-9.2906e-09
-1.10049
-35.7161
-38.6798
-76.3609
-38.2089
-26.4087
-0.0791809
-2.80654e-09
-1.30004e-09
-2.39276e-09
-0.00190203
-12.2238
-37.5062
-54.2729
-68.4997
-45.4843
-21.3489
-0.193289
-0.000130789
-3.74695e-06
-3.56795e-09
-1.43672e-09
-5.61251e-10
-2.24313e-09
-4.1715e-09
-0.000100789
-0.955316
-22.043
-45.0183
-72.0578
-41.3247
-28.5577
-0.638724
-1.91869e-06
-1.43909e-09
-1.09388e-09
-3.17999e-09
-0.109598
-30.5249
-39.7043
-65.5775
-38.8455
-39.2852
-0.847322
-1.12077e-08
-3.27478e-09
-3.77381e-10
-3.77381e-10
-3.27478e-09
-1.12077e-08
-0.847322
-39.2852
-38.8455
-65.5775
-39.7043
-30.5249
-0.109598
-3.17999e-09
-1.09388e-09
-1.43909e-09
-1.91869e-06
-0.638724
-28.5577
-41.3247
-72.0578
-45.0183
-22.043
-0.955316
-0.000100789
-4.1715e-09
-2.24313e-09
-5.61251e-10
-5.83527e-10
-2.5813e-09
-2.51352e-07
-0.0812965
-23.9962
-36.4388
-56.6214
-58.1812
-42.8868
-16.3222
-0.00673998
-2.71039e-09
-7.63695e-10
-1.02883e-09
-9.53691e-09
-0.203618
-36.4059
-56.0615
-53.9771
-57.7451
-43.0225
-1.92151
-8.96984e-05
-3.28326e-09
-3.74108e-10
-3.74108e-10
-3.28326e-09
-8.96984e-05
-1.92151
-43.0225
-57.7451
-53.9771
-56.0615
-36.4059
-0.203618
-9.53691e-09
-1.02883e-09
-7.63695e-10
-2.71039e-09
-0.00673998
-16.3222
-42.8868
-58.1812
-56.6214
-36.4388
-23.9962
-0.0812965
-2.51352e-07
-2.5813e-09
-5.83527e-10
-1.25928e-09
-3.98325e-09
-0.0164203
-12.9829
-19.7199
-28.9898
-50.379
-34.8947
-19.1176
-1.67062
-1.85774e-05
-1.7189e-09
-3.21584e-10
-1.1507e-09
-0.000698456
-2.73603
-51.7606
-83.0754
-76.6206
-85.8643
-61.8849
-18.6334
-0.033395
-3.56427e-09
-4.18246e-10
-4.18246e-10
-3.56427e-09
-0.033395
-18.6334
-61.8849
-85.8643
-76.6206
-83.0754
-51.7606
-2.73603
-0.000698456
-1.1507e-09
-3.21584e-10
-1.7189e-09
-1.85774e-05
-1.67062
-19.1176
-34.8947
-50.379
-28.9898
-19.7199
-12.9829
-0.0164203
-3.98325e-09
-1.25928e-09
-1.95263e-09
-0.000164749
-2.62336
-39.5841
-17.6675
-23.7339
-27.6949
-26.0157
-19.1094
-0.82817
-1.57684e-07
-1.21458e-09
-1.19968e-10
-3.99191e-08
-0.0916954
-32.609
-87.5271
-98.3358
-69.3709
-95.7936
-84.6639
-65.7047
-1.35177
-6.46267e-05
-4.87691e-10
-4.87691e-10
-6.46267e-05
-1.35177
-65.7047
-84.6639
-95.7936
-69.3709
-98.3358
-87.5271
-32.609
-0.0916954
-3.99191e-08
-1.19968e-10
-1.21458e-09
-1.57684e-07
-0.82817
-19.1094
-26.0157
-27.6949
-23.7339
-17.6675
-39.5841
-2.62336
-0.000164749
-1.95263e-09
-2.12369e-09
-0.0664989
-37.4661
-16.6161
-21.286
-21.9048
-20.4171
-21.2041
-21.1286
-11.1198
-0.00204103
-1.10149e-09
-1.07175e-10
-0.00139525
-3.85606
-67.3416
-112.853
-115.917
-90.3663
-104.546
-109.592
-89.659
-17.8583
-0.0201157
-5.61197e-10
-5.61197e-10
-0.0201157
-17.8583
-89.659
-109.592
-104.546
-90.3663
-115.917
-112.853
-67.3416
-3.85606
-0.00139525
-1.07175e-10
-1.10149e-09
-0.00204103
-11.1198
-21.1286
-21.2041
-20.4171
-21.9048
-21.286
-16.6161
-37.4661
-0.0664989
-2.12369e-09
-5.61579e-08
-1.55033
-37.3253
-17.8488
-20.2241
-18.7069
-15.924
-22.4185
-32.0866
-55.0372
-0.237699
-1.22225e-09
-1.13273e-09
-0.194392
-32.394
-79.7379
-110.89
-100.163
-58.1104
-96.4438
-117.036
-97.2018
-55.7811
-0.455395
-4.70465e-09
-4.70465e-09
-0.455395
-55.7811
-97.2018
-117.036
-96.4438
-58.1104
-100.163
-110.89
-79.7379
-32.394
-0.194392
-1.13273e-09
-1.22225e-09
-0.237699
-55.0372
-32.0866
-22.4185
-15.924
-18.7069
-20.2241
-17.8488
-37.3253
-1.55033
-5.61579e-08
-1.57159e-05
-7.44849
-30.799
-20.1209
-20.4592
-14.4104
-14.3545
-30.0234
-36.3404
-70.6761
-3.23179
-3.66934e-08
-8.25813e-06
-3.78013
-47.5421
-57.8461
-85.3017
-72.4404
-48.1135
-78.7016
-108.784
-88.2177
-85.7927
-3.06571
-2.59866e-06
-2.59866e-06
-3.06571
-85.7927
-88.2177
-108.784
-78.7016
-48.1135
-72.4404
-85.3017
-57.8461
-47.5421
-3.78013
-8.25813e-06
-3.66934e-08
-3.23179
-70.6761
-36.3404
-30.0234
-14.3545
-14.4104
-20.4592
-20.1209
-30.799
-7.44849
-1.57159e-05
-0.00013501
-17.2876
-41.5493
-22.7357
-24.4046
-32.1459
-42.7609
-55.4981
-67.8064
-103.45
-3.43671
-6.19662e-08
-0.00021872
-16.988
-46.3092
-37.5595
-53.4211
-22.6815
-1.91784
-15.3651
-75.1259
-62.9301
-77.4466
-10.0869
-2.10367e-05
-2.10367e-05
-10.0869
-77.4466
-62.9301
-75.1259
-15.3651
-1.91784
-22.6815
-53.4211
-37.5595
-46.3092
-16.988
-0.00021872
-6.19662e-08
-3.43671
-103.45
-67.8064
-55.4981
-42.7609
-32.1459
-24.4046
-22.7357
-41.5493
-17.2876
-0.00013501
-4.78112e-05
-7.59235
-79.2743
-48.216
-42.9423
-4.59881
-1.58238
-5.95554
-18.7147
-8.34932
-0.0889082
-2.55482e-09
-0.000115993
-11.9625
-63.4501
-46.8561
-23.5444
-0.221721
-0.00119808
-0.0799748
-11.5019
-57.1964
-76.7582
-4.29999
-4.77857e-06
-4.77857e-06
-4.29999
-76.7582
-57.1964
-11.5019
-0.0799748
-0.00119808
-0.221721
-23.5444
-46.8561
-63.4501
-11.9625
-0.000115993
-2.55482e-09
-0.0889082
-8.34932
-18.7147
-5.95554
-1.58238
-4.59881
-42.9423
-48.216
-79.2743
-7.59235
-4.78112e-05
-1.12004e-07
-0.0703044
-3.17623
-2.74828
-0.137401
-0.000510262
-4.97639e-07
-6.33342e-05
-0.000441716
-9.94505e-05
-1.70926e-07
-1.3951e-09
-3.7006e-07
-0.120416
-4.51693
-2.99477
-0.0610657
-2.62107e-05
-2.93311e-09
-2.56699e-06
-0.0186888
-1.12005
-1.67129
-0.0351001
-4.16359e-09
-4.16359e-09
-0.0351001
-1.67129
-1.12005
-0.0186888
-2.56699e-06
-2.93311e-09
-2.62107e-05
-0.0610657
-2.99477
-4.51693
-0.120416
-3.7006e-07
-1.3951e-09
-1.70926e-07
-9.94505e-05
-0.000441716
-6.33342e-05
-4.97639e-07
-0.000510262
-0.137401
-2.74828
-3.17623
-0.0703044
-1.12004e-07
-5.90477e-10
-1.4243e-09
-1.68808e-08
-9.32993e-09
-8.04256e-10
-8.39838e-10
-8.6287e-10
-9.72323e-10
-1.15672e-09
-1.15857e-09
-6.9256e-10
-2.02538e-10
-4.0945e-10
-1.28612e-09
-3.08844e-08
-1.26945e-08
-8.05595e-10
-6.22865e-10
-4.21727e-10
-3.91037e-10
-5.15862e-10
-7.08893e-10
-1.04676e-09
-9.32483e-10
-2.92635e-10
-2.92635e-10
-9.32483e-10
-1.04676e-09
-7.08893e-10
-5.15862e-10
-3.91037e-10
-4.21727e-10
-6.22865e-10
-8.05595e-10
-1.26945e-08
-3.08844e-08
-1.28612e-09
-4.0945e-10
-2.02538e-10
-6.9256e-10
-1.15857e-09
-1.15672e-09
-9.72323e-10
-8.6287e-10
-8.39838e-10
-8.04256e-10
-9.32993e-09
-1.68808e-08
-1.4243e-09
-5.90477e-10
-5.90477e-10
-1.4243e-09
-1.68808e-08
-9.32993e-09
-8.04256e-10
-8.39838e-10
-8.6287e-10
-9.72323e-10
-1.15672e-09
-1.15857e-09
-6.9256e-10
-2.02538e-10
-4.0945e-10
-1.28612e-09
-3.08844e-08
-1.26945e-08
-8.05595e-10
-6.22865e-10
-4.21727e-10
-3.91037e-10
-5.15862e-10
-7.08893e-10
-1.04676e-09
-9.32483e-10
-2.92635e-10
-2.92635e-10
-9.32483e-10
-1.04676e-09
-7.08893e-10
-5.15862e-10
-3.91037e-10
-4.21727e-10
-6.22865e-10
-8.05595e-10
-1.26945e-08
-3.08844e-08
-1.28612e-09
-4.0945e-10
-2.02538e-10
-6.9256e-10
-1.15857e-09
-1.15672e-09
-9.72323e-10
-8.6287e-10
-8.39838e-10
-8.04256e-10
-9.32993e-09
-1.68808e-08
-1.4243e-09
-5.90477e-10
-1.12004e-07
-0.0703044
-3.17623
-2.74828
-0.137401
-0.000510262
-4.97639e-07
-6.33342e-05
-0.000441716
-9.94505e-05
-1.70926e-07
-1.3951e-09
-3.7006e-07
-0.120416
-4.51693
-2.99477
-0.0610657
-2.62107e-05
-2.93311e-09
-2.56699e-06
-0.0186888
-1.12005
-1.67129
-0.0351001
-4.16359e-09
-4.16359e-09
-0.0351001
-1.67129
-1.12005
-0.0186888
-2.56699e-06
-2.93311e-09
-2.62107e-05
-0.0610657
-2.99477
-4.51693
-0.120416
-3.7006e-07
-1.3951e-09
-1.70926e-07
-9.94505e-05
-0.000441716
-6.33342e-05
-4.97639e-07
-0.000510262
-0.137401
-2.74828
-3.17623
-0.0703044
-1.12004e-07
-4.78112e-05
-7.59235
-79.2743
-48.216
-42.9423
-4.59881
-1.58238
-5.95554
-18.7147
-8.34932
-0.0889082
-2.55482e-09
-0.000115993
-11.9625
-63.4501
-46.8561
-23.5444
-0.221721
-0.00119808
-0.0799748
-11.5019
-57.1964
-76.7582
-4.29999
-4.77857e-06
-4.77857e-06
-4.29999
-76.7582
-57.1964
-11.5019
-0.0799748
-0.00119808
-0.221721
-23.5444
-46.8561
-63.4501
-11.9625
-0.000115993
-2.55482e-09
-0.0889082
-8.34932
-18.7147
-5.95554
-1.58238
-4.59881
-42.9423
-48.216
-79.2743
-7.59235
-4.78112e-05
-0.00013501
-17.2876
-41.5493
-22.7357
-24.4046
-32.1459
-42.7609
-55.4981
-67.8064
-103.45
-3.43671
-6.19662e-08
-0.00021872
-16.988
-46.3092
-37.5595
-53.4211
-22.6815
-1.91784
-15.3651
-75.1259
-62.9301
-77.4466
-10.0869
-2.10367e-05
-2.10367e-05
-10.0869
-77.4466
-62.9301
-75.1259
-15.3651
-1.91784
-22.6815
-53.4211
-37.5595
-46.3092
-16.988
-0.00021872
-6.19662e-08
-3.43671
-103.45
-67.8064
-55.4981
-42.7609
-32.1459
-24.4046
-22.7357
-41.5493
-17.2876
-0.00013501
-1.57159e-05
-7.44849
-30.799
-20.1209
-20.4592
-14.4104
-14.3545
-30.0234
-36.3404
-70.6761
-3.23179
-3.66934e-08
-8.25813e-06
-3.78013
-47.5421
-57.8461
-85.3017
-72.4404
-48.1135
-78.7016
-108.784
-88.2177
-85.7927
-3.06571
-2.59866e-06
-2.59866e-06
-3.06571
-85.7927
-88.2177
-108.784
-78.7016
-48.1135
-72.4404
-85.3017
-57.8461
-47.5421
-3.78013
-8.25813e-06
-3.66934e-08
-3.23179
-70.6761
-36.3404
-30.0234
-14.3545
-14.4104
-20.4592
-20.1209
-30.799
-7.44849
-1.57159e-05
-5.61579e-08
-1.55033
-37.3253
-17.8488
-20.2241
-18.7069
-15.924
-22.4185
-32.0866
-55.0372
-0.237699
-1.22225e-09
-1.13273e-09
-0.194392
-32.394
-79.7379
-110.89
-100.163
-58.1104
-96.4438
-117.036
-97.2018
-55.7811
-0.455395
-4.70465e-09
-4.70465e-09
-0.455395
-55.7811
-97.2018
-117.036
-96.4438
-58.1104
-100.163
-110.89
-79.7379
-32.394
-0.194392
-1.13273e-09
-1.22225e-09
-0.237699
-55.0372
-32.0866
-22.4185
-15.924
-18.7069
-20.2241
-17.8488
-37.3253
-1.55033
-5.61579e-08
-2.12369e-09
-0.0664989
-37.4661
-16.6161
-21.286
-21.9048
-20.4171
-21.2041
-21.1286
-11.1198
-0.00204103
-1.10149e-09
-1.07175e-10
-0.00139525
-3.85606
-67.3416
-112.853
-115.917
-90.3663
-104.546
-109.592
-89.659
-17.8583
-0.0201157
-5.61197e-10
-5.61197e-10
-0.0201157
-17.8583
-89.659
-109.592
-104.546
-90.3663
-115.917
-112.853
-67.3416
-3.85606
-0.00139525
-1.07175e-10
-1.10149e-09
-0.00204103
-11.1198
-21.1286
-21.2041
-20.4171
-21.9048
-21.286
-16.6161
-37.4661
-0.0664989
-2.12369e-09
-1.95263e-09
-0.000164749
-2.62336
-39.5841
-17.6675
-23.7339
-27.6949
-26.0157
-19.1094
-0.82817
-1.57684e-07
-1.21458e-09
-1.19968e-10
-3.99191e-08
-0.0916954
-32.609
-87.5271
-98.3358
-69.3709
-95.7936
-84.6639
-65.7047
-1.35177
-6.46267e-05
-4.87691e-10
-4.87691e-10
-6.46267e-05
-1.35177
-65.7047
-84.6639
-95.7936
-69.3709
-98.3358
-87.5271
-32.609
-0.0916954
-3.99191e-08
-1.19968e-10
-1.21458e-09
-1.57684e-07
-0.82817
-19.1094
-26.0157
-27.6949
-23.7339
-17.6675
-39.5841
-2.62336
-0.000164749
-1.95263e-09
-1.25928e-09
-3.98325e-09
-0.0164203
-12.9829
-19.7199
-28.9898
-50.379
-34.8947
-19.1176
-1.67062
-1.85774e-05
-1.7189e-09
-3.21584e-10
-1.1507e-09
-0.000698456
-2.73603
-51.7606
-83.0754
-76.6206
-85.8643
-61.8849
-18.6334
-0.033395
-3.56427e-09
-4.18246e-10
-4.18246e-10
-3.56427e-09
-0.033395
-18.6334
-61.8849
-85.8643
-76.6206
-83.0754
-51.7606
-2.73603
-0.000698456
-1.1507e-09
-3.21584e-10
-1.7189e-09
-1.85774e-05
-1.67062
-19.1176
-34.8947
-50.379
-28.9898
-19.7199
-12.9829
-0.0164203
-3.98325e-09
-1.25928e-09
-5.83527e-10
-2.5813e-09
-2.51352e-07
-0.0812965
-23.9962
-36.4388
-56.6214
-58.1812
-42.8868
-16.3222
-0.00673998
-2.71039e-09
-7.63695e-10
-1.02883e-09
-9.53691e-09
-0.203618
-36.4059
-56.0615
-53.9771
-57.7451
-43.0225
-1.92151
-8.96984e-05
-3.28326e-09
-3.74108e-10
-3.74108e-10
-3.28326e-09
-8.96984e-05
-1.92151
-43.0225
-57.7451
-53.9771
-56.0615
-36.4059
-0.203618
-9.53691e-09
-1.02883e-09
-7.63695e-10
-2.71039e-09
-0.00673998
-16.3222
-42.8868
-58.1812
-56.6214
-36.4388
-23.9962
-0.0812965
-2.51352e-07
-2.5813e-09
-5.83527e-10
-5.61251e-10
-2.24313e-09
-4.1715e-09
-0.000100789
-0.955316
-22.043
-45.0183
-72.0578
-41.3247
-28.5577
-0.638724
-1.91869e-06
-1.43909e-09
-1.09388e-09
-3.17999e-09
-0.109598
-30.5249
-39.7043
-65.5775
-38.8455
-39.2852
-0.847322
-1.12077e-08
-3.27478e-09
-3.77381e-10
-3.77381e-10
-3.27478e-09
-1.12077e-08
-0.847322
-39.2852
-38.8455
-65.5775
-39.7043
-30.5249
-0.109598
-3.17999e-09
-1.09388e-09
-1.43909e-09
-1.91869e-06
-0.638724
-28.5577
-41.3247
-72.0578
-45.0183
-22.043
-0.955316
-0.000100789
-4.1715e-09
-2.24313e-09
-5.61251e-10
-1.43672e-09
-3.56795e-09
-3.74695e-06
-0.000130789
-0.193289
-21.3489
-45.4843
-68.4997
-54.2729
-37.5062
-12.2238
-0.00190203
-2.39276e-09
-1.30004e-09
-2.80654e-09
-0.0791809
-26.4087
-38.2089
-76.3609
-38.6798
-35.7161
-1.10049
-9.2906e-09
-3.40073e-09
-4.17238e-10
-4.17238e-10
-3.40073e-09
-9.2906e-09
-1.10049
-35.7161
-38.6798
-76.3609
-38.2089
-26.4087
-0.0791809
-2.80654e-09
-1.30004e-09
-2.39276e-09
-0.00190203
-12.2238
-37.5062
-54.2729
-68.4997
-45.4843
-21.3489
-0.193289
-0.000130789
-3.74695e-06
-3.56795e-09
-1.43672e-09
-3.42362e-09
-0.0535663
-4.31781
-12.2578
-14.3055
-17.1697
-34.3356
-46.2618
-72.4047
-38.8689
-23.1316
-1.23755
-0.000175172
-1.62091e-09
-2.43761e-09
-0.0600512
-21.6579
-44.1663
-87.0208
-43.3276
-32.1261
-1.32913
-9.71594e-09
-3.54255e-09
-4.70953e-10
-4.70953e-10
-3.54255e-09
-9.71594e-09
-1.32913
-32.1261
-43.3276
-87.0208
-44.1663
-21.6579
-0.0600512
-2.43761e-09
-1.62091e-09
-0.000175172
-1.23755
-23.1316
-38.8689
-72.4047
-46.2618
-34.3356
-17.1697
-14.3055
-12.2578
-4.31781
-0.0535663
-3.42362e-09
-2.2474e-06
-3.41171
-80.0896
-42.88
-33.185
-29.8604
-34.8249
-32.457
-68.8241
-52.2045
-40.2735
-27.6704
-0.0770267
-1.05982e-07
-2.0744e-09
-0.116963
-18.7293
-50.1542
-96.929
-47.3061
-29.682
-1.45272
-9.92077e-09
-3.62645e-09
-5.23896e-10
-5.23896e-10
-3.62645e-09
-9.92077e-09
-1.45272
-29.682
-47.3061
-96.929
-50.1542
-18.7293
-0.116963
-2.0744e-09
-1.05982e-07
-0.0770267
-27.6704
-40.2735
-52.2045
-68.8241
-32.457
-34.8249
-29.8604
-33.185
-42.88
-80.0896
-3.41171
-2.2474e-06
-8.53085e-06
-9.25766
-44.7195
-22.7495
-25.8928
-26.9779
-35.0996
-33.1905
-63.4222
-79.641
-47.0866
-28.5728
-7.54968
-0.000936276
-7.55356e-09
-0.727136
-26.9649
-54.86
-101.793
-49.0905
-28.7469
-1.45528
-9.83154e-09
-3.62234e-09
-5.76482e-10
-5.76482e-10
-3.62234e-09
-9.83154e-09
-1.45528
-28.7469
-49.0905
-101.793
-54.86
-26.9649
-0.727136
-7.55356e-09
-0.000936276
-7.54968
-28.5728
-47.0866
-79.641
-63.4222
-33.1905
-35.0996
-26.9779
-25.8928
-22.7495
-44.7195
-9.25766
-8.53085e-06
-1.76919e-06
-3.93957
-61.4817
-29.235
-30.6442
-33.872
-41.3515
-45.76
-60.4987
-81.2873
-86.9901
-46.3101
-19.6744
-1.29604
-0.000130976
-2.76521
-39.3654
-57.0442
-96.8784
-47.6959
-28.6919
-1.32452
-9.44053e-09
-3.53412e-09
-6.44327e-10
-6.44327e-10
-3.53412e-09
-9.44053e-09
-1.32452
-28.6919
-47.6959
-96.8784
-57.0442
-39.3654
-2.76521
-0.000130976
-1.29604
-19.6744
-46.3101
-86.9901
-81.2873
-60.4987
-45.76
-41.3515
-33.872
-30.6442
-29.235
-61.4817
-3.93957
-1.76919e-06
-4.19657e-09
-0.172935
-33.7567
-50.016
-33.1709
-24.4701
-22.1461
-24.2349
-36.5917
-81.2071
-86.3615
-87.85
-44.2593
-14.6207
-0.600724
-4.42776
-41.0839
-61.5808
-88.9407
-44.883
-29.2309
-1.07946
-8.78622e-09
-3.39613e-09
-7.60248e-10
-7.60248e-10
-3.39613e-09
-8.78622e-09
-1.07946
-29.2309
-44.883
-88.9407
-61.5808
-41.0839
-4.42776
-0.600724
-14.6207
-44.2593
-87.85
-86.3615
-81.2071
-36.5917
-24.2349
-22.1461
-24.4701
-33.1709
-50.016
-33.7567
-0.172935
-4.19657e-09
-8.29554e-10
-8.75996e-05
-0.0816604
-1.24528
-1.22461
-0.337541
-0.17608
-5.5765
-27.8195
-49.0331
-88.2296
-85.8433
-83.1692
-39.0703
-17.2354
-10.1533
-40.7319
-67.6308
-82.7323
-42.4646
-29.2933
-0.763318
-7.9698e-09
-3.28062e-09
-9.8144e-10
-9.8144e-10
-3.28062e-09
-7.9698e-09
-0.763318
-29.2933
-42.4646
-82.7323
-67.6308
-40.7319
-10.1533
-17.2354
-39.0703
-83.1692
-85.8433
-88.2296
-49.0331
-27.8195
-5.5765
-0.17608
-0.337541
-1.22461
-1.24528
-0.0816604
-8.75996e-05
-8.29554e-10
-3.85436e-10
-1.35564e-09
-1.76072e-09
-1.37137e-09
-1.12612e-09
-1.29641e-09
-5.53394e-08
-0.0351456
-21.9287
-37.2205
-57.8537
-84.3564
-81.6911
-73.3477
-42.6665
-26.0229
-35.7487
-64.186
-77.7909
-41.293
-27.8967
-0.473621
-7.18466e-09
-3.3075e-09
-1.39884e-09
-1.39884e-09
-3.3075e-09
-7.18466e-09
-0.473621
-27.8967
-41.293
-77.7909
-64.186
-35.7487
-26.0229
-42.6665
-73.3477
-81.6911
-84.3564
-57.8537
-37.2205
-21.9287
-0.0351456
-5.53394e-08
-1.29641e-09
-1.12612e-09
-1.37137e-09
-1.76072e-09
-1.35564e-09
-3.85436e-10
-1.64131e-09
-2.58619e-09
-2.72663e-08
-7.30479e-09
-7.96313e-10
-5.30694e-10
-9.82384e-10
-5.11082e-05
-0.410498
-20.2704
-38.0022
-75.2027
-80.5061
-73.931
-57.9891
-28.9892
-34.0222
-58.3437
-77.3206
-43.0412
-23.6759
-0.591994
-1.31117e-08
-3.63654e-09
-2.14229e-09
-2.14229e-09
-3.63654e-09
-1.31117e-08
-0.591994
-23.6759
-43.0412
-77.3206
-58.3437
-34.0222
-28.9892
-57.9891
-73.931
-80.5061
-75.2027
-38.0022
-20.2704
-0.410498
-5.11082e-05
-9.82384e-10
-5.30694e-10
-7.96313e-10
-7.30479e-09
-2.72663e-08
-2.58619e-09
-1.64131e-09
-3.29566e-07
-0.0915189
-3.48232
-1.73168
-0.0207908
-2.02564e-06
-1.1629e-09
-1.38432e-09
-0.000108915
-0.880988
-21.6176
-46.6078
-84.3412
-75.5321
-65.6956
-53.5549
-52.214
-65.6074
-83.5295
-49.9339
-29.4464
-3.88209
-5.29352e-05
-4.48285e-09
-3.38233e-09
-3.38233e-09
-4.48285e-09
-5.29352e-05
-3.88209
-29.4464
-49.9339
-83.5295
-65.6074
-52.214
-53.5549
-65.6956
-75.5321
-84.3412
-46.6078
-21.6176
-0.880988
-0.000108915
-1.38432e-09
-1.1629e-09
-2.02564e-06
-0.0207908
-1.73168
-3.48232
-0.0915189
-3.29566e-07
-7.39663e-05
-8.41844
-83.4632
-51.6743
-21.5993
-0.212536
-6.47782e-05
-2.09524e-09
-1.78511e-09
-0.000821214
-5.85743
-41.0546
-58.0514
-79.7565
-75.2818
-70.3412
-68.7402
-73.1786
-80.6478
-56.4861
-39.2869
-17.5241
-0.0023578
-6.21103e-09
-5.31157e-09
-5.31157e-09
-6.21103e-09
-0.0023578
-17.5241
-39.2869
-56.4861
-80.6478
-73.1786
-68.7402
-70.3412
-75.2818
-79.7565
-58.0514
-41.0546
-5.85743
-0.000821214
-1.78511e-09
-2.09524e-09
-6.47782e-05
-0.212536
-21.5993
-51.6743
-83.4632
-8.41844
-7.39663e-05
-0.00016647
-15.8504
-46.3562
-24.7628
-29.6202
-25.0026
-1.29054
-0.2589
-0.365427
-0.526025
-2.88846
-16.7836
-34.2263
-73.9226
-88.0284
-87.8773
-83.1306
-79.3728
-77.6052
-71.3919
-48.1788
-16.6408
-0.0454474
-5.92493e-05
-0.000119577
-0.000119577
-5.92493e-05
-0.0454474
-16.6408
-48.1788
-71.3919
-77.6052
-79.3728
-83.1306
-87.8773
-88.0284
-73.9226
-34.2263
-16.7836
-2.88846
-0.526025
-0.365427
-0.2589
-1.29054
-25.0026
-29.6202
-24.7628
-46.3562
-15.8504
-0.00016647
-2.27939e-05
-7.19719
-29.884
-19.9119
-21.4796
-18.1928
-18.6124
-20.3438
-23.0186
-26.1434
-29.1738
-29.4569
-17.8457
-63.244
-127.8
-116.629
-100.095
-84.6474
-71.1747
-57.0772
-38.9418
-10.5174
-0.441066
-2.02545
-8.5873
-8.5873
-2.02545
-0.441066
-10.5174
-38.9418
-57.0772
-71.1747
-84.6474
-100.095
-116.629
-127.8
-63.244
-17.8457
-29.4569
-29.1738
-26.1434
-23.0186
-20.3438
-18.6124
-18.1928
-21.4796
-19.9119
-29.884
-7.19719
-2.27939e-05
-2.34102e-06
-6.69088
-32.0631
-11.5871
-22.4341
-31.8186
-61.3446
-75.5098
-77.9839
-79.0691
-78.4426
-70.0699
-55.3485
-137.2
-46259.7
-17902.5
-8196.66
-6039.61
-4584.62
-3233.84
-1857.56
-742.069
-246.471
-91.3349
-10.0853
-10.0853
-91.3349
-246.471
-742.069
-1857.56
-3233.84
-4584.62
-6039.61
-8196.66
-17902.5
-46259.7
-137.2
-55.3485
-70.0699
-78.4426
-79.0691
-77.9839
-75.5098
-61.3446
-31.8186
-22.4341
-11.5871
-32.0631
-6.69088
-2.34102e-06
