-7.05436e-24
-4.95415e-23
-1.04411
-5.92196
-29.4357
-29.9935
-57.233
-88.9712
-85.4262
-88.8792
-90.2741
-87.2779
-104.65
-292.504
-105255
-41639.5
-19527.4
-14260.4
-10249
-6129.54
-2441.23
-628.348
-315
-145.387
-0.80846
-0.812787
-145.463
-315.054
-628.27
-2438
-6117.72
-10226.2
-14226
-19476.5
-41513.3
-104896
-291.028
-103.741
-86.1831
-89.0322
-87.5863
-84.1358
-87.606
-56.3653
-29.5615
-29.0439
-5.85194
-1.03729
-4.90437e-23
-6.98501e-24
-8.4939e-24
-3.28067e-23
-0.525232
-87.625
-28.6883
-7.3046
-22.8722
-35.8731
-31.6601
-35.3515
-36.3537
-26.3411
-39.1273
-135.366
-291.516
-280.18
-245.933
-209.355
-175.657
-139.034
-40.7802
-1.74923
-0.819467
-37.4631
-0.0112854
-0.0113274
-37.296
-0.819456
-1.75372
-40.7105
-138.711
-175.247
-208.846
-245.317
-279.461
-290.66
-134.923
-38.9203
-25.9834
-35.8488
-34.8357
-31.1758
-35.3012
-22.5049
-7.19055
-28.2157
-86.2955
-0.519644
-3.23875e-23
-8.31834e-24
-1.37429e-23
-3.03936e-23
-0.000435228
-1.85886
-1.36261
-0.0553464
-0.0792004
-0.0404068
-0.00115273
-0.000347579
-0.00103914
-2.46918
-59.8373
-156.361
-207.785
-220.617
-214.136
-207.968
-228.957
-147.797
-33.4847
-4.31593e-06
-3.74926e-09
-2.97642e-07
-1.25709e-09
-1.24386e-09
-2.94555e-07
-3.71399e-09
-4.44577e-06
-33.7403
-147.426
-228.398
-207.457
-213.617
-220.125
-207.385
-156.225
-59.8883
-2.2964
-0.000781583
-0.000246828
-0.000874705
-0.0355637
-0.0745324
-0.0537719
-1.32895
-1.82493
-0.00042876
-2.98753e-23
-1.33923e-23
-1.32213e-23
-1.99517e-23
-3.58572e-23
-3.9726e-23
-3.2856e-23
-2.33477e-23
-1.53359e-23
-9.98208e-24
-6.64752e-24
-4.76559e-24
-2.97703e-07
-25.3121
-143.264
-214.768
-194.486
-191.041
-187.35
-183.233
-176.72
-84.349
-3.56048
-2.62147e-11
-1.80792e-23
-1.86463e-23
-1.59499e-23
-1.59518e-23
-1.8647e-23
-1.80753e-23
-2.75612e-11
-3.62994
-84.3035
-176.432
-182.764
-186.879
-190.652
-194.213
-214.63
-143.222
-25.2106
-2.86497e-07
-4.5976e-24
-6.332e-24
-9.41877e-24
-1.4484e-23
-2.22912e-23
-3.17332e-23
-3.87254e-23
-3.51514e-23
-1.95509e-23
-1.28345e-23
-8.8137e-24
-1.16666e-23
-1.826e-23
-2.05496e-23
-1.78172e-23
-1.29005e-23
-7.90501e-24
-4.9829e-24
-4.44006e-24
-1.96665e-09
-0.144338
-42.8773
-165.45
-175.348
-170.307
-165.104
-163.996
-163.357
-138.727
-46.764
-0.0622653
-8.71423e-23
-1.33117e-23
-1.15913e-23
-1.00038e-23
-1.00047e-23
-1.15926e-23
-1.33117e-23
-9.36223e-23
-0.0638763
-46.8818
-138.306
-162.764
-163.496
-164.773
-170.125
-175.266
-165.368
-42.8099
-0.140157
-1.81649e-09
-4.10026e-24
-4.45624e-24
-7.21386e-24
-1.22913e-23
-1.7294e-23
-2.01329e-23
-1.79591e-23
-1.14462e-23
-8.53194e-24
-4.13966e-24
-6.51564e-24
-1.0867e-23
-1.39806e-23
-1.52579e-23
-1.51318e-23
-1.03309e-23
-6.60293e-24
-1.2952e-15
-0.00102335
-51.8987
-122.035
-187.718
-164.465
-149.344
-138.757
-143.268
-176.644
-117.589
-70.8233
-0.00575543
-1.81382e-23
-1.16332e-23
-7.80664e-24
-5.80198e-24
-5.80359e-24
-7.81091e-24
-1.16393e-23
-1.81454e-23
-0.00597856
-70.9688
-116.824
-175.427
-142.664
-138.505
-149.291
-164.54
-187.968
-122.239
-51.5038
-0.000939672
-1.19192e-15
-6.00341e-24
-9.84466e-24
-1.55593e-23
-1.55758e-23
-1.41359e-23
-1.09125e-23
-6.48434e-24
-4.01944e-24
-1.30952e-24
-4.19593e-24
-8.76124e-24
-1.44599e-23
-2.25168e-23
-4.29008e-06
-0.0618713
-0.141444
-0.0266194
-8.98821
-83.45
-177.87
-165.461
-148.731
-128.383
-105.408
-105.228
-158.804
-99.1787
-40.8031
-0.000539238
-1.97942e-23
-1.11458e-23
-5.76245e-24
-3.11308e-24
-3.11603e-24
-5.7714e-24
-1.11622e-23
-1.98252e-23
-0.0005673
-40.8557
-98.8028
-157.947
-104.684
-105.373
-128.513
-148.926
-165.733
-178.216
-83.4996
-8.22343
-0.0248805
-0.384039
-0.42248
-5.99277e-05
-2.42318e-23
-1.52002e-23
-9.08484e-24
-4.30548e-24
-1.31069e-24
-9.25231e-25
-4.03402e-24
-9.265e-24
-1.72737e-23
-3.1376e-23
-0.0657545
-177.143
-38.7252
-28.7736
-74.1006
-141.827
-156.569
-153.342
-140.339
-117.467
-52.1468
-62.4685
-139.699
-109.555
-49.8278
-0.00135268
-2.1332e-23
-1.1309e-23
-4.7849e-24
-1.54372e-24
-1.54807e-24
-4.79776e-24
-1.13305e-23
-2.13645e-23
-0.00139618
-49.9799
-108.642
-138.291
-61.7701
-52.2388
-117.821
-140.639
-153.673
-157.041
-142.273
-75.2918
-27.6132
-43.6526
-54.7231
-0.537323
-3.37898e-23
-1.8264e-23
-9.67826e-24
-4.17258e-24
-9.34617e-25
-2.91731e-24
-5.45905e-24
-1.06433e-23
-1.83023e-23
-3.12888e-23
-0.0564944
-57.3523
-24.9118
-34.2878
-96.3313
-130.552
-146.776
-152.415
-145.109
-65.4237
-11.9403
-43.7471
-134.78
-120.839
-41.2161
-0.035602
-2.27987e-23
-1.19999e-23
-4.56207e-24
-7.75156e-25
-7.80987e-25
-4.57849e-24
-1.20231e-23
-2.28197e-23
-0.0361513
-40.4181
-119.752
-133.072
-43.2092
-11.9348
-65.5929
-145.412
-152.692
-147.081
-130.979
-96.6008
-34.3658
-27.8256
-56.4583
-0.282479
-3.29069e-23
-1.89454e-23
-1.08813e-23
-5.48764e-24
-2.79835e-24
-7.12078e-24
-8.57665e-24
-1.3149e-23
-1.82152e-23
-2.50492e-23
-4.20395e-06
-4.11643
-18.1534
-36.5715
-93.2571
-125.651
-149.166
-165.543
-80.0105
-3.49196
-0.0016042
-20.9617
-120.547
-166.707
-61.7505
-0.364313
-1.12328e-17
-1.34312e-23
-4.96878e-24
-5.65395e-25
-5.734e-25
-4.99107e-24
-1.34619e-23
-1.3539e-17
-0.373339
-61.3207
-165.027
-119.172
-20.9948
-0.00164671
-3.49442
-80.1522
-165.702
-149.206
-125.593
-93.0315
-36.4151
-19.9683
-4.50686
-7.78509e-06
-2.52499e-23
-1.82466e-23
-1.30615e-23
-8.39964e-24
-6.7716e-24
-1.30239e-23
-1.42684e-23
-1.87858e-23
-2.0697e-23
-2.20489e-23
-3.30875e-16
-0.0297157
-34.5583
-82.3279
-131.232
-136.43
-164.368
-104.792
-23.6691
-1.59981e-05
-9.28959e-15
-0.380453
-67.7951
-147.581
-76.3999
-15.6653
-6.62603e-08
-1.64883e-23
-5.94519e-24
-6.95447e-25
-7.06759e-25
-5.97744e-24
-1.65348e-23
-6.80367e-08
-16.0789
-75.7423
-146.229
-67.2405
-0.388879
-1.07093e-14
-1.59707e-05
-23.6764
-104.782
-164.127
-136.009
-130.395
-81.5443
-33.6648
-0.0282612
-4.58713e-16
-2.14715e-23
-2.02396e-23
-1.83676e-23
-1.38504e-23
-1.24111e-23
-1.86315e-23
-2.48217e-23
-3.12061e-23
-2.87491e-23
-2.21046e-13
-0.00179546
-26.6385
-38.327
-100.592
-110.334
-129.927
-103.567
-56.6164
-0.034886
-1.77355e-13
-4.06039e-24
-0.00833104
-41.301
-140.944
-97.0428
-54.7459
-0.00088823
-2.00776e-23
-7.03192e-24
-9.15979e-25
-9.31647e-25
-7.07842e-24
-2.01386e-23
-0.000905509
-54.2883
-95.8474
-139.276
-40.3069
-0.00836074
-4.05146e-24
-1.76258e-13
-0.0352697
-56.3488
-103.334
-129.379
-109.769
-99.923
-38.1079
-25.2742
-0.00176404
-2.14174e-13
-2.80011e-23
-3.05073e-23
-2.41378e-23
-1.78136e-23
-1.90685e-23
-3.6025e-05
-0.668847
-4.85434
-7.22086
-35.5867
-36.9978
-56.5659
-73.139
-89.0392
-120.678
-78.8328
-14.5158
-2.00994e-07
-4.47052e-24
-5.11249e-24
-6.45347e-05
-45.4957
-118.733
-127.379
-58.7453
-0.017913
-9.22065e-22
-7.57956e-24
-1.05717e-24
-1.0774e-24
-7.64962e-24
-7.46216e-22
-0.0181138
-57.8385
-125.656
-116.764
-45.1518
-6.45521e-05
-5.09607e-24
-4.44179e-24
-2.03747e-07
-14.3466
-78.7099
-120.328
-88.6789
-72.7715
-56.2386
-36.7103
-34.6354
-6.86921
-4.48905
-0.61059
-3.20694e-05
-1.82561e-23
-8.802e-24
-0.387272
-67.4567
-48.9916
-26.699
-40.2742
-36.5183
-36.1919
-50.7326
-63.2631
-76.5854
-41.9822
-5.3752
-1.04526e-17
-4.0473e-24
-5.25129e-24
-3.39548e-10
-5.16727
-61.3805
-96.4926
-72.7014
-0.796096
-6.6138e-11
-7.74414e-24
-1.15844e-24
-1.17889e-24
-7.87608e-24
-7.02477e-11
-0.785309
-71.0325
-95.2228
-60.1402
-5.02201
-3.40224e-10
-5.2207e-24
-4.00594e-24
-1.0758e-17
-5.24772
-41.8613
-76.3571
-63.0536
-50.5444
-36.0192
-36.206
-39.8198
-26.4029
-47.8008
-70.5575
-0.255828
-8.45634e-24
-8.79797e-24
-0.361161
-67.5833
-47.8373
-25.426
-63.8538
-29.0427
-21.6327
-39.1722
-45.5261
-53.0284
-29.1818
-6.92888
-9.91697e-24
-4.29176e-24
-4.83306e-24
-2.69528e-16
-0.106861
-258.831
-132.674
-415.589
-38.4113
-3.68217e-05
-7.62408e-18
-1.36365e-24
-1.35016e-24
-1.31821e-17
-4.34375e-05
-39.2011
-402.683
-127.714
-251.914
-0.0999135
-2.70439e-16
-4.78429e-24
-4.22957e-24
-9.8242e-24
-6.82039
-29.0996
-52.8825
-45.4106
-39.0986
-21.6072
-28.7885
-63.0686
-25.1106
-46.4755
-96.3767
-0.202908
-8.77593e-24
-1.92863e-23
-2.80235e-05
-0.445114
-2.93012
-14.4914
-21.6149
-11.2359
-21.5158
-36.8528
-32.1328
-38.8463
-22.6167
-1.33861
-1.32439e-23
-5.57493e-24
-5.21669e-24
-1.80193e-07
-1.48122
-131.211
-289.994
-444.674
-204.44
-2.28382
-0.0031397
-1.29359e-08
-8.20248e-09
-0.00361015
-2.7716
-198.859
-435.871
-285.129
-130.269
-1.33941
-1.53955e-07
-5.13972e-24
-5.47541e-24
-1.31085e-23
-1.32394
-22.5529
-38.7423
-32.0633
-36.7931
-21.5368
-11.2189
-21.6482
-13.9668
-2.10775
-0.245433
-1.28566e-05
-1.90639e-23
-2.00414e-23
-2.59244e-23
-3.09832e-23
-2.64766e-23
-1.15308e-09
-0.0630644
-87.9951
-45.6103
-43.8292
-15.1828
-29.3614
-22.4145
-0.889763
-9.93256e-14
-8.36486e-24
-6.96391e-24
-0.00188649
-149.678
-270.406
-175.237
-182.891
-231.271
-252.275
-92.6233
-0.00690089
-0.003189
-82.0702
-226.447
-222.134
-178.204
-174.755
-276.627
-154.929
-0.00232903
-6.81781e-24
-8.19942e-24
-9.96095e-14
-0.882129
-22.3472
-29.2768
-15.1542
-43.7696
-45.5591
-88.4266
-0.0641704
-1.17392e-09
-2.65892e-23
-3.08912e-23
-2.56582e-23
-1.9783e-23
-1.64926e-23
-1.7444e-23
-2.19506e-23
-1.09639e-19
-6.92129e-05
-14.3617
-278.281
-442.067
-236.297
-99.7522
-405.619
-212.168
-18.7044
-6.01331e-05
-1.10663e-21
-1.1986e-23
-0.00524934
-168.408
-338.647
-103.845
-288.796
-221.525
-169.514
-214.217
-0.228085
-0.0879115
-255.827
-154.668
-223.051
-288.597
-103.354
-343.426
-175.835
-0.00836712
-1.1713e-23
-1.1548e-21
-6.09914e-05
-18.4945
-211.508
-404.859
-99.5635
-236.303
-442.069
-278.793
-14.4749
-7.03299e-05
-1.09661e-19
-2.19543e-23
-1.73338e-23
-1.62901e-23
-1.31689e-23
-1.4787e-23
-2.23789e-23
-1.91072e-08
-0.170064
-249.329
-366.789
-246.422
-128.502
-115.452
-547.527
-295.172
-407.775
-0.246181
-1.30139e-08
-2.09513e-23
-2.29657e-06
-0.072846
-0.337416
-0.00743693
-0.00119536
-0.00511928
-0.475834
-0.589535
-0.000397783
-0.000117547
-0.209033
-0.253725
-0.00618486
-0.0012312
-0.00680273
-0.402243
-0.111013
-4.42784e-06
-2.09624e-23
-1.31063e-08
-0.248916
-406.376
-294.3
-545.938
-115.116
-128.55
-246.673
-367.3
-249.782
-0.172247
-1.93459e-08
-2.24333e-23
-1.47414e-23
-1.30294e-23
-1.15998e-23
-1.55566e-23
-2.95756e-23
-3.1902e-05
-157.073
-252.403
-274.79
-201.457
-0.191274
-20.027
-271.132
-501.894
-151.634
-165.033
-0.00292683
-3.15313e-23
-3.77378e-23
-7.66462e-20
-9.31614e-19
-1.4129e-19
-3.91314e-22
-1.84686e-20
-5.93785e-20
-4.1816e-21
-7.94974e-23
-7.81062e-23
-8.64033e-21
-1.17524e-19
-3.44845e-20
-5.60639e-22
-8.10499e-20
-4.67922e-19
-3.4899e-20
-3.82489e-23
-3.15193e-23
-0.0029743
-163.895
-151.097
-500.337
-270.693
-19.9263
-0.191089
-201.625
-275.14
-252.755
-157.451
-3.22452e-05
-2.9654e-23
-1.55409e-23
-1.15053e-23
-1.13664e-23
-1.74539e-23
-3.77442e-23
-0.00330427
-136.762
-208.966
-178.076
-0.0305732
-1.21085e-06
-0.0103008
-58.3604
-171.663
-178.576
-383.673
-0.0348187
-2.82229e-22
-3.78275e-23
-4.37634e-23
-5.46823e-23
-6.47667e-23
-7.12267e-23
-7.39765e-23
-7.23908e-23
-6.62661e-23
-5.9735e-23
-5.93158e-23
-6.55052e-23
-7.19636e-23
-7.39262e-23
-7.13515e-23
-6.49881e-23
-5.50165e-23
-4.41582e-23
-3.80741e-23
-2.99155e-22
-0.0356532
-382.429
-177.961
-171.347
-58.5192
-0.0103263
-1.20808e-06
-0.0306703
-178.207
-209.205
-136.915
-0.00332979
-3.78156e-23
-1.74486e-23
-1.13017e-23
-1.0859e-23
-1.76047e-23
-3.99361e-23
-0.00273436
-311.889
-165.628
-0.010836
-8.84564e-09
-4.55483e-23
-2.59253e-08
-0.000353055
-0.00299962
-0.0287812
-0.0608887
-4.05014e-05
-4.58008e-23
-3.35744e-23
-3.19073e-23
-3.48605e-23
-3.88892e-23
-4.19769e-23
-4.33681e-23
-4.27913e-23
-4.05957e-23
-3.84298e-23
-3.82965e-23
-4.03281e-23
-4.26002e-23
-4.33168e-23
-4.20321e-23
-3.90202e-23
-3.50481e-23
-3.21044e-23
-3.36953e-23
-4.57795e-23
-4.17546e-05
-0.0625605
-0.0294312
-0.0030062
-0.00035234
-2.58611e-08
-4.43185e-23
-8.86776e-09
-0.0108826
-165.698
-312.172
-0.00275082
-3.99843e-23
-1.7602e-23
-1.08165e-23
-8.39876e-24
-1.39678e-23
-3.11833e-23
-1.35086e-06
-0.00283437
-0.000570659
-5.77185e-09
-3.11616e-23
-2.47774e-23
-2.51665e-23
-3.15223e-23
-1.1739e-22
-1.83074e-20
-2.56293e-20
-3.7921e-22
-3.11272e-23
-2.35254e-23
-2.03826e-23
-1.9993e-23
-2.08017e-23
-2.17048e-23
-2.21206e-23
-2.18486e-23
-2.10598e-23
-2.03363e-23
-2.02936e-23
-2.09684e-23
-2.17744e-23
-2.20968e-23
-2.17317e-23
-2.08687e-23
-2.00843e-23
-2.04708e-23
-2.3575e-23
-3.11141e-23
-4.02603e-22
-2.70575e-20
-1.92372e-20
-1.22236e-22
-3.15109e-23
-2.51576e-23
-2.47676e-23
-3.11511e-23
-5.7963e-09
-0.000573376
-0.00284945
-1.35834e-06
-3.12088e-23
-1.39669e-23
-8.37496e-24
-4.30479e-24
-7.93477e-24
-1.55684e-23
-2.43229e-23
-2.49532e-23
-2.09831e-23
-1.66567e-23
-1.27653e-23
-1.0825e-23
-1.08264e-23
-1.26902e-23
-1.60207e-23
-1.98106e-23
-2.20484e-23
-2.09154e-23
-1.71581e-23
-1.34646e-23
-1.09101e-23
-9.53043e-24
-8.93706e-24
-8.69327e-24
-8.49346e-24
-8.19684e-24
-7.82785e-24
-7.55092e-24
-7.53836e-24
-7.80018e-24
-8.17364e-24
-8.48755e-24
-8.70729e-24
-8.9669e-24
-9.56707e-24
-1.09399e-23
-1.34735e-23
-1.71396e-23
-2.08763e-23
-2.20092e-23
-1.97842e-23
-1.60062e-23
-1.26819e-23
-1.082e-23
-1.0819e-23
-1.27601e-23
-1.66542e-23
-2.09878e-23
-2.49691e-23
-2.43461e-23
-1.55824e-23
-7.93707e-24
-4.29539e-24
-1.19238e-24
-3.86514e-24
-6.96058e-24
-7.88455e-24
-5.17513e-24
-2.45126e-24
-1.86601e-24
-2.0134e-24
-2.14202e-24
-2.35076e-24
-2.96915e-24
-4.36414e-24
-6.68049e-24
-9.11302e-24
-1.02013e-23
-9.39249e-24
-7.53535e-24
-5.58874e-24
-4.04182e-24
-2.9683e-24
-2.25193e-24
-1.75193e-24
-1.37359e-24
-1.08812e-24
-9.24085e-25
-9.22971e-25
-1.08658e-24
-1.37513e-24
-1.7586e-24
-2.26328e-24
-2.98156e-24
-4.05213e-24
-5.58984e-24
-7.52213e-24
-9.36497e-24
-1.01665e-23
-9.08192e-24
-6.65894e-24
-4.35103e-24
-2.96092e-24
-2.34474e-24
-2.1371e-24
-2.00978e-24
-1.86491e-24
-2.4547e-24
-5.18483e-24
-7.89844e-24
-6.97188e-24
-3.87017e-24
-1.1915e-24
-1.18716e-24
-3.8625e-24
-6.95894e-24
-7.88357e-24
-5.17409e-24
-2.45051e-24
-1.86577e-24
-2.0135e-24
-2.14227e-24
-2.35099e-24
-2.96915e-24
-4.36371e-24
-6.67949e-24
-9.11142e-24
-1.01994e-23
-9.39048e-24
-7.5315e-24
-5.5789e-24
-4.01949e-24
-2.92536e-24
-2.17999e-24
-1.64452e-24
-1.22959e-24
-9.15286e-25
-7.39216e-25
-7.45977e-25
-9.33268e-25
-1.25342e-24
-1.66864e-24
-2.20019e-24
-2.93852e-24
-4.02277e-24
-5.56943e-24
-7.5075e-24
-9.35378e-24
-1.01571e-23
-9.07355e-24
-6.65174e-24
-4.34537e-24
-2.95694e-24
-2.34207e-24
-2.13519e-24
-2.00813e-24
-1.86316e-24
-2.45275e-24
-5.18292e-24
-7.8969e-24
-6.97043e-24
-3.86852e-24
-1.18866e-24
-4.28856e-24
-7.92728e-24
-1.55656e-23
-2.43242e-23
-2.49528e-23
-2.09822e-23
-1.66568e-23
-1.27662e-23
-1.08263e-23
-1.08277e-23
-1.26911e-23
-1.60209e-23
-1.98099e-23
-2.20467e-23
-2.09149e-23
-1.71603e-23
-1.3464e-23
-1.08939e-23
-9.47861e-24
-8.82384e-24
-8.48951e-24
-8.17244e-24
-7.74743e-24
-7.27323e-24
-6.95371e-24
-6.97363e-24
-7.32387e-24
-7.80938e-24
-8.2295e-24
-8.53338e-24
-8.85158e-24
-9.48915e-24
-1.08858e-23
-1.34356e-23
-1.71122e-23
-2.08539e-23
-2.19887e-23
-1.97658e-23
-1.5991e-23
-1.26712e-23
-1.08133e-23
-1.08146e-23
-1.27564e-23
-1.66501e-23
-2.09828e-23
-2.49644e-23
-2.43432e-23
-1.55791e-23
-7.93245e-24
-4.28678e-24
-8.37024e-24
-1.39572e-23
-3.11874e-23
-1.35323e-06
-0.00283906
-0.000571436
-5.77695e-09
-3.11646e-23
-2.47811e-23
-2.51706e-23
-3.15269e-23
-1.15941e-22
-1.80955e-20
-2.53494e-20
-3.755e-22
-3.11541e-23
-2.35571e-23
-2.03975e-23
-1.99576e-23
-2.06705e-23
-2.14167e-23
-2.16015e-23
-2.10423e-23
-1.99987e-23
-1.91788e-23
-1.92298e-23
-2.01224e-23
-2.11812e-23
-2.17185e-23
-2.15019e-23
-2.07261e-23
-1.99872e-23
-2.04004e-23
-2.35284e-23
-3.10878e-23
-4.09569e-22
-2.7522e-20
-1.95582e-20
-1.24097e-22
-3.14963e-23
-2.51497e-23
-2.47643e-23
-3.11491e-23
-5.77811e-09
-0.000571892
-0.00284333
-1.35609e-06
-3.12076e-23
-1.39605e-23
-8.36044e-24
-1.0817e-23
-1.75942e-23
-3.99601e-23
-0.00274073
-312.066
-165.674
-0.0108516
-8.84158e-09
-4.39508e-23
-2.61293e-08
-0.000354437
-0.0030019
-0.028972
-0.0614727
-4.10008e-05
-4.58719e-23
-3.36727e-23
-3.20065e-23
-3.49188e-23
-3.88479e-23
-4.1731e-23
-4.27356e-23
-4.15575e-23
-3.87541e-23
-3.63861e-23
-3.65177e-23
-3.90532e-23
-4.18516e-23
-4.29494e-23
-4.18722e-23
-3.894e-23
-3.49776e-23
-3.20323e-23
-3.36506e-23
-4.57796e-23
-4.173e-05
-0.0623942
-0.0292959
-0.00299619
-0.000353062
-2.60319e-08
-4.43757e-23
-8.86295e-09
-0.0108668
-165.708
-312.233
-0.0027479
-3.99923e-23
-1.75957e-23
-1.0796e-23
-1.13088e-23
-1.74438e-23
-3.7791e-23
-0.0033182
-136.869
-209.138
-178.183
-0.0305996
-1.20982e-06
-0.0103241
-58.3739
-171.731
-178.587
-383.97
-0.0350703
-2.73845e-22
-3.80107e-23
-4.40044e-23
-5.4943e-23
-6.5016e-23
-7.13412e-23
-7.35705e-23
-7.07451e-23
-6.30725e-23
-5.6133e-23
-5.64894e-23
-6.38142e-23
-7.13367e-23
-7.39043e-23
-7.15276e-23
-6.51372e-23
-5.50389e-23
-4.40738e-23
-3.80158e-23
-2.96172e-22
-0.0353949
-383.3
-178.239
-171.53
-58.2704
-0.010301
-1.20712e-06
-0.0306582
-178.251
-209.274
-136.957
-0.0033335
-3.78348e-23
-1.74431e-23
-1.12745e-23
-1.152e-23
-1.55404e-23
-2.96321e-23
-3.21344e-05
-157.356
-252.669
-275.056
-201.592
-0.191014
-20.0509
-271.155
-501.691
-151.567
-164.827
-0.0029217
-3.16378e-23
-3.80169e-23
-2.70795e-20
-3.75928e-19
-6.65116e-20
-3.28374e-22
-4.13969e-20
-2.18044e-19
-2.27526e-20
-7.29208e-23
-1.14361e-22
-3.5453e-19
-2.32678e-18
-2.46931e-19
-2.38074e-22
-1.29894e-19
-9.1952e-19
-7.97212e-20
-3.80863e-23
-3.1573e-23
-0.00292772
-164.195
-151.255
-500.761
-270.888
-19.9641
-0.190497
-201.686
-275.255
-252.869
-157.573
-3.2494e-05
-2.96784e-23
-1.55334e-23
-1.14685e-23
-1.30538e-23
-1.47488e-23
-2.24191e-23
-1.92668e-08
-0.171829
-249.687
-367.186
-246.598
-128.542
-115.418
-547.446
-295.071
-407.725
-0.243022
-1.26194e-08
-2.10381e-23
-2.32923e-06
-0.07047
-0.312508
-0.00678775
-0.0011239
-0.00588055
-0.156598
-0.0909578
-4.30457e-05
-1.08195e-05
-0.0422198
-0.127884
-0.00820736
-0.00114541
-0.00707995
-0.296405
-0.0606424
-1.75445e-06
-2.10029e-23
-1.25442e-08
-0.242272
-407.032
-294.583
-546.534
-115.215
-128.566
-246.745
-367.481
-249.947
-0.174096
-1.9658e-08
-2.24513e-23
-1.47252e-23
-1.29764e-23
-1.63261e-23
-1.7357e-23
-2.19518e-23
-1.08986e-19
-7.03394e-05
-14.4747
-278.735
-441.936
-236.333
-99.7277
-405.841
-212.071
-18.6405
-5.94016e-05
-1.02389e-21
-1.1978e-23
-0.00530326
-171.632
-340.982
-104.795
-294.294
-234.402
-143.99
-263.195
-0.0383268
-0.0106899
-280.125
-151.379
-231.871
-293.557
-105.017
-342.764
-173.238
-0.00439451
-1.19044e-23
-1.05762e-21
-5.92012e-05
-18.49
-211.701
-405.545
-99.6177
-236.353
-441.979
-279.031
-14.5537
-7.14226e-05
-1.12839e-19
-2.19582e-23
-1.72991e-23
-1.62122e-23
-1.98257e-23
-2.57239e-23
-3.09055e-23
-2.65664e-23
-1.17694e-09
-0.0642825
-88.419
-45.5425
-43.7682
-15.1753
-29.3483
-22.4062
-0.885625
-9.72382e-14
-8.32856e-24
-6.93989e-24
-0.00187052
-151.733
-272.851
-174.804
-177.395
-217.802
-203.872
-69.2634
-0.00211224
-0.000679265
-55.4853
-215.942
-222.515
-178.521
-175.147
-273.802
-152.145
-0.00173182
-6.92373e-24
-8.27482e-24
-9.4328e-14
-0.876844
-22.3692
-29.3004
-15.1568
-43.7374
-45.5235
-88.6997
-0.0649045
-1.12463e-09
-2.66073e-23
-3.08804e-23
-2.55855e-23
-1.96763e-23
-1.90892e-23
-1.30502e-05
-0.251636
-2.17228
-14.3106
-21.6561
-11.208
-21.5365
-36.8156
-32.1176
-38.8326
-22.6097
-1.32765
-1.32081e-23
-5.54884e-24
-5.20045e-24
-1.77359e-07
-1.43927
-130.503
-285.614
-430.159
-195.153
-2.31073
-0.00296338
-7.16321e-09
-4.2702e-09
-0.00222413
-2.50567
-201.552
-441.1
-283.145
-128.736
-1.66037
-2.02908e-07
-5.19306e-24
-5.5104e-24
-1.31449e-23
-1.31789
-22.5674
-38.7636
-32.0676
-36.7655
-21.5548
-11.1805
-21.6623
-13.3937
-2.08902
-0.261265
-1.47505e-05
-1.895e-23
-8.76814e-24
-0.207757
-90.0494
-47.1159
-25.3524
-63.6871
-29.0135
-21.6612
-39.1825
-45.522
-53.0205
-29.1772
-6.87417
-9.89046e-24
-4.27426e-24
-4.82063e-24
-2.85072e-16
-0.100088
-257.788
-130.061
-410.925
-38.7365
-3.78034e-05
-1.942e-17
-1.30979e-24
-1.31732e-24
-1.11033e-17
-4.22498e-05
-39.7202
-391.005
-120.489
-242.952
-0.121559
-3.95639e-16
-4.813e-24
-4.24428e-24
-9.84142e-24
-6.83371
-29.1135
-52.9093
-45.4375
-39.1333
-21.6491
-28.833
-63.1279
-25.1337
-46.0295
-103.66
-0.220895
-8.73591e-24
-8.67166e-24
-0.264373
-67.3809
-48.4313
-26.6819
-40.1721
-36.4549
-36.1845
-50.7315
-63.262
-76.586
-41.9824
-5.34259
-1.01609e-17
-4.03573e-24
-5.24224e-24
-3.12011e-10
-4.89878
-60.8718
-95.0564
-71.7803
-0.733326
-5.3131e-11
-8.19418e-24
-1.12576e-24
-1.14352e-24
-8.27836e-24
-6.48281e-11
-0.896217
-70.0126
-95.4869
-59.4624
-5.5861
-4.04497e-10
-5.23815e-24
-4.0101e-24
-9.6729e-18
-5.31984
-41.873
-76.3883
-63.1048
-50.6054
-36.074
-36.2383
-39.8459
-26.521
-47.6226
-74.3048
-0.267687
-8.46026e-24
-1.88606e-23
-3.32571e-05
-0.635032
-4.7164
-7.21358
-35.6416
-36.9444
-56.5292
-73.1264
-89.0413
-120.703
-78.8705
-14.4784
-2.00909e-07
-4.46311e-24
-5.10972e-24
-6.24286e-05
-45.0702
-117.717
-125.985
-58.1915
-0.0174448
-6.07972e-22
-7.7948e-24
-1.03766e-24
-1.05241e-24
-7.84233e-24
-1.42796e-21
-0.0200078
-57.1127
-125.256
-115.558
-45.3616
-6.80566e-05
-5.10028e-24
-4.43644e-24
-1.97386e-07
-14.3996
-78.5662
-120.327
-88.7733
-72.8912
-56.3331
-36.7653
-34.9455
-6.74149
-4.37014
-0.595084
-3.16274e-05
-1.83061e-23
-1.84806e-23
-2.477e-23
-3.12828e-23
-2.88312e-23
-2.3306e-13
-0.00182093
-26.6994
-38.2906
-100.592
-110.341
-129.934
-103.609
-56.6046
-0.0349625
-1.76276e-13
-4.06359e-24
-0.0081947
-41.15
-139.341
-96.0091
-54.7785
-0.000868682
-2.03458e-23
-7.14559e-24
-9.06873e-25
-9.17347e-25
-7.17605e-24
-2.03874e-23
-0.000926808
-54.5186
-95.9853
-139.528
-39.4732
-0.00863106
-4.04238e-24
-1.73359e-13
-0.0345803
-56.5713
-103.311
-129.64
-109.981
-100.189
-38.1842
-25.6996
-0.00171779
-2.18618e-13
-2.82792e-23
-3.0738e-23
-2.42556e-23
-1.7901e-23
-1.29364e-23
-1.42434e-23
-1.88125e-23
-2.07429e-23
-2.20939e-23
-3.65958e-16
-0.0287618
-34.5302
-82.355
-131.269
-136.478
-164.439
-104.853
-23.6812
-1.60155e-05
-9.85629e-15
-0.378269
-66.9589
-145.883
-75.5368
-15.7742
-6.48258e-08
-1.66462e-23
-6.0127e-24
-6.96967e-25
-7.03698e-25
-6.03116e-24
-1.66708e-23
-6.5367e-08
-15.9942
-75.959
-146.753
-67.6678
-0.398926
-1.0809e-14
-1.58586e-05
-23.589
-104.594
-164.064
-136.08
-130.716
-81.9126
-33.9435
-0.0287893
-3.46707e-16
-2.16892e-23
-2.04138e-23
-1.85002e-23
-1.39346e-23
-1.24954e-23
-7.07607e-24
-8.56595e-24
-1.31636e-23
-1.82442e-23
-2.50764e-23
-3.79957e-06
-3.92457
-17.7684
-36.5486
-93.2718
-125.731
-149.264
-165.667
-80.0889
-3.48732
-0.00161109
-20.7375
-119.246
-164.934
-61.0908
-0.368731
-1.19483e-17
-1.35314e-23
-5.01643e-24
-5.75778e-25
-5.79858e-25
-5.02671e-24
-1.35409e-23
-1.35868e-17
-0.367555
-61.558
-165.57
-119.565
-21.1819
-0.00161338
-3.48565
-79.9814
-165.393
-148.965
-125.379
-92.9427
-36.3995
-19.4973
-4.26436
-5.59004e-06
-2.52357e-23
-1.8272e-23
-1.3099e-23
-8.4359e-24
-6.82335e-24
-2.89861e-24
-5.45738e-24
-1.06556e-23
-1.83247e-23
-3.13119e-23
-0.061014
-60.8226
-25.2029
-34.4816
-96.221
-130.723
-146.894
-152.532
-145.257
-65.5219
-11.9277
-43.2233
-133.348
-119.627
-40.8568
-0.0358519
-2.29005e-23
-1.20706e-23
-4.60016e-24
-7.91135e-25
-7.93783e-25
-4.60683e-24
-1.2077e-23
-2.28966e-23
-0.035722
-40.4317
-120.146
-133.457
-43.39
-11.8773
-65.4825
-145.152
-152.394
-146.696
-130.369
-96.6636
-34.0489
-26.6723
-57.0438
-0.0953131
-3.24815e-23
-1.87919e-23
-1.08278e-23
-5.4775e-24
-2.81227e-24
-9.22475e-25
-4.03876e-24
-9.27863e-24
-1.72964e-23
-3.1407e-23
-0.0790003
-173.847
-39.4169
-28.7293
-74.5371
-141.541
-156.645
-153.417
-140.453
-117.682
-52.1899
-61.7815
-138.367
-108.551
-49.5677
-0.00136932
-2.1409e-23
-1.13619e-23
-4.81692e-24
-1.56239e-24
-1.56435e-24
-4.82251e-24
-1.13709e-23
-2.14233e-23
-0.0013979
-50.2332
-108.949
-138.657
-61.9809
-52.1784
-117.631
-140.441
-153.435
-156.675
-142.647
-73.7879
-28.2861
-42.4174
-94.7066
-0.126645
-3.31361e-23
-1.80084e-23
-9.57621e-24
-4.13851e-24
-9.2916e-25
-1.31661e-24
-4.20517e-24
-8.77668e-24
-1.44829e-23
-2.25545e-23
-5.91981e-06
-0.0780959
-0.154994
-0.0251352
-8.78245
-83.1283
-177.781
-165.441
-148.72
-128.367
-105.281
-104.619
-157.744
-98.5477
-40.7515
-0.000556341
-1.98504e-23
-1.11852e-23
-5.78937e-24
-3.13231e-24
-3.1337e-24
-5.79357e-24
-1.11934e-23
-1.9869e-23
-0.000558337
-40.9632
-99.0794
-158.315
-104.851
-105.349
-128.426
-148.825
-165.661
-178.335
-83.9721
-8.56041
-0.0281043
-0.177796
-0.104845
-9.96922e-06
-2.3771e-23
-1.50119e-23
-9.00893e-24
-4.28404e-24
-1.31767e-24
-4.15233e-24
-6.52766e-24
-1.08833e-23
-1.39998e-23
-1.52786e-23
-1.51531e-23
-1.03316e-23
-6.58752e-24
-1.16282e-15
-0.000977474
-51.5521
-122.081
-187.7
-164.323
-149.133
-138.404
-142.633
-175.591
-116.883
-70.6367
-0.00591747
-1.81727e-23
-1.1661e-23
-7.82885e-24
-5.82047e-24
-5.82129e-24
-7.83083e-24
-1.16633e-23
-1.81744e-23
-0.00589561
-71.1523
-116.975
-175.613
-142.8
-138.553
-149.283
-164.505
-187.909
-122.23
-51.7333
-0.000958163
-1.07492e-15
-6.18222e-24
-9.98597e-24
-1.54534e-23
-1.55034e-23
-1.41103e-23
-1.09159e-23
-6.50534e-24
-4.06618e-24
-8.82861e-24
-1.16803e-23
-1.82775e-23
-2.05671e-23
-1.78301e-23
-1.29064e-23
-7.90302e-24
-4.97812e-24
-4.43821e-24
-1.90153e-09
-0.142867
-42.7044
-165.09
-175.022
-169.945
-164.646
-163.404
-162.679
-138.158
-46.6674
-0.0633231
-9.57068e-23
-1.33314e-23
-1.16098e-23
-1.00209e-23
-1.00217e-23
-1.16109e-23
-1.33312e-23
-8.66037e-23
-0.0635407
-46.9944
-138.505
-162.955
-163.645
-164.868
-170.177
-175.299
-165.429
-42.8773
-0.141943
-1.86007e-09
-4.19285e-24
-4.60479e-24
-7.41088e-24
-1.24705e-23
-1.74546e-23
-2.02678e-23
-1.80615e-23
-1.15221e-23
-8.62632e-24
-1.32355e-23
-1.99662e-23
-3.58783e-23
-3.97464e-23
-3.28691e-23
-2.33533e-23
-1.53372e-23
-9.98305e-24
-6.64961e-24
-4.76786e-24
-2.92307e-07
-25.1549
-142.963
-214.294
-194.015
-190.511
-186.754
-182.61
-176.16
-84.1147
-3.59341
-2.76072e-11
-1.80937e-23
-1.86623e-23
-1.59654e-23
-1.59674e-23
-1.86646e-23
-1.80936e-23
-2.65135e-11
-3.63693
-84.4448
-176.69
-182.98
-187.058
-190.792
-194.311
-214.666
-143.213
-25.3683
-2.92368e-07
-4.64239e-24
-6.41538e-24
-9.57209e-24
-1.47214e-23
-2.25921e-23
-3.20609e-23
-3.90263e-23
-3.53709e-23
-1.96784e-23
-1.29576e-23
-1.37533e-23
-3.04079e-23
-0.00044132
-1.88575
-1.38267
-0.0561499
-0.0799768
-0.0404515
-0.0011317
-0.000337594
-0.00101157
-2.44165
-59.6422
-155.931
-207.254
-220.014
-213.503
-207.322
-228.233
-147.328
-33.5173
-4.41646e-06
-3.67711e-09
-2.91228e-07
-1.22988e-09
-1.24937e-09
-2.95787e-07
-3.727e-09
-4.3923e-06
-33.8447
-147.598
-228.667
-207.691
-213.834
-220.323
-207.553
-156.324
-59.906
-2.46185
-0.00101251
-0.000339422
-0.00111643
-0.038665
-0.0754256
-0.0527924
-1.30668
-1.79279
-0.000421204
-3.00361e-23
-1.35016e-23
-8.49865e-24
-3.28174e-23
-0.531956
-87.6485
-28.6956
-7.30619
-22.8771
-35.8784
-31.6632
-35.3551
-36.362
-26.3491
-39.0592
-135.063
-290.824
-279.446
-245.246
-208.745
-175.137
-138.617
-40.6665
-1.74776
-0.819482
-37.5183
-0.0112474
-0.0113026
-37.3868
-0.819802
-1.75764
-40.7637
-138.874
-175.451
-209.08
-245.58
-279.753
-290.988
-135.091
-38.9895
-26.0791
-35.9911
-34.9791
-31.3116
-35.4646
-22.6122
-7.22406
-28.3553
-86.6941
-0.510194
-3.2517e-23
-8.37266e-24
-7.05611e-24
-4.95536e-23
-1.05696
-5.92331
-29.4425
-29.9998
-57.243
-88.9801
-85.4332
-88.888
-90.2864
-87.2797
-104.556
-291.978
-105015
-41537.9
-19475.3
-14220.8
-10220.2
-6112.85
-2435.31
-627.365
-314.735
-145.306
-0.80922
-0.810543
-145.534
-315.297
-629.072
-2441.08
-6125.04
-10238
-14242
-19498.2
-41562.2
-105029
-291.52
-104.012
-86.486
-89.3809
-87.9476
-84.4979
-87.9936
-56.6176
-29.6888
-29.161
-5.8731
-1.01797
-4.91971e-23
-7.00643e-24
