-7.02826e-24
-4.93539e-23
-1.04011
-5.89527
-29.2856
-29.8268
-56.8961
-88.4389
-84.921
-88.3701
-89.7808
-86.8342
-104.25
-291.719
-105022
-41551.7
-19489.4
-14234.8
-10232.9
-6122.53
-2440.69
-629.254
-315.326
-145.534
-0.814836
-0.812007
-145.314
-314.846
-627.903
-2437.45
-6117.85
-10228
-14230.4
-19485.3
-41541.1
-104984
-291.445
-104.02
-86.5282
-89.4246
-87.9939
-84.5408
-88.0324
-56.635
-29.6949
-29.1641
-5.87333
-1.03695
-4.91944e-23
-7.00594e-24
-8.42789e-24
-3.2649e-23
-0.522331
-87.1158
-28.5061
-7.26045
-22.7292
-35.6493
-31.4701
-35.1483
-36.1534
-26.198
-39.0197
-135.077
-290.906
-279.611
-245.441
-208.957
-175.348
-138.791
-40.7512
-1.76076
-0.819663
-37.4029
-0.0112313
-0.0111654
-37.5858
-0.819414
-1.75069
-40.7041
-138.731
-175.28
-208.908
-245.418
-279.605
-290.864
-135.036
-38.9799
-26.0969
-36.0087
-34.9987
-31.3283
-35.4807
-22.6194
-7.22586
-28.3614
-86.7031
-0.520195
-3.2514e-23
-8.37112e-24
-1.36116e-23
-3.01991e-23
-0.000432417
-1.84423
-1.34797
-0.0545612
-0.0776821
-0.0394632
-0.00111592
-0.000335317
-0.0010078
-2.4613
-59.7972
-156.151
-207.4
-220.166
-213.683
-207.548
-228.507
-147.487
-33.9755
-4.53496e-06
-3.52964e-09
-2.78466e-07
-1.17509e-09
-1.16278e-09
-2.75584e-07
-3.4986e-09
-4.5122e-06
-33.5955
-147.449
-228.434
-207.514
-213.701
-220.222
-207.47
-156.234
-59.8538
-2.38652
-0.000928093
-0.000301814
-0.00102475
-0.0380059
-0.0764383
-0.0541584
-1.33743
-1.83247
-0.000429945
-3.0031e-23
-1.34972e-23
-1.30784e-23
-1.98036e-23
-3.55932e-23
-3.93442e-23
-3.24194e-23
-2.29304e-23
-1.49951e-23
-9.75464e-24
-6.51947e-24
-4.69882e-24
-3.01179e-07
-25.4053
-143.028
-214.414
-194.125
-190.623
-186.897
-182.841
-176.624
-84.4456
-3.67213
-2.84357e-11
-1.80919e-23
-1.86619e-23
-1.59648e-23
-1.59624e-23
-1.866e-23
-1.80943e-23
-2.90263e-11
-3.60916
-84.2131
-176.361
-182.812
-186.965
-190.738
-194.282
-214.677
-143.25
-25.1918
-2.94808e-07
-4.65594e-24
-6.43744e-24
-9.60022e-24
-1.47524e-23
-2.262e-23
-3.20788e-23
-3.90292e-23
-3.53623e-23
-1.96692e-23
-1.29486e-23
-8.71287e-24
-1.15892e-23
-1.81537e-23
-2.03975e-23
-1.76194e-23
-1.26633e-23
-7.62927e-24
-4.77122e-24
-4.3044e-24
-1.96195e-09
-0.144155
-42.8533
-165.256
-175.111
-170.007
-164.701
-163.465
-162.773
-138.389
-47.0407
-0.0643603
-9.70898e-23
-1.33309e-23
-1.16099e-23
-1.00202e-23
-1.00192e-23
-1.16086e-23
-1.33316e-23
-1.04341e-22
-0.0637051
-46.7304
-138.331
-162.883
-163.614
-164.865
-170.189
-175.306
-165.405
-42.8263
-0.141927
-1.91013e-09
-4.21087e-24
-4.61672e-24
-7.4207e-24
-1.2472e-23
-1.74475e-23
-2.02526e-23
-1.80435e-23
-1.15079e-23
-8.61241e-24
-4.10104e-24
-6.51154e-24
-1.08961e-23
-1.40549e-23
-1.53968e-23
-1.53139e-23
-1.01338e-23
-6.35851e-24
-1.21961e-15
-0.00100322
-51.8029
-121.98
-187.607
-164.319
-149.137
-138.405
-142.595
-175.246
-116.754
-71.2071
-0.00602863
-1.81763e-23
-1.16645e-23
-7.83104e-24
-5.82066e-24
-5.81925e-24
-7.82749e-24
-1.16599e-23
-1.8172e-23
-0.00598268
-70.7272
-117.038
-175.826
-142.837
-138.599
-149.345
-164.553
-187.897
-122.144
-51.6176
-0.000977372
-1.15815e-15
-6.15717e-24
-9.95947e-24
-1.54036e-23
-1.54598e-23
-1.40741e-23
-1.0888e-23
-6.48704e-24
-4.05015e-24
-1.31479e-24
-4.24488e-24
-8.89798e-24
-1.47646e-23
-2.32112e-23
-8.26351e-06
-0.0936118
-0.168611
-0.0267807
-8.73666
-83.4787
-177.888
-165.444
-148.698
-128.338
-105.265
-104.697
-158.105
-98.9991
-40.9912
-0.000573234
-1.98774e-23
-1.11972e-23
-5.79517e-24
-3.1338e-24
-3.13121e-24
-5.78733e-24
-1.11826e-23
-1.98473e-23
-0.000561755
-40.7757
-98.7056
-158.015
-104.801
-105.432
-128.553
-148.945
-165.691
-177.997
-83.1679
-8.43647
-0.0228376
-0.236933
-0.209387
-2.71869e-05
-2.367e-23
-1.49512e-23
-8.97227e-24
-4.26491e-24
-1.30617e-24
-9.26843e-25
-4.09037e-24
-9.4332e-24
-1.76708e-23
-3.23255e-23
-0.100802
-132.866
-41.3153
-28.3121
-74.5174
-141.984
-156.665
-153.388
-140.402
-117.612
-52.1575
-61.8308
-138.351
-108.771
-50.3038
-0.00141226
-2.14311e-23
-1.13755e-23
-4.82498e-24
-1.56495e-24
-1.56112e-24
-4.81379e-24
-1.13572e-23
-2.14031e-23
-0.0013684
-49.5775
-108.762
-138.713
-61.9369
-52.2634
-117.851
-140.691
-153.741
-157.142
-141.814
-75.7533
-27.3427
-42.5768
-96.7729
-0.244082
-3.29877e-23
-1.79286e-23
-9.53546e-24
-4.12451e-24
-9.32998e-25
-2.858e-24
-5.46698e-24
-1.07389e-23
-1.85568e-23
-3.19092e-23
-0.0741388
-60.2388
-26.0935
-34.2479
-96.3688
-130.621
-146.815
-152.45
-145.181
-65.4831
-11.8713
-43.2729
-133.06
-119.935
-40.1997
-0.036128
-2.29005e-23
-1.20812e-23
-4.60972e-24
-7.94738e-25
-7.89528e-25
-4.59554e-24
-1.20633e-23
-2.28922e-23
-0.0356527
-41.1457
-119.914
-133.812
-43.343
-11.9442
-65.6251
-145.507
-152.84
-147.318
-131.351
-96.6114
-34.8594
-27.3141
-58.4318
-0.134007
-3.23351e-23
-1.871e-23
-1.07914e-23
-5.47745e-24
-2.84686e-24
-6.95546e-24
-8.49798e-24
-1.31167e-23
-1.82312e-23
-2.51182e-23
-4.32297e-06
-3.88051
-18.3012
-36.4103
-93.0065
-125.552
-149.121
-165.523
-80.0394
-3.48317
-0.00163033
-21.1946
-119.258
-165.224
-61.4964
-0.372741
-1.34456e-17
-1.35456e-23
-5.03009e-24
-5.81258e-25
-5.73774e-25
-5.00965e-24
-1.35197e-23
-1.18936e-17
-0.36552
-61.2227
-165.434
-119.645
-20.6873
-0.00160743
-3.50007
-80.2157
-165.897
-149.505
-125.926
-93.269
-36.6254
-18.8672
-3.64309
-4.44629e-06
-2.51293e-23
-1.82009e-23
-1.30744e-23
-8.46147e-24
-6.90966e-24
-1.2731e-23
-1.40879e-23
-1.86326e-23
-2.05341e-23
-2.18271e-23
-2.80838e-16
-0.0263814
-34.1363
-82.3008
-131.13
-136.321
-164.261
-104.706
-23.6466
-1.62104e-05
-1.11966e-14
-0.399361
-67.5393
-146.509
-75.8559
-16.1459
-6.57023e-08
-1.66756e-23
-6.03473e-24
-7.0574e-25
-6.9464e-25
-6.00277e-24
-1.6627e-23
-6.473e-08
-15.6598
-75.74
-146.277
-67.0978
-0.375428
-9.84268e-15
-1.62717e-05
-23.711
-104.883
-164.526
-136.441
-130.906
-81.9275
-33.9179
-0.0275681
-3.22605e-16
-2.16068e-23
-2.03478e-23
-1.84866e-23
-1.40027e-23
-1.26596e-23
-1.82226e-23
-2.45248e-23
-3.09775e-23
-2.85026e-23
-2.26765e-13
-0.00173971
-25.937
-38.181
-100.457
-110.209
-129.824
-103.488
-56.5982
-0.0349283
-1.87192e-13
-4.04261e-24
-0.00858713
-39.4044
-139.268
-95.7717
-54.4243
-0.0009232
-2.03881e-23
-7.17824e-24
-9.20106e-25
-9.04423e-25
-7.13127e-24
-2.03182e-23
-0.00086512
-54.9211
-96.4176
-139.842
-41.5393
-0.00815503
-4.0672e-24
-1.87789e-13
-0.0350364
-56.6869
-103.563
-129.889
-110.138
-100.271
-38.1827
-25.6761
-0.00174368
-2.14601e-13
-2.81904e-23
-3.07074e-23
-2.44047e-23
-1.81625e-23
-1.86286e-23
-3.08288e-05
-0.594817
-4.44638
-6.94524
-35.3793
-36.8621
-56.4052
-73.0105
-88.9206
-120.535
-78.7322
-14.4075
-1.97927e-07
-4.43418e-24
-5.09735e-24
-6.73619e-05
-45.2878
-115.517
-125.118
-57.1645
-0.0195159
-9.8055e-22
-7.84004e-24
-1.05569e-24
-1.03528e-24
-7.77289e-24
-7.19678e-22
-0.0174698
-58.4589
-126.528
-118.329
-45.1407
-6.23751e-05
-5.11315e-24
-4.4696e-24
-1.99276e-07
-14.4269
-78.7337
-120.54
-88.8891
-72.9572
-56.3785
-36.824
-34.9318
-7.07769
-4.46365
-0.576549
-2.90747e-05
-1.86245e-23
-8.58781e-24
-0.278272
-68.2595
-48.2405
-26.5069
-40.0322
-36.3653
-36.1073
-50.6564
-63.1829
-76.4896
-41.9279
-5.33203
-9.95583e-18
-4.00443e-24
-5.23094e-24
-3.8737e-10
-5.39807
-59.3547
-95.3202
-69.7195
-0.845902
-5.59055e-11
-8.26856e-24
-1.14656e-24
-1.12381e-24
-8.15114e-24
-6.09706e-11
-0.746557
-72.3827
-95.406
-61.2688
-4.9194
-3.1919e-10
-5.24611e-24
-4.04172e-24
-1.03088e-17
-5.33089
-41.9357
-76.4941
-63.1725
-50.6419
-36.1007
-36.3402
-40.0268
-26.5639
-48.468
-65.6373
-0.313142
-8.61869e-24
-8.77199e-24
-0.237341
-92.8105
-47.0164
-25.2621
-63.447
-28.9193
-21.6138
-39.1435
-45.4808
-52.9628
-29.1421
-6.86975
-9.82743e-24
-4.23402e-24
-4.80173e-24
-3.54725e-16
-0.11359
-242.469
-119.779
-389.817
-38.2984
-4.10899e-05
-1.24067e-17
-1.31465e-24
-1.31132e-24
-1.61605e-17
-3.75093e-05
-40.0532
-415.595
-132.283
-260.627
-0.0998447
-2.60531e-16
-4.82526e-24
-4.28216e-24
-9.90136e-24
-6.86535
-29.1528
-52.9737
-45.4769
-39.1395
-21.6278
-28.9034
-63.4246
-25.2529
-47.1625
-78.9485
-0.294863
-8.81629e-24
-1.90787e-23
-1.64827e-05
-0.293913
-2.33037
-14.2261
-21.6765
-11.2536
-21.5293
-36.8561
-32.11
-38.7928
-22.5815
-1.33208
-1.31217e-23
-5.49307e-24
-5.17734e-24
-1.95538e-07
-1.58525
-128.873
-282.622
-439.528
-200.602
-2.53462
-0.0023769
-5.04214e-09
-7.67163e-09
-0.00299757
-2.27231
-196.265
-431.946
-287.32
-130.936
-1.47037
-1.87099e-07
-5.20306e-24
-5.55855e-24
-1.32226e-23
-1.32913
-22.5987
-38.8139
-32.1002
-36.8032
-21.5281
-11.1996
-21.6158
-14.3013
-2.64288
-0.37503
-2.30235e-05
-1.92454e-23
-1.98088e-23
-2.56985e-23
-3.09045e-23
-2.65834e-23
-1.22393e-09
-0.0640157
-88.2065
-45.6174
-43.8318
-15.1726
-29.3073
-22.3684
-0.885761
-9.73183e-14
-8.24729e-24
-6.90039e-24
-0.00167721
-153.149
-273.684
-174.697
-177.663
-221.161
-212.92
-53.2313
-0.000848512
-0.00258765
-74.305
-210.582
-219.97
-178.65
-175.576
-273.354
-151.415
-0.00172059
-6.93176e-24
-8.33497e-24
-9.65102e-14
-0.883661
-22.4042
-29.3448
-15.1713
-43.7949
-45.5825
-88.2218
-0.0638607
-1.18447e-09
-2.65096e-23
-3.09368e-23
-2.58283e-23
-1.99745e-23
-1.63121e-23
-1.73483e-23
-2.19538e-23
-1.1629e-19
-7.12311e-05
-14.4164
-278.64
-442.341
-236.39
-99.6581
-404.882
-211.729
-18.6257
-5.93389e-05
-1.12415e-21
-1.18778e-23
-0.0042399
-174.34
-343.434
-104.754
-293.464
-231.673
-149.692
-277.743
-0.0135297
-0.0503363
-273.577
-147.222
-232.914
-293.494
-104.514
-342.025
-172.333
-0.0044528
-1.19088e-23
-1.1215e-21
-5.98877e-05
-18.5839
-212.066
-405.805
-99.6994
-236.313
-442.021
-278.513
-14.4281
-7.01785e-05
-1.14926e-19
-2.19469e-23
-1.74063e-23
-1.64352e-23
-1.30443e-23
-1.4746e-23
-2.24245e-23
-1.97798e-08
-0.173905
-249.69
-367.213
-246.665
-128.584
-115.286
-546.486
-294.563
-406.746
-0.24322
-1.28641e-08
-2.10071e-23
-1.6598e-06
-0.0600423
-0.304101
-0.00747266
-0.00118274
-0.00822638
-0.125235
-0.0455428
-1.34636e-05
-5.91032e-05
-0.11516
-0.172265
-0.00555307
-0.00111736
-0.00762103
-0.318053
-0.0633049
-1.78353e-06
-2.1017e-23
-1.28345e-08
-0.24475
-407.77
-295.125
-547.242
-115.319
-128.52
-246.519
-366.996
-249.508
-0.172029
-1.95311e-08
-2.23949e-23
-1.47721e-23
-1.31282e-23
-1.15142e-23
-1.55405e-23
-2.96403e-23
-3.24657e-05
-157.384
-252.686
-275.077
-201.609
-0.191106
-20.0093
-270.612
-500.962
-151.305
-164.434
-0.00288851
-3.15793e-23
-3.8158e-23
-1.05869e-19
-1.22117e-18
-1.7218e-19
-3.15888e-22
-1.90893e-19
-1.6813e-18
-2.59418e-19
-1.05633e-22
-7.36038e-23
-1.44707e-20
-1.48751e-19
-3.15584e-20
-3.27942e-22
-1.74912e-19
-1.21466e-18
-1.0327e-19
-3.80311e-23
-3.16247e-23
-0.00292049
-164.82
-151.607
-501.746
-271.185
-19.9441
-0.189899
-201.543
-274.934
-252.543
-157.206
-3.22045e-05
-2.96008e-23
-1.55522e-23
-1.15723e-23
-1.13059e-23
-1.74455e-23
-3.78001e-23
-0.00332536
-136.879
-209.152
-178.178
-0.0307299
-1.20586e-06
-0.0101383
-57.507
-171.57
-178.256
-382.862
-0.0344752
-2.9261e-22
-3.80685e-23
-4.41449e-23
-5.51059e-23
-6.51945e-23
-7.15784e-23
-7.39457e-23
-7.13606e-23
-6.38494e-23
-5.66429e-23
-5.64646e-23
-6.34168e-23
-7.09172e-23
-7.35945e-23
-7.13045e-23
-6.49722e-23
-5.49188e-23
-4.4002e-23
-3.80082e-23
-2.95744e-22
-0.0349981
-383.881
-178.578
-171.681
-57.6077
-0.0101687
-1.20269e-06
-0.0306465
-178.145
-209.064
-136.824
-0.00331318
-3.77685e-23
-1.74535e-23
-1.13482e-23
-1.08166e-23
-1.7597e-23
-3.9969e-23
-0.00274477
-312.09
-165.668
-0.0108677
-8.90374e-09
-4.67782e-23
-2.61786e-08
-0.000345594
-0.00293695
-0.0286071
-0.0605009
-4.02645e-05
-4.58387e-23
-3.37031e-23
-3.20883e-23
-3.50336e-23
-3.89938e-23
-4.19246e-23
-4.30017e-23
-4.19075e-23
-3.91292e-23
-3.6644e-23
-3.65681e-23
-3.89379e-23
-4.16821e-23
-4.27939e-23
-4.17469e-23
-3.88453e-23
-3.49133e-23
-3.20028e-23
-3.36662e-23
-4.58589e-23
-4.10452e-05
-0.0614922
-0.028932
-0.00293767
-0.000345866
-2.62632e-08
-4.72873e-23
-8.89797e-09
-0.010857
-165.671
-312.008
-0.00273963
-3.99544e-23
-1.76058e-23
-1.08479e-23
-8.37198e-24
-1.39609e-23
-3.11954e-23
-1.35517e-06
-0.00284114
-0.000571666
-5.78438e-09
-3.11505e-23
-2.47658e-23
-2.51502e-23
-3.14988e-23
-1.22792e-22
-1.91281e-20
-2.67643e-20
-3.95973e-22
-3.1136e-23
-2.35719e-23
-2.04438e-23
-2.00308e-23
-2.07699e-23
-2.15466e-23
-2.1766e-23
-2.12351e-23
-2.01895e-23
-1.93177e-23
-1.9285e-23
-2.01041e-23
-2.11251e-23
-2.16543e-23
-2.14443e-23
-2.06818e-23
-1.99603e-23
-2.03955e-23
-2.35505e-23
-3.11421e-23
-4.04811e-22
-2.7251e-20
-1.94029e-20
-1.23732e-22
-3.1505e-23
-2.51575e-23
-2.47763e-23
-3.11648e-23
-5.78496e-09
-0.000571341
-0.00283815
-1.35334e-06
-3.11947e-23
-1.39696e-23
-8.39351e-24
-4.29129e-24
-7.93127e-24
-1.55724e-23
-2.43328e-23
-2.49584e-23
-2.09821e-23
-1.6652e-23
-1.27591e-23
-1.08176e-23
-1.08168e-23
-1.26766e-23
-1.60008e-23
-1.9782e-23
-2.20135e-23
-2.08848e-23
-1.71432e-23
-1.34657e-23
-1.09154e-23
-9.51866e-24
-8.88122e-24
-8.56382e-24
-8.26203e-24
-7.84608e-24
-7.36739e-24
-7.02574e-24
-7.01246e-24
-7.33179e-24
-7.79775e-24
-8.20993e-24
-8.51396e-24
-8.83768e-24
-9.48479e-24
-1.08943e-23
-1.34591e-23
-1.71501e-23
-2.09006e-23
-2.20308e-23
-1.97948e-23
-1.60078e-23
-1.2681e-23
-1.08212e-23
-1.08228e-23
-1.2765e-23
-1.66581e-23
-2.09869e-23
-2.49608e-23
-2.4333e-23
-1.55751e-23
-7.93715e-24
-4.30359e-24
-1.18897e-24
-3.86581e-24
-6.96465e-24
-7.89033e-24
-5.17917e-24
-2.45236e-24
-1.86459e-24
-2.01016e-24
-2.13737e-24
-2.3444e-24
-2.95965e-24
-4.349e-24
-6.65749e-24
-9.0832e-24
-1.01709e-23
-9.36967e-24
-7.52359e-24
-5.5847e-24
-4.03684e-24
-2.95147e-24
-2.21251e-24
-1.68115e-24
-1.26704e-24
-9.48742e-25
-7.6354e-25
-7.58622e-25
-9.35842e-25
-1.25012e-24
-1.66365e-24
-2.19665e-24
-2.93891e-24
-4.02929e-24
-5.58395e-24
-7.53079e-24
-9.38411e-24
-1.01895e-23
-9.10109e-24
-6.671e-24
-4.35758e-24
-2.96517e-24
-2.34853e-24
-2.14074e-24
-2.0126e-24
-1.86571e-24
-2.45221e-24
-5.17856e-24
-7.89013e-24
-6.96554e-24
-3.86774e-24
-1.19291e-24
-1.19083e-24
-3.86668e-24
-6.96506e-24
-7.89038e-24
-5.17914e-24
-2.45218e-24
-1.86421e-24
-2.00965e-24
-2.13673e-24
-2.3436e-24
-2.95867e-24
-4.34785e-24
-6.65619e-24
-9.08156e-24
-1.01693e-23
-9.36934e-24
-7.52573e-24
-5.59083e-24
-4.04973e-24
-2.97609e-24
-2.25584e-24
-1.75023e-24
-1.36562e-24
-1.07364e-24
-9.03729e-25
-8.99363e-25
-1.06429e-24
-1.35844e-24
-1.74932e-24
-2.261e-24
-2.98517e-24
-4.06126e-24
-5.60516e-24
-7.54434e-24
-9.39277e-24
-1.01958e-23
-9.10706e-24
-6.67676e-24
-4.36229e-24
-2.96858e-24
-2.35083e-24
-2.14222e-24
-2.01345e-24
-1.8659e-24
-2.45164e-24
-5.17752e-24
-7.88905e-24
-6.96367e-24
-3.86472e-24
-1.18694e-24
-4.29712e-24
-7.93376e-24
-1.55729e-23
-2.43313e-23
-2.49572e-23
-2.0981e-23
-1.66507e-23
-1.27575e-23
-1.08157e-23
-1.08143e-23
-1.26733e-23
-1.59963e-23
-1.97758e-23
-2.20042e-23
-2.08745e-23
-1.71374e-23
-1.34673e-23
-1.0927e-23
-9.54661e-24
-8.94071e-24
-8.67945e-24
-8.46196e-24
-8.14916e-24
-7.76575e-24
-7.47775e-24
-7.46212e-24
-7.73352e-24
-8.12714e-24
-8.46313e-24
-8.69961e-24
-8.96882e-24
-9.574e-24
-1.09518e-23
-1.34931e-23
-1.7168e-23
-2.09102e-23
-2.20417e-23
-1.98086e-23
-1.60205e-23
-1.26905e-23
-1.08275e-23
-1.08268e-23
-1.27672e-23
-1.66587e-23
-2.09861e-23
-2.49604e-23
-2.43344e-23
-1.55719e-23
-7.92859e-24
-4.28508e-24
-8.38241e-24
-1.39645e-23
-3.11929e-23
-1.35625e-06
-0.0028438
-0.000572318
-5.7931e-09
-3.11482e-23
-2.47628e-23
-2.51462e-23
-3.14928e-23
-1.3033e-22
-2.05153e-20
-2.88703e-20
-4.29932e-22
-3.1113e-23
-2.35629e-23
-2.0444e-23
-2.00415e-23
-2.08151e-23
-2.16802e-23
-2.20628e-23
-2.17616e-23
-2.09434e-23
-2.01913e-23
-2.01344e-23
-2.08279e-23
-2.16824e-23
-2.20557e-23
-2.17236e-23
-2.08728e-23
-2.00878e-23
-2.04741e-23
-2.35885e-23
-3.11459e-23
-4.23266e-22
-2.83873e-20
-2.01507e-20
-1.27783e-22
-3.15195e-23
-2.51666e-23
-2.47813e-23
-3.1167e-23
-5.78943e-09
-0.000572072
-0.00284293
-1.35595e-06
-3.11991e-23
-1.39574e-23
-8.36101e-24
-1.08323e-23
-1.76006e-23
-3.99589e-23
-0.00274614
-312.018
-165.648
-0.0108753
-8.91021e-09
-4.70855e-23
-2.58324e-08
-0.000343327
-0.00294756
-0.0295877
-0.0629695
-4.20651e-05
-4.57901e-23
-3.36824e-23
-3.20629e-23
-3.49718e-23
-3.89193e-23
-4.19389e-23
-4.32825e-23
-4.26667e-23
-4.04203e-23
-3.81834e-23
-3.79946e-23
-4.00573e-23
-4.24473e-23
-4.32781e-23
-4.20521e-23
-3.90469e-23
-3.50512e-23
-3.2088e-23
-3.36936e-23
-4.58188e-23
-4.22462e-05
-0.0631131
-0.0295781
-0.00294617
-0.000345185
-2.61417e-08
-4.63201e-23
-8.90343e-09
-0.0108742
-165.718
-312.204
-0.00274685
-3.99814e-23
-1.75937e-23
-1.08001e-23
-1.13276e-23
-1.74489e-23
-3.77814e-23
-0.00332375
-136.836
-209.082
-178.134
-0.0307017
-1.2053e-06
-0.0101373
-57.5935
-171.547
-178.155
-382.784
-0.0358342
-3.20074e-22
-3.8064e-23
-4.41e-23
-5.48807e-23
-6.47869e-23
-7.11462e-23
-7.38546e-23
-7.2248e-23
-6.60586e-23
-5.93611e-23
-5.87446e-23
-6.49796e-23
-7.17509e-23
-7.39702e-23
-7.14832e-23
-6.50944e-23
-5.50331e-23
-4.40954e-23
-3.80348e-23
-3.0739e-22
-0.0358103
-383.413
-178.329
-171.676
-57.6325
-0.0101645
-1.20185e-06
-0.0306911
-178.258
-209.253
-136.942
-0.00332932
-3.78217e-23
-1.74421e-23
-1.12826e-23
-1.15446e-23
-1.55463e-23
-2.96178e-23
-3.24084e-05
-157.278
-252.583
-274.966
-201.532
-0.190558
-20.0267
-270.552
-500.547
-151.163
-164.089
-0.00299021
-3.15388e-23
-3.8247e-23
-3.15537e-20
-4.33306e-19
-7.69902e-20
-4.2866e-22
-1.69493e-20
-5.05413e-20
-3.3328e-21
-7.90601e-23
-7.6969e-23
-1.02754e-20
-1.41231e-19
-4.04801e-20
-6.0227e-22
-7.54728e-20
-4.20333e-19
-3.01617e-20
-3.81026e-23
-3.15595e-23
-0.00296643
-164.174
-151.292
-500.901
-270.883
-19.967
-0.189806
-201.69
-275.227
-252.836
-157.522
-3.25323e-05
-2.96652e-23
-1.55341e-23
-1.14817e-23
-1.30885e-23
-1.47601e-23
-2.24076e-23
-1.97455e-08
-0.173385
-249.571
-367.05
-246.538
-128.514
-115.22
-546.243
-294.383
-406.619
-0.250067
-1.32561e-08
-2.09524e-23
-4.8895e-06
-0.120332
-0.423163
-0.00684101
-0.00120477
-0.00495572
-0.483585
-0.61133
-0.000411368
-5.74041e-05
-0.118389
-0.184749
-0.00649368
-0.00121064
-0.00697672
-0.347477
-0.0835745
-2.92135e-06
-2.09865e-23
-1.28378e-08
-0.246132
-407.08
-294.631
-546.597
-115.228
-128.574
-246.731
-367.435
-249.896
-0.174384
-1.98359e-08
-2.24415e-23
-1.47295e-23
-1.29974e-23
-1.63766e-23
-1.73815e-23
-2.19498e-23
-1.16508e-19
-7.08875e-05
-14.4546
-278.565
-441.972
-236.261
-99.5982
-405.016
-211.608
-18.5836
-6.13948e-05
-1.21928e-21
-1.16292e-23
-0.00905956
-174.962
-343.56
-102.492
-287.194
-221.852
-170.788
-213.878
-0.23003
-0.052282
-265.996
-149.216
-225.798
-290.621
-104.375
-342.353
-173.758
-0.0062545
-1.18582e-23
-1.1275e-21
-6.03497e-05
-18.4897
-211.724
-405.59
-99.6273
-236.365
-442.016
-278.972
-14.5408
-7.15279e-05
-1.16465e-19
-2.19521e-23
-1.73092e-23
-1.62454e-23
-1.98929e-23
-2.57788e-23
-3.09265e-23
-2.65299e-23
-1.17491e-09
-0.0641744
-88.2852
-45.5651
-43.7807
-15.1604
-29.2928
-22.3611
-0.888442
-1.0141e-13
-8.23714e-24
-6.79548e-24
-0.00246116
-154.781
-278.234
-176.633
-183.865
-232.075
-254.051
-93.9304
-0.00689798
-0.00224725
-76.9732
-216.133
-219.297
-176.964
-174.627
-274.038
-152.413
-0.00205464
-6.90113e-24
-8.26559e-24
-9.71127e-14
-0.879686
-22.3716
-29.3034
-15.1588
-43.7484
-45.535
-88.6356
-0.0649736
-1.1993e-09
-2.66163e-23
-3.08656e-23
-2.56035e-23
-1.97267e-23
-1.9155e-23
-2.13541e-05
-0.351758
-2.52771
-14.096
-21.6332
-11.19
-21.5204
-36.7894
-32.0825
-38.7732
-22.5728
-1.33827
-1.31768e-23
-5.51502e-24
-5.13746e-24
-1.58598e-07
-1.34172
-132.964
-293.143
-445.034
-204.425
-2.20512
-0.00289665
-1.10948e-08
-6.02281e-09
-0.00380163
-3.02364
-197.266
-433.335
-282.918
-129.115
-1.4333
-1.76497e-07
-5.18265e-24
-5.50878e-24
-1.31467e-23
-1.32106
-22.572
-38.7702
-32.071
-36.7638
-21.5488
-11.1717
-21.6777
-14.0305
-2.13702
-0.250889
-1.33349e-05
-1.90148e-23
-8.78271e-24
-0.281852
-83.9931
-47.2007
-25.328
-63.6076
-28.9816
-21.6404
-39.1432
-45.467
-52.946
-29.1345
-6.91507
-9.885e-24
-4.264e-24
-4.78922e-24
-2.72097e-16
-0.100366
-265.018
-136.977
-424.166
-38.8051
-3.71369e-05
-8.23811e-18
-1.33966e-24
-1.35045e-24
-1.64387e-17
-4.77725e-05
-39.2072
-397.638
-125.699
-248.702
-0.10068
-3.67507e-16
-4.80791e-24
-4.24595e-24
-9.84423e-24
-6.8186
-29.1236
-52.925
-45.4453
-39.1326
-21.6458
-28.8431
-63.176
-25.1505
-46.1651
-103.719
-0.200366
-8.77678e-24
-8.67106e-24
-0.308636
-67.5145
-48.4702
-26.6584
-40.1253
-36.4232
-36.1484
-50.6718
-63.1783
-76.4763
-41.9215
-5.36376
-1.02037e-17
-4.03436e-24
-5.22219e-24
-3.23611e-10
-4.95971
-62.2253
-97.0755
-73.8101
-0.761823
-6.53181e-11
-7.75196e-24
-1.13782e-24
-1.18416e-24
-7.98064e-24
-7.23955e-11
-0.792905
-70.3638
-94.7094
-59.621
-4.99947
-3.51268e-10
-5.23605e-24
-4.01409e-24
-1.01867e-17
-5.2844
-41.8967
-76.4269
-63.1234
-50.6088
-36.0721
-36.2461
-39.873
-26.5324
-47.7915
-67.2029
-0.240019
-8.46025e-24
-1.88097e-23
-3.03583e-05
-0.587744
-4.46465
-7.02593
-35.4687
-36.9276
-56.4747
-73.0263
-88.9101
-120.514
-78.7282
-14.4841
-1.99653e-07
-4.46841e-24
-5.09708e-24
-6.29208e-05
-45.5222
-120.159
-128.452
-59.4329
-0.0173088
-7.78001e-22
-7.57955e-24
-1.04265e-24
-1.08224e-24
-7.70572e-24
-7.45199e-22
-0.0183882
-57.4926
-125.017
-116.003
-45.03
-6.48202e-05
-5.10541e-24
-4.44424e-24
-1.99071e-07
-14.3574
-78.6725
-120.433
-88.8107
-72.8923
-56.3179
-36.7582
-34.8795
-7.03612
-4.32575
-0.554204
-2.75235e-05
-1.83403e-23
-1.83962e-23
-2.46575e-23
-3.10878e-23
-2.86163e-23
-2.22086e-13
-0.00174344
-26.2164
-38.2596
-100.395
-110.158
-129.761
-103.453
-56.562
-0.0351047
-1.89141e-13
-4.05786e-24
-0.0081668
-42.0994
-141.751
-97.6745
-55.0201
-0.000872027
-2.00922e-23
-7.0279e-24
-9.06471e-25
-9.35764e-25
-7.11238e-24
-2.02029e-23
-0.000912314
-54.1822
-95.4465
-138.65
-40.0017
-0.00837808
-4.05593e-24
-1.82464e-13
-0.0349026
-56.6097
-103.461
-129.746
-110.029
-100.176
-38.1487
-25.6664
-0.00177913
-2.30052e-13
-2.82221e-23
-3.07266e-23
-2.42873e-23
-1.79341e-23
-1.28586e-23
-1.41703e-23
-1.87079e-23
-2.06172e-23
-2.1942e-23
-3.02991e-16
-0.029552
-34.3786
-82.1124
-130.982
-136.263
-164.195
-104.666
-23.7252
-1.64273e-05
-9.25541e-15
-0.373284
-67.9374
-148.139
-76.7057
-15.6106
-6.62489e-08
-1.64938e-23
-5.94169e-24
-6.90368e-25
-7.10851e-25
-5.99929e-24
-1.6576e-23
-6.81353e-08
-16.1755
-75.4932
-145.712
-67.0162
-0.392187
-1.13206e-14
-1.60096e-05
-23.6355
-104.812
-164.37
-136.295
-130.776
-81.8594
-33.8155
-0.0276752
-3.99935e-16
-2.16197e-23
-2.03651e-23
-1.84812e-23
-1.39402e-23
-1.25148e-23
-7.02924e-24
-8.53561e-24
-1.31379e-23
-1.82373e-23
-2.5115e-23
-4.69502e-06
-4.17174
-18.7506
-36.5516
-93.1679
-125.567
-149.072
-165.44
-79.9889
-3.50984
-0.00160247
-20.8631
-121.086
-167.396
-61.9408
-0.364112
-1.12524e-17
-1.34365e-23
-4.9678e-24
-5.63905e-25
-5.77913e-25
-5.00637e-24
-1.34882e-23
-1.3675e-17
-0.373681
-61.1514
-164.43
-118.693
-20.9799
-0.00164479
-3.48397
-80.1542
-165.764
-149.352
-125.769
-93.1725
-36.4801
-18.8294
-3.46081
-3.85623e-06
-2.51719e-23
-1.82357e-23
-1.30833e-23
-8.43499e-24
-6.83224e-24
-2.88509e-24
-5.46497e-24
-1.06998e-23
-1.84508e-23
-3.16498e-23
-0.064148
-53.9154
-25.3582
-34.4259
-96.4061
-130.566
-146.742
-152.36
-145.053
-65.3869
-11.9686
-43.9132
-135.411
-121.235
-41.5984
-0.0355597
-2.28111e-23
-1.2005e-23
-4.56318e-24
-7.76131e-25
-7.85942e-25
-4.59046e-24
-1.20427e-23
-2.28436e-23
-0.0362762
-40.1964
-119.344
-132.486
-43.0175
-11.8993
-65.6081
-145.424
-152.72
-147.159
-131.115
-96.5015
-34.4122
-27.6595
-64.085
-0.149105
-3.24795e-23
-1.87845e-23
-1.08238e-23
-5.47777e-24
-2.81647e-24
-9.26149e-25
-4.06473e-24
-9.35608e-24
-1.74875e-23
-3.18879e-23
-0.076078
-160.163
-39.1868
-28.4113
-74.1159
-141.919
-156.564
-153.311
-140.292
-117.391
-52.1325
-62.6874
-140.16
-109.836
-49.8388
-0.00135133
-2.13408e-23
-1.13139e-23
-4.78735e-24
-1.54618e-24
-1.55318e-24
-4.80782e-24
-1.13471e-23
-2.13895e-23
-0.00141885
-50.0291
-108.278
-137.761
-61.5054
-52.234
-117.852
-140.62
-153.637
-157.033
-141.99
-75.6353
-27.7066
-43.9087
-79.1323
-0.310965
-3.32137e-23
-1.80351e-23
-9.58498e-24
-4.14135e-24
-9.30753e-25
-1.31236e-24
-4.22155e-24
-8.83189e-24
-1.46147e-23
-2.28615e-23
-5.13405e-06
-0.0662787
-0.14173
-0.0262669
-8.90075
-83.526
-177.875
-165.448
-148.715
-128.369
-105.431
-105.394
-159.089
-99.3457
-40.8384
-0.000548999
-1.98022e-23
-1.11509e-23
-5.76574e-24
-3.11621e-24
-3.12079e-24
-5.77941e-24
-1.11752e-23
-1.98471e-23
-0.000585
-40.8933
-98.6467
-157.584
-104.437
-105.287
-128.447
-148.828
-165.575
-177.945
-83.3155
-8.43902
-0.0246401
-0.31019
-0.30532
-4.08561e-05
-2.38677e-23
-1.50435e-23
-9.0184e-24
-4.28495e-24
-1.31426e-24
-4.1196e-24
-6.51313e-24
-1.08805e-23
-1.40147e-23
-1.53199e-23
-1.52067e-23
-1.02169e-23
-6.47966e-24
-1.2091e-15
-0.00102306
-51.9504
-121.993
-187.693
-164.482
-149.38
-138.829
-143.402
-176.817
-117.71
-70.9111
-0.00586485
-1.81455e-23
-1.16384e-23
-7.81024e-24
-5.80511e-24
-5.80748e-24
-7.81643e-24
-1.1647e-23
-1.8155e-23
-0.00613449
-71.0395
-116.475
-174.856
-142.362
-138.321
-149.144
-164.37
-187.678
-122.005
-51.6979
-0.000987115
-1.25428e-15
-6.11722e-24
-9.95537e-24
-1.54881e-23
-1.55218e-23
-1.41142e-23
-1.09123e-23
-6.49844e-24
-4.05407e-24
-8.76162e-24
-1.16264e-23
-1.8204e-23
-2.04691e-23
-1.77126e-23
-1.27763e-23
-7.76445e-24
-4.87813e-24
-4.37345e-24
-1.9704e-09
-0.144174
-42.9203
-165.538
-175.42
-170.381
-165.198
-164.12
-163.5
-138.86
-46.8236
-0.0629324
-9.75177e-23
-1.33168e-23
-1.15946e-23
-1.00062e-23
-1.00075e-23
-1.1596e-23
-1.3316e-23
-1.04607e-22
-0.0648901
-46.9487
-138.125
-162.491
-163.244
-164.566
-169.944
-175.099
-165.261
-42.8404
-0.142642
-1.9194e-09
-4.17562e-24
-4.56704e-24
-7.36478e-24
-1.24326e-23
-1.74214e-23
-2.0239e-23
-1.80384e-23
-1.15044e-23
-8.60453e-24
-1.31479e-23
-1.98755e-23
-3.57213e-23
-3.95301e-23
-3.26337e-23
-2.31373e-23
-1.51662e-23
-9.87019e-24
-6.58477e-24
-4.73211e-24
-2.99063e-07
-25.3159
-143.355
-214.892
-194.586
-191.148
-187.473
-183.372
-176.875
-84.4303
-3.58167
-2.78735e-11
-1.8084e-23
-1.86482e-23
-1.59508e-23
-1.59534e-23
-1.86485e-23
-1.80772e-23
-2.95843e-11
-3.67723
-84.3031
-176.332
-182.563
-186.659
-190.443
-194.01
-214.38
-143.043
-25.3117
-2.98496e-07
-4.63563e-24
-6.4007e-24
-9.5403e-24
-1.46703e-23
-2.25279e-23
-3.19918e-23
-3.8963e-23
-3.53237e-23
-1.96502e-23
-1.29302e-23
-1.36757e-23
-3.02941e-23
-0.00043029
-1.83611
-1.34383
-0.0544893
-0.0780555
-0.0400519
-0.00115774
-0.000351516
-0.00104979
-2.47105
-59.9054
-156.467
-207.881
-220.727
-214.258
-208.098
-229.098
-147.882
-33.5654
-4.4286e-06
-3.55801e-09
-2.80817e-07
-1.18498e-09
-1.1711e-09
-2.77572e-07
-3.52035e-09
-4.60107e-06
-33.9247
-147.266
-228.166
-207.253
-213.41
-219.924
-207.211
-156.07
-59.8009
-2.36914
-0.000878675
-0.000282641
-0.000974647
-0.0373091
-0.0761355
-0.0543167
-1.34232
-1.84066
-0.000432061
-3.00009e-23
-1.34776e-23
-8.46014e-24
-3.27261e-23
-0.519737
-87.3659
-28.5958
-7.28229
-22.8007
-35.7597
-31.5625
-35.2471
-36.2544
-26.2671
-39.1095
-135.378
-291.58
-280.291
-246.052
-209.47
-175.761
-139.116
-40.8092
-1.75207
-0.819443
-37.546
-0.0111955
-0.0112592
-37.3033
-0.819381
-1.75804
-40.6916
-138.589
-175.097
-208.668
-245.117
-279.259
-290.517
-134.884
-38.9352
-26.0623
-35.963
-34.9492
-31.2829
-35.4302
-22.5896
-7.21698
-28.3259
-86.6089
-0.522799
-3.24887e-23
-8.36078e-24
-7.04104e-24
-4.94458e-23
-1.03442
-5.90839
-29.3594
-29.909
-57.062
-88.6964
-85.1651
-88.6189
-90.0287
-87.0635
-104.505
-292.392
-105267
-41649.5
-19535.6
-14267.6
-10254.8
-6133.34
-2442.93
-628.819
-315.095
-145.389
-0.811159
-0.817131
-145.483
-315.119
-628.528
-2437.39
-6114.02
-10218.7
-14215.2
-19462.9
-41492.3
-104860
-291.11
-103.896
-86.4185
-89.3083
-87.8716
-84.4207
-87.9104
-56.5639
-29.6618
-29.136
-5.86852
-1.04227
-4.91636e-23
-7.00174e-24
