-7.0173e-24
-4.92754e-23
-1.03324
-5.88429
-29.2242
-29.7593
-56.7608
-88.2262
-84.72
-88.169
-89.5891
-86.6708
-104.159
-291.745
-105079
-41578.9
-19504.2
-14245.6
-10240
-6125.76
-2441.01
-628.904
-315.282
-145.545
-0.810179
-0.809621
-145.361
-314.83
-627.536
-2436.39
-6115.95
-10225.3
-14226.8
-19480.4
-41530.3
-104955
-291.351
-103.977
-86.4837
-89.3742
-87.942
-84.4909
-87.9826
-56.6059
-29.6823
-29.1545
-5.87182
-1.04958
-4.91872e-23
-7.00504e-24
-8.40008e-24
-3.25827e-23
-0.518488
-86.9074
-28.4322
-7.24265
-22.6719
-35.5601
-31.3946
-35.0678
-36.0746
-26.1409
-39.0211
-135.154
-291.106
-279.843
-245.651
-209.132
-175.488
-138.903
-40.7651
-1.7555
-0.819968
-37.3546
-0.0113404
-0.0112895
-37.4617
-0.819709
-1.74758
-40.6879
-138.7
-175.238
-208.857
-245.358
-279.536
-290.788
-134.998
-38.9667
-26.083
-35.9882
-34.9776
-31.3089
-35.4585
-22.6064
-7.2223
-28.3481
-86.6711
-0.526763
-3.25086e-23
-8.36911e-24
-1.35559e-23
-3.01169e-23
-0.000428638
-1.82636
-1.33314
-0.0539256
-0.0768832
-0.0391706
-0.00111544
-0.000336596
-0.00100205
-2.45675
-59.8899
-156.333
-207.606
-220.385
-213.892
-207.74
-228.719
-147.635
-33.7623
-4.31433e-06
-3.78902e-09
-3.01334e-07
-1.2731e-09
-1.24918e-09
-2.95746e-07
-3.72788e-09
-4.36981e-06
-33.5008
-147.43
-228.391
-207.465
-213.651
-220.171
-207.423
-156.198
-59.8409
-2.36349
-0.000889231
-0.000287994
-0.000991006
-0.0377769
-0.0769225
-0.0548035
-1.35383
-1.85577
-0.000435503
-3.00255e-23
-1.34943e-23
-1.30164e-23
-1.97394e-23
-3.54808e-23
-3.91867e-23
-3.22448e-23
-2.27675e-23
-1.4864e-23
-9.66682e-24
-6.46857e-24
-4.67027e-24
-2.88365e-07
-25.3456
-143.235
-214.703
-194.356
-190.846
-187.112
-183.02
-176.682
-84.4185
-3.62051
-2.54716e-11
-1.8097e-23
-1.86697e-23
-1.59724e-23
-1.59708e-23
-1.86677e-23
-1.8097e-23
-2.69107e-11
-3.5858
-84.1681
-176.288
-182.761
-186.92
-190.698
-194.246
-214.647
-143.232
-25.1497
-2.87136e-07
-4.64256e-24
-6.41526e-24
-9.56597e-24
-1.47087e-23
-2.25758e-23
-3.20434e-23
-3.90099e-23
-3.53574e-23
-1.96696e-23
-1.29489e-23
-8.66685e-24
-1.15528e-23
-1.81041e-23
-2.03301e-23
-1.75367e-23
-1.25695e-23
-7.52568e-24
-4.6923e-24
-4.2492e-24
-1.83083e-09
-0.141798
-42.8687
-165.444
-175.329
-170.219
-164.921
-163.708
-163.019
-138.532
-46.9431
-0.0632629
-8.08537e-23
-1.3334e-23
-1.16144e-23
-1.00255e-23
-1.00248e-23
-1.16135e-23
-1.33341e-23
-9.12206e-23
-0.063165
-46.6923
-138.288
-162.845
-163.578
-164.833
-170.162
-175.283
-165.364
-42.7876
-0.140659
-1.8353e-09
-4.18715e-24
-4.58836e-24
-7.39404e-24
-1.24593e-23
-1.74454e-23
-2.0259e-23
-1.80534e-23
-1.15155e-23
-8.61851e-24
-4.08027e-24
-6.50451e-24
-1.08999e-23
-1.40746e-23
-1.54402e-23
-1.53728e-23
-1.00649e-23
-6.28045e-24
-1.09216e-15
-0.00095521
-51.7419
-122.25
-187.939
-164.535
-149.32
-138.603
-142.88
-175.785
-117.072
-71.0713
-0.00582138
-1.8176e-23
-1.16651e-23
-7.83317e-24
-5.82398e-24
-5.82332e-24
-7.83159e-24
-1.16633e-23
-1.81748e-23
-0.00588251
-70.6816
-117.031
-175.822
-142.807
-138.572
-149.328
-164.561
-187.987
-122.255
-51.5108
-0.000946971
-1.16653e-15
-6.14176e-24
-9.97484e-24
-1.54691e-23
-1.55086e-23
-1.41086e-23
-1.09116e-23
-6.50089e-24
-4.06058e-24
-1.31374e-24
-4.26017e-24
-8.94501e-24
-1.48735e-23
-2.34627e-23
-9.14889e-06
-0.0993145
-0.175926
-0.0284867
-8.67059
-83.9181
-178.309
-165.67
-148.849
-128.453
-105.38
-104.905
-158.369
-99.0728
-40.9331
-0.000547174
-1.98659e-23
-1.11935e-23
-5.79482e-24
-3.13546e-24
-3.13436e-24
-5.79153e-24
-1.11873e-23
-1.98518e-23
-0.000552479
-40.7699
-98.6665
-157.944
-104.754
-105.407
-128.533
-148.936
-165.724
-178.165
-83.4173
-8.37984
-0.0248614
-0.299918
-0.292307
-3.89483e-05
-2.37938e-23
-1.50123e-23
-9.00522e-24
-4.28082e-24
-1.31483e-24
-9.28802e-25
-4.11122e-24
-9.49543e-24
-1.78216e-23
-3.2698e-23
-0.112646
-117.581
-41.2702
-28.4321
-73.6159
-142.52
-156.638
-153.446
-140.469
-117.65
-52.1903
-62.0396
-138.784
-109.002
-50.124
-0.00138417
-2.14219e-23
-1.1371e-23
-4.82324e-24
-1.56542e-24
-1.56384e-24
-4.81881e-24
-1.13642e-23
-2.14112e-23
-0.0013655
-49.6242
-108.714
-138.555
-61.871
-52.25
-117.823
-140.646
-153.664
-156.98
-142.092
-75.0391
-27.9043
-43.7059
-85.311
-0.290964
-3.31102e-23
-1.79931e-23
-9.56757e-24
-4.13545e-24
-9.30077e-25
-2.84268e-24
-5.47203e-24
-1.0775e-23
-1.86568e-23
-3.21682e-23
-0.0837132
-57.0604
-26.2286
-34.1135
-96.5677
-130.323
-146.695
-152.437
-145.209
-65.4993
-11.8812
-43.4378
-133.632
-120.191
-40.5777
-0.0354758
-2.29006e-23
-1.20785e-23
-4.60752e-24
-7.94349e-25
-7.9216e-25
-4.60208e-24
-1.20737e-23
-2.29046e-23
-0.0359823
-40.8435
-119.796
-133.492
-43.2807
-11.9571
-65.5991
-145.436
-152.717
-147.085
-130.945
-96.5154
-34.5295
-27.4776
-63.9077
-0.138774
-3.24103e-23
-1.87574e-23
-1.08136e-23
-5.47598e-24
-2.82021e-24
-6.90842e-24
-8.47219e-24
-1.31012e-23
-1.82336e-23
-2.51527e-23
-4.98973e-06
-4.03753
-18.9805
-36.3706
-92.9078
-125.393
-149.008
-165.503
-80.0507
-3.49758
-0.00160513
-21.1712
-119.659
-165.644
-61.5293
-0.364325
-1.29391e-17
-1.35433e-23
-5.02732e-24
-5.79892e-25
-5.76428e-25
-5.01863e-24
-1.35356e-23
-1.19009e-17
-0.371239
-61.1884
-165.146
-119.384
-20.7894
-0.00162647
-3.49768
-80.1815
-165.786
-149.295
-125.696
-93.1607
-36.4716
-18.8975
-3.44434
-3.65414e-06
-2.51643e-23
-1.82348e-23
-1.30867e-23
-8.44127e-24
-6.84446e-24
-1.26498e-23
-1.40262e-23
-1.85616e-23
-2.04542e-23
-2.17296e-23
-3.04977e-16
-0.0263817
-34.0111
-82.287
-131.059
-136.193
-164.146
-104.731
-23.6837
-1.61345e-05
-1.07299e-14
-0.398169
-67.6748
-146.773
-75.9514
-15.8847
-6.50558e-08
-1.66741e-23
-6.03159e-24
-7.03074e-25
-6.97271e-25
-6.01554e-24
-1.66521e-23
-6.4945e-08
-15.8256
-75.6578
-146.119
-67.0678
-0.378223
-9.84407e-15
-1.60598e-05
-23.7172
-104.881
-164.301
-136.223
-130.776
-81.8965
-33.8513
-0.0276106
-4.19497e-16
-2.1645e-23
-2.03851e-23
-1.84985e-23
-1.39557e-23
-1.25366e-23
-1.81205e-23
-2.44249e-23
-3.08512e-23
-2.83676e-23
-2.19538e-13
-0.00172299
-25.6926
-38.1764
-100.426
-110.146
-129.652
-103.468
-56.4242
-0.0351732
-1.77853e-13
-4.04558e-24
-0.00863945
-39.5846
-139.598
-96.0368
-54.5816
-0.000925904
-2.03936e-23
-7.17657e-24
-9.15992e-25
-9.06962e-25
-7.15005e-24
-2.03549e-23
-0.00086488
-54.8157
-96.1454
-139.596
-41.2089
-0.00818859
-4.06125e-24
-1.75807e-13
-0.0352881
-56.4023
-103.487
-129.578
-110.001
-100.189
-38.1531
-25.795
-0.00178579
-2.22059e-13
-2.82561e-23
-3.07567e-23
-2.43117e-23
-1.79629e-23
-1.85383e-23
-3.11408e-05
-0.595001
-4.40163
-6.82925
-35.2204
-36.8408
-56.3919
-73.003
-88.9206
-120.582
-78.8466
-14.4497
-2.02482e-07
-4.44646e-24
-5.10728e-24
-6.84273e-05
-45.3924
-115.684
-125.328
-57.1804
-0.0200028
-1.43717e-21
-7.84293e-24
-1.05035e-24
-1.03772e-24
-7.80282e-24
-6.02399e-22
-0.0172842
-58.3482
-126.252
-118.031
-45.1244
-6.24654e-05
-5.10368e-24
-4.45917e-24
-2.04048e-07
-14.4599
-78.8507
-120.532
-88.8369
-72.9045
-56.3215
-36.7563
-34.9175
-7.00781
-4.43658
-0.582041
-2.93366e-05
-1.83685e-23
-8.55786e-24
-0.286176
-69.0157
-48.1452
-26.4679
-39.976
-36.3357
-36.1023
-50.662
-63.1997
-76.5255
-41.9513
-5.32909
-1.03091e-17
-4.02262e-24
-5.25037e-24
-4.10981e-10
-5.62222
-59.5488
-95.5427
-70.1644
-0.89687
-5.88488e-11
-8.27826e-24
-1.14108e-24
-1.12568e-24
-8.20909e-24
-5.76595e-11
-0.727601
-72.0022
-95.2589
-61.0634
-4.86592
-3.0927e-10
-5.23085e-24
-4.02712e-24
-1.06523e-17
-5.31565
-41.9278
-76.4772
-63.1503
-50.6195
-36.0713
-36.2645
-39.9024
-26.4527
-47.8697
-67.6073
-0.243712
-8.47331e-24
-8.77365e-24
-0.247547
-93.0742
-46.9379
-25.2259
-63.3452
-28.8903
-21.6216
-39.159
-45.5027
-52.9983
-29.1641
-6.90727
-9.86607e-24
-4.26298e-24
-4.83149e-24
-3.6159e-16
-0.121499
-243.004
-120.894
-391.074
-38.4223
-4.21456e-05
-9.79018e-18
-1.31705e-24
-1.30862e-24
-2.15168e-17
-3.8468e-05
-39.9982
-413.059
-130.945
-259.38
-0.096676
-2.45655e-16
-4.80124e-24
-4.2582e-24
-9.86877e-24
-6.88076
-29.1437
-52.9593
-45.4697
-39.1429
-21.6323
-28.8436
-63.212
-25.1621
-46.479
-102.602
-0.197616
-8.77398e-24
-1.90815e-23
-1.75415e-05
-0.305362
-2.34838
-14.0232
-21.6578
-11.2687
-21.5447
-36.8701
-32.1292
-38.8319
-22.6062
-1.34
-1.31848e-23
-5.54224e-24
-5.22349e-24
-1.9274e-07
-1.60714
-128.614
-283.253
-441.537
-201.812
-2.52029
-0.00224803
-4.2201e-09
-7.10527e-09
-0.00297014
-2.33032
-195.029
-430.284
-286.722
-131.171
-1.33494
-1.58847e-07
-5.163e-24
-5.51616e-24
-1.31685e-23
-1.33264
-22.588
-38.7985
-32.0976
-36.8192
-21.5521
-11.2388
-21.6662
-14.2174
-2.13695
-0.245756
-1.27168e-05
-1.90169e-23
-1.98102e-23
-2.56963e-23
-3.09062e-23
-2.65794e-23
-1.18834e-09
-0.0640319
-88.2975
-45.5995
-43.818
-15.1822
-29.3519
-22.405
-0.891227
-9.96377e-14
-8.32965e-24
-6.98002e-24
-0.00201252
-150.367
-271.084
-175.24
-178.702
-222.847
-215.787
-55.8678
-0.000658495
-0.0020612
-68.6915
-203.309
-217.7
-177.617
-175.907
-277.366
-154.61
-0.00229174
-6.85165e-24
-8.25802e-24
-9.92671e-14
-0.888195
-22.3875
-29.3259
-15.1669
-43.7487
-45.5257
-88.5746
-0.0647811
-1.21369e-09
-2.66271e-23
-3.08735e-23
-2.56129e-23
-1.97323e-23
-1.63135e-23
-1.7349e-23
-2.19559e-23
-1.10845e-19
-7.10095e-05
-14.4261
-278.745
-442.286
-236.43
-99.7576
-405.528
-212.096
-18.6784
-6.0212e-05
-1.11656e-21
-1.19872e-23
-0.00569449
-170.662
-342.851
-105.381
-294.653
-232.689
-151.385
-280.89
-0.0103998
-0.0370312
-262.037
-143.786
-234.768
-293.774
-104.17
-345.386
-175.905
-0.00796456
-1.17542e-23
-1.1017e-21
-6.06876e-05
-18.5438
-211.912
-405.576
-99.675
-236.355
-441.981
-278.969
-14.4949
-7.08689e-05
-1.08107e-19
-2.19567e-23
-1.73146e-23
-1.62516e-23
-1.30464e-23
-1.47481e-23
-2.24283e-23
-1.94337e-08
-0.173307
-249.752
-367.289
-246.694
-128.594
-115.444
-547.427
-295.09
-407.594
-0.246458
-1.30224e-08
-2.10212e-23
-2.5546e-06
-0.0773369
-0.341378
-0.0071051
-0.00115283
-0.00828822
-0.136626
-0.0437885
-1.06992e-05
-4.12685e-05
-0.0880414
-0.154004
-0.00592374
-0.00113871
-0.00674052
-0.391424
-0.105495
-4.09215e-06
-2.10604e-23
-1.29478e-08
-0.247642
-407.327
-294.91
-546.984
-115.289
-128.575
-246.728
-367.434
-249.896
-0.172669
-1.91828e-08
-2.24437e-23
-1.47332e-23
-1.30031e-23
-1.15175e-23
-1.5544e-23
-2.96465e-23
-3.23973e-05
-157.417
-252.741
-275.133
-201.643
-0.192839
-20.029
-271.115
-501.799
-151.598
-164.957
-0.00292937
-3.16235e-23
-3.80044e-23
-5.65448e-20
-7.00407e-19
-1.0658e-19
-2.42398e-22
-2.81117e-19
-2.637e-18
-3.84235e-19
-9.75083e-23
-7.29958e-23
-2.21284e-20
-2.13664e-19
-4.10331e-20
-3.33053e-22
-6.76601e-20
-3.83485e-19
-2.77325e-20
-3.84055e-23
-3.16878e-23
-0.00296134
-164.511
-151.47
-501.405
-271.186
-19.9472
-0.191897
-201.688
-275.231
-252.842
-157.523
-3.22836e-05
-2.96671e-23
-1.55374e-23
-1.14871e-23
-1.13106e-23
-1.74506e-23
-3.78095e-23
-0.0033409
-136.911
-209.2
-178.218
-0.0308117
-1.21626e-06
-0.0103341
-58.5365
-171.663
-178.545
-383.689
-0.0348627
-2.8383e-22
-3.80301e-23
-4.40708e-23
-5.50964e-23
-6.52731e-23
-7.17185e-23
-7.41197e-23
-7.15416e-23
-6.39801e-23
-5.66223e-23
-5.62587e-23
-6.3221e-23
-7.09265e-23
-7.37636e-23
-7.15373e-23
-6.52369e-23
-5.52292e-23
-4.43327e-23
-3.82461e-23
-2.83815e-22
-0.0354853
-383.61
-178.406
-171.604
-58.6714
-0.0103684
-1.21163e-06
-0.0307631
-178.262
-209.263
-136.951
-0.00334162
-3.78258e-23
-1.74461e-23
-1.12882e-23
-1.08231e-23
-1.76039e-23
-3.99815e-23
-0.00275708
-312.171
-165.713
-0.0109092
-8.89e-09
-4.46024e-23
-2.58945e-08
-0.000354436
-0.00301147
-0.028812
-0.0609357
-4.05444e-05
-4.59046e-23
-3.37127e-23
-3.20769e-23
-3.50426e-23
-3.90418e-23
-4.20072e-23
-4.31047e-23
-4.20105e-23
-3.92024e-23
-3.66567e-23
-3.65249e-23
-3.89046e-23
-4.17229e-23
-4.29092e-23
-4.19096e-23
-3.90377e-23
-3.5127e-23
-3.2216e-23
-3.38394e-23
-4.59742e-23
-4.14651e-05
-0.0621189
-0.0292365
-0.00301382
-0.000354755
-2.60414e-08
-4.39848e-23
-8.87337e-09
-0.0109045
-165.731
-312.231
-0.00275648
-3.99885e-23
-1.75988e-23
-1.08062e-23
-8.37933e-24
-1.39686e-23
-3.12086e-23
-1.36115e-06
-0.00285478
-0.000574355
-5.80232e-09
-3.11627e-23
-2.4779e-23
-2.51701e-23
-3.15281e-23
-1.17734e-22
-1.83515e-20
-2.56841e-20
-3.79949e-22
-3.11873e-23
-2.35999e-23
-2.04603e-23
-2.00525e-23
-2.08074e-23
-2.16015e-23
-2.18327e-23
-2.13033e-23
-2.02459e-23
-1.93532e-23
-1.93052e-23
-2.01319e-23
-2.11824e-23
-2.17445e-23
-2.15599e-23
-2.08144e-23
-2.01022e-23
-2.05346e-23
-2.36726e-23
-3.12406e-23
-3.83303e-22
-2.57983e-20
-1.83692e-20
-1.17158e-22
-3.15416e-23
-2.51788e-23
-2.47855e-23
-3.11683e-23
-5.80028e-09
-0.000574205
-0.00285396
-1.3606e-06
-3.12078e-23
-1.39633e-23
-8.36732e-24
-4.29766e-24
-7.9379e-24
-1.55824e-23
-2.43455e-23
-2.49698e-23
-2.09903e-23
-1.66582e-23
-1.27647e-23
-1.08241e-23
-1.08256e-23
-1.26894e-23
-1.60196e-23
-1.98106e-23
-2.20538e-23
-2.09311e-23
-1.71852e-23
-1.34995e-23
-1.09432e-23
-9.54625e-24
-8.91385e-24
-8.6036e-24
-8.30759e-24
-7.89322e-24
-7.41095e-24
-7.06311e-24
-7.04689e-24
-7.37149e-24
-7.84993e-24
-8.27633e-24
-8.59231e-24
-8.92439e-24
-9.57553e-24
-1.09833e-23
-1.35404e-23
-1.72202e-23
-2.09589e-23
-2.20776e-23
-1.98305e-23
-1.60337e-23
-1.26987e-23
-1.08318e-23
-1.08284e-23
-1.27676e-23
-1.66593e-23
-2.09889e-23
-2.49669e-23
-2.43431e-23
-1.55793e-23
-7.93388e-24
-4.29043e-24
-1.19208e-24
-3.87011e-24
-6.9712e-24
-7.89724e-24
-5.18365e-24
-2.4542e-24
-1.86551e-24
-2.01143e-24
-2.1396e-24
-2.34819e-24
-2.96632e-24
-4.36106e-24
-6.67806e-24
-9.11388e-24
-1.02091e-23
-9.40969e-24
-7.56114e-24
-5.61851e-24
-4.06795e-24
-2.98145e-24
-2.24204e-24
-1.70956e-24
-1.29265e-24
-9.7021e-25
-7.81628e-25
-7.76755e-25
-9.58506e-25
-1.28037e-24
-1.70207e-24
-2.2422e-24
-2.98991e-24
-4.0836e-24
-5.63869e-24
-7.5826e-24
-9.43002e-24
-1.02273e-23
-9.12961e-24
-6.6904e-24
-4.36954e-24
-2.97188e-24
-2.35194e-24
-2.14217e-24
-2.01286e-24
-1.86551e-24
-2.45269e-24
-5.18129e-24
-7.89506e-24
-6.96938e-24
-3.86844e-24
-1.1896e-24
-1.18809e-24
-3.86788e-24
-6.96942e-24
-7.8956e-24
-5.1818e-24
-2.45262e-24
-1.86452e-24
-2.011e-24
-2.13966e-24
-2.34878e-24
-2.96761e-24
-4.36319e-24
-6.68093e-24
-9.11699e-24
-1.02129e-23
-9.41587e-24
-7.5711e-24
-5.63288e-24
-4.08733e-24
-3.00768e-24
-2.27867e-24
-1.76079e-24
-1.3614e-24
-1.05565e-24
-8.77943e-25
-8.74451e-25
-1.04757e-24
-1.35333e-24
-1.75565e-24
-2.27685e-24
-3.00847e-24
-4.09019e-24
-5.63789e-24
-7.57846e-24
-9.4251e-24
-1.02228e-23
-9.12601e-24
-6.68773e-24
-4.36762e-24
-2.97071e-24
-2.35139e-24
-2.14208e-24
-2.01313e-24
-1.8661e-24
-2.45353e-24
-5.18224e-24
-7.89589e-24
-6.97007e-24
-3.86907e-24
-1.19055e-24
-4.2855e-24
-7.93163e-24
-1.55784e-23
-2.43431e-23
-2.49654e-23
-2.09858e-23
-1.66551e-23
-1.27633e-23
-1.0824e-23
-1.0827e-23
-1.26926e-23
-1.60247e-23
-1.98164e-23
-2.20579e-23
-2.09361e-23
-1.71999e-23
-1.35275e-23
-1.09843e-23
-9.59965e-24
-8.98444e-24
-8.70395e-24
-8.45468e-24
-8.10093e-24
-7.67959e-24
-7.37227e-24
-7.36133e-24
-7.65452e-24
-8.07575e-24
-8.43633e-24
-8.69105e-24
-8.97286e-24
-9.58728e-24
-1.0973e-23
-1.35212e-23
-1.72002e-23
-2.09413e-23
-2.20646e-23
-1.98217e-23
-1.60278e-23
-1.26953e-23
-1.08305e-23
-1.08285e-23
-1.27689e-23
-1.66615e-23
-2.09919e-23
-2.49699e-23
-2.43454e-23
-1.55811e-23
-7.93565e-24
-4.2932e-24
-8.3586e-24
-1.39598e-23
-3.12081e-23
-1.36258e-06
-0.00285741
-0.000574776
-5.80634e-09
-3.11597e-23
-2.47782e-23
-2.51715e-23
-3.15322e-23
-1.22596e-22
-1.9253e-20
-2.70559e-20
-4.02201e-22
-3.1199e-23
-2.36436e-23
-2.05254e-23
-2.01263e-23
-2.08944e-23
-2.17298e-23
-2.20473e-23
-2.16496e-23
-2.07378e-23
-1.99443e-23
-1.99088e-23
-2.06604e-23
-2.15794e-23
-2.20035e-23
-2.17033e-23
-2.08698e-23
-2.0095e-23
-2.04916e-23
-2.362e-23
-3.1193e-23
-4.03797e-22
-2.71137e-20
-1.92579e-20
-1.22176e-22
-3.15368e-23
-2.51776e-23
-2.47869e-23
-3.11717e-23
-5.797e-09
-0.000573739
-0.00285133
-1.35928e-06
-3.12097e-23
-1.39657e-23
-8.37175e-24
-1.07935e-23
-1.75953e-23
-3.99944e-23
-0.00276094
-312.261
-165.726
-0.0109171
-8.89297e-09
-4.4242e-23
-2.57585e-08
-0.000353056
-0.00301558
-0.029489
-0.0626654
-4.18379e-05
-4.58976e-23
-3.37801e-23
-3.21744e-23
-3.51147e-23
-3.90832e-23
-4.20744e-23
-4.33023e-23
-4.247e-23
-3.99945e-23
-3.76769e-23
-3.75681e-23
-3.97767e-23
-4.23067e-23
-4.32307e-23
-4.20497e-23
-3.90577e-23
-3.50617e-23
-3.21034e-23
-3.37307e-23
-4.58934e-23
-4.21804e-05
-0.0630429
-0.0295765
-0.00302319
-0.000355797
-2.60556e-08
-4.38877e-23
-8.86586e-09
-0.0108928
-165.74
-312.235
-0.00275339
-3.99882e-23
-1.76012e-23
-1.0812e-23
-1.12711e-23
-1.74428e-23
-3.78385e-23
-0.00334878
-136.971
-209.296
-178.271
-0.0308053
-1.21472e-06
-0.0103285
-58.5316
-171.611
-178.285
-383.237
-0.0357359
-2.99035e-22
-3.81583e-23
-4.42396e-23
-5.51269e-23
-6.51371e-23
-7.15189e-23
-7.40631e-23
-7.19779e-23
-6.51942e-23
-5.83555e-23
-5.8016e-23
-6.45935e-23
-7.16465e-23
-7.40115e-23
-7.15637e-23
-6.51577e-23
-5.50578e-23
-4.40978e-23
-3.8063e-23
-2.93151e-22
-0.035842
-384.03
-178.518
-171.705
-58.6655
-0.0103772
-1.211e-06
-0.0306898
-178.265
-209.259
-136.948
-0.00333576
-3.78222e-23
-1.7448e-23
-1.12954e-23
-1.14638e-23
-1.55327e-23
-2.96829e-23
-3.25431e-05
-157.595
-252.897
-275.286
-201.71
-0.192263
-20.042
-270.862
-500.952
-151.295
-164.287
-0.00297969
-3.16085e-23
-3.8302e-23
-2.88513e-20
-4.02e-19
-7.18505e-20
-3.40376e-22
-2.92614e-20
-1.3861e-19
-1.38671e-20
-7.70287e-23
-7.58983e-23
-8.61741e-21
-1.21732e-19
-3.58392e-20
-5.27593e-22
-1.03639e-19
-6.51723e-19
-5.17427e-20
-3.80841e-23
-3.16306e-23
-0.00297091
-164.556
-151.496
-501.476
-271.266
-19.9806
-0.19102
-201.675
-275.22
-252.833
-157.503
-3.22783e-05
-2.96615e-23
-1.55396e-23
-1.14965e-23
-1.29695e-23
-1.47227e-23
-2.24553e-23
-1.9564e-08
-0.17429
-249.969
-367.52
-246.785
-128.599
-115.31
-546.722
-294.618
-406.94
-0.248474
-1.30563e-08
-2.10056e-23
-3.96538e-06
-0.104078
-0.391747
-0.00690795
-0.00119801
-0.0057751
-0.287874
-0.268111
-0.000161067
-5.46021e-05
-0.112551
-0.174569
-0.00606306
-0.00117239
-0.00701301
-0.358012
-0.0866225
-3.08872e-06
-2.10294e-23
-1.27724e-08
-0.245967
-407.666
-294.998
-547.27
-115.339
-128.546
-246.69
-367.419
-249.893
-0.172519
-1.92835e-08
-2.24384e-23
-1.47375e-23
-1.30163e-23
-1.62027e-23
-1.72917e-23
-2.19594e-23
-1.11454e-19
-7.15436e-05
-14.5165
-279.024
-442.131
-236.4
-99.6622
-405.317
-211.759
-18.5895
-6.09184e-05
-1.13642e-21
-1.17296e-23
-0.00779516
-175.39
-344.63
-103.729
-290.742
-227.901
-160.064
-267.048
-0.123997
-0.0481075
-271.289
-148.923
-228.349
-292.031
-104.577
-341.551
-172.684
-0.00643498
-1.19279e-23
-1.07703e-21
-6.02652e-05
-18.5249
-211.978
-406.035
-99.6855
-236.319
-441.765
-279.025
-14.5463
-7.06193e-05
-1.08851e-19
-2.19542e-23
-1.73247e-23
-1.62707e-23
-1.96665e-23
-2.55622e-23
-3.0868e-23
-2.66412e-23
-1.19157e-09
-0.0648933
-88.5938
-45.5476
-43.7628
-15.1648
-29.3101
-22.3735
-0.888362
-1.00689e-13
-8.24775e-24
-6.84971e-24
-0.00229837
-154.017
-276.851
-176.305
-181.641
-228.265
-235.836
-90.1573
-0.00521731
-0.00211002
-74.4224
-214.494
-219.67
-177.793
-174.955
-273.73
-151.965
-0.00205389
-6.9268e-24
-8.30989e-24
-9.69407e-14
-0.880438
-22.3963
-29.3332
-15.162
-43.7095
-45.4892
-88.733
-0.0648051
-1.13005e-09
-2.65855e-23
-3.08837e-23
-2.56395e-23
-1.97569e-23
-1.89497e-23
-1.3511e-05
-0.255023
-2.13977
-13.7782
-21.6695
-11.2278
-21.5562
-36.8096
-32.0858
-38.7774
-22.5741
-1.33489
-1.31558e-23
-5.50942e-24
-5.16279e-24
-1.69793e-07
-1.44934
-130.962
-288.424
-444.663
-203.818
-2.52987
-0.00385568
-1.47184e-08
-4.78669e-09
-0.00320713
-2.68244
-196.709
-432.485
-285.067
-130.067
-1.38402
-1.64531e-07
-5.19651e-24
-5.53757e-24
-1.31913e-23
-1.3209
-22.5852
-38.7908
-32.0776
-36.7667
-21.5603
-11.1891
-21.6361
-13.7211
-2.05765
-0.243593
-1.30845e-05
-1.90369e-23
-8.7517e-24
-0.204513
-107.218
-46.2853
-25.1135
-63.0621
-28.8133
-21.6329
-39.1337
-45.4467
-52.9236
-29.1222
-6.89503
-9.85964e-24
-4.25278e-24
-4.80075e-24
-2.84773e-16
-0.110458
-253.2
-128.253
-406.701
-38.4931
-3.64309e-05
-7.09499e-18
-1.36391e-24
-1.30308e-24
-1.56623e-17
-4.4951e-05
-39.5929
-406.531
-129.744
-254.772
-0.0981864
-2.8111e-16
-4.81864e-24
-4.26585e-24
-9.87623e-24
-6.83856
-29.1304
-52.9345
-45.4492
-39.1384
-21.6525
-28.822
-63.1199
-25.1335
-46.1889
-98.6577
-0.206599
-8.76815e-24
-8.42721e-24
-0.247172
-71.0203
-47.5811
-26.413
-39.8119
-36.231
-36.0582
-50.5943
-63.1041
-76.4068
-41.8871
-5.33094
-1.01088e-17
-4.02205e-24
-5.23135e-24
-3.45177e-10
-5.31591
-60.7504
-96.4048
-71.7157
-0.820176
-6.43263e-11
-7.94882e-24
-1.15576e-24
-1.14877e-24
-8.017e-24
-6.96023e-11
-0.774082
-71.4718
-94.999
-60.4074
-4.94006
-3.43752e-10
-5.24248e-24
-4.02852e-24
-1.03228e-17
-5.29754
-41.8954
-76.4198
-63.112
-50.6004
-36.0708
-36.2313
-39.8477
-26.5204
-47.7691
-70.7056
-0.260336
-8.46888e-24
-1.82509e-23
-2.88861e-05
-0.561186
-4.21034
-6.66716
-34.9167
-36.7646
-56.3096
-72.8591
-88.7481
-120.373
-78.729
-14.4637
-2.02095e-07
-4.45308e-24
-5.09896e-24
-6.60213e-05
-45.5534
-117.831
-126.866
-58.359
-0.0183772
-9.81053e-22
-7.68187e-24
-1.0552e-24
-1.05892e-24
-7.71385e-24
-7.20342e-22
-0.0180064
-57.9339
-125.684
-117.062
-45.0764
-6.38761e-05
-5.10996e-24
-4.45568e-24
-2.00949e-07
-14.408
-78.6736
-120.395
-88.7618
-72.8504
-56.3239
-36.7497
-34.6584
-6.94676
-4.53476
-0.616293
-3.25924e-05
-1.83106e-23
-1.78478e-23
-2.42168e-23
-3.06812e-23
-2.81912e-23
-2.1003e-13
-0.00168293
-25.3944
-38.1605
-100.101
-109.859
-129.371
-103.295
-56.312
-0.0352716
-1.79427e-13
-4.04828e-24
-0.00849086
-40.5125
-140.713
-96.7318
-54.6614
-0.000899554
-2.01999e-23
-7.08823e-24
-9.15802e-25
-9.212e-25
-7.10906e-24
-2.02315e-23
-0.000899303
-54.4768
-95.8804
-139.166
-40.7433
-0.00826911
-4.06183e-24
-1.68314e-13
-0.0347614
-56.5472
-103.413
-129.626
-109.9
-100.002
-38.2029
-25.7533
-0.00178972
-2.27183e-13
-2.81442e-23
-3.06348e-23
-2.42202e-23
-1.78859e-23
-1.24548e-23
-1.39054e-23
-1.84618e-23
-2.03588e-23
-2.16156e-23
-3.20343e-16
-0.0287356
-33.8771
-81.8208
-130.567
-135.906
-163.894
-104.598
-23.7257
-1.63538e-05
-9.4021e-15
-0.387754
-67.9306
-147.594
-76.3912
-15.8569
-6.5897e-08
-1.65609e-23
-5.97854e-24
-6.9808e-25
-7.03111e-25
-5.99435e-24
-1.65855e-23
-6.77581e-08
-15.9443
-75.6004
-145.96
-67.0433
-0.385257
-1.08492e-14
-1.56413e-05
-23.6169
-104.858
-164.347
-136.203
-130.488
-81.5254
-33.8431
-0.0304974
-4.57653e-16
-2.15921e-23
-2.03302e-23
-1.84401e-23
-1.3904e-23
-1.24732e-23
-6.80033e-24
-8.4235e-24
-1.30901e-23
-1.82693e-23
-2.5252e-23
-6.74274e-06
-4.56619
-19.8372
-36.359
-92.8369
-125.25
-148.865
-165.382
-80.0234
-3.51116
-0.00161962
-21.1676
-120.34
-166.535
-61.8146
-0.370119
-1.08798e-17
-1.34741e-23
-4.99079e-24
-5.70687e-25
-5.75032e-25
-5.00368e-24
-1.3494e-23
-1.36767e-17
-0.368279
-61.1617
-164.89
-119.14
-20.8519
-0.00163283
-3.48716
-80.1592
-165.803
-149.372
-125.805
-93.3223
-36.6101
-19.5931
-3.57364
-3.96581e-06
-2.52101e-23
-1.82471e-23
-1.30777e-23
-8.42156e-24
-6.80816e-24
-2.80547e-24
-5.48132e-24
-1.08486e-23
-1.88493e-23
-3.26371e-23
-0.107276
-55.2757
-26.6951
-34.1363
-96.7389
-130.233
-146.629
-152.385
-145.161
-65.4607
-11.9512
-43.7126
-134.461
-120.848
-40.7734
-0.036085
-2.28348e-23
-1.20281e-23
-4.57841e-24
-7.82262e-25
-7.8602e-25
-4.58964e-24
-1.20461e-23
-2.2857e-23
-0.0357011
-40.7232
-119.581
-133.136
-43.1749
-11.9297
-65.6221
-145.458
-152.765
-147.195
-131.135
-96.6934
-34.509
-27.8585
-61.6541
-0.174659
-3.2631e-23
-1.88448e-23
-1.0846e-23
-5.48145e-24
-2.8091e-24
-9.30681e-25
-4.15048e-24
-9.61175e-24
-1.80958e-23
-3.33572e-23
-0.136989
-83.8107
-42.9293
-28.3123
-73.3178
-142.87
-156.664
-153.471
-140.462
-117.573
-52.1888
-62.4457
-139.636
-109.638
-50.0206
-0.00135832
-2.13595e-23
-1.13294e-23
-4.79816e-24
-1.55187e-24
-1.55505e-24
-4.80803e-24
-1.13473e-23
-2.1389e-23
-0.00138934
-49.7894
-108.462
-138.189
-61.7065
-52.2587
-117.874
-140.674
-153.707
-157.091
-142.195
-75.4049
-27.5812
-44.0586
-69.628
-0.374372
-3.34198e-23
-1.81185e-23
-9.61945e-24
-4.15294e-24
-9.32056e-25
-1.31622e-24
-4.29197e-24
-9.0348e-24
-1.50735e-23
-2.39163e-23
-1.02692e-05
-0.105827
-0.17912
-0.0284898
-8.46996
-84.1626
-178.572
-165.817
-148.941
-128.518
-105.492
-105.275
-158.918
-99.305
-40.8694
-0.000532287
-1.98143e-23
-1.11609e-23
-5.77371e-24
-3.12176e-24
-3.12413e-24
-5.78113e-24
-1.11751e-23
-1.98416e-23
-0.00056695
-40.8132
-98.6509
-157.777
-104.618
-105.377
-128.528
-148.926
-165.703
-178.134
-83.4741
-8.3681
-0.0239083
-0.329952
-0.351818
-4.89056e-05
-2.40002e-23
-1.51007e-23
-9.04297e-24
-4.29274e-24
-1.31325e-24
-4.05255e-24
-6.49978e-24
-1.0916e-23
-1.41191e-23
-1.55253e-23
-1.54827e-23
-9.93769e-24
-6.13444e-24
-9.51697e-16
-0.000922661
-51.6629
-122.43
-188.188
-164.72
-149.504
-138.859
-143.326
-176.641
-117.599
-70.9239
-0.00572964
-1.81503e-23
-1.16441e-23
-7.81654e-24
-5.81101e-24
-5.81242e-24
-7.82047e-24
-1.16503e-23
-1.81587e-23
-0.00595966
-70.872
-116.781
-175.39
-142.621
-138.485
-149.279
-164.509
-187.852
-122.127
-51.6981
-0.000982365
-1.34581e-15
-6.07008e-24
-9.91111e-24
-1.55133e-23
-1.55413e-23
-1.41224e-23
-1.09128e-23
-6.49377e-24
-4.04203e-24
-8.59779e-24
-1.14993e-23
-1.80304e-23
-2.02261e-23
-1.74043e-23
-1.24142e-23
-7.34975e-24
-4.55987e-24
-4.16192e-24
-1.77476e-09
-0.14032
-42.8899
-165.638
-175.559
-170.466
-165.215
-164.075
-163.42
-138.794
-46.8325
-0.0625799
-7.98675e-23
-1.33201e-23
-1.16008e-23
-1.00133e-23
-1.00142e-23
-1.16022e-23
-1.3321e-23
-9.23153e-23
-0.0636298
-46.8213
-138.232
-162.704
-163.451
-164.744
-170.107
-175.258
-165.405
-42.8673
-0.142138
-1.90527e-09
-4.14938e-24
-4.52629e-24
-7.30907e-24
-1.2381e-23
-1.73754e-23
-2.02011e-23
-1.80103e-23
-1.14839e-23
-8.57887e-24
-1.292e-23
-1.96394e-23
-3.53031e-23
-3.89327e-23
-3.19589e-23
-2.24986e-23
-1.46477e-23
-9.5243e-24
-6.38854e-24
-4.62712e-24
-2.84007e-07
-25.2708
-143.477
-215.045
-194.643
-191.147
-187.432
-183.311
-176.821
-84.4121
-3.56997
-2.50381e-11
-1.80868e-23
-1.86569e-23
-1.59604e-23
-1.59619e-23
-1.86575e-23
-1.80839e-23
-2.73091e-11
-3.6194
-84.2444
-176.336
-182.699
-186.833
-190.62
-194.188
-214.591
-143.193
-25.2887
-2.94909e-07
-4.62309e-24
-6.37731e-24
-9.49755e-24
-1.46037e-23
-2.2443e-23
-3.18991e-23
-3.88781e-23
-3.52623e-23
-1.96149e-23
-1.28962e-23
-1.34681e-23
-2.99868e-23
-0.000417435
-1.77595
-1.29359
-0.052252
-0.0746975
-0.0383488
-0.00111087
-0.000338612
-0.00100708
-2.44803
-60.0148
-156.566
-207.869
-220.683
-214.197
-208.034
-229.042
-147.854
-33.5155
-4.24697e-06
-3.82188e-09
-3.04151e-07
-1.285e-09
-1.25646e-09
-2.97491e-07
-3.74711e-09
-4.42253e-06
-33.6904
-147.38
-228.325
-207.4
-213.575
-220.099
-207.375
-156.21
-59.869
-2.35431
-0.000859369
-0.00027546
-0.000955381
-0.0370126
-0.0759079
-0.0542207
-1.33946
-1.83784
-0.00043161
-2.99562e-23
-1.34472e-23
-8.35602e-24
-3.24774e-23
-0.506061
-86.5704
-28.312
-7.21369
-22.5791
-35.4139
-31.2694
-34.9344
-35.9472
-26.0467
-39.0145
-135.24
-291.355
-280.157
-245.95
-209.393
-175.703
-139.075
-40.7934
-1.75001
-0.819758
-37.4018
-0.0113342
-0.0113548
-37.27
-0.819675
-1.75208
-40.6952
-138.671
-175.199
-208.801
-245.282
-279.447
-290.69
-134.954
-38.9432
-26.0332
-35.9228
-34.908
-31.2441
-35.384
-22.5596
-7.20757
-28.2866
-86.4973
-0.52271
-3.24527e-23
-8.34567e-24
-6.99989e-24
-4.91502e-23
-1.01052
-5.86661
-29.1249
-29.6495
-56.5394
-87.8727
-84.3852
-87.8358
-89.2756
-86.4015
-103.998
-291.725
-105149
-41614.5
-19525.1
-14261.6
-10251
-6131.15
-2441.96
-628.557
-315.12
-145.457
-0.808279
-0.813028
-145.474
-315.027
-628.032
-2437.13
-6115.89
-10223.7
-14223.4
-19474.6
-41515.4
-104913
-291.177
-103.861
-86.337
-89.2108
-87.7685
-84.3168
-87.7996
-56.4928
-29.626
-29.1032
-5.86261
-1.04232
-4.91209e-23
-6.99579e-24
