-7.0372e-24
-4.94184e-23
-1.05225
-5.90465
-29.339
-29.8868
-57.0183
-88.6324
-85.1039
-88.5528
-89.9548
-86.983
-104.341
-291.735
-104977
-41527
-19472.6
-14220
-10221
-6114.92
-2437.57
-628.512
-315.245
-145.607
-0.820502
-0.820804
-145.761
-315.653
-629.8
-2442.55
-6126.5
-10239.1
-14243.1
-19500.1
-41569.9
-105056
-291.669
-104.109
-86.6069
-89.5197
-88.0983
-84.6493
-88.1506
-56.7116
-29.7337
-29.1998
-5.87974
-1.04981
-4.92407e-23
-7.01242e-24
-8.45044e-24
-3.2703e-23
-0.528731
-87.2966
-28.5717
-7.27644
-22.7813
-35.7307
-31.5389
-35.2212
-36.2247
-26.2493
-39.026
-135.039
-290.767
-279.405
-245.214
-208.727
-175.131
-138.609
-40.695
-1.75677
-0.819938
-37.0181
-0.0113903
-0.0114214
-36.9555
-0.820189
-1.76318
-40.7821
-138.869
-175.453
-209.086
-245.592
-279.779
-291.051
-135.138
-39.0119
-26.1196
-36.0463
-35.0397
-31.3684
-35.5295
-22.6517
-7.23607
-28.4041
-86.8242
-0.526877
-3.25532e-23
-8.38757e-24
-1.36561e-23
-3.02653e-23
-0.000437603
-1.86695
-1.36599
-0.0554012
-0.0790325
-0.0401128
-0.00113158
-0.000339114
-0.00101882
-2.47453
-59.7435
-156.053
-207.269
-219.988
-213.468
-207.296
-228.189
-147.275
-33.8932
-4.53641e-06
-3.61375e-09
-2.85879e-07
-1.20637e-09
-1.22076e-09
-2.89248e-07
-3.65091e-09
-4.50161e-06
-34.0833
-147.554
-228.632
-207.683
-213.828
-220.323
-207.57
-156.358
-59.9213
-2.44315
-0.00095003
-0.000312255
-0.00105817
-0.0388248
-0.0776962
-0.0548621
-1.3542
-1.85511
-0.000435357
-3.00797e-23
-1.35303e-23
-1.31254e-23
-1.98523e-23
-3.56825e-23
-3.94786e-23
-3.25786e-23
-2.30868e-23
-1.51252e-23
-9.84129e-24
-6.56656e-24
-4.72245e-24
-3.04652e-07
-25.4856
-142.964
-214.29
-193.997
-190.464
-186.699
-182.595
-176.31
-84.2635
-3.66343
-2.85468e-11
-1.80896e-23
-1.86669e-23
-1.59726e-23
-1.59737e-23
-1.86687e-23
-1.80907e-23
-2.76109e-11
-3.67936
-84.5165
-176.768
-182.98
-187.037
-190.767
-194.282
-214.608
-143.169
-25.5947
-3.03777e-07
-4.66703e-24
-6.45954e-24
-9.64616e-24
-1.48265e-23
-2.27136e-23
-3.21797e-23
-3.91212e-23
-3.54291e-23
-1.97079e-23
-1.2986e-23
-8.74366e-24
-1.16116e-23
-1.81845e-23
-2.04449e-23
-1.7686e-23
-1.27494e-23
-7.73728e-24
-4.85849e-24
-4.36061e-24
-1.98238e-09
-0.145881
-42.951
-165.304
-175.046
-169.904
-164.567
-163.291
-162.558
-138.149
-46.869
-0.0642633
-9.70342e-23
-1.33296e-23
-1.16119e-23
-1.00248e-23
-1.00252e-23
-1.16125e-23
-1.33296e-23
-8.98531e-23
-0.0640085
-47.0801
-138.507
-162.908
-163.595
-164.822
-170.129
-175.267
-165.53
-43.051
-0.145644
-1.9908e-09
-4.24534e-24
-4.67194e-24
-7.48944e-24
-1.25293e-23
-1.74962e-23
-2.0293e-23
-1.80743e-23
-1.15309e-23
-8.64116e-24
-4.1096e-24
-6.50722e-24
-1.08764e-23
-1.40147e-23
-1.53274e-23
-1.52217e-23
-1.02041e-23
-6.46717e-24
-1.25493e-15
-0.00103582
-52.1633
-121.803
-187.374
-164.21
-149.051
-138.302
-142.442
-175.09
-116.606
-70.9039
-0.00602443
-1.81717e-23
-1.16616e-23
-7.83091e-24
-5.82309e-24
-5.82333e-24
-7.8314e-24
-1.16619e-23
-1.81714e-23
-0.00596279
-71.2452
-116.862
-175.406
-142.722
-138.495
-149.203
-164.346
-187.46
-121.809
-52.2451
-0.00104364
-1.36274e-15
-6.23837e-24
-1.00134e-23
-1.53596e-23
-1.54319e-23
-1.40644e-23
-1.08889e-23
-6.49372e-24
-4.06464e-24
-1.30971e-24
-4.22261e-24
-8.83955e-24
-1.46369e-23
-2.29188e-23
-5.27055e-06
-0.0680309
-0.145142
-0.0271554
-8.98267
-83.9202
-177.915
-165.357
-148.628
-128.298
-105.221
-104.519
-157.694
-98.6419
-40.8573
-0.000569579
-1.98635e-23
-1.11909e-23
-5.79286e-24
-3.13472e-24
-3.13502e-24
-5.79377e-24
-1.11929e-23
-1.98698e-23
-0.00056589
-41.0012
-99.1157
-158.315
-104.829
-105.315
-128.366
-148.714
-165.451
-177.971
-83.9074
-8.79682
-0.0246328
-0.200769
-0.145658
-1.67422e-05
-2.35171e-23
-1.48941e-23
-8.95104e-24
-4.25963e-24
-1.3088e-24
-9.27547e-25
-4.06853e-24
-9.36753e-24
-1.75179e-23
-3.1967e-23
-0.0775185
-156.605
-39.3049
-28.5011
-73.2652
-142.304
-156.406
-153.253
-140.344
-117.624
-52.1689
-61.6711
-138.13
-108.47
-49.8173
-0.00139353
-2.14203e-23
-1.13689e-23
-4.82129e-24
-1.56474e-24
-1.56508e-24
-4.82217e-24
-1.13701e-23
-2.14229e-23
-0.00140496
-50.2575
-108.969
-138.681
-61.9818
-52.1685
-117.6
-140.401
-153.378
-156.633
-142.357
-73.8658
-27.7367
-40.3921
-116.185
-0.175808
-3.28219e-23
-1.78655e-23
-9.51161e-24
-4.11677e-24
-9.31364e-25
-2.88711e-24
-5.46654e-24
-1.07047e-23
-1.84672e-23
-3.16977e-23
-0.0650104
-53.5889
-25.3254
-34.3571
-96.6096
-130.27
-146.584
-152.321
-145.123
-65.474
-11.9265
-43.1414
-132.964
-119.535
-40.5311
-0.0360746
-2.29028e-23
-1.20769e-23
-4.60507e-24
-7.93336e-25
-7.93759e-25
-4.60572e-24
-1.20757e-23
-2.28949e-23
-0.0358144
-40.451
-120.171
-133.474
-43.3906
-11.8946
-65.4787
-145.183
-152.442
-146.799
-130.646
-96.8368
-34.808
-26.6286
-51.4721
-0.10906
-3.22677e-23
-1.86906e-23
-1.07864e-23
-5.47683e-24
-2.84822e-24
-7.03145e-24
-8.5318e-24
-1.31293e-23
-1.82306e-23
-2.51145e-23
-4.7016e-06
-4.20296
-18.9274
-36.5912
-93.0953
-125.417
-148.953
-165.429
-80.0224
-3.51306
-0.00162297
-20.8917
-119.005
-164.73
-61.1382
-0.369714
-1.19804e-17
-1.35411e-23
-5.02323e-24
-5.77971e-25
-5.78817e-25
-5.02486e-24
-1.35399e-23
-1.27755e-17
-0.366162
-61.5756
-165.607
-119.583
-21.1894
-0.00161557
-3.51231
-80.0541
-165.514
-149.067
-125.547
-93.1915
-36.7094
-19.7639
-3.84099
-4.46842e-06
-2.51763e-23
-1.82338e-23
-1.30946e-23
-8.47074e-24
-6.91552e-24
-1.28663e-23
-1.41599e-23
-1.86801e-23
-2.05891e-23
-2.19139e-23
-2.94437e-16
-0.0298445
-34.378
-82.0987
-130.918
-136.138
-164.076
-104.705
-23.7249
-1.63729e-05
-1.05903e-14
-0.386665
-67.0391
-145.851
-75.5267
-15.9252
-6.55373e-08
-1.66664e-23
-6.02385e-24
-6.99408e-25
-7.01224e-25
-6.02882e-24
-1.66718e-23
-6.56051e-08
-15.9646
-75.9896
-146.805
-67.6795
-0.399208
-1.09805e-14
-1.62995e-05
-23.6994
-104.713
-164.079
-136.062
-130.577
-81.7039
-34.0838
-0.0302292
-2.95924e-16
-2.16961e-23
-2.04146e-23
-1.85265e-23
-1.40165e-23
-1.26645e-23
-1.84216e-23
-2.46376e-23
-3.10189e-23
-2.85673e-23
-2.22596e-13
-0.00176278
-26.2329
-38.2886
-100.392
-110.111
-129.577
-103.46
-56.3499
-0.0352451
-1.82686e-13
-4.05919e-24
-0.00833616
-40.4774
-139.048
-95.726
-54.5877
-0.000890931
-2.03797e-23
-7.16402e-24
-9.09836e-25
-9.12971e-25
-7.17443e-24
-2.03946e-23
-0.000929244
-54.534
-96.0202
-139.597
-39.5474
-0.00864387
-4.04539e-24
-1.82714e-13
-0.0352196
-56.3505
-103.39
-129.47
-109.917
-100.112
-38.2317
-25.7594
-0.00172427
-2.10228e-13
-2.82824e-23
-3.07618e-23
-2.44072e-23
-1.8158e-23
-1.88648e-23
-3.32323e-05
-0.629546
-4.66747
-7.13136
-35.3799
-36.9432
-56.4973
-73.0456
-88.9374
-120.608
-78.8966
-14.4869
-2.00112e-07
-4.45955e-24
-5.1099e-24
-6.41455e-05
-45.0874
-116.81
-125.459
-57.7773
-0.0181202
-6.82075e-22
-7.82567e-24
-1.04169e-24
-1.04579e-24
-7.84433e-24
-1.43574e-21
-0.020001
-57.2075
-125.362
-115.744
-45.3768
-6.83791e-05
-5.10472e-24
-4.44486e-24
-2.00775e-07
-14.42
-78.7973
-120.463
-88.8059
-72.9131
-56.3955
-36.8508
-35.0242
-6.95551
-4.68959
-0.658636
-3.61714e-05
-1.86113e-23
-8.72313e-24
-0.352304
-70.4896
-48.6724
-26.6079
-40.1536
-36.4454
-36.1555
-50.6912
-63.216
-76.5409
-41.96
-5.32764
-9.31125e-18
-4.03254e-24
-5.24545e-24
-3.34884e-10
-5.00788
-60.2811
-94.8997
-70.9861
-0.761617
-5.4768e-11
-8.25426e-24
-1.13199e-24
-1.13444e-24
-8.29031e-24
-6.69072e-11
-0.892679
-70.1851
-95.5151
-59.5947
-5.55293
-4.0779e-10
-5.24461e-24
-4.01811e-24
-9.70305e-18
-5.29474
-41.9129
-76.453
-63.1394
-50.6276
-36.1052
-36.3444
-40.0161
-26.56
-48.3354
-71.0525
-0.346463
-8.62008e-24
-8.78002e-24
-0.328452
-73.1246
-47.5307
-25.3426
-63.6448
-28.9784
-21.6318
-39.1623
-45.5057
-53.0048
-29.1688
-6.90496
-9.88348e-24
-4.27155e-24
-4.82493e-24
-3.45676e-16
-0.103598
-253.006
-126.647
-404.248
-38.549
-3.96265e-05
-1.94982e-17
-1.32032e-24
-1.30811e-24
-1.0493e-17
-4.21574e-05
-39.7501
-393.29
-121.399
-244.454
-0.119685
-3.79522e-16
-4.82199e-24
-4.25463e-24
-9.85482e-24
-6.87943
-29.1386
-52.9502
-45.4613
-39.1371
-21.6346
-28.9025
-63.4047
-25.2449
-47.0454
-79.9202
-0.307246
-8.78104e-24
-1.92212e-23
-2.56621e-05
-0.41039
-2.78076
-14.438
-21.583
-11.2734
-21.5307
-36.8483
-32.1218
-38.8348
-22.6097
-1.34357
-1.3204e-23
-5.54942e-24
-5.21148e-24
-1.90227e-07
-1.50295
-129.843
-284.153
-431.417
-195.798
-2.42347
-0.00300885
-6.89066e-09
-4.8677e-09
-0.00244307
-2.53185
-201.335
-440.794
-283.683
-129.039
-1.62302
-1.95748e-07
-5.207e-24
-5.52722e-24
-1.3168e-23
-1.33854
-22.5885
-38.798
-32.0892
-36.7984
-21.5366
-11.2287
-21.5817
-13.9492
-2.53251
-0.363942
-2.27272e-05
-1.91808e-23
-1.99744e-23
-2.58658e-23
-3.09721e-23
-2.65065e-23
-1.18636e-09
-0.0639648
-88.2886
-45.4975
-43.7342
-15.1751
-29.3582
-22.4118
-0.895083
-9.95368e-14
-8.33777e-24
-6.96596e-24
-0.0018232
-151.313
-271.671
-174.651
-176.949
-217.431
-200.848
-65.9178
-0.00181194
-0.000837293
-53.8324
-214.573
-222.482
-178.669
-175.152
-272.881
-151.791
-0.00180242
-6.95221e-24
-8.30484e-24
-9.80722e-14
-0.888452
-22.3946
-29.3335
-15.1634
-43.7163
-45.4881
-88.4455
-0.0642614
-1.13367e-09
-2.65103e-23
-3.09421e-23
-2.58023e-23
-1.99208e-23
-1.6443e-23
-1.74201e-23
-2.19559e-23
-1.16562e-19
-7.11922e-05
-14.3973
-278.518
-441.554
-236.166
-99.7355
-405.632
-212.168
-18.6914
-6.04796e-05
-1.09169e-21
-1.20284e-23
-0.00486911
-170.621
-341.479
-105.234
-295.658
-236.314
-142.838
-255.779
-0.0300544
-0.0126885
-281.132
-150.826
-233.178
-294.633
-105.252
-342.621
-172.253
-0.00475445
-1.19724e-23
-1.17029e-21
-6.10623e-05
-18.5602
-211.994
-405.699
-99.6676
-236.182
-441.568
-278.664
-14.4547
-7.18974e-05
-1.1957e-19
-2.19509e-23
-1.73926e-23
-1.63981e-23
-1.31361e-23
-1.47777e-23
-2.23937e-23
-1.98284e-08
-0.174683
-249.461
-366.902
-246.414
-128.464
-115.465
-547.617
-295.21
-407.802
-0.24752
-1.30046e-08
-2.10588e-23
-2.03938e-06
-0.0652327
-0.304542
-0.00700626
-0.00114712
-0.00631803
-0.142397
-0.0722292
-3.13191e-05
-1.20426e-05
-0.0436285
-0.124231
-0.00779029
-0.00114923
-0.00726712
-0.315875
-0.0659639
-1.97656e-06
-2.10464e-23
-1.31293e-08
-0.249573
-407.582
-295.038
-547.17
-115.309
-128.476
-246.483
-367.039
-249.578
-0.176252
-2.01871e-08
-2.24027e-23
-1.47652e-23
-1.31036e-23
-1.15784e-23
-1.55541e-23
-2.95953e-23
-3.2723e-05
-157.163
-252.491
-274.869
-201.472
-0.194749
-20.0287
-271.193
-502.008
-151.679
-165.124
-0.00294236
-3.16708e-23
-3.80249e-23
-2.8741e-20
-4.01168e-19
-7.1118e-20
-3.41236e-22
-5.3346e-20
-3.08374e-19
-3.45425e-20
-7.26292e-23
-8.17899e-23
-2.55232e-19
-1.7129e-18
-1.9058e-19
-2.48905e-22
-1.38394e-19
-9.63142e-19
-8.18858e-20
-3.8103e-23
-3.16457e-23
-0.00297826
-164.712
-151.551
-501.606
-271.24
-19.946
-0.194147
-201.53
-274.959
-252.578
-157.25
-3.29597e-05
-2.96102e-23
-1.55483e-23
-1.15551e-23
-1.13527e-23
-1.74539e-23
-3.77625e-23
-0.00336887
-136.802
-209.027
-178.112
-0.0312087
-1.23246e-06
-0.0103496
-58.5125
-171.692
-178.641
-383.96
-0.035051
-2.78697e-22
-3.80529e-23
-4.40673e-23
-5.50696e-23
-6.52184e-23
-7.15985e-23
-7.3832e-23
-7.09227e-23
-6.30946e-23
-5.60659e-23
-5.64434e-23
-6.3853e-23
-7.1483e-23
-7.41084e-23
-7.17322e-23
-6.53058e-23
-5.51519e-23
-4.41422e-23
-3.80855e-23
-3.09069e-22
-0.0356994
-383.794
-178.491
-171.615
-58.4957
-0.0103387
-1.22877e-06
-0.0312313
-178.152
-209.083
-136.836
-0.00337355
-3.77746e-23
-1.745e-23
-1.13352e-23
-1.0851e-23
-1.76058e-23
-3.99498e-23
-0.00278622
-311.967
-165.652
-0.0110418
-9.05516e-09
-4.83737e-23
-2.62363e-08
-0.000353651
-0.00300462
-0.0289893
-0.061289
-4.07751e-05
-4.59388e-23
-3.37276e-23
-3.20709e-23
-3.50124e-23
-3.89788e-23
-4.18903e-23
-4.2898e-23
-4.16867e-23
-3.88259e-23
-3.64197e-23
-3.65538e-23
-3.91226e-23
-4.19632e-23
-4.30861e-23
-4.20098e-23
-3.90609e-23
-3.50752e-23
-3.21154e-23
-3.37428e-23
-4.5912e-23
-4.19055e-05
-0.0627724
-0.0295372
-0.00300311
-0.000351823
-2.60668e-08
-4.83291e-23
-9.06779e-09
-0.0110503
-165.67
-312.02
-0.00278802
-3.99549e-23
-1.76015e-23
-1.08376e-23
-8.39545e-24
-1.39697e-23
-3.11923e-23
-1.37645e-06
-0.00288644
-0.000581038
-5.88295e-09
-3.11611e-23
-2.47764e-23
-2.51654e-23
-3.15215e-23
-1.18295e-22
-1.83369e-20
-2.56036e-20
-3.77977e-22
-3.12032e-23
-2.36069e-23
-2.04544e-23
-2.00296e-23
-2.07621e-23
-2.15251e-23
-2.17161e-23
-2.11476e-23
-2.00839e-23
-1.9248e-23
-1.9297e-23
-2.02e-23
-2.12729e-23
-2.18181e-23
-2.16003e-23
-2.0817e-23
-2.00696e-23
-2.04801e-23
-2.36159e-23
-3.11942e-23
-4.21875e-22
-2.8393e-20
-2.02084e-20
-1.28722e-22
-3.15275e-23
-2.51705e-23
-2.47815e-23
-3.11664e-23
-5.88555e-09
-0.000581224
-0.0028874
-1.37698e-06
-3.11911e-23
-1.3965e-23
-8.38556e-24
-4.30461e-24
-7.93721e-24
-1.55743e-23
-2.43314e-23
-2.49595e-23
-2.09856e-23
-1.66566e-23
-1.27639e-23
-1.08228e-23
-1.08234e-23
-1.26861e-23
-1.60162e-23
-1.98093e-23
-2.2057e-23
-2.09387e-23
-1.71938e-23
-1.35054e-23
-1.09431e-23
-9.53703e-24
-8.89275e-24
-8.56786e-24
-8.2557e-24
-7.8286e-24
-7.34666e-24
-7.01931e-24
-7.03613e-24
-7.38831e-24
-7.87741e-24
-8.29934e-24
-8.60234e-24
-8.91828e-24
-9.55451e-24
-1.09528e-23
-1.35079e-23
-1.71909e-23
-2.09346e-23
-2.20581e-23
-1.98156e-23
-1.60233e-23
-1.2692e-23
-1.0828e-23
-1.08267e-23
-1.27671e-23
-1.66588e-23
-2.09859e-23
-2.49578e-23
-2.43291e-23
-1.55711e-23
-7.93337e-24
-4.29831e-24
-1.19317e-24
-3.86758e-24
-6.9651e-24
-7.88981e-24
-5.17873e-24
-2.45248e-24
-1.86555e-24
-2.01206e-24
-2.14021e-24
-2.34856e-24
-2.96654e-24
-4.36163e-24
-6.68009e-24
-9.11873e-24
-1.02175e-23
-9.42088e-24
-7.57339e-24
-5.62957e-24
-4.07562e-24
-2.98393e-24
-2.23807e-24
-1.69868e-24
-1.27628e-24
-9.5277e-25
-7.69567e-25
-7.74126e-25
-9.6373e-25
-1.28815e-24
-1.70741e-24
-2.2422e-24
-2.98354e-24
-4.07136e-24
-5.62247e-24
-7.56499e-24
-9.41332e-24
-1.02131e-23
-9.11882e-24
-6.68322e-24
-4.36539e-24
-2.96985e-24
-2.35129e-24
-2.14245e-24
-2.01369e-24
-1.86622e-24
-2.45176e-24
-5.17666e-24
-7.88713e-24
-6.96256e-24
-3.86553e-24
-1.19078e-24
-1.18655e-24
-3.86409e-24
-6.9627e-24
-7.88806e-24
-5.17694e-24
-2.45126e-24
-1.86532e-24
-2.01277e-24
-2.14191e-24
-2.35157e-24
-2.9714e-24
-4.36875e-24
-6.68917e-24
-9.12878e-24
-1.0229e-23
-9.43667e-24
-7.59599e-24
-5.66004e-24
-4.11415e-24
-3.03146e-24
-2.29704e-24
-1.7722e-24
-1.36612e-24
-1.05711e-24
-8.81812e-25
-8.8412e-25
-1.06099e-24
-1.36569e-24
-1.7638e-24
-2.2804e-24
-3.00837e-24
-4.08737e-24
-5.63272e-24
-7.57118e-24
-9.4166e-24
-1.02147e-23
-9.12026e-24
-6.6847e-24
-4.36649e-24
-2.9705e-24
-2.35159e-24
-2.14248e-24
-2.01348e-24
-1.86573e-24
-2.45099e-24
-5.17576e-24
-7.88632e-24
-6.96169e-24
-3.86446e-24
-1.18887e-24
-4.28418e-24
-7.92735e-24
-1.55696e-23
-2.43309e-23
-2.49566e-23
-2.09824e-23
-1.66553e-23
-1.27651e-23
-1.08269e-23
-1.08313e-23
-1.26994e-23
-1.60354e-23
-1.98318e-23
-2.20783e-23
-2.09627e-23
-1.72347e-23
-1.35709e-23
-1.10336e-23
-9.64969e-24
-9.02901e-24
-8.73706e-24
-8.47149e-24
-8.10134e-24
-7.6735e-24
-7.37762e-24
-7.38832e-24
-7.69477e-24
-8.11293e-24
-8.46199e-24
-8.70648e-24
-8.98306e-24
-9.59573e-24
-1.09794e-23
-1.35231e-23
-1.71965e-23
-2.0934e-23
-2.2058e-23
-1.98179e-23
-1.60257e-23
-1.26935e-23
-1.08287e-23
-1.08267e-23
-1.27664e-23
-1.66573e-23
-2.09836e-23
-2.49556e-23
-2.43279e-23
-1.55692e-23
-7.93035e-24
-4.29249e-24
-8.35999e-24
-1.39557e-23
-3.1195e-23
-1.38083e-06
-0.00289463
-0.000582395
-5.89326e-09
-3.11602e-23
-2.478e-23
-2.51756e-23
-3.15405e-23
-1.28611e-22
-2.01806e-20
-2.83537e-20
-4.21565e-22
-3.12486e-23
-2.37121e-23
-2.0607e-23
-2.02086e-23
-2.09644e-23
-2.1774e-23
-2.20516e-23
-2.16083e-23
-2.06777e-23
-1.99261e-23
-1.99684e-23
-2.07648e-23
-2.16707e-23
-2.20585e-23
-2.17315e-23
-2.08888e-23
-2.0116e-23
-2.05136e-23
-2.36333e-23
-3.11905e-23
-4.56541e-22
-3.05678e-20
-2.16596e-20
-1.36837e-22
-3.15292e-23
-2.51711e-23
-2.47811e-23
-3.1165e-23
-5.89086e-09
-0.000581746
-0.00289015
-1.3783e-06
-3.11907e-23
-1.39607e-23
-8.37568e-24
-1.07995e-23
-1.75919e-23
-3.99764e-23
-0.00279744
-312.156
-165.69
-0.011074
-9.07602e-09
-4.75631e-23
-2.59983e-08
-0.00035162
-0.00301408
-0.0299151
-0.063586
-4.24734e-05
-4.59535e-23
-3.38818e-23
-3.23061e-23
-3.5247e-23
-3.9193e-23
-4.21381e-23
-4.32796e-23
-4.23202e-23
-3.97689e-23
-3.75723e-23
-3.77128e-23
-4.0045e-23
-4.25065e-23
-4.33165e-23
-4.20718e-23
-3.90695e-23
-3.50937e-23
-3.21516e-23
-3.37632e-23
-4.58862e-23
-4.34601e-05
-0.0648788
-0.0303746
-0.00300555
-0.000349355
-2.58829e-08
-4.77916e-23
-9.06382e-09
-0.0110572
-165.676
-312.064
-0.00279099
-3.99608e-23
-1.75972e-23
-1.08235e-23
-1.12827e-23
-1.74409e-23
-3.78169e-23
-0.00339186
-136.919
-209.216
-178.219
-0.0313134
-1.23272e-06
-0.010342
-58.5477
-171.568
-178.135
-382.903
-0.0361905
-3.12363e-22
-3.83054e-23
-4.44537e-23
-5.5336e-23
-6.53159e-23
-7.16477e-23
-7.40435e-23
-7.16133e-23
-6.45065e-23
-5.79754e-23
-5.84264e-23
-6.53082e-23
-7.20425e-23
-7.40728e-23
-7.15031e-23
-6.51099e-23
-5.50891e-23
-4.41978e-23
-3.81345e-23
-3.35569e-22
-0.0368057
-383.576
-178.344
-171.635
-58.43
-0.0103089
-1.22506e-06
-0.0312124
-178.178
-209.13
-136.864
-0.00337848
-3.77879e-23
-1.74459e-23
-1.13165e-23
-1.14825e-23
-1.55341e-23
-2.96617e-23
-3.31992e-05
-157.492
-252.787
-275.165
-201.617
-0.195019
-20.0345
-270.683
-500.541
-151.145
-163.988
-0.00301457
-3.16398e-23
-3.85437e-23
-2.56978e-20
-3.52759e-19
-6.30601e-20
-5.89018e-22
-4.34769e-20
-1.49259e-19
-1.04516e-20
-7.57229e-23
-7.72278e-23
-1.14846e-20
-1.2138e-19
-2.73461e-20
-3.39744e-22
-8.10855e-20
-4.79121e-19
-3.62366e-20
-3.82552e-23
-3.16182e-23
-0.00305338
-164.244
-151.329
-501.005
-271.026
-19.9699
-0.193612
-201.561
-275.035
-252.655
-157.337
-3.29445e-05
-2.96263e-23
-1.55421e-23
-1.15301e-23
-1.29982e-23
-1.47317e-23
-2.2441e-23
-2.02973e-08
-0.17798
-249.858
-367.345
-246.628
-128.512
-115.234
-546.282
-294.343
-406.451
-0.251812
-1.32823e-08
-2.10393e-23
-5.12444e-06
-0.122616
-0.418375
-0.00659433
-0.00121297
-0.00655611
-0.159784
-0.0903673
-4.046e-05
-0.00018655
-0.303721
-0.30906
-0.00563311
-0.00120088
-0.00685646
-0.387776
-0.103412
-4.00855e-06
-2.10175e-23
-1.33499e-08
-0.253796
-407.183
-294.705
-546.768
-115.252
-128.476
-246.528
-367.156
-249.688
-0.176211
-2.00674e-08
-2.24125e-23
-1.47514e-23
-1.30685e-23
-1.62442e-23
-1.73164e-23
-2.19575e-23
-1.1957e-19
-7.30135e-05
-14.516
-278.976
-441.526
-236.177
-99.5819
-404.963
-211.553
-18.5495
-6.17888e-05
-1.19196e-21
-1.16607e-23
-0.00940708
-176.706
-346.24
-103.651
-291.132
-228.969
-147.33
-270.51
-0.0405212
-0.136442
-262.592
-161.777
-227.345
-290.587
-103.784
-343.251
-175.165
-0.00778957
-1.17786e-23
-1.2375e-21
-6.23848e-05
-18.496
-211.773
-405.668
-99.6131
-236.173
-441.489
-278.814
-14.5222
-7.20066e-05
-1.17854e-19
-2.19451e-23
-1.73619e-23
-1.63499e-23
-1.97171e-23
-2.56273e-23
-3.08879e-23
-2.66087e-23
-1.19211e-09
-0.0652261
-88.6938
-45.4445
-43.6811
-15.1534
-29.283
-22.352
-0.893558
-1.01824e-13
-8.17907e-24
-6.79221e-24
-0.00250978
-156.641
-279.044
-175.296
-177.138
-218.915
-211.75
-74.5513
-0.00198133
-0.00544049
-91.0054
-238.753
-229.067
-182.154
-176.219
-276.901
-153.905
-0.00228801
-6.86081e-24
-8.26258e-24
-1.00406e-13
-0.889764
-22.3758
-29.3075
-15.1526
-43.6863
-45.4629
-88.6406
-0.064736
-1.14118e-09
-2.65281e-23
-3.09029e-23
-2.57301e-23
-1.9864e-23
-1.89856e-23
-1.53846e-05
-0.277276
-2.22779
-13.9635
-21.6319
-11.2394
-21.5433
-36.7951
-32.0752
-38.7598
-22.5638
-1.34309
-1.30983e-23
-5.46595e-24
-5.12736e-24
-1.58645e-07
-1.34508
-130.416
-284.622
-433.336
-196.966
-2.90601
-0.0036265
-5.71851e-09
-1.39405e-08
-0.0036596
-2.46184
-204.02
-444.88
-289.182
-131.254
-1.4567
-1.69196e-07
-5.16731e-24
-5.5176e-24
-1.31685e-23
-1.33951
-22.5699
-38.7648
-32.0592
-36.7446
-21.5427
-11.178
-21.597
-13.7539
-2.31024
-0.309728
-1.8552e-05
-1.91416e-23
-8.74391e-24
-0.228175
-99.6544
-46.6586
-25.2376
-63.3894
-28.9205
-21.6452
-39.1415
-45.453
-52.9267
-29.1228
-6.90002
-9.82217e-24
-4.22583e-24
-4.7758e-24
-3.54114e-16
-0.099473
-251.663
-127.398
-401.416
-38.1895
-4.61958e-05
-1.62668e-17
-1.31455e-24
-1.35597e-24
-7.64485e-18
-3.6977e-05
-39.8213
-409.935
-129.391
-255.153
-0.110706
-3.11157e-16
-4.8043e-24
-4.25831e-24
-9.86653e-24
-6.87859
-29.1164
-52.9091
-45.4289
-39.1221
-21.6456
-28.854
-63.2165
-25.1746
-46.5005
-88.6435
-0.258027
-8.79164e-24
-8.55517e-24
-0.274095
-71.0385
-47.9661
-26.5539
-39.9976
-36.3497
-36.117
-50.6392
-63.1413
-76.445
-41.9059
-5.31522
-9.39429e-18
-4.00507e-24
-5.21337e-24
-3.60164e-10
-4.96355
-60.0791
-95.0335
-70.9628
-0.782154
-6.39195e-11
-8.02414e-24
-1.1554e-24
-1.15124e-24
-7.92991e-24
-7.21807e-11
-0.82559
-71.975
-96.4767
-60.9206
-5.29989
-3.5061e-10
-5.23395e-24
-4.02701e-24
-9.1805e-18
-5.29155
-41.8823
-76.3949
-63.091
-50.5939
-36.0783
-36.2687
-39.8987
-26.5696
-48.0523
-68.6934
-0.294909
-8.53128e-24
-1.85724e-23
-3.17226e-05
-0.601612
-4.44106
-6.919
-35.4118
-36.874
-56.4129
-72.9464
-88.8218
-120.479
-78.8616
-14.469
-2.01041e-07
-4.44231e-24
-5.09014e-24
-6.49718e-05
-45.0644
-116.617
-125.485
-57.7462
-0.0183878
-7.06887e-22
-7.71757e-24
-1.06284e-24
-1.0524e-24
-7.6704e-24
-1.07389e-21
-0.0184558
-58.4249
-127.024
-118.029
-45.5607
-6.60748e-05
-5.10086e-24
-4.45959e-24
-2.01463e-07
-14.452
-78.8056
-120.37
-88.7231
-72.8546
-56.3381
-36.7988
-34.8011
-6.93897
-4.48754
-0.599915
-3.14847e-05
-1.84271e-23
-1.8189e-23
-2.45217e-23
-3.10389e-23
-2.8585e-23
-2.23091e-13
-0.00173142
-26.0254
-38.2252
-100.227
-109.933
-129.333
-103.346
-56.1941
-0.0354755
-1.87234e-13
-4.04786e-24
-0.00834915
-40.321
-139.09
-95.7628
-54.356
-0.000911332
-2.02325e-23
-7.1123e-24
-9.23645e-25
-9.1382e-25
-7.08005e-24
-2.01856e-23
-0.00090154
-54.6693
-96.8459
-140.848
-40.6203
-0.00847789
-4.04972e-24
-1.86318e-13
-0.0356623
-56.1245
-103.245
-129.163
-109.766
-100.051
-38.1872
-25.3514
-0.00169584
-2.21729e-13
-2.81e-23
-3.06094e-23
-2.42651e-23
-1.79777e-23
-1.27198e-23
-1.40975e-23
-1.86738e-23
-2.06003e-23
-2.19148e-23
-2.86235e-16
-0.0296897
-34.306
-81.9454
-130.698
-135.932
-163.852
-104.603
-23.7537
-1.6613e-05
-1.14054e-14
-0.390021
-67.1391
-146.041
-75.6505
-16.0212
-6.77709e-08
-1.65866e-23
-5.9965e-24
-7.04524e-25
-6.96551e-25
-5.97263e-24
-1.65498e-23
-6.62947e-08
-15.8536
-76.4699
-147.715
-67.9635
-0.386924
-9.49938e-15
-1.6754e-05
-23.8072
-104.525
-163.691
-135.735
-130.43
-81.739
-33.8639
-0.0292875
-3.00155e-16
-2.15501e-23
-2.03005e-23
-1.84301e-23
-1.3925e-23
-1.25298e-23
-6.95433e-24
-8.50672e-24
-1.31415e-23
-1.82739e-23
-2.51854e-23
-4.98799e-06
-4.24992
-19.1663
-36.5491
-92.9667
-125.265
-148.794
-165.293
-79.9836
-3.52446
-0.00162411
-20.9476
-119.047
-164.854
-61.2378
-0.367963
-1.30168e-17
-1.34929e-23
-5.00471e-24
-5.75775e-25
-5.69522e-25
-4.98665e-24
-1.34663e-23
-1.10157e-17
-0.369092
-61.8808
-166.662
-120.414
-21.125
-0.00161359
-3.53508
-79.9994
-165.256
-148.696
-125.09
-92.7612
-36.3733
-19.8425
-4.52174
-6.47806e-06
-2.52059e-23
-1.82322e-23
-1.30718e-23
-8.43104e-24
-6.83851e-24
-2.85776e-24
-5.46872e-24
-1.07421e-23
-1.85563e-23
-3.18879e-23
-0.0689395
-51.9687
-25.4721
-34.458
-96.5942
-130.152
-146.459
-152.21
-145.034
-65.4319
-11.915
-43.1445
-132.94
-119.58
-40.5167
-0.0359155
-2.28515e-23
-1.20456e-23
-4.59043e-24
-7.86514e-25
-7.81509e-25
-4.57584e-24
-1.20233e-23
-2.28267e-23
-0.0361635
-40.8129
-120.895
-134.482
-43.6997
-11.9649
-65.423
-145.075
-152.258
-146.453
-129.991
-96.8532
-33.9827
-26.7111
-55.6953
-0.106439
-3.26271e-23
-1.88329e-23
-1.08392e-23
-5.48349e-24
-2.82224e-24
-9.25617e-25
-4.08557e-24
-9.4174e-24
-1.76262e-23
-3.22062e-23
-0.0823484
-149.552
-39.462
-28.4151
-73.0664
-142.289
-156.295
-153.158
-140.26
-117.55
-52.1375
-61.6579
-138.07
-108.439
-49.9951
-0.00141134
-2.13937e-23
-1.13493e-23
-4.80914e-24
-1.55552e-24
-1.55151e-24
-4.79692e-24
-1.1328e-23
-2.13598e-23
-0.00137542
-50.1278
-109.636
-139.624
-62.4282
-52.1704
-117.512
-140.372
-153.347
-156.511
-143.164
-72.7962
-28.432
-42.8344
-79.3731
-0.136579
-3.33831e-23
-1.80967e-23
-9.60796e-24
-4.14915e-24
-9.339e-25
-1.31711e-24
-4.24086e-24
-8.88057e-24
-1.47157e-23
-2.30765e-23
-5.62672e-06
-0.0696251
-0.145055
-0.0270054
-8.89337
-83.9267
-177.866
-165.284
-148.552
-128.227
-105.164
-104.482
-157.709
-98.7284
-40.92
-0.000582631
-1.98502e-23
-1.11773e-23
-5.78191e-24
-3.12447e-24
-3.12157e-24
-5.77295e-24
-1.11606e-23
-1.98186e-23
-0.000550253
-40.9335
-99.3751
-158.919
-105.236
-105.448
-128.452
-148.845
-165.694
-178.512
-84.5213
-8.61613
-0.0289503
-0.18217
-0.106737
-1.01961e-05
-2.3944e-23
-1.50752e-23
-9.02889e-24
-4.2854e-24
-1.30836e-24
-4.11303e-24
-6.51678e-24
-1.08955e-23
-1.40433e-23
-1.53662e-23
-1.5263e-23
-1.01672e-23
-6.42357e-24
-1.09867e-15
-0.00100891
-52.0923
-121.776
-187.313
-164.135
-148.974
-138.221
-142.328
-174.797
-116.453
-71.0917
-0.00611201
-1.81561e-23
-1.16488e-23
-7.82008e-24
-5.8126e-24
-5.8109e-24
-7.8154e-24
-1.16416e-23
-1.81465e-23
-0.00586642
-71.1231
-117.413
-176.304
-143.207
-138.786
-149.43
-164.604
-187.883
-122.163
-52.1035
-0.000981065
-1.09902e-15
-6.12246e-24
-9.92844e-24
-1.54889e-23
-1.55206e-23
-1.41061e-23
-1.09005e-23
-6.48552e-24
-4.03424e-24
-8.73686e-24
-1.16082e-23
-1.81784e-23
-2.04294e-23
-1.76579e-23
-1.27093e-23
-7.68708e-24
-4.81993e-24
-4.33547e-24
-1.92882e-09
-0.145271
-42.9229
-165.213
-174.962
-169.823
-164.487
-163.209
-162.484
-138.149
-47.0012
-0.0648784
-9.93822e-23
-1.33177e-23
-1.16015e-23
-1.00149e-23
-1.00139e-23
-1.15998e-23
-1.33167e-23
-8.9368e-23
-0.0633296
-46.983
-138.803
-163.351
-164.004
-165.158
-170.423
-175.548
-165.755
-43.0525
-0.143121
-1.88568e-09
-4.15103e-24
-4.54226e-24
-7.32529e-24
-1.23865e-23
-1.73725e-23
-2.01927e-23
-1.80006e-23
-1.14762e-23
-8.57097e-24
-1.31099e-23
-1.98361e-23
-3.56492e-23
-3.94223e-23
-3.25068e-23
-2.30139e-23
-1.50639e-23
-9.80002e-24
-6.5433e-24
-4.71058e-24
-3.01935e-07
-25.4978
-142.889
-214.191
-193.916
-190.392
-186.641
-182.576
-176.396
-84.3538
-3.69833
-2.90033e-11
-1.8078e-23
-1.86579e-23
-1.59647e-23
-1.59627e-23
-1.86571e-23
-1.80817e-23
-2.71092e-11
-3.63012
-84.5317
-176.95
-183.315
-187.401
-191.115
-194.62
-215.014
-143.455
-25.4889
-2.93576e-07
-4.61766e-24
-6.37204e-24
-9.49812e-24
-1.461e-23
-2.24496e-23
-3.19008e-23
-3.88727e-23
-3.52537e-23
-1.96083e-23
-1.28898e-23
-1.36397e-23
-3.02403e-23
-0.000436496
-1.86141
-1.361
-0.0551609
-0.078757
-0.0400911
-0.00113824
-0.000341808
-0.00102139
-2.48065
-59.7303
-156.003
-207.196
-219.919
-213.415
-207.266
-228.166
-147.253
-34.0766
-4.59059e-06
-3.63609e-09
-2.87862e-07
-1.21468e-09
-1.23361e-09
-2.92285e-07
-3.6862e-09
-4.42973e-06
-33.8478
-147.806
-229.007
-208.025
-214.182
-220.671
-207.878
-156.624
-60.0588
-2.45001
-0.000982847
-0.000327791
-0.00108678
-0.0382241
-0.0750687
-0.0526939
-1.30461
-1.79161
-0.0004212
-2.99509e-23
-1.34432e-23
-8.44187e-24
-3.26821e-23
-0.527534
-87.2199
-28.5432
-7.26943
-22.7584
-35.6926
-31.5049
-35.1846
-36.192
-26.2237
-39.0071
-134.987
-290.665
-279.324
-245.159
-208.698
-175.119
-138.602
-40.7078
-1.76125
-0.819939
-36.8401
-0.0114536
-0.0114163
-37.0042
-0.820019
-1.75817
-40.8198
-139.072
-175.707
-209.392
-245.945
-280.152
-291.355
-135.248
-39.0105
-26.0239
-35.9172
-34.9046
-31.2421
-35.3827
-22.5593
-7.20739
-28.2854
-86.4924
-0.510846
-3.2449e-23
-8.34396e-24
-7.03374e-24
-4.93931e-23
-1.05016
-5.90076
-29.3163
-29.8605
-56.9629
-88.5381
-85.0127
-88.462
-89.8712
-86.9071
-104.274
-291.602
-104941
-41514.5
-19468.5
-14218.2
-10220.7
-6115.67
-2438.58
-629.045
-315.452
-145.72
-0.82363
-0.818819
-145.687
-315.532
-629.577
-2444.03
-6133.22
-10252.3
-14262.1
-19525.1
-41613.5
-105145
-291.689
-103.954
-86.335
-89.2026
-87.7616
-84.3124
-87.7969
-56.4915
-29.625
-29.1018
-5.8623
-1.02051
-4.9117e-23
-6.9952e-24
