-7.82945e-24
-5.72138e-23
-0.0166698
-107.832
-284.344
-304.715
-714.056
-428.049
-340.211
-355.192
-362.799
-271.209
-133.444
-302.018
-106018
-41815
-19540.7
-14229.7
-10182.7
-6059.17
-2397.67
-612.307
-304.144
-137.506
-0.685278
-0.682163
-137.381
-304.003
-612.181
-2399.35
-6066.34
-10197.5
-14252.4
-19571.8
-41869.1
-106129
-302.015
-133.431
-262.564
-347.737
-338.689
-323.272
-404.806
-711.377
-302.87
-282.646
-107.245
-0.017888
-5.69277e-23
-7.79104e-24
-8.96552e-24
-3.36441e-23
-0.0124962
-268.876
-218.1
-70.6935
-229.279
-109.472
-56.844
-54.7869
-62.9355
-70.3566
-34.891
-133.966
-291.833
-280.81
-246.417
-209.231
-174.695
-137.647
-40.0769
-1.67011
-0.807028
-51.3713
-0.0067379
-0.00670919
-51.5511
-0.807151
-1.6665
-40.1163
-137.846
-174.975
-209.605
-246.869
-281.296
-292.223
-134.106
-34.8742
-66.8996
-58.2787
-50.6863
-53.084
-104.967
-227.789
-70.1917
-216.429
-266.993
-0.0134218
-3.34416e-23
-8.8853e-24
-1.28472e-23
-2.73244e-23
-1.92388e-05
-0.0399523
-0.0203018
-0.000147223
-0.000429347
-0.00118758
-0.000267927
-0.00014594
-0.000355194
-1.93143
-60.1653
-156.638
-208.461
-221.69
-215.345
-208.618
-227.326
-145.679
-29.3878
-3.85526e-06
-1.17607e-09
-8.19082e-08
-3.43287e-10
-3.46642e-10
-8.26916e-08
-1.18607e-09
-3.73891e-06
-29.1841
-145.886
-227.706
-209.056
-215.824
-222.163
-208.872
-156.975
-60.3386
-1.87681
-0.000356122
-0.000148085
-0.000275655
-0.00125213
-0.000458542
-0.000158521
-0.0218884
-0.0430605
-2.07136e-05
-2.71254e-23
-1.27113e-23
-1.19428e-23
-1.85172e-23
-3.32884e-23
-1.0765e-22
-7.87328e-23
-3.35076e-23
-2.50817e-23
-1.81068e-23
-1.27834e-23
-9.30207e-24
-4.00643e-07
-25.9503
-145.895
-217.333
-195.902
-192.6
-189.739
-186.031
-173.935
-78.4339
-2.59234
-3.24661e-11
-1.80993e-23
-1.8321e-23
-1.55354e-23
-1.55324e-23
-1.83191e-23
-1.81037e-23
-3.10556e-11
-2.53402
-78.332
-174.154
-186.541
-190.275
-193.1
-196.372
-217.876
-146.257
-25.557
-3.81068e-07
-9.08185e-24
-1.24867e-23
-1.76639e-23
-2.44793e-23
-3.2858e-23
-1.08552e-22
-1.47898e-22
-3.303e-23
-1.83766e-23
-1.18085e-23
-8.05532e-24
-1.16086e-23
-1.93898e-23
-2.47283e-23
-2.55782e-23
-2.25393e-23
-1.80568e-23
-1.42558e-23
-1.28327e-23
-3.0454e-09
-0.174675
-41.0664
-165.505
-176.468
-171.37
-166.38
-167.684
-173.586
-135.8
-62.4395
-0.0399856
-1.95875e-22
-1.32454e-23
-1.13598e-23
-9.69861e-24
-9.69713e-24
-1.13575e-23
-1.3245e-23
-1.89598e-22
-0.0387717
-62.8413
-136.087
-174.426
-168.316
-166.882
-171.804
-176.86
-165.765
-41.0582
-0.16914
-2.95659e-09
-1.23747e-23
-1.36008e-23
-1.71984e-23
-2.1977e-23
-2.52549e-23
-2.45611e-23
-1.93048e-23
-1.15523e-23
-7.9754e-24
-3.99426e-24
-7.12922e-24
-1.28129e-23
-1.80054e-23
-2.14328e-23
-2.28024e-23
-2.09809e-23
-1.7633e-23
-1.55937e-16
-0.00156621
-53.4566
-124.36
-190.865
-166.355
-149.984
-137.95
-144.619
-184.494
-118.798
-61.8941
-0.004326
-1.79343e-23
-1.14084e-23
-7.55141e-24
-5.53249e-24
-5.53024e-24
-7.54501e-24
-1.13979e-23
-1.79184e-23
-0.00415076
-61.4005
-119.386
-185.584
-145.27
-138.388
-150.357
-166.756
-191.418
-124.747
-53.0422
-0.00150166
-1.81096e-16
-1.65348e-23
-1.93814e-23
-2.28016e-23
-2.16264e-23
-1.81676e-23
-1.29093e-23
-7.16412e-24
-3.98513e-24
-1.46217e-24
-5.0054e-24
-1.06409e-23
-1.74282e-23
-2.53292e-23
-2.36029e-06
-0.010448
-0.0166568
-0.0080124
-22.5691
-71.4307
-172.755
-166.514
-151.527
-129.553
-100.403
-103.867
-163.496
-99.8383
-39.9413
-0.000552664
-1.91086e-23
-1.06716e-23
-5.42299e-24
-2.84432e-24
-2.84073e-24
-5.4112e-24
-1.06471e-23
-1.90575e-23
-0.000519497
-40.0987
-100.083
-164.11
-104.388
-100.658
-129.789
-151.838
-166.884
-173.068
-71.2524
-22.0525
-0.00688373
-0.0459296
-0.0683815
-2.36298e-05
-2.65622e-23
-1.79801e-23
-1.08949e-23
-5.10432e-24
-1.49278e-24
-1.00405e-24
-4.85077e-24
-1.11335e-23
-1.98683e-23
-3.24896e-23
-0.0137946
-145.29
-199.677
-100.016
-50.7845
-119.371
-155.788
-157.352
-147.174
-112.772
-46.2464
-60.6026
-168.608
-116.789
-44.7097
-0.000606973
-2.01946e-23
-1.0547e-23
-4.34133e-24
-1.28273e-24
-1.27847e-24
-4.32713e-24
-1.05179e-23
-2.0139e-23
-0.000584978
-44.7763
-117.263
-169.474
-61.1367
-46.2864
-112.879
-147.439
-157.734
-156.301
-119.396
-51.3496
-93.8522
-219.974
-172.36
-0.0876953
-3.40222e-23
-2.05286e-23
-1.14124e-23
-4.94179e-24
-1.00343e-24
-2.51195e-24
-6.21638e-24
-1.30333e-23
-2.24685e-23
-3.60228e-23
-0.00863253
-170.301
-187.956
-102.041
-74.0802
-146.094
-157.208
-160.862
-142.416
-84.2428
-11.0075
-99.2893
-168.573
-152.161
-79.7335
-0.00932025
-2.12292e-23
-1.0877e-23
-4.00664e-24
-5.67921e-25
-5.64096e-25
-3.99388e-24
-1.08529e-23
-2.11952e-23
-0.0093289
-80.1412
-152.931
-169.993
-99.7019
-10.9733
-84.3686
-142.692
-161.241
-157.666
-146.72
-74.4436
-107.43
-207.287
-189.382
-0.0310711
-3.66694e-23
-2.27979e-23
-1.31616e-23
-6.21502e-24
-2.40062e-24
-5.61636e-24
-8.94328e-24
-1.61496e-23
-2.47808e-23
-3.54228e-23
-4.74945e-07
-0.149036
-167.667
-70.1488
-104.148
-157.569
-167.157
-171.27
-76.1042
-2.59915
-0.000391952
-12.84
-132.177
-186.06
-77.2574
-0.131833
-1.00463e-16
-1.16644e-23
-4.27613e-24
-4.99749e-25
-4.97302e-25
-4.2665e-24
-1.16444e-23
-8.26307e-17
-0.129693
-77.4666
-187.393
-133.372
-12.7555
-0.000379986
-2.59634
-76.2642
-171.64
-167.44
-157.78
-104.306
-71.1946
-173.313
-0.132813
-5.34233e-07
-3.52223e-23
-2.47112e-23
-1.60697e-23
-8.80539e-24
-5.34257e-24
-9.64655e-24
-1.33103e-23
-2.15997e-23
-2.87271e-23
-3.51222e-23
-3.20921e-14
-0.00356027
-86.7763
-51.9717
-136.071
-161.412
-185.852
-107.22
-22.5162
-1.21447e-05
-3.64405e-14
-0.180152
-65.4873
-158.787
-79.6923
-7.58262
-5.00548e-08
-1.34928e-23
-5.10179e-24
-9.16473e-25
-9.16929e-25
-5.09688e-24
-1.34721e-23
-4.84808e-08
-7.40965
-80.053
-159.644
-66.0031
-0.17596
-3.00314e-14
-1.21196e-05
-22.5517
-107.486
-185.933
-161.293
-135.793
-51.657
-85.942
-0.00340571
-4.10473e-14
-3.46133e-23
-2.84185e-23
-2.13622e-23
-1.30325e-23
-9.19788e-24
-1.31493e-23
-2.02295e-23
-3.9597e-22
-7.00382e-20
-9.30294e-12
-0.000309428
-9.14903
-113.577
-86.656
-148.949
-170.463
-115.331
-66.5998
-0.0227265
-1.46189e-13
-3.60888e-24
-0.00262058
-84.0771
-163.58
-129.528
-62.4961
-0.000337444
-1.55174e-23
-6.16175e-24
-1.62524e-24
-1.63248e-24
-6.16638e-24
-1.54939e-23
-0.000334677
-62.5114
-129.962
-164.408
-84.2635
-0.00268466
-3.59622e-24
-1.45127e-13
-0.022905
-66.7507
-115.252
-169.983
-148.697
-86.5475
-112.685
-9.80598
-0.000345914
-1.04852e-11
-1.10357e-19
-8.24941e-22
-1.98071e-23
-1.25561e-23
-1.34222e-23
-1.08919e-06
-0.0189882
-0.180053
-0.245084
-18.4121
-217.22
-238.564
-101.477
-128.455
-142.744
-77.6631
-5.56676
-1.49125e-07
-3.60309e-24
-3.77443e-24
-1.64514e-05
-34.6217
-149.739
-163.99
-75.6406
-0.00895818
-1.59799e-23
-7.1339e-24
-2.49023e-24
-2.51443e-24
-7.15815e-24
-1.59569e-23
-0.00912945
-76.0695
-164.676
-150.362
-34.8805
-1.67347e-05
-3.7725e-24
-3.5992e-24
-1.51211e-07
-5.62211
-76.9351
-142.603
-127.936
-99.5617
-232.463
-215.368
-18.0845
-0.266782
-0.219287
-0.0255204
-1.55214e-06
-1.27947e-23
-7.6698e-24
-0.0166674
-205.258
-210.909
-150.014
-225.32
-228.018
-305.304
-343.981
-182.948
-136.843
-194.852
-0.1937
-7.93975e-16
-2.33011e-24
-3.11503e-24
-3.47334e-10
-5.18065
-61.3172
-106.888
-31.0464
-4.76609
-1.20282e-11
-8.58735e-24
-3.5217e-24
-3.59339e-24
-8.64585e-24
-1.55941e-11
-5.35754
-31.3624
-107.588
-61.6897
-5.75527
-3.00274e-10
-3.1226e-24
-2.33145e-24
-8.09778e-16
-0.195336
-193.362
-135.459
-180.81
-338.287
-304.633
-226.438
-222.967
-148.329
-205.095
-200.988
-0.0138807
-7.29575e-24
-3.75767e-24
-0.0186157
-167.225
-185.424
-137.953
-397.432
-230.767
-224.961
-509.534
-576.092
-587.824
-252.614
-0.0294463
-3.79171e-20
-1.36455e-24
-2.50055e-24
-2.99234e-18
-0.88444
-36.4341
-75.479
-46.9195
-33.5476
-0.000476256
-6.05935e-21
-4.51851e-24
-4.74853e-24
-3.98208e-21
-0.000437405
-33.0187
-47.3291
-76.0359
-36.6651
-1.04874
-1.90147e-18
-2.50709e-24
-1.36991e-24
-3.81788e-20
-0.0295579
-252.052
-583.726
-572.462
-509.113
-224.677
-229.298
-392.893
-136.166
-179.348
-164.135
-0.0115119
-3.67319e-24
-3.70728e-24
-2.44511e-06
-0.0253932
-0.14015
-0.248323
-7.62207
-106.563
-203.483
-407.521
-477.209
-473.1
-221.81
-0.00221792
-1.31382e-21
-6.83962e-25
-2.87512e-24
-6.24511e-07
-13.6567
-20.0447
-35.3132
-40.2033
-16.9397
-21.0221
-0.00454721
-8.07296e-10
-4.74486e-09
-0.00764082
-19.0352
-17.2335
-40.7355
-35.5703
-20.0899
-14.5922
-5.93519e-07
-2.86668e-24
-6.91433e-25
-1.32079e-21
-0.00223083
-221.777
-473.27
-477.526
-407.456
-203.698
-106.503
-7.54118
-0.259671
-0.109005
-0.0140818
-1.05988e-06
-3.59832e-24
-3.1653e-24
-1.16067e-23
-1.96336e-23
-1.62397e-19
-6.21593e-10
-0.280262
-16.6159
-27.4639
-37.3932
-64.5825
-37.5304
-59.0798
-0.0528544
-3.10126e-15
-5.34582e-25
-3.78472e-24
-0.0117406
-46.4243
-43.8599
-17.1733
-17.331
-21.701
-27.6889
-110.149
-0.0018089
-0.00502235
-103.963
-29.4241
-22.3862
-17.6596
-17.2598
-43.6322
-45.9399
-0.0100287
-3.75191e-24
-5.47791e-25
-3.039e-15
-0.0532579
-58.7259
-37.5486
-64.3819
-37.4121
-27.4869
-16.7854
-0.27941
-5.97589e-10
-1.9126e-19
-2.1008e-23
-1.15498e-23
-3.0797e-24
-2.58685e-24
-9.89585e-24
-1.96101e-23
-2.72943e-23
-0.000842463
-44.7783
-27.1337
-42.1749
-32.829
-14.7904
-46.4554
-22.7086
-21.577
-0.000600608
-2.50458e-24
-5.86714e-24
-0.0378395
-84.1969
-49.722
-6.33213
-22.8932
-16.135
-18.4597
-106.879
-0.0876098
-0.17899
-115.089
-19.1944
-16.6136
-22.9994
-6.36046
-49.1977
-93.5653
-0.0303715
-5.82975e-24
-2.54206e-24
-0.00060925
-21.7023
-22.7567
-46.5639
-14.7951
-32.8414
-42.2133
-27.1868
-44.8921
-0.000846024
-2.75397e-23
-1.98116e-23
-9.92885e-24
-2.53763e-24
-2.56257e-24
-1.14137e-23
-2.70213e-23
-1.23258e-06
-14.2833
-26.7727
-40.3488
-29.5831
-18.3997
-9.04936
-55.2034
-32.1013
-50.3357
-5.60056
-2.76171e-07
-1.28139e-23
-1.00722e-05
-1.15085
-9.49179
-1.20821
-0.665278
-2.24356
-5.83777
-1.16718
-0.000283622
-0.00047621
-1.56584
-6.34026
-1.87316
-0.645695
-1.21214
-8.70475
-0.964603
-7.51679e-06
-1.27741e-23
-2.78461e-07
-5.67421
-50.4871
-32.1831
-55.3172
-9.04993
-18.3985
-29.6101
-40.4026
-26.8107
-14.3454
-1.2512e-06
-2.71906e-23
-1.14615e-23
-2.5335e-24
-3.15457e-24
-1.42938e-23
-3.78893e-23
-0.00655626
-18.729
-27.6484
-29.7634
-24.4384
-3.5661
-28.1102
-34.6893
-48.3965
-18.3723
-26.7864
-0.172823
-2.41493e-23
-3.62184e-23
-6.12164e-23
-8.1827e-23
-9.37658e-23
-1.00741e-22
-1.05415e-22
-1.05618e-22
-9.51246e-23
-7.78169e-23
-7.79976e-23
-9.5131e-23
-1.05505e-22
-1.05359e-22
-1.00716e-22
-9.3725e-23
-8.16636e-23
-6.09644e-23
-3.60625e-23
-2.4177e-23
-0.175217
-26.845
-18.4203
-48.5017
-34.8325
-28.089
-3.54691
-24.4622
-29.7991
-27.6834
-18.7696
-0.00657165
-3.80347e-23
-1.4334e-23
-3.12906e-24
-4.3157e-24
-1.67482e-23
-4.58642e-23
-0.724356
-16.0022
-24.1166
-20.8448
-2.63109
-1.23513e-05
-0.0185269
-77.8414
-10.0475
-18.9724
-62.0458
-2.52951
-4.26491e-23
-3.63902e-23
-4.36781e-23
-5.32197e-23
-6.05163e-23
-6.52363e-23
-6.76732e-23
-6.72028e-23
-6.2974e-23
-5.77022e-23
-5.77359e-23
-6.29833e-23
-6.71697e-23
-6.76376e-23
-6.51989e-23
-6.04593e-23
-5.3121e-23
-4.35663e-23
-3.63367e-23
-4.27073e-23
-2.56758
-62.3873
-19.0143
-10.047
-77.6149
-0.0186685
-1.2311e-05
-2.62436
-20.865
-24.1419
-16.0192
-0.723204
-4.59695e-23
-1.67718e-23
-4.28804e-24
-5.5091e-24
-1.72099e-23
-4.65151e-23
-0.544824
-37.9491
-21.1931
-1.26569
-7.55963e-07
-2.30387e-23
-2.25346e-09
-0.00123411
-0.122488
-3.40482
-4.59355
-0.00249819
-4.83463e-23
-3.374e-23
-3.17249e-23
-3.39386e-23
-3.67866e-23
-3.8985e-23
-4.00961e-23
-3.98565e-23
-3.83332e-23
-3.66923e-23
-3.6698e-23
-3.83332e-23
-3.98428e-23
-4.00753e-23
-3.89575e-23
-3.67482e-23
-3.3888e-23
-3.16782e-23
-3.37268e-23
-4.83952e-23
-0.00254102
-4.66176
-3.44004
-0.123094
-0.00124245
-2.28318e-09
-2.30514e-23
-7.56445e-07
-1.26437
-21.207
-37.9801
-0.544353
-4.65752e-23
-1.72182e-23
-5.48269e-24
-5.31974e-24
-1.42739e-23
-3.67445e-23
-0.000270603
-0.582912
-0.111052
-7.26578e-07
-2.47843e-23
-1.81299e-23
-2.10762e-23
-2.96955e-23
-3.90572e-23
-4.69319e-23
-5.11575e-23
-4.60899e-23
-3.20858e-23
-2.37206e-23
-2.02624e-23
-1.95002e-23
-1.98098e-23
-2.02951e-23
-2.05202e-23
-2.0305e-23
-1.97212e-23
-1.9181e-23
-1.91816e-23
-1.97198e-23
-2.02989e-23
-2.05099e-23
-2.02806e-23
-1.97909e-23
-1.94793e-23
-2.0248e-23
-2.37243e-23
-3.2117e-23
-4.61497e-23
-5.12163e-23
-4.69796e-23
-3.90984e-23
-2.97294e-23
-2.10988e-23
-1.81452e-23
-2.48004e-23
-7.27155e-07
-0.110988
-0.582389
-0.000270325
-3.67692e-23
-1.42736e-23
-5.29967e-24
-3.25066e-24
-8.73176e-24
-1.86839e-23
-2.98342e-23
-2.88697e-23
-2.26629e-23
-1.63003e-23
-1.08136e-23
-8.38892e-24
-8.7254e-24
-1.09961e-23
-1.41306e-23
-1.74235e-23
-2.00887e-23
-2.00732e-23
-1.67594e-23
-1.32267e-23
-1.07236e-23
-9.28108e-24
-8.53605e-24
-8.13322e-24
-7.8345e-24
-7.52198e-24
-7.1967e-24
-6.97001e-24
-6.97001e-24
-7.19606e-24
-7.51996e-24
-7.83089e-24
-8.12809e-24
-8.53013e-24
-9.27655e-24
-1.07244e-23
-1.32371e-23
-1.67811e-23
-2.01032e-23
-2.01181e-23
-1.74484e-23
-1.41514e-23
-1.10128e-23
-8.73831e-24
-8.39973e-24
-1.08247e-23
-1.63137e-23
-2.26782e-23
-2.88856e-23
-2.98502e-23
-1.869e-23
-8.72931e-24
-3.23902e-24
-1.24698e-24
-4.91968e-24
-9.08433e-24
-1.01219e-23
-6.10034e-24
-2.52619e-24
-1.85128e-24
-1.72524e-24
-1.4944e-24
-1.45239e-24
-1.82811e-24
-2.80451e-24
-4.58664e-24
-6.93807e-24
-8.58032e-24
-8.4149e-24
-7.02011e-24
-5.33899e-24
-3.90676e-24
-2.85073e-24
-2.10904e-24
-1.58224e-24
-1.19642e-24
-9.22327e-25
-7.72358e-25
-7.71854e-25
-9.21001e-25
-1.19473e-24
-1.58067e-24
-2.10806e-24
-2.85108e-24
-3.90966e-24
-5.34602e-24
-7.03235e-24
-8.43164e-24
-8.59856e-24
-6.9538e-24
-4.59831e-24
-2.81279e-24
-1.8341e-24
-1.45709e-24
-1.49856e-24
-1.72934e-24
-1.85542e-24
-2.52986e-24
-6.10301e-24
-1.01236e-23
-9.08431e-24
-4.91811e-24
-1.24315e-24
-1.23848e-24
-4.91581e-24
-9.08251e-24
-1.0121e-23
-6.09846e-24
-2.52458e-24
-1.85063e-24
-1.72524e-24
-1.49483e-24
-1.45317e-24
-1.82913e-24
-2.80551e-24
-4.58731e-24
-6.93826e-24
-8.57989e-24
-8.41367e-24
-7.01861e-24
-5.33895e-24
-3.91113e-24
-2.86316e-24
-2.13317e-24
-1.62091e-24
-1.25044e-24
-9.89026e-25
-8.45163e-25
-8.42378e-25
-9.82215e-25
-1.24284e-24
-1.61516e-24
-2.13058e-24
-2.86414e-24
-3.91582e-24
-5.34744e-24
-7.03061e-24
-8.42772e-24
-8.59302e-24
-6.94726e-24
-4.59132e-24
-2.80585e-24
-1.82767e-24
-1.45124e-24
-1.49279e-24
-1.72277e-24
-1.84725e-24
-2.52024e-24
-6.09325e-24
-1.01155e-23
-9.07943e-24
-4.91586e-24
-1.24208e-24
-3.22508e-24
-8.72213e-24
-1.86845e-23
-2.98429e-23
-2.88703e-23
-2.26609e-23
-1.62994e-23
-1.08139e-23
-8.3904e-24
-8.72836e-24
-1.10001e-23
-1.41341e-23
-1.74254e-23
-2.00885e-23
-2.00703e-23
-1.67524e-23
-1.3217e-23
-1.0717e-23
-9.28716e-24
-8.56658e-24
-8.20045e-24
-7.94952e-24
-7.69039e-24
-7.41113e-24
-7.20645e-24
-7.19666e-24
-7.3878e-24
-7.66531e-24
-7.93082e-24
-8.1904e-24
-8.5642e-24
-9.29066e-24
-1.07249e-23
-1.32285e-23
-1.67659e-23
-2.00828e-23
-2.00953e-23
-1.74254e-23
-1.41293e-23
-1.09931e-23
-8.72131e-24
-8.38363e-24
-1.0806e-23
-1.62881e-23
-2.26452e-23
-2.88503e-23
-2.98205e-23
-1.86741e-23
-8.72295e-24
-3.23711e-24
-5.2784e-24
-1.42659e-23
-3.67711e-23
-0.00027048
-0.582554
-0.11098
-7.26757e-07
-2.47845e-23
-1.81324e-23
-2.10835e-23
-2.97063e-23
-3.90652e-23
-4.69342e-23
-5.11564e-23
-4.60833e-23
-3.20656e-23
-2.36891e-23
-2.02306e-23
-1.94867e-23
-1.98366e-23
-2.03862e-23
-2.0704e-23
-2.06058e-23
-2.01325e-23
-1.96443e-23
-1.96149e-23
-2.0066e-23
-2.05405e-23
-2.06601e-23
-2.03641e-23
-1.98298e-23
-1.94889e-23
-2.02381e-23
-2.37008e-23
-3.20817e-23
-4.61015e-23
-5.11663e-23
-4.69338e-23
-3.90572e-23
-2.96945e-23
-2.10724e-23
-1.81231e-23
-2.47736e-23
-7.27039e-07
-0.111063
-0.582969
-0.000270664
-3.67387e-23
-1.42642e-23
-5.29991e-24
-5.45827e-24
-1.72179e-23
-4.66056e-23
-0.544932
-37.9867
-21.2062
-1.2639
-7.55534e-07
-2.30402e-23
-2.28542e-09
-0.00124373
-0.123205
-3.44265
-4.65984
-0.00253871
-4.83113e-23
-3.36702e-23
-3.16389e-23
-3.38697e-23
-3.67681e-23
-3.90526e-23
-4.03141e-23
-4.0311e-23
-3.90465e-23
-3.75253e-23
-3.74399e-23
-3.88682e-23
-4.01604e-23
-4.02317e-23
-3.90205e-23
-3.67621e-23
-3.38744e-23
-3.1647e-23
-3.36821e-23
-4.83325e-23
-0.00255677
-4.68535
-3.45435
-0.123167
-0.00124551
-2.29564e-09
-2.30317e-23
-7.56959e-07
-1.26602
-21.19
-37.9497
-0.545157
-4.6533e-23
-1.72067e-23
-5.48708e-24
-4.26506e-24
-1.67847e-23
-4.60373e-23
-0.724695
-16.0261
-24.1525
-20.8729
-2.62243
-1.23368e-05
-0.0186716
-77.625
-10.0469
-18.9934
-62.3211
-2.56352
-4.26188e-23
-3.6269e-23
-4.34967e-23
-5.30449e-23
-6.03866e-23
-6.51727e-23
-6.77977e-23
-6.77914e-23
-6.41967e-23
-5.92165e-23
-5.89579e-23
-6.37193e-23
-6.74719e-23
-6.76836e-23
-6.51565e-23
-6.04006e-23
-5.3062e-23
-4.35069e-23
-3.62768e-23
-4.26403e-23
-2.57036
-62.5533
-19.0105
-10.0424
-77.6316
-0.0186558
-1.23322e-05
-2.62906
-20.8477
-24.1216
-16.0058
-0.725111
-4.5915e-23
-1.67571e-23
-4.2954e-24
-3.10951e-24
-1.43603e-23
-3.81334e-23
-0.00658541
-18.797
-27.7023
-29.8189
-24.4782
-3.55026
-28.0869
-34.7418
-48.4304
-18.3902
-26.7968
-0.174748
-2.41226e-23
-3.59999e-23
-6.08527e-23
-8.14867e-23
-9.34538e-23
-1.00323e-22
-1.05019e-22
-1.06091e-22
-9.72053e-23
-8.07345e-23
-7.98739e-23
-9.59102e-23
-1.05486e-22
-1.04999e-22
-1.00415e-22
-9.35312e-23
-8.15373e-23
-6.08705e-23
-3.59953e-23
-2.41296e-23
-0.174525
-26.798
-18.4063
-48.4596
-34.8044
-28.0926
-3.54773
-24.4352
-29.7727
-27.659
-18.7483
-0.00659136
-3.79696e-23
-1.43154e-23
-3.13732e-24
-2.5128e-24
-1.14943e-23
-2.73015e-23
-1.25206e-06
-14.3864
-26.8336
-40.4339
-29.6348
-18.4244
-9.04968
-55.2538
-32.1342
-50.4097
-5.64815
-2.7721e-07
-1.27591e-23
-7.40996e-06
-0.940949
-8.42688
-1.15041
-0.584239
-1.74801
-11.7411
-3.12265
-0.000758204
-0.000484981
-1.64506
-6.64722
-1.90832
-0.628029
-1.21625
-8.93166
-0.992547
-7.71488e-06
-1.27439e-23
-2.7447e-07
-5.64011
-50.4629
-32.1586
-55.2954
-9.04848
-18.3562
-29.5694
-40.3696
-26.7892
-14.3843
-1.2514e-06
-2.71193e-23
-1.14423e-23
-2.54396e-24
-2.50455e-24
-9.95655e-24
-1.99265e-23
-2.76988e-23
-0.000849522
-45.0735
-27.2084
-42.2438
-32.867
-14.7976
-46.5289
-22.738
-21.6428
-0.000606666
-2.53507e-24
-5.84674e-24
-0.0300066
-95.4962
-49.0462
-6.3331
-22.9725
-16.8218
-21.0053
-56.0994
-0.339649
-0.204122
-86.3138
-19.1526
-16.2234
-22.8378
-6.39851
-49.5008
-94.8149
-0.0306467
-5.81624e-24
-2.539e-24
-0.000607047
-21.6983
-22.7359
-46.5628
-14.7762
-32.7702
-42.143
-27.1894
-44.8415
-0.000851125
-2.74366e-23
-1.97262e-23
-9.91969e-24
-2.55627e-24
-3.02425e-24
-1.15532e-23
-2.0131e-23
-1.84028e-19
-5.99289e-10
-0.281577
-16.7822
-27.4948
-37.4138
-64.5109
-37.5567
-58.8898
-0.0529447
-3.08888e-15
-5.49536e-25
-3.77404e-24
-0.00991309
-45.8943
-43.6252
-17.3513
-18.0774
-23.3259
-32.6244
-61.6801
-0.0123243
-0.00543102
-83.5811
-29.371
-22.0943
-17.4974
-17.3208
-43.5759
-47.0127
-0.0100007
-3.74269e-24
-5.47969e-25
-2.97349e-15
-0.0527749
-58.9314
-37.5003
-64.5059
-37.3202
-27.4362
-16.766
-0.283498
-5.64428e-10
-1.47984e-19
-1.98243e-23
-1.15939e-23
-3.11243e-24
-3.5336e-24
-1.23448e-06
-0.0155619
-0.113605
-0.252592
-7.5981
-106.488
-203.734
-407.343
-477.394
-473.481
-222.044
-0.0022145
-1.29466e-21
-6.9601e-25
-2.89025e-24
-5.90439e-07
-15.0599
-20.2198
-35.9597
-41.5134
-17.6808
-19.6821
-0.0221883
-2.71358e-08
-6.9711e-09
-0.0107264
-19.5938
-17.0053
-40.2723
-35.2796
-19.8976
-13.6127
-5.80297e-07
-2.85764e-24
-6.93429e-25
-1.27816e-21
-0.00220559
-221.714
-472.686
-476.573
-406.683
-203.818
-106.418
-7.49003
-0.238865
-0.126666
-0.0220968
-2.11222e-06
-3.64103e-24
-3.67746e-24
-0.0126345
-162.905
-178.984
-136.804
-395.161
-230.348
-225.277
-509.769
-575.933
-587.015
-252.76
-0.02932
-3.72332e-20
-1.37481e-24
-2.53366e-24
-1.94387e-18
-1.1345
-36.9278
-76.7965
-47.9744
-31.582
-0.000472695
-2.27204e-21
-5.43531e-24
-5.07508e-24
-2.19952e-20
-0.000495133
-31.7756
-46.7644
-75.3276
-36.3668
-0.872905
-2.50231e-18
-2.49868e-24
-1.37591e-24
-3.70418e-20
-0.0292949
-252.57
-587.853
-576.394
-509.953
-225.795
-230.974
-396.316
-137.395
-181.18
-166.84
-0.0176679
-3.72855e-24
-7.40366e-24
-0.014585
-201.992
-205.205
-149.256
-224.098
-227.274
-305.206
-342.958
-182.531
-136.492
-194.626
-0.193059
-8.00627e-16
-2.33282e-24
-3.15224e-24
-3.13936e-10
-6.14519
-61.76
-107.704
-31.865
-5.65323
-1.3216e-11
-8.63546e-24
-3.95079e-24
-3.82571e-24
-8.48114e-24
-1.49746e-11
-4.67265
-30.8949
-106.937
-61.341
-5.10182
-3.25395e-10
-3.11462e-24
-2.34237e-24
-7.82945e-16
-0.192958
-194.807
-136.735
-182.749
-343.626
-305.838
-227.806
-224.758
-150.466
-208.33
-203.976
-0.0173153
-7.57488e-24
-1.30356e-23
-1.5234e-06
-0.0247817
-0.211339
-0.255947
-18.4781
-216.589
-237.431
-101.152
-128.327
-142.871
-77.4335
-5.57507
-1.50227e-07
-3.59141e-24
-3.78908e-24
-1.77839e-05
-35.3845
-149.322
-163.583
-76.2698
-0.00952305
-1.55818e-23
-7.13091e-24
-2.69585e-24
-2.64244e-24
-7.04255e-24
-1.55461e-23
-0.00860611
-75.4088
-164.458
-150.163
-34.4222
-1.59483e-05
-3.77645e-24
-3.61744e-24
-1.49975e-07
-5.57658
-77.5839
-142.678
-128.408
-101.414
-237.76
-217.059
-18.4821
-0.251687
-0.197426
-0.0221863
-1.35962e-06
-1.32471e-23
-1.28695e-23
-2.01575e-23
-5.46168e-22
-8.56201e-20
-9.73123e-12
-0.000325244
-9.47121
-113.509
-86.6638
-148.85
-170.193
-115.273
-66.6623
-0.022886
-1.45809e-13
-3.59062e-24
-0.00280123
-82.7515
-164.053
-129.007
-61.4876
-0.000344977
-1.5304e-23
-6.14861e-24
-1.72258e-24
-1.69378e-24
-6.08327e-24
-1.52183e-23
-0.000326846
-62.1977
-129.993
-163.762
-84.7286
-0.00257893
-3.61644e-24
-1.4007e-13
-0.0227367
-66.6035
-115.279
-170.363
-148.974
-86.7674
-113.63
-9.55997
-0.000325333
-9.59716e-12
-7.81393e-20
-4.64432e-22
-2.01569e-23
-1.30056e-23
-9.4845e-24
-1.32919e-23
-2.17545e-23
-2.89583e-23
-3.5362e-23
-3.6314e-14
-0.00350722
-86.6593
-52.0022
-135.936
-161.241
-185.753
-107.313
-22.5177
-1.2167e-05
-3.02151e-14
-0.184077
-66.4188
-159.668
-80.5028
-7.61843
-4.89127e-08
-1.3367e-23
-5.08074e-24
-9.55567e-25
-9.38591e-25
-5.03631e-24
-1.32987e-23
-4.93841e-08
-7.39922
-79.4518
-158.757
-65.288
-0.175666
-3.56083e-14
-1.19572e-05
-22.5292
-107.271
-185.82
-161.329
-136.029
-52.0895
-87.5493
-0.00373952
-3.76827e-14
-3.51859e-23
-2.87905e-23
-2.16343e-23
-1.32772e-23
-9.55241e-24
-5.53115e-24
-8.93413e-24
-1.62082e-23
-2.4869e-23
-3.54815e-23
-5.88249e-07
-0.163582
-164.788
-69.6671
-104.099
-157.367
-167.094
-171.354
-76.2332
-2.59823
-0.000390811
-13.0726
-132.801
-187.399
-75.1014
-0.134452
-7.92187e-17
-1.15649e-23
-4.2438e-24
-5.04889e-25
-4.957e-25
-4.22009e-24
-1.15361e-23
-1.01188e-16
-0.128524
-78.3549
-186.047
-132.452
-12.6531
-0.000386784
-2.60255
-76.1784
-171.339
-167.143
-157.399
-104.18
-69.7425
-167.849
-0.138097
-4.06022e-07
-3.54091e-23
-2.47983e-23
-1.61587e-23
-8.92529e-24
-5.56184e-24
-2.47254e-24
-6.20987e-24
-1.30442e-23
-2.2457e-23
-3.58838e-23
-0.0118951
-164.086
-187.245
-102.041
-74.131
-146.114
-157.185
-160.817
-142.537
-84.0843
-10.9494
-97.701
-168.853
-151.841
-79.5405
-0.00965374
-2.10826e-23
-1.07888e-23
-3.96587e-24
-5.53352e-25
-5.49362e-25
-3.95677e-24
-1.07831e-23
-2.10965e-23
-0.00912354
-80.0011
-152.71
-169.167
-100.247
-11.0293
-84.0361
-142.514
-160.889
-157.283
-146.273
-74.2888
-102.794
-189.86
-168.86
-0.0125862
-3.59773e-23
-2.24724e-23
-1.30392e-23
-6.21004e-24
-2.48647e-24
-9.97747e-25
-4.85399e-24
-1.11378e-23
-1.98449e-23
-3.23588e-23
-0.0197561
-147.985
-202.168
-99.6207
-50.8736
-119.248
-155.785
-157.277
-146.922
-112.793
-45.8557
-61.5979
-168.748
-117.396
-44.782
-0.000593099
-2.00654e-23
-1.04672e-23
-4.29643e-24
-1.25716e-24
-1.25635e-24
-4.2961e-24
-1.04736e-23
-2.00893e-23
-0.000599392
-44.6025
-116.682
-168.922
-60.3542
-46.4224
-112.878
-147.219
-157.402
-155.883
-119.319
-50.9515
-97.4962
-202.988
-153.503
-0.0266253
-3.2536e-23
-1.98994e-23
-1.11512e-23
-4.8567e-24
-1.00073e-24
-1.48563e-24
-5.02664e-24
-1.06662e-23
-1.74511e-23
-2.53515e-23
-3.52173e-06
-0.0148622
-0.0201034
-0.00781621
-22.215
-71.2824
-172.78
-166.528
-151.478
-129.479
-100.897
-104.822
-164.306
-100.218
-39.9907
-0.000515341
-1.90021e-23
-1.06033e-23
-5.37838e-24
-2.81315e-24
-2.81398e-24
-5.38221e-24
-1.06146e-23
-1.90303e-23
-0.000551856
-39.9147
-99.7318
-163.355
-103.657
-100.318
-129.604
-151.561
-166.54
-172.756
-71.335
-22.578
-0.00738958
-0.023656
-0.0215037
-6.08691e-06
-2.54301e-23
-1.74763e-23
-1.06687e-23
-5.0212e-24
-1.47498e-24
-4.04426e-24
-7.17119e-24
-1.2866e-23
-1.8068e-23
-2.15033e-23
-2.28842e-23
-2.1033e-23
-1.76932e-23
-1.58516e-16
-0.00152096
-53.358
-124.555
-191.104
-166.521
-150.228
-138.47
-145.505
-185.708
-119.587
-61.7939
-0.00411516
-1.78669e-23
-1.13564e-23
-7.51017e-24
-5.49884e-24
-5.50019e-24
-7.51468e-24
-1.13657e-23
-1.78841e-23
-0.0043297
-61.605
-118.694
-184.44
-144.497
-137.882
-149.972
-166.359
-190.898
-124.399
-53.4259
-0.00159144
-1.83519e-16
-1.75356e-23
-2.08343e-23
-2.28249e-23
-2.14734e-23
-1.80432e-23
-1.2843e-23
-7.15071e-24
-4.01707e-24
-8.12449e-24
-1.16699e-23
-1.94727e-23
-2.48292e-23
-2.56856e-23
-2.26387e-23
-1.8134e-23
-1.43157e-23
-1.28743e-23
-3.0053e-09
-0.173273
-41.0416
-165.632
-176.726
-171.747
-166.927
-168.387
-174.293
-136.361
-62.375
-0.0387158
-1.72734e-22
-1.32057e-23
-1.13211e-23
-9.66352e-24
-9.66503e-24
-1.13251e-23
-1.32121e-23
-2.07451e-22
-0.0398763
-62.6646
-135.628
-173.643
-167.627
-166.316
-171.323
-176.427
-165.451
-41.038
-0.17548
-3.16658e-09
-1.28245e-23
-1.42277e-23
-1.80158e-23
-2.25363e-23
-2.56009e-23
-2.47617e-23
-1.94218e-23
-1.16333e-23
-8.08266e-24
-1.20179e-23
-1.85934e-23
-3.34062e-23
-1.33844e-22
-9.80734e-23
-3.3643e-23
-2.51861e-23
-1.81807e-23
-1.28299e-23
-9.32706e-24
-3.88235e-07
-25.9048
-146.134
-217.75
-196.366
-193.167
-190.378
-186.655
-174.437
-78.6236
-2.53845
-2.97298e-11
-1.80662e-23
-1.8281e-23
-1.54982e-23
-1.55005e-23
-1.82846e-23
-1.80687e-23
-3.32795e-11
-2.58108
-78.2463
-173.74
-185.94
-189.653
-192.52
-195.829
-217.257
-145.845
-25.9025
-4.07106e-07
-9.29925e-24
-1.27881e-23
-1.81141e-23
-2.50916e-23
-3.35282e-23
-9.4762e-23
-1.29325e-22
-3.3326e-23
-1.85435e-23
-1.19696e-23
-1.29096e-23
-2.74086e-23
-1.97938e-05
-0.0411594
-0.0209347
-0.00015178
-0.000437212
-0.00118114
-0.000253023
-0.000134428
-0.000329338
-1.88672
-60.2925
-156.972
-208.963
-222.3
-215.993
-209.266
-228.043
-146.151
-29.2616
-3.68749e-06
-1.19398e-09
-8.33567e-08
-3.49415e-10
-3.3728e-10
-8.05143e-08
-1.15832e-09
-3.87949e-06
-29.3085
-145.512
-227.109
-208.477
-215.228
-221.585
-208.37
-156.557
-60.1253
-1.90311
-0.000344904
-0.000140244
-0.000261577
-0.00119673
-0.000439069
-0.000151724
-0.0209232
-0.0411443
-1.9792e-05
-2.73508e-23
-1.28679e-23
-8.99893e-24
-3.37206e-23
-0.0128218
-269.476
-218.596
-70.8409
-229.76
-109.566
-56.8233
-54.7128
-62.788
-70.1832
-34.9631
-134.262
-292.531
-281.552
-247.11
-209.839
-175.208
-138.058
-40.1824
-1.66977
-0.806509
-51.451
-0.00671632
-0.00671416
-51.3608
-0.806263
-1.66747
-40.0352
-137.514
-174.548
-209.086
-246.276
-280.674
-291.719
-133.914
-34.8798
-69.9582
-62.286
-54.2187
-56.3463
-108.959
-229.437
-70.7336
-218.234
-269.036
-0.0128301
-3.36664e-23
-8.97611e-24
-7.84327e-24
-5.73138e-23
-0.0170891
-108.02
-284.872
-305.305
-715.514
-428.093
-340.256
-355.171
-362.715
-270.932
-133.733
-302.674
-106273
-41920.3
-19593.4
-14269.2
-10210.9
-6075.01
-2402.86
-612.916
-304.14
-137.41
-0.681676
-0.685273
-137.356
-303.831
-611.638
-2395.26
-6053.59
-10174.5
-14220
-19529.7
-41797.2
-105982
-301.997
-133.555
-270.353
-360.933
-353.126
-338.098
-425.079
-714.75
-304.889
-284.482
-107.881
-0.0171014
-5.72409e-23
-7.83326e-24
