332.174
328.78
318.351
300.443
300.351
300.034
299.73
299.28
298.7
298.145
297.589
297.043
296.527
295.943
294.973
293
293
293
293
293
293
293
293
293
293
293
293
293
293
293
293
293
293
293
293
293
294.977
295.949
296.536
297.054
297.603
298.162
298.72
299.304
299.756
300.062
300.38
300.473
318.452
328.923
332.332
333.569
330.297
320.097
301.544
300.469
300.023
299.797
299.339
298.682
298.139
297.578
297.021
296.556
296.129
295.469
294.599
294.245
294.056
293.913
293.753
293.519
293.249
293.151
293.141
293.888
296.846
293.894
293.141
293.151
293.249
293.52
293.754
293.914
294.057
294.247
294.602
295.474
296.135
296.564
297.032
297.591
298.156
298.702
299.363
299.824
300.051
300.499
301.579
320.212
330.454
333.74
337.507
334.741
326.204
310.863
301.75
300.248
299.906
299.52
298.844
298.229
297.638
297.053
296.556
296.534
296.164
295.671
295.311
295.052
294.831
294.567
294.062
293.313
293.203
294.315
299.215
302.792
299.224
294.325
293.203
293.312
294.063
294.57
294.834
295.056
295.316
295.675
296.17
296.541
296.563
297.063
297.652
298.247
298.865
299.546
299.934
300.278
301.789
310.956
326.37
334.943
337.72
342.978
340.958
335.118
326.547
319.527
315.327
312.436
310.066
307.84
305.555
302.948
299.745
297.341
297.277
296.97
296.595
296.266
295.999
295.779
295.611
295.597
298.794
303.546
307
310.275
311.885
310.282
307.01
303.558
298.816
295.602
295.615
295.784
296.004
296.272
296.602
296.976
297.284
297.347
299.756
302.985
305.625
307.953
310.224
312.627
315.533
319.74
326.778
335.373
341.228
343.253
348.489
346.993
342.764
336.698
330.513
325.108
320.447
316.47
312.896
309.2
304.856
299.777
298.847
298.25
297.831
297.462
297.147
296.885
296.663
296.488
296.525
304.705
311.187
315.861
319.003
320.189
319.009
315.874
311.203
304.724
296.53
296.493
296.67
296.893
297.154
297.47
297.838
298.258
298.855
299.795
304.908
309.316
313.099
316.772
320.82
325.498
330.892
337.061
343.117
347.342
348.836
352.993
351.763
348.245
342.967
336.722
330.143
323.774
318.47
314.074
309.494
303.502
299.61
299.448
299.035
298.627
298.264
297.961
297.72
297.489
297.14
297.4
308.56
316.635
322.257
325.684
326.861
325.692
322.273
316.658
308.586
297.416
297.143
297.497
297.73
297.971
298.273
298.636
299.043
299.457
299.619
303.542
309.632
314.356
318.944
324.383
330.747
337.269
343.456
348.693
352.186
353.408
355.958
354.819
351.488
346.202
339.264
330.97
322.035
315.563
311.437
307.201
301.39
300.885
300.288
299.801
299.368
298.993
298.702
298.532
298.419
298.295
299.424
311.504
320.537
326.847
330.615
331.878
330.626
326.868
320.568
311.549
299.492
298.314
298.434
298.546
298.714
299.003
299.377
299.81
300.296
300.894
301.404
307.312
311.749
316.265
323.02
331.839
339.981
346.802
352.012
355.3
356.426
357.201
356.066
352.687
347.089
339.161
328.437
313.839
306.327
304.913
303.554
302.102
301.547
301.004
300.502
300.038
299.625
299.309
299.275
299.349
299.472
300.843
313.494
323.16
329.98
334.052
335.412
334.064
330.005
323.198
313.548
300.924
299.488
299.368
299.293
299.324
299.636
300.048
300.511
301.012
301.555
302.109
303.588
305.066
307.352
315.594
329.607
340.013
347.759
353.252
356.578
357.695
356.712
355.558
352.105
346.306
337.856
325.781
307.371
305.378
304.301
303.257
302.705
302.185
301.667
301.152
300.645
300.147
299.622
299.897
300.219
300.666
301.193
314.471
324.63
331.86
336.2
337.652
336.215
331.889
324.672
314.523
301.25
300.695
300.246
299.92
299.641
300.158
300.654
301.161
301.675
302.191
302.71
303.256
304.31
305.363
309.333
326.984
338.706
346.968
352.662
356.062
357.199
354.531
353.351
349.867
344.174
336.178
325.467
311.475
304.7
304.001
303.67
303.26
302.806
302.316
301.783
301.228
301.538
300.885
300.46
300.953
301.259
301.326
314.568
325.03
332.63
337.236
338.783
337.254
332.664
325.077
314.621
301.368
301.3
300.987
300.487
300.921
301.558
301.237
301.791
302.323
302.813
303.264
303.673
304.001
304.651
312.383
326.29
336.859
344.744
350.365
353.81
354.978
350.712
349.446
345.838
340.345
333.214
324.436
314.43
305.306
304.199
304.145
303.844
303.454
302.994
302.423
303.382
305.565
304.125
301.848
301.862
301.998
302.048
313.453
324.29
332.393
337.33
338.991
337.353
332.437
324.351
313.525
302.093
302.043
301.905
301.892
304.175
305.593
303.391
302.431
303.002
303.46
303.85
304.149
304.199
305.377
314.856
324.936
333.694
340.785
346.246
349.834
351.093
345.424
343.883
339.696
334.153
327.897
320.634
312.621
306.11
305.314
304.854
304.505
304.157
303.773
303.809
307.174
309.606
307.926
302.672
302.638
302.809
302.936
309.472
322.285
331.323
336.702
338.497
336.731
331.379
322.365
309.573
302.985
302.861
302.685
302.721
307.977
309.642
307.19
303.816
303.78
304.165
304.513
304.862
305.324
306.175
312.805
320.905
328.197
334.456
339.998
344.186
345.727
339.218
336.967
330.908
324.676
319.587
313.58
308.334
306.121
305.774
305.44
305.154
304.884
304.561
307.289
312.173
313.759
311.332
304.151
303.229
303.653
303.993
305.178
320.057
329.91
335.656
337.566
335.693
329.984
320.156
305.299
304.055
303.718
303.292
304.243
311.4
313.808
312.201
307.3
304.569
304.892
305.162
305.449
305.785
306.133
308.376
313.681
319.733
324.844
331.105
337.186
339.443
333.513
329.86
318.299
310.169
308.5
307.953
306.913
306.499
306.21
305.966
305.773
305.652
305.681
311.664
316.471
317.927
315.491
308.749
304.538
304.567
304.78
304.975
318.854
328.606
334.447
336.415
334.494
328.706
318.977
305.077
304.867
304.653
304.625
308.854
315.574
317.987
316.509
311.68
305.69
305.661
305.783
305.976
306.221
306.511
306.926
307.969
308.518
310.196
318.399
330.008
333.674
331.115
326.661
311.713
309.339
308.394
307.931
307.188
306.747
306.588
306.429
306.31
306.257
306.296
314.623
320.12
321.985
319.958
314.072
305.531
305.287
305.59
305.923
317.795
327.211
333.109
335.156
333.162
327.368
317.984
306.077
305.708
305.39
305.637
314.19
320.055
322.057
320.167
314.647
306.306
306.267
306.319
306.439
306.599
306.759
307.202
307.947
308.412
309.356
311.807
326.776
331.237
333.626
329.961
318.445
310.378
308.496
307.966
307.176
307.027
306.954
306.84
306.766
306.759
306.803
316.878
323.4
325.937
324.282
318.317
308.15
307.624
307.978
310.314
316.188
325.334
331.624
333.936
331.63
325.621
316.541
310.704
308.277
307.849
308.371
318.478
324.399
326.02
323.455
316.908
306.813
306.769
306.776
306.85
306.965
307.039
307.188
307.981
308.513
310.439
318.538
330.056
333.722
339.465
337.115
330.796
324.202
318.686
312.818
307.975
307.344
307.348
307.198
307.144
307.198
307.249
319.009
326.666
330.081
328.916
322.776
313.145
310.326
311.162
313.007
315.276
322.388
330.115
333.336
329.8
322.991
315.753
313.42
311.497
310.598
313.418
322.963
329.044
330.17
326.724
319.042
307.26
307.209
307.154
307.208
307.358
307.354
307.985
312.838
318.717
324.252
330.863
337.189
339.54
346.004
344.239
339.423
333.004
325.95
318.502
310.601
309.399
307.883
307.448
307.401
307.628
308.054
321.291
330.173
334.804
334.524
328.203
320.417
315.098
313.851
315.146
318.017
321.34
330.886
335.492
329.755
322.388
318.6
315.597
314.189
315.407
320.713
328.374
334.645
334.89
330.23
321.324
308.065
307.639
307.412
307.458
307.893
309.408
310.607
318.518
325.977
333.044
339.474
344.295
346.062
352.074
350.412
345.654
338.44
329.608
320.823
315.065
312.962
311.028
309.489
309.93
312.023
313.771
324.152
333.93
340.44
342.174
337.799
330.172
322.792
321.089
321.488
321.113
328.139
339.116
343.99
337.363
326.794
321.458
321.86
321.401
323.064
330.352
337.902
342.271
340.515
333.983
324.183
313.788
312.038
309.942
309.5
311.038
312.973
315.076
320.837
329.63
338.471
345.693
350.456
352.119
357.468
355.681
350.342
341.492
329.221
321.274
318.677
316.085
313.568
311.882
314.321
318.413
322.405
327.497
336.958
346.85
351.934
352.558
350.518
348.055
347.283
347.813
349.243
353.169
357.995
359.993
357.351
352.599
349.204
347.955
347.468
348.235
350.663
352.666
352.022
346.918
337.003
327.525
322.427
318.431
314.333
311.893
313.579
316.096
318.688
321.286
329.238
341.517
350.373
355.715
357.503
362.436
360.502
354.542
343.967
327.358
324.077
321.635
320.041
322.565
325.335
324.91
324.727
326.965
329.601
339.39
354.068
362.154
365.982
367.29
367.628
368.175
369.238
370.877
373.301
375.702
376.636
375.454
373.052
370.808
369.289
368.281
367.749
367.402
366.077
362.234
354.132
339.435
329.627
326.99
324.755
324.932
325.352
322.578
320.053
321.647
324.089
327.372
343.986
354.566
360.529
362.464
367.272
365.348
359.357
348.474
330.612
326.743
325.787
329.757
335.59
338.302
337.926
334.423
331.293
336.689
349.688
363.878
372.634
377.924
381.034
382.991
384.552
386.086
387.727
389.456
390.874
391.397
390.776
389.349
387.686
386.111
384.618
383.076
381.121
378.005
372.705
363.939
349.741
336.73
331.322
334.452
337.95
338.321
335.606
329.77
325.799
326.756
330.624
348.49
359.377
365.369
367.294
371.957
370.261
365.064
355.96
341.923
333.729
337.076
343.353
347.738
350.358
351.402
351.51
352.639
357.507
365.875
375.123
382.578
388.046
391.93
394.75
396.955
398.828
400.49
401.923
402.941
403.301
402.903
401.881
400.476
398.85
397.005
394.816
392.002
388.116
382.642
375.18
365.924
357.548
352.672
351.538
351.426
350.378
347.754
343.367
337.089
333.741
341.936
355.975
365.08
370.278
371.974
376.033
374.675
370.678
364.38
356.885
352.156
352.264
354.842
357.649
359.99
361.814
363.575
366.247
370.825
377.182
384.162
390.51
395.753
399.891
403.124
405.692
407.779
409.482
410.804
411.666
411.964
411.655
410.795
409.489
407.806
405.737
403.181
399.953
395.816
390.568
384.215
377.228
370.865
366.28
363.603
361.838
360.009
357.665
354.856
352.277
352.167
356.897
364.392
370.691
374.689
376.047
378.827
377.727
374.595
369.994
365.083
361.744
360.983
362.103
364.026
366.137
368.291
370.729
373.949
378.365
383.865
389.833
395.545
400.566
404.757
408.163
410.908
413.114
414.855
416.147
416.955
417.232
416.958
416.156
414.877
413.15
410.956
408.218
404.815
400.624
395.6
389.883
383.909
378.403
373.982
370.756
368.314
366.156
364.041
362.116
360.994
361.754
365.093
370.004
374.605
377.738
378.837
379.819
378.812
375.979
371.919
367.71
364.754
363.82
364.56
366.214
368.244
370.482
373.101
376.457
380.819
386.081
391.759
397.271
402.21
406.406
409.862
412.665
414.914
416.677
417.972
418.776
419.053
418.787
417.996
416.713
414.96
412.718
409.919
406.465
402.267
397.324
391.807
386.123
380.856
376.487
373.126
370.504
368.261
366.228
364.572
363.83
364.763
367.718
371.926
375.987
378.82
379.826
378.823
377.724
374.592
369.992
365.082
361.744
360.983
362.103
364.027
366.14
368.295
370.735
373.957
378.376
383.88
389.852
395.57
400.598
404.796
408.214
410.975
413.201
414.968
416.288
417.122
417.416
417.143
416.326
415.019
413.26
411.037
408.277
404.858
400.655
395.622
389.899
383.92
378.41
373.986
370.758
368.314
366.155
364.039
362.113
360.99
361.75
365.088
369.997
374.597
377.728
378.828
376.026
374.668
370.673
364.376
356.883
352.155
352.264
354.844
357.652
359.995
361.822
363.586
366.262
370.846
377.21
384.2
390.558
395.815
399.968
403.222
405.819
407.948
409.705
411.089
412.01
412.347
412.043
411.147
409.776
408.024
405.895
403.293
400.034
395.874
390.611
384.245
377.249
370.878
366.287
363.606
361.838
360.007
357.661
354.85
352.269
352.158
356.886
364.378
370.674
374.67
376.027
371.945
370.25
365.055
355.954
341.921
333.728
337.076
343.355
347.741
350.365
351.413
351.525
352.659
357.536
365.916
375.178
382.649
388.135
392.039
394.886
397.132
399.067
400.816
402.355
403.48
403.918
403.534
402.443
400.915
399.165
397.223
394.967
392.11
388.197
382.702
375.222
365.953
357.565
352.68
351.541
351.425
350.374
347.748
343.358
337.076
333.727
341.92
355.953
365.054
370.248
371.943
367.254
365.331
359.343
348.465
330.61
326.743
325.787
329.758
335.594
338.31
337.939
334.442
331.313
336.723
349.739
363.947
372.725
378.037
381.167
383.15
384.758
386.372
388.136
390.033
391.639
392.311
391.732
390.174
388.277
386.498
384.867
383.242
381.244
378.1
372.777
363.99
349.776
336.749
331.327
334.453
337.948
338.316
335.597
329.758
325.785
326.74
330.608
348.462
359.339
365.326
367.249
362.41
360.477
354.521
343.954
327.356
324.077
321.635
320.042
322.568
325.342
324.92
324.743
326.981
329.62
339.434
354.146
362.266
366.123
367.442
367.789
368.376
369.527
371.324
374.003
376.731
377.956
376.909
374.245
371.521
369.683
368.503
367.891
367.522
366.184
362.315
354.184
339.46
329.631
326.991
324.755
324.929
325.345
322.568
320.04
321.633
324.074
327.353
343.948
354.514
360.468
362.4
357.431
355.646
350.312
341.472
329.213
321.274
318.677
316.086
313.57
311.886
314.328
318.425
322.42
327.519
337.005
346.938
352.07
352.746
350.688
348.188
347.432
348.035
349.628
353.926
359.325
361.872
359.702
354.376
349.88
348.21
347.571
348.299
350.767
352.799
352.115
346.973
337.027
327.531
322.427
318.43
314.328
311.885
313.568
316.083
318.675
321.271
329.208
341.462
350.3
355.632
357.416
352.023
350.362
345.61
338.408
329.591
320.819
315.067
312.964
311.031
309.493
309.936
312.031
313.781
324.176
333.981
340.53
342.33
338.104
330.38
322.844
321.128
321.554
321.228
328.75
340.77
346.506
341.653
329.679
321.412
321.706
321.271
322.969
330.452
338.132
342.371
340.565
334.005
324.189
313.784
312.033
309.936
309.492
311.028
312.961
315.064
320.814
329.583
338.394
345.592
350.342
352.002
345.935
344.17
339.359
332.957
325.927
318.495
310.603
309.401
307.886
307.451
307.405
307.632
308.058
321.313
330.215
334.871
334.615
328.297
320.301
315.096
313.855
315.166
318.057
321.35
332.731
337.731
332.852
321.263
318.145
315.302
314.002
315.239
320.463
328.382
334.673
334.911
330.241
321.325
308.057
307.631
307.403
307.449
307.884
309.397
310.595
318.49
325.917
332.938
339.333
344.143
345.908
339.378
337.024
330.7
324.135
318.664
312.817
307.978
307.346
307.351
307.201
307.147
307.202
307.253
319.026
326.696
330.123
328.964
322.809
313.139
310.32
311.158
313.014
315.304
322.636
331.421
334.833
331.368
322.66
315.43
313.171
311.311
310.445
313.267
322.902
329.026
330.165
326.722
319.038
307.251
307.2
307.146
307.2
307.349
307.345
307.975
312.82
318.657
324.106
330.661
336.989
339.344
333.527
329.849
318.283
310.28
308.504
307.974
307.18
307.032
306.958
306.843
306.769
306.762
306.806
316.89
323.42
325.963
324.307
318.332
308.148
307.62
307.961
310.296
316.263
325.677
332.37
334.812
332.371
325.722
316.383
310.508
308.131
307.727
308.251
318.41
324.364
326.001
323.444
316.901
306.805
306.761
306.768
306.842
306.956
307.031
307.179
307.974
308.505
310.232
318.218
329.806
333.492
331.035
326.562
311.542
309.353
308.405
307.94
307.194
306.752
306.592
306.432
306.313
306.26
306.299
314.629
320.132
322
319.971
314.077
305.553
305.309
305.611
305.938
317.911
327.494
333.571
335.675
333.581
327.526
317.962
305.99
305.627
305.317
305.564
314.135
320.017
322.033
320.152
314.638
306.297
306.259
306.311
306.431
306.591
306.751
307.194
307.94
308.407
309.354
311.481
326.529
331.01
333.489
329.826
318.239
310.166
308.51
307.961
306.919
306.504
306.214
305.969
305.776
305.655
305.683
311.666
316.478
317.936
315.498
308.748
304.557
304.589
304.801
304.994
318.964
328.816
334.744
336.736
334.754
328.838
318.992
305.01
304.801
304.589
304.562
308.803
315.537
317.962
316.493
311.671
305.682
305.653
305.774
305.968
306.212
306.503
306.918
307.962
308.512
310.172
318.229
329.824
333.491
339.268
337.017
330.958
324.746
319.663
313.634
308.354
306.125
305.778
305.443
305.156
304.886
304.564
307.291
312.179
313.767
311.339
304.152
303.249
303.674
304.019
305.21
320.15
330.064
335.854
337.771
335.861
330.079
320.171
305.238
304
303.665
303.242
304.195
311.365
313.784
312.188
307.291
304.562
304.884
305.154
305.441
305.776
306.124
308.353
313.653
319.695
324.783
330.992
337.051
339.304
345.551
344.014
339.837
334.314
328.07
320.797
312.732
306.149
305.317
304.855
304.506
304.158
303.774
303.81
307.18
309.615
307.938
302.692
302.658
302.829
302.956
309.514
322.363
331.434
336.836
338.633
336.841
331.444
322.377
309.531
302.939
302.816
302.642
302.678
307.944
309.622
307.184
303.807
303.771
304.155
304.504
304.853
305.315
306.149
312.763
320.868
328.153
334.395
339.912
344.085
345.621
350.909
349.65
346.063
340.602
333.508
324.752
314.704
305.353
304.195
304.143
303.844
303.454
302.995
302.425
303.386
305.575
304.14
301.865
301.879
302.015
302.065
313.496
324.353
332.475
337.424
339.082
337.427
332.481
324.36
313.499
302.054
302.004
301.868
301.855
304.143
305.576
303.386
302.421
302.992
303.451
303.841
304.141
304.194
305.357
314.832
324.905
333.653
340.731
346.177
349.755
351.012
354.786
353.615
350.162
344.524
336.609
325.998
312.064
304.673
303.993
303.666
303.258
302.807
302.317
301.785
301.231
301.548
300.899
300.471
300.967
301.274
301.342
314.602
325.078
332.689
337.301
338.845
337.303
332.693
325.082
314.603
301.334
301.266
300.957
300.462
300.895
301.543
301.227
301.781
302.314
302.803
303.255
303.663
303.99
304.653
312.376
326.266
336.823
344.698
350.31
353.748
354.914
357.003
355.862
352.447
346.723
338.404
326.569
308.666
305.345
304.296
303.251
302.705
302.186
301.669
301.155
300.648
300.151
299.63
299.906
300.23
300.677
301.21
314.5
324.668
331.904
336.246
337.695
336.248
331.907
324.671
314.503
301.212
300.668
300.222
299.899
299.624
300.147
300.643
301.151
301.665
302.182
302.7
303.248
304.304
305.341
309.323
326.962
338.675
346.929
352.617
356.013
357.148
357.504
356.382
353.041
347.516
339.715
329.209
315.012
307.009
304.987
303.56
302.106
301.55
301.007
300.505
300.041
299.629
299.315
299.282
299.357
299.479
300.864
313.519
323.189
330.012
334.084
335.441
334.086
330.015
323.194
313.527
300.88
299.471
299.35
299.276
299.31
299.625
300.037
300.501
301.003
301.545
302.099
303.58
305.053
307.322
315.574
329.585
339.986
347.726
353.215
356.538
357.654
356.25
355.12
351.819
346.587
339.73
331.541
322.688
316.025
311.63
307.257
301.394
300.888
300.291
299.804
299.371
298.997
298.707
298.538
298.425
298.302
299.441
311.523
320.558
326.87
330.638
331.898
330.639
326.873
320.562
311.53
299.456
298.299
298.42
298.533
298.702
298.993
299.367
299.801
300.287
300.884
301.393
307.299
311.734
316.245
323
331.818
339.957
346.775
351.981
355.268
356.393
353.254
352.029
348.53
343.281
337.077
330.539
324.174
318.779
314.252
309.576
303.522
299.615
299.452
299.038
298.631
298.268
297.965
297.724
297.493
297.142
297.405
308.572
316.65
322.273
325.7
326.874
325.701
322.275
316.653
308.575
297.404
297.137
297.488
297.72
297.961
298.264
298.627
299.035
299.448
299.611
303.532
309.62
314.343
318.928
324.366
330.729
337.249
343.434
348.668
352.16
353.382
348.709
347.214
342.989
336.931
330.759
325.362
320.69
316.666
313.025
309.27
304.883
299.778
298.85
298.254
297.834
297.465
297.15
296.888
296.666
296.49
296.528
304.713
311.197
315.873
319.013
320.198
319.015
315.875
311.199
304.715
296.524
296.486
296.663
296.885
297.147
297.462
297.831
298.251
298.847
299.785
304.899
309.307
313.089
316.76
320.807
325.484
330.876
337.043
343.098
347.321
348.815
343.152
341.129
335.28
326.695
319.665
315.46
312.56
310.168
307.911
305.597
302.967
299.742
297.344
297.28
296.973
296.598
296.269
296.001
295.781
295.613
295.599
298.8
303.552
307.007
310.283
311.891
310.285
307.01
303.554
298.806
295.597
295.61
295.779
295.999
296.266
296.596
296.97
297.278
297.341
299.749
302.978
305.618
307.946
310.216
312.618
315.523
319.729
326.765
335.358
341.211
343.236
337.642
334.869
326.309
310.922
301.774
300.266
299.923
299.536
298.857
298.24
297.646
297.059
296.56
296.538
296.167
295.673
295.313
295.054
294.832
294.568
294.063
293.313
293.203
294.321
299.221
302.796
299.224
294.324
293.203
293.312
294.061
294.567
294.831
295.052
295.312
295.671
296.165
296.536
296.559
297.059
297.647
298.242
298.86
299.541
299.929
300.273
301.784
310.948
326.359
334.93
337.706
333.677
330.397
320.169
301.566
300.487
300.04
299.813
299.353
298.694
298.149
297.586
297.027
296.56
296.132
295.472
294.601
294.246
294.056
293.914
293.753
293.519
293.249
293.151
293.141
293.892
296.848
293.894
293.141
293.151
293.249
293.519
293.753
293.913
294.056
294.245
294.6
295.471
296.131
296.56
297.027
297.587
298.151
298.697
299.358
299.819
300.046
300.494
301.574
320.203
330.443
333.728
332.274
328.871
318.415
300.461
300.369
300.051
299.746
299.294
298.712
298.155
297.597
297.049
296.532
295.946
294.976
293
293
293
293
293
293
293
293
293
293
293
293
293
293
293
293
293
293
293
293
293
294.975
295.945
296.532
297.049
297.598
298.157
298.716
299.299
299.751
300.057
300.375
300.467
318.444
328.913
332.321
