332.358
328.946
318.467
300.473
300.381
300.062
299.756
299.303
298.719
298.16
297.6
297.05
296.532
295.945
294.975
293
293
293
293
293
293
293
293
293
293
293
293
293
293
293
293
293
293
293
293
293
294.977
295.948
296.534
297.051
297.599
298.157
298.715
299.297
299.749
300.054
300.372
300.464
318.421
328.878
332.282
333.769
330.481
320.23
301.581
300.5
300.051
299.824
299.362
298.701
298.154
297.589
297.028
296.56
296.131
295.471
294.6
294.245
294.055
293.913
293.753
293.519
293.249
293.151
293.141
293.881
296.838
293.885
293.141
293.151
293.249
293.52
293.754
293.914
294.057
294.247
294.602
295.474
296.134
296.563
297.029
297.588
298.151
298.697
299.356
299.816
300.043
300.49
301.569
320.176
330.405
333.686
337.756
334.978
326.398
310.97
301.792
300.279
299.934
299.546
298.864
298.245
297.649
297.06
296.559
296.536
296.165
295.671
295.311
295.052
294.83
294.567
294.062
293.313
293.203
294.304
299.201
302.78
299.208
294.312
293.203
293.313
294.063
294.569
294.834
295.055
295.315
295.675
296.169
296.54
296.562
297.061
297.648
298.242
298.859
299.539
299.926
300.269
301.778
310.927
326.318
334.879
337.652
343.301
341.275
335.42
326.822
319.783
315.576
312.668
310.256
307.972
305.631
302.979
299.736
297.342
297.277
296.97
296.595
296.265
295.998
295.778
295.61
295.596
298.789
303.541
306.991
310.265
311.874
310.27
306.999
303.551
298.806
295.601
295.615
295.783
296.003
296.271
296.601
296.976
297.283
297.347
299.747
302.972
305.603
307.919
310.176
312.569
315.47
319.674
326.705
335.292
341.142
343.165
348.896
347.403
343.183
337.133
330.973
325.587
320.907
316.839
313.138
309.328
304.9
299.768
298.846
298.249
297.829
297.461
297.146
296.884
296.662
296.487
296.524
304.7
311.181
315.854
318.994
320.179
318.999
315.863
311.194
304.716
296.53
296.492
296.669
296.891
297.153
297.469
297.837
298.257
298.855
299.783
304.889
309.279
313.037
316.68
320.707
325.378
330.774
336.947
343.005
347.23
348.725
353.478
352.259
348.775
343.555
337.39
330.891
324.533
319.057
314.412
309.644
303.529
299.612
299.446
299.033
298.625
298.262
297.959
297.718
297.487
297.139
297.398
308.556
316.63
322.25
325.676
326.852
325.682
322.262
316.647
308.577
297.412
297.144
297.496
297.728
297.969
298.272
298.635
299.042
299.456
299.62
303.526
309.588
314.271
318.801
324.198
330.562
337.099
343.302
348.55
352.05
353.274
356.499
355.378
352.105
346.922
340.141
332.053
323.279
316.443
311.808
307.307
301.379
300.879
300.283
299.798
299.365
298.99
298.699
298.53
298.417
298.292
299.419
311.499
320.532
326.841
330.608
331.87
330.615
326.856
320.555
311.533
299.472
298.31
298.432
298.543
298.712
299.002
299.376
299.809
300.295
300.892
301.394
307.275
311.657
316.056
322.723
331.572
339.757
346.612
351.843
355.144
356.273
357.761
356.65
353.344
347.886
340.201
329.899
316.088
307.634
305.071
303.571
302.097
301.541
300.998
300.497
300.034
299.621
299.306
299.273
299.347
299.469
300.838
313.49
323.156
329.975
334.045
335.403
334.054
329.992
323.183
313.53
300.899
299.486
299.365
299.289
299.321
299.634
300.046
300.51
301.011
301.554
302.11
303.582
305.028
307.051
315.068
329.247
339.746
347.544
353.068
356.409
357.531
357.246
356.115
352.736
347.078
338.876
327.256
309.805
305.294
304.286
303.237
302.694
302.176
301.66
301.146
300.639
300.143
299.62
299.895
300.217
300.663
301.19
314.468
324.627
331.856
336.195
337.645
336.204
331.875
324.655
314.504
301.232
300.69
300.24
299.915
299.638
300.156
300.653
301.16
301.674
302.19
302.709
303.255
304.312
305.353
308.715
326.604
338.434
346.752
352.476
355.892
357.034
354.992
353.83
350.405
344.815
336.97
326.445
312.556
304.647
303.979
303.654
303.248
302.797
302.308
301.776
301.223
301.532
300.881
300.457
300.95
301.256
301.323
314.566
325.028
332.628
337.233
338.778
337.244
332.649
325.058
314.601
301.354
301.287
300.979
300.481
300.904
301.546
301.236
301.79
302.323
302.812
303.264
303.673
304.001
304.695
312.092
326.024
336.635
344.552
350.194
353.649
354.82
351.061
349.808
346.239
340.807
333.743
324.997
314.893
305.325
304.187
304.133
303.833
303.444
302.986
302.416
303.376
305.56
304.12
301.845
301.859
301.995
302.045
313.452
324.291
332.395
337.331
338.988
337.344
332.42
324.326
313.496
302.08
302.029
301.893
301.879
304.148
305.577
303.386
302.43
303.001
303.46
303.85
304.15
304.206
305.332
314.706
324.765
333.529
340.629
346.097
349.689
350.95
345.636
344.102
339.937
334.432
328.197
320.908
312.776
306.118
305.306
304.845
304.496
304.148
303.765
303.801
307.169
309.601
307.922
302.669
302.635
302.806
302.933
309.471
322.289
331.33
336.709
338.5
336.724
331.359
322.332
309.527
302.972
302.846
302.674
302.708
307.954
309.625
307.181
303.815
303.78
304.164
304.512
304.861
305.321
306.125
312.715
320.802
328.086
334.34
339.876
344.061
345.601
339.28
337.028
330.973
324.785
319.706
313.661
308.35
306.116
305.768
305.433
305.146
304.876
304.553
307.277
312.166
313.755
311.329
304.147
303.225
303.649
303.99
305.175
320.064
329.926
335.675
337.58
335.693
329.962
320.115
305.24
304.037
303.696
303.269
304.186
311.366
313.786
312.189
307.295
304.567
304.891
305.161
305.448
305.783
306.13
308.354
313.641
319.674
324.767
331.006
337.077
339.332
333.427
329.757
318.15
310.151
308.506
307.956
306.911
306.495
306.204
305.96
305.766
305.645
305.674
311.649
316.465
317.925
315.491
308.747
304.534
304.564
304.776
304.971
318.867
328.634
334.486
336.45
334.505
328.681
318.928
305.031
304.833
304.619
304.588
308.793
315.537
317.966
316.497
311.673
305.688
305.66
305.781
305.974
306.219
306.509
306.923
307.966
308.514
310.164
318.31
329.91
333.574
330.917
326.424
311.33
309.356
308.4
307.934
307.187
306.743
306.583
306.423
306.303
306.25
306.289
314.614
320.118
321.989
319.963
314.075
305.528
305.284
305.586
305.922
317.813
327.257
333.185
335.23
333.196
327.329
317.899
306
305.654
305.346
305.592
314.138
320.025
322.043
320.16
314.643
306.304
306.265
306.318
306.438
306.597
306.757
307.199
307.944
308.408
309.354
311.697
326.68
331.144
333.392
329.697
318.079
310.151
308.498
307.968
307.172
307.022
306.948
306.834
306.76
306.753
306.797
316.876
323.406
325.95
324.298
318.328
308.15
307.624
307.983
310.323
316.206
325.397
331.767
334.089
331.721
325.539
316.374
310.494
308.11
307.727
308.251
318.424
324.383
326.02
323.458
316.909
306.812
306.768
306.775
306.849
306.963
307.037
307.185
307.978
308.509
310.39
318.446
329.972
333.641
339.256
336.898
330.568
324.034
318.609
312.791
307.965
307.339
307.342
307.192
307.138
307.192
307.243
319.012
326.68
330.107
328.95
322.804
313.135
310.326
311.166
313.014
315.282
322.425
330.396
333.638
330.06
322.785
315.544
313.222
311.323
310.448
313.244
322.937
329.063
330.195
326.743
319.05
307.258
307.207
307.153
307.207
307.356
307.353
307.978
312.826
318.693
324.21
330.802
337.124
339.475
345.835
344.07
339.265
332.881
325.877
318.466
310.582
309.388
307.876
307.441
307.395
307.623
308.049
321.298
330.196
334.848
334.59
328.281
320.342
315.096
313.856
315.153
318.019
321.298
331.357
336.008
330.389
322
318.368
315.395
314.018
315.239
320.401
328.476
334.739
334.954
330.267
321.34
308.065
307.638
307.41
307.456
307.891
309.401
310.592
318.503
325.955
333.01
339.43
344.246
346.013
351.943
350.284
345.539
338.35
329.552
320.797
315.052
312.951
311.019
309.482
309.925
312.019
313.769
324.16
333.959
340.498
342.281
338.011
330.317
322.827
321.11
321.515
321.157
328.471
339.709
344.649
338.376
327.486
321.341
321.712
321.273
322.989
330.571
338.317
342.461
340.615
334.033
324.203
313.792
312.04
309.942
309.498
311.034
312.967
315.07
320.827
329.613
338.446
345.661
350.42
352.082
357.368
355.585
350.258
341.429
329.186
321.257
318.662
316.072
313.558
311.875
314.318
318.413
322.408
327.504
336.982
346.905
352.024
352.684
350.628
348.13
347.353
347.904
349.391
353.459
358.425
360.505
357.935
353.026
349.329
347.971
347.465
348.27
350.808
352.877
352.174
347.011
337.048
327.544
322.438
318.439
314.335
311.892
313.574
316.09
318.682
321.28
329.227
341.499
350.35
355.689
357.476
362.36
360.429
354.479
343.92
327.336
324.059
321.619
320.027
322.553
325.328
324.91
324.731
326.969
329.608
339.409
354.115
362.226
366.072
367.383
367.715
368.269
369.357
371.046
373.548
376.027
377.011
375.838
373.355
370.979
369.38
368.344
367.823
367.514
366.21
362.346
354.208
339.471
329.645
327.004
324.768
324.941
325.353
322.574
320.047
321.641
324.083
327.364
343.974
354.55
360.51
362.444
367.214
365.292
359.308
348.437
330.591
326.725
325.77
329.742
335.578
338.292
337.912
334.413
331.296
336.698
349.709
363.919
372.693
377.997
381.115
383.078
384.652
386.209
387.887
389.662
391.124
391.673
391.049
389.579
387.851
386.226
384.708
383.163
381.217
378.104
372.792
364.004
349.779
336.751
331.336
334.451
337.945
338.32
335.603
329.766
325.793
326.75
330.618
348.481
359.365
365.357
367.281
371.911
370.217
365.025
355.929
341.901
333.71
337.059
343.339
347.726
350.348
351.394
351.506
352.644
357.52
365.898
375.16
382.629
388.109
392.002
394.832
397.05
398.941
400.629
402.091
403.134
403.508
403.106
402.06
400.621
398.964
397.1
394.902
392.086
388.197
382.714
375.237
365.964
357.574
352.689
351.546
351.429
350.379
347.753
343.365
337.084
333.736
341.931
355.969
365.073
370.271
371.967
375.996
374.639
370.646
364.352
356.863
352.137
352.248
354.829
357.638
359.981
361.809
363.574
366.253
370.839
377.204
384.195
390.553
395.807
399.954
403.196
405.775
407.877
409.597
410.937
411.814
412.119
411.808
410.935
409.609
407.909
405.826
403.261
400.028
395.885
390.629
384.265
377.267
370.892
366.299
363.615
361.845
360.013
357.667
354.856
352.275
352.165
356.895
364.389
370.689
374.686
376.044
378.797
377.698
374.568
369.97
365.063
361.726
360.968
362.09
364.016
366.13
368.287
370.729
373.955
378.378
383.885
389.862
395.582
400.612
404.809
408.223
410.978
413.193
414.945
416.248
417.065
417.346
417.071
416.263
414.973
413.236
411.033
408.288
404.881
400.684
395.653
389.927
383.945
378.43
374.001
370.769
368.322
366.162
364.045
362.118
360.995
361.755
365.094
370.005
374.607
377.739
378.839
379.794
378.788
375.957
371.898
367.691
364.738
363.806
364.548
366.204
368.236
370.478
373.101
376.462
380.831
386.099
391.784
397.302
402.248
406.449
409.91
412.719
414.974
416.743
418.043
418.851
419.131
418.866
418.071
416.785
415.028
412.782
409.979
406.521
402.319
397.371
391.847
386.156
380.881
376.506
373.139
370.512
368.267
366.232
364.575
363.832
364.766
367.721
371.931
375.993
378.826
379.833
378.803
377.704
374.573
369.975
365.066
361.729
360.97
362.092
364.018
366.132
368.29
370.733
373.961
378.384
383.894
389.873
395.596
400.628
404.83
408.25
411.013
413.241
415.009
416.331
417.166
417.461
417.189
416.373
415.067
413.309
411.086
408.326
404.906
400.701
395.664
389.935
383.95
378.433
374.002
370.77
368.322
366.161
364.044
362.117
360.994
361.754
365.093
370.005
374.607
377.74
378.84
376.009
374.652
370.657
364.361
356.87
352.142
352.253
354.833
357.642
359.986
361.815
363.582
366.263
370.852
377.222
384.216
390.579
395.839
399.993
403.246
405.842
407.968
409.723
411.104
412.022
412.359
412.057
411.165
409.8
408.054
405.93
403.332
400.075
395.915
390.649
384.278
377.275
370.898
366.301
363.615
361.844
360.011
357.665
354.854
352.273
352.163
356.894
364.389
370.69
374.687
376.046
371.932
370.236
365.042
355.942
341.91
333.718
337.065
343.344
347.731
350.354
351.402
351.517
352.657
357.539
365.924
375.192
382.667
388.155
392.057
394.899
397.14
399.068
400.809
402.34
403.46
403.895
403.513
402.43
400.915
399.177
397.246
394.998
392.147
388.235
382.738
375.253
365.976
357.581
352.691
351.545
351.427
350.376
347.75
343.361
337.081
333.732
341.928
355.969
365.075
370.274
371.97
367.244
365.321
359.333
348.455
330.6
326.733
325.777
329.748
335.584
338.299
337.921
334.426
331.311
336.724
349.745
363.96
372.742
378.056
381.181
383.154
384.751
386.354
388.105
389.989
391.582
392.248
391.671
390.128
388.253
386.493
384.879
383.268
381.28
378.141
372.815
364.02
349.796
336.761
331.335
334.449
337.941
338.316
335.599
329.761
325.788
326.745
330.614
348.482
359.369
365.362
367.287
362.402
360.47
354.514
343.945
327.346
324.067
321.625
320.033
322.559
325.335
324.919
324.743
326.98
329.62
339.438
354.159
362.287
366.147
367.456
367.785
368.356
369.491
371.27
373.926
376.632
377.844
376.795
374.157
371.474
369.666
368.507
367.915
367.563
366.235
362.36
354.218
339.478
329.642
327.001
324.765
324.937
325.348
322.569
320.042
321.635
324.078
327.361
343.976
354.556
360.518
362.454
357.427
355.641
350.307
341.465
329.205
321.264
318.668
316.077
313.562
311.88
314.324
318.422
322.418
327.519
337.01
346.953
352.099
352.789
350.71
348.174
347.397
347.984
349.556
353.815
359.178
361.7
359.506
354.233
349.821
348.188
347.57
348.321
350.823
352.875
352.173
347.012
337.049
327.542
322.435
318.436
314.332
311.887
313.568
316.084
318.676
321.274
329.226
341.505
350.361
355.702
357.49
352.022
350.362
345.609
338.404
329.584
320.809
315.057
312.954
311.022
309.487
309.93
312.026
313.777
324.175
333.986
340.545
342.367
338.201
330.423
322.807
321.075
321.492
321.156
328.6
340.563
346.274
341.297
329.449
321.39
321.694
321.264
322.977
330.537
338.271
342.445
340.608
334.03
324.2
313.789
312.037
309.938
309.493
311.028
312.96
315.063
320.823
329.617
338.458
345.679
350.44
352.103
345.938
344.174
339.363
332.959
325.921
318.483
310.581
309.39
307.88
307.445
307.399
307.627
308.053
321.31
330.215
334.875
334.622
328.292
320.19
315.035
313.795
315.102
317.994
321.299
332.575
337.537
332.6
321.318
318.151
315.296
313.989
315.226
320.423
328.462
334.727
334.947
330.263
321.336
308.06
307.633
307.405
307.451
307.884
309.393
310.579
318.502
325.964
333.03
339.458
344.276
346.043
339.384
337.032
330.712
324.146
318.659
312.808
307.967
307.342
307.345
307.196
307.142
307.196
307.247
319.02
326.691
330.118
328.953
322.782
313.086
310.268
311.098
312.949
315.24
322.569
331.308
334.699
331.228
322.654
315.425
313.159
311.296
310.43
313.235
322.928
329.055
330.189
326.738
319.046
307.253
307.202
307.147
307.201
307.351
307.347
307.969
312.83
318.707
324.239
330.845
337.165
339.514
333.534
329.858
318.308
310.309
308.499
307.968
307.175
307.026
306.952
306.838
306.764
306.757
306.801
316.881
323.411
325.951
324.29
318.304
308.105
307.576
307.9
310.223
316.198
325.609
332.287
334.722
332.291
325.688
316.365
310.489
308.114
307.715
308.238
318.416
324.377
326.015
323.454
316.906
306.806
306.763
306.77
306.843
306.957
307.032
307.178
307.969
308.5
310.428
318.523
330.023
333.684
331.035
326.561
311.539
309.348
308.399
307.934
307.188
306.746
306.586
306.427
306.307
306.255
306.293
314.619
320.121
321.986
319.952
314.053
305.535
305.292
305.59
305.908
317.865
327.439
333.509
335.612
333.527
327.492
317.943
305.983
305.623
305.315
305.561
314.133
320.021
322.039
320.158
314.642
306.299
306.26
306.313
306.432
306.591
306.751
307.192
307.935
308.399
309.338
311.788
326.724
331.175
333.483
329.816
318.209
310.125
308.504
307.956
306.913
306.498
306.208
305.964
305.771
305.649
305.678
311.654
316.466
317.921
315.479
308.721
304.542
304.575
304.787
304.975
318.929
328.774
334.698
336.69
334.714
328.809
318.975
305.006
304.8
304.588
304.56
308.795
315.535
317.963
316.496
311.673
305.684
305.655
305.776
305.969
306.213
306.503
306.917
307.956
308.504
310.169
318.34
329.913
333.569
339.266
337.012
330.947
324.731
319.655
313.627
308.344
306.119
305.772
305.437
305.151
304.881
304.559
307.283
312.169
313.754
311.322
304.127
303.239
303.665
304.012
305.18
320.118
330.029
335.817
337.736
335.831
330.056
320.156
305.23
304.002
303.665
303.242
304.186
311.361
313.783
312.188
307.293
304.563
304.887
305.157
305.443
305.777
306.124
308.33
313.589
319.608
324.706
330.954
337.022
339.275
345.557
344.019
339.841
334.316
328.074
320.795
312.71
306.103
305.31
304.85
304.501
304.154
303.77
303.806
307.174
309.605
307.926
302.687
302.653
302.823
302.951
309.488
322.336
331.406
336.807
338.605
336.817
331.426
322.364
309.525
302.942
302.817
302.645
302.68
307.942
309.62
307.182
303.811
303.775
304.159
304.508
304.857
305.316
306.095
312.624
320.669
327.944
334.206
339.754
343.945
345.487
350.925
349.667
346.08
340.621
333.528
324.767
314.699
305.307
304.194
304.139
303.839
303.45
302.992
302.421
303.382
305.564
304.124
301.86
301.874
302.009
302.059
313.477
324.331
332.452
337.401
339.06
337.408
332.466
324.35
313.495
302.056
302.006
301.87
301.856
304.139
305.573
303.385
302.425
302.997
303.456
303.846
304.148
304.205
305.294
314.502
324.519
333.294
340.42
345.911
349.517
350.783
354.811
353.642
350.192
344.559
336.652
326.047
312.103
304.686
303.987
303.66
303.254
302.803
302.314
301.782
301.228
301.538
300.888
300.468
300.963
301.268
301.335
314.588
325.061
332.671
337.282
338.828
337.288
332.681
325.074
314.599
301.335
301.267
300.959
300.464
300.893
301.54
301.231
301.785
302.318
302.808
303.261
303.672
304.002
304.698
311.657
325.612
336.293
344.27
349.952
353.43
354.609
357.036
355.896
352.487
346.773
338.472
326.668
308.824
305.305
304.283
303.242
302.7
302.182
301.666
301.152
300.645
300.149
299.628
299.904
300.228
300.676
301.201
314.487
324.653
331.888
336.23
337.68
336.235
331.897
324.665
314.501
301.214
300.671
300.224
299.901
299.626
300.149
300.647
301.154
301.669
302.186
302.707
303.257
304.314
305.401
307.705
325.98
337.996
346.415
352.197
355.643
356.794
357.541
356.421
353.086
347.574
339.794
329.331
315.228
307.152
304.99
303.553
302.106
301.548
301.005
300.503
300.04
299.627
299.314
299.281
299.356
299.478
300.849
313.505
323.176
329.998
334.071
335.428
334.075
330.006
323.188
313.525
300.882
299.473
299.352
299.278
299.312
299.627
300.04
300.504
301.006
301.548
302.104
303.566
304.951
306.452
314.084
328.613
339.294
347.196
352.778
356.15
357.282
356.287
355.159
351.864
346.641
339.8
331.634
322.803
316.109
311.654
307.245
301.378
300.885
300.289
299.803
299.37
298.996
298.706
298.536
298.424
298.299
299.428
311.511
320.546
326.858
330.626
331.887
330.63
326.866
320.558
311.528
299.457
298.3
298.422
298.534
298.704
298.995
299.37
299.803
300.29
300.886
301.382
307.213
311.483
315.658
322.174
331.098
339.373
346.296
351.571
354.896
356.033
353.289
352.065
348.569
343.326
337.131
330.602
324.241
318.831
314.276
309.577
303.514
299.618
299.452
299.038
298.63
298.267
297.964
297.723
297.492
297.143
297.403
308.565
316.641
322.263
325.689
326.864
325.692
322.268
316.648
308.573
297.405
297.138
297.489
297.721
297.963
298.266
298.629
299.037
299.451
299.615
303.502
309.51
314.113
318.536
323.86
330.232
336.804
343.042
348.315
351.83
353.059
348.738
347.244
343.02
336.965
330.796
325.402
320.73
316.696
313.042
309.274
304.878
299.765
298.85
298.253
297.833
297.465
297.149
296.888
296.666
296.49
296.528
304.706
311.189
315.863
319.002
320.188
319.005
315.867
311.195
304.713
296.525
296.487
296.664
296.886
297.148
297.464
297.832
298.252
298.849
299.775
304.859
309.214
312.924
316.512
320.5
325.165
330.57
336.753
342.819
347.048
348.544
343.176
341.153
335.303
326.716
319.685
315.481
312.579
310.183
307.921
305.6
302.964
299.731
297.345
297.28
296.973
296.598
296.268
296.001
295.781
295.613
295.598
298.793
303.545
306.997
310.271
311.879
310.274
307.001
303.55
298.802
295.597
295.611
295.779
295.999
296.267
296.596
296.971
297.279
297.343
299.742
302.951
305.563
307.856
310.088
312.464
315.357
319.559
326.582
335.158
341
343.021
337.66
334.887
326.324
310.93
301.777
300.269
299.925
299.538
298.858
298.241
297.647
297.059
296.56
296.538
296.167
295.673
295.313
295.054
294.832
294.568
294.063
293.313
293.203
294.307
299.206
302.784
299.211
294.313
293.203
293.312
294.062
294.567
294.831
295.053
295.312
295.672
296.165
296.536
296.557
297.054
297.64
298.232
298.847
299.524
299.91
300.253
301.756
310.877
326.23
334.773
337.541
333.692
330.41
320.179
301.569
300.49
300.042
299.815
299.355
298.695
298.15
297.586
297.028
296.561
296.132
295.472
294.601
294.246
294.056
293.914
293.753
293.519
293.249
293.151
293.141
293.883
296.84
293.886
293.141
293.151
293.249
293.519
293.753
293.913
294.056
294.245
294.6
295.47
296.13
296.558
297.023
297.58
298.142
298.685
299.342
299.801
300.027
300.473
301.549
320.115
330.321
333.595
332.288
328.883
318.424
300.463
300.371
300.053
299.748
299.296
298.714
298.156
297.598
297.049
296.532
295.946
294.976
293
293
293
293
293
293
293
293
293
293
293
293
293
293
293
293
293
293
293
293
293
294.974
295.944
296.529
297.045
297.591
298.148
298.704
299.284
299.734
300.038
300.356
300.447
318.367
328.802
332.199
