331.92
328.894
319.656
313.704
310.283
307.753
305.784
303.739
302.025
300.467
299.042
297.666
296.448
295.843
294.899
293
293
293
293
293
293
293
293
293
293
293
293
293
293
293
293
293
293
293
293
293
294.899
295.843
296.448
297.666
299.042
300.467
302.025
303.739
305.784
307.753
310.283
313.704
319.656
328.894
331.92
332.945
330.004
320.977
315.021
311.61
308.503
306.058
303.818
302.069
300.503
299.039
297.613
296.368
296.007
295.37
294.523
294.177
293.999
293.875
293.752
293.591
293.387
293.2
293.161
293.317
294.887
293.317
293.161
293.2
293.387
293.591
293.752
293.875
293.999
294.177
294.523
295.37
296.007
296.368
297.613
299.039
300.503
302.069
303.818
306.058
308.503
311.61
315.021
320.977
330.004
332.945
335.852
333.22
325.077
318.727
314.726
310.712
307.785
305.146
302.856
300.982
299.312
297.573
296.488
296.435
296.038
295.533
295.175
294.932
294.738
294.528
294.214
293.743
293.241
293.427
297.605
300.679
297.605
293.427
293.241
293.743
294.214
294.528
294.738
294.932
295.175
295.533
296.038
296.435
296.488
297.573
299.312
300.982
302.856
305.146
307.785
310.712
314.726
318.727
325.077
333.22
335.852
340.023
337.984
331.805
325.406
322.177
320.019
317.32
314.023
310.455
306.705
302.688
298.387
297.588
297.219
296.803
296.382
296.045
295.802
295.605
295.395
295.102
295.219
300.157
303.957
307.215
308.737
307.215
303.957
300.157
295.219
295.102
295.395
295.605
295.802
296.045
296.382
296.803
297.219
297.588
298.387
302.688
306.705
310.455
314.023
317.32
320.019
322.177
325.406
331.805
337.984
340.023
344.273
342.905
339.167
334.691
330.86
327.343
323.53
319.175
314.242
308.702
302.574
298.796
298.547
298.027
297.559
297.137
296.81
296.614
296.473
296.333
296.145
297.128
305.429
311.031
314.56
315.839
314.56
311.031
305.429
297.128
296.145
296.333
296.473
296.614
296.81
297.137
297.559
298.027
298.547
298.796
302.574
308.702
314.242
319.175
323.53
327.343
330.86
334.691
339.167
342.905
344.273
347.261
346.195
343.289
339.386
335.245
330.965
326.28
320.907
314.634
307.291
300.851
299.912
299.317
298.771
298.257
297.783
297.432
297.357
297.329
297.307
297.319
299.952
309.542
316.177
320.154
321.499
320.154
316.177
309.542
299.952
297.319
297.307
297.329
297.357
297.432
297.783
298.257
298.771
299.317
299.912
300.851
307.291
314.634
320.907
326.28
330.965
335.245
339.386
343.289
346.195
347.261
348.379
347.324
344.409
340.316
335.771
330.993
325.717
319.538
312.098
304.185
301.064
300.585
300.028
299.468
298.905
298.308
297.834
298.04
298.169
298.233
298.283
302.238
312.614
319.98
324.382
325.85
324.382
319.98
312.614
302.238
298.283
298.233
298.169
298.04
297.834
298.308
298.905
299.468
300.028
300.585
301.064
304.185
312.098
319.538
325.717
330.993
335.771
340.316
344.409
347.324
348.379
347.608
346.314
342.708
337.699
332.531
327.516
322.059
315.429
307.169
302.293
301.867
301.3
300.729
300.157
299.593
298.681
298.743
298.901
299.06
299.161
299.223
303.329
314.698
322.747
327.543
329.137
327.543
322.747
314.698
303.329
299.223
299.161
299.06
298.901
298.743
298.681
299.593
300.157
300.729
301.3
301.867
302.293
307.169
315.429
322.059
327.516
332.531
337.699
342.708
346.314
347.608
345.425
343.615
338.409
331.242
325.143
320.484
315.573
309.089
303.826
303.212
302.597
302.007
301.418
300.832
300.944
301.07
299.848
299.816
299.998
300.116
300.187
303.751
316.102
324.768
329.907
331.611
329.907
324.768
316.102
303.751
300.187
300.116
299.998
299.816
299.848
301.07
300.944
300.832
301.418
302.007
302.597
303.212
303.826
309.089
315.573
320.484
325.143
331.242
338.409
343.615
345.425
342.862
340.314
332.319
323.749
318.44
313.854
309.258
305.6
304.38
303.86
303.291
302.699
302.093
302.383
304.466
304.579
300.986
300.793
300.987
301.104
301.18
304.135
317.195
326.314
331.707
333.493
331.707
326.314
317.195
304.135
301.18
301.104
300.987
300.793
300.986
304.579
304.466
302.383
302.093
302.699
303.291
303.86
304.38
305.6
309.258
313.854
318.44
323.749
332.319
340.314
342.862
341.393
338.485
329.027
321.529
317.143
312.671
308.429
305.595
305.04
304.547
303.993
303.394
303.506
306.613
309.171
307.946
302.753
301.944
302.042
302.122
302.192
304.83
318.231
327.585
333.116
334.946
333.116
327.585
318.231
304.83
302.192
302.122
302.042
301.944
302.753
307.946
309.171
306.613
303.506
303.394
303.993
304.547
305.04
305.595
308.429
312.671
317.143
321.529
329.027
338.485
341.393
341.74
339.245
331.57
323.449
317.548
312.133
307.615
306.038
305.708
305.282
304.729
304.623
308.104
312.499
313.662
311.298
305.173
303.109
303.101
303.139
303.2
305.943
319.319
328.68
334.224
336.061
334.224
328.68
319.319
305.943
303.2
303.139
303.101
303.109
305.173
311.298
313.662
312.499
308.104
304.623
304.729
305.282
305.708
306.038
307.615
312.133
317.548
323.449
331.57
339.245
341.74
343.075
341.209
335.896
328.637
321.069
313.29
307.355
306.852
306.585
306.13
305.862
308.842
314.509
317.63
317.679
314.41
307.659
304.137
304.101
304.121
304.176
307.398
320.426
329.591
335.04
336.848
335.04
329.591
320.426
307.398
304.176
304.121
304.101
304.137
307.659
314.41
317.679
317.63
314.509
308.842
305.862
306.13
306.585
306.852
307.355
313.29
321.069
328.637
335.896
341.209
343.075
344.143
342.619
338.278
331.836
324.021
314.982
308.122
307.929
307.558
307.15
307.824
314.395
319.595
321.834
321.012
317.005
309.701
305.079
305.035
305.053
305.108
308.966
321.399
330.218
335.496
337.254
335.496
330.218
321.399
308.966
305.108
305.053
305.035
305.079
309.701
317.005
321.012
321.834
319.595
314.395
307.824
307.15
307.558
307.929
308.122
314.982
324.021
331.836
338.278
342.619
344.143
344.259
342.846
338.759
332.408
324.213
314.209
309.094
308.953
308.61
308.547
311.872
319.221
323.644
325.098
323.532
318.896
311.131
305.984
305.922
305.937
306.007
310.321
321.989
330.389
335.471
337.174
335.471
330.389
321.989
310.321
306.007
305.937
305.922
305.984
311.131
318.896
323.532
325.098
323.644
319.221
311.872
308.547
308.61
308.953
309.094
314.209
324.213
332.408
338.759
342.846
344.259
343.201
341.747
337.505
330.825
322.219
312.328
310.318
310.012
309.617
309.875
316.458
322.997
326.662
327.381
325.123
319.916
311.823
307.029
306.943
306.956
307.047
311.045
321.85
329.876
334.827
336.5
334.827
329.876
321.85
311.045
307.047
306.956
306.943
307.029
311.823
319.916
325.123
327.381
326.662
322.997
316.458
309.875
309.617
310.012
310.318
312.328
322.219
330.825
337.505
341.747
343.201
341.05
339.435
334.69
327.168
317.926
311.977
311.531
311.136
310.963
312.145
319.933
325.647
328.627
328.641
325.662
319.824
311.364
308.139
308.028
308.045
308.185
310.593
320.495
328.438
333.46
335.173
333.46
328.438
320.495
310.593
308.185
308.045
308.028
308.139
311.364
319.824
325.662
328.641
328.627
325.647
319.933
312.145
310.963
311.136
311.531
311.977
317.926
327.168
334.69
339.435
341.05
338.131
336.252
330.653
321.366
314.075
312.573
312.245
312.033
312.092
313.788
321.59
327.03
329.557
328.896
325.059
318.36
310.242
309.003
308.762
308.753
309.012
309.766
317.207
325.923
331.402
333.272
331.402
325.923
317.207
309.766
309.012
308.753
308.762
309.003
310.242
318.36
325.059
328.896
329.557
327.03
321.59
313.788
312.092
312.033
312.245
312.573
314.075
321.366
330.653
336.252
338.131
334.969
332.788
326.309
316.436
313.572
313.014
312.71
312.64
312.978
314.052
321.617
327.328
329.674
328.326
323.32
315.1
310.127
309.647
309.296
309.269
309.592
310.125
313.399
322.644
328.953
331.111
328.953
322.644
313.399
310.125
309.592
309.269
309.296
309.647
310.127
315.1
323.32
328.326
329.674
327.328
321.617
314.052
312.978
312.64
312.71
313.014
313.572
316.436
326.309
332.788
334.969
332.169
329.625
321.953
314.608
314.085
313.56
313.209
313.248
313.726
314.166
320.039
326.989
329.486
327.415
320.819
312.117
310.945
310.323
309.859
309.807
310.212
310.769
311.349
318.82
326.656
329.266
326.656
318.82
311.349
310.769
310.212
309.807
309.859
310.323
310.945
312.117
320.819
327.415
329.486
326.989
320.039
314.166
313.726
313.248
313.209
313.56
314.085
314.608
321.953
329.625
332.169
330.456
327.591
318.87
315.25
314.8
314.198
313.781
313.991
314.663
315.356
318.468
327.106
329.865
327.03
318.434
312.259
311.685
311.07
310.457
310.329
310.939
311.555
312.135
316.163
325.586
328.642
325.586
316.163
312.135
311.555
310.939
310.329
310.457
311.07
311.685
312.259
318.434
327.03
329.865
327.106
318.468
315.356
314.663
313.991
313.781
314.198
314.8
315.25
318.87
327.591
330.456
330.472
327.466
318.182
316.279
315.575
314.838
314.804
315.058
315.449
316.866
319.984
329.185
331.839
328.436
318.08
313.743
312.407
311.806
312.754
312.795
311.892
312.255
313.435
316.865
326.964
330.129
326.964
316.865
313.435
312.255
311.892
312.795
312.754
311.806
312.407
313.743
318.08
328.436
331.839
329.185
319.984
316.866
315.449
315.058
314.804
314.838
315.575
316.279
318.182
327.466
330.472
332.499
329.812
321.467
318.063
317.289
320.15
323.36
324.006
322.325
321.511
326.993
333.977
335.87
332.879
324.423
317.283
315.827
318.964
322.037
322.173
319.346
316.176
317.004
323.487
331.427
333.949
331.427
323.487
317.004
316.176
319.346
322.173
322.037
318.964
315.827
317.283
324.423
332.879
335.87
333.977
326.993
321.511
322.325
324.006
323.36
320.15
317.289
318.063
321.467
329.812
332.499
335.902
334.04
328.501
324.634
325.873
329.226
331.63
332.801
333.132
334.013
336.844
339.934
340.784
338.86
334.611
330.673
329.194
329.887
330.888
330.927
329.964
329.153
330.241
333.655
337.393
338.81
337.393
333.655
330.241
329.153
329.964
330.927
330.888
329.887
329.194
330.673
334.611
338.86
340.784
339.934
336.844
334.013
333.132
332.801
331.63
329.226
325.873
324.634
328.501
334.04
335.902
339.028
337.983
335.404
333.515
333.79
335.429
337.136
338.435
339.445
340.696
342.508
344.131
344.474
343.167
340.64
338.154
336.768
336.523
336.699
336.685
336.443
336.513
337.57
339.624
341.681
342.507
341.681
339.624
337.57
336.513
336.443
336.685
336.699
336.523
336.768
338.154
340.64
343.167
344.474
344.131
342.508
340.696
339.445
338.435
337.136
335.429
333.79
333.515
335.404
337.983
339.028
340.244
339.46
337.63
336.252
336.349
337.564
339.048
340.359
341.516
342.817
344.36
345.609
345.812
344.693
342.627
340.534
339.202
338.737
338.702
338.67
338.61
338.885
339.903
341.588
343.201
343.854
343.201
341.588
339.903
338.885
338.61
338.67
338.702
338.737
339.202
340.534
342.627
344.693
345.812
345.609
344.36
342.817
341.516
340.359
339.048
337.564
336.349
336.252
337.63
339.46
340.244
339.028
337.983
335.404
333.515
333.79
335.429
337.136
338.435
339.445
340.696
342.508
344.131
344.474
343.167
340.64
338.154
336.768
336.523
336.699
336.685
336.443
336.513
337.57
339.624
341.681
342.507
341.681
339.624
337.57
336.513
336.443
336.685
336.699
336.523
336.768
338.154
340.64
343.167
344.474
344.131
342.508
340.696
339.445
338.435
337.136
335.429
333.79
333.515
335.404
337.983
339.028
335.902
334.04
328.501
324.634
325.873
329.226
331.63
332.801
333.132
334.013
336.844
339.934
340.784
338.86
334.611
330.673
329.194
329.887
330.888
330.927
329.964
329.153
330.241
333.655
337.393
338.81
337.393
333.655
330.241
329.153
329.964
330.927
330.888
329.887
329.194
330.673
334.611
338.86
340.784
339.934
336.844
334.013
333.132
332.801
331.63
329.226
325.873
324.634
328.501
334.04
335.902
332.499
329.812
321.467
318.063
317.289
320.15
323.36
324.006
322.325
321.511
326.993
333.977
335.87
332.879
324.423
317.283
315.827
318.964
322.037
322.173
319.346
316.176
317.004
323.487
331.427
333.949
331.427
323.487
317.004
316.176
319.346
322.173
322.037
318.964
315.827
317.283
324.423
332.879
335.87
333.977
326.993
321.511
322.325
324.006
323.36
320.15
317.289
318.063
321.467
329.812
332.499
330.472
327.466
318.182
316.279
315.575
314.838
314.804
315.058
315.449
316.866
319.984
329.185
331.839
328.436
318.08
313.743
312.407
311.806
312.754
312.795
311.892
312.255
313.435
316.865
326.964
330.129
326.964
316.865
313.435
312.255
311.892
312.795
312.754
311.806
312.407
313.743
318.08
328.436
331.839
329.185
319.984
316.866
315.449
315.058
314.804
314.838
315.575
316.279
318.182
327.466
330.472
330.456
327.591
318.87
315.25
314.8
314.198
313.781
313.991
314.663
315.356
318.468
327.106
329.865
327.03
318.434
312.259
311.685
311.07
310.457
310.329
310.939
311.555
312.135
316.163
325.586
328.642
325.586
316.163
312.135
311.555
310.939
310.329
310.457
311.07
311.685
312.259
318.434
327.03
329.865
327.106
318.468
315.356
314.663
313.991
313.781
314.198
314.8
315.25
318.87
327.591
330.456
332.169
329.625
321.953
314.608
314.085
313.56
313.209
313.248
313.726
314.166
320.039
326.989
329.486
327.415
320.819
312.117
310.945
310.323
309.859
309.807
310.212
310.769
311.349
318.82
326.656
329.266
326.656
318.82
311.349
310.769
310.212
309.807
309.859
310.323
310.945
312.117
320.819
327.415
329.486
326.989
320.039
314.166
313.726
313.248
313.209
313.56
314.085
314.608
321.953
329.625
332.169
334.969
332.788
326.309
316.436
313.572
313.014
312.71
312.64
312.978
314.052
321.617
327.328
329.674
328.326
323.32
315.1
310.127
309.647
309.296
309.269
309.592
310.125
313.399
322.644
328.953
331.111
328.953
322.644
313.399
310.125
309.592
309.269
309.296
309.647
310.127
315.1
323.32
328.326
329.674
327.328
321.617
314.052
312.978
312.64
312.71
313.014
313.572
316.436
326.309
332.788
334.969
338.131
336.252
330.653
321.366
314.075
312.573
312.245
312.033
312.092
313.788
321.59
327.03
329.557
328.896
325.059
318.36
310.242
309.003
308.762
308.753
309.012
309.766
317.207
325.923
331.402
333.272
331.402
325.923
317.207
309.766
309.012
308.753
308.762
309.003
310.242
318.36
325.059
328.896
329.557
327.03
321.59
313.788
312.092
312.033
312.245
312.573
314.075
321.366
330.653
336.252
338.131
341.05
339.435
334.69
327.168
317.926
311.977
311.531
311.136
310.963
312.145
319.933
325.647
328.627
328.641
325.662
319.824
311.364
308.139
308.028
308.045
308.185
310.593
320.495
328.438
333.46
335.173
333.46
328.438
320.495
310.593
308.185
308.045
308.028
308.139
311.364
319.824
325.662
328.641
328.627
325.647
319.933
312.145
310.963
311.136
311.531
311.977
317.926
327.168
334.69
339.435
341.05
343.201
341.747
337.505
330.825
322.219
312.328
310.318
310.012
309.617
309.875
316.458
322.997
326.662
327.381
325.123
319.916
311.823
307.029
306.943
306.956
307.047
311.045
321.85
329.876
334.827
336.5
334.827
329.876
321.85
311.045
307.047
306.956
306.943
307.029
311.823
319.916
325.123
327.381
326.662
322.997
316.458
309.875
309.617
310.012
310.318
312.328
322.219
330.825
337.505
341.747
343.201
344.259
342.846
338.759
332.408
324.213
314.209
309.094
308.953
308.61
308.547
311.872
319.221
323.644
325.098
323.532
318.896
311.131
305.984
305.922
305.937
306.007
310.321
321.989
330.389
335.471
337.174
335.471
330.389
321.989
310.321
306.007
305.937
305.922
305.984
311.131
318.896
323.532
325.098
323.644
319.221
311.872
308.547
308.61
308.953
309.094
314.209
324.213
332.408
338.759
342.846
344.259
344.143
342.619
338.278
331.836
324.021
314.982
308.122
307.929
307.558
307.15
307.824
314.395
319.595
321.834
321.012
317.005
309.701
305.079
305.035
305.053
305.108
308.966
321.399
330.218
335.496
337.254
335.496
330.218
321.399
308.966
305.108
305.053
305.035
305.079
309.701
317.005
321.012
321.834
319.595
314.395
307.824
307.15
307.558
307.929
308.122
314.982
324.021
331.836
338.278
342.619
344.143
343.075
341.209
335.896
328.637
321.069
313.29
307.355
306.852
306.585
306.13
305.862
308.842
314.509
317.63
317.679
314.41
307.659
304.137
304.101
304.121
304.176
307.398
320.426
329.591
335.04
336.848
335.04
329.591
320.426
307.398
304.176
304.121
304.101
304.137
307.659
314.41
317.679
317.63
314.509
308.842
305.862
306.13
306.585
306.852
307.355
313.29
321.069
328.637
335.896
341.209
343.075
341.74
339.245
331.57
323.449
317.548
312.133
307.615
306.038
305.708
305.282
304.729
304.623
308.104
312.499
313.662
311.298
305.173
303.109
303.101
303.139
303.2
305.943
319.319
328.68
334.224
336.061
334.224
328.68
319.319
305.943
303.2
303.139
303.101
303.109
305.173
311.298
313.662
312.499
308.104
304.623
304.729
305.282
305.708
306.038
307.615
312.133
317.548
323.449
331.57
339.245
341.74
341.393
338.485
329.027
321.529
317.143
312.671
308.429
305.595
305.04
304.547
303.993
303.394
303.506
306.613
309.171
307.946
302.753
301.944
302.042
302.122
302.192
304.83
318.231
327.585
333.116
334.946
333.116
327.585
318.231
304.83
302.192
302.122
302.042
301.944
302.753
307.946
309.171
306.613
303.506
303.394
303.993
304.547
305.04
305.595
308.429
312.671
317.143
321.529
329.027
338.485
341.393
342.862
340.314
332.319
323.749
318.44
313.854
309.258
305.6
304.38
303.86
303.291
302.699
302.093
302.383
304.466
304.579
300.986
300.793
300.987
301.104
301.18
304.135
317.195
326.314
331.707
333.493
331.707
326.314
317.195
304.135
301.18
301.104
300.987
300.793
300.986
304.579
304.466
302.383
302.093
302.699
303.291
303.86
304.38
305.6
309.258
313.854
318.44
323.749
332.319
340.314
342.862
345.425
343.615
338.409
331.242
325.143
320.484
315.573
309.089
303.826
303.212
302.597
302.007
301.418
300.832
300.944
301.07
299.848
299.816
299.998
300.116
300.187
303.751
316.102
324.768
329.907
331.611
329.907
324.768
316.102
303.751
300.187
300.116
299.998
299.816
299.848
301.07
300.944
300.832
301.418
302.007
302.597
303.212
303.826
309.089
315.573
320.484
325.143
331.242
338.409
343.615
345.425
347.608
346.314
342.708
337.699
332.531
327.516
322.059
315.429
307.169
302.293
301.867
301.3
300.729
300.157
299.593
298.681
298.743
298.901
299.06
299.161
299.223
303.329
314.698
322.747
327.543
329.137
327.543
322.747
314.698
303.329
299.223
299.161
299.06
298.901
298.743
298.681
299.593
300.157
300.729
301.3
301.867
302.293
307.169
315.429
322.059
327.516
332.531
337.699
342.708
346.314
347.608
348.379
347.324
344.409
340.316
335.771
330.993
325.717
319.538
312.098
304.185
301.064
300.585
300.028
299.468
298.905
298.308
297.834
298.04
298.169
298.233
298.283
302.238
312.614
319.98
324.382
325.85
324.382
319.98
312.614
302.238
298.283
298.233
298.169
298.04
297.834
298.308
298.905
299.468
300.028
300.585
301.064
304.185
312.098
319.538
325.717
330.993
335.771
340.316
344.409
347.324
348.379
347.261
346.195
343.289
339.386
335.245
330.965
326.28
320.907
314.634
307.291
300.851
299.912
299.317
298.771
298.257
297.783
297.432
297.357
297.329
297.307
297.319
299.952
309.542
316.177
320.154
321.499
320.154
316.177
309.542
299.952
297.319
297.307
297.329
297.357
297.432
297.783
298.257
298.771
299.317
299.912
300.851
307.291
314.634
320.907
326.28
330.965
335.245
339.386
343.289
346.195
347.261
344.273
342.905
339.167
334.691
330.86
327.343
323.53
319.175
314.242
308.702
302.574
298.796
298.547
298.027
297.559
297.137
296.81
296.614
296.473
296.333
296.145
297.128
305.429
311.031
314.56
315.839
314.56
311.031
305.429
297.128
296.145
296.333
296.473
296.614
296.81
297.137
297.559
298.027
298.547
298.796
302.574
308.702
314.242
319.175
323.53
327.343
330.86
334.691
339.167
342.905
344.273
340.023
337.984
331.805
325.406
322.177
320.019
317.32
314.023
310.455
306.705
302.688
298.387
297.588
297.219
296.803
296.382
296.045
295.802
295.605
295.395
295.102
295.219
300.157
303.957
307.215
308.737
307.215
303.957
300.157
295.219
295.102
295.395
295.605
295.802
296.045
296.382
296.803
297.219
297.588
298.387
302.688
306.705
310.455
314.023
317.32
320.019
322.177
325.406
331.805
337.984
340.023
335.852
333.22
325.077
318.727
314.726
310.712
307.785
305.146
302.856
300.982
299.312
297.573
296.488
296.435
296.038
295.533
295.175
294.932
294.738
294.528
294.214
293.743
293.241
293.427
297.605
300.679
297.605
293.427
293.241
293.743
294.214
294.528
294.738
294.932
295.175
295.533
296.038
296.435
296.488
297.573
299.312
300.982
302.856
305.146
307.785
310.712
314.726
318.727
325.077
333.22
335.852
332.945
330.004
320.977
315.021
311.61
308.503
306.058
303.818
302.069
300.503
299.039
297.613
296.368
296.007
295.37
294.523
294.177
293.999
293.875
293.752
293.591
293.387
293.2
293.161
293.317
294.887
293.317
293.161
293.2
293.387
293.591
293.752
293.875
293.999
294.177
294.523
295.37
296.007
296.368
297.613
299.039
300.503
302.069
303.818
306.058
308.503
311.61
315.021
320.977
330.004
332.945
331.92
328.894
319.656
313.704
310.283
307.753
305.784
303.739
302.025
300.467
299.042
297.666
296.448
295.843
294.899
293
293
293
293
293
293
293
293
293
293
293
293
293
293
293
293
293
293
293
293
293
294.899
295.843
296.448
297.666
299.042
300.467
302.025
303.739
305.784
307.753
310.283
313.704
319.656
328.894
331.92
