351.029
347.472
336.198
314.859
313.233
310.495
307.867
303.607
301.776
300.411
299.072
297.731
296.657
295.975
294.983
293
293
293
293
293
293
293
293
293
293
293
293
293
293
293
293
293
293
293
293
293
294.985
295.977
296.658
297.763
299.154
300.549
301.973
303.889
308.151
310.781
313.521
315.149
336.503
347.786
351.346
352.586
349.331
339.23
321.221
313.878
310.408
308.628
304.509
301.877
300.46
299.084
297.683
296.502
296.124
295.473
294.602
294.247
294.057
293.913
293.751
293.516
293.245
293.15
293.136
294.231
297.147
294.227
293.137
293.15
293.246
293.516
293.752
293.914
294.058
294.248
294.604
295.475
296.126
296.504
297.713
299.166
300.598
302.077
304.788
308.912
310.693
314.167
321.517
339.539
349.648
352.905
356.653
354.036
346.169
333.096
321.79
313.648
310.025
306.995
304.007
301.598
299.747
298.004
296.553
296.535
296.169
295.677
295.318
295.056
294.831
294.562
294.054
293.303
293.205
294.834
299.811
303.26
299.804
294.827
293.205
293.304
294.056
294.564
294.833
295.058
295.32
295.679
296.171
296.538
296.555
298.035
299.828
301.736
304.206
307.261
310.308
313.938
322.089
333.406
346.489
354.361
356.98
361.956
359.991
354.313
345.812
337.1
329.555
323.745
318.717
314.029
309.596
305.247
300.672
297.337
297.283
296.979
296.606
296.277
296.008
295.78
295.599
295.597
299.02
303.751
307.355
310.688
312.28
310.684
307.349
303.745
299.009
295.6
295.603
295.783
296.011
296.28
296.609
296.982
297.286
297.341
300.689
305.317
309.725
314.222
318.973
324.044
329.876
337.431
346.146
354.649
360.327
362.292
367.187
365.659
361.281
354.738
347.245
339.727
332.684
326.097
319.795
313.511
306.971
300.347
298.871
298.267
297.846
297.479
297.166
296.904
296.67
296.445
296.498
304.905
311.425
316.146
319.306
320.489
319.302
316.139
311.417
304.898
296.504
296.451
296.675
296.908
297.169
297.483
297.85
298.27
298.874
300.344
307.023
313.626
319.984
326.366
333.02
340.09
347.612
355.098
361.634
366.006
367.533
371.477
370.176
366.414
360.615
353.416
345.422
337.168
329.192
321.542
313.681
304.786
299.603
299.464
299.054
298.648
298.286
297.99
297.76
297.54
297.205
297.624
308.839
316.898
322.496
325.902
327.066
325.898
322.488
316.886
308.825
297.615
297.209
297.545
297.765
297.995
298.29
298.652
299.058
299.467
299.608
304.81
313.773
321.72
329.488
337.579
345.852
353.828
361.002
366.782
370.531
371.829
374.369
373.152
369.585
363.892
356.382
347.377
337.374
327.962
319.502
310.885
301.797
300.923
300.314
299.827
299.392
299.016
298.736
298.595
298.513
298.438
300.026
311.93
320.83
327.04
330.741
331.975
330.736
327.03
320.814
311.904
299.983
298.44
298.517
298.6
298.741
299.021
299.396
299.83
300.317
300.926
301.797
310.935
319.636
328.287
337.957
347.912
356.845
364.301
369.96
373.509
374.719
375.693
374.48
370.882
364.985
356.843
346.331
332.988
321.78
313.618
305.887
302.039
301.551
301.03
300.535
300.066
299.638
299.329
299.358
299.465
299.541
301.717
314.025
323.454
330.093
334.046
335.358
334.04
330.082
323.435
313.994
301.661
299.55
299.472
299.365
299.336
299.643
300.07
300.538
301.033
301.554
302.043
305.866
313.603
322.067
334.049
346.996
357.338
365.397
371.248
374.824
376.03
375.443
374.195
370.476
364.325
355.672
344.117
328.492
316.038
307.867
302.948
302.65
302.2
301.709
301.203
300.688
300.135
299.592
300.032
300.435
300.798
301.996
314.998
324.867
331.834
335.99
337.371
335.985
331.823
324.85
314.975
301.967
300.811
300.443
300.04
299.601
300.138
300.69
301.205
301.711
302.202
302.651
302.948
307.749
315.643
329.295
344.683
356.115
364.7
370.812
374.51
375.752
373.689
372.379
368.502
362.168
353.403
341.973
327.295
312.24
305.198
303.703
303.318
302.878
302.391
301.868
301.354
302.135
301.686
300.999
301.433
301.832
302.009
315.104
325.181
332.385
336.71
338.151
336.705
332.375
325.168
315.091
302.009
301.837
301.437
301.001
301.678
302.13
301.356
301.869
302.392
302.879
303.319
303.704
305.171
312.129
327.589
342.327
353.74
362.477
368.788
372.653
373.958
370.556
369.132
364.983
358.441
349.8
339.078
326.18
311.777
304.66
304.454
304.029
303.591
303.096
302.511
303.803
306.271
305.168
302.46
302.452
302.674
302.735
314.23
324.368
331.815
336.315
337.816
336.31
331.804
324.354
314.215
302.735
302.676
302.456
302.464
305.149
306.266
303.805
302.512
303.096
303.591
304.029
304.451
304.654
311.746
326.323
339.297
350.039
358.678
365.212
369.354
370.776
366.271
364.608
359.86
352.812
344.277
334.358
322.573
309.891
305.316
305.083
304.742
304.347
303.878
303.982
307.748
310.216
308.68
303.317
303.227
303.523
303.605
310.941
322.248
330.191
334.92
336.49
334.913
330.179
322.231
310.916
303.612
303.529
303.235
303.324
308.677
310.215
307.751
303.983
303.878
304.347
304.742
305.083
305.317
309.892
322.66
334.498
344.443
352.985
360.029
364.774
366.437
361.314
359.168
353.037
344.671
336.139
327.503
316.076
308.026
306.22
305.81
305.496
305.166
304.909
307.828
312.62
314.164
312.032
305.809
304.227
304.573
304.844
307.241
319.492
327.781
332.683
334.31
332.673
327.766
319.475
307.215
304.857
304.582
304.231
305.809
312.034
314.167
312.625
307.832
304.91
305.167
305.497
305.81
306.223
308.048
316.13
327.594
336.25
344.788
353.146
359.277
361.424
356.648
353.712
344.45
332.697
324.111
319.898
312.835
309.67
307.433
306.502
306.254
305.946
306.142
312.562
316.742
317.787
315.475
309.76
305.692
305.687
306.041
306.311
316.699
324.759
329.72
331.396
329.704
324.738
316.687
306.315
306.051
305.699
305.703
309.768
315.482
317.794
316.751
312.571
306.147
305.95
306.257
306.508
307.454
309.708
312.878
319.954
324.18
332.772
344.491
353.764
356.704
353.854
350.583
339.966
327.97
322.607
319.737
314.62
311.139
309.696
308.206
307.406
307.971
308.381
315.96
319.999
320.767
318.322
313.027
306.463
306.431
306.561
306.635
312.432
320.835
326.041
327.848
326.009
320.793
312.416
306.651
306.576
306.446
306.478
313.044
318.333
320.778
320.011
315.975
308.396
307.984
307.419
308.23
309.729
311.177
314.665
319.793
322.673
328.054
339.92
350.583
353.865
353.6
350.801
342.231
331.444
323.707
319.96
314.928
313.601
312.991
312.208
311.794
311.941
312.225
318.906
322.526
322.96
320.018
313.975
307.038
307.001
307.126
307.432
308.734
316.107
321.762
323.947
321.691
316.011
308.728
307.454
307.145
307.019
307.056
313.99
320.028
322.972
322.542
318.928
312.257
311.974
311.833
312.246
313.029
313.645
314.969
320.014
323.764
331.463
342.172
350.783
353.592
354.943
352.792
346.723
338.537
330.524
323.511
316.971
316.547
316.349
316.016
315.859
315.735
315.807
320.912
324.24
324.53
320.815
312.486
307.791
307.397
307.495
307.718
307.969
310.82
316.952
320.488
316.796
310.813
307.999
307.743
307.517
307.417
307.812
312.489
320.818
324.539
324.258
320.938
315.84
315.768
315.893
316.05
316.383
316.581
317.001
323.549
330.559
338.552
346.711
352.784
354.938
356.59
354.699
349.332
341.458
332.35
322.861
317.161
316.995
316.733
316.507
316.431
316.537
316.622
320.697
324.994
326.102
322.227
310.627
308.777
307.921
307.781
307.961
308.274
308.73
314.734
320.257
314.246
308.791
308.309
307.989
307.804
307.943
308.804
310.589
322.215
326.107
325.013
320.729
316.657
316.572
316.465
316.542
316.767
317.029
317.195
322.893
332.378
341.476
349.338
354.703
356.593
358.017
356.084
350.446
341.614
330.556
319.789
317.662
317.373
317.086
316.769
316.781
317.045
317.271
319.189
324.936
328.659
327.364
318.482
310.541
308.48
308.309
308.492
308.503
311.516
321.581
327.56
320.687
310.414
308.523
308.518
308.331
308.499
310.494
318.425
327.345
328.663
324.958
319.225
317.306
317.08
316.816
316.803
317.121
317.407
317.696
319.821
330.584
341.636
350.462
356.096
358.028
359.308
357.175
350.756
339.996
324.867
318.363
318.046
317.728
317.38
316.896
317.234
317.717
318.143
318.702
323.14
332.232
336.089
335.249
333.243
332.563
332.833
333.555
334.75
337.34
341.57
343.717
341.184
336.865
334.58
333.491
332.805
332.544
333.212
335.219
336.078
332.241
323.168
318.737
318.178
317.752
317.269
316.931
317.414
317.763
318.081
318.397
324.898
340.022
350.777
357.193
359.326
360.868
358.55
351.406
338.746
319.025
318.683
318.39
318.145
321.077
321.853
319.171
318.439
318.627
318.978
320.204
337.042
345.512
349.19
350.721
351.799
352.917
354.165
355.651
357.571
359.649
360.555
359.473
357.341
355.505
354.082
352.869
351.767
350.695
349.171
345.507
337.055
320.239
319.013
318.661
318.474
319.209
321.891
321.112
318.179
318.424
318.717
319.059
338.775
351.431
358.573
360.89
363.062
360.753
353.571
340.564
319.428
319.007
318.832
323.715
329.645
330.682
326.392
320.861
318.902
319.767
330.005
346.229
355.726
361.278
364.652
366.994
368.872
370.538
372.119
373.644
374.9
375.381
374.814
373.522
372.016
370.465
368.822
366.96
364.629
361.264
355.725
346.243
330.036
319.803
318.937
320.903
326.433
330.719
329.681
323.749
318.866
319.041
319.462
340.594
353.599
360.779
363.087
365.872
363.83
357.562
346.519
329.21
319.785
326.251
334.492
339.182
340.836
340.01
338.639
338.915
341.772
348.762
358.171
365.886
371.542
375.616
378.653
381.038
382.996
384.642
385.988
386.925
387.254
386.879
385.917
384.572
382.938
380.994
378.622
375.596
371.532
365.886
358.183
348.785
341.801
338.947
338.674
340.045
340.871
339.216
334.526
326.285
319.818
329.243
346.55
357.591
363.858
365.899
368.767
367.134
362.326
354.744
345.751
340.46
341.458
344.841
347.753
349.472
350.171
350.769
352.377
355.709
361.14
367.807
374.103
379.389
383.618
386.965
389.63
391.766
393.463
394.742
395.557
395.831
395.53
394.698
393.415
391.722
389.594
386.938
383.601
379.382
374.105
367.818
361.159
355.734
352.405
350.801
350.204
349.505
347.786
344.874
341.491
340.492
345.783
354.775
362.356
367.162
368.795
370.928
369.611
365.865
360.381
354.593
350.849
350.281
351.66
353.518
355.127
356.434
357.89
360.114
363.549
368.281
373.815
379.331
384.294
388.502
391.957
394.75
396.976
398.704
399.959
400.729
400.985
400.711
399.929
398.668
396.942
394.721
391.936
388.488
384.289
379.334
373.825
368.299
363.571
360.14
357.919
356.465
355.158
353.55
351.692
350.313
350.88
354.624
360.412
365.895
369.64
370.957
371.721
370.519
367.141
362.323
357.392
354.062
353.156
354.002
355.531
357.084
358.549
360.243
362.64
366.09
370.622
375.839
381.111
385.955
390.137
393.613
396.437
398.685
400.417
401.662
402.417
402.667
402.403
401.637
400.388
398.656
396.413
393.596
390.127
385.952
381.116
375.851
370.64
366.112
362.666
360.271
358.579
357.114
355.562
354.033
353.188
354.092
357.423
362.353
367.171
370.548
371.75
370.918
369.602
365.858
360.377
354.591
350.848
350.281
351.661
353.519
355.128
356.436
357.891
360.114
363.548
368.278
373.808
379.32
384.277
388.477
391.922
394.701
396.909
398.617
399.853
400.61
400.862
400.596
399.829
398.589
396.883
394.679
391.908
388.47
384.278
379.327
373.822
368.297
363.57
360.14
357.919
356.465
355.158
353.549
351.692
350.312
350.879
354.622
360.407
365.888
369.632
370.947
368.746
367.115
362.311
354.735
345.748
340.46
341.459
344.842
347.755
349.475
350.174
350.772
352.378
355.709
361.135
367.796
374.083
379.358
383.571
386.897
389.534
391.634
393.288
394.524
395.309
395.575
395.29
394.494
393.256
391.606
389.514
386.885
383.568
379.362
374.094
367.812
361.156
355.733
352.405
350.8
350.203
349.504
347.785
344.873
341.489
340.49
345.778
354.765
362.341
367.144
368.776
365.838
363.799
357.537
346.505
329.209
319.787
326.253
334.494
339.185
340.841
340.015
338.644
338.919
341.774
348.758
358.157
365.859
371.5
375.553
378.562
380.905
382.805
384.378
385.646
386.526
386.84
386.496
385.602
384.335
382.773
380.884
378.552
375.554
371.508
365.874
358.177
348.782
341.801
338.946
338.673
340.045
340.87
339.215
334.524
326.283
319.817
329.238
346.535
357.566
363.828
365.868
363.009
360.705
353.533
340.543
319.43
319.01
318.835
323.718
329.649
330.687
326.402
320.872
318.907
319.774
330.007
346.215
355.695
361.228
364.581
366.891
368.718
370.305
371.771
373.157
374.308
374.762
374.251
373.082
371.71
370.265
368.697
366.885
364.588
361.244
355.716
346.24
330.037
319.806
318.937
320.902
326.432
330.718
329.679
323.748
318.864
319.04
319.46
340.573
353.562
360.734
363.038
360.789
358.477
351.348
338.713
319.027
318.686
318.393
318.148
321.081
321.858
319.177
318.444
318.632
318.984
320.21
337.027
345.478
349.137
350.651
351.704
352.772
353.925
355.243
356.904
358.786
359.651
358.663
356.766
355.158
353.881
352.754
351.705
350.667
349.163
345.506
337.056
320.242
319.014
318.662
318.475
319.208
321.89
321.111
318.177
318.422
318.715
319.057
338.742
351.377
358.506
360.819
359.194
357.067
350.668
339.94
324.852
318.365
318.05
317.732
317.384
316.901
317.24
317.723
318.149
318.707
323.141
332.215
336.052
335.193
333.182
332.503
332.739
333.38
334.373
336.431
340.282
342.392
339.985
336.161
334.274
333.348
332.732
332.512
333.215
335.235
336.089
332.247
323.171
318.738
318.179
317.753
317.269
316.931
317.414
317.761
318.079
318.395
324.881
339.968
350.696
357.096
359.223
357.853
355.929
350.317
341.528
330.516
319.784
317.665
317.377
317.09
316.774
316.786
317.051
317.277
319.194
324.933
328.639
327.323
318.406
310.479
308.484
308.316
308.5
308.504
310.233
319.53
325.648
318.747
309.746
308.532
308.522
308.328
308.496
310.545
318.481
327.369
328.674
324.963
319.227
317.306
317.081
316.816
316.804
317.12
317.406
317.695
319.812
330.543
341.554
350.343
355.958
357.883
356.36
354.478
349.142
341.339
332.295
322.847
317.163
316.999
316.737
316.512
316.436
316.543
316.628
320.701
324.99
326.087
322.196
310.573
308.79
307.929
307.79
307.973
308.293
308.781
312.46
317.934
311.136
308.852
308.329
307.995
307.802
307.94
308.796
310.635
322.234
326.116
325.017
320.731
316.657
316.572
316.466
316.542
316.767
317.028
317.192
322.875
332.321
341.361
349.165
354.509
356.394
354.632
352.481
346.433
338.392
330.477
323.502
316.97
316.552
316.353
316.02
315.864
315.739
315.811
320.915
324.238
324.522
320.801
312.47
307.8
307.404
307.503
307.727
307.98
310.118
315.152
318.493
314.318
309.66
308.003
307.744
307.514
307.412
307.808
312.484
320.817
324.538
324.258
320.939
315.842
315.77
315.894
316.051
316.384
316.581
316.997
323.535
330.506
338.405
346.448
352.517
354.676
353.205
350.381
341.719
331.32
323.728
319.984
314.939
313.617
313
312.217
311.805
311.949
312.233
318.909
322.528
322.96
320.018
313.978
307.045
307.008
307.133
307.44
308.689
315.386
320.592
322.566
320.25
315
308.655
307.45
307.139
307.012
307.05
313.962
320.011
322.962
322.538
318.928
312.261
311.978
311.837
312.25
313.035
313.659
314.977
320.03
323.77
331.307
341.706
350.436
353.275
353.427
350.12
339.363
328.105
322.651
319.764
314.635
311.148
309.702
308.211
307.408
307.973
308.384
315.964
320.003
320.773
318.332
313.046
306.469
306.437
306.567
306.64
312.302
320.337
325.262
326.932
325.116
320.162
312.231
306.64
306.566
306.437
306.469
312.998
318.304
320.761
320.004
315.974
308.4
307.989
307.424
308.236
309.736
311.187
314.677
319.811
322.705
328.132
339.477
350.245
353.553
356.261
353.311
344.009
332.597
324.134
319.922
312.846
309.676
307.436
306.503
306.255
305.947
306.143
312.566
316.748
317.796
315.491
309.79
305.697
305.692
306.046
306.315
316.545
324.396
329.189
330.783
329.119
324.302
316.472
306.287
306.037
305.688
305.691
309.701
315.446
317.775
316.743
312.571
306.151
305.955
306.262
306.513
307.461
309.718
312.889
319.972
324.203
332.769
344.282
353.513
356.449
360.994
358.853
352.754
344.517
336.071
327.47
316.066
308.028
306.222
305.81
305.496
305.166
304.91
307.831
312.627
314.173
312.045
305.833
304.231
304.576
304.846
307.231
319.356
327.515
332.313
333.892
332.275
327.454
319.288
307.146
304.856
304.575
304.218
305.75
312.003
314.151
312.62
307.835
304.915
305.171
305.502
305.815
306.228
308.055
316.127
327.569
336.207
344.707
352.986
359.078
361.215
366.01
364.354
359.637
352.649
344.166
334.28
322.519
309.854
305.317
305.084
304.742
304.347
303.877
303.983
307.757
310.222
308.685
303.318
303.226
303.524
303.605
310.909
322.132
329.993
334.658
336.199
334.634
329.952
322.079
310.838
303.61
303.526
303.237
303.322
308.664
310.207
307.75
303.988
303.883
304.352
304.747
305.089
305.322
309.896
322.627
334.433
344.354
352.868
359.876
364.598
366.254
370.336
368.917
364.789
358.277
349.665
338.966
326.091
311.727
304.661
304.455
304.03
303.591
303.095
302.511
303.809
306.275
305.167
302.46
302.451
302.674
302.735
314.187
324.272
331.666
336.126
337.61
336.112
331.64
324.239
314.153
302.729
302.671
302.455
302.463
305.14
306.262
303.808
302.517
303.101
303.596
304.034
304.456
304.659
311.785
326.253
339.182
349.907
358.533
365.054
369.185
370.603
373.498
372.191
368.324
362.004
353.251
341.827
327.155
312.249
305.209
303.704
303.319
302.878
302.391
301.868
301.355
302.136
301.686
301.001
301.432
301.83
302.007
315.063
325.102
332.272
336.572
338.002
336.563
332.256
325.083
315.047
302.007
301.84
301.438
300.996
301.674
302.129
301.36
301.874
302.397
302.884
303.324
303.709
305.179
312.234
327.417
342.136
353.559
362.305
368.62
372.485
373.79
375.273
374.026
370.312
364.165
355.509
343.935
328.253
316.114
307.894
302.947
302.65
302.2
301.709
301.202
300.687
300.134
299.589
300.03
300.433
300.796
301.979
314.958
324.802
331.748
335.889
337.264
335.883
331.738
324.791
314.947
301.972
300.821
300.449
300.048
299.611
300.142
300.695
301.21
301.716
302.207
302.657
302.955
307.794
315.779
328.848
344.384
355.888
364.508
370.637
374.343
375.587
375.541
374.329
370.732
364.835
356.685
346.152
332.75
321.732
313.651
305.904
302.038
301.55
301.03
300.534
300.065
299.637
299.327
299.356
299.463
299.54
301.685
313.986
323.402
330.028
333.971
335.281
333.968
330.023
323.395
313.979
301.676
299.556
299.478
299.372
299.344
299.648
300.075
300.542
301.038
301.559
302.049
305.838
313.513
321.857
333.512
346.666
357.1
365.203
371.077
374.664
375.873
374.233
373.017
369.451
363.758
356.246
347.238
337.239
327.896
319.483
310.877
301.791
300.922
300.313
299.826
299.392
299.015
298.734
298.593
298.511
298.435
300
311.899
320.791
326.992
330.687
331.921
330.686
326.989
320.788
311.897
300
298.446
298.523
298.606
298.746
299.026
299.401
299.835
300.322
300.93
301.795
310.891
319.539
328.108
337.674
347.666
356.642
364.128
369.805
373.362
374.575
371.357
370.056
366.296
360.499
353.303
345.314
337.073
329.13
321.508
313.662
304.777
299.603
299.463
299.054
298.647
298.286
297.989
297.759
297.539
297.205
297.617
308.819
316.87
322.462
325.865
327.028
325.864
322.461
316.869
308.82
297.621
297.211
297.548
297.769
297.999
298.295
298.656
299.062
299.471
299.612
304.802
313.733
321.642
329.363
337.411
345.684
353.673
360.862
366.651
370.406
371.705
367.082
365.554
361.179
354.64
347.152
339.641
332.61
326.041
319.757
313.487
306.957
300.339
298.87
298.266
297.846
297.479
297.165
296.903
296.67
296.445
296.498
304.893
311.407
316.123
319.281
320.464
319.281
316.123
311.408
304.896
296.506
296.454
296.678
296.911
297.173
297.486
297.853
298.273
298.878
300.346
307.014
313.599
319.933
326.29
332.922
339.984
347.506
354.995
361.532
365.904
367.432
361.863
359.899
354.225
345.73
337.025
329.487
323.686
318.668
313.993
309.572
305.232
300.663
297.337
297.282
296.979
296.606
296.277
296.007
295.78
295.599
295.597
299.01
303.741
307.342
310.673
312.266
310.673
307.342
303.742
299.013
295.603
295.605
295.786
296.013
296.283
296.612
296.985
297.288
297.343
300.691
305.313
309.715
314.202
318.943
324.002
329.826
337.373
346.08
354.576
360.249
362.213
356.571
353.955
346.093
333.03
321.732
313.597
309.977
306.952
303.975
301.576
299.733
297.998
296.552
296.535
296.169
295.676
295.317
295.056
294.831
294.562
294.054
293.303
293.205
294.83
299.803
303.254
299.803
294.83
293.205
293.304
294.057
294.565
294.834
295.06
295.321
295.681
296.173
296.54
296.557
298.037
299.834
301.746
304.219
307.275
310.32
313.943
322.079
333.378
346.442
354.304
356.92
352.51
349.257
339.163
321.166
313.828
310.36
308.582
304.465
301.846
300.438
299.071
297.678
296.501
296.124
295.472
294.602
294.247
294.057
293.913
293.751
293.516
293.245
293.15
293.136
294.228
297.145
294.228
293.137
293.15
293.246
293.517
293.752
293.914
294.059
294.249
294.604
295.476
296.127
296.505
297.715
299.172
300.61
302.094
304.811
308.928
310.706
314.174
321.514
339.511
349.606
352.859
350.956
347.401
336.134
314.809
313.184
310.447
307.821
303.563
301.746
300.39
299.058
297.726
296.656
295.975
294.983
293
293
293
293
293
293
293
293
293
293
293
293
293
293
293
293
293
293
293
293
293
294.985
295.978
296.658
297.764
299.159
300.56
301.99
303.915
308.169
310.794
313.53
315.155
336.482
347.749
351.304
