332.26
328.859
318.408
300.461
300.37
300.051
299.747
299.295
298.714
298.156
297.599
297.051
296.534
295.948
294.977
293
293
293
293
293
293
293
293
293
293
293
293
293
293
293
293
293
293
293
293
293
294.974
295.944
296.529
297.045
297.592
298.149
298.705
299.286
299.737
300.041
300.359
300.451
318.381
328.823
332.222
333.662
330.383
320.161
301.566
300.488
300.041
299.814
299.354
298.696
298.151
297.587
297.029
296.563
296.134
295.474
294.602
294.247
294.057
293.914
293.754
293.519
293.249
293.151
293.14
293.901
296.853
293.896
293.141
293.151
293.249
293.519
293.753
293.913
294.056
294.245
294.6
295.47
296.13
296.557
297.023
297.581
298.143
298.687
299.345
299.804
300.03
300.477
301.554
320.131
330.344
333.62
337.622
334.851
326.295
310.916
301.774
300.267
299.924
299.537
298.858
298.241
297.648
297.061
296.562
296.541
296.17
295.675
295.316
295.056
294.834
294.57
294.063
293.312
293.203
294.336
299.237
302.804
299.229
294.328
293.203
293.312
294.061
294.567
294.831
295.052
295.312
295.671
296.165
296.535
296.557
297.055
297.641
298.234
298.849
299.527
299.914
300.256
301.761
310.89
326.254
334.802
337.572
343.125
341.103
335.257
326.675
319.648
315.446
312.548
310.16
307.909
305.598
302.97
299.749
297.348
297.284
296.977
296.602
296.272
296.004
295.784
295.615
295.603
298.821
303.563
307.019
310.293
311.896
310.287
307.01
303.553
298.803
295.597
295.611
295.779
295.999
296.266
296.596
296.97
297.277
297.341
299.744
302.956
305.573
307.872
310.112
312.493
315.389
319.592
326.617
335.196
341.04
343.061
348.673
347.178
342.954
336.897
330.726
325.331
320.665
316.65
313.02
309.271
304.887
299.788
298.856
298.259
297.839
297.47
297.155
296.893
296.67
296.492
296.53
304.729
311.21
315.882
319.02
320.2
319.014
315.872
311.196
304.712
296.524
296.487
296.663
296.885
297.147
297.463
297.831
298.251
298.848
299.78
304.867
309.23
312.953
316.558
320.559
325.227
330.63
336.809
342.871
347.099
348.595
353.209
351.984
348.483
343.233
337.027
330.488
324.129
318.754
314.249
309.58
303.525
299.622
299.458
299.044
298.637
298.274
297.971
297.73
297.497
297.142
297.418
308.592
316.665
322.282
325.703
326.872
325.696
322.268
316.646
308.569
297.403
297.138
297.488
297.72
297.961
298.264
298.628
299.035
299.449
299.612
303.509
309.528
314.153
318.609
323.958
330.329
336.891
343.118
348.382
351.891
353.119
356.196
355.066
351.763
346.525
339.661
331.465
322.611
315.988
311.642
307.276
301.393
300.893
300.297
299.811
299.378
299.004
298.715
298.546
298.435
298.316
299.502
311.556
320.576
326.877
330.637
331.89
330.628
326.86
320.55
311.519
299.444
298.298
298.42
298.533
298.702
298.993
299.368
299.801
300.288
300.885
301.388
307.219
311.521
315.767
322.336
331.241
339.488
346.388
351.648
354.964
356.099
357.444
356.32
352.976
347.443
339.628
329.098
314.865
306.953
305.056
303.605
302.108
301.555
301.013
300.512
300.049
299.637
299.325
299.293
299.369
299.489
300.932
313.556
323.206
330.015
334.076
335.425
334.066
329.994
323.175
313.511
300.865
299.472
299.35
299.276
299.31
299.625
300.038
300.502
301.004
301.546
302.101
303.558
304.949
306.616
314.381
328.81
339.432
347.298
352.859
356.219
357.347
356.938
355.796
352.377
346.645
338.309
326.436
308.44
305.349
304.326
303.263
302.713
302.193
301.677
301.162
300.655
300.159
299.642
299.92
300.246
300.695
301.251
314.527
324.679
331.899
336.228
337.667
336.216
331.876
324.645
314.485
301.203
300.667
300.221
299.899
299.623
300.147
300.645
301.152
301.667
302.184
302.705
303.256
304.307
305.391
308.055
326.187
338.134
346.513
352.272
355.705
356.852
354.718
353.547
350.093
344.451
336.526
325.9
311.953
304.719
304.013
303.68
303.269
302.816
302.325
301.793
301.239
301.56
300.919
300.487
300.987
301.298
301.366
314.624
325.084
332.675
337.269
338.801
337.254
332.648
325.046
314.581
301.33
301.263
300.956
300.461
300.892
301.545
301.228
301.783
302.316
302.806
303.259
303.669
303.996
304.684
311.823
325.756
336.402
344.349
350.01
353.476
354.651
350.84
349.581
345.996
340.538
333.445
324.687
314.644
305.321
304.214
304.157
303.855
303.464
303.004
302.432
303.411
305.603
304.172
301.89
301.903
302.041
302.091
313.525
324.357
332.449
337.371
339.012
337.353
332.415
324.31
313.469
302.051
302.001
301.865
301.852
304.135
305.579
303.398
302.422
302.994
303.454
303.844
304.145
304.198
305.355
314.599
324.612
333.368
340.472
345.943
349.538
350.8
345.478
343.942
339.773
334.262
328.027
320.759
312.695
306.117
305.327
304.867
304.518
304.169
303.782
303.821
307.214
309.652
307.977
302.719
302.684
302.858
302.982
309.568
322.369
331.393
336.753
338.525
336.731
331.35
322.309
309.492
302.938
302.812
302.641
302.675
307.937
309.623
307.197
303.811
303.772
304.158
304.507
304.857
305.318
306.149
312.687
320.724
327.986
334.227
339.754
343.934
345.472
339.187
336.938
330.891
324.708
319.644
313.628
308.356
306.136
305.788
305.454
305.167
304.898
304.579
307.31
312.213
313.813
311.398
304.232
303.287
303.714
304.051
305.289
320.16
330.001
335.724
337.604
335.695
329.945
320.083
305.199
303.997
303.658
303.234
304.167
311.348
313.777
312.19
307.298
304.568
304.888
305.157
305.444
305.779
306.126
308.348
313.613
319.623
324.696
330.911
336.97
339.222
333.394
329.731
318.152
310.158
308.521
307.972
306.929
306.515
306.225
305.981
305.788
305.666
305.695
311.69
316.516
317.99
315.57
308.842
304.617
304.646
304.86
305.068
318.982
328.728
334.537
336.471
334.502
328.649
318.882
304.986
304.787
304.575
304.546
308.769
315.513
317.947
316.488
311.674
305.685
305.656
305.777
305.97
306.215
306.505
306.919
307.961
308.508
310.138
318.228
329.814
333.476
330.926
326.444
311.388
309.369
308.415
307.951
307.205
306.762
306.603
306.444
306.324
306.272
306.31
314.654
320.172
322.059
320.051
314.179
305.626
305.38
305.695
306.055
317.985
327.391
333.227
335.242
333.193
327.269
317.823
305.945
305.602
305.297
305.542
314.097
319.986
322.012
320.141
314.636
306.3
306.261
306.314
306.433
306.593
306.752
307.194
307.939
308.403
309.35
311.591
326.586
331.052
333.422
329.735
318.14
310.2
308.514
307.985
307.192
307.042
306.969
306.854
306.781
306.774
306.818
316.914
323.46
326.022
324.395
318.462
308.333
307.811
308.222
310.633
316.504
325.624
331.736
334.078
331.757
325.412
316.232
310.377
308.028
307.657
308.182
318.356
324.322
325.973
323.427
316.895
306.807
306.764
306.771
306.844
306.958
307.033
307.181
307.973
308.503
310.335
318.352
329.889
333.56
339.292
336.937
330.614
324.079
318.649
312.821
307.992
307.358
307.362
307.213
307.159
307.213
307.264
319.047
326.73
330.175
329.046
322.953
313.358
310.552
311.44
313.351
315.677
322.915
330.015
333.576
330.345
322.458
315.328
313.061
311.21
310.362
313.179
322.833
328.975
330.13
326.701
319.029
307.254
307.203
307.149
307.202
307.352
307.348
307.979
312.822
318.678
324.169
330.742
337.06
339.411
345.871
344.108
339.304
332.92
325.913
318.499
310.622
309.416
307.898
307.462
307.416
307.644
308.07
321.329
330.238
334.902
334.661
328.397
320.655
315.354
314.133
315.525
318.51
322.2
330.204
335.868
331.241
321.36
318.066
315.199
313.899
315.14
320.376
328.306
334.614
334.87
330.216
321.315
308.06
307.633
307.406
307.452
307.887
309.402
310.603
318.501
325.94
332.981
339.388
344.199
345.964
351.977
350.319
345.574
338.384
329.584
320.826
315.079
312.977
311.042
309.504
309.947
312.041
313.791
324.187
333.991
340.532
342.3
337.96
330.373
323.035
321.361
321.817
321.438
327.278
338.042
344.451
339.538
328.395
321.188
321.553
321.149
322.864
330.352
338.043
342.307
340.521
333.979
324.177
313.782
312.032
309.937
309.494
311.032
312.966
315.069
320.824
329.602
338.424
345.631
350.385
352.046
357.4
355.616
350.289
341.459
329.215
321.283
318.688
316.098
313.582
311.898
314.339
318.435
322.431
327.529
337.01
346.934
352.048
352.701
350.689
348.248
347.485
348
349.324
352.911
357.762
360.361
358.312
353.398
349.384
347.919
347.377
348.157
350.655
352.71
352.048
346.928
337.003
327.521
322.422
318.426
314.327
311.887
313.572
316.088
318.68
321.277
329.22
341.484
350.328
355.664
357.449
362.389
360.458
354.507
343.948
327.363
324.086
321.645
320.053
322.579
325.354
324.93
324.751
326.993
329.632
339.437
354.145
362.258
366.108
367.436
367.786
368.332
369.372
370.95
373.283
375.738
376.917
375.953
373.504
371.031
369.361
368.284
367.735
367.405
366.095
362.249
354.138
339.434
329.623
326.985
324.749
324.926
325.346
322.571
320.045
321.638
324.08
327.36
343.963
354.534
360.491
362.425
367.24
365.318
359.334
348.463
330.617
326.751
325.796
329.769
335.607
338.325
337.957
334.458
331.324
336.725
349.739
363.952
372.729
378.037
381.162
383.126
384.686
386.206
387.822
389.532
390.99
391.615
391.078
389.633
387.875
386.211
384.662
383.094
381.133
378.017
372.714
363.943
349.74
336.726
331.318
334.45
337.948
338.317
335.6
329.763
325.79
326.747
330.614
348.473
359.354
365.343
367.267
371.935
370.241
365.049
355.953
341.926
333.736
337.085
343.366
347.755
350.381
351.431
351.544
352.677
357.552
365.932
375.197
382.668
388.151
392.046
394.873
397.079
398.945
400.6
402.032
403.074
403.478
403.11
402.077
400.625
398.945
397.06
394.845
392.017
388.125
382.647
375.18
365.921
357.543
352.667
351.534
351.422
350.373
347.748
343.361
337.081
333.733
341.927
355.962
365.065
370.261
371.956
376.018
374.661
370.668
364.374
356.886
352.161
352.273
354.856
357.667
360.013
361.843
363.61
366.288
370.874
377.242
384.235
390.596
395.852
400
403.239
405.81
407.897
409.599
410.924
411.797
412.11
411.809
410.938
409.603
407.886
405.787
403.209
399.966
395.82
390.567
384.21
377.222
370.858
366.274
363.597
361.833
360.004
357.66
354.851
352.271
352.161
356.891
364.384
370.682
374.678
376.037
378.815
377.716
374.587
369.99
365.084
361.749
360.992
362.116
364.043
366.16
368.319
370.763
373.991
378.415
383.925
389.905
395.629
400.662
404.862
408.275
411.026
413.234
414.975
416.268
417.079
417.357
417.078
416.263
414.962
413.21
410.992
408.236
404.82
400.621
395.592
389.872
383.898
378.392
373.973
370.749
368.307
366.151
364.037
362.112
360.991
361.751
365.09
370.001
374.602
377.734
378.834
379.809
378.804
375.973
371.916
367.71
364.759
363.828
364.572
366.231
368.265
370.51
373.134
376.497
380.869
386.14
391.83
397.353
402.304
406.51
409.974
412.783
415.037
416.801
418.094
418.893
419.162
418.884
418.075
416.772
414.998
412.737
409.923
406.457
402.252
397.306
391.789
386.106
380.841
376.476
373.117
370.497
368.256
366.225
364.57
363.829
364.763
367.718
371.928
375.99
378.823
379.829
378.814
377.716
374.586
369.989
365.082
361.747
360.99
362.115
364.043
366.16
368.32
370.766
373.996
378.422
383.937
389.92
395.65
400.691
404.9
408.328
411.097
413.329
415.097
416.413
417.237
417.514
417.22
416.38
415.052
413.274
411.035
408.261
404.833
400.625
395.591
389.87
383.896
378.391
373.972
370.748
368.307
366.151
364.037
362.113
360.992
361.753
365.092
370.004
374.605
377.738
378.838
376.016
374.659
370.666
364.372
356.883
352.158
352.27
354.853
357.666
360.013
361.846
363.615
366.297
370.889
377.263
384.265
390.638
395.907
400.074
403.339
405.948
408.085
409.846
411.225
412.128
412.437
412.1
411.175
409.782
408.012
405.868
403.255
399.987
395.824
390.564
384.205
377.218
370.855
366.272
363.596
361.832
360.004
357.661
354.852
352.273
352.164
356.894
364.39
370.69
374.687
376.046
371.933
370.239
365.046
355.95
341.921
333.73
337.08
343.363
347.753
350.381
351.434
351.55
352.688
357.572
365.963
375.24
382.727
388.228
392.147
395.008
397.27
399.218
400.976
402.513
403.614
404.005
403.569
402.439
400.888
399.124
397.17
394.902
392.037
388.121
382.634
375.169
365.915
357.54
352.664
351.532
351.421
350.372
347.749
343.362
337.083
333.736
341.932
355.971
365.077
370.275
371.971
367.238
365.316
359.331
348.459
330.611
326.745
325.789
329.764
335.603
338.323
337.959
334.464
331.333
336.748
349.778
364.005
372.802
378.131
381.278
383.277
384.904
386.541
388.328
390.237
391.809
392.4
391.733
390.122
388.209
386.425
384.785
383.148
381.136
377.991
372.682
363.92
349.735
336.726
331.312
334.447
337.947
338.316
335.6
329.764
325.793
326.75
330.619
348.485
359.371
365.364
367.289
362.387
360.456
354.505
343.944
327.356
324.079
321.638
320.046
322.574
325.351
324.931
324.757
326.998
329.64
339.466
354.202
362.343
366.218
367.554
367.92
368.53
369.713
371.559
374.298
376.984
378.054
376.842
374.106
371.403
369.58
368.398
367.769
367.369
366.023
362.184
354.096
339.419
329.612
326.976
324.743
324.922
325.345
322.571
320.047
321.641
324.083
327.366
343.98
354.559
360.521
362.456
357.399
355.615
350.287
341.456
329.209
321.276
318.681
316.09
313.575
311.892
314.336
318.436
322.434
327.539
337.04
346.996
352.149
352.844
350.802
348.317
347.582
348.221
349.897
354.411
359.776
361.989
359.475
354.058
349.715
348.095
347.46
348.159
350.55
352.547
351.934
346.86
336.973
327.51
322.416
318.423
314.325
311.887
313.572
316.089
318.682
321.28
329.231
341.51
350.365
355.706
357.494
351.978
350.319
345.574
338.382
329.579
320.818
315.071
312.969
311.035
309.498
309.942
312.039
313.79
324.197
334.021
340.591
342.414
338.208
330.495
322.968
321.259
321.692
321.399
329.672
341.722
346.65
341.01
328.937
321.305
321.624
321.187
322.859
330.127
337.683
342.145
340.438
333.938
324.162
313.78
312.031
309.936
309.494
311.032
312.966
315.07
320.83
329.624
338.463
345.683
350.444
352.106
345.874
344.111
339.306
332.92
325.91
318.492
310.608
309.406
307.891
307.456
307.41
307.638
308.064
321.335
330.256
334.934
334.707
328.436
320.438
315.219
313.982
315.283
318.129
321.251
332.977
337.879
332.939
321.381
318.12
315.239
313.934
315.191
320.589
328.215
334.526
334.809
330.18
321.299
308.059
307.633
307.406
307.452
307.887
309.401
310.601
318.513
325.972
333.036
339.462
344.279
346.045
339.297
336.943
330.621
324.081
318.648
312.816
307.983
307.351
307.355
307.206
307.152
307.207
307.258
319.048
326.736
330.182
329.045
322.917
313.231
310.428
311.29
313.148
315.412
322.668
331.468
334.95
331.558
322.7
315.375
313.092
311.233
310.386
313.225
322.815
328.934
330.093
326.675
319.016
307.253
307.203
307.148
307.202
307.352
307.347
307.979
312.837
318.714
324.247
330.849
337.166
339.515
333.427
329.743
318.156
310.203
308.506
307.977
307.184
307.036
306.962
306.848
306.774
306.768
306.811
316.911
323.456
326.013
324.374
318.413
308.238
307.714
308.108
310.478
316.385
325.748
332.434
334.893
332.455
325.742
316.323
310.388
308.035
307.673
308.2
318.351
324.304
325.952
323.41
316.885
306.807
306.764
306.771
306.844
306.959
307.033
307.18
307.972
308.504
310.442
318.522
330.022
333.683
330.926
326.449
311.411
309.358
308.408
307.943
307.198
306.756
306.596
306.437
306.318
306.265
306.304
314.648
320.163
322.043
320.023
314.135
305.567
305.321
305.63
305.986
317.981
327.555
333.628
335.732
333.629
327.542
317.944
305.968
305.629
305.324
305.569
314.099
319.979
322.001
320.13
314.627
306.3
306.262
306.314
306.433
306.593
306.752
307.194
307.938
308.403
309.343
311.76
326.717
331.174
333.38
329.721
318.155
310.156
308.513
307.964
306.922
306.508
306.218
305.974
305.781
305.66
305.689
311.683
316.505
317.971
315.541
308.801
304.566
304.594
304.806
305.013
319.007
328.863
334.789
336.778
334.787
328.854
318.992
305.011
304.813
304.6
304.57
308.773
315.511
317.942
316.481
311.667
305.685
305.656
305.778
305.971
306.215
306.504
306.919
307.96
308.508
310.14
318.315
329.916
333.58
339.151
336.903
330.859
324.676
319.61
313.602
308.341
306.129
305.782
305.447
305.161
304.892
304.573
307.304
312.203
313.795
311.37
304.193
303.247
303.67
304.007
305.246
320.186
330.101
335.889
337.803
335.886
330.093
320.175
305.231
304.022
303.68
303.255
304.173
311.351
313.775
312.185
307.294
304.568
304.889
305.158
305.444
305.779
306.126
308.344
313.617
319.644
324.734
330.981
337.055
339.311
345.417
343.881
339.71
334.195
327.958
320.696
312.651
306.107
305.32
304.86
304.511
304.162
303.775
303.814
307.208
309.636
307.952
302.684
302.648
302.821
302.945
309.542
322.392
331.464
336.865
338.658
336.862
331.458
322.384
309.531
302.958
302.833
302.661
302.695
307.945
309.622
307.19
303.812
303.775
304.16
304.508
304.857
305.318
306.125
312.687
320.749
328.027
334.282
339.824
344.013
345.555
350.755
349.495
345.904
340.436
333.332
324.571
314.55
305.308
304.207
304.151
303.849
303.457
302.997
302.425
303.405
305.59
304.15
301.86
301.873
302.009
302.06
313.512
324.374
332.499
337.447
339.103
337.445
332.495
324.37
313.508
302.069
302.018
301.882
301.868
304.142
305.58
303.394
302.426
302.997
303.456
303.846
304.146
304.201
305.33
314.625
324.665
333.433
340.543
346.02
349.618
350.881
354.613
353.439
349.974
344.314
336.363
325.707
311.754
304.713
304.007
303.675
303.263
302.81
302.319
301.785
301.231
301.551
300.901
300.466
300.962
301.271
301.34
314.614
325.096
332.709
337.321
338.864
337.319
332.707
325.093
314.613
301.345
301.278
300.97
300.473
300.9
301.548
301.232
301.786
302.319
302.809
303.261
303.669
303.996
304.689
311.909
325.855
336.495
344.437
350.095
353.559
354.734
356.821
355.674
352.241
346.482
338.099
326.14
307.966
305.381
304.317
303.259
302.707
302.187
301.67
301.155
300.647
300.15
299.627
299.903
300.226
300.673
301.222
314.515
324.685
331.922
336.263
337.711
336.262
331.919
324.682
314.512
301.221
300.681
300.233
299.908
299.632
300.152
300.649
301.156
301.671
302.187
302.707
303.256
304.3
305.359
308.306
326.352
338.256
346.615
352.362
355.79
356.936
357.322
356.194
352.835
347.274
339.41
328.792
314.386
306.662
304.994
303.581
302.102
301.548
301.006
300.504
300.04
299.628
299.313
299.279
299.354
299.474
300.899
313.541
323.208
330.029
334.1
335.455
334.099
330.026
323.204
313.535
300.886
299.481
299.359
299.284
299.317
299.63
300.042
300.506
301.008
301.551
302.107
303.559
304.961
306.803
314.672
328.991
339.563
347.403
352.95
356.303
357.43
356.079
354.945
351.63
346.371
339.474
331.234
322.342
315.79
311.546
307.235
301.388
300.887
300.29
299.803
299.37
298.995
298.705
298.535
298.423
298.303
299.474
311.543
320.575
326.886
330.653
331.912
330.652
326.884
320.571
311.537
299.462
298.305
298.427
298.539
298.708
298.998
299.372
299.805
300.292
300.89
301.397
307.245
311.574
315.891
322.5
331.38
339.601
346.483
351.733
355.043
356.176
353.104
351.876
348.368
343.106
336.883
330.326
323.963
318.621
314.166
309.537
303.511
299.615
299.451
299.037
298.63
298.266
297.963
297.722
297.489
297.137
297.408
308.584
316.663
322.287
325.713
326.887
325.712
322.285
316.661
308.581
297.409
297.141
297.493
297.725
297.966
298.268
298.632
299.039
299.452
299.614
303.52
309.555
314.202
318.691
324.06
330.428
336.979
343.196
348.455
351.96
353.187
348.584
347.088
342.862
336.801
330.625
325.225
320.562
316.564
312.96
309.236
304.871
299.783
298.85
298.253
297.832
297.464
297.148
296.886
296.664
296.487
296.524
304.722
311.208
315.885
319.026
320.21
319.025
315.884
311.206
304.721
296.527
296.49
296.666
296.889
297.15
297.466
297.834
298.254
298.851
299.782
304.878
309.252
312.989
316.61
320.622
325.291
330.692
336.868
342.929
347.156
348.652
343.053
341.032
335.189
326.613
319.59
315.389
312.494
310.115
307.875
305.576
302.958
299.744
297.342
297.279
296.971
296.597
296.267
296
295.779
295.611
295.598
298.813
303.561
307.019
310.296
311.902
310.295
307.018
303.559
298.81
295.6
295.613
295.781
296.001
296.269
296.598
296.973
297.28
297.344
299.742
302.962
305.586
307.892
310.14
312.526
315.424
319.628
326.656
335.238
341.084
343.107
337.566
334.797
326.25
310.889
301.761
300.256
299.914
299.527
298.85
298.234
297.642
297.055
296.558
296.536
296.166
295.672
295.312
295.053
294.831
294.567
294.061
293.312
293.203
294.335
299.238
302.808
299.235
294.333
293.203
293.312
294.062
294.568
294.832
295.054
295.313
295.673
296.167
296.538
296.559
297.058
297.644
298.237
298.854
299.532
299.919
300.262
301.768
310.907
326.282
334.836
337.607
333.616
330.341
320.129
301.554
300.477
300.031
299.805
299.345
298.688
298.144
297.582
297.024
296.558
296.13
295.471
294.6
294.245
294.056
293.913
293.753
293.519
293.248
293.151
293.14
293.901
296.855
293.9
293.141
293.151
293.249
293.519
293.753
293.914
294.056
294.246
294.601
295.472
296.132
296.56
297.026
297.584
298.147
298.691
299.35
299.81
300.036
300.483
301.56
320.151
330.371
333.649
332.218
328.82
318.38
300.451
300.359
300.042
299.738
299.287
298.706
298.15
297.593
297.046
296.53
295.944
294.975
293
293
293
293
293
293
293
293
293
293
293
293
293
293
293
293
293
293
293
293
293
294.975
295.946
296.531
297.048
297.595
298.153
298.71
299.291
299.742
300.047
300.365
300.457
318.399
328.847
332.248
