308.658
308.125
307.099
306.248
305.509
304.823
304.178
303.555
302.964
302.387
301.835
301.313
300.815
300.345
299.903
299.486
299.086
298.704
298.334
297.98
297.638
297.303
296.973
296.659
296.365
296.094
295.786
295.412
294.93
294.236
293
293
293
293
293
293
293
293
293
293
293
293
293
293
293
293
293
293
293
293
293
293
293
293
293
293
293
293
293
293
293
293
293
293
293
293
293
293
293
293
293
294.236
294.93
295.412
295.786
296.094
296.365
296.659
296.973
297.303
297.638
297.98
298.334
298.704
299.086
299.486
299.903
300.345
300.815
301.313
301.835
302.387
302.964
303.555
304.178
304.823
305.509
306.248
307.099
308.125
308.658
308.775
308.259
307.219
306.329
305.566
304.865
304.211
303.58
302.981
302.406
301.851
301.328
300.829
300.358
299.915
299.498
299.097
298.717
298.35
297.996
297.655
297.32
296.99
296.675
296.381
296.11
295.817
295.465
295.035
294.504
293.905
293.66
293.539
293.468
293.422
293.387
293.36
293.337
293.317
293.297
293.279
293.261
293.246
293.233
293.222
293.213
293.206
293.201
293.197
293.195
293.194
293.195
293.197
293.201
293.206
293.213
293.222
293.233
293.246
293.261
293.279
293.297
293.317
293.337
293.36
293.387
293.422
293.468
293.539
293.66
293.905
294.504
295.035
295.465
295.817
296.11
296.381
296.675
296.99
297.32
297.655
297.996
298.35
298.717
299.097
299.498
299.915
300.358
300.829
301.328
301.851
302.406
302.981
303.58
304.211
304.865
305.566
306.329
307.219
308.259
308.775
309.074
308.598
307.542
306.57
305.746
305.004
304.318
303.667
303.048
302.466
301.908
301.378
300.877
300.404
299.96
299.542
299.142
298.764
298.406
298.054
297.715
297.383
297.054
296.737
296.442
296.17
295.903
295.594
295.236
294.84
294.452
294.193
294.024
293.91
293.828
293.764
293.713
293.669
293.63
293.591
293.552
293.518
293.487
293.461
293.44
293.422
293.408
293.397
293.389
293.385
293.383
293.385
293.389
293.397
293.408
293.422
293.44
293.461
293.487
293.518
293.552
293.591
293.63
293.669
293.713
293.764
293.828
293.91
294.024
294.193
294.452
294.84
295.236
295.594
295.903
296.17
296.442
296.737
297.054
297.383
297.715
298.054
298.406
298.764
299.142
299.542
299.96
300.404
300.877
301.378
301.908
302.466
303.048
303.667
304.318
305.004
305.746
306.57
307.542
308.598
309.074
309.422
308.977
307.928
306.894
306.01
305.218
304.492
303.813
303.17
302.572
302.005
301.469
300.965
300.49
300.046
299.631
299.236
298.861
298.51
298.163
297.83
297.502
297.179
296.863
296.565
296.289
296.036
295.77
295.473
295.162
294.868
294.631
294.452
294.317
294.211
294.127
294.056
293.994
293.938
293.888
293.844
293.806
293.773
293.745
293.721
293.701
293.685
293.673
293.664
293.659
293.657
293.659
293.664
293.673
293.685
293.701
293.721
293.745
293.773
293.806
293.844
293.888
293.938
293.994
294.056
294.127
294.211
294.317
294.452
294.631
294.868
295.162
295.473
295.77
296.036
296.289
296.565
296.863
297.179
297.502
297.83
298.163
298.51
298.861
299.236
299.631
300.046
300.49
300.965
301.469
302.005
302.572
303.17
303.813
304.492
305.218
306.01
306.894
307.928
308.977
309.422
309.708
309.272
308.221
307.158
306.238
305.415
304.66
303.96
303.3
302.691
302.114
301.574
301.07
300.598
300.158
299.747
299.36
298.992
298.645
298.306
297.978
297.658
297.343
297.033
296.737
296.462
296.21
295.973
295.722
295.466
295.222
295.01
294.834
294.69
294.571
294.472
294.386
294.31
294.244
294.187
294.139
294.097
294.062
294.031
294.005
293.984
293.966
293.953
293.943
293.938
293.936
293.938
293.943
293.953
293.966
293.984
294.005
294.031
294.062
294.097
294.139
294.187
294.244
294.31
294.386
294.472
294.571
294.69
294.834
295.01
295.222
295.466
295.722
295.973
296.21
296.462
296.737
297.033
297.343
297.658
297.978
298.306
298.645
298.992
299.36
299.747
300.158
300.598
301.07
301.574
302.114
302.691
303.3
303.96
304.66
305.415
306.238
307.158
308.221
309.272
309.708
309.911
309.471
308.413
307.34
306.405
305.568
304.799
304.089
303.421
302.805
302.225
301.687
301.186
300.721
300.287
299.883
299.505
299.145
298.803
298.473
298.153
297.842
297.536
297.237
296.946
296.674
296.421
296.193
295.974
295.753
295.542
295.349
295.18
295.034
294.909
294.8
294.704
294.619
294.547
294.487
294.436
294.392
294.354
294.322
294.294
294.271
294.253
294.238
294.228
294.222
294.22
294.222
294.228
294.238
294.253
294.271
294.294
294.322
294.354
294.392
294.436
294.487
294.547
294.619
294.704
294.8
294.909
295.034
295.18
295.349
295.542
295.753
295.974
296.193
296.421
296.674
296.946
297.237
297.536
297.842
298.153
298.473
298.803
299.145
299.505
299.883
300.287
300.721
301.186
301.687
302.225
302.805
303.421
304.089
304.799
305.568
306.405
307.34
308.413
309.471
309.911
310.042
309.596
308.533
307.459
306.523
305.681
304.908
304.195
303.529
302.912
302.336
301.805
301.312
300.855
300.431
300.035
299.665
299.315
298.98
298.659
298.348
298.046
297.752
297.464
297.184
296.916
296.666
296.436
296.226
296.029
295.839
295.662
295.5
295.356
295.227
295.112
295.011
294.926
294.853
294.791
294.737
294.691
294.651
294.617
294.589
294.565
294.546
294.531
294.521
294.515
294.513
294.515
294.521
294.531
294.546
294.565
294.589
294.617
294.651
294.691
294.737
294.791
294.853
294.926
295.011
295.112
295.227
295.356
295.5
295.662
295.839
296.029
296.226
296.436
296.666
296.916
297.184
297.464
297.752
298.046
298.348
298.659
298.98
299.315
299.665
300.035
300.431
300.855
301.312
301.805
302.336
302.912
303.529
304.195
304.908
305.681
306.523
307.459
308.533
309.596
310.042
310.124
309.673
308.611
307.543
306.61
305.77
305
304.289
303.629
303.018
302.452
301.931
301.449
301.002
300.588
300.201
299.839
299.497
299.171
298.859
298.558
298.267
297.983
297.707
297.439
297.18
296.935
296.707
296.496
296.301
296.122
295.955
295.8
295.659
295.532
295.419
295.321
295.236
295.163
295.099
295.044
294.996
294.955
294.92
294.891
294.866
294.847
294.832
294.821
294.815
294.813
294.815
294.821
294.832
294.847
294.866
294.891
294.92
294.955
294.996
295.044
295.099
295.163
295.236
295.321
295.419
295.532
295.659
295.8
295.955
296.122
296.301
296.496
296.707
296.935
297.18
297.439
297.707
297.983
298.267
298.558
298.859
299.171
299.497
299.839
300.201
300.588
301.002
301.449
301.931
302.452
303.018
303.629
304.289
305
305.77
306.61
307.543
308.611
309.673
310.124
310.174
309.721
308.666
307.609
306.681
305.847
305.083
304.379
303.728
303.129
302.576
302.068
301.598
301.163
300.759
300.381
300.027
299.693
299.376
299.072
298.781
298.499
298.226
297.962
297.706
297.458
297.221
296.997
296.789
296.596
296.418
296.254
296.103
295.967
295.844
295.734
295.637
295.552
295.478
295.413
295.357
295.308
295.266
295.229
295.199
295.174
295.155
295.14
295.13
295.124
295.122
295.124
295.13
295.14
295.155
295.174
295.199
295.229
295.266
295.308
295.357
295.413
295.478
295.552
295.637
295.734
295.844
295.967
296.103
296.254
296.418
296.596
296.789
296.997
297.221
297.458
297.706
297.962
298.226
298.499
298.781
299.072
299.376
299.693
300.027
300.381
300.759
301.163
301.598
302.068
302.576
303.129
303.728
304.379
305.083
305.847
306.681
307.609
308.666
309.721
310.174
310.205
309.754
308.711
307.667
306.748
305.921
305.166
304.473
303.835
303.25
302.713
302.218
301.762
301.338
300.944
300.575
300.229
299.903
299.593
299.298
299.015
298.742
298.479
298.225
297.98
297.743
297.516
297.3
297.096
296.906
296.731
296.57
296.422
296.287
296.166
296.057
295.961
295.875
295.8
295.733
295.675
295.625
295.582
295.546
295.516
295.491
295.471
295.456
295.446
295.439
295.437
295.439
295.446
295.456
295.471
295.491
295.516
295.546
295.582
295.625
295.675
295.733
295.8
295.875
295.961
296.057
296.166
296.287
296.422
296.57
296.731
296.906
297.096
297.3
297.516
297.743
297.98
298.225
298.479
298.742
299.015
299.298
299.593
299.903
300.229
300.575
300.944
301.338
301.762
302.218
302.713
303.25
303.835
304.473
305.166
305.921
306.748
307.667
308.711
309.754
310.205
310.227
309.778
308.752
307.723
306.816
306
305.257
304.577
303.955
303.386
302.864
302.384
301.94
301.528
301.144
300.784
300.445
300.126
299.823
299.534
299.259
298.995
298.741
298.496
298.26
298.033
297.815
297.608
297.411
297.226
297.053
296.894
296.748
296.615
296.495
296.386
296.289
296.203
296.126
296.06
296.001
295.951
295.907
295.87
295.839
295.814
295.793
295.778
295.767
295.76
295.758
295.76
295.767
295.778
295.793
295.814
295.839
295.87
295.907
295.951
296.001
296.06
296.126
296.203
296.289
296.386
296.495
296.615
296.748
296.894
297.053
297.226
297.411
297.608
297.815
298.033
298.26
298.496
298.741
298.995
299.259
299.534
299.823
300.126
300.445
300.784
301.144
301.528
301.94
302.384
302.864
303.386
303.955
304.577
305.257
306
306.816
307.723
308.752
309.778
310.227
310.243
309.8
308.793
307.783
306.89
306.087
305.359
304.696
304.09
303.538
303.032
302.566
302.135
301.734
301.358
301.006
300.675
300.361
300.065
299.783
299.513
299.256
299.009
298.772
298.544
298.326
298.116
297.917
297.727
297.549
297.381
297.225
297.082
296.95
296.83
296.722
296.625
296.538
296.461
296.393
296.334
296.282
296.238
296.2
296.168
296.142
296.121
296.105
296.093
296.087
296.084
296.087
296.093
296.105
296.121
296.142
296.168
296.2
296.238
296.282
296.334
296.393
296.461
296.538
296.625
296.722
296.83
296.95
297.082
297.225
297.381
297.549
297.727
297.917
298.116
298.326
298.544
298.772
299.009
299.256
299.513
299.783
300.065
300.361
300.675
301.006
301.358
301.734
302.135
302.566
303.032
303.538
304.09
304.696
305.359
306.087
306.89
307.783
308.793
309.8
310.243
310.259
309.822
308.838
307.85
306.974
306.187
305.476
304.831
304.244
303.708
303.217
302.765
302.346
301.954
301.588
301.243
300.918
300.61
300.318
300.041
299.777
299.526
299.286
299.055
298.834
298.623
298.42
298.227
298.044
297.871
297.709
297.557
297.417
297.287
297.169
297.061
296.964
296.877
296.8
296.731
296.671
296.618
296.573
296.534
296.501
296.474
296.453
296.436
296.424
296.418
296.415
296.418
296.424
296.436
296.453
296.474
296.501
296.534
296.573
296.618
296.671
296.731
296.8
296.877
296.964
297.061
297.169
297.287
297.417
297.557
297.709
297.871
298.044
298.227
298.42
298.623
298.834
299.055
299.286
299.526
299.777
300.041
300.318
300.61
300.918
301.243
301.588
301.954
302.346
302.765
303.217
303.708
304.244
304.831
305.476
306.187
306.974
307.85
308.838
309.822
310.259
310.276
309.848
308.891
307.927
307.07
306.303
305.611
304.984
304.415
303.896
303.421
302.981
302.573
302.191
301.832
301.494
301.174
300.871
300.584
300.311
300.051
299.804
299.569
299.344
299.128
298.923
298.727
298.54
298.362
298.194
298.037
297.889
297.751
297.624
297.508
297.401
297.305
297.218
297.14
297.071
297.011
296.957
296.911
296.872
296.838
296.811
296.789
296.772
296.76
296.753
296.751
296.753
296.76
296.772
296.789
296.811
296.838
296.872
296.911
296.957
297.011
297.071
297.14
297.218
297.305
297.401
297.508
297.624
297.751
297.889
298.037
298.194
298.362
298.54
298.727
298.923
299.128
299.344
299.569
299.804
300.051
300.311
300.584
300.871
301.174
301.494
301.832
302.191
302.573
302.981
303.421
303.896
304.415
304.984
305.611
306.303
307.07
307.927
308.891
309.848
310.276
310.298
309.881
308.952
308.015
307.181
306.435
305.763
305.157
304.606
304.103
303.641
303.213
302.815
302.441
302.089
301.757
301.443
301.144
300.861
300.591
300.335
300.091
299.859
299.638
299.428
299.227
299.036
298.854
298.681
298.518
298.364
298.22
298.086
297.961
297.847
297.742
297.647
297.56
297.483
297.414
297.353
297.299
297.253
297.213
297.179
297.151
297.129
297.112
297.1
297.092
297.09
297.092
297.1
297.112
297.129
297.151
297.179
297.213
297.253
297.299
297.353
297.414
297.483
297.56
297.647
297.742
297.847
297.961
298.086
298.22
298.364
298.518
298.681
298.854
299.036
299.227
299.428
299.638
299.859
300.091
300.335
300.591
300.861
301.144
301.443
301.757
302.089
302.441
302.815
303.213
303.641
304.103
304.606
305.157
305.763
306.435
307.181
308.015
308.952
309.881
310.298
310.327
309.921
309.024
308.117
307.308
306.585
305.935
305.348
304.815
304.327
303.878
303.461
303.072
302.706
302.36
302.033
301.723
301.429
301.148
300.882
300.628
300.387
300.157
299.939
299.732
299.535
299.347
299.17
299.001
298.842
298.692
298.551
298.42
298.298
298.186
298.083
297.988
297.903
297.826
297.758
297.697
297.643
297.597
297.557
297.523
297.495
297.473
297.455
297.443
297.436
297.434
297.436
297.443
297.455
297.473
297.495
297.523
297.557
297.597
297.643
297.697
297.758
297.826
297.903
297.988
298.083
298.186
298.298
298.42
298.551
298.692
298.842
299.001
299.17
299.347
299.535
299.732
299.939
300.157
300.387
300.628
300.882
301.148
301.429
301.723
302.033
302.36
302.706
303.072
303.461
303.878
304.327
304.815
305.348
305.935
306.585
307.308
308.117
309.024
309.921
310.327
310.365
309.972
309.11
308.235
307.454
306.755
306.127
305.558
305.042
304.568
304.131
303.724
303.343
302.984
302.644
302.322
302.016
301.724
301.447
301.182
300.931
300.691
300.463
300.247
300.042
299.847
299.663
299.488
299.323
299.167
299.02
298.883
298.754
298.635
298.524
298.423
298.33
298.246
298.171
298.103
298.042
297.989
297.943
297.903
297.87
297.842
297.82
297.803
297.79
297.783
297.781
297.783
297.79
297.803
297.82
297.842
297.87
297.903
297.943
297.989
298.042
298.103
298.171
298.246
298.33
298.423
298.524
298.635
298.754
298.883
299.02
299.167
299.323
299.488
299.663
299.847
300.042
300.247
300.463
300.691
300.931
301.182
301.447
301.724
302.016
302.322
302.644
302.984
303.343
303.724
304.131
304.568
305.042
305.558
306.127
306.755
307.454
308.235
309.11
309.972
310.365
310.413
310.035
309.211
308.37
307.618
306.944
306.337
305.788
305.287
304.826
304.4
304.001
303.627
303.274
302.94
302.622
302.319
302.03
301.755
301.493
301.242
301.004
300.777
300.562
300.358
300.165
299.982
299.81
299.647
299.493
299.349
299.214
299.088
298.971
298.863
298.764
298.673
298.59
298.515
298.449
298.389
298.337
298.292
298.252
298.219
298.192
298.17
298.153
298.141
298.134
298.132
298.134
298.141
298.153
298.17
298.192
298.219
298.252
298.292
298.337
298.389
298.449
298.515
298.59
298.673
298.764
298.863
298.971
299.088
299.214
299.349
299.493
299.647
299.81
299.982
300.165
300.358
300.562
300.777
301.004
301.242
301.493
301.755
302.03
302.319
302.622
302.94
303.274
303.627
304.001
304.4
304.826
305.287
305.788
306.337
306.944
307.618
308.37
309.211
310.035
310.413
310.473
310.113
309.33
308.525
307.802
307.153
306.567
306.034
305.548
305.099
304.682
304.292
303.924
303.577
303.247
302.932
302.633
302.347
302.073
301.812
301.563
301.326
301.1
300.885
300.681
300.489
300.307
300.135
299.974
299.822
299.68
299.547
299.423
299.308
299.202
299.105
299.015
298.934
298.861
298.796
298.738
298.686
298.642
298.604
298.571
298.545
298.523
298.507
298.496
298.489
298.486
298.489
298.496
298.507
298.523
298.545
298.571
298.604
298.642
298.686
298.738
298.796
298.861
298.934
299.015
299.105
299.202
299.308
299.423
299.547
299.68
299.822
299.974
300.135
300.307
300.489
300.681
300.885
301.1
301.326
301.563
301.812
302.073
302.347
302.633
302.932
303.247
303.577
303.924
304.292
304.682
305.099
305.548
306.034
306.567
307.153
307.802
308.525
309.33
310.113
310.473
310.547
310.209
309.471
308.701
308.007
307.381
306.815
306.299
305.825
305.387
304.979
304.596
304.234
303.891
303.564
303.253
302.956
302.672
302.401
302.141
301.893
301.656
301.43
301.215
301.012
300.819
300.638
300.466
300.305
300.155
300.014
299.882
299.76
299.647
299.542
299.446
299.359
299.279
299.208
299.144
299.087
299.037
298.994
298.957
298.926
298.9
298.88
298.864
298.853
298.847
298.844
298.847
298.853
298.864
298.88
298.9
298.926
298.957
298.994
299.037
299.087
299.144
299.208
299.279
299.359
299.446
299.542
299.647
299.76
299.882
300.014
300.155
300.305
300.466
300.638
300.819
301.012
301.215
301.43
301.656
301.893
302.141
302.401
302.672
302.956
303.253
303.564
303.891
304.234
304.596
304.979
305.387
305.825
306.299
306.815
307.381
308.007
308.701
309.471
310.209
310.547
310.639
310.327
309.634
308.899
308.232
307.628
307.08
306.579
306.118
305.689
305.289
304.912
304.555
304.216
303.893
303.584
303.289
303.007
302.737
302.478
302.23
301.994
301.768
301.554
301.35
301.157
300.975
300.804
300.643
300.492
300.351
300.221
300.099
299.988
299.885
299.79
299.704
299.626
299.557
299.494
299.439
299.391
299.349
299.313
299.283
299.259
299.239
299.224
299.214
299.207
299.205
299.207
299.214
299.224
299.239
299.259
299.283
299.313
299.349
299.391
299.439
299.494
299.557
299.626
299.704
299.79
299.885
299.988
300.099
300.221
300.351
300.492
300.643
300.804
300.975
301.157
301.35
301.554
301.768
301.994
302.23
302.478
302.737
303.007
303.289
303.584
303.893
304.216
304.555
304.912
305.289
305.689
306.118
306.579
307.08
307.628
308.232
308.899
309.634
310.327
310.639
310.753
310.469
309.821
309.119
308.477
307.893
307.362
306.875
306.424
306.005
305.611
305.239
304.887
304.551
304.231
303.925
303.632
303.351
303.081
302.823
302.576
302.34
302.114
301.9
301.695
301.502
301.319
301.147
300.986
300.836
300.695
300.565
300.444
300.333
300.23
300.137
300.053
299.977
299.908
299.848
299.794
299.748
299.708
299.673
299.645
299.621
299.603
299.589
299.579
299.573
299.571
299.573
299.579
299.589
299.603
299.621
299.645
299.673
299.708
299.748
299.794
299.848
299.908
299.977
300.053
300.137
300.23
300.333
300.444
300.565
300.695
300.836
300.986
301.147
301.319
301.502
301.695
301.9
302.114
302.34
302.576
302.823
303.081
303.351
303.632
303.925
304.231
304.551
304.887
305.239
305.611
306.005
306.424
306.875
307.362
307.893
308.477
309.119
309.821
310.469
310.753
310.89
310.635
310.032
309.361
308.741
308.176
307.66
307.185
306.744
306.332
305.945
305.578
305.23
304.897
304.579
304.275
303.983
303.703
303.434
303.176
302.929
302.693
302.468
302.253
302.048
301.854
301.671
301.499
301.337
301.186
301.045
300.915
300.794
300.684
300.582
300.49
300.407
300.332
300.265
300.206
300.154
300.109
300.07
300.038
300.01
299.988
299.971
299.958
299.949
299.943
299.941
299.943
299.949
299.958
299.971
299.988
300.01
300.038
300.07
300.109
300.154
300.206
300.265
300.332
300.407
300.49
300.582
300.684
300.794
300.915
301.045
301.186
301.337
301.499
301.671
301.854
302.048
302.253
302.468
302.693
302.929
303.176
303.434
303.703
303.983
304.275
304.579
304.897
305.23
305.578
305.945
306.332
306.744
307.185
307.66
308.176
308.741
309.361
310.032
310.635
310.89
311.054
310.828
310.268
309.624
309.024
308.475
307.972
307.508
307.076
306.672
306.29
305.928
305.583
305.252
304.936
304.633
304.342
304.063
303.795
303.537
303.29
303.054
302.828
302.613
302.408
302.214
302.03
301.858
301.695
301.544
301.403
301.272
301.152
301.042
300.941
300.85
300.768
300.695
300.629
300.572
300.521
300.478
300.441
300.41
300.384
300.364
300.347
300.335
300.327
300.322
300.32
300.322
300.327
300.335
300.347
300.364
300.384
300.41
300.441
300.478
300.521
300.572
300.629
300.695
300.768
300.85
300.941
301.042
301.152
301.272
301.403
301.544
301.695
301.858
302.03
302.214
302.408
302.613
302.828
303.054
303.29
303.537
303.795
304.063
304.342
304.633
304.936
305.252
305.583
305.928
306.29
306.672
307.076
307.508
307.972
308.475
309.024
309.624
310.268
310.828
311.054
311.245
311.045
310.527
309.908
309.326
308.79
308.299
307.844
307.421
307.022
306.646
306.287
305.945
305.617
305.303
305.001
304.71
304.431
304.163
303.906
303.659
303.422
303.196
302.98
302.775
302.581
302.397
302.224
302.061
301.91
301.769
301.638
301.518
301.409
301.309
301.219
301.138
301.065
301.002
300.946
300.897
300.855
300.82
300.791
300.766
300.747
300.732
300.721
300.713
300.709
300.707
300.709
300.713
300.721
300.732
300.747
300.766
300.791
300.82
300.855
300.897
300.946
301.002
301.065
301.138
301.219
301.309
301.409
301.518
301.638
301.769
301.91
302.061
302.224
302.397
302.581
302.775
302.98
303.196
303.422
303.659
303.906
304.163
304.431
304.71
305.001
305.303
305.617
305.945
306.287
306.646
307.022
307.421
307.844
308.299
308.79
309.326
309.908
310.527
311.045
311.245
311.463
311.288
310.808
310.211
309.644
309.12
308.639
308.193
307.776
307.383
307.011
306.656
306.317
305.991
305.678
305.376
305.087
304.808
304.539
304.282
304.034
303.798
303.571
303.355
303.149
302.955
302.77
302.597
302.435
302.283
302.143
302.013
301.893
301.784
301.685
301.596
301.517
301.446
301.384
301.33
301.283
301.243
301.21
301.182
301.16
301.142
301.128
301.118
301.111
301.107
301.106
301.107
301.111
301.118
301.128
301.142
301.16
301.182
301.21
301.243
301.283
301.33
301.384
301.446
301.517
301.596
301.685
301.784
301.893
302.013
302.143
302.283
302.435
302.597
302.77
302.955
303.149
303.355
303.571
303.798
304.034
304.282
304.539
304.808
305.087
305.376
305.678
305.991
306.317
306.656
307.011
307.383
307.776
308.193
308.639
309.12
309.644
310.211
310.808
311.288
311.463
311.708
311.553
311.109
310.533
309.978
309.465
308.992
308.553
308.142
307.754
307.386
307.034
306.697
306.373
306.061
305.76
305.471
305.192
304.923
304.665
304.418
304.18
303.953
303.737
303.531
303.336
303.152
302.979
302.816
302.665
302.525
302.396
302.277
302.169
302.072
301.984
301.906
301.838
301.777
301.725
301.68
301.643
301.611
301.585
301.565
301.549
301.536
301.527
301.521
301.518
301.516
301.518
301.521
301.527
301.536
301.549
301.565
301.585
301.611
301.643
301.68
301.725
301.777
301.838
301.906
301.984
302.072
302.169
302.277
302.396
302.525
302.665
302.816
302.979
303.152
303.336
303.531
303.737
303.953
304.18
304.418
304.665
304.923
305.192
305.471
305.76
306.061
306.373
306.697
307.034
307.386
307.754
308.142
308.553
308.992
309.465
309.978
310.533
311.109
311.553
311.708
311.978
311.841
311.429
310.872
310.328
309.823
309.357
308.924
308.518
308.135
307.77
307.421
307.086
306.763
306.452
306.152
305.863
305.583
305.315
305.056
304.808
304.57
304.343
304.126
303.92
303.725
303.541
303.368
303.206
303.056
302.916
302.788
302.671
302.565
302.469
302.383
302.307
302.24
302.182
302.132
302.09
302.054
302.025
302.001
301.983
301.968
301.957
301.949
301.944
301.941
301.94
301.941
301.944
301.949
301.957
301.968
301.983
302.001
302.025
302.054
302.09
302.132
302.182
302.24
302.307
302.383
302.469
302.565
302.671
302.788
302.916
303.056
303.206
303.368
303.541
303.725
303.92
304.126
304.343
304.57
304.808
305.056
305.315
305.583
305.863
306.152
306.452
306.763
307.086
307.421
307.77
308.135
308.518
308.924
309.357
309.823
310.328
310.872
311.429
311.841
311.978
312.271
312.149
311.766
311.227
310.693
310.194
309.734
309.306
308.904
308.524
308.162
307.816
307.482
307.161
306.851
306.551
306.262
305.983
305.714
305.455
305.206
304.968
304.74
304.524
304.318
304.123
303.939
303.766
303.605
303.456
303.318
303.191
303.075
302.971
302.877
302.793
302.72
302.655
302.6
302.552
302.512
302.479
302.452
302.431
302.414
302.401
302.392
302.385
302.381
302.378
302.378
302.378
302.381
302.385
302.392
302.401
302.414
302.431
302.452
302.479
302.512
302.552
302.6
302.655
302.72
302.793
302.877
302.971
303.075
303.191
303.318
303.456
303.605
303.766
303.939
304.123
304.318
304.524
304.74
304.968
305.206
305.455
305.714
305.983
306.262
306.551
306.851
307.161
307.482
307.816
308.162
308.524
308.904
309.306
309.734
310.194
310.693
311.227
311.766
312.149
312.271
312.586
312.476
312.12
311.597
311.072
310.578
310.123
309.698
309.3
308.923
308.563
308.218
307.886
307.566
307.257
306.957
306.668
306.389
306.12
305.861
305.612
305.374
305.146
304.929
304.723
304.529
304.345
304.174
304.014
303.866
303.729
303.604
303.491
303.388
303.297
303.216
303.145
303.083
303.031
302.986
302.949
302.918
302.894
302.875
302.86
302.849
302.841
302.836
302.832
302.83
302.83
302.83
302.832
302.836
302.841
302.849
302.86
302.875
302.894
302.918
302.949
302.986
303.031
303.083
303.145
303.216
303.297
303.388
303.491
303.604
303.729
303.866
304.014
304.174
304.345
304.529
304.723
304.929
305.146
305.374
305.612
305.861
306.12
306.389
306.668
306.957
307.257
307.566
307.886
308.218
308.563
308.923
309.3
309.698
310.123
310.578
311.072
311.597
312.12
312.476
312.586
312.921
312.822
312.49
311.983
311.464
310.975
310.523
310.101
309.705
309.33
308.972
308.628
308.298
307.978
307.669
307.371
307.082
306.802
306.533
306.274
306.025
305.787
305.559
305.343
305.137
304.944
304.762
304.591
304.433
304.286
304.152
304.029
303.918
303.819
303.73
303.652
303.584
303.526
303.476
303.434
303.4
303.372
303.35
303.333
303.321
303.312
303.305
303.301
303.298
303.297
303.297
303.297
303.298
303.301
303.305
303.312
303.321
303.333
303.35
303.372
303.4
303.434
303.476
303.526
303.584
303.652
303.73
303.819
303.918
304.029
304.152
304.286
304.433
304.591
304.762
304.944
305.137
305.343
305.559
305.787
306.025
306.274
306.533
306.802
307.082
307.371
307.669
307.978
308.298
308.628
308.972
309.33
309.705
310.101
310.523
310.975
311.464
311.983
312.49
312.822
312.921
313.275
313.185
312.875
312.382
311.87
311.384
310.934
310.515
310.12
309.746
309.389
309.046
308.716
308.397
308.089
307.79
307.501
307.223
306.953
306.695
306.446
306.208
305.981
305.765
305.561
305.368
305.188
305.019
304.863
304.719
304.587
304.467
304.359
304.262
304.177
304.103
304.038
303.983
303.936
303.898
303.867
303.842
303.823
303.808
303.798
303.79
303.785
303.782
303.78
303.78
303.779
303.78
303.78
303.782
303.785
303.79
303.798
303.808
303.823
303.842
303.867
303.898
303.936
303.983
304.038
304.103
304.177
304.262
304.359
304.467
304.587
304.719
304.863
305.019
305.188
305.368
305.561
305.765
305.981
306.208
306.446
306.695
306.953
307.223
307.501
307.79
308.089
308.397
308.716
309.046
309.389
309.746
310.12
310.515
310.934
311.384
311.87
312.382
312.875
313.185
313.275
313.646
313.565
313.274
312.795
312.288
311.805
311.357
310.939
310.545
310.172
309.815
309.472
309.142
308.823
308.515
308.216
307.928
307.649
307.381
307.122
306.874
306.637
306.412
306.197
305.994
305.803
305.625
305.458
305.305
305.164
305.035
304.918
304.814
304.721
304.639
304.568
304.508
304.456
304.413
304.378
304.35
304.329
304.312
304.3
304.292
304.286
304.282
304.28
304.279
304.279
304.278
304.279
304.279
304.28
304.282
304.286
304.292
304.3
304.312
304.329
304.35
304.378
304.413
304.456
304.508
304.568
304.639
304.721
304.814
304.918
305.035
305.164
305.305
305.458
305.625
305.803
305.994
306.197
306.412
306.637
306.874
307.122
307.381
307.649
307.928
308.216
308.515
308.823
309.142
309.472
309.815
310.172
310.545
310.939
311.357
311.805
312.288
312.795
313.274
313.565
313.646
314.035
313.96
313.688
313.222
312.72
312.239
311.791
311.373
310.98
310.607
310.249
309.907
309.576
309.257
308.948
308.649
308.361
308.083
307.815
307.557
307.311
307.075
306.851
306.638
306.438
306.249
306.073
305.91
305.76
305.622
305.497
305.384
305.284
305.195
305.118
305.051
304.994
304.947
304.908
304.876
304.852
304.833
304.819
304.81
304.803
304.799
304.797
304.796
304.795
304.795
304.795
304.795
304.795
304.796
304.797
304.799
304.803
304.81
304.819
304.833
304.852
304.876
304.908
304.947
304.994
305.051
305.118
305.195
305.284
305.384
305.497
305.622
305.76
305.91
306.073
306.249
306.438
306.638
306.851
307.075
307.311
307.557
307.815
308.083
308.361
308.649
308.948
309.257
309.576
309.907
310.249
310.607
310.98
311.373
311.791
312.239
312.72
313.222
313.688
313.96
314.035
314.44
314.371
314.115
313.662
313.165
312.685
312.238
311.819
311.425
311.051
310.693
310.349
310.018
309.698
309.388
309.09
308.801
308.523
308.256
308
307.755
307.521
307.299
307.089
306.891
306.706
306.534
306.375
306.229
306.095
305.974
305.866
305.77
305.686
305.613
305.551
305.498
305.455
305.42
305.393
305.372
305.356
305.345
305.338
305.333
305.33
305.329
305.329
305.329
305.329
305.329
305.329
305.329
305.329
305.329
305.33
305.333
305.338
305.345
305.356
305.372
305.393
305.42
305.455
305.498
305.551
305.613
305.686
305.77
305.866
305.974
306.095
306.229
306.375
306.534
306.706
306.891
307.089
307.299
307.521
307.755
308
308.256
308.523
308.801
309.09
309.388
309.698
310.018
310.349
310.693
311.051
311.425
311.819
312.238
312.685
313.165
313.662
314.115
314.371
314.44
314.861
314.798
314.557
314.116
313.624
313.145
312.696
312.277
311.882
311.506
311.146
310.801
310.468
310.147
309.837
309.538
309.25
308.972
308.706
308.451
308.208
307.977
307.757
307.551
307.357
307.176
307.008
306.854
306.712
306.584
306.468
306.365
306.275
306.195
306.127
306.07
306.022
305.983
305.952
305.928
305.91
305.897
305.888
305.882
305.879
305.877
305.877
305.878
305.878
305.879
305.879
305.879
305.878
305.878
305.877
305.877
305.879
305.882
305.888
305.897
305.91
305.928
305.952
305.983
306.022
306.07
306.127
306.195
306.275
306.365
306.468
306.584
306.712
306.854
307.008
307.176
307.357
307.551
307.757
307.977
308.208
308.451
308.706
308.972
309.25
309.538
309.837
310.147
310.468
310.801
311.146
311.506
311.882
312.277
312.696
313.145
313.624
314.116
314.557
314.798
314.861
315.298
315.24
315.013
314.584
314.097
313.618
313.168
312.747
312.35
311.972
311.61
311.263
310.928
310.606
310.295
309.995
309.707
309.43
309.165
308.912
308.671
308.443
308.227
308.025
307.835
307.659
307.497
307.348
307.212
307.089
306.979
306.882
306.797
306.723
306.66
306.608
306.565
306.53
306.503
306.483
306.469
306.459
306.453
306.45
306.449
306.449
306.45
306.451
306.452
306.452
306.453
306.452
306.452
306.451
306.45
306.449
306.449
306.45
306.453
306.459
306.469
306.483
306.503
306.53
306.565
306.608
306.66
306.723
306.797
306.882
306.979
307.089
307.212
307.348
307.497
307.659
307.835
308.025
308.227
308.443
308.671
308.912
309.165
309.43
309.707
309.995
310.295
310.606
310.928
311.263
311.61
311.972
312.35
312.747
313.168
313.618
314.097
314.584
315.013
315.24
315.298
315.752
315.697
315.484
315.068
314.585
314.105
313.654
313.23
312.83
312.449
312.085
311.735
311.399
311.074
310.762
310.462
310.174
309.898
309.634
309.383
309.145
308.921
308.71
308.512
308.328
308.158
308.001
307.858
307.729
307.613
307.51
307.419
307.339
307.271
307.214
307.167
307.128
307.098
307.075
307.058
307.045
307.037
307.032
307.029
307.029
307.03
307.032
307.033
307.035
307.036
307.036
307.036
307.035
307.033
307.032
307.03
307.029
307.029
307.032
307.037
307.045
307.058
307.075
307.098
307.128
307.167
307.214
307.271
307.339
307.419
307.51
307.613
307.729
307.858
308.001
308.158
308.328
308.512
308.71
308.921
309.145
309.383
309.634
309.898
310.174
310.462
310.762
311.074
311.399
311.735
312.085
312.449
312.83
313.23
313.654
314.105
314.585
315.068
315.484
315.697
315.752
316.222
316.172
315.971
315.568
315.089
314.609
314.156
313.729
313.325
312.94
312.572
312.219
311.88
311.554
311.241
310.94
310.652
310.377
310.116
309.868
309.634
309.413
309.207
309.015
308.837
308.674
308.524
308.388
308.266
308.156
308.06
307.975
307.902
307.84
307.789
307.746
307.713
307.687
307.668
307.654
307.645
307.64
307.638
307.638
307.639
307.641
307.643
307.644
307.646
307.647
307.647
307.647
307.646
307.644
307.643
307.641
307.639
307.638
307.638
307.64
307.645
307.654
307.668
307.687
307.713
307.746
307.789
307.84
307.902
307.975
308.06
308.156
308.266
308.388
308.524
308.674
308.837
309.015
309.207
309.413
309.634
309.868
310.116
310.377
310.652
310.94
311.241
311.554
311.88
312.219
312.572
312.94
313.325
313.729
314.156
314.609
315.089
315.568
315.971
316.172
316.222
316.71
316.664
316.476
316.086
315.612
315.132
314.675
314.243
313.834
313.445
313.073
312.717
312.375
312.047
311.732
311.431
311.144
310.871
310.613
310.368
310.138
309.923
309.723
309.537
309.366
309.209
309.067
308.939
308.824
308.722
308.632
308.555
308.488
308.432
308.386
308.349
308.32
308.298
308.282
308.271
308.264
308.26
308.259
308.26
308.262
308.265
308.268
308.27
308.272
308.274
308.274
308.274
308.272
308.27
308.268
308.265
308.262
308.26
308.259
308.26
308.264
308.271
308.282
308.298
308.32
308.349
308.386
308.432
308.488
308.555
308.632
308.722
308.824
308.939
309.067
309.209
309.366
309.537
309.723
309.923
310.138
310.368
310.613
310.871
311.144
311.431
311.732
312.047
312.375
312.717
313.073
313.445
313.834
314.243
314.675
315.132
315.612
316.086
316.476
316.664
316.71
317.217
317.176
317.001
316.624
316.156
315.674
315.213
314.776
314.362
313.967
313.59
313.229
312.884
312.554
312.239
311.938
311.653
311.382
311.127
310.887
310.662
310.453
310.259
310.081
309.917
309.769
309.634
309.514
309.407
309.312
309.23
309.159
309.099
309.049
309.008
308.975
308.95
308.932
308.919
308.911
308.906
308.905
308.905
308.907
308.91
308.914
308.917
308.92
308.922
308.923
308.924
308.923
308.922
308.92
308.917
308.914
308.91
308.907
308.905
308.905
308.906
308.911
308.919
308.932
308.95
308.975
309.008
309.049
309.099
309.159
309.23
309.312
309.407
309.514
309.634
309.769
309.917
310.081
310.259
310.453
310.662
310.887
311.127
311.382
311.653
311.938
312.239
312.554
312.884
313.229
313.59
313.967
314.362
314.776
315.213
315.674
316.156
316.624
317.001
317.176
317.217
317.746
317.709
317.547
317.186
316.724
316.241
315.775
315.331
314.909
314.507
314.125
313.759
313.411
313.079
312.764
312.464
312.181
311.914
311.663
311.428
311.21
311.008
310.822
310.651
310.496
310.356
310.23
310.117
310.018
309.931
309.856
309.791
309.737
309.693
309.656
309.628
309.607
309.592
309.581
309.575
309.573
309.573
309.575
309.578
309.582
309.586
309.59
309.593
309.596
309.597
309.598
309.597
309.596
309.593
309.59
309.586
309.582
309.578
309.575
309.573
309.573
309.575
309.581
309.592
309.607
309.628
309.656
309.693
309.737
309.791
309.856
309.931
310.018
310.117
310.23
310.356
310.496
310.651
310.822
311.008
311.21
311.428
311.663
311.914
312.181
312.464
312.764
313.079
313.411
313.759
314.125
314.507
314.909
315.331
315.775
316.241
316.724
317.186
317.547
317.709
317.746
318.3
318.267
318.12
317.777
317.322
316.837
316.364
315.911
315.48
315.071
314.681
314.311
313.96
313.627
313.311
313.014
312.734
312.471
312.226
311.998
311.787
311.593
311.415
311.253
311.107
310.975
310.858
310.754
310.662
310.582
310.514
310.456
310.407
310.367
310.335
310.311
310.293
310.28
310.272
310.268
310.267
310.269
310.272
310.276
310.281
310.285
310.29
310.293
310.296
310.298
310.298
310.298
310.296
310.293
310.29
310.285
310.281
310.276
310.272
310.269
310.267
310.268
310.272
310.28
310.293
310.311
310.335
310.367
310.407
310.456
310.514
310.582
310.662
310.754
310.858
310.975
311.107
311.253
311.415
311.593
311.787
311.998
312.226
312.471
312.734
313.014
313.311
313.627
313.96
314.311
314.681
315.071
315.48
315.911
316.364
316.837
317.322
317.777
318.12
318.267
318.3
318.882
318.855
318.726
318.403
317.956
317.469
316.987
316.523
316.081
315.662
315.266
314.89
314.536
314.202
313.887
313.593
313.317
313.06
312.822
312.602
312.4
312.214
312.046
311.894
311.757
311.634
311.525
311.429
311.345
311.272
311.21
311.157
311.113
311.078
311.05
311.028
311.013
311.002
310.996
310.994
310.994
310.997
311.001
311.006
311.011
311.016
311.021
311.025
311.028
311.03
311.03
311.03
311.028
311.025
311.021
311.016
311.011
311.006
311.001
310.997
310.994
310.994
310.996
311.002
311.013
311.028
311.05
311.078
311.113
311.157
311.21
311.272
311.345
311.429
311.525
311.634
311.757
311.894
312.046
312.214
312.4
312.602
312.822
313.06
313.317
313.593
313.887
314.202
314.536
314.89
315.266
315.662
316.081
316.523
316.987
317.469
317.956
318.403
318.726
318.855
318.882
319.498
319.478
319.37
319.072
318.637
318.146
317.652
317.175
316.72
316.29
315.885
315.504
315.147
314.813
314.5
314.21
313.94
313.69
313.461
313.25
313.057
312.882
312.724
312.581
312.454
312.34
312.24
312.151
312.074
312.008
311.951
311.903
311.864
311.832
311.807
311.788
311.775
311.766
311.762
311.761
311.763
311.766
311.771
311.777
311.783
311.788
311.793
311.797
311.8
311.802
311.802
311.802
311.8
311.797
311.793
311.788
311.783
311.777
311.771
311.766
311.763
311.761
311.762
311.766
311.775
311.788
311.807
311.832
311.864
311.903
311.951
312.008
312.074
312.151
312.24
312.34
312.454
312.581
312.724
312.882
313.057
313.25
313.461
313.69
313.94
314.21
314.5
314.813
315.147
315.504
315.885
316.29
316.72
317.175
317.652
318.146
318.637
319.072
319.37
319.478
319.498
320.159
320.15
320.069
319.802
319.379
318.883
318.374
317.88
317.41
316.967
316.552
316.166
315.806
315.472
315.163
314.878
314.616
314.375
314.155
313.955
313.773
313.609
313.461
313.329
313.211
313.106
313.014
312.933
312.863
312.802
312.75
312.707
312.671
312.642
312.62
312.603
312.592
312.585
312.582
312.582
312.585
312.589
312.595
312.602
312.608
312.614
312.618
312.623
312.626
312.628
312.628
312.628
312.626
312.623
312.618
312.614
312.608
312.602
312.595
312.589
312.585
312.582
312.582
312.585
312.592
312.603
312.62
312.642
312.671
312.707
312.75
312.802
312.863
312.933
313.014
313.106
313.211
313.329
313.461
313.609
313.773
313.955
314.155
314.375
314.616
314.878
315.163
315.472
315.806
316.166
316.552
316.967
317.41
317.88
318.374
318.883
319.379
319.802
320.069
320.15
320.159
320.883
320.887
320.842
320.615
320.209
319.708
319.18
318.663
318.172
317.714
317.289
316.896
316.534
316.202
315.897
315.619
315.366
315.136
314.927
314.738
314.568
314.415
314.279
314.157
314.048
313.952
313.868
313.794
313.73
313.675
313.628
313.589
313.556
313.53
313.511
313.496
313.486
313.481
313.479
313.481
313.484
313.49
313.496
313.503
313.51
313.516
313.521
313.525
313.528
313.53
313.53
313.53
313.528
313.525
313.521
313.516
313.51
313.503
313.496
313.49
313.484
313.481
313.479
313.481
313.486
313.496
313.511
313.53
313.556
313.589
313.628
313.675
313.73
313.794
313.868
313.952
314.048
314.157
314.279
314.415
314.568
314.738
314.927
315.136
315.366
315.619
315.897
316.202
316.534
316.896
317.289
317.714
318.172
318.663
319.18
319.708
320.209
320.615
320.842
320.887
320.883
321.716
321.742
321.746
321.565
321.175
320.662
320.109
319.565
319.049
318.57
318.13
317.73
317.366
317.036
316.737
316.468
316.225
316.007
315.811
315.635
315.478
315.338
315.213
315.102
315.004
314.917
314.842
314.776
314.718
314.669
314.628
314.593
314.565
314.542
314.525
314.513
314.506
314.502
314.503
314.506
314.511
314.518
314.526
314.534
314.541
314.548
314.553
314.558
314.56
314.562
314.562
314.562
314.56
314.558
314.553
314.548
314.541
314.534
314.526
314.518
314.511
314.506
314.503
314.502
314.506
314.513
314.525
314.542
314.565
314.593
314.628
314.669
314.718
314.776
314.842
314.917
315.004
315.102
315.213
315.338
315.478
315.635
315.811
316.007
316.225
316.468
316.737
317.036
317.366
317.73
318.13
318.57
319.049
319.565
320.109
320.662
321.175
321.565
321.746
321.742
321.716
322.758
322.803
322.839
322.685
322.305
321.781
321.2
320.622
320.076
319.574
319.118
318.708
318.342
318.016
317.724
317.465
317.235
317.031
316.85
316.69
316.547
316.422
316.311
316.214
316.128
316.054
315.989
315.934
315.886
315.846
315.813
315.786
315.764
315.748
315.736
315.729
315.726
315.726
315.731
315.738
315.747
315.757
315.767
315.778
315.788
315.797
315.803
315.807
315.808
315.808
315.808
315.808
315.808
315.807
315.803
315.797
315.788
315.778
315.767
315.757
315.747
315.738
315.731
315.726
315.726
315.729
315.736
315.748
315.764
315.786
315.813
315.846
315.886
315.934
315.989
316.054
316.128
316.214
316.311
316.422
316.547
316.69
316.85
317.031
317.235
317.465
317.724
318.016
318.342
318.708
319.118
319.574
320.076
320.622
321.2
321.781
322.305
322.685
322.839
322.803
322.758
323.897
323.915
323.896
323.716
323.346
322.836
322.257
321.668
321.105
320.589
320.123
319.709
319.342
319.019
318.735
318.486
318.267
318.074
317.906
317.758
317.628
317.515
317.416
317.33
317.255
317.19
317.135
317.089
317.05
317.018
316.992
316.972
316.957
316.947
316.94
316.938
316.939
316.943
316.951
316.962
316.973
316.985
316.995
317.004
317.013
317.02
317.026
317.03
317.031
317.031
317.031
317.031
317.031
317.03
317.026
317.02
317.013
317.004
316.995
316.985
316.973
316.962
316.951
316.943
316.939
316.938
316.94
316.947
316.957
316.972
316.992
317.018
317.05
317.089
317.135
317.19
317.255
317.33
317.416
317.515
317.628
317.758
317.906
318.074
318.267
318.486
318.735
319.019
319.342
319.709
320.123
320.589
321.105
321.668
322.257
322.836
323.346
323.716
323.896
323.915
323.897
324.381
324.377
324.319
324.123
323.762
323.269
322.704
322.123
321.564
321.048
320.582
320.168
319.802
319.48
319.198
318.95
318.734
318.544
318.378
318.232
318.104
317.993
317.896
317.811
317.738
317.674
317.621
317.575
317.537
317.506
317.481
317.462
317.447
317.437
317.432
317.43
317.431
317.436
317.444
317.454
317.465
317.476
317.487
317.496
317.504
317.512
317.517
317.521
317.522
317.523
317.523
317.523
317.522
317.521
317.517
317.512
317.504
317.496
317.487
317.476
317.465
317.454
317.444
317.436
317.431
317.43
317.432
317.437
317.447
317.462
317.481
317.506
317.537
317.575
317.621
317.674
317.738
317.811
317.896
317.993
318.104
318.232
318.378
318.544
318.734
318.95
319.198
319.48
319.802
320.168
320.582
321.048
321.564
322.123
322.704
323.269
323.762
324.123
324.319
324.377
324.381
323.897
323.915
323.896
323.716
323.346
322.836
322.257
321.668
321.105
320.589
320.123
319.709
319.342
319.019
318.735
318.486
318.267
318.074
317.906
317.758
317.628
317.515
317.416
317.33
317.255
317.19
317.135
317.089
317.05
317.018
316.992
316.972
316.957
316.947
316.94
316.938
316.939
316.943
316.951
316.962
316.973
316.985
316.995
317.004
317.013
317.02
317.026
317.03
317.031
317.031
317.031
317.031
317.031
317.03
317.026
317.02
317.013
317.004
316.995
316.985
316.973
316.962
316.951
316.943
316.939
316.938
316.94
316.947
316.957
316.972
316.992
317.018
317.05
317.089
317.135
317.19
317.255
317.33
317.416
317.515
317.628
317.758
317.906
318.074
318.267
318.486
318.735
319.019
319.342
319.709
320.123
320.589
321.105
321.668
322.257
322.836
323.346
323.716
323.896
323.915
323.897
322.758
322.803
322.839
322.685
322.305
321.781
321.2
320.622
320.076
319.574
319.118
318.708
318.342
318.016
317.724
317.465
317.235
317.031
316.85
316.69
316.547
316.422
316.311
316.214
316.128
316.054
315.989
315.934
315.886
315.846
315.813
315.786
315.764
315.748
315.736
315.729
315.726
315.726
315.731
315.738
315.747
315.757
315.767
315.778
315.788
315.797
315.803
315.807
315.808
315.808
315.808
315.808
315.808
315.807
315.803
315.797
315.788
315.778
315.767
315.757
315.747
315.738
315.731
315.726
315.726
315.729
315.736
315.748
315.764
315.786
315.813
315.846
315.886
315.934
315.989
316.054
316.128
316.214
316.311
316.422
316.547
316.69
316.85
317.031
317.235
317.465
317.724
318.016
318.342
318.708
319.118
319.574
320.076
320.622
321.2
321.781
322.305
322.685
322.839
322.803
322.758
321.716
321.742
321.746
321.565
321.175
320.662
320.109
319.565
319.049
318.57
318.13
317.73
317.366
317.036
316.737
316.468
316.225
316.007
315.811
315.635
315.478
315.338
315.213
315.102
315.004
314.917
314.842
314.776
314.718
314.669
314.628
314.593
314.565
314.542
314.525
314.513
314.506
314.502
314.503
314.506
314.511
314.518
314.526
314.534
314.541
314.548
314.553
314.558
314.56
314.562
314.562
314.562
314.56
314.558
314.553
314.548
314.541
314.534
314.526
314.518
314.511
314.506
314.503
314.502
314.506
314.513
314.525
314.542
314.565
314.593
314.628
314.669
314.718
314.776
314.842
314.917
315.004
315.102
315.213
315.338
315.478
315.635
315.811
316.007
316.225
316.468
316.737
317.036
317.366
317.73
318.13
318.57
319.049
319.565
320.109
320.662
321.175
321.565
321.746
321.742
321.716
320.883
320.887
320.842
320.615
320.209
319.708
319.18
318.663
318.172
317.714
317.289
316.896
316.534
316.202
315.897
315.619
315.366
315.136
314.927
314.738
314.568
314.415
314.279
314.157
314.048
313.952
313.868
313.794
313.73
313.675
313.628
313.589
313.556
313.53
313.511
313.496
313.486
313.481
313.479
313.481
313.484
313.49
313.496
313.503
313.51
313.516
313.521
313.525
313.528
313.53
313.53
313.53
313.528
313.525
313.521
313.516
313.51
313.503
313.496
313.49
313.484
313.481
313.479
313.481
313.486
313.496
313.511
313.53
313.556
313.589
313.628
313.675
313.73
313.794
313.868
313.952
314.048
314.157
314.279
314.415
314.568
314.738
314.927
315.136
315.366
315.619
315.897
316.202
316.534
316.896
317.289
317.714
318.172
318.663
319.18
319.708
320.209
320.615
320.842
320.887
320.883
320.159
320.15
320.069
319.802
319.379
318.883
318.374
317.88
317.41
316.967
316.552
316.166
315.806
315.472
315.163
314.878
314.616
314.375
314.155
313.955
313.773
313.609
313.461
313.329
313.211
313.106
313.014
312.933
312.863
312.802
312.75
312.707
312.671
312.642
312.62
312.603
312.592
312.585
312.582
312.582
312.585
312.589
312.595
312.602
312.608
312.614
312.618
312.623
312.626
312.628
312.628
312.628
312.626
312.623
312.618
312.614
312.608
312.602
312.595
312.589
312.585
312.582
312.582
312.585
312.592
312.603
312.62
312.642
312.671
312.707
312.75
312.802
312.863
312.933
313.014
313.106
313.211
313.329
313.461
313.609
313.773
313.955
314.155
314.375
314.616
314.878
315.163
315.472
315.806
316.166
316.552
316.967
317.41
317.88
318.374
318.883
319.379
319.802
320.069
320.15
320.159
319.498
319.478
319.37
319.072
318.637
318.146
317.652
317.175
316.72
316.29
315.885
315.504
315.147
314.813
314.5
314.21
313.94
313.69
313.461
313.25
313.057
312.882
312.724
312.581
312.454
312.34
312.24
312.151
312.074
312.008
311.951
311.903
311.864
311.832
311.807
311.788
311.775
311.766
311.762
311.761
311.763
311.766
311.771
311.777
311.783
311.788
311.793
311.797
311.8
311.802
311.802
311.802
311.8
311.797
311.793
311.788
311.783
311.777
311.771
311.766
311.763
311.761
311.762
311.766
311.775
311.788
311.807
311.832
311.864
311.903
311.951
312.008
312.074
312.151
312.24
312.34
312.454
312.581
312.724
312.882
313.057
313.25
313.461
313.69
313.94
314.21
314.5
314.813
315.147
315.504
315.885
316.29
316.72
317.175
317.652
318.146
318.637
319.072
319.37
319.478
319.498
318.882
318.855
318.726
318.403
317.956
317.469
316.987
316.523
316.081
315.662
315.266
314.89
314.536
314.202
313.887
313.593
313.317
313.06
312.822
312.602
312.4
312.214
312.046
311.894
311.757
311.634
311.525
311.429
311.345
311.272
311.21
311.157
311.113
311.078
311.05
311.028
311.013
311.002
310.996
310.994
310.994
310.997
311.001
311.006
311.011
311.016
311.021
311.025
311.028
311.03
311.03
311.03
311.028
311.025
311.021
311.016
311.011
311.006
311.001
310.997
310.994
310.994
310.996
311.002
311.013
311.028
311.05
311.078
311.113
311.157
311.21
311.272
311.345
311.429
311.525
311.634
311.757
311.894
312.046
312.214
312.4
312.602
312.822
313.06
313.317
313.593
313.887
314.202
314.536
314.89
315.266
315.662
316.081
316.523
316.987
317.469
317.956
318.403
318.726
318.855
318.882
318.3
318.267
318.12
317.777
317.322
316.837
316.364
315.911
315.48
315.071
314.681
314.311
313.96
313.627
313.311
313.014
312.734
312.471
312.226
311.998
311.787
311.593
311.415
311.253
311.107
310.975
310.858
310.754
310.662
310.582
310.514
310.456
310.407
310.367
310.335
310.311
310.293
310.28
310.272
310.268
310.267
310.269
310.272
310.276
310.281
310.285
310.29
310.293
310.296
310.298
310.298
310.298
310.296
310.293
310.29
310.285
310.281
310.276
310.272
310.269
310.267
310.268
310.272
310.28
310.293
310.311
310.335
310.367
310.407
310.456
310.514
310.582
310.662
310.754
310.858
310.975
311.107
311.253
311.415
311.593
311.787
311.998
312.226
312.471
312.734
313.014
313.311
313.627
313.96
314.311
314.681
315.071
315.48
315.911
316.364
316.837
317.322
317.777
318.12
318.267
318.3
317.746
317.709
317.547
317.186
316.724
316.241
315.775
315.331
314.909
314.507
314.125
313.759
313.411
313.079
312.764
312.464
312.181
311.914
311.663
311.428
311.21
311.008
310.822
310.651
310.496
310.356
310.23
310.117
310.018
309.931
309.856
309.791
309.737
309.693
309.656
309.628
309.607
309.592
309.581
309.575
309.573
309.573
309.575
309.578
309.582
309.586
309.59
309.593
309.596
309.597
309.598
309.597
309.596
309.593
309.59
309.586
309.582
309.578
309.575
309.573
309.573
309.575
309.581
309.592
309.607
309.628
309.656
309.693
309.737
309.791
309.856
309.931
310.018
310.117
310.23
310.356
310.496
310.651
310.822
311.008
311.21
311.428
311.663
311.914
312.181
312.464
312.764
313.079
313.411
313.759
314.125
314.507
314.909
315.331
315.775
316.241
316.724
317.186
317.547
317.709
317.746
317.217
317.176
317.001
316.624
316.156
315.674
315.213
314.776
314.362
313.967
313.59
313.229
312.884
312.554
312.239
311.938
311.653
311.382
311.127
310.887
310.662
310.453
310.259
310.081
309.917
309.769
309.634
309.514
309.407
309.312
309.23
309.159
309.099
309.049
309.008
308.975
308.95
308.932
308.919
308.911
308.906
308.905
308.905
308.907
308.91
308.914
308.917
308.92
308.922
308.923
308.924
308.923
308.922
308.92
308.917
308.914
308.91
308.907
308.905
308.905
308.906
308.911
308.919
308.932
308.95
308.975
309.008
309.049
309.099
309.159
309.23
309.312
309.407
309.514
309.634
309.769
309.917
310.081
310.259
310.453
310.662
310.887
311.127
311.382
311.653
311.938
312.239
312.554
312.884
313.229
313.59
313.967
314.362
314.776
315.213
315.674
316.156
316.624
317.001
317.176
317.217
316.71
316.664
316.476
316.086
315.612
315.132
314.675
314.243
313.834
313.445
313.073
312.717
312.375
312.047
311.732
311.431
311.144
310.871
310.613
310.368
310.138
309.923
309.723
309.537
309.366
309.209
309.067
308.939
308.824
308.722
308.632
308.555
308.488
308.432
308.386
308.349
308.32
308.298
308.282
308.271
308.264
308.26
308.259
308.26
308.262
308.265
308.268
308.27
308.272
308.274
308.274
308.274
308.272
308.27
308.268
308.265
308.262
308.26
308.259
308.26
308.264
308.271
308.282
308.298
308.32
308.349
308.386
308.432
308.488
308.555
308.632
308.722
308.824
308.939
309.067
309.209
309.366
309.537
309.723
309.923
310.138
310.368
310.613
310.871
311.144
311.431
311.732
312.047
312.375
312.717
313.073
313.445
313.834
314.243
314.675
315.132
315.612
316.086
316.476
316.664
316.71
316.222
316.172
315.971
315.568
315.089
314.609
314.156
313.729
313.325
312.94
312.572
312.219
311.88
311.554
311.241
310.94
310.652
310.377
310.116
309.868
309.634
309.413
309.207
309.015
308.837
308.674
308.524
308.388
308.266
308.156
308.06
307.975
307.902
307.84
307.789
307.746
307.713
307.687
307.668
307.654
307.645
307.64
307.638
307.638
307.639
307.641
307.643
307.644
307.646
307.647
307.647
307.647
307.646
307.644
307.643
307.641
307.639
307.638
307.638
307.64
307.645
307.654
307.668
307.687
307.713
307.746
307.789
307.84
307.902
307.975
308.06
308.156
308.266
308.388
308.524
308.674
308.837
309.015
309.207
309.413
309.634
309.868
310.116
310.377
310.652
310.94
311.241
311.554
311.88
312.219
312.572
312.94
313.325
313.729
314.156
314.609
315.089
315.568
315.971
316.172
316.222
315.752
315.697
315.484
315.068
314.585
314.105
313.654
313.23
312.83
312.449
312.085
311.735
311.399
311.074
310.762
310.462
310.174
309.898
309.634
309.383
309.145
308.921
308.71
308.512
308.328
308.158
308.001
307.858
307.729
307.613
307.51
307.419
307.339
307.271
307.214
307.167
307.128
307.098
307.075
307.058
307.045
307.037
307.032
307.029
307.029
307.03
307.032
307.033
307.035
307.036
307.036
307.036
307.035
307.033
307.032
307.03
307.029
307.029
307.032
307.037
307.045
307.058
307.075
307.098
307.128
307.167
307.214
307.271
307.339
307.419
307.51
307.613
307.729
307.858
308.001
308.158
308.328
308.512
308.71
308.921
309.145
309.383
309.634
309.898
310.174
310.462
310.762
311.074
311.399
311.735
312.085
312.449
312.83
313.23
313.654
314.105
314.585
315.068
315.484
315.697
315.752
315.298
315.24
315.013
314.584
314.097
313.618
313.168
312.747
312.35
311.972
311.61
311.263
310.928
310.606
310.295
309.995
309.707
309.43
309.165
308.912
308.671
308.443
308.227
308.025
307.835
307.659
307.497
307.348
307.212
307.089
306.979
306.882
306.797
306.723
306.66
306.608
306.565
306.53
306.503
306.483
306.469
306.459
306.453
306.45
306.449
306.449
306.45
306.451
306.452
306.452
306.453
306.452
306.452
306.451
306.45
306.449
306.449
306.45
306.453
306.459
306.469
306.483
306.503
306.53
306.565
306.608
306.66
306.723
306.797
306.882
306.979
307.089
307.212
307.348
307.497
307.659
307.835
308.025
308.227
308.443
308.671
308.912
309.165
309.43
309.707
309.995
310.295
310.606
310.928
311.263
311.61
311.972
312.35
312.747
313.168
313.618
314.097
314.584
315.013
315.24
315.298
314.861
314.798
314.557
314.116
313.624
313.145
312.696
312.277
311.882
311.506
311.146
310.801
310.468
310.147
309.837
309.538
309.25
308.972
308.706
308.451
308.208
307.977
307.757
307.551
307.357
307.176
307.008
306.854
306.712
306.584
306.468
306.365
306.275
306.195
306.127
306.07
306.022
305.983
305.952
305.928
305.91
305.897
305.888
305.882
305.879
305.877
305.877
305.878
305.878
305.879
305.879
305.879
305.878
305.878
305.877
305.877
305.879
305.882
305.888
305.897
305.91
305.928
305.952
305.983
306.022
306.07
306.127
306.195
306.275
306.365
306.468
306.584
306.712
306.854
307.008
307.176
307.357
307.551
307.757
307.977
308.208
308.451
308.706
308.972
309.25
309.538
309.837
310.147
310.468
310.801
311.146
311.506
311.882
312.277
312.696
313.145
313.624
314.116
314.557
314.798
314.861
314.44
314.371
314.115
313.662
313.165
312.685
312.238
311.819
311.425
311.051
310.693
310.349
310.018
309.698
309.388
309.09
308.801
308.523
308.256
308
307.755
307.521
307.299
307.089
306.891
306.706
306.534
306.375
306.229
306.095
305.974
305.866
305.77
305.686
305.613
305.551
305.498
305.455
305.42
305.393
305.372
305.356
305.345
305.338
305.333
305.33
305.329
305.329
305.329
305.329
305.329
305.329
305.329
305.329
305.329
305.33
305.333
305.338
305.345
305.356
305.372
305.393
305.42
305.455
305.498
305.551
305.613
305.686
305.77
305.866
305.974
306.095
306.229
306.375
306.534
306.706
306.891
307.089
307.299
307.521
307.755
308
308.256
308.523
308.801
309.09
309.388
309.698
310.018
310.349
310.693
311.051
311.425
311.819
312.238
312.685
313.165
313.662
314.115
314.371
314.44
314.035
313.96
313.688
313.222
312.72
312.239
311.791
311.373
310.98
310.607
310.249
309.907
309.576
309.257
308.948
308.649
308.361
308.083
307.815
307.557
307.311
307.075
306.851
306.638
306.438
306.249
306.073
305.91
305.76
305.622
305.497
305.384
305.284
305.195
305.118
305.051
304.994
304.947
304.908
304.876
304.852
304.833
304.819
304.81
304.803
304.799
304.797
304.796
304.795
304.795
304.795
304.795
304.795
304.796
304.797
304.799
304.803
304.81
304.819
304.833
304.852
304.876
304.908
304.947
304.994
305.051
305.118
305.195
305.284
305.384
305.497
305.622
305.76
305.91
306.073
306.249
306.438
306.638
306.851
307.075
307.311
307.557
307.815
308.083
308.361
308.649
308.948
309.257
309.576
309.907
310.249
310.607
310.98
311.373
311.791
312.239
312.72
313.222
313.688
313.96
314.035
313.646
313.565
313.274
312.795
312.288
311.805
311.357
310.939
310.545
310.172
309.815
309.472
309.142
308.823
308.515
308.216
307.928
307.649
307.381
307.122
306.874
306.637
306.412
306.197
305.994
305.803
305.625
305.458
305.305
305.164
305.035
304.918
304.814
304.721
304.639
304.568
304.508
304.456
304.413
304.378
304.35
304.329
304.312
304.3
304.292
304.286
304.282
304.28
304.279
304.279
304.278
304.279
304.279
304.28
304.282
304.286
304.292
304.3
304.312
304.329
304.35
304.378
304.413
304.456
304.508
304.568
304.639
304.721
304.814
304.918
305.035
305.164
305.305
305.458
305.625
305.803
305.994
306.197
306.412
306.637
306.874
307.122
307.381
307.649
307.928
308.216
308.515
308.823
309.142
309.472
309.815
310.172
310.545
310.939
311.357
311.805
312.288
312.795
313.274
313.565
313.646
313.275
313.185
312.875
312.382
311.87
311.384
310.934
310.515
310.12
309.746
309.389
309.046
308.716
308.397
308.089
307.79
307.501
307.223
306.953
306.695
306.446
306.208
305.981
305.765
305.561
305.368
305.188
305.019
304.863
304.719
304.587
304.467
304.359
304.262
304.177
304.103
304.038
303.983
303.936
303.898
303.867
303.842
303.823
303.808
303.798
303.79
303.785
303.782
303.78
303.78
303.779
303.78
303.78
303.782
303.785
303.79
303.798
303.808
303.823
303.842
303.867
303.898
303.936
303.983
304.038
304.103
304.177
304.262
304.359
304.467
304.587
304.719
304.863
305.019
305.188
305.368
305.561
305.765
305.981
306.208
306.446
306.695
306.953
307.223
307.501
307.79
308.089
308.397
308.716
309.046
309.389
309.746
310.12
310.515
310.934
311.384
311.87
312.382
312.875
313.185
313.275
312.921
312.822
312.49
311.983
311.464
310.975
310.523
310.101
309.705
309.33
308.972
308.628
308.298
307.978
307.669
307.371
307.082
306.802
306.533
306.274
306.025
305.787
305.559
305.343
305.137
304.944
304.762
304.591
304.433
304.286
304.152
304.029
303.918
303.819
303.73
303.652
303.584
303.526
303.476
303.434
303.4
303.372
303.35
303.333
303.321
303.312
303.305
303.301
303.298
303.297
303.297
303.297
303.298
303.301
303.305
303.312
303.321
303.333
303.35
303.372
303.4
303.434
303.476
303.526
303.584
303.652
303.73
303.819
303.918
304.029
304.152
304.286
304.433
304.591
304.762
304.944
305.137
305.343
305.559
305.787
306.025
306.274
306.533
306.802
307.082
307.371
307.669
307.978
308.298
308.628
308.972
309.33
309.705
310.101
310.523
310.975
311.464
311.983
312.49
312.822
312.921
312.586
312.476
312.12
311.597
311.072
310.578
310.123
309.698
309.3
308.923
308.563
308.218
307.886
307.566
307.257
306.957
306.668
306.389
306.12
305.861
305.612
305.374
305.146
304.929
304.723
304.529
304.345
304.174
304.014
303.866
303.729
303.604
303.491
303.388
303.297
303.216
303.145
303.083
303.031
302.986
302.949
302.918
302.894
302.875
302.86
302.849
302.841
302.836
302.832
302.83
302.83
302.83
302.832
302.836
302.841
302.849
302.86
302.875
302.894
302.918
302.949
302.986
303.031
303.083
303.145
303.216
303.297
303.388
303.491
303.604
303.729
303.866
304.014
304.174
304.345
304.529
304.723
304.929
305.146
305.374
305.612
305.861
306.12
306.389
306.668
306.957
307.257
307.566
307.886
308.218
308.563
308.923
309.3
309.698
310.123
310.578
311.072
311.597
312.12
312.476
312.586
312.271
312.149
311.766
311.227
310.693
310.194
309.734
309.306
308.904
308.524
308.162
307.816
307.482
307.161
306.851
306.551
306.262
305.983
305.714
305.455
305.206
304.968
304.74
304.524
304.318
304.123
303.939
303.766
303.605
303.456
303.318
303.191
303.075
302.971
302.877
302.793
302.72
302.655
302.6
302.552
302.512
302.479
302.452
302.431
302.414
302.401
302.392
302.385
302.381
302.378
302.378
302.378
302.381
302.385
302.392
302.401
302.414
302.431
302.452
302.479
302.512
302.552
302.6
302.655
302.72
302.793
302.877
302.971
303.075
303.191
303.318
303.456
303.605
303.766
303.939
304.123
304.318
304.524
304.74
304.968
305.206
305.455
305.714
305.983
306.262
306.551
306.851
307.161
307.482
307.816
308.162
308.524
308.904
309.306
309.734
310.194
310.693
311.227
311.766
312.149
312.271
311.978
311.841
311.429
310.872
310.328
309.823
309.357
308.924
308.518
308.135
307.77
307.421
307.086
306.763
306.452
306.152
305.863
305.583
305.315
305.056
304.808
304.57
304.343
304.126
303.92
303.725
303.541
303.368
303.206
303.056
302.916
302.788
302.671
302.565
302.469
302.383
302.307
302.24
302.182
302.132
302.09
302.054
302.025
302.001
301.983
301.968
301.957
301.949
301.944
301.941
301.94
301.941
301.944
301.949
301.957
301.968
301.983
302.001
302.025
302.054
302.09
302.132
302.182
302.24
302.307
302.383
302.469
302.565
302.671
302.788
302.916
303.056
303.206
303.368
303.541
303.725
303.92
304.126
304.343
304.57
304.808
305.056
305.315
305.583
305.863
306.152
306.452
306.763
307.086
307.421
307.77
308.135
308.518
308.924
309.357
309.823
310.328
310.872
311.429
311.841
311.978
311.708
311.553
311.109
310.533
309.978
309.465
308.992
308.553
308.142
307.754
307.386
307.034
306.697
306.373
306.061
305.76
305.471
305.192
304.923
304.665
304.418
304.18
303.953
303.737
303.531
303.336
303.152
302.979
302.816
302.665
302.525
302.396
302.277
302.169
302.072
301.984
301.906
301.838
301.777
301.725
301.68
301.643
301.611
301.585
301.565
301.549
301.536
301.527
301.521
301.518
301.516
301.518
301.521
301.527
301.536
301.549
301.565
301.585
301.611
301.643
301.68
301.725
301.777
301.838
301.906
301.984
302.072
302.169
302.277
302.396
302.525
302.665
302.816
302.979
303.152
303.336
303.531
303.737
303.953
304.18
304.418
304.665
304.923
305.192
305.471
305.76
306.061
306.373
306.697
307.034
307.386
307.754
308.142
308.553
308.992
309.465
309.978
310.533
311.109
311.553
311.708
311.463
311.288
310.808
310.211
309.644
309.12
308.639
308.193
307.776
307.383
307.011
306.656
306.317
305.991
305.678
305.376
305.087
304.808
304.539
304.282
304.034
303.798
303.571
303.355
303.149
302.955
302.77
302.597
302.435
302.283
302.143
302.013
301.893
301.784
301.685
301.596
301.517
301.446
301.384
301.33
301.283
301.243
301.21
301.182
301.16
301.142
301.128
301.118
301.111
301.107
301.106
301.107
301.111
301.118
301.128
301.142
301.16
301.182
301.21
301.243
301.283
301.33
301.384
301.446
301.517
301.596
301.685
301.784
301.893
302.013
302.143
302.283
302.435
302.597
302.77
302.955
303.149
303.355
303.571
303.798
304.034
304.282
304.539
304.808
305.087
305.376
305.678
305.991
306.317
306.656
307.011
307.383
307.776
308.193
308.639
309.12
309.644
310.211
310.808
311.288
311.463
311.245
311.045
310.527
309.908
309.326
308.79
308.299
307.844
307.421
307.022
306.646
306.287
305.945
305.617
305.303
305.001
304.71
304.431
304.163
303.906
303.659
303.422
303.196
302.98
302.775
302.581
302.397
302.224
302.061
301.91
301.769
301.638
301.518
301.409
301.309
301.219
301.138
301.065
301.002
300.946
300.897
300.855
300.82
300.791
300.766
300.747
300.732
300.721
300.713
300.709
300.707
300.709
300.713
300.721
300.732
300.747
300.766
300.791
300.82
300.855
300.897
300.946
301.002
301.065
301.138
301.219
301.309
301.409
301.518
301.638
301.769
301.91
302.061
302.224
302.397
302.581
302.775
302.98
303.196
303.422
303.659
303.906
304.163
304.431
304.71
305.001
305.303
305.617
305.945
306.287
306.646
307.022
307.421
307.844
308.299
308.79
309.326
309.908
310.527
311.045
311.245
311.054
310.828
310.268
309.624
309.024
308.475
307.972
307.508
307.076
306.672
306.29
305.928
305.583
305.252
304.936
304.633
304.342
304.063
303.795
303.537
303.29
303.054
302.828
302.613
302.408
302.214
302.03
301.858
301.695
301.544
301.403
301.272
301.152
301.042
300.941
300.85
300.768
300.695
300.629
300.572
300.521
300.478
300.441
300.41
300.384
300.364
300.347
300.335
300.327
300.322
300.32
300.322
300.327
300.335
300.347
300.364
300.384
300.41
300.441
300.478
300.521
300.572
300.629
300.695
300.768
300.85
300.941
301.042
301.152
301.272
301.403
301.544
301.695
301.858
302.03
302.214
302.408
302.613
302.828
303.054
303.29
303.537
303.795
304.063
304.342
304.633
304.936
305.252
305.583
305.928
306.29
306.672
307.076
307.508
307.972
308.475
309.024
309.624
310.268
310.828
311.054
310.89
310.635
310.032
309.361
308.741
308.176
307.66
307.185
306.744
306.332
305.945
305.578
305.23
304.897
304.579
304.275
303.983
303.703
303.434
303.176
302.929
302.693
302.468
302.253
302.048
301.854
301.671
301.499
301.337
301.186
301.045
300.915
300.794
300.684
300.582
300.49
300.407
300.332
300.265
300.206
300.154
300.109
300.07
300.038
300.01
299.988
299.971
299.958
299.949
299.943
299.941
299.943
299.949
299.958
299.971
299.988
300.01
300.038
300.07
300.109
300.154
300.206
300.265
300.332
300.407
300.49
300.582
300.684
300.794
300.915
301.045
301.186
301.337
301.499
301.671
301.854
302.048
302.253
302.468
302.693
302.929
303.176
303.434
303.703
303.983
304.275
304.579
304.897
305.23
305.578
305.945
306.332
306.744
307.185
307.66
308.176
308.741
309.361
310.032
310.635
310.89
310.753
310.469
309.821
309.119
308.477
307.893
307.362
306.875
306.424
306.005
305.611
305.239
304.887
304.551
304.231
303.925
303.632
303.351
303.081
302.823
302.576
302.34
302.114
301.9
301.695
301.502
301.319
301.147
300.986
300.836
300.695
300.565
300.444
300.333
300.23
300.137
300.053
299.977
299.908
299.848
299.794
299.748
299.708
299.673
299.645
299.621
299.603
299.589
299.579
299.573
299.571
299.573
299.579
299.589
299.603
299.621
299.645
299.673
299.708
299.748
299.794
299.848
299.908
299.977
300.053
300.137
300.23
300.333
300.444
300.565
300.695
300.836
300.986
301.147
301.319
301.502
301.695
301.9
302.114
302.34
302.576
302.823
303.081
303.351
303.632
303.925
304.231
304.551
304.887
305.239
305.611
306.005
306.424
306.875
307.362
307.893
308.477
309.119
309.821
310.469
310.753
310.639
310.327
309.634
308.899
308.232
307.628
307.08
306.579
306.118
305.689
305.289
304.912
304.555
304.216
303.893
303.584
303.289
303.007
302.737
302.478
302.23
301.994
301.768
301.554
301.35
301.157
300.975
300.804
300.643
300.492
300.351
300.221
300.099
299.988
299.885
299.79
299.704
299.626
299.557
299.494
299.439
299.391
299.349
299.313
299.283
299.259
299.239
299.224
299.214
299.207
299.205
299.207
299.214
299.224
299.239
299.259
299.283
299.313
299.349
299.391
299.439
299.494
299.557
299.626
299.704
299.79
299.885
299.988
300.099
300.221
300.351
300.492
300.643
300.804
300.975
301.157
301.35
301.554
301.768
301.994
302.23
302.478
302.737
303.007
303.289
303.584
303.893
304.216
304.555
304.912
305.289
305.689
306.118
306.579
307.08
307.628
308.232
308.899
309.634
310.327
310.639
310.547
310.209
309.471
308.701
308.007
307.381
306.815
306.299
305.825
305.387
304.979
304.596
304.234
303.891
303.564
303.253
302.956
302.672
302.401
302.141
301.893
301.656
301.43
301.215
301.012
300.819
300.638
300.466
300.305
300.155
300.014
299.882
299.76
299.647
299.542
299.446
299.359
299.279
299.208
299.144
299.087
299.037
298.994
298.957
298.926
298.9
298.88
298.864
298.853
298.847
298.844
298.847
298.853
298.864
298.88
298.9
298.926
298.957
298.994
299.037
299.087
299.144
299.208
299.279
299.359
299.446
299.542
299.647
299.76
299.882
300.014
300.155
300.305
300.466
300.638
300.819
301.012
301.215
301.43
301.656
301.893
302.141
302.401
302.672
302.956
303.253
303.564
303.891
304.234
304.596
304.979
305.387
305.825
306.299
306.815
307.381
308.007
308.701
309.471
310.209
310.547
310.473
310.113
309.33
308.525
307.802
307.153
306.567
306.034
305.548
305.099
304.682
304.292
303.924
303.577
303.247
302.932
302.633
302.347
302.073
301.812
301.563
301.326
301.1
300.885
300.681
300.489
300.307
300.135
299.974
299.822
299.68
299.547
299.423
299.308
299.202
299.105
299.015
298.934
298.861
298.796
298.738
298.686
298.642
298.604
298.571
298.545
298.523
298.507
298.496
298.489
298.486
298.489
298.496
298.507
298.523
298.545
298.571
298.604
298.642
298.686
298.738
298.796
298.861
298.934
299.015
299.105
299.202
299.308
299.423
299.547
299.68
299.822
299.974
300.135
300.307
300.489
300.681
300.885
301.1
301.326
301.563
301.812
302.073
302.347
302.633
302.932
303.247
303.577
303.924
304.292
304.682
305.099
305.548
306.034
306.567
307.153
307.802
308.525
309.33
310.113
310.473
310.413
310.035
309.211
308.37
307.618
306.944
306.337
305.788
305.287
304.826
304.4
304.001
303.627
303.274
302.94
302.622
302.319
302.03
301.755
301.493
301.242
301.004
300.777
300.562
300.358
300.165
299.982
299.81
299.647
299.493
299.349
299.214
299.088
298.971
298.863
298.764
298.673
298.59
298.515
298.449
298.389
298.337
298.292
298.252
298.219
298.192
298.17
298.153
298.141
298.134
298.132
298.134
298.141
298.153
298.17
298.192
298.219
298.252
298.292
298.337
298.389
298.449
298.515
298.59
298.673
298.764
298.863
298.971
299.088
299.214
299.349
299.493
299.647
299.81
299.982
300.165
300.358
300.562
300.777
301.004
301.242
301.493
301.755
302.03
302.319
302.622
302.94
303.274
303.627
304.001
304.4
304.826
305.287
305.788
306.337
306.944
307.618
308.37
309.211
310.035
310.413
310.365
309.972
309.11
308.235
307.454
306.755
306.127
305.558
305.042
304.568
304.131
303.724
303.343
302.984
302.644
302.322
302.016
301.724
301.447
301.182
300.931
300.691
300.463
300.247
300.042
299.847
299.663
299.488
299.323
299.167
299.02
298.883
298.754
298.635
298.524
298.423
298.33
298.246
298.171
298.103
298.042
297.989
297.943
297.903
297.87
297.842
297.82
297.803
297.79
297.783
297.781
297.783
297.79
297.803
297.82
297.842
297.87
297.903
297.943
297.989
298.042
298.103
298.171
298.246
298.33
298.423
298.524
298.635
298.754
298.883
299.02
299.167
299.323
299.488
299.663
299.847
300.042
300.247
300.463
300.691
300.931
301.182
301.447
301.724
302.016
302.322
302.644
302.984
303.343
303.724
304.131
304.568
305.042
305.558
306.127
306.755
307.454
308.235
309.11
309.972
310.365
310.327
309.921
309.024
308.117
307.308
306.585
305.935
305.348
304.815
304.327
303.878
303.461
303.072
302.706
302.36
302.033
301.723
301.429
301.148
300.882
300.628
300.387
300.157
299.939
299.732
299.535
299.347
299.17
299.001
298.842
298.692
298.551
298.42
298.298
298.186
298.083
297.988
297.903
297.826
297.758
297.697
297.643
297.597
297.557
297.523
297.495
297.473
297.455
297.443
297.436
297.434
297.436
297.443
297.455
297.473
297.495
297.523
297.557
297.597
297.643
297.697
297.758
297.826
297.903
297.988
298.083
298.186
298.298
298.42
298.551
298.692
298.842
299.001
299.17
299.347
299.535
299.732
299.939
300.157
300.387
300.628
300.882
301.148
301.429
301.723
302.033
302.36
302.706
303.072
303.461
303.878
304.327
304.815
305.348
305.935
306.585
307.308
308.117
309.024
309.921
310.327
310.298
309.881
308.952
308.015
307.181
306.435
305.763
305.157
304.606
304.103
303.641
303.213
302.815
302.441
302.089
301.757
301.443
301.144
300.861
300.591
300.335
300.091
299.859
299.638
299.428
299.227
299.036
298.854
298.681
298.518
298.364
298.22
298.086
297.961
297.847
297.742
297.647
297.56
297.483
297.414
297.353
297.299
297.253
297.213
297.179
297.151
297.129
297.112
297.1
297.092
297.09
297.092
297.1
297.112
297.129
297.151
297.179
297.213
297.253
297.299
297.353
297.414
297.483
297.56
297.647
297.742
297.847
297.961
298.086
298.22
298.364
298.518
298.681
298.854
299.036
299.227
299.428
299.638
299.859
300.091
300.335
300.591
300.861
301.144
301.443
301.757
302.089
302.441
302.815
303.213
303.641
304.103
304.606
305.157
305.763
306.435
307.181
308.015
308.952
309.881
310.298
310.276
309.848
308.891
307.927
307.07
306.303
305.611
304.984
304.415
303.896
303.421
302.981
302.573
302.191
301.832
301.494
301.174
300.871
300.584
300.311
300.051
299.804
299.569
299.344
299.128
298.923
298.727
298.54
298.362
298.194
298.037
297.889
297.751
297.624
297.508
297.401
297.305
297.218
297.14
297.071
297.011
296.957
296.911
296.872
296.838
296.811
296.789
296.772
296.76
296.753
296.751
296.753
296.76
296.772
296.789
296.811
296.838
296.872
296.911
296.957
297.011
297.071
297.14
297.218
297.305
297.401
297.508
297.624
297.751
297.889
298.037
298.194
298.362
298.54
298.727
298.923
299.128
299.344
299.569
299.804
300.051
300.311
300.584
300.871
301.174
301.494
301.832
302.191
302.573
302.981
303.421
303.896
304.415
304.984
305.611
306.303
307.07
307.927
308.891
309.848
310.276
310.259
309.822
308.838
307.85
306.974
306.187
305.476
304.831
304.244
303.708
303.217
302.765
302.346
301.954
301.588
301.243
300.918
300.61
300.318
300.041
299.777
299.526
299.286
299.055
298.834
298.623
298.42
298.227
298.044
297.871
297.709
297.557
297.417
297.287
297.169
297.061
296.964
296.877
296.8
296.731
296.671
296.618
296.573
296.534
296.501
296.474
296.453
296.436
296.424
296.418
296.415
296.418
296.424
296.436
296.453
296.474
296.501
296.534
296.573
296.618
296.671
296.731
296.8
296.877
296.964
297.061
297.169
297.287
297.417
297.557
297.709
297.871
298.044
298.227
298.42
298.623
298.834
299.055
299.286
299.526
299.777
300.041
300.318
300.61
300.918
301.243
301.588
301.954
302.346
302.765
303.217
303.708
304.244
304.831
305.476
306.187
306.974
307.85
308.838
309.822
310.259
310.243
309.8
308.793
307.783
306.89
306.087
305.359
304.696
304.09
303.538
303.032
302.566
302.135
301.734
301.358
301.006
300.675
300.361
300.065
299.783
299.513
299.256
299.009
298.772
298.544
298.326
298.116
297.917
297.727
297.549
297.381
297.225
297.082
296.95
296.83
296.722
296.625
296.538
296.461
296.393
296.334
296.282
296.238
296.2
296.168
296.142
296.121
296.105
296.093
296.087
296.084
296.087
296.093
296.105
296.121
296.142
296.168
296.2
296.238
296.282
296.334
296.393
296.461
296.538
296.625
296.722
296.83
296.95
297.082
297.225
297.381
297.549
297.727
297.917
298.116
298.326
298.544
298.772
299.009
299.256
299.513
299.783
300.065
300.361
300.675
301.006
301.358
301.734
302.135
302.566
303.032
303.538
304.09
304.696
305.359
306.087
306.89
307.783
308.793
309.8
310.243
310.227
309.778
308.752
307.723
306.816
306
305.257
304.577
303.955
303.386
302.864
302.384
301.94
301.528
301.144
300.784
300.445
300.126
299.823
299.534
299.259
298.995
298.741
298.496
298.26
298.033
297.815
297.608
297.411
297.226
297.053
296.894
296.748
296.615
296.495
296.386
296.289
296.203
296.126
296.06
296.001
295.951
295.907
295.87
295.839
295.814
295.793
295.778
295.767
295.76
295.758
295.76
295.767
295.778
295.793
295.814
295.839
295.87
295.907
295.951
296.001
296.06
296.126
296.203
296.289
296.386
296.495
296.615
296.748
296.894
297.053
297.226
297.411
297.608
297.815
298.033
298.26
298.496
298.741
298.995
299.259
299.534
299.823
300.126
300.445
300.784
301.144
301.528
301.94
302.384
302.864
303.386
303.955
304.577
305.257
306
306.816
307.723
308.752
309.778
310.227
310.205
309.754
308.711
307.667
306.748
305.921
305.166
304.473
303.835
303.25
302.713
302.218
301.762
301.338
300.944
300.575
300.229
299.903
299.593
299.298
299.015
298.742
298.479
298.225
297.98
297.743
297.516
297.3
297.096
296.906
296.731
296.57
296.422
296.287
296.166
296.057
295.961
295.875
295.8
295.733
295.675
295.625
295.582
295.546
295.516
295.491
295.471
295.456
295.446
295.439
295.437
295.439
295.446
295.456
295.471
295.491
295.516
295.546
295.582
295.625
295.675
295.733
295.8
295.875
295.961
296.057
296.166
296.287
296.422
296.57
296.731
296.906
297.096
297.3
297.516
297.743
297.98
298.225
298.479
298.742
299.015
299.298
299.593
299.903
300.229
300.575
300.944
301.338
301.762
302.218
302.713
303.25
303.835
304.473
305.166
305.921
306.748
307.667
308.711
309.754
310.205
310.174
309.721
308.666
307.609
306.681
305.847
305.083
304.379
303.728
303.129
302.576
302.068
301.598
301.163
300.759
300.381
300.027
299.693
299.376
299.072
298.781
298.499
298.226
297.962
297.706
297.458
297.221
296.997
296.789
296.596
296.418
296.254
296.103
295.967
295.844
295.734
295.637
295.552
295.478
295.413
295.357
295.308
295.266
295.229
295.199
295.174
295.155
295.14
295.13
295.124
295.122
295.124
295.13
295.14
295.155
295.174
295.199
295.229
295.266
295.308
295.357
295.413
295.478
295.552
295.637
295.734
295.844
295.967
296.103
296.254
296.418
296.596
296.789
296.997
297.221
297.458
297.706
297.962
298.226
298.499
298.781
299.072
299.376
299.693
300.027
300.381
300.759
301.163
301.598
302.068
302.576
303.129
303.728
304.379
305.083
305.847
306.681
307.609
308.666
309.721
310.174
310.124
309.673
308.611
307.543
306.61
305.77
305
304.289
303.629
303.018
302.452
301.931
301.449
301.002
300.588
300.201
299.839
299.497
299.171
298.859
298.558
298.267
297.983
297.707
297.439
297.18
296.935
296.707
296.496
296.301
296.122
295.955
295.8
295.659
295.532
295.419
295.321
295.236
295.163
295.099
295.044
294.996
294.955
294.92
294.891
294.866
294.847
294.832
294.821
294.815
294.813
294.815
294.821
294.832
294.847
294.866
294.891
294.92
294.955
294.996
295.044
295.099
295.163
295.236
295.321
295.419
295.532
295.659
295.8
295.955
296.122
296.301
296.496
296.707
296.935
297.18
297.439
297.707
297.983
298.267
298.558
298.859
299.171
299.497
299.839
300.201
300.588
301.002
301.449
301.931
302.452
303.018
303.629
304.289
305
305.77
306.61
307.543
308.611
309.673
310.124
310.042
309.596
308.533
307.459
306.523
305.681
304.908
304.195
303.529
302.912
302.336
301.805
301.312
300.855
300.431
300.035
299.665
299.315
298.98
298.659
298.348
298.046
297.752
297.464
297.184
296.916
296.666
296.436
296.226
296.029
295.839
295.662
295.5
295.356
295.227
295.112
295.011
294.926
294.853
294.791
294.737
294.691
294.651
294.617
294.589
294.565
294.546
294.531
294.521
294.515
294.513
294.515
294.521
294.531
294.546
294.565
294.589
294.617
294.651
294.691
294.737
294.791
294.853
294.926
295.011
295.112
295.227
295.356
295.5
295.662
295.839
296.029
296.226
296.436
296.666
296.916
297.184
297.464
297.752
298.046
298.348
298.659
298.98
299.315
299.665
300.035
300.431
300.855
301.312
301.805
302.336
302.912
303.529
304.195
304.908
305.681
306.523
307.459
308.533
309.596
310.042
309.911
309.471
308.413
307.34
306.405
305.568
304.799
304.089
303.421
302.805
302.225
301.687
301.186
300.721
300.287
299.883
299.505
299.145
298.803
298.473
298.153
297.842
297.536
297.237
296.946
296.674
296.421
296.193
295.974
295.753
295.542
295.349
295.18
295.034
294.909
294.8
294.704
294.619
294.547
294.487
294.436
294.392
294.354
294.322
294.294
294.271
294.253
294.238
294.228
294.222
294.22
294.222
294.228
294.238
294.253
294.271
294.294
294.322
294.354
294.392
294.436
294.487
294.547
294.619
294.704
294.8
294.909
295.034
295.18
295.349
295.542
295.753
295.974
296.193
296.421
296.674
296.946
297.237
297.536
297.842
298.153
298.473
298.803
299.145
299.505
299.883
300.287
300.721
301.186
301.687
302.225
302.805
303.421
304.089
304.799
305.568
306.405
307.34
308.413
309.471
309.911
309.708
309.272
308.221
307.158
306.238
305.415
304.66
303.96
303.3
302.691
302.114
301.574
301.07
300.598
300.158
299.747
299.36
298.992
298.645
298.306
297.978
297.658
297.343
297.033
296.737
296.462
296.21
295.973
295.722
295.466
295.222
295.01
294.834
294.69
294.571
294.472
294.386
294.31
294.244
294.187
294.139
294.097
294.062
294.031
294.005
293.984
293.966
293.953
293.943
293.938
293.936
293.938
293.943
293.953
293.966
293.984
294.005
294.031
294.062
294.097
294.139
294.187
294.244
294.31
294.386
294.472
294.571
294.69
294.834
295.01
295.222
295.466
295.722
295.973
296.21
296.462
296.737
297.033
297.343
297.658
297.978
298.306
298.645
298.992
299.36
299.747
300.158
300.598
301.07
301.574
302.114
302.691
303.3
303.96
304.66
305.415
306.238
307.158
308.221
309.272
309.708
309.422
308.977
307.928
306.894
306.01
305.218
304.492
303.813
303.17
302.572
302.005
301.469
300.965
300.49
300.046
299.631
299.236
298.861
298.51
298.163
297.83
297.502
297.179
296.863
296.565
296.289
296.036
295.77
295.473
295.162
294.868
294.631
294.452
294.317
294.211
294.127
294.056
293.994
293.938
293.888
293.844
293.806
293.773
293.745
293.721
293.701
293.685
293.673
293.664
293.659
293.657
293.659
293.664
293.673
293.685
293.701
293.721
293.745
293.773
293.806
293.844
293.888
293.938
293.994
294.056
294.127
294.211
294.317
294.452
294.631
294.868
295.162
295.473
295.77
296.036
296.289
296.565
296.863
297.179
297.502
297.83
298.163
298.51
298.861
299.236
299.631
300.046
300.49
300.965
301.469
302.005
302.572
303.17
303.813
304.492
305.218
306.01
306.894
307.928
308.977
309.422
309.074
308.598
307.542
306.57
305.746
305.004
304.318
303.667
303.048
302.466
301.908
301.378
300.877
300.404
299.96
299.542
299.142
298.764
298.406
298.054
297.715
297.383
297.054
296.737
296.442
296.17
295.903
295.594
295.236
294.84
294.452
294.193
294.024
293.91
293.828
293.764
293.713
293.669
293.63
293.591
293.552
293.518
293.487
293.461
293.44
293.422
293.408
293.397
293.389
293.385
293.383
293.385
293.389
293.397
293.408
293.422
293.44
293.461
293.487
293.518
293.552
293.591
293.63
293.669
293.713
293.764
293.828
293.91
294.024
294.193
294.452
294.84
295.236
295.594
295.903
296.17
296.442
296.737
297.054
297.383
297.715
298.054
298.406
298.764
299.142
299.542
299.96
300.404
300.877
301.378
301.908
302.466
303.048
303.667
304.318
305.004
305.746
306.57
307.542
308.598
309.074
308.775
308.259
307.219
306.329
305.566
304.865
304.211
303.58
302.981
302.406
301.851
301.328
300.829
300.358
299.915
299.498
299.097
298.717
298.35
297.996
297.655
297.32
296.99
296.675
296.381
296.11
295.817
295.465
295.035
294.504
293.905
293.66
293.539
293.468
293.422
293.387
293.36
293.337
293.317
293.297
293.279
293.261
293.246
293.233
293.222
293.213
293.206
293.201
293.197
293.195
293.194
293.195
293.197
293.201
293.206
293.213
293.222
293.233
293.246
293.261
293.279
293.297
293.317
293.337
293.36
293.387
293.422
293.468
293.539
293.66
293.905
294.504
295.035
295.465
295.817
296.11
296.381
296.675
296.99
297.32
297.655
297.996
298.35
298.717
299.097
299.498
299.915
300.358
300.829
301.328
301.851
302.406
302.981
303.58
304.211
304.865
305.566
306.329
307.219
308.259
308.775
308.658
308.125
307.099
306.248
305.509
304.823
304.178
303.555
302.964
302.387
301.835
301.313
300.815
300.345
299.903
299.486
299.086
298.704
298.334
297.98
297.638
297.303
296.973
296.659
296.365
296.094
295.786
295.412
294.93
294.236
293
293
293
293
293
293
293
293
293
293
293
293
293
293
293
293
293
293
293
293
293
293
293
293
293
293
293
293
293
293
293
293
293
293
293
293
293
293
293
293
293
294.236
294.93
295.412
295.786
296.094
296.365
296.659
296.973
297.303
297.638
297.98
298.334
298.704
299.086
299.486
299.903
300.345
300.815
301.313
301.835
302.387
302.964
303.555
304.178
304.823
305.509
306.248
307.099
308.125
308.658
