332.221
328.822
318.382
300.454
300.362
300.044
299.74
299.289
298.709
298.152
297.595
297.048
296.532
295.947
294.976
293
293
293
293
293
293
293
293
293
293
293
293
293
293
293
293
293
293
293
293
293
294.975
295.945
296.53
297.047
297.595
298.153
298.71
299.291
299.743
300.048
300.366
300.458
318.405
328.856
332.258
333.619
330.343
320.131
301.557
300.48
300.034
299.807
299.348
298.69
298.146
297.584
297.027
296.561
296.133
295.473
294.602
294.246
294.057
293.914
293.754
293.519
293.249
293.151
293.141
293.896
296.85
293.893
293.141
293.151
293.249
293.519
293.753
293.913
294.056
294.245
294.6
295.471
296.131
296.559
297.025
297.584
298.147
298.692
299.35
299.81
300.037
300.484
301.562
320.158
330.38
333.66
337.569
334.8
326.253
310.892
301.764
300.259
299.917
299.53
298.853
298.237
297.644
297.058
296.561
296.539
296.169
295.674
295.315
295.055
294.834
294.569
294.063
293.312
293.203
294.328
299.228
302.798
299.224
294.324
293.203
293.312
294.062
294.567
294.831
295.053
295.312
295.671
296.165
296.536
296.558
297.057
297.644
298.237
298.854
299.533
299.92
300.263
301.77
310.912
326.292
334.848
337.62
343.056
341.035
335.192
326.615
319.591
315.389
312.495
310.115
307.876
305.577
302.961
299.748
297.346
297.283
296.975
296.6
296.271
296.003
295.783
295.615
295.602
298.813
303.558
307.012
310.287
311.891
310.284
307.008
303.552
298.803
295.597
295.611
295.779
295.999
296.267
296.596
296.971
297.278
297.343
299.736
302.961
305.59
307.903
310.156
312.545
315.444
319.646
326.673
335.255
341.101
343.123
348.587
347.091
342.865
336.803
330.625
325.224
320.559
316.561
312.959
309.236
304.873
299.785
298.855
298.257
297.837
297.469
297.153
296.891
296.669
296.492
296.529
304.722
311.203
315.877
319.015
320.197
319.012
315.871
311.196
304.712
296.525
296.487
296.663
296.886
297.147
297.463
297.831
298.251
298.848
299.772
304.875
309.26
313.011
316.645
320.664
325.331
330.726
336.897
342.953
347.177
348.672
353.107
351.88
348.372
343.108
336.883
330.324
323.956
318.612
314.161
309.537
303.515
299.62
299.456
299.043
298.635
298.272
297.969
297.728
297.496
297.143
297.413
308.583
316.657
322.276
325.699
326.87
325.695
322.269
316.647
308.571
297.404
297.138
297.489
297.721
297.962
298.265
298.628
299.036
299.45
299.615
303.511
309.563
314.236
318.75
324.132
330.492
337.03
343.235
348.484
351.984
353.209
356.083
354.949
351.634
346.375
339.476
331.231
322.329
315.771
311.535
307.235
301.394
300.892
300.296
299.809
299.376
299.002
298.712
298.544
298.432
298.311
299.478
311.541
320.566
326.871
330.634
331.89
330.63
326.863
320.554
311.523
299.448
298.299
298.421
298.534
298.703
298.993
299.368
299.801
300.287
300.883
301.378
307.246
311.62
315.988
322.623
331.475
339.667
346.528
351.763
355.065
356.195
357.327
356.199
352.84
347.281
339.416
328.794
314.362
306.62
304.979
303.577
302.108
301.554
301.012
300.51
300.047
299.635
299.322
299.29
299.365
299.487
300.903
313.538
323.195
330.009
334.074
335.427
334.07
330
323.182
313.517
300.872
299.472
299.352
299.277
299.311
299.625
300.038
300.501
301.003
301.545
302.1
303.574
305.013
306.964
314.9
329.116
339.636
347.447
352.976
356.319
357.442
356.826
355.679
352.248
346.492
338.114
326.168
308.031
305.41
304.321
303.264
302.713
302.192
301.675
301.161
300.653
300.157
299.638
299.915
300.24
300.69
301.233
314.512
324.669
331.894
336.228
337.672
336.224
331.886
324.656
314.494
301.21
300.67
300.223
299.9
299.625
300.147
300.644
301.151
301.665
302.182
302.701
303.248
304.303
305.329
308.481
326.454
338.316
346.646
352.375
355.792
356.934
354.618
353.444
349.981
344.324
336.381
325.739
311.812
304.694
304.007
303.678
303.268
302.815
302.324
301.792
301.237
301.55
300.906
300.481
300.979
301.287
301.355
314.609
325.073
332.672
337.272
338.81
337.268
332.663
325.061
314.592
301.336
301.268
300.96
300.464
300.896
301.544
301.227
301.781
302.314
302.804
303.256
303.665
303.996
304.704
311.961
325.905
336.527
344.448
350.087
353.54
354.71
350.758
349.498
345.908
340.443
333.346
324.596
314.587
305.347
304.208
304.154
303.853
303.462
303.003
302.432
303.399
305.586
304.152
301.879
301.893
302.03
302.08
313.503
324.344
332.447
337.379
339.029
337.375
332.438
324.331
313.487
302.057
302.007
301.871
301.857
304.144
305.581
303.396
302.42
302.992
303.451
303.842
304.143
304.2
305.301
314.633
324.681
333.438
340.53
345.986
349.57
350.828
345.419
343.882
339.709
334.195
327.964
320.71
312.675
306.143
305.326
304.865
304.515
304.167
303.782
303.819
307.197
309.633
307.958
302.708
302.673
302.846
302.971
309.534
322.352
331.392
336.767
338.551
336.764
331.384
322.34
309.519
302.944
302.82
302.646
302.681
307.946
309.626
307.195
303.808
303.77
304.155
304.504
304.853
305.312
306.096
312.673
320.746
328.015
334.248
339.757
343.926
345.461
339.153
336.903
330.851
324.663
319.606
313.606
308.348
306.134
305.786
305.452
305.165
304.895
304.573
307.302
312.197
313.791
311.369
304.193
303.27
303.696
304.037
305.246
320.139
330.002
335.748
337.645
335.745
329.993
320.125
305.231
304.005
303.669
303.246
304.197
311.363
313.782
312.188
307.291
304.564
304.884
305.153
305.44
305.774
306.122
308.34
313.615
319.629
324.691
330.869
336.915
339.164
333.387
329.724
318.138
310.121
308.516
307.969
306.927
306.512
306.222
305.978
305.785
305.663
305.692
311.679
316.498
317.964
315.536
308.798
304.59
304.62
304.835
305.035
318.954
328.729
334.576
336.537
334.578
328.72
318.937
305.012
304.806
304.594
304.566
308.801
315.529
317.952
316.485
311.664
305.681
305.652
305.773
305.966
306.21
306.5
306.915
307.958
308.507
310.135
318.118
329.701
333.365
330.947
326.471
311.437
309.363
308.411
307.947
307.202
306.76
306.6
306.441
306.321
306.269
306.308
314.643
320.153
322.031
320.014
314.134
305.593
305.348
305.656
306
317.931
327.383
333.291
335.349
333.309
327.371
317.903
305.991
305.632
305.321
305.567
314.125
319.998
322.012
320.135
314.626
306.296
306.257
306.31
306.429
306.588
306.748
307.191
307.937
308.402
309.354
311.344
326.409
330.893
333.458
329.78
318.215
310.261
308.511
307.981
307.189
307.04
306.966
306.852
306.778
306.771
306.815
316.903
323.44
325.993
324.354
318.404
308.25
307.725
308.103
310.481
316.384
325.58
331.857
334.258
331.939
325.551
316.35
310.504
308.129
307.731
308.254
318.386
324.326
325.964
323.415
316.884
306.803
306.759
306.766
306.84
306.954
307.028
307.177
307.971
308.5
310.173
318.103
329.701
333.389
339.327
336.976
330.659
324.113
318.649
312.816
307.988
307.355
307.36
307.21
307.156
307.211
307.261
319.037
326.712
330.148
329.006
322.892
313.255
310.449
311.315
313.203
315.515
322.752
330.299
333.887
330.639
322.604
315.446
313.178
311.315
310.455
313.286
322.851
328.955
330.103
326.679
319.015
307.249
307.198
307.144
307.198
307.347
307.343
307.973
312.804
318.627
324.052
330.584
336.907
339.262
345.9
344.137
339.332
332.94
325.919
318.497
310.615
309.412
307.895
307.46
307.414
307.641
308.067
321.321
330.223
334.879
334.63
328.353
320.551
315.244
314.011
315.37
318.321
321.853
330.844
336.351
331.642
321.473
318.185
315.315
314.007
315.255
320.652
328.238
334.538
334.815
330.182
321.296
308.055
307.628
307.401
307.447
307.882
309.397
310.596
318.478
325.891
332.896
339.278
344.081
345.844
351.999
350.34
345.593
338.397
329.589
320.825
315.076
312.973
311.039
309.502
309.944
312.038
313.788
324.181
333.98
340.516
342.282
337.946
330.326
322.945
321.258
321.705
321.356
327.958
339.031
345.031
339.937
328.615
321.318
321.668
321.241
322.91
330.146
337.676
342.145
340.438
333.936
324.158
313.775
312.025
309.931
309.489
311.026
312.959
315.06
320.806
329.563
338.362
345.551
350.295
351.953
357.415
355.631
350.301
341.467
329.216
321.281
318.685
316.095
313.579
311.895
314.336
318.431
322.427
327.524
337.003
346.923
352.035
352.686
350.662
348.212
347.459
348.012
349.447
353.318
358.311
360.809
358.649
353.627
349.538
348.028
347.443
348.161
350.55
352.542
351.93
346.856
336.968
327.505
322.411
318.417
314.32
311.881
313.565
316.08
318.67
321.265
329.196
341.439
350.268
355.595
357.378
362.399
360.467
354.515
343.952
327.362
324.084
321.643
320.051
322.576
325.35
324.926
324.747
326.989
329.628
339.431
354.138
362.25
366.1
367.429
367.785
368.353
369.439
371.102
373.561
376.087
377.244
376.223
373.709
371.18
369.464
368.342
367.743
367.356
366.014
362.176
354.088
339.408
329.609
326.972
324.738
324.917
325.338
322.563
320.036
321.628
324.068
327.345
343.929
354.488
360.438
362.369
367.247
365.325
359.339
348.466
330.616
326.75
325.794
329.767
335.604
338.32
337.952
334.453
331.319
336.72
349.734
363.948
372.725
378.037
381.168
383.145
384.728
386.288
387.96
389.735
391.233
391.856
391.291
389.807
388.008
386.305
384.719
383.113
381.118
377.98
372.674
363.91
349.718
336.711
331.306
334.441
337.94
338.308
335.591
329.752
325.778
326.734
330.6
348.446
359.317
365.3
367.222
371.94
370.245
365.052
355.955
341.926
333.734
337.083
343.363
347.751
350.376
351.426
351.538
352.671
357.546
365.927
375.193
382.667
388.155
392.059
394.9
397.128
399.025
400.717
402.187
403.252
403.658
403.277
402.219
400.739
399.03
397.116
394.873
392.022
388.114
382.629
375.163
365.907
357.532
352.658
351.526
351.414
350.365
347.739
343.35
337.069
333.719
341.91
355.937
365.033
370.224
371.919
376.021
374.664
370.67
364.375
356.886
352.159
352.271
354.852
357.662
360.007
361.837
363.603
366.281
370.867
377.236
384.231
390.595
395.858
400.015
403.268
405.857
407.967
409.695
411.043
411.931
412.248
411.939
411.053
409.698
407.961
405.84
403.242
399.983
395.824
390.564
384.205
377.216
370.852
366.268
363.592
361.826
359.997
357.651
354.84
352.258
352.146
356.872
364.36
370.653
374.646
376.003
378.818
377.719
374.589
369.991
365.083
361.747
360.988
362.112
364.038
366.154
368.312
370.756
373.982
378.406
383.917
389.898
395.626
400.665
404.874
408.3
411.066
413.292
415.052
416.36
417.181
417.463
417.18
416.355
415.041
413.275
411.043
408.272
404.844
400.636
395.599
389.876
383.899
378.392
373.971
370.746
368.303
366.145
364.029
362.102
360.978
361.736
365.071
369.977
374.574
377.704
378.802
379.812
378.806
375.974
371.916
367.709
364.756
363.825
364.568
366.225
368.258
370.502
373.125
376.487
380.858
386.129
391.819
397.346
402.302
406.516
409.992
412.814
415.082
416.86
418.164
418.971
419.242
418.962
418.147
416.836
415.054
412.783
409.96
406.486
402.274
397.322
391.8
386.114
380.846
376.478
373.117
370.494
368.251
366.218
364.56
363.816
364.747
367.699
371.905
375.962
378.793
379.798
378.817
377.718
374.588
369.989
365.081
361.744
360.986
362.109
364.036
366.153
368.311
370.755
373.983
378.408
383.921
389.905
395.636
400.68
404.898
408.336
411.118
413.362
415.142
416.467
417.296
417.574
417.278
416.435
415.103
413.321
411.077
408.299
404.866
400.653
395.615
389.889
383.91
378.4
373.977
370.75
368.306
366.148
364.032
362.104
360.98
361.738
365.073
369.98
374.577
377.707
378.805
376.021
374.663
370.668
364.372
356.882
352.154
352.266
354.847
357.658
360.004
361.835
363.602
366.282
370.871
377.243
384.242
390.613
395.886
400.06
403.337
405.958
408.108
409.879
411.265
412.171
412.479
412.141
411.214
409.819
408.049
405.905
403.292
400.024
395.859
390.594
384.23
377.236
370.868
366.28
363.6
361.833
360.002
357.656
354.845
352.263
352.151
356.876
364.365
370.659
374.652
376.009
371.939
370.244
365.05
355.95
341.918
333.726
337.075
343.356
347.746
350.372
351.423
351.536
352.672
357.552
365.937
375.207
382.689
388.19
392.118
394.993
397.27
399.232
401
402.543
403.644
404.032
403.592
402.46
400.911
399.151
397.202
394.94
392.08
388.166
382.674
375.2
365.938
357.555
352.674
351.538
351.424
350.372
347.746
343.356
337.075
333.726
341.917
355.944
365.041
370.233
371.927
367.248
365.325
359.338
348.461
330.607
326.74
325.784
329.757
335.596
338.314
337.947
334.449
331.316
336.727
349.748
363.96
372.744
378.07
381.227
383.248
384.896
386.549
388.348
390.262
391.831
392.412
391.736
390.122
388.216
386.44
384.812
383.188
381.189
378.049
372.734
363.96
349.759
336.741
331.323
334.455
337.951
338.317
335.598
329.759
325.786
326.741
330.607
348.455
359.328
365.312
367.234
362.402
360.47
354.515
343.948
327.352
324.074
321.632
320.04
322.566
325.342
324.92
324.742
326.982
329.621
339.434
354.142
362.257
366.117
367.473
367.877
368.517
369.721
371.581
374.327
377.005
378.05
376.816
374.078
371.389
369.582
368.417
367.811
367.44
366.107
362.255
354.145
339.444
329.625
326.987
324.752
324.928
325.347
322.57
320.043
321.635
324.076
327.353
343.941
354.502
360.454
362.385
357.421
355.636
350.304
341.465
329.209
321.27
318.674
316.083
313.568
311.884
314.326
318.424
322.419
327.518
336.999
346.918
352.025
352.669
350.672
348.269
347.575
348.235
349.927
354.462
359.811
361.967
359.4
353.984
349.681
348.081
347.465
348.197
350.653
352.685
352.034
346.923
337.005
327.525
322.425
318.43
314.331
311.89
313.572
316.087
318.678
321.273
329.207
341.454
350.287
355.615
357.399
352.01
350.35
345.6
338.4
329.585
320.815
315.063
312.961
311.028
309.491
309.934
312.029
313.779
324.174
333.973
340.505
342.255
337.864
330.279
322.956
321.279
321.718
321.43
329.783
341.81
346.609
340.832
328.78
321.27
321.596
321.165
322.863
330.291
337.947
342.272
340.508
333.976
324.179
313.786
312.037
309.94
309.497
311.033
312.966
315.068
320.816
329.578
338.383
345.576
350.321
351.98
345.919
344.155
339.347
332.948
325.918
318.488
310.595
309.398
307.884
307.449
307.403
307.63
308.057
321.312
330.216
334.873
334.626
328.369
320.643
315.266
314.017
315.312
318.151
321.251
332.962
337.827
332.829
321.396
318.1
315.208
313.898
315.149
320.451
328.3
334.601
334.861
330.212
321.315
308.063
307.636
307.409
307.455
307.89
309.403
310.601
318.49
325.91
332.924
339.311
344.115
345.878
339.357
337.004
330.683
324.128
318.652
312.811
307.974
307.345
307.349
307.199
307.145
307.2
307.251
319.028
326.706
330.144
329.009
322.908
313.267
310.458
311.322
313.18
315.439
322.674
331.436
334.907
331.501
322.684
315.346
313.056
311.196
310.351
313.176
322.832
328.969
330.124
326.698
319.029
307.257
307.206
307.152
307.205
307.355
307.35
307.98
312.82
318.65
324.09
330.63
336.949
339.303
333.5
329.82
318.257
310.294
308.506
307.975
307.179
307.03
306.956
306.841
306.767
306.76
306.804
316.893
323.434
325.991
324.356
318.412
308.259
307.736
308.14
310.517
316.409
325.751
332.417
334.865
332.422
325.715
316.289
310.342
307.996
307.645
308.173
318.351
324.317
325.969
323.425
316.894
306.811
306.767
306.774
306.848
306.962
307.037
307.184
307.978
308.508
310.224
318.172
329.75
333.433
331.005
326.521
311.46
309.358
308.406
307.94
307.194
306.75
306.59
306.43
306.31
306.258
306.297
314.631
320.146
322.028
320.015
314.137
305.57
305.324
305.635
305.997
317.991
327.555
333.616
335.713
333.606
327.52
317.922
305.952
305.619
305.317
305.561
314.093
319.982
322.008
320.138
314.635
306.303
306.265
306.317
306.437
306.596
306.756
307.198
307.944
308.409
309.357
311.405
326.45
330.928
333.478
329.802
318.164
310.097
308.511
307.962
306.918
306.502
306.212
305.967
305.774
305.652
305.681
311.665
316.489
317.96
315.537
308.807
304.567
304.595
304.807
305.017
319.011
328.861
334.781
336.764
334.77
328.836
318.976
305.002
304.808
304.595
304.564
308.762
315.509
317.945
316.486
311.672
305.688
305.659
305.781
305.974
306.218
306.508
306.923
307.965
308.514
310.129
318.135
329.718
333.381
339.303
337.047
330.977
324.772
319.704
313.663
308.356
306.124
305.775
305.44
305.153
304.884
304.562
307.289
312.187
313.784
311.367
304.2
303.246
303.669
304.004
305.249
320.187
330.097
335.882
337.792
335.873
330.079
320.161
305.216
304.022
303.678
303.252
304.162
311.347
313.775
312.187
307.297
304.57
304.891
305.161
305.447
305.782
306.13
308.343
313.608
319.616
324.677
330.862
336.911
339.16
345.642
344.105
339.932
334.42
328.188
320.904
312.782
306.141
305.314
304.852
304.503
304.155
303.77
303.807
307.187
309.624
307.947
302.681
302.645
302.819
302.942
309.543
322.39
331.46
336.858
338.649
336.851
331.447
322.371
309.518
302.958
302.832
302.661
302.695
307.942
309.622
307.192
303.814
303.777
304.162
304.511
304.86
305.321
306.142
312.68
320.728
327.988
334.219
339.731
343.902
345.438
351.053
349.799
346.226
340.789
333.723
324.981
314.892
305.349
304.194
304.14
303.84
303.45
302.991
302.42
303.388
305.579
304.146
301.857
301.87
302.007
302.057
313.509
324.371
332.494
337.44
339.095
337.436
332.485
324.36
313.499
302.067
302.017
301.882
301.867
304.139
305.579
303.396
302.427
302.999
303.458
303.849
304.15
304.204
305.347
314.621
324.637
333.387
340.48
345.941
349.528
350.787
354.975
353.811
350.382
344.787
336.935
326.407
312.531
304.651
303.989
303.662
303.254
302.802
302.313
301.78
301.227
301.544
300.897
300.464
300.96
301.269
301.337
314.61
325.092
332.704
337.315
338.856
337.311
332.698
325.084
314.606
301.343
301.276
300.969
300.473
300.897
301.546
301.233
301.787
302.32
302.81
303.263
303.673
304.002
304.688
311.893
325.814
336.442
344.375
350.024
353.483
354.655
357.222
356.09
352.706
347.04
338.824
327.181
309.685
305.333
304.303
303.246
302.699
302.18
301.664
301.15
300.643
300.146
299.625
299.9
300.223
300.67
301.219
314.512
324.681
331.916
336.257
337.704
336.255
331.911
324.674
314.504
301.214
300.681
300.232
299.909
299.632
300.153
300.649
301.157
301.671
302.188
302.708
303.259
304.317
305.393
308.219
326.283
338.194
346.553
352.298
355.724
356.868
357.734
356.621
353.31
347.843
340.141
329.808
315.926
307.537
305.085
303.585
302.098
301.544
301.002
300.5
300.037
299.625
299.31
299.277
299.351
299.472
300.893
313.537
323.203
330.024
334.094
335.449
334.092
330.019
323.195
313.525
300.871
299.482
299.359
299.284
299.317
299.631
300.043
300.506
301.008
301.55
302.104
303.576
304.989
306.721
314.541
328.909
339.498
347.343
352.892
356.245
357.371
356.471
355.349
352.072
346.882
340.089
331.984
323.195
316.386
311.796
307.318
301.389
300.883
300.286
299.8
299.367
298.993
298.703
298.533
298.421
298.3
299.468
311.539
320.57
326.881
330.647
331.905
330.645
326.877
320.564
311.528
299.449
298.304
298.427
298.539
298.708
298.998
299.373
299.806
300.292
300.889
301.39
307.242
311.563
315.839
322.427
331.316
339.545
346.431
351.682
354.993
356.125
353.453
352.232
348.747
343.522
337.351
330.844
324.485
319.022
314.397
309.644
303.535
299.612
299.448
299.035
298.627
298.264
297.962
297.72
297.488
297.136
297.406
308.58
316.659
322.282
325.708
326.881
325.706
322.279
316.655
308.576
297.407
297.143
297.494
297.725
297.966
298.269
298.632
299.039
299.453
299.616
303.514
309.547
314.186
318.657
324.015
330.382
336.935
343.154
348.413
351.918
353.145
348.875
347.381
343.16
337.109
330.947
325.558
320.879
316.818
313.127
309.327
304.905
299.782
298.848
298.251
297.831
297.463
297.147
296.885
296.663
296.486
296.524
304.719
311.204
315.88
319.021
320.204
319.019
315.878
311.201
304.716
296.528
296.491
296.667
296.889
297.151
297.466
297.835
298.255
298.852
299.779
304.873
309.244
312.976
316.589
320.594
325.261
330.661
336.837
342.897
347.123
348.618
343.284
341.258
335.403
326.807
319.769
315.562
312.654
310.246
307.966
305.63
302.983
299.746
297.342
297.278
296.971
296.596
296.266
295.999
295.779
295.61
295.597
298.81
303.558
307.015
310.291
311.896
310.289
307.012
303.555
298.804
295.6
295.613
295.782
296.002
296.269
296.599
296.973
297.281
297.345
299.743
302.96
305.581
307.884
310.128
312.511
315.408
319.61
326.636
335.215
341.059
343.081
337.743
334.965
326.388
310.964
301.79
300.278
299.933
299.545
298.864
298.245
297.649
297.06
296.559
296.537
296.166
295.671
295.312
295.052
294.831
294.567
294.061
293.312
293.203
294.33
299.231
302.801
299.228
294.326
293.203
293.313
294.063
294.569
294.833
295.054
295.314
295.673
296.167
296.538
296.56
297.057
297.644
298.237
298.853
299.531
299.917
300.26
301.765
310.899
326.267
334.817
337.587
333.758
330.471
320.223
301.58
300.499
300.05
299.823
299.361
298.7
298.154
297.589
297.029
296.561
296.132
295.471
294.6
294.245
294.056
293.913
293.753
293.519
293.248
293.151
293.14
293.897
296.851
293.895
293.141
293.151
293.249
293.519
293.753
293.914
294.057
294.246
294.601
295.472
296.132
296.56
297.026
297.584
298.146
298.691
299.348
299.808
300.034
300.481
301.558
320.141
330.356
333.633
332.348
328.938
318.461
300.472
300.38
300.061
299.756
299.302
298.719
298.16
297.6
297.051
296.533
295.946
294.975
293
293
293
293
293
293
293
293
293
293
293
293
293
293
293
293
293
293
293
293
293
294.975
295.946
296.531
297.048
297.595
298.152
298.709
299.29
299.741
300.045
300.363
300.455
318.39
328.834
332.234
