313.772
310.867
302.354
301.624
300.98
300.383
299.873
299.312
298.74
298.164
297.582
297.003
296.446
295.86
294.906
293
293
293
293
293
293
293
293
293
293
293
293
293
293
293
293
293
293
293
293
293
294.906
295.86
296.446
297.003
297.582
298.164
298.74
299.312
299.873
300.383
300.98
301.624
302.354
310.867
313.772
314.676
311.727
302.889
301.926
301.245
300.535
299.929
299.311
298.735
298.162
297.574
296.985
296.456
296.037
295.376
294.519
294.17
293.99
293.866
293.747
293.597
293.403
293.206
293.163
293.286
294.687
293.286
293.163
293.206
293.403
293.597
293.747
293.866
293.99
294.17
294.519
295.376
296.037
296.456
296.985
297.574
298.162
298.735
299.311
299.929
300.535
301.245
301.926
302.889
311.727
314.676
317.478
314.629
305.78
302.908
301.919
300.906
300.184
299.518
298.87
298.253
297.634
296.979
296.506
296.443
296.03
295.518
295.158
294.911
294.716
294.511
294.226
293.796
293.247
293.376
297.479
300.48
297.479
293.376
293.247
293.796
294.226
294.511
294.716
294.911
295.158
295.518
296.03
296.443
296.506
296.979
297.634
298.253
298.87
299.518
300.184
300.906
301.919
302.908
305.78
314.629
317.478
321.976
319.705
312.62
306.701
305.447
307.163
308.254
307.663
306.115
303.943
301.197
297.982
297.58
297.188
296.771
296.354
296.019
295.77
295.564
295.343
295.037
295.12
299.873
303.687
306.926
308.429
306.926
303.687
299.873
295.12
295.037
295.343
295.564
295.77
296.019
296.354
296.771
297.188
297.58
297.982
301.197
303.943
306.115
307.663
308.254
307.163
305.447
306.701
312.62
319.705
321.976
327.016
325.631
321.951
318.275
316.24
315.463
314.579
312.801
310.012
306.241
301.638
298.638
298.417
297.944
297.5
297.097
296.78
296.572
296.413
296.25
296.018
296.769
304.97
310.574
314.107
315.386
314.107
310.574
304.97
296.769
296.018
296.25
296.413
296.572
296.78
297.097
297.5
297.944
298.417
298.638
301.638
306.241
310.012
312.801
314.579
315.463
316.24
318.275
321.951
325.631
327.016
330.827
329.853
327.315
324.337
321.844
319.875
317.799
314.95
310.89
305.374
300.441
299.786
299.186
298.66
298.175
297.74
297.421
297.314
297.256
297.212
297.214
299.224
308.849
315.533
319.543
320.899
319.543
315.533
308.849
299.224
297.214
297.212
297.256
297.314
297.421
297.74
298.175
298.66
299.186
299.786
300.441
305.374
310.89
314.95
317.799
319.875
321.844
324.337
327.315
329.853
330.827
332.585
331.639
329.121
325.912
322.926
320.392
317.79
314.312
309.223
303.112
300.892
300.411
299.866
299.323
298.789
298.256
297.835
297.996
298.07
298.115
298.167
301.099
311.676
319.164
323.634
325.123
323.634
319.164
311.676
301.099
298.167
298.115
298.07
297.996
297.835
298.256
298.789
299.323
299.866
300.411
300.892
303.112
309.223
314.312
317.79
320.392
322.926
325.912
329.121
331.639
332.585
332.235
330.995
327.619
323.264
319.555
316.978
314.658
311.286
305.726
301.979
301.616
301.088
300.533
299.966
299.388
298.534
298.607
298.753
298.902
298.999
299.067
301.941
313.594
321.814
326.704
328.327
326.704
321.814
313.594
301.941
299.067
298.999
298.902
298.753
298.607
298.534
299.388
299.966
300.533
301.088
301.616
301.979
305.726
311.286
314.658
316.978
319.555
323.264
327.619
330.995
332.235
330.363
328.488
323.097
315.979
311.07
309.315
308.578
306.556
303.515
302.955
302.351
301.778
301.2
300.608
300.534
300.521
299.588
299.571
299.773
299.901
299.979
302.328
314.949
323.795
329.04
330.779
329.04
323.795
314.949
302.328
299.979
299.901
299.773
299.571
299.588
300.521
300.534
300.608
301.2
301.778
302.351
302.955
303.515
306.556
308.578
309.315
311.07
315.979
323.097
328.488
330.363
328.243
325.497
316.958
310.135
308.439
307.41
306.314
305.25
304.218
303.621
303.042
302.461
301.867
301.971
303.919
304.063
300.625
300.481
300.707
300.839
300.919
302.816
316.082
325.376
330.883
332.708
330.883
325.376
316.082
302.816
300.919
300.839
300.707
300.481
300.625
304.063
303.919
301.971
301.867
302.461
303.042
303.621
304.218
305.25
306.314
307.41
308.439
310.135
316.958
325.497
328.243
327.613
324.341
313.606
309.222
308.178
307.132
306.132
305.318
304.777
304.258
303.722
303.146
303.114
306.059
308.61
307.383
302.231
301.6
301.725
301.817
301.886
303.604
317.196
326.743
332.408
334.286
332.408
326.743
317.196
303.604
301.886
301.817
301.725
301.6
302.231
307.383
308.61
306.059
303.114
303.146
303.722
304.258
304.777
305.318
306.132
307.132
308.178
309.222
313.606
324.341
327.613
329.527
326.718
318.006
310.795
308.258
306.973
306.035
305.623
305.3
304.898
304.431
304.28
307.578
311.949
313.082
310.647
304.426
302.762
302.762
302.804
302.862
304.71
318.363
327.991
333.72
335.622
333.72
327.991
318.363
304.71
302.862
302.804
302.762
302.762
304.426
310.647
313.082
311.949
307.578
304.28
304.431
304.898
305.3
305.623
306.035
306.973
308.258
310.795
318.006
326.718
329.527
333.057
331.041
325.336
317.884
311.61
307.543
306.16
306.106
305.892
305.591
305.372
307.939
313.841
317.094
317.122
313.695
306.693
303.78
303.747
303.764
303.816
306.067
319.56
329.138
334.859
336.761
334.859
329.138
319.56
306.067
303.816
303.764
303.747
303.78
306.693
313.695
317.122
317.094
313.841
307.939
305.372
305.591
305.892
306.106
306.16
307.543
311.61
317.884
325.336
331.041
333.057
336.621
335.051
330.641
324.364
317.368
309.902
306.867
306.813
306.556
306.192
306.46
313.026
318.939
321.463
320.616
316.319
308.535
304.71
304.667
304.677
304.733
307.434
320.681
330.143
335.816
337.706
335.816
330.143
320.681
307.434
304.733
304.677
304.667
304.71
308.535
316.319
320.616
321.463
318.939
313.026
306.46
306.192
306.556
306.813
306.867
309.902
317.368
324.364
330.641
335.051
336.621
339.325
337.901
333.814
327.563
319.677
310.219
307.616
307.51
307.316
307.204
309.889
318.267
323.424
325.204
323.56
318.431
309.742
305.573
305.522
305.531
305.593
308.528
321.595
330.938
336.555
338.43
336.555
330.938
321.595
308.528
305.593
305.531
305.522
305.573
309.742
318.431
323.56
325.204
323.424
318.267
309.889
307.204
307.316
307.51
307.616
310.219
319.677
327.563
333.814
337.901
339.325
340.875
339.415
335.15
328.395
319.565
309.334
308.548
308.283
307.981
308.102
314.802
322.78
327.287
328.367
325.991
320.102
310.583
306.36
306.306
306.32
306.38
309.435
322.238
331.459
337.037
338.905
337.037
331.459
322.238
309.435
306.38
306.32
306.306
306.36
310.583
320.102
325.991
328.367
327.287
322.78
314.802
308.102
307.981
308.283
308.548
309.334
319.565
328.395
335.15
339.415
340.875
341.345
339.734
334.976
327.304
317.271
309.625
309.357
309.081
308.871
310.239
319.723
326.763
330.576
330.987
327.936
321.403
311.327
307.131
307.021
307.051
307.183
310.086
322.469
331.623
337.228
339.115
337.228
331.623
322.469
310.086
307.183
307.051
307.021
307.131
311.327
321.403
327.936
330.987
330.576
326.763
319.723
310.239
308.871
309.081
309.357
309.625
317.271
327.304
334.976
339.734
341.345
341.036
339.201
333.717
324.623
314.689
310.805
310.15
309.802
309.936
313.624
323.345
329.974
333.268
333.068
329.361
322.251
312.039
308.531
307.93
307.922
308.639
310.907
321.972
331.336
337.137
339.1
337.137
331.336
321.972
310.907
308.639
307.922
307.93
308.531
312.039
322.251
329.361
333.068
333.268
329.974
323.345
313.624
309.936
309.802
310.15
310.805
314.689
324.623
333.717
339.201
341.036
340.398
338.316
332.071
321.852
315.127
312.732
311.515
311.297
312.609
316.705
326.063
332.521
335.451
334.658
330.19
322.33
313.979
311.499
309.912
309.783
311.18
313.458
320.777
330.614
336.883
339.011
336.883
330.614
320.777
313.458
311.18
309.783
309.912
311.499
313.979
322.33
330.19
334.658
335.451
332.521
326.063
316.705
312.609
311.297
311.515
312.732
315.127
321.852
332.071
338.316
340.398
339.925
337.595
330.581
321.238
317.894
315.306
313.629
313.936
316.521
319.382
327.769
334.596
337.359
335.923
330.416
322.235
317.493
314.621
312.367
312.154
314.113
316.893
320.532
329.601
336.769
339.177
336.769
329.601
320.532
316.893
314.113
312.154
312.367
314.621
317.493
322.235
330.416
335.923
337.359
334.596
327.769
319.382
316.521
313.936
313.629
315.306
317.894
321.238
330.581
337.595
339.925
340.11
337.558
329.848
323.766
321.46
318.606
316.642
317.814
321.243
323.991
329.058
336.736
339.465
337.257
330.063
323.934
321.373
318.499
315.661
315.237
317.855
320.813
323.341
329.085
337.416
340.161
337.416
329.085
323.341
320.813
317.855
315.237
315.661
318.499
321.373
323.934
330.063
337.257
339.465
336.736
329.058
323.991
321.243
317.814
316.642
318.606
321.46
323.766
329.848
337.558
340.11
341.399
338.708
330.413
327.038
325.054
322.782
322.978
324.042
325.265
327.304
331.211
339.87
342.51
339.609
330.337
326.199
324.177
322.871
323.422
323.552
322.986
323.904
325.985
330.334
339.708
342.634
339.708
330.334
325.985
323.904
322.986
323.552
323.422
322.871
324.177
326.199
330.337
339.609
342.51
339.87
331.211
327.304
325.265
324.042
322.978
322.782
325.054
327.038
330.413
338.708
341.399
344.072
341.582
333.784
330.26
329.533
331.335
333.842
334.632
333.526
333.009
338.423
345.158
347.095
344.438
336.547
329.898
329.299
331.891
334.255
334.454
332.527
330.115
330.695
337.088
344.587
346.958
344.587
337.088
330.695
330.115
332.527
334.454
334.255
331.891
329.299
329.898
336.547
344.438
347.095
345.158
338.423
333.009
333.526
334.632
333.842
331.335
329.533
330.26
333.784
341.582
344.072
347.725
345.947
340.6
336.821
337.948
340.712
342.706
343.834
344.345
345.371
348.237
351.319
352.274
350.602
346.706
343.129
342.01
342.646
343.491
343.638
343.074
342.619
343.738
347.092
350.675
352.025
350.675
347.092
343.738
342.619
343.074
343.638
343.491
342.646
342.01
343.129
346.706
350.602
352.274
351.319
348.237
345.371
344.345
343.834
342.706
340.712
337.948
336.821
340.6
345.947
347.725
350.935
349.922
347.403
345.509
345.646
346.982
348.438
349.653
350.711
352.041
353.915
355.607
356.082
354.991
352.74
350.536
349.382
349.216
349.424
349.534
349.524
349.805
350.943
352.992
354.995
355.793
354.995
352.992
350.943
349.805
349.524
349.534
349.424
349.216
349.382
350.536
352.74
354.991
356.082
355.607
353.915
352.041
350.711
349.653
348.438
346.982
345.646
345.509
347.403
349.922
350.935
352.169
351.404
349.601
348.193
348.154
349.132
350.409
351.63
352.804
354.166
355.777
357.111
357.454
356.541
354.728
352.892
351.767
351.413
351.453
351.551
351.683
352.133
353.239
354.936
356.521
357.157
356.521
354.936
353.239
352.133
351.683
351.551
351.453
351.413
351.767
352.892
354.728
356.541
357.454
357.111
355.777
354.166
352.804
351.63
350.409
349.132
348.154
348.193
349.601
351.404
352.169
350.935
349.922
347.403
345.509
345.646
346.982
348.438
349.653
350.711
352.041
353.915
355.607
356.082
354.991
352.74
350.536
349.382
349.216
349.424
349.534
349.524
349.805
350.943
352.992
354.995
355.793
354.995
352.992
350.943
349.805
349.524
349.534
349.424
349.216
349.382
350.536
352.74
354.991
356.082
355.607
353.915
352.041
350.711
349.653
348.438
346.982
345.646
345.509
347.403
349.922
350.935
347.725
345.947
340.6
336.821
337.948
340.712
342.706
343.834
344.345
345.371
348.237
351.319
352.274
350.602
346.706
343.129
342.01
342.646
343.491
343.638
343.074
342.619
343.738
347.092
350.675
352.025
350.675
347.092
343.738
342.619
343.074
343.638
343.491
342.646
342.01
343.129
346.706
350.602
352.274
351.319
348.237
345.371
344.345
343.834
342.706
340.712
337.948
336.821
340.6
345.947
347.725
344.072
341.582
333.784
330.26
329.533
331.335
333.842
334.632
333.526
333.009
338.423
345.158
347.095
344.438
336.547
329.898
329.299
331.891
334.255
334.454
332.527
330.115
330.695
337.088
344.587
346.958
344.587
337.088
330.695
330.115
332.527
334.454
334.255
331.891
329.299
329.898
336.547
344.438
347.095
345.158
338.423
333.009
333.526
334.632
333.842
331.335
329.533
330.26
333.784
341.582
344.072
341.399
338.708
330.413
327.038
325.054
322.782
322.978
324.042
325.265
327.304
331.211
339.87
342.51
339.609
330.337
326.199
324.177
322.871
323.422
323.552
322.986
323.904
325.985
330.334
339.708
342.634
339.708
330.334
325.985
323.904
322.986
323.552
323.422
322.871
324.177
326.199
330.337
339.609
342.51
339.87
331.211
327.304
325.265
324.042
322.978
322.782
325.054
327.038
330.413
338.708
341.399
340.11
337.558
329.848
323.766
321.46
318.606
316.642
317.814
321.243
323.991
329.058
336.736
339.465
337.257
330.063
323.934
321.373
318.499
315.661
315.237
317.855
320.813
323.341
329.085
337.416
340.161
337.416
329.085
323.341
320.813
317.855
315.237
315.661
318.499
321.373
323.934
330.063
337.257
339.465
336.736
329.058
323.991
321.243
317.814
316.642
318.606
321.46
323.766
329.848
337.558
340.11
339.925
337.595
330.581
321.238
317.894
315.306
313.629
313.936
316.521
319.382
327.769
334.596
337.359
335.923
330.416
322.235
317.493
314.621
312.367
312.154
314.113
316.893
320.532
329.601
336.769
339.177
336.769
329.601
320.532
316.893
314.113
312.154
312.367
314.621
317.493
322.235
330.416
335.923
337.359
334.596
327.769
319.382
316.521
313.936
313.629
315.306
317.894
321.238
330.581
337.595
339.925
340.398
338.316
332.071
321.852
315.127
312.732
311.515
311.297
312.609
316.705
326.063
332.521
335.451
334.658
330.19
322.33
313.979
311.499
309.912
309.783
311.18
313.458
320.777
330.614
336.883
339.011
336.883
330.614
320.777
313.458
311.18
309.783
309.912
311.499
313.979
322.33
330.19
334.658
335.451
332.521
326.063
316.705
312.609
311.297
311.515
312.732
315.127
321.852
332.071
338.316
340.398
341.036
339.201
333.717
324.623
314.689
310.805
310.15
309.802
309.936
313.624
323.345
329.974
333.268
333.068
329.361
322.251
312.039
308.531
307.93
307.922
308.639
310.907
321.972
331.336
337.137
339.1
337.137
331.336
321.972
310.907
308.639
307.922
307.93
308.531
312.039
322.251
329.361
333.068
333.268
329.974
323.345
313.624
309.936
309.802
310.15
310.805
314.689
324.623
333.717
339.201
341.036
341.345
339.734
334.976
327.304
317.271
309.625
309.357
309.081
308.871
310.239
319.723
326.763
330.576
330.987
327.936
321.403
311.327
307.131
307.021
307.051
307.183
310.086
322.469
331.623
337.228
339.115
337.228
331.623
322.469
310.086
307.183
307.051
307.021
307.131
311.327
321.403
327.936
330.987
330.576
326.763
319.723
310.239
308.871
309.081
309.357
309.625
317.271
327.304
334.976
339.734
341.345
340.875
339.415
335.15
328.395
319.565
309.334
308.548
308.283
307.981
308.102
314.802
322.78
327.287
328.367
325.991
320.102
310.583
306.36
306.306
306.32
306.38
309.435
322.238
331.459
337.037
338.905
337.037
331.459
322.238
309.435
306.38
306.32
306.306
306.36
310.583
320.102
325.991
328.367
327.287
322.78
314.802
308.102
307.981
308.283
308.548
309.334
319.565
328.395
335.15
339.415
340.875
339.325
337.901
333.814
327.563
319.677
310.219
307.616
307.51
307.316
307.204
309.889
318.267
323.424
325.204
323.56
318.431
309.742
305.573
305.522
305.531
305.593
308.528
321.595
330.938
336.555
338.43
336.555
330.938
321.595
308.528
305.593
305.531
305.522
305.573
309.742
318.431
323.56
325.204
323.424
318.267
309.889
307.204
307.316
307.51
307.616
310.219
319.677
327.563
333.814
337.901
339.325
336.621
335.051
330.641
324.364
317.368
309.902
306.867
306.813
306.556
306.192
306.46
313.026
318.939
321.463
320.616
316.319
308.535
304.71
304.667
304.677
304.733
307.434
320.681
330.143
335.816
337.706
335.816
330.143
320.681
307.434
304.733
304.677
304.667
304.71
308.535
316.319
320.616
321.463
318.939
313.026
306.46
306.192
306.556
306.813
306.867
309.902
317.368
324.364
330.641
335.051
336.621
333.057
331.041
325.336
317.884
311.61
307.543
306.16
306.106
305.892
305.591
305.372
307.939
313.841
317.094
317.122
313.695
306.693
303.78
303.747
303.764
303.816
306.067
319.56
329.138
334.859
336.761
334.859
329.138
319.56
306.067
303.816
303.764
303.747
303.78
306.693
313.695
317.122
317.094
313.841
307.939
305.372
305.591
305.892
306.106
306.16
307.543
311.61
317.884
325.336
331.041
333.057
329.527
326.718
318.006
310.795
308.258
306.973
306.035
305.623
305.3
304.898
304.431
304.28
307.578
311.949
313.082
310.647
304.426
302.762
302.762
302.804
302.862
304.71
318.363
327.991
333.72
335.622
333.72
327.991
318.363
304.71
302.862
302.804
302.762
302.762
304.426
310.647
313.082
311.949
307.578
304.28
304.431
304.898
305.3
305.623
306.035
306.973
308.258
310.795
318.006
326.718
329.527
327.613
324.341
313.606
309.222
308.178
307.132
306.132
305.318
304.777
304.258
303.722
303.146
303.114
306.059
308.61
307.383
302.231
301.6
301.725
301.817
301.886
303.604
317.196
326.743
332.408
334.286
332.408
326.743
317.196
303.604
301.886
301.817
301.725
301.6
302.231
307.383
308.61
306.059
303.114
303.146
303.722
304.258
304.777
305.318
306.132
307.132
308.178
309.222
313.606
324.341
327.613
328.243
325.497
316.958
310.135
308.439
307.41
306.314
305.25
304.218
303.621
303.042
302.461
301.867
301.971
303.919
304.063
300.625
300.481
300.707
300.839
300.919
302.816
316.082
325.376
330.883
332.708
330.883
325.376
316.082
302.816
300.919
300.839
300.707
300.481
300.625
304.063
303.919
301.971
301.867
302.461
303.042
303.621
304.218
305.25
306.314
307.41
308.439
310.135
316.958
325.497
328.243
330.363
328.488
323.097
315.979
311.07
309.315
308.578
306.556
303.515
302.955
302.351
301.778
301.2
300.608
300.534
300.521
299.588
299.571
299.773
299.901
299.979
302.328
314.949
323.795
329.04
330.779
329.04
323.795
314.949
302.328
299.979
299.901
299.773
299.571
299.588
300.521
300.534
300.608
301.2
301.778
302.351
302.955
303.515
306.556
308.578
309.315
311.07
315.979
323.097
328.488
330.363
332.235
330.995
327.619
323.264
319.555
316.978
314.658
311.286
305.726
301.979
301.616
301.088
300.533
299.966
299.388
298.534
298.607
298.753
298.902
298.999
299.067
301.941
313.594
321.814
326.704
328.327
326.704
321.814
313.594
301.941
299.067
298.999
298.902
298.753
298.607
298.534
299.388
299.966
300.533
301.088
301.616
301.979
305.726
311.286
314.658
316.978
319.555
323.264
327.619
330.995
332.235
332.585
331.639
329.121
325.912
322.926
320.392
317.79
314.312
309.223
303.112
300.892
300.411
299.866
299.323
298.789
298.256
297.835
297.996
298.07
298.115
298.167
301.099
311.676
319.164
323.634
325.123
323.634
319.164
311.676
301.099
298.167
298.115
298.07
297.996
297.835
298.256
298.789
299.323
299.866
300.411
300.892
303.112
309.223
314.312
317.79
320.392
322.926
325.912
329.121
331.639
332.585
330.827
329.853
327.315
324.337
321.844
319.875
317.799
314.95
310.89
305.374
300.441
299.786
299.186
298.66
298.175
297.74
297.421
297.314
297.256
297.212
297.214
299.224
308.849
315.533
319.543
320.899
319.543
315.533
308.849
299.224
297.214
297.212
297.256
297.314
297.421
297.74
298.175
298.66
299.186
299.786
300.441
305.374
310.89
314.95
317.799
319.875
321.844
324.337
327.315
329.853
330.827
327.016
325.631
321.951
318.275
316.24
315.463
314.579
312.801
310.012
306.241
301.638
298.638
298.417
297.944
297.5
297.097
296.78
296.572
296.413
296.25
296.018
296.769
304.97
310.574
314.107
315.386
314.107
310.574
304.97
296.769
296.018
296.25
296.413
296.572
296.78
297.097
297.5
297.944
298.417
298.638
301.638
306.241
310.012
312.801
314.579
315.463
316.24
318.275
321.951
325.631
327.016
321.976
319.705
312.62
306.701
305.447
307.163
308.254
307.663
306.115
303.943
301.197
297.982
297.58
297.188
296.771
296.354
296.019
295.77
295.564
295.343
295.037
295.12
299.873
303.687
306.926
308.429
306.926
303.687
299.873
295.12
295.037
295.343
295.564
295.77
296.019
296.354
296.771
297.188
297.58
297.982
301.197
303.943
306.115
307.663
308.254
307.163
305.447
306.701
312.62
319.705
321.976
317.478
314.629
305.78
302.908
301.919
300.906
300.184
299.518
298.87
298.253
297.634
296.979
296.506
296.443
296.03
295.518
295.158
294.911
294.716
294.511
294.226
293.796
293.247
293.376
297.479
300.48
297.479
293.376
293.247
293.796
294.226
294.511
294.716
294.911
295.158
295.518
296.03
296.443
296.506
296.979
297.634
298.253
298.87
299.518
300.184
300.906
301.919
302.908
305.78
314.629
317.478
314.676
311.727
302.889
301.926
301.245
300.535
299.929
299.311
298.735
298.162
297.574
296.985
296.456
296.037
295.376
294.519
294.17
293.99
293.866
293.747
293.597
293.403
293.206
293.163
293.286
294.687
293.286
293.163
293.206
293.403
293.597
293.747
293.866
293.99
294.17
294.519
295.376
296.037
296.456
296.985
297.574
298.162
298.735
299.311
299.929
300.535
301.245
301.926
302.889
311.727
314.676
313.772
310.867
302.354
301.624
300.98
300.383
299.873
299.312
298.74
298.164
297.582
297.003
296.446
295.86
294.906
293
293
293
293
293
293
293
293
293
293
293
293
293
293
293
293
293
293
293
293
293
294.906
295.86
296.446
297.003
297.582
298.164
298.74
299.312
299.873
300.383
300.98
301.624
302.354
310.867
313.772
