311.245
310.526
308.371
304.787
302.709
302.395
302.174
302.013
301.841
301.565
301.212
300.834
300.446
300.06
299.689
299.342
299.021
298.722
298.436
298.144
297.842
297.53
297.208
296.878
296.544
296.217
295.911
295.553
295.071
294.343
293
293
293
293
293
293
293
293
293
293
293
293
293
293
293
293
293
293
293
293
293
293
293
293
293
293
293
293
293
293
293
293
293
293
293
293
293
293
293
293
293
294.343
295.071
295.553
295.911
296.217
296.544
296.878
297.208
297.53
297.842
298.144
298.436
298.722
299.021
299.342
299.689
300.06
300.446
300.834
301.212
301.565
301.841
302.013
302.174
302.395
302.709
304.787
308.371
310.526
311.245
311.463
310.744
308.59
305.029
302.768
302.48
302.258
302.067
301.891
301.602
301.222
300.837
300.444
300.051
299.676
299.327
299.009
298.714
298.437
298.147
297.845
297.533
297.21
296.879
296.539
296.204
295.936
295.613
295.193
294.648
294.013
293.756
293.631
293.56
293.513
293.48
293.454
293.432
293.41
293.387
293.36
293.322
293.266
293.182
293.087
293.059
293.515
294.288
293.482
293.045
293.059
293.045
293.482
294.288
293.515
293.059
293.087
293.182
293.266
293.322
293.36
293.387
293.41
293.432
293.454
293.48
293.513
293.56
293.631
293.756
294.013
294.648
295.193
295.613
295.936
296.204
296.539
296.879
297.21
297.533
297.845
298.147
298.437
298.714
299.009
299.327
299.676
300.051
300.444
300.837
301.222
301.602
301.891
302.067
302.258
302.48
302.768
305.029
308.59
310.744
311.463
312.12
311.398
309.219
305.569
303
302.741
302.5
302.25
301.983
301.689
301.341
300.951
300.541
300.126
299.73
299.365
299.034
298.731
298.451
298.16
297.857
297.543
297.219
296.885
296.526
296.123
296.011
295.769
295.436
295.041
294.643
294.377
294.206
294.091
294.011
293.95
293.901
293.859
293.819
293.777
293.726
293.658
293.557
293.372
293.104
293.761
295.233
296.165
295.167
293.595
293.174
293.595
295.167
296.165
295.233
293.761
293.104
293.372
293.557
293.658
293.726
293.777
293.819
293.859
293.901
293.95
294.011
294.091
294.206
294.377
294.643
295.041
295.436
295.769
296.011
296.123
296.526
296.885
297.219
297.543
297.857
298.16
298.451
298.731
299.034
299.365
299.73
300.126
300.541
300.951
301.341
301.689
301.983
302.25
302.5
302.741
303
305.569
309.219
311.398
312.12
313.22
312.509
310.323
306.467
303.437
303.105
302.85
302.735
303.734
304.823
305.136
305.046
304.76
304.368
303.914
303.423
302.907
302.364
301.787
301.158
300.467
299.705
298.845
297.816
296.54
296.29
296.215
296.01
295.739
295.435
295.139
294.9
294.72
294.587
294.485
294.405
294.339
294.282
294.228
294.171
294.106
294.025
293.928
293.936
295.571
297.087
298.367
298.973
298.415
296.761
295.989
296.761
298.415
298.973
298.367
297.087
295.571
293.936
293.928
294.025
294.106
294.171
294.228
294.282
294.339
294.405
294.485
294.587
294.72
294.9
295.139
295.435
295.739
296.01
296.215
296.29
296.54
297.816
298.845
299.705
300.467
301.158
301.787
302.364
302.907
303.423
303.914
304.368
304.76
305.046
305.136
304.823
303.734
302.735
302.85
303.105
303.437
306.467
310.323
312.509
313.22
314.742
314.096
312.097
308.501
304.702
303.614
303.607
305.044
306.901
307.935
308.339
308.341
308.092
307.68
307.154
306.541
305.853
305.091
304.247
303.307
302.256
301.079
299.759
298.264
296.86
296.783
296.544
296.316
296.072
295.817
295.573
295.361
295.186
295.047
294.934
294.842
294.765
294.698
294.635
294.572
294.5
294.405
294.237
294.373
297.457
299.65
301.174
301.945
301.782
300.527
299.563
300.527
301.782
301.945
301.174
299.65
297.457
294.373
294.237
294.405
294.5
294.572
294.635
294.698
294.765
294.842
294.934
295.047
295.186
295.361
295.573
295.817
296.072
296.316
296.544
296.783
296.86
298.264
299.759
301.079
302.256
303.307
304.247
305.091
305.853
306.541
307.154
307.68
308.092
308.341
308.339
307.935
306.901
305.044
303.607
303.614
304.702
308.501
312.097
314.096
314.742
316.557
316.035
314.467
311.864
308.494
306.684
307.415
308.888
310.008
310.679
310.943
310.886
310.588
310.107
309.481
308.732
307.872
306.899
305.803
304.567
303.17
301.596
299.848
298.028
297.296
297.08
296.858
296.636
296.411
296.186
295.973
295.78
295.615
295.476
295.36
295.262
295.179
295.106
295.039
294.976
294.915
294.856
294.81
295.625
299.25
301.884
303.734
304.849
305.246
305.057
304.838
305.057
305.246
304.849
303.734
301.884
299.25
295.625
294.81
294.856
294.915
294.976
295.039
295.106
295.179
295.262
295.36
295.476
295.615
295.78
295.973
296.186
296.411
296.636
296.858
297.08
297.296
298.028
299.848
301.596
303.17
304.567
305.803
306.899
307.872
308.732
309.481
310.107
310.588
310.886
310.943
310.679
310.008
308.888
307.415
306.684
308.494
311.864
314.467
316.035
316.557
318.415
318.02
316.875
315.13
313.186
311.928
311.749
312.131
312.562
312.83
312.868
312.672
312.267
311.678
310.93
310.036
309.004
307.831
306.5
304.988
303.262
301.286
299.046
297.674
297.575
297.378
297.169
296.957
296.747
296.541
296.347
296.17
296.014
295.879
295.764
295.665
295.579
295.504
295.437
295.377
295.325
295.29
295.298
297.344
301.036
303.9
306.028
307.474
308.295
308.618
308.675
308.618
308.295
307.474
306.028
303.9
301.036
297.344
295.298
295.29
295.325
295.377
295.437
295.504
295.579
295.665
295.764
295.879
296.014
296.17
296.347
296.541
296.747
296.957
297.169
297.378
297.575
297.674
299.046
301.286
303.262
304.988
306.5
307.831
309.004
310.036
310.93
311.678
312.267
312.672
312.868
312.83
312.562
312.131
311.749
311.928
313.186
315.13
316.875
318.02
318.415
320.064
319.756
318.881
317.595
316.197
315.102
314.523
314.326
314.279
314.213
314.025
313.669
313.129
312.41
311.523
310.478
309.279
307.919
306.379
304.622
302.606
300.239
298.339
298.152
297.904
297.687
297.478
297.274
297.074
296.882
296.702
296.537
296.389
296.26
296.148
296.051
295.966
295.892
295.825
295.766
295.714
295.678
295.692
299.015
302.649
305.653
308.005
309.722
310.843
311.445
311.627
311.445
310.843
309.722
308.005
305.653
302.649
299.015
295.692
295.678
295.714
295.766
295.825
295.892
295.966
296.051
296.148
296.26
296.389
296.537
296.702
296.882
297.074
297.274
297.478
297.687
297.904
298.152
298.339
300.239
302.606
304.622
306.379
307.919
309.279
310.478
311.523
312.41
313.129
313.669
314.025
314.213
314.279
314.326
314.523
315.102
316.197
317.595
318.881
319.756
320.064
321.328
321.06
320.297
319.173
317.906
316.761
315.914
315.37
315.017
314.716
314.351
313.848
313.17
312.31
311.275
310.074
308.714
307.188
305.473
303.515
301.3
299.316
298.683
298.433
298.2
297.985
297.78
297.582
297.391
297.209
297.038
296.882
296.743
296.62
296.514
296.421
296.34
296.268
296.203
296.144
296.085
296.013
296.039
300.154
303.893
307.057
309.617
311.565
312.911
313.691
313.944
313.691
312.911
311.565
309.617
307.057
303.893
300.154
296.039
296.013
296.085
296.144
296.203
296.268
296.34
296.421
296.514
296.62
296.743
296.882
297.038
297.209
297.391
297.582
297.78
297.985
298.2
298.433
298.683
299.316
301.3
303.515
305.473
307.188
308.714
310.074
311.275
312.31
313.17
313.848
314.351
314.716
315.017
315.37
315.914
316.761
317.906
319.173
320.297
321.06
321.328
322.129
321.857
321.075
319.893
318.494
317.121
316.004
315.224
314.702
314.283
313.817
313.202
312.393
311.385
310.192
308.828
307.316
305.644
303.811
301.666
299.947
299.16
298.923
298.694
298.476
298.27
298.071
297.88
297.696
297.521
297.357
297.208
297.076
296.962
296.863
296.777
296.701
296.634
296.574
296.519
296.464
296.392
296.453
300.82
304.711
308.065
310.842
313.008
314.547
315.463
315.766
315.463
314.547
313.008
310.842
308.065
304.711
300.82
296.453
296.392
296.464
296.519
296.574
296.634
296.701
296.777
296.863
296.962
297.076
297.208
297.357
297.521
297.696
297.88
298.071
298.27
298.476
298.694
298.923
299.16
299.947
301.666
303.811
305.644
307.316
308.828
310.192
311.385
312.393
313.202
313.817
314.283
314.702
315.224
316.004
317.121
318.494
319.893
321.075
321.857
322.129
322.476
322.164
321.254
319.829
318.055
316.225
314.756
313.818
313.285
312.898
312.43
311.751
310.814
309.645
308.281
306.73
305.079
303.262
301.47
300.183
299.628
299.382
299.153
298.94
298.737
298.543
298.353
298.168
297.989
297.818
297.658
297.514
297.389
297.285
297.196
297.119
297.05
296.989
296.935
296.891
296.858
296.846
296.935
301.016
305.065
308.651
311.679
314.078
315.807
316.848
317.195
316.848
315.807
314.078
311.679
308.651
305.065
301.016
296.935
296.846
296.858
296.891
296.935
296.989
297.05
297.119
297.196
297.285
297.389
297.514
297.658
297.818
297.989
298.168
298.353
298.543
298.737
298.94
299.153
299.382
299.628
300.183
301.47
303.262
305.079
306.73
308.281
309.645
310.814
311.751
312.43
312.898
313.285
313.818
314.756
316.225
318.055
319.829
321.254
322.164
322.476
322.445
322.069
320.948
319.116
316.67
313.968
311.978
311.009
310.72
310.593
310.255
309.558
308.468
307.099
305.558
303.731
302.028
301.055
300.593
300.161
299.851
299.585
299.364
299.172
298.988
298.807
298.627
298.447
298.271
298.1
297.94
297.797
297.679
297.589
297.514
297.449
297.389
297.334
297.285
297.247
297.23
297.255
297.368
300.538
304.882
308.796
312.144
314.817
316.755
317.926
318.317
317.926
316.755
314.817
312.144
308.796
304.882
300.538
297.368
297.255
297.23
297.247
297.285
297.334
297.389
297.449
297.514
297.589
297.679
297.797
297.94
298.1
298.271
298.447
298.627
298.807
298.988
299.172
299.364
299.585
299.851
300.161
300.593
301.055
302.028
303.731
305.558
307.099
308.468
309.558
310.255
310.593
310.72
311.009
311.978
313.968
316.67
319.116
320.948
322.069
322.445
322.166
321.718
320.355
318.015
314.545
310.066
307.288
306.567
306.998
307.5
307.438
306.757
305.401
303.73
302.331
301.898
301.409
301.023
300.695
300.341
300.028
299.739
299.544
299.391
299.234
299.068
298.896
298.721
298.544
298.369
298.201
298.051
297.939
297.873
297.821
297.771
297.721
297.67
297.621
297.579
297.556
297.599
297.829
299.794
304.147
308.509
312.281
315.293
317.471
318.784
319.222
318.784
317.471
315.293
312.281
308.509
304.147
299.794
297.829
297.599
297.556
297.579
297.621
297.67
297.721
297.771
297.821
297.873
297.939
298.051
298.201
298.369
298.544
298.721
298.896
299.068
299.234
299.391
299.544
299.739
300.028
300.341
300.695
301.023
301.409
301.898
302.331
303.73
305.401
306.757
307.438
307.5
306.998
306.567
307.288
310.066
314.545
318.015
320.355
321.718
322.166
321.785
321.281
319.74
317.042
312.88
307.531
305.996
305.238
304.723
304.509
304.27
303.72
303.084
302.691
302.191
301.894
301.533
301.182
300.82
300.479
300.176
299.795
299.683
299.613
299.485
299.333
299.166
298.992
298.812
298.628
298.443
298.264
298.149
298.142
298.122
298.09
298.049
298.002
297.947
297.887
297.814
297.933
298.567
299.772
303.123
307.823
312.18
315.603
318.051
319.516
320.004
319.516
318.051
315.603
312.18
307.823
303.123
299.772
298.567
297.933
297.814
297.887
297.947
298.002
298.049
298.09
298.122
298.142
298.149
298.264
298.443
298.628
298.812
298.992
299.166
299.333
299.485
299.613
299.683
299.795
300.176
300.479
300.82
301.182
301.533
301.894
302.191
302.691
303.084
303.72
304.27
304.509
304.723
305.238
305.996
307.531
312.88
317.042
319.74
321.281
321.785
321.41
320.882
319.28
316.536
312.493
307.44
305.468
304.965
304.564
304.235
303.884
303.475
303.045
302.741
302.36
301.988
301.645
301.348
300.919
300.496
300.202
299.956
299.995
299.889
299.759
299.608
299.442
299.265
299.08
298.886
298.675
298.423
298.35
298.42
298.431
298.415
298.382
298.336
298.277
298.205
298.123
298.379
299.521
300.669
302.616
306.961
312.012
315.889
318.613
320.226
320.76
320.226
318.613
315.889
312.012
306.961
302.616
300.669
299.521
298.379
298.123
298.205
298.277
298.336
298.382
298.415
298.431
298.42
298.35
298.423
298.675
298.886
299.08
299.265
299.442
299.608
299.759
299.889
299.995
299.956
300.202
300.496
300.919
301.348
301.645
301.988
302.36
302.741
303.045
303.475
303.884
304.235
304.564
304.965
305.468
307.44
312.493
316.536
319.28
320.882
321.41
321.091
320.558
318.963
316.327
312.718
308.383
305.376
304.694
304.364
304.087
303.868
303.572
303.192
302.872
302.52
302.048
301.661
301.4
301.422
301.4
300.846
300.308
300.294
300.186
300.049
299.894
299.725
299.544
299.354
299.158
298.976
298.555
298.71
298.754
298.765
298.754
298.726
298.681
298.616
298.529
298.506
298.945
300.679
301.887
303.341
306.457
312.03
316.327
319.285
321.016
321.585
321.016
319.285
316.327
312.03
306.457
303.341
301.887
300.679
298.945
298.506
298.529
298.616
298.681
298.726
298.754
298.765
298.754
298.71
298.555
298.976
299.158
299.354
299.544
299.725
299.894
300.049
300.186
300.294
300.308
300.846
301.4
301.422
301.4
301.661
302.048
302.52
302.872
303.192
303.572
303.868
304.087
304.364
304.694
305.376
308.383
312.718
316.327
318.963
320.558
321.091
320.838
320.296
318.688
316.09
312.681
308.842
305.362
304.504
304.326
304.142
303.961
303.748
303.265
302.899
302.674
303.036
303.451
303.423
303.01
302.28
301.137
300.82
300.657
300.51
300.356
300.192
300.016
299.829
299.632
299.456
299.534
299.355
299.115
299.117
299.117
299.106
299.083
299.042
298.975
298.855
298.895
300.597
302.367
303.582
305.092
306.851
312.509
317.104
320.185
321.966
322.55
321.966
320.185
317.104
312.509
306.851
305.092
303.582
302.367
300.597
298.895
298.855
298.975
299.042
299.083
299.106
299.117
299.117
299.115
299.355
299.534
299.456
299.632
299.829
300.016
300.192
300.356
300.51
300.657
300.82
301.137
302.28
303.01
303.423
303.451
303.036
302.674
302.899
303.265
303.748
303.961
304.142
304.326
304.504
305.362
308.842
312.681
316.09
318.688
320.296
320.838
320.67
320.098
318.404
315.664
312.074
308.071
305.2
304.698
304.492
304.294
304.082
303.915
304.384
305.132
305.522
305.604
305.424
304.866
303.916
302.573
301.209
301.18
301.002
300.836
300.669
300.497
300.316
300.119
299.888
300.066
300.565
300.283
299.486
299.48
299.476
299.469
299.454
299.427
299.382
299.307
299.562
302.304
304.39
305.766
306.65
308.302
313.892
318.393
321.385
323.115
323.682
323.115
321.385
318.393
313.892
308.302
306.65
305.766
304.39
302.304
299.562
299.307
299.382
299.427
299.454
299.469
299.476
299.48
299.486
300.283
300.565
300.066
299.888
300.119
300.316
300.497
300.669
300.836
301.002
301.18
301.209
302.573
303.916
304.866
305.424
305.604
305.522
305.132
304.384
303.915
304.082
304.294
304.492
304.698
305.2
308.071
312.074
315.664
318.404
320.098
320.67
320.644
320.024
318.165
315.088
310.886
306.62
305.089
304.887
304.688
304.497
304.615
305.706
306.966
307.583
307.715
307.436
306.773
305.702
304.216
302.364
301.666
301.505
301.332
301.159
300.986
300.809
300.629
300.441
300.434
301.133
301.615
301.073
299.845
299.837
299.836
299.837
299.834
299.827
299.816
299.814
300.452
303.693
306.242
308.044
309.17
311.695
316.419
320.191
322.848
324.425
324.948
324.425
322.848
320.191
316.419
311.695
309.17
308.044
306.242
303.693
300.452
299.814
299.816
299.827
299.834
299.837
299.836
299.837
299.845
301.073
301.615
301.133
300.434
300.441
300.629
300.809
300.986
301.159
301.332
301.505
301.666
302.364
304.216
305.702
306.773
307.436
307.715
307.583
306.966
305.706
304.615
304.497
304.688
304.887
305.089
306.62
310.886
315.088
318.165
320.024
320.644
320.859
320.188
318.145
314.636
309.509
305.749
305.321
305.086
304.878
305.329
306.741
308.3
309.205
309.52
309.321
308.652
307.532
305.953
303.884
302.075
302.029
301.84
301.659
301.48
301.302
301.122
300.946
300.825
301.525
302.568
302.689
301.821
300.194
300.185
300.192
300.204
300.216
300.227
300.24
300.255
301.155
304.775
307.841
310.442
312.82
315.65
319.069
322.105
324.389
325.79
326.261
325.79
324.389
322.105
319.069
315.65
312.82
310.442
307.841
304.775
301.155
300.255
300.24
300.227
300.216
300.204
300.192
300.185
300.194
301.821
302.689
302.568
301.525
300.825
300.946
301.122
301.302
301.48
301.659
301.84
302.029
302.075
303.884
305.953
307.532
308.652
309.321
309.52
309.205
308.3
306.741
305.329
304.878
305.086
305.321
305.749
309.509
314.636
318.145
320.188
320.859
321.415
320.724
318.59
314.812
309.001
306.445
305.72
305.328
306.215
307.942
309.518
310.553
311.033
310.972
310.395
309.318
307.748
305.695
303.284
302.54
302.35
302.164
301.98
301.798
301.616
301.427
301.204
301.515
303.116
303.934
303.752
302.562
300.525
300.515
300.54
300.567
300.595
300.624
300.657
300.688
301.446
305.411
308.904
312.063
315.051
318.074
321.103
323.771
325.814
327.085
327.515
327.085
325.814
323.771
321.103
318.074
315.051
312.063
308.904
305.411
301.446
300.688
300.657
300.624
300.595
300.567
300.54
300.515
300.525
302.562
303.752
303.934
303.116
301.515
301.204
301.427
301.616
301.798
301.98
302.164
302.35
302.54
303.284
305.695
307.748
309.318
310.395
310.972
311.033
310.553
309.518
307.942
306.215
305.328
305.72
306.445
309.001
314.812
318.59
320.724
321.415
322.356
321.701
319.681
316.101
310.588
307.956
306.782
307.612
309.343
310.839
311.836
312.361
312.401
311.941
310.97
309.478
307.447
304.816
302.892
302.845
302.665
302.481
302.297
302.114
301.934
301.763
301.758
303.038
304.725
305.299
304.824
303.308
300.845
300.828
300.883
300.927
300.968
301.014
301.072
301.154
301.506
305.52
309.3
312.855
316.245
319.492
322.498
325.063
327.01
328.22
328.63
328.22
327.01
325.063
322.498
319.492
316.245
312.855
309.3
305.52
301.506
301.154
301.072
301.014
300.968
300.927
300.883
300.828
300.845
303.308
304.824
305.299
304.725
303.038
301.758
301.763
301.934
302.114
302.297
302.481
302.665
302.845
302.892
304.816
307.447
309.478
310.97
311.941
312.401
312.361
311.836
310.839
309.343
307.612
306.782
307.956
310.588
316.101
319.681
321.701
322.356
323.608
323.042
321.332
318.439
314.322
311.579
311.121
311.778
312.571
313.237
313.624
313.655
313.27
312.42
311.065
309.175
306.747
303.966
303.397
303.176
302.983
302.795
302.609
302.423
302.241
302.095
303.101
305.183
306.448
306.711
305.938
304.097
301.201
301.158
301.233
301.287
301.335
301.388
301.461
301.578
301.677
304.896
308.922
312.81
316.585
320.149
323.333
325.973
327.943
329.156
329.565
329.156
327.943
325.973
323.333
320.149
316.585
312.81
308.922
304.896
301.677
301.578
301.461
301.388
301.335
301.287
301.233
301.158
301.201
304.097
305.938
306.711
306.448
305.183
303.101
302.095
302.241
302.423
302.609
302.795
302.983
303.176
303.397
303.966
306.747
309.175
311.065
312.42
313.27
313.655
313.624
313.237
312.571
311.778
311.121
311.579
314.322
318.439
321.332
323.042
323.608
324.99
324.527
323.168
321.029
318.444
316.383
315.323
314.978
314.927
314.914
314.768
314.365
313.605
312.404
310.694
308.412
305.488
303.712
303.652
303.478
303.291
303.103
302.917
302.727
302.509
302.797
305.185
307.18
308.173
308.161
307.119
304.997
301.716
301.532
301.601
301.649
301.693
301.741
301.802
301.886
301.959
303.779
307.698
311.879
316.135
320.187
323.712
326.555
328.632
329.895
330.319
329.895
328.632
326.555
323.712
320.187
316.135
311.879
307.698
303.779
301.959
301.886
301.802
301.741
301.693
301.649
301.601
301.532
301.716
304.997
307.119
308.161
308.173
307.18
305.185
302.797
302.509
302.727
302.917
303.103
303.291
303.478
303.652
303.712
305.488
308.412
310.694
312.404
313.605
314.365
314.768
314.914
314.927
314.978
315.323
316.383
318.444
321.029
323.168
324.527
324.99
326.299
325.909
324.783
323.065
321.048
319.199
317.814
316.883
316.244
315.725
315.17
314.433
313.381
311.898
309.893
307.294
304.506
304.227
303.989
303.788
303.596
303.408
303.226
303.055
303.04
304.716
307.466
309.179
309.902
309.642
308.378
306.075
302.665
301.97
301.987
302.014
302.044
302.078
302.116
302.158
302.289
303.22
306.339
310.099
314.894
319.753
323.772
326.902
329.135
330.474
330.92
330.474
329.135
326.902
323.772
319.753
314.894
310.099
306.339
303.22
302.289
302.158
302.116
302.078
302.044
302.014
301.987
301.97
302.665
306.075
308.378
309.642
309.902
309.179
307.466
304.716
303.04
303.055
303.226
303.408
303.596
303.788
303.989
304.227
304.506
307.294
309.893
311.898
313.381
314.433
315.17
315.725
316.244
316.883
317.814
319.199
321.048
323.065
324.783
325.909
326.299
327.387
327.028
325.99
324.401
322.485
320.549
318.852
317.497
316.44
315.573
314.753
313.815
312.587
310.912
308.688
305.96
304.62
304.478
304.284
304.088
303.894
303.702
303.522
303.385
304.592
307.507
309.785
311.166
311.617
311.125
309.677
307.26
303.866
302.37
302.36
302.371
302.389
302.408
302.422
302.42
302.636
303.625
306.148
308.809
313.299
319.16
323.722
327.145
329.533
330.946
331.414
330.946
329.533
327.145
323.722
319.16
313.299
308.809
306.148
303.625
302.636
302.42
302.422
302.408
302.389
302.371
302.36
302.37
303.866
307.26
309.677
311.125
311.617
311.166
309.785
307.507
304.592
303.385
303.522
303.702
303.894
304.088
304.284
304.478
304.62
305.96
308.688
310.912
312.587
313.815
314.753
315.573
316.44
317.497
318.852
320.549
322.485
324.401
325.99
327.028
327.387
328.193
327.824
326.749
325.064
322.944
320.658
318.55
316.812
315.445
314.374
313.455
312.486
311.241
309.477
307.01
305.081
304.984
304.778
304.58
304.383
304.186
303.983
303.77
304.317
307.141
310.03
312.002
313.084
313.274
312.564
310.947
308.421
305.007
302.725
302.71
302.717
302.73
302.74
302.74
302.713
302.987
304.466
306.935
308.902
312.321
318.88
323.811
327.422
329.905
331.363
331.844
331.363
329.905
327.422
323.811
318.88
312.321
308.902
306.935
304.466
302.987
302.713
302.74
302.74
302.73
302.717
302.71
302.725
305.007
308.421
310.947
312.564
313.274
313.084
312.002
310.03
307.141
304.317
303.77
303.983
304.186
304.383
304.58
304.778
304.984
305.081
307.01
309.477
311.241
312.486
313.455
314.374
315.445
316.812
318.55
320.658
322.944
325.064
326.749
327.824
328.193
328.736
328.327
327.118
325.161
322.567
319.589
316.877
314.757
313.152
312.025
311.205
310.435
309.412
307.746
305.957
305.516
305.28
305.069
304.87
304.675
304.48
304.271
304.341
306.617
309.977
312.47
314.108
314.895
314.831
313.909
312.125
309.471
305.943
303.054
303.036
303.053
303.069
303.08
303.081
303.064
303.385
305.507
308.187
309.876
312.624
319.277
324.221
327.826
330.303
331.756
332.236
331.756
330.303
327.826
324.221
319.277
312.624
309.876
308.187
305.507
303.385
303.064
303.081
303.08
303.069
303.053
303.036
303.054
305.943
309.471
312.125
313.909
314.831
314.895
314.108
312.47
309.977
306.617
304.341
304.271
304.48
304.675
304.87
305.069
305.28
305.516
305.957
307.746
309.412
310.435
311.205
312.025
313.152
314.757
316.877
319.589
322.567
325.161
327.118
328.327
328.736
329.095
328.631
327.236
324.893
321.575
317.26
313.657
311.231
309.43
308.411
307.931
307.649
307.251
306.495
305.934
305.75
305.547
305.346
305.152
304.964
304.786
304.711
306.439
309.857
312.683
314.766
316.063
316.558
316.245
315.118
313.172
310.395
306.76
303.38
303.354
303.388
303.411
303.428
303.438
303.442
304.196
306.982
309.496
311.142
314.595
320.447
324.971
328.359
330.724
332.123
332.587
332.123
330.724
328.359
324.971
320.447
314.595
311.142
309.496
306.982
304.196
303.442
303.438
303.428
303.411
303.388
303.354
303.38
306.76
310.395
313.172
315.118
316.245
316.558
316.063
314.766
312.683
309.857
306.439
304.711
304.786
304.964
305.152
305.346
305.547
305.75
305.934
306.495
307.251
307.649
307.931
308.411
309.43
311.231
313.657
317.26
321.575
324.893
327.236
328.631
329.095
329.381
328.867
327.302
324.6
320.585
314.96
311.664
309.9
308.483
307.988
307.667
307.373
307.041
306.44
306.196
305.999
305.807
305.615
305.424
305.24
305.089
306.239
309.614
312.706
315.133
316.847
317.819
318.03
317.474
316.147
314.049
311.179
307.522
303.734
303.691
303.731
303.756
303.778
303.798
303.811
304.941
308.278
311.217
313.711
317.446
321.977
325.857
328.916
331.109
332.426
332.865
332.426
331.109
328.916
325.857
321.977
317.446
313.711
311.217
308.278
304.941
303.811
303.798
303.778
303.756
303.731
303.691
303.734
307.522
311.179
314.049
316.147
317.474
318.03
317.819
316.847
315.133
312.706
309.614
306.239
305.089
305.24
305.424
305.615
305.807
305.999
306.196
306.44
307.041
307.373
307.667
307.988
308.483
309.9
311.664
314.96
320.585
324.6
327.302
328.867
329.381
329.694
329.155
327.504
324.621
320.243
313.91
311.069
309.558
308.333
307.96
307.641
307.349
307.063
306.587
306.402
306.239
306.066
305.88
305.685
305.492
306.146
308.967
312.462
315.221
317.294
318.672
319.335
319.27
318.473
316.945
314.698
311.749
308.123
304.134
304.066
304.087
304.101
304.126
304.162
304.192
305.159
308.934
312.405
315.736
319.374
323.158
326.563
329.339
331.372
332.607
333.021
332.607
331.372
329.339
326.563
323.158
319.374
315.736
312.405
308.934
305.159
304.192
304.162
304.126
304.101
304.087
304.066
304.134
308.123
311.749
314.698
316.945
318.473
319.27
319.335
318.672
317.294
315.221
312.462
308.967
306.146
305.492
305.685
305.88
306.066
306.239
306.402
306.587
307.063
307.349
307.641
307.96
308.333
309.558
311.069
313.91
320.243
324.621
327.504
329.155
329.694
330.084
329.555
327.939
325.136
320.933
314.964
311.85
310.086
308.538
307.996
307.657
307.35
307.011
306.668
306.61
306.487
306.333
306.152
305.941
306.17
308.615
312.072
315.049
317.422
319.151
320.21
320.579
320.244
319.202
317.464
315.049
311.997
308.375
304.551
304.478
304.445
304.434
304.46
304.528
304.624
305.02
308.898
312.731
316.458
320.158
323.719
326.896
329.506
331.432
332.609
333.005
332.609
331.432
329.506
326.896
323.719
320.158
316.458
312.731
308.898
305.02
304.624
304.528
304.46
304.434
304.445
304.478
304.551
308.375
311.997
315.049
317.464
319.202
320.244
320.579
320.21
319.151
317.422
315.049
312.072
308.615
306.17
305.941
306.152
306.333
306.487
306.61
306.668
307.011
307.35
307.657
307.996
308.538
310.086
311.85
314.964
320.933
325.136
327.939
329.555
330.084
330.532
330.043
328.562
326.051
322.444
317.652
313.948
311.703
309.977
308.863
308.145
307.583
307.012
306.92
306.875
306.764
306.622
306.453
306.435
308.231
311.617
314.658
317.24
319.265
320.678
321.44
321.526
320.923
319.63
317.658
315.036
311.816
308.085
304.929
304.883
304.779
304.724
304.751
304.863
305.037
305.126
307.999
312.163
316.209
320.082
323.663
326.799
329.356
331.241
332.393
332.78
332.393
331.241
329.356
326.799
323.663
320.082
316.209
312.163
307.999
305.126
305.037
304.863
304.751
304.724
304.779
304.883
304.929
308.085
311.816
315.036
317.658
319.63
320.923
321.526
321.44
320.678
319.265
317.24
314.658
311.617
308.231
306.435
306.453
306.622
306.764
306.875
306.92
307.012
307.583
308.145
308.863
309.977
311.703
313.948
317.652
322.444
326.051
328.562
330.043
330.532
330.959
330.521
329.214
327.062
324.149
320.725
317.592
315.075
312.991
311.29
309.863
308.558
307.392
307.348
307.198
307.069
306.936
306.824
307.707
310.883
313.968
316.705
318.985
320.723
321.856
322.345
322.161
321.292
319.735
317.502
314.622
311.144
307.123
305.245
305.198
305.063
304.93
304.951
305.135
305.321
305.455
306.68
310.715
315.132
319.297
323.053
326.279
328.878
330.782
331.941
332.331
331.941
330.782
328.878
326.279
323.053
319.297
315.132
310.715
306.68
305.455
305.321
305.135
304.951
304.93
305.063
305.198
305.245
307.123
311.144
314.622
317.502
319.735
321.292
322.161
322.345
321.856
320.723
318.985
316.705
313.968
310.883
307.707
306.824
306.936
307.069
307.198
307.348
307.392
308.558
309.863
311.29
312.991
315.075
317.592
320.725
324.149
327.062
329.214
330.521
330.959
331.262
330.87
329.709
327.835
325.364
322.522
319.67
317.028
314.622
312.445
310.458
308.624
307.715
307.635
307.497
307.374
307.227
307.258
309.447
312.727
315.666
318.21
320.274
321.784
322.68
322.922
322.483
321.35
319.517
316.994
313.807
310.02
306.19
305.716
305.53
305.341
305.189
305.137
305.414
305.634
305.86
306.015
308.53
313.31
317.921
321.973
325.385
328.097
330.066
331.26
331.66
331.26
330.066
328.097
325.385
321.973
317.921
313.31
308.53
306.015
305.86
305.634
305.414
305.137
305.189
305.341
305.53
305.716
306.19
310.02
313.807
316.994
319.517
321.35
322.483
322.922
322.68
321.784
320.274
318.21
315.666
312.727
309.447
307.258
307.227
307.374
307.497
307.635
307.715
308.624
310.458
312.445
314.622
317.028
319.67
322.522
325.364
327.835
329.709
330.87
331.262
331.35
330.987
329.919
328.204
325.951
323.327
320.539
317.745
315.024
312.409
309.91
308.329
308.141
307.926
307.778
307.701
307.639
307.769
310.788
313.911
316.758
319.193
321.118
322.458
323.157
323.179
322.5
321.106
318.989
316.148
312.592
308.372
306.105
306.037
305.861
305.731
305.85
305.888
305.833
305.938
306.144
306.32
306.94
310.902
316.103
320.534
324.19
327.06
329.126
330.373
330.79
330.373
329.126
327.06
324.19
320.534
316.103
310.902
306.94
306.32
306.144
305.938
305.833
305.888
305.85
305.731
305.861
306.037
306.105
308.372
312.592
316.148
318.989
321.106
322.5
323.179
323.157
322.458
321.118
319.193
316.758
313.911
310.788
307.769
307.639
307.701
307.778
307.926
308.141
308.329
309.91
312.409
315.024
317.745
320.539
323.327
325.951
328.204
329.919
330.987
331.35
331.161
330.81
329.775
328.111
325.91
323.296
320.414
317.39
314.32
311.26
309.114
308.625
308.381
308.145
307.987
308.01
308.092
308.222
311.161
314.372
317.262
319.687
321.548
322.772
323.312
323.137
322.231
320.584
318.186
315.018
311.051
307.053
306.531
306.355
306.143
306.216
307.194
307.531
306.843
306.289
306.457
306.666
306.791
308.737
314.071
318.87
322.783
325.826
328.005
329.316
329.754
329.316
328.005
325.826
322.783
318.87
314.071
308.737
306.791
306.666
306.457
306.289
306.843
307.531
307.194
306.216
306.143
306.355
306.531
307.053
311.051
315.018
318.186
320.584
322.231
323.137
323.312
322.772
321.548
319.687
317.262
314.372
311.161
308.222
308.092
308.01
307.987
308.145
308.381
308.625
309.114
311.26
314.32
317.39
320.414
323.296
325.91
328.111
329.775
330.81
331.161
330.675
330.317
329.261
327.555
325.28
322.535
319.431
316.081
312.606
309.941
309.086
308.86
308.611
308.274
308.118
308.283
308.456
308.513
310.594
314.152
317.232
319.746
321.613
322.77
323.182
322.827
321.704
319.814
317.153
313.685
309.349
307.032
306.902
306.706
306.618
307.523
308.955
309.296
308.536
307.056
306.762
306.982
307.169
307.636
311.917
317.091
321.246
324.456
326.751
328.132
328.593
328.132
326.751
324.456
321.246
317.091
311.917
307.636
307.169
306.982
306.762
307.056
308.536
309.296
308.955
307.523
306.618
306.706
306.902
307.032
309.349
313.685
317.153
319.814
321.704
322.827
323.182
322.77
321.613
319.746
317.232
314.152
310.594
308.513
308.456
308.283
308.118
308.274
308.611
308.86
309.086
309.941
312.606
316.081
319.431
322.535
325.28
327.555
329.261
330.317
330.675
329.904
329.523
328.396
326.57
324.119
321.133
317.694
313.915
310.854
309.588
309.36
309.114
308.851
308.661
308.572
308.616
308.726
308.807
309.661
313.412
316.766
319.454
321.387
322.516
322.816
322.287
320.943
318.815
315.928
312.252
308.258
307.625
307.354
307.107
307.438
309.449
310.81
311.162
310.475
308.689
307.343
307.35
307.629
307.913
310.181
315.339
319.652
323.002
325.411
326.867
327.355
326.867
325.411
323.002
319.652
315.339
310.181
307.913
307.629
307.35
307.343
308.689
310.475
311.162
310.81
309.449
307.438
307.107
307.354
307.625
308.258
312.252
315.928
318.815
320.943
322.287
322.816
322.516
321.387
319.454
316.766
313.412
309.661
308.807
308.726
308.616
308.572
308.661
308.851
309.114
309.36
309.588
310.854
313.915
317.694
321.133
324.119
326.57
328.396
329.523
329.904
328.896
328.475
327.229
325.208
322.493
319.183
315.397
312.058
310.41
309.974
309.639
309.407
309.995
310.381
309.708
309.008
309.025
309.191
309.321
312.151
315.967
318.915
320.965
322.089
322.281
321.56
319.967
317.576
314.492
310.921
308.724
308.413
308.043
307.968
309.127
311.343
312.672
313.07
312.512
311.029
308.849
308.065
308.401
308.927
309.593
313.666
318.022
321.488
324.024
325.571
326.091
325.571
324.024
321.488
318.022
313.666
309.593
308.927
308.401
308.065
308.849
311.029
312.512
313.07
312.672
311.343
309.127
307.968
308.043
308.413
308.724
310.921
314.492
317.576
319.967
321.56
322.281
322.089
320.965
318.915
315.967
312.151
309.321
309.191
309.025
309.008
309.708
310.381
309.995
309.407
309.639
309.974
310.41
312.058
315.397
319.183
322.493
325.208
327.229
328.475
328.896
327.729
327.252
325.838
323.542
320.461
316.754
313.503
311.785
311.121
310.521
310.202
310.975
312.118
312.248
311.316
309.57
309.369
309.47
309.531
310.823
315.034
318.276
320.469
321.593
321.661
320.704
318.789
316.028
312.602
310.163
309.63
309.316
308.996
309.104
311.064
313.125
314.467
314.931
314.475
313.131
311.002
309.452
309.44
309.925
310.299
312.269
316.284
319.905
322.626
324.303
324.868
324.303
322.626
319.905
316.284
312.269
310.299
309.925
309.44
309.452
311.002
313.131
314.475
314.931
314.467
313.125
311.064
309.104
308.996
309.316
309.63
310.163
312.602
316.028
318.789
320.704
321.661
321.593
320.469
318.276
315.034
310.823
309.531
309.47
309.369
309.57
311.316
312.248
312.118
310.975
310.202
310.521
311.121
311.785
313.503
316.754
320.461
323.542
325.838
327.252
327.729
326.517
325.966
324.33
321.661
318.065
314.517
312.981
312.515
311.98
311.358
311.959
313.49
314.337
314.177
312.935
310.569
309.73
309.731
309.816
310.104
314.095
317.688
320.04
321.156
321.064
319.806
317.457
314.154
311.009
310.138
309.931
309.791
309.776
309.981
312.33
314.628
316.139
316.714
316.325
315.019
312.947
310.789
310.651
310.89
311.163
311.596
314.17
318.222
321.273
323.146
323.775
323.146
321.273
318.222
314.17
311.596
311.163
310.89
310.651
310.789
312.947
315.019
316.325
316.714
316.139
314.628
312.33
309.981
309.776
309.791
309.931
310.138
311.009
314.154
317.457
319.806
321.064
321.156
320.04
317.688
314.095
310.104
309.816
309.731
309.73
310.569
312.935
314.177
314.337
313.49
311.959
311.358
311.98
312.515
312.981
314.517
318.065
321.661
324.33
325.966
326.517
325.406
324.766
322.853
319.707
315.577
313.421
313.094
312.891
312.657
312.775
314.396
315.924
316.565
316.187
314.681
311.925
310.07
309.999
310.096
310.251
313.322
317.34
319.846
320.926
320.633
318.998
316.08
312.271
310.51
310.317
310.135
310.052
310.196
310.501
312.963
315.919
317.746
318.459
318.093
316.674
314.247
311.612
311.321
311.293
311.436
311.646
312.515
316.554
320.098
322.231
322.941
322.231
320.098
316.554
312.515
311.646
311.436
311.293
311.321
311.612
314.247
316.674
318.093
318.459
317.746
315.919
312.963
310.501
310.196
310.052
310.135
310.317
310.51
312.271
316.08
318.998
320.633
320.926
319.846
317.34
313.322
310.251
310.096
309.999
310.07
311.925
314.681
316.187
316.565
315.924
314.396
312.775
312.657
312.891
313.094
313.421
315.577
319.707
322.853
324.766
325.406
324.575
323.84
321.608
317.812
314.051
313.536
313.302
313.15
313.169
314.173
316.688
318.246
318.811
318.325
316.677
313.675
310.757
310.407
310.493
310.827
313.151
317.505
320.08
321.07
320.545
318.474
314.757
311.206
310.804
310.57
310.405
310.38
310.631
311.101
313.591
317.34
319.465
320.285
319.914
318.335
315.377
312.246
311.762
311.605
311.687
311.891
312.11
315.205
319.335
321.74
322.528
321.74
319.335
315.205
312.11
311.891
311.687
311.605
311.762
312.246
315.377
318.335
319.914
320.285
319.465
317.34
313.591
311.101
310.631
310.38
310.405
310.57
310.804
311.206
314.757
318.474
320.545
321.07
320.08
317.505
313.151
310.827
310.493
310.407
310.757
313.675
316.677
318.325
318.811
318.246
316.688
314.173
313.169
313.15
313.302
313.536
314.051
317.812
321.608
323.84
324.575
324.212
323.411
320.93
316.538
314.007
313.777
313.558
313.464
313.819
316.15
318.965
320.561
321.109
320.624
319.027
316.123
312.496
311.368
311.455
311.994
314.163
318.456
320.898
321.728
321.002
318.598
314.155
311.505
311.132
310.872
310.706
310.733
311.155
312.293
315.644
319.39
321.49
322.302
321.944
320.374
317.348
313.643
312.248
311.926
312.006
312.228
312.575
314.682
319.297
321.866
322.691
321.866
319.297
314.682
312.575
312.228
312.006
311.926
312.248
313.643
317.348
320.374
321.944
322.302
321.49
319.39
315.644
312.293
311.155
310.733
310.706
310.872
311.132
311.505
314.155
318.598
321.002
321.728
320.898
318.456
314.163
311.994
311.455
311.368
312.496
316.123
319.027
320.624
321.109
320.561
318.965
316.15
313.819
313.464
313.558
313.777
314.007
316.538
320.93
323.411
324.212
324.453
323.66
321.172
316.588
314.492
314.094
313.87
314.012
315.816
318.95
321.466
322.923
323.439
323.037
321.683
319.286
315.779
313.259
312.812
313.6
316.53
320.271
322.33
322.942
322.137
319.768
315.431
312.425
311.559
311.318
311.66
312.445
313.619
315.919
319.3
322.09
323.802
324.489
324.184
322.87
320.482
317.034
314.297
312.868
312.491
312.701
313.563
315.92
320.323
322.735
323.505
322.735
320.323
315.92
313.563
312.701
312.491
312.868
314.297
317.034
320.482
322.87
324.184
324.489
323.802
322.09
319.3
315.919
313.619
312.445
311.66
311.318
311.559
312.425
315.431
319.768
322.137
322.942
322.33
320.271
316.53
313.6
312.812
313.259
315.779
319.286
321.683
323.037
323.439
322.923
321.466
318.95
315.816
314.012
313.87
314.094
314.492
316.588
321.172
323.66
324.453
325.279
324.605
322.521
318.785
315.782
314.77
315.019
316.766
319.494
322.086
324.026
325.228
325.685
325.402
324.382
322.65
320.311
317.8
316.436
317.603
320.32
322.779
324.21
324.575
323.834
321.916
318.69
315.469
313.9
314.447
315.891
317.446
318.942
320.804
322.975
324.87
326.138
326.669
326.434
325.441
323.747
321.558
319.453
317.596
316.079
315.306
316.27
319.064
322.362
324.246
324.86
324.246
322.362
319.064
316.27
315.306
316.079
317.596
319.453
321.558
323.747
325.441
326.434
326.669
326.138
324.87
322.975
320.804
318.942
317.446
315.891
314.447
313.9
315.469
318.69
321.916
323.834
324.575
324.21
322.779
320.32
317.603
316.436
317.8
320.311
322.65
324.382
325.402
325.685
325.228
324.026
322.086
319.494
316.766
315.019
314.77
315.782
318.785
322.521
324.605
325.279
326.451
325.962
324.526
322.291
319.995
319.038
319.697
321.24
323.084
324.878
326.325
327.277
327.673
327.503
326.792
325.623
324.177
322.825
322.178
322.687
323.988
325.315
326.156
326.312
325.71
324.373
322.478
320.668
319.677
319.755
320.536
321.646
322.923
324.385
325.927
327.277
328.212
328.615
328.443
327.713
326.507
325.005
323.493
322.17
321.216
320.896
321.538
323.062
324.823
326.026
326.443
326.026
324.823
323.062
321.538
320.896
321.216
322.17
323.493
325.005
326.507
327.713
328.443
328.615
328.212
327.277
325.927
324.385
322.923
321.646
320.536
319.755
319.677
320.668
322.478
324.373
325.71
326.312
326.156
325.315
323.988
322.687
322.178
322.825
324.177
325.623
326.792
327.503
327.673
327.277
326.325
324.878
323.084
321.24
319.697
319.038
319.995
322.291
324.526
325.962
326.451
327.599
327.267
326.331
325.009
323.769
323.207
323.518
324.464
325.724
327.018
328.119
328.881
329.228
329.143
328.66
327.873
326.95
326.149
325.772
325.987
326.63
327.336
327.788
327.805
327.323
326.388
325.183
324.068
323.411
323.372
323.852
324.678
325.717
326.888
328.071
329.098
329.818
330.135
330.009
329.459
328.564
327.463
326.342
325.376
324.726
324.549
324.951
325.829
326.842
327.591
327.862
327.591
326.842
325.829
324.951
324.549
324.726
325.376
326.342
327.463
328.564
329.459
330.009
330.135
329.818
329.098
328.071
326.888
325.717
324.678
323.852
323.372
323.411
324.068
325.183
326.388
327.323
327.805
327.788
327.336
326.63
325.987
325.772
326.149
326.95
327.873
328.66
329.143
329.228
328.881
328.119
327.018
325.724
324.464
323.518
323.207
323.769
325.009
326.331
327.267
327.599
328.413
328.175
327.521
326.647
325.865
325.504
325.703
326.376
327.329
328.35
329.251
329.899
330.216
330.183
329.833
329.258
328.601
328.048
327.775
327.86
328.209
328.611
328.856
328.798
328.387
327.671
326.8
326.009
325.525
325.469
325.823
326.496
327.382
328.379
329.37
330.226
330.828
331.097
330.999
330.552
329.827
328.94
328.037
327.266
326.761
326.625
326.889
327.461
328.125
328.634
328.822
328.634
328.125
327.461
326.889
326.625
326.761
327.266
328.037
328.94
329.827
330.552
330.999
331.097
330.828
330.226
329.37
328.379
327.382
326.496
325.823
325.469
325.525
326.009
326.8
327.671
328.387
328.798
328.856
328.611
328.209
327.86
327.775
328.048
328.601
329.258
329.833
330.183
330.216
329.899
329.251
328.35
327.329
326.376
325.703
325.504
325.865
326.647
327.521
328.175
328.413
328.705
328.497
327.933
327.192
326.541
326.24
326.413
327.008
327.867
328.801
329.638
330.247
330.554
330.538
330.232
329.724
329.148
328.666
328.421
328.468
328.733
329.045
329.225
329.145
328.757
328.109
327.338
326.642
326.212
326.157
326.476
327.1
327.934
328.874
329.806
330.608
331.172
331.426
331.337
330.923
330.253
329.433
328.599
327.889
327.427
327.299
327.519
328.001
328.562
328.997
329.16
328.997
328.562
328.001
327.519
327.299
327.427
327.889
328.599
329.433
330.253
330.923
331.337
331.426
331.172
330.608
329.806
328.874
327.934
327.1
326.476
326.157
326.212
326.642
327.338
328.109
328.757
329.145
329.225
329.045
328.733
328.468
328.421
328.666
329.148
329.724
330.232
330.538
330.554
330.247
329.638
328.801
327.867
327.008
326.413
326.24
326.541
327.192
327.933
328.497
328.705
328.413
328.175
327.521
326.647
325.865
325.504
325.703
326.376
327.329
328.35
329.251
329.899
330.216
330.183
329.833
329.258
328.601
328.048
327.775
327.86
328.209
328.611
328.856
328.798
328.387
327.671
326.8
326.009
325.525
325.469
325.823
326.496
327.382
328.379
329.37
330.226
330.828
331.097
330.999
330.552
329.827
328.94
328.037
327.266
326.761
326.625
326.889
327.461
328.125
328.634
328.822
328.634
328.125
327.461
326.889
326.625
326.761
327.266
328.037
328.94
329.827
330.552
330.999
331.097
330.828
330.226
329.37
328.379
327.382
326.496
325.823
325.469
325.525
326.009
326.8
327.671
328.387
328.798
328.856
328.611
328.209
327.86
327.775
328.048
328.601
329.258
329.833
330.183
330.216
329.899
329.251
328.35
327.329
326.376
325.703
325.504
325.865
326.647
327.521
328.175
328.413
327.599
327.267
326.331
325.009
323.769
323.207
323.518
324.464
325.724
327.018
328.119
328.881
329.228
329.143
328.66
327.873
326.95
326.149
325.772
325.987
326.63
327.336
327.788
327.805
327.323
326.388
325.183
324.068
323.411
323.372
323.852
324.678
325.717
326.888
328.071
329.098
329.818
330.135
330.009
329.459
328.564
327.463
326.342
325.376
324.726
324.549
324.951
325.829
326.842
327.591
327.862
327.591
326.842
325.829
324.951
324.549
324.726
325.376
326.342
327.463
328.564
329.459
330.009
330.135
329.818
329.098
328.071
326.888
325.717
324.678
323.852
323.372
323.411
324.068
325.183
326.388
327.323
327.805
327.788
327.336
326.63
325.987
325.772
326.149
326.95
327.873
328.66
329.143
329.228
328.881
328.119
327.018
325.724
324.464
323.518
323.207
323.769
325.009
326.331
327.267
327.599
326.451
325.962
324.526
322.291
319.995
319.038
319.697
321.24
323.084
324.878
326.325
327.277
327.673
327.503
326.792
325.623
324.177
322.825
322.178
322.687
323.988
325.315
326.156
326.312
325.71
324.373
322.478
320.668
319.677
319.755
320.536
321.646
322.923
324.385
325.927
327.277
328.212
328.615
328.443
327.713
326.507
325.005
323.493
322.17
321.216
320.896
321.538
323.062
324.823
326.026
326.443
326.026
324.823
323.062
321.538
320.896
321.216
322.17
323.493
325.005
326.507
327.713
328.443
328.615
328.212
327.277
325.927
324.385
322.923
321.646
320.536
319.755
319.677
320.668
322.478
324.373
325.71
326.312
326.156
325.315
323.988
322.687
322.178
322.825
324.177
325.623
326.792
327.503
327.673
327.277
326.325
324.878
323.084
321.24
319.697
319.038
319.995
322.291
324.526
325.962
326.451
325.279
324.605
322.521
318.785
315.782
314.77
315.019
316.766
319.494
322.086
324.026
325.228
325.685
325.402
324.382
322.65
320.311
317.8
316.436
317.603
320.32
322.779
324.21
324.575
323.834
321.916
318.69
315.469
313.9
314.447
315.891
317.446
318.942
320.804
322.975
324.87
326.138
326.669
326.434
325.441
323.747
321.558
319.453
317.596
316.079
315.306
316.27
319.064
322.362
324.246
324.86
324.246
322.362
319.064
316.27
315.306
316.079
317.596
319.453
321.558
323.747
325.441
326.434
326.669
326.138
324.87
322.975
320.804
318.942
317.446
315.891
314.447
313.9
315.469
318.69
321.916
323.834
324.575
324.21
322.779
320.32
317.603
316.436
317.8
320.311
322.65
324.382
325.402
325.685
325.228
324.026
322.086
319.494
316.766
315.019
314.77
315.782
318.785
322.521
324.605
325.279
324.453
323.66
321.172
316.588
314.492
314.094
313.87
314.012
315.816
318.95
321.466
322.923
323.439
323.037
321.683
319.286
315.779
313.259
312.812
313.6
316.53
320.271
322.33
322.942
322.137
319.768
315.431
312.425
311.559
311.318
311.66
312.445
313.619
315.919
319.3
322.09
323.802
324.489
324.184
322.87
320.482
317.034
314.297
312.868
312.491
312.701
313.563
315.92
320.323
322.735
323.505
322.735
320.323
315.92
313.563
312.701
312.491
312.868
314.297
317.034
320.482
322.87
324.184
324.489
323.802
322.09
319.3
315.919
313.619
312.445
311.66
311.318
311.559
312.425
315.431
319.768
322.137
322.942
322.33
320.271
316.53
313.6
312.812
313.259
315.779
319.286
321.683
323.037
323.439
322.923
321.466
318.95
315.816
314.012
313.87
314.094
314.492
316.588
321.172
323.66
324.453
324.212
323.411
320.93
316.538
314.007
313.777
313.558
313.464
313.819
316.15
318.965
320.561
321.109
320.624
319.027
316.123
312.496
311.368
311.455
311.994
314.163
318.456
320.898
321.728
321.002
318.598
314.155
311.505
311.132
310.872
310.706
310.733
311.155
312.293
315.644
319.39
321.49
322.302
321.944
320.374
317.348
313.643
312.248
311.926
312.006
312.228
312.575
314.682
319.297
321.866
322.691
321.866
319.297
314.682
312.575
312.228
312.006
311.926
312.248
313.643
317.348
320.374
321.944
322.302
321.49
319.39
315.644
312.293
311.155
310.733
310.706
310.872
311.132
311.505
314.155
318.598
321.002
321.728
320.898
318.456
314.163
311.994
311.455
311.368
312.496
316.123
319.027
320.624
321.109
320.561
318.965
316.15
313.819
313.464
313.558
313.777
314.007
316.538
320.93
323.411
324.212
324.575
323.84
321.608
317.812
314.051
313.536
313.302
313.15
313.169
314.173
316.688
318.246
318.811
318.325
316.677
313.675
310.757
310.407
310.493
310.827
313.151
317.505
320.08
321.07
320.545
318.474
314.757
311.206
310.804
310.57
310.405
310.38
310.631
311.101
313.591
317.34
319.465
320.285
319.914
318.335
315.377
312.246
311.762
311.605
311.687
311.891
312.11
315.205
319.335
321.74
322.528
321.74
319.335
315.205
312.11
311.891
311.687
311.605
311.762
312.246
315.377
318.335
319.914
320.285
319.465
317.34
313.591
311.101
310.631
310.38
310.405
310.57
310.804
311.206
314.757
318.474
320.545
321.07
320.08
317.505
313.151
310.827
310.493
310.407
310.757
313.675
316.677
318.325
318.811
318.246
316.688
314.173
313.169
313.15
313.302
313.536
314.051
317.812
321.608
323.84
324.575
325.406
324.766
322.853
319.707
315.577
313.421
313.094
312.891
312.657
312.775
314.396
315.924
316.565
316.187
314.681
311.925
310.07
309.999
310.096
310.251
313.322
317.34
319.846
320.926
320.633
318.998
316.08
312.271
310.51
310.317
310.135
310.052
310.196
310.501
312.963
315.919
317.746
318.459
318.093
316.674
314.247
311.612
311.321
311.293
311.436
311.646
312.515
316.554
320.098
322.231
322.941
322.231
320.098
316.554
312.515
311.646
311.436
311.293
311.321
311.612
314.247
316.674
318.093
318.459
317.746
315.919
312.963
310.501
310.196
310.052
310.135
310.317
310.51
312.271
316.08
318.998
320.633
320.926
319.846
317.34
313.322
310.251
310.096
309.999
310.07
311.925
314.681
316.187
316.565
315.924
314.396
312.775
312.657
312.891
313.094
313.421
315.577
319.707
322.853
324.766
325.406
326.517
325.966
324.33
321.661
318.065
314.517
312.981
312.515
311.98
311.358
311.959
313.49
314.337
314.177
312.935
310.569
309.73
309.731
309.816
310.104
314.095
317.688
320.04
321.156
321.064
319.806
317.457
314.154
311.009
310.138
309.931
309.791
309.776
309.981
312.33
314.628
316.139
316.714
316.325
315.019
312.947
310.789
310.651
310.89
311.163
311.596
314.17
318.222
321.273
323.146
323.775
323.146
321.273
318.222
314.17
311.596
311.163
310.89
310.651
310.789
312.947
315.019
316.325
316.714
316.139
314.628
312.33
309.981
309.776
309.791
309.931
310.138
311.009
314.154
317.457
319.806
321.064
321.156
320.04
317.688
314.095
310.104
309.816
309.731
309.73
310.569
312.935
314.177
314.337
313.49
311.959
311.358
311.98
312.515
312.981
314.517
318.065
321.661
324.33
325.966
326.517
327.729
327.252
325.838
323.542
320.461
316.754
313.503
311.785
311.121
310.521
310.202
310.975
312.118
312.248
311.316
309.57
309.369
309.47
309.531
310.823
315.034
318.276
320.469
321.593
321.661
320.704
318.789
316.028
312.602
310.163
309.63
309.316
308.996
309.104
311.064
313.125
314.467
314.931
314.475
313.131
311.002
309.452
309.44
309.925
310.299
312.269
316.284
319.905
322.626
324.303
324.868
324.303
322.626
319.905
316.284
312.269
310.299
309.925
309.44
309.452
311.002
313.131
314.475
314.931
314.467
313.125
311.064
309.104
308.996
309.316
309.63
310.163
312.602
316.028
318.789
320.704
321.661
321.593
320.469
318.276
315.034
310.823
309.531
309.47
309.369
309.57
311.316
312.248
312.118
310.975
310.202
310.521
311.121
311.785
313.503
316.754
320.461
323.542
325.838
327.252
327.729
328.896
328.475
327.229
325.208
322.493
319.183
315.397
312.058
310.41
309.974
309.639
309.407
309.995
310.381
309.708
309.008
309.025
309.191
309.321
312.151
315.967
318.915
320.965
322.089
322.281
321.56
319.967
317.576
314.492
310.921
308.724
308.413
308.043
307.968
309.127
311.343
312.672
313.07
312.512
311.029
308.849
308.065
308.401
308.927
309.593
313.666
318.022
321.488
324.024
325.571
326.091
325.571
324.024
321.488
318.022
313.666
309.593
308.927
308.401
308.065
308.849
311.029
312.512
313.07
312.672
311.343
309.127
307.968
308.043
308.413
308.724
310.921
314.492
317.576
319.967
321.56
322.281
322.089
320.965
318.915
315.967
312.151
309.321
309.191
309.025
309.008
309.708
310.381
309.995
309.407
309.639
309.974
310.41
312.058
315.397
319.183
322.493
325.208
327.229
328.475
328.896
329.904
329.523
328.396
326.57
324.119
321.133
317.694
313.915
310.854
309.588
309.36
309.114
308.851
308.661
308.572
308.616
308.726
308.807
309.661
313.412
316.766
319.454
321.387
322.516
322.816
322.287
320.943
318.815
315.928
312.252
308.258
307.625
307.354
307.107
307.438
309.449
310.81
311.162
310.475
308.689
307.343
307.35
307.629
307.913
310.181
315.339
319.652
323.002
325.411
326.867
327.355
326.867
325.411
323.002
319.652
315.339
310.181
307.913
307.629
307.35
307.343
308.689
310.475
311.162
310.81
309.449
307.438
307.107
307.354
307.625
308.258
312.252
315.928
318.815
320.943
322.287
322.816
322.516
321.387
319.454
316.766
313.412
309.661
308.807
308.726
308.616
308.572
308.661
308.851
309.114
309.36
309.588
310.854
313.915
317.694
321.133
324.119
326.57
328.396
329.523
329.904
330.675
330.317
329.261
327.555
325.28
322.535
319.431
316.081
312.606
309.941
309.086
308.86
308.611
308.274
308.118
308.283
308.456
308.513
310.594
314.152
317.232
319.746
321.613
322.77
323.182
322.827
321.704
319.814
317.153
313.685
309.349
307.032
306.902
306.706
306.618
307.523
308.955
309.296
308.536
307.056
306.762
306.982
307.169
307.636
311.917
317.091
321.246
324.456
326.751
328.132
328.593
328.132
326.751
324.456
321.246
317.091
311.917
307.636
307.169
306.982
306.762
307.056
308.536
309.296
308.955
307.523
306.618
306.706
306.902
307.032
309.349
313.685
317.153
319.814
321.704
322.827
323.182
322.77
321.613
319.746
317.232
314.152
310.594
308.513
308.456
308.283
308.118
308.274
308.611
308.86
309.086
309.941
312.606
316.081
319.431
322.535
325.28
327.555
329.261
330.317
330.675
331.161
330.81
329.775
328.111
325.91
323.296
320.414
317.39
314.32
311.26
309.114
308.625
308.381
308.145
307.987
308.01
308.092
308.222
311.161
314.372
317.262
319.687
321.548
322.772
323.312
323.137
322.231
320.584
318.186
315.018
311.051
307.053
306.531
306.355
306.143
306.216
307.194
307.531
306.843
306.289
306.457
306.666
306.791
308.737
314.071
318.87
322.783
325.826
328.005
329.316
329.754
329.316
328.005
325.826
322.783
318.87
314.071
308.737
306.791
306.666
306.457
306.289
306.843
307.531
307.194
306.216
306.143
306.355
306.531
307.053
311.051
315.018
318.186
320.584
322.231
323.137
323.312
322.772
321.548
319.687
317.262
314.372
311.161
308.222
308.092
308.01
307.987
308.145
308.381
308.625
309.114
311.26
314.32
317.39
320.414
323.296
325.91
328.111
329.775
330.81
331.161
331.35
330.987
329.919
328.204
325.951
323.327
320.539
317.745
315.024
312.409
309.91
308.329
308.141
307.926
307.778
307.701
307.639
307.769
310.788
313.911
316.758
319.193
321.118
322.458
323.157
323.179
322.5
321.106
318.989
316.148
312.592
308.372
306.105
306.037
305.861
305.731
305.85
305.888
305.833
305.938
306.144
306.32
306.94
310.902
316.103
320.534
324.19
327.06
329.126
330.373
330.79
330.373
329.126
327.06
324.19
320.534
316.103
310.902
306.94
306.32
306.144
305.938
305.833
305.888
305.85
305.731
305.861
306.037
306.105
308.372
312.592
316.148
318.989
321.106
322.5
323.179
323.157
322.458
321.118
319.193
316.758
313.911
310.788
307.769
307.639
307.701
307.778
307.926
308.141
308.329
309.91
312.409
315.024
317.745
320.539
323.327
325.951
328.204
329.919
330.987
331.35
331.262
330.87
329.709
327.835
325.364
322.522
319.67
317.028
314.622
312.445
310.458
308.624
307.715
307.635
307.497
307.374
307.227
307.258
309.447
312.727
315.666
318.21
320.274
321.784
322.68
322.922
322.483
321.35
319.517
316.994
313.807
310.02
306.19
305.716
305.53
305.341
305.189
305.137
305.414
305.634
305.86
306.015
308.53
313.31
317.921
321.973
325.385
328.097
330.066
331.26
331.66
331.26
330.066
328.097
325.385
321.973
317.921
313.31
308.53
306.015
305.86
305.634
305.414
305.137
305.189
305.341
305.53
305.716
306.19
310.02
313.807
316.994
319.517
321.35
322.483
322.922
322.68
321.784
320.274
318.21
315.666
312.727
309.447
307.258
307.227
307.374
307.497
307.635
307.715
308.624
310.458
312.445
314.622
317.028
319.67
322.522
325.364
327.835
329.709
330.87
331.262
330.959
330.521
329.214
327.062
324.149
320.725
317.592
315.075
312.991
311.29
309.863
308.558
307.392
307.348
307.198
307.069
306.936
306.824
307.707
310.883
313.968
316.705
318.985
320.723
321.856
322.345
322.161
321.292
319.735
317.502
314.622
311.144
307.123
305.245
305.198
305.063
304.93
304.951
305.135
305.321
305.455
306.68
310.715
315.132
319.297
323.053
326.279
328.878
330.782
331.941
332.331
331.941
330.782
328.878
326.279
323.053
319.297
315.132
310.715
306.68
305.455
305.321
305.135
304.951
304.93
305.063
305.198
305.245
307.123
311.144
314.622
317.502
319.735
321.292
322.161
322.345
321.856
320.723
318.985
316.705
313.968
310.883
307.707
306.824
306.936
307.069
307.198
307.348
307.392
308.558
309.863
311.29
312.991
315.075
317.592
320.725
324.149
327.062
329.214
330.521
330.959
330.532
330.043
328.562
326.051
322.444
317.652
313.948
311.703
309.977
308.863
308.145
307.583
307.012
306.92
306.875
306.764
306.622
306.453
306.435
308.231
311.617
314.658
317.24
319.265
320.678
321.44
321.526
320.923
319.63
317.658
315.036
311.816
308.085
304.929
304.883
304.779
304.724
304.751
304.863
305.037
305.126
307.999
312.163
316.209
320.082
323.663
326.799
329.356
331.241
332.393
332.78
332.393
331.241
329.356
326.799
323.663
320.082
316.209
312.163
307.999
305.126
305.037
304.863
304.751
304.724
304.779
304.883
304.929
308.085
311.816
315.036
317.658
319.63
320.923
321.526
321.44
320.678
319.265
317.24
314.658
311.617
308.231
306.435
306.453
306.622
306.764
306.875
306.92
307.012
307.583
308.145
308.863
309.977
311.703
313.948
317.652
322.444
326.051
328.562
330.043
330.532
330.084
329.555
327.939
325.136
320.933
314.964
311.85
310.086
308.538
307.996
307.657
307.35
307.011
306.668
306.61
306.487
306.333
306.152
305.941
306.17
308.615
312.072
315.049
317.422
319.151
320.21
320.579
320.244
319.202
317.464
315.049
311.997
308.375
304.551
304.478
304.445
304.434
304.46
304.528
304.624
305.02
308.898
312.731
316.458
320.158
323.719
326.896
329.506
331.432
332.609
333.005
332.609
331.432
329.506
326.896
323.719
320.158
316.458
312.731
308.898
305.02
304.624
304.528
304.46
304.434
304.445
304.478
304.551
308.375
311.997
315.049
317.464
319.202
320.244
320.579
320.21
319.151
317.422
315.049
312.072
308.615
306.17
305.941
306.152
306.333
306.487
306.61
306.668
307.011
307.35
307.657
307.996
308.538
310.086
311.85
314.964
320.933
325.136
327.939
329.555
330.084
329.694
329.155
327.504
324.621
320.243
313.91
311.069
309.558
308.333
307.96
307.641
307.349
307.063
306.587
306.402
306.239
306.066
305.88
305.685
305.492
306.146
308.967
312.462
315.221
317.294
318.672
319.335
319.27
318.473
316.945
314.698
311.749
308.123
304.134
304.066
304.087
304.101
304.126
304.162
304.192
305.159
308.934
312.405
315.736
319.374
323.158
326.563
329.339
331.372
332.607
333.021
332.607
331.372
329.339
326.563
323.158
319.374
315.736
312.405
308.934
305.159
304.192
304.162
304.126
304.101
304.087
304.066
304.134
308.123
311.749
314.698
316.945
318.473
319.27
319.335
318.672
317.294
315.221
312.462
308.967
306.146
305.492
305.685
305.88
306.066
306.239
306.402
306.587
307.063
307.349
307.641
307.96
308.333
309.558
311.069
313.91
320.243
324.621
327.504
329.155
329.694
329.381
328.867
327.302
324.6
320.585
314.96
311.664
309.9
308.483
307.988
307.667
307.373
307.041
306.44
306.196
305.999
305.807
305.615
305.424
305.24
305.089
306.239
309.614
312.706
315.133
316.847
317.819
318.03
317.474
316.147
314.049
311.179
307.522
303.734
303.691
303.731
303.756
303.778
303.798
303.811
304.941
308.278
311.217
313.711
317.446
321.977
325.857
328.916
331.109
332.426
332.865
332.426
331.109
328.916
325.857
321.977
317.446
313.711
311.217
308.278
304.941
303.811
303.798
303.778
303.756
303.731
303.691
303.734
307.522
311.179
314.049
316.147
317.474
318.03
317.819
316.847
315.133
312.706
309.614
306.239
305.089
305.24
305.424
305.615
305.807
305.999
306.196
306.44
307.041
307.373
307.667
307.988
308.483
309.9
311.664
314.96
320.585
324.6
327.302
328.867
329.381
329.095
328.631
327.236
324.893
321.575
317.26
313.657
311.231
309.43
308.411
307.931
307.649
307.251
306.495
305.934
305.75
305.547
305.346
305.152
304.964
304.786
304.711
306.439
309.857
312.683
314.766
316.063
316.558
316.245
315.118
313.172
310.395
306.76
303.38
303.354
303.388
303.411
303.428
303.438
303.442
304.196
306.982
309.496
311.142
314.595
320.447
324.971
328.359
330.724
332.123
332.587
332.123
330.724
328.359
324.971
320.447
314.595
311.142
309.496
306.982
304.196
303.442
303.438
303.428
303.411
303.388
303.354
303.38
306.76
310.395
313.172
315.118
316.245
316.558
316.063
314.766
312.683
309.857
306.439
304.711
304.786
304.964
305.152
305.346
305.547
305.75
305.934
306.495
307.251
307.649
307.931
308.411
309.43
311.231
313.657
317.26
321.575
324.893
327.236
328.631
329.095
328.736
328.327
327.118
325.161
322.567
319.589
316.877
314.757
313.152
312.025
311.205
310.435
309.412
307.746
305.957
305.516
305.28
305.069
304.87
304.675
304.48
304.271
304.341
306.617
309.977
312.47
314.108
314.895
314.831
313.909
312.125
309.471
305.943
303.054
303.036
303.053
303.069
303.08
303.081
303.064
303.385
305.507
308.187
309.876
312.624
319.277
324.221
327.826
330.303
331.756
332.236
331.756
330.303
327.826
324.221
319.277
312.624
309.876
308.187
305.507
303.385
303.064
303.081
303.08
303.069
303.053
303.036
303.054
305.943
309.471
312.125
313.909
314.831
314.895
314.108
312.47
309.977
306.617
304.341
304.271
304.48
304.675
304.87
305.069
305.28
305.516
305.957
307.746
309.412
310.435
311.205
312.025
313.152
314.757
316.877
319.589
322.567
325.161
327.118
328.327
328.736
328.193
327.824
326.749
325.064
322.944
320.658
318.55
316.812
315.445
314.374
313.455
312.486
311.241
309.477
307.01
305.081
304.984
304.778
304.58
304.383
304.186
303.983
303.77
304.317
307.141
310.03
312.002
313.084
313.274
312.564
310.947
308.421
305.007
302.725
302.71
302.717
302.73
302.74
302.74
302.713
302.987
304.466
306.935
308.902
312.321
318.88
323.811
327.422
329.905
331.363
331.844
331.363
329.905
327.422
323.811
318.88
312.321
308.902
306.935
304.466
302.987
302.713
302.74
302.74
302.73
302.717
302.71
302.725
305.007
308.421
310.947
312.564
313.274
313.084
312.002
310.03
307.141
304.317
303.77
303.983
304.186
304.383
304.58
304.778
304.984
305.081
307.01
309.477
311.241
312.486
313.455
314.374
315.445
316.812
318.55
320.658
322.944
325.064
326.749
327.824
328.193
327.387
327.028
325.99
324.401
322.485
320.549
318.852
317.497
316.44
315.573
314.753
313.815
312.587
310.912
308.688
305.96
304.62
304.478
304.284
304.088
303.894
303.702
303.522
303.385
304.592
307.507
309.785
311.166
311.617
311.125
309.677
307.26
303.866
302.37
302.36
302.371
302.389
302.408
302.422
302.42
302.636
303.625
306.148
308.809
313.299
319.16
323.722
327.145
329.533
330.946
331.414
330.946
329.533
327.145
323.722
319.16
313.299
308.809
306.148
303.625
302.636
302.42
302.422
302.408
302.389
302.371
302.36
302.37
303.866
307.26
309.677
311.125
311.617
311.166
309.785
307.507
304.592
303.385
303.522
303.702
303.894
304.088
304.284
304.478
304.62
305.96
308.688
310.912
312.587
313.815
314.753
315.573
316.44
317.497
318.852
320.549
322.485
324.401
325.99
327.028
327.387
326.299
325.909
324.783
323.065
321.048
319.199
317.814
316.883
316.244
315.725
315.17
314.433
313.381
311.898
309.893
307.294
304.506
304.227
303.989
303.788
303.596
303.408
303.226
303.055
303.04
304.716
307.466
309.179
309.902
309.642
308.378
306.075
302.665
301.97
301.987
302.014
302.044
302.078
302.116
302.158
302.289
303.22
306.339
310.099
314.894
319.753
323.772
326.902
329.135
330.474
330.92
330.474
329.135
326.902
323.772
319.753
314.894
310.099
306.339
303.22
302.289
302.158
302.116
302.078
302.044
302.014
301.987
301.97
302.665
306.075
308.378
309.642
309.902
309.179
307.466
304.716
303.04
303.055
303.226
303.408
303.596
303.788
303.989
304.227
304.506
307.294
309.893
311.898
313.381
314.433
315.17
315.725
316.244
316.883
317.814
319.199
321.048
323.065
324.783
325.909
326.299
324.99
324.527
323.168
321.029
318.444
316.383
315.323
314.978
314.927
314.914
314.768
314.365
313.605
312.404
310.694
308.412
305.488
303.712
303.652
303.478
303.291
303.103
302.917
302.727
302.509
302.797
305.185
307.18
308.173
308.161
307.119
304.997
301.716
301.532
301.601
301.649
301.693
301.741
301.802
301.886
301.959
303.779
307.698
311.879
316.135
320.187
323.712
326.555
328.632
329.895
330.319
329.895
328.632
326.555
323.712
320.187
316.135
311.879
307.698
303.779
301.959
301.886
301.802
301.741
301.693
301.649
301.601
301.532
301.716
304.997
307.119
308.161
308.173
307.18
305.185
302.797
302.509
302.727
302.917
303.103
303.291
303.478
303.652
303.712
305.488
308.412
310.694
312.404
313.605
314.365
314.768
314.914
314.927
314.978
315.323
316.383
318.444
321.029
323.168
324.527
324.99
323.608
323.042
321.332
318.439
314.322
311.579
311.121
311.778
312.571
313.237
313.624
313.655
313.27
312.42
311.065
309.175
306.747
303.966
303.397
303.176
302.983
302.795
302.609
302.423
302.241
302.095
303.101
305.183
306.448
306.711
305.938
304.097
301.201
301.158
301.233
301.287
301.335
301.388
301.461
301.578
301.677
304.896
308.922
312.81
316.585
320.149
323.333
325.973
327.943
329.156
329.565
329.156
327.943
325.973
323.333
320.149
316.585
312.81
308.922
304.896
301.677
301.578
301.461
301.388
301.335
301.287
301.233
301.158
301.201
304.097
305.938
306.711
306.448
305.183
303.101
302.095
302.241
302.423
302.609
302.795
302.983
303.176
303.397
303.966
306.747
309.175
311.065
312.42
313.27
313.655
313.624
313.237
312.571
311.778
311.121
311.579
314.322
318.439
321.332
323.042
323.608
322.356
321.701
319.681
316.101
310.588
307.956
306.782
307.612
309.343
310.839
311.836
312.361
312.401
311.941
310.97
309.478
307.447
304.816
302.892
302.845
302.665
302.481
302.297
302.114
301.934
301.763
301.758
303.038
304.725
305.299
304.824
303.308
300.845
300.828
300.883
300.927
300.968
301.014
301.072
301.154
301.506
305.52
309.3
312.855
316.245
319.492
322.498
325.063
327.01
328.22
328.63
328.22
327.01
325.063
322.498
319.492
316.245
312.855
309.3
305.52
301.506
301.154
301.072
301.014
300.968
300.927
300.883
300.828
300.845
303.308
304.824
305.299
304.725
303.038
301.758
301.763
301.934
302.114
302.297
302.481
302.665
302.845
302.892
304.816
307.447
309.478
310.97
311.941
312.401
312.361
311.836
310.839
309.343
307.612
306.782
307.956
310.588
316.101
319.681
321.701
322.356
321.415
320.724
318.59
314.812
309.001
306.445
305.72
305.328
306.215
307.942
309.518
310.553
311.033
310.972
310.395
309.318
307.748
305.695
303.284
302.54
302.35
302.164
301.98
301.798
301.616
301.427
301.204
301.515
303.116
303.934
303.752
302.562
300.525
300.515
300.54
300.567
300.595
300.624
300.657
300.688
301.446
305.411
308.904
312.063
315.051
318.074
321.103
323.771
325.814
327.085
327.515
327.085
325.814
323.771
321.103
318.074
315.051
312.063
308.904
305.411
301.446
300.688
300.657
300.624
300.595
300.567
300.54
300.515
300.525
302.562
303.752
303.934
303.116
301.515
301.204
301.427
301.616
301.798
301.98
302.164
302.35
302.54
303.284
305.695
307.748
309.318
310.395
310.972
311.033
310.553
309.518
307.942
306.215
305.328
305.72
306.445
309.001
314.812
318.59
320.724
321.415
320.859
320.188
318.145
314.636
309.509
305.749
305.321
305.086
304.878
305.329
306.741
308.3
309.205
309.52
309.321
308.652
307.532
305.953
303.884
302.075
302.029
301.84
301.659
301.48
301.302
301.122
300.946
300.825
301.525
302.568
302.689
301.821
300.194
300.185
300.192
300.204
300.216
300.227
300.24
300.255
301.155
304.775
307.841
310.442
312.82
315.65
319.069
322.105
324.389
325.79
326.261
325.79
324.389
322.105
319.069
315.65
312.82
310.442
307.841
304.775
301.155
300.255
300.24
300.227
300.216
300.204
300.192
300.185
300.194
301.821
302.689
302.568
301.525
300.825
300.946
301.122
301.302
301.48
301.659
301.84
302.029
302.075
303.884
305.953
307.532
308.652
309.321
309.52
309.205
308.3
306.741
305.329
304.878
305.086
305.321
305.749
309.509
314.636
318.145
320.188
320.859
320.644
320.024
318.165
315.088
310.886
306.62
305.089
304.887
304.688
304.497
304.615
305.706
306.966
307.583
307.715
307.436
306.773
305.702
304.216
302.364
301.666
301.505
301.332
301.159
300.986
300.809
300.629
300.441
300.434
301.133
301.615
301.073
299.845
299.837
299.836
299.837
299.834
299.827
299.816
299.814
300.452
303.693
306.242
308.044
309.17
311.695
316.419
320.191
322.848
324.425
324.948
324.425
322.848
320.191
316.419
311.695
309.17
308.044
306.242
303.693
300.452
299.814
299.816
299.827
299.834
299.837
299.836
299.837
299.845
301.073
301.615
301.133
300.434
300.441
300.629
300.809
300.986
301.159
301.332
301.505
301.666
302.364
304.216
305.702
306.773
307.436
307.715
307.583
306.966
305.706
304.615
304.497
304.688
304.887
305.089
306.62
310.886
315.088
318.165
320.024
320.644
320.67
320.098
318.404
315.664
312.074
308.071
305.2
304.698
304.492
304.294
304.082
303.915
304.384
305.132
305.522
305.604
305.424
304.866
303.916
302.573
301.209
301.18
301.002
300.836
300.669
300.497
300.316
300.119
299.888
300.066
300.565
300.283
299.486
299.48
299.476
299.469
299.454
299.427
299.382
299.307
299.562
302.304
304.39
305.766
306.65
308.302
313.892
318.393
321.385
323.115
323.682
323.115
321.385
318.393
313.892
308.302
306.65
305.766
304.39
302.304
299.562
299.307
299.382
299.427
299.454
299.469
299.476
299.48
299.486
300.283
300.565
300.066
299.888
300.119
300.316
300.497
300.669
300.836
301.002
301.18
301.209
302.573
303.916
304.866
305.424
305.604
305.522
305.132
304.384
303.915
304.082
304.294
304.492
304.698
305.2
308.071
312.074
315.664
318.404
320.098
320.67
320.838
320.296
318.688
316.09
312.681
308.842
305.362
304.504
304.326
304.142
303.961
303.748
303.265
302.899
302.674
303.036
303.451
303.423
303.01
302.28
301.137
300.82
300.657
300.51
300.356
300.192
300.016
299.829
299.632
299.456
299.534
299.355
299.115
299.117
299.117
299.106
299.083
299.042
298.975
298.855
298.895
300.597
302.367
303.582
305.092
306.851
312.509
317.104
320.185
321.966
322.55
321.966
320.185
317.104
312.509
306.851
305.092
303.582
302.367
300.597
298.895
298.855
298.975
299.042
299.083
299.106
299.117
299.117
299.115
299.355
299.534
299.456
299.632
299.829
300.016
300.192
300.356
300.51
300.657
300.82
301.137
302.28
303.01
303.423
303.451
303.036
302.674
302.899
303.265
303.748
303.961
304.142
304.326
304.504
305.362
308.842
312.681
316.09
318.688
320.296
320.838
321.091
320.558
318.963
316.327
312.718
308.383
305.376
304.694
304.364
304.087
303.868
303.572
303.192
302.872
302.52
302.048
301.661
301.4
301.422
301.4
300.846
300.308
300.294
300.186
300.049
299.894
299.725
299.544
299.354
299.158
298.976
298.555
298.71
298.754
298.765
298.754
298.726
298.681
298.616
298.529
298.506
298.945
300.679
301.887
303.341
306.457
312.03
316.327
319.285
321.016
321.585
321.016
319.285
316.327
312.03
306.457
303.341
301.887
300.679
298.945
298.506
298.529
298.616
298.681
298.726
298.754
298.765
298.754
298.71
298.555
298.976
299.158
299.354
299.544
299.725
299.894
300.049
300.186
300.294
300.308
300.846
301.4
301.422
301.4
301.661
302.048
302.52
302.872
303.192
303.572
303.868
304.087
304.364
304.694
305.376
308.383
312.718
316.327
318.963
320.558
321.091
321.41
320.882
319.28
316.536
312.493
307.44
305.468
304.965
304.564
304.235
303.884
303.475
303.045
302.741
302.36
301.988
301.645
301.348
300.919
300.496
300.202
299.956
299.995
299.889
299.759
299.608
299.442
299.265
299.08
298.886
298.675
298.423
298.35
298.42
298.431
298.415
298.382
298.336
298.277
298.205
298.123
298.379
299.521
300.669
302.616
306.961
312.012
315.889
318.613
320.226
320.76
320.226
318.613
315.889
312.012
306.961
302.616
300.669
299.521
298.379
298.123
298.205
298.277
298.336
298.382
298.415
298.431
298.42
298.35
298.423
298.675
298.886
299.08
299.265
299.442
299.608
299.759
299.889
299.995
299.956
300.202
300.496
300.919
301.348
301.645
301.988
302.36
302.741
303.045
303.475
303.884
304.235
304.564
304.965
305.468
307.44
312.493
316.536
319.28
320.882
321.41
321.785
321.281
319.74
317.042
312.88
307.531
305.996
305.238
304.723
304.509
304.27
303.72
303.084
302.691
302.191
301.894
301.533
301.182
300.82
300.479
300.176
299.795
299.683
299.613
299.485
299.333
299.166
298.992
298.812
298.628
298.443
298.264
298.149
298.142
298.122
298.09
298.049
298.002
297.947
297.887
297.814
297.933
298.567
299.772
303.123
307.823
312.18
315.603
318.051
319.516
320.004
319.516
318.051
315.603
312.18
307.823
303.123
299.772
298.567
297.933
297.814
297.887
297.947
298.002
298.049
298.09
298.122
298.142
298.149
298.264
298.443
298.628
298.812
298.992
299.166
299.333
299.485
299.613
299.683
299.795
300.176
300.479
300.82
301.182
301.533
301.894
302.191
302.691
303.084
303.72
304.27
304.509
304.723
305.238
305.996
307.531
312.88
317.042
319.74
321.281
321.785
322.166
321.718
320.355
318.015
314.545
310.066
307.288
306.567
306.998
307.5
307.438
306.757
305.401
303.73
302.331
301.898
301.409
301.023
300.695
300.341
300.028
299.739
299.544
299.391
299.234
299.068
298.896
298.721
298.544
298.369
298.201
298.051
297.939
297.873
297.821
297.771
297.721
297.67
297.621
297.579
297.556
297.599
297.829
299.794
304.147
308.509
312.281
315.293
317.471
318.784
319.222
318.784
317.471
315.293
312.281
308.509
304.147
299.794
297.829
297.599
297.556
297.579
297.621
297.67
297.721
297.771
297.821
297.873
297.939
298.051
298.201
298.369
298.544
298.721
298.896
299.068
299.234
299.391
299.544
299.739
300.028
300.341
300.695
301.023
301.409
301.898
302.331
303.73
305.401
306.757
307.438
307.5
306.998
306.567
307.288
310.066
314.545
318.015
320.355
321.718
322.166
322.445
322.069
320.948
319.116
316.67
313.968
311.978
311.009
310.72
310.593
310.255
309.558
308.468
307.099
305.558
303.731
302.028
301.055
300.593
300.161
299.851
299.585
299.364
299.172
298.988
298.807
298.627
298.447
298.271
298.1
297.94
297.797
297.679
297.589
297.514
297.449
297.389
297.334
297.285
297.247
297.23
297.255
297.368
300.538
304.882
308.796
312.144
314.817
316.755
317.926
318.317
317.926
316.755
314.817
312.144
308.796
304.882
300.538
297.368
297.255
297.23
297.247
297.285
297.334
297.389
297.449
297.514
297.589
297.679
297.797
297.94
298.1
298.271
298.447
298.627
298.807
298.988
299.172
299.364
299.585
299.851
300.161
300.593
301.055
302.028
303.731
305.558
307.099
308.468
309.558
310.255
310.593
310.72
311.009
311.978
313.968
316.67
319.116
320.948
322.069
322.445
322.476
322.164
321.254
319.829
318.055
316.225
314.756
313.818
313.285
312.898
312.43
311.751
310.814
309.645
308.281
306.73
305.079
303.262
301.47
300.183
299.628
299.382
299.153
298.94
298.737
298.543
298.353
298.168
297.989
297.818
297.658
297.514
297.389
297.285
297.196
297.119
297.05
296.989
296.935
296.891
296.858
296.846
296.935
301.016
305.065
308.651
311.679
314.078
315.807
316.848
317.195
316.848
315.807
314.078
311.679
308.651
305.065
301.016
296.935
296.846
296.858
296.891
296.935
296.989
297.05
297.119
297.196
297.285
297.389
297.514
297.658
297.818
297.989
298.168
298.353
298.543
298.737
298.94
299.153
299.382
299.628
300.183
301.47
303.262
305.079
306.73
308.281
309.645
310.814
311.751
312.43
312.898
313.285
313.818
314.756
316.225
318.055
319.829
321.254
322.164
322.476
322.129
321.857
321.075
319.893
318.494
317.121
316.004
315.224
314.702
314.283
313.817
313.202
312.393
311.385
310.192
308.828
307.316
305.644
303.811
301.666
299.947
299.16
298.923
298.694
298.476
298.27
298.071
297.88
297.696
297.521
297.357
297.208
297.076
296.962
296.863
296.777
296.701
296.634
296.574
296.519
296.464
296.392
296.453
300.82
304.711
308.065
310.842
313.008
314.547
315.463
315.766
315.463
314.547
313.008
310.842
308.065
304.711
300.82
296.453
296.392
296.464
296.519
296.574
296.634
296.701
296.777
296.863
296.962
297.076
297.208
297.357
297.521
297.696
297.88
298.071
298.27
298.476
298.694
298.923
299.16
299.947
301.666
303.811
305.644
307.316
308.828
310.192
311.385
312.393
313.202
313.817
314.283
314.702
315.224
316.004
317.121
318.494
319.893
321.075
321.857
322.129
321.328
321.06
320.297
319.173
317.906
316.761
315.914
315.37
315.017
314.716
314.351
313.848
313.17
312.31
311.275
310.074
308.714
307.188
305.473
303.515
301.3
299.316
298.683
298.433
298.2
297.985
297.78
297.582
297.391
297.209
297.038
296.882
296.743
296.62
296.514
296.421
296.34
296.268
296.203
296.144
296.085
296.013
296.039
300.154
303.893
307.057
309.617
311.565
312.911
313.691
313.944
313.691
312.911
311.565
309.617
307.057
303.893
300.154
296.039
296.013
296.085
296.144
296.203
296.268
296.34
296.421
296.514
296.62
296.743
296.882
297.038
297.209
297.391
297.582
297.78
297.985
298.2
298.433
298.683
299.316
301.3
303.515
305.473
307.188
308.714
310.074
311.275
312.31
313.17
313.848
314.351
314.716
315.017
315.37
315.914
316.761
317.906
319.173
320.297
321.06
321.328
320.064
319.756
318.881
317.595
316.197
315.102
314.523
314.326
314.279
314.213
314.025
313.669
313.129
312.41
311.523
310.478
309.279
307.919
306.379
304.622
302.606
300.239
298.339
298.152
297.904
297.687
297.478
297.274
297.074
296.882
296.702
296.537
296.389
296.26
296.148
296.051
295.966
295.892
295.825
295.766
295.714
295.678
295.692
299.015
302.649
305.653
308.005
309.722
310.843
311.445
311.627
311.445
310.843
309.722
308.005
305.653
302.649
299.015
295.692
295.678
295.714
295.766
295.825
295.892
295.966
296.051
296.148
296.26
296.389
296.537
296.702
296.882
297.074
297.274
297.478
297.687
297.904
298.152
298.339
300.239
302.606
304.622
306.379
307.919
309.279
310.478
311.523
312.41
313.129
313.669
314.025
314.213
314.279
314.326
314.523
315.102
316.197
317.595
318.881
319.756
320.064
318.415
318.02
316.875
315.13
313.186
311.928
311.749
312.131
312.562
312.83
312.868
312.672
312.267
311.678
310.93
310.036
309.004
307.831
306.5
304.988
303.262
301.286
299.046
297.674
297.575
297.378
297.169
296.957
296.747
296.541
296.347
296.17
296.014
295.879
295.764
295.665
295.579
295.504
295.437
295.377
295.325
295.29
295.298
297.344
301.036
303.9
306.028
307.474
308.295
308.618
308.675
308.618
308.295
307.474
306.028
303.9
301.036
297.344
295.298
295.29
295.325
295.377
295.437
295.504
295.579
295.665
295.764
295.879
296.014
296.17
296.347
296.541
296.747
296.957
297.169
297.378
297.575
297.674
299.046
301.286
303.262
304.988
306.5
307.831
309.004
310.036
310.93
311.678
312.267
312.672
312.868
312.83
312.562
312.131
311.749
311.928
313.186
315.13
316.875
318.02
318.415
316.557
316.035
314.467
311.864
308.494
306.684
307.415
308.888
310.008
310.679
310.943
310.886
310.588
310.107
309.481
308.732
307.872
306.899
305.803
304.567
303.17
301.596
299.848
298.028
297.296
297.08
296.858
296.636
296.411
296.186
295.973
295.78
295.615
295.476
295.36
295.262
295.179
295.106
295.039
294.976
294.915
294.856
294.81
295.625
299.25
301.884
303.734
304.849
305.246
305.057
304.838
305.057
305.246
304.849
303.734
301.884
299.25
295.625
294.81
294.856
294.915
294.976
295.039
295.106
295.179
295.262
295.36
295.476
295.615
295.78
295.973
296.186
296.411
296.636
296.858
297.08
297.296
298.028
299.848
301.596
303.17
304.567
305.803
306.899
307.872
308.732
309.481
310.107
310.588
310.886
310.943
310.679
310.008
308.888
307.415
306.684
308.494
311.864
314.467
316.035
316.557
314.742
314.096
312.097
308.501
304.702
303.614
303.607
305.044
306.901
307.935
308.339
308.341
308.092
307.68
307.154
306.541
305.853
305.091
304.247
303.307
302.256
301.079
299.759
298.264
296.86
296.783
296.544
296.316
296.072
295.817
295.573
295.361
295.186
295.047
294.934
294.842
294.765
294.698
294.635
294.572
294.5
294.405
294.237
294.373
297.457
299.65
301.174
301.945
301.782
300.527
299.563
300.527
301.782
301.945
301.174
299.65
297.457
294.373
294.237
294.405
294.5
294.572
294.635
294.698
294.765
294.842
294.934
295.047
295.186
295.361
295.573
295.817
296.072
296.316
296.544
296.783
296.86
298.264
299.759
301.079
302.256
303.307
304.247
305.091
305.853
306.541
307.154
307.68
308.092
308.341
308.339
307.935
306.901
305.044
303.607
303.614
304.702
308.501
312.097
314.096
314.742
313.22
312.509
310.323
306.467
303.437
303.105
302.85
302.735
303.734
304.823
305.136
305.046
304.76
304.368
303.914
303.423
302.907
302.364
301.787
301.158
300.467
299.705
298.845
297.816
296.54
296.29
296.215
296.01
295.739
295.435
295.139
294.9
294.72
294.587
294.485
294.405
294.339
294.282
294.228
294.171
294.106
294.025
293.928
293.936
295.571
297.087
298.367
298.973
298.415
296.761
295.989
296.761
298.415
298.973
298.367
297.087
295.571
293.936
293.928
294.025
294.106
294.171
294.228
294.282
294.339
294.405
294.485
294.587
294.72
294.9
295.139
295.435
295.739
296.01
296.215
296.29
296.54
297.816
298.845
299.705
300.467
301.158
301.787
302.364
302.907
303.423
303.914
304.368
304.76
305.046
305.136
304.823
303.734
302.735
302.85
303.105
303.437
306.467
310.323
312.509
313.22
312.12
311.398
309.219
305.569
303
302.741
302.5
302.25
301.983
301.689
301.341
300.951
300.541
300.126
299.73
299.365
299.034
298.731
298.451
298.16
297.857
297.543
297.219
296.885
296.526
296.123
296.011
295.769
295.436
295.041
294.643
294.377
294.206
294.091
294.011
293.95
293.901
293.859
293.819
293.777
293.726
293.658
293.557
293.372
293.104
293.761
295.233
296.165
295.167
293.595
293.174
293.595
295.167
296.165
295.233
293.761
293.104
293.372
293.557
293.658
293.726
293.777
293.819
293.859
293.901
293.95
294.011
294.091
294.206
294.377
294.643
295.041
295.436
295.769
296.011
296.123
296.526
296.885
297.219
297.543
297.857
298.16
298.451
298.731
299.034
299.365
299.73
300.126
300.541
300.951
301.341
301.689
301.983
302.25
302.5
302.741
303
305.569
309.219
311.398
312.12
311.463
310.744
308.59
305.029
302.768
302.48
302.258
302.067
301.891
301.602
301.222
300.837
300.444
300.051
299.676
299.327
299.009
298.714
298.437
298.147
297.845
297.533
297.21
296.879
296.539
296.204
295.936
295.613
295.193
294.648
294.013
293.756
293.631
293.56
293.513
293.48
293.454
293.432
293.41
293.387
293.36
293.322
293.266
293.182
293.087
293.059
293.515
294.288
293.482
293.045
293.059
293.045
293.482
294.288
293.515
293.059
293.087
293.182
293.266
293.322
293.36
293.387
293.41
293.432
293.454
293.48
293.513
293.56
293.631
293.756
294.013
294.648
295.193
295.613
295.936
296.204
296.539
296.879
297.21
297.533
297.845
298.147
298.437
298.714
299.009
299.327
299.676
300.051
300.444
300.837
301.222
301.602
301.891
302.067
302.258
302.48
302.768
305.029
308.59
310.744
311.463
311.245
310.526
308.371
304.787
302.709
302.395
302.174
302.013
301.841
301.565
301.212
300.834
300.446
300.06
299.689
299.342
299.021
298.722
298.436
298.144
297.842
297.53
297.208
296.878
296.544
296.217
295.911
295.553
295.071
294.343
293
293
293
293
293
293
293
293
293
293
293
293
293
293
293
293
293
293
293
293
293
293
293
293
293
293
293
293
293
293
293
293
293
293
293
293
293
293
293
293
293
294.343
295.071
295.553
295.911
296.217
296.544
296.878
297.208
297.53
297.842
298.144
298.436
298.722
299.021
299.342
299.689
300.06
300.446
300.834
301.212
301.565
301.841
302.013
302.174
302.395
302.709
304.787
308.371
310.526
311.245
