313.771
310.867
302.354
301.624
300.98
300.382
299.873
299.312
298.74
298.164
297.582
297.003
296.446
295.86
294.906
293
293
293
293
293
293
293
293
293
293
293
293
293
293
293
293
293
293
293
293
293
294.906
295.86
296.446
297.003
297.582
298.164
298.74
299.312
299.873
300.382
300.98
301.624
302.354
310.867
313.771
314.675
311.726
302.888
301.926
301.245
300.534
299.929
299.311
298.735
298.161
297.574
296.985
296.456
296.037
295.376
294.519
294.17
293.99
293.866
293.747
293.597
293.403
293.206
293.163
293.285
294.686
293.285
293.163
293.206
293.403
293.597
293.747
293.866
293.99
294.17
294.519
295.376
296.037
296.456
296.985
297.574
298.161
298.735
299.311
299.929
300.534
301.245
301.926
302.888
311.726
314.675
317.476
314.628
305.779
302.907
301.918
300.905
300.183
299.517
298.87
298.253
297.634
296.978
296.506
296.443
296.03
295.518
295.158
294.911
294.716
294.511
294.226
293.796
293.247
293.376
297.479
300.479
297.479
293.376
293.247
293.796
294.226
294.511
294.716
294.911
295.158
295.518
296.03
296.443
296.506
296.978
297.634
298.253
298.87
299.517
300.183
300.905
301.918
302.907
305.779
314.628
317.476
321.975
319.704
312.62
306.702
305.449
307.163
308.252
307.66
306.112
303.94
301.194
297.981
297.581
297.188
296.771
296.354
296.018
295.769
295.564
295.343
295.037
295.12
299.872
303.686
306.925
308.428
306.925
303.686
299.872
295.12
295.037
295.343
295.564
295.769
296.018
296.354
296.771
297.188
297.581
297.981
301.194
303.94
306.112
307.66
308.252
307.163
305.449
306.702
312.62
319.704
321.975
327.014
325.629
321.949
318.273
316.238
315.461
314.575
312.796
310.006
306.235
301.634
298.638
298.416
297.944
297.5
297.097
296.78
296.572
296.413
296.249
296.018
296.768
304.968
310.573
314.106
315.384
314.106
310.573
304.968
296.768
296.018
296.249
296.413
296.572
296.78
297.097
297.5
297.944
298.416
298.638
301.634
306.235
310.006
312.796
314.575
315.461
316.238
318.273
321.949
325.629
327.014
330.823
329.849
327.312
324.333
321.84
319.87
317.792
314.942
310.88
305.363
300.438
299.786
299.185
298.66
298.175
297.74
297.42
297.314
297.255
297.211
297.213
299.221
308.847
315.531
319.542
320.897
319.542
315.531
308.847
299.221
297.213
297.211
297.255
297.314
297.42
297.74
298.175
298.66
299.185
299.786
300.438
305.363
310.88
314.942
317.792
319.87
321.84
324.333
327.312
329.849
330.823
332.58
331.634
329.116
325.906
322.92
320.385
317.782
314.302
309.208
303.102
300.893
300.411
299.866
299.323
298.788
298.256
297.835
297.996
298.07
298.115
298.166
301.097
311.674
319.163
323.632
325.122
323.632
319.163
311.674
301.097
298.166
298.115
298.07
297.996
297.835
298.256
298.788
299.323
299.866
300.411
300.893
303.102
309.208
314.302
317.782
320.385
322.92
325.906
329.116
331.634
332.58
332.229
330.99
327.613
323.257
319.547
316.97
314.649
311.275
305.715
301.979
301.615
301.086
300.532
299.965
299.387
298.534
298.607
298.753
298.902
298.999
299.067
301.939
313.593
321.813
326.702
328.326
326.702
321.813
313.593
301.939
299.067
298.999
298.902
298.753
298.607
298.534
299.387
299.965
300.532
301.086
301.615
301.979
305.715
311.275
314.649
316.97
319.547
323.257
327.613
330.99
332.229
330.358
328.482
323.09
315.969
311.059
309.306
308.569
306.548
303.511
302.953
302.349
301.776
301.198
300.607
300.533
300.52
299.588
299.571
299.773
299.9
299.978
302.327
314.947
323.793
329.038
330.777
329.038
323.793
314.947
302.327
299.978
299.9
299.773
299.571
299.588
300.52
300.533
300.607
301.198
301.776
302.349
302.953
303.511
306.548
308.569
309.306
311.059
315.969
323.09
328.482
330.358
328.238
325.493
316.951
310.129
308.437
307.407
306.311
305.248
304.216
303.619
303.04
302.459
301.866
301.971
303.92
304.063
300.624
300.48
300.707
300.838
300.918
302.815
316.081
325.374
330.881
332.706
330.881
325.374
316.081
302.815
300.918
300.838
300.707
300.48
300.624
304.063
303.92
301.971
301.866
302.459
303.04
303.619
304.216
305.248
306.311
307.407
308.437
310.129
316.951
325.493
328.238
327.61
324.338
313.601
309.22
308.175
307.13
306.129
305.316
304.775
304.256
303.72
303.143
303.114
306.063
308.612
307.383
302.228
301.598
301.724
301.816
301.886
303.603
317.194
326.74
332.406
334.284
332.406
326.74
317.194
303.603
301.886
301.816
301.724
301.598
302.228
307.383
308.612
306.063
303.114
303.143
303.72
304.256
304.775
305.316
306.129
307.13
308.175
309.22
313.601
324.338
327.61
329.527
326.719
318.007
310.797
308.256
306.97
306.033
305.622
305.299
304.896
304.428
304.279
307.586
311.957
313.086
310.646
304.422
302.761
302.762
302.803
302.861
304.708
318.36
327.988
333.717
335.619
333.717
327.988
318.36
304.708
302.861
302.803
302.762
302.761
304.422
310.646
313.086
311.957
307.586
304.279
304.428
304.896
305.299
305.622
306.033
306.97
308.256
310.797
318.007
326.719
329.527
333.06
331.044
325.344
317.903
311.624
307.542
306.159
306.106
305.891
305.591
305.374
307.972
313.864
317.107
317.128
313.696
306.688
303.779
303.746
303.763
303.815
306.064
319.557
329.135
334.856
336.758
334.856
329.135
319.557
306.064
303.815
303.763
303.746
303.779
306.688
313.696
317.128
317.107
313.864
307.972
305.374
305.591
305.891
306.106
306.159
307.542
311.624
317.903
325.344
331.044
333.06
336.624
335.055
330.647
324.372
317.371
309.892
306.866
306.812
306.555
306.19
306.467
313.08
318.969
321.48
320.624
316.32
308.53
304.71
304.666
304.676
304.732
307.431
320.678
330.14
335.812
337.702
335.812
330.14
320.678
307.431
304.732
304.676
304.666
304.71
308.53
316.32
320.624
321.48
318.969
313.08
306.467
306.19
306.555
306.812
306.866
309.892
317.371
324.372
330.647
335.055
336.624
339.328
337.904
333.817
327.565
319.676
310.209
307.616
307.51
307.317
307.208
309.933
318.308
323.452
325.22
323.568
318.431
309.735
305.572
305.522
305.53
305.592
308.524
321.591
330.934
336.551
338.426
336.551
330.934
321.591
308.524
305.592
305.53
305.522
305.572
309.735
318.431
323.568
325.22
323.452
318.308
309.933
307.208
307.317
307.51
307.616
310.209
319.676
327.565
333.817
337.904
339.328
340.877
339.417
335.152
328.397
319.564
309.334
308.55
308.285
307.981
308.105
314.852
322.815
327.31
328.381
325.997
320.101
310.575
306.36
306.306
306.319
306.379
309.43
322.233
331.454
337.031
338.899
337.031
331.454
322.233
309.43
306.379
306.319
306.306
306.36
310.575
320.101
325.997
328.381
327.31
322.815
314.852
308.105
307.981
308.285
308.55
309.334
319.564
328.397
335.152
339.417
340.877
341.347
339.736
334.978
327.305
317.271
309.629
309.36
309.085
308.876
310.259
319.755
326.789
330.594
330.997
327.939
321.4
311.318
307.129
307.02
307.05
307.182
310.08
322.463
331.617
337.221
339.108
337.221
331.617
322.463
310.08
307.182
307.05
307.02
307.129
311.318
321.4
327.939
330.997
330.594
326.789
319.755
310.259
308.876
309.085
309.36
309.629
317.271
327.305
334.978
339.736
341.347
341.037
339.202
333.718
324.623
314.691
310.81
310.154
309.806
309.941
313.646
323.366
329.991
333.279
333.074
329.362
322.246
312.03
308.529
307.928
307.92
308.636
310.902
321.966
331.329
337.129
339.092
337.129
331.329
321.966
310.902
308.636
307.92
307.928
308.529
312.03
322.246
329.362
333.074
333.279
329.991
323.366
313.646
309.941
309.806
310.154
310.81
314.691
324.623
333.718
339.202
341.037
340.399
338.317
332.071
321.853
315.132
312.737
311.521
311.304
312.617
316.72
326.076
332.531
335.457
334.66
330.187
322.322
313.971
311.493
309.907
309.779
311.177
313.455
320.771
330.606
336.874
339.001
336.874
330.606
320.771
313.455
311.177
309.779
309.907
311.493
313.971
322.322
330.187
334.66
335.457
332.531
326.076
316.72
312.617
311.304
311.521
312.737
315.132
321.853
332.071
338.317
340.399
339.924
337.594
330.581
321.24
317.899
315.312
313.635
313.943
316.529
319.392
327.773
334.599
337.36
335.92
330.409
322.226
317.488
314.615
312.362
312.149
314.109
316.889
320.525
329.591
336.758
339.166
336.758
329.591
320.525
316.889
314.109
312.149
312.362
314.615
317.488
322.226
330.409
335.92
337.36
334.599
327.773
319.392
316.529
313.943
313.635
315.312
317.899
321.24
330.581
337.594
339.924
340.109
337.557
329.847
323.769
321.464
318.61
316.648
317.821
321.25
323.997
329.056
336.734
339.462
337.252
330.053
323.925
321.367
318.493
315.656
315.233
317.85
320.808
323.333
329.072
337.403
340.148
337.403
329.072
323.333
320.808
317.85
315.233
315.656
318.493
321.367
323.925
330.053
337.252
339.462
336.734
329.056
323.997
321.25
317.821
316.648
318.61
321.464
323.769
329.847
337.557
340.109
341.397
338.705
330.411
327.04
325.057
322.787
322.983
324.046
325.268
327.304
331.205
339.865
342.504
339.601
330.327
326.191
324.17
322.865
323.416
323.545
322.979
323.897
325.975
330.317
339.693
342.619
339.693
330.317
325.975
323.897
322.979
323.545
323.416
322.865
324.17
326.191
330.327
339.601
342.504
339.865
331.205
327.304
325.268
324.046
322.983
322.787
325.057
327.04
330.411
338.705
341.397
344.069
341.579
333.78
330.259
329.533
331.336
333.843
334.633
333.524
333.003
338.415
345.152
347.088
344.43
336.538
329.889
329.291
331.882
334.247
334.444
332.516
330.101
330.678
337.07
344.571
346.942
344.571
337.07
330.678
330.101
332.516
334.444
334.247
331.882
329.291
329.889
336.538
344.43
347.088
345.152
338.415
333.003
333.524
334.633
333.843
331.336
329.533
330.259
333.78
341.579
344.069
347.721
345.943
340.596
336.816
337.946
340.711
342.706
343.833
344.342
345.366
348.23
351.312
352.267
350.594
346.697
343.119
342.001
342.637
343.481
343.627
343.061
342.604
343.722
347.076
350.658
352.009
350.658
347.076
343.722
342.604
343.061
343.627
343.481
342.637
342.001
343.119
346.697
350.594
352.267
351.312
348.23
345.366
344.342
343.833
342.706
340.711
337.946
336.816
340.596
345.943
347.721
350.931
349.918
347.399
345.506
345.643
346.98
348.436
349.651
350.707
352.036
353.909
355.6
356.074
354.983
352.732
350.527
349.373
349.207
349.413
349.523
349.511
349.791
350.928
352.976
354.979
355.777
354.979
352.976
350.928
349.791
349.511
349.523
349.413
349.207
349.373
350.527
352.732
354.983
356.074
355.6
353.909
352.036
350.707
349.651
348.436
346.98
345.643
345.506
347.399
349.918
350.931
352.165
351.4
349.597
348.19
348.151
349.13
350.407
351.627
352.801
354.161
355.771
357.104
357.447
356.533
354.72
352.883
351.758
351.404
351.442
351.54
351.67
352.119
353.224
354.92
356.505
357.141
356.505
354.92
353.224
352.119
351.67
351.54
351.442
351.404
351.758
352.883
354.72
356.533
357.447
357.104
355.771
354.161
352.801
351.627
350.407
349.13
348.151
348.19
349.597
351.4
352.165
350.931
349.918
347.399
345.506
345.643
346.98
348.436
349.651
350.707
352.036
353.909
355.6
356.074
354.983
352.732
350.527
349.373
349.207
349.413
349.523
349.511
349.791
350.928
352.976
354.979
355.777
354.979
352.976
350.928
349.791
349.511
349.523
349.413
349.207
349.373
350.527
352.732
354.983
356.074
355.6
353.909
352.036
350.707
349.651
348.436
346.98
345.643
345.506
347.399
349.918
350.931
347.721
345.943
340.596
336.816
337.946
340.711
342.706
343.833
344.342
345.366
348.23
351.312
352.267
350.594
346.697
343.119
342.001
342.637
343.481
343.627
343.061
342.604
343.722
347.076
350.658
352.009
350.658
347.076
343.722
342.604
343.061
343.627
343.481
342.637
342.001
343.119
346.697
350.594
352.267
351.312
348.23
345.366
344.342
343.833
342.706
340.711
337.946
336.816
340.596
345.943
347.721
344.069
341.579
333.78
330.259
329.533
331.336
333.843
334.633
333.524
333.003
338.415
345.152
347.088
344.43
336.538
329.889
329.291
331.882
334.247
334.444
332.516
330.101
330.678
337.07
344.571
346.942
344.571
337.07
330.678
330.101
332.516
334.444
334.247
331.882
329.291
329.889
336.538
344.43
347.088
345.152
338.415
333.003
333.524
334.633
333.843
331.336
329.533
330.259
333.78
341.579
344.069
341.397
338.705
330.411
327.04
325.057
322.787
322.983
324.046
325.268
327.304
331.205
339.865
342.504
339.601
330.327
326.191
324.17
322.865
323.416
323.545
322.979
323.897
325.975
330.317
339.693
342.619
339.693
330.317
325.975
323.897
322.979
323.545
323.416
322.865
324.17
326.191
330.327
339.601
342.504
339.865
331.205
327.304
325.268
324.046
322.983
322.787
325.057
327.04
330.411
338.705
341.397
340.109
337.557
329.847
323.769
321.464
318.61
316.648
317.821
321.25
323.997
329.056
336.734
339.462
337.252
330.053
323.925
321.367
318.493
315.656
315.233
317.85
320.808
323.333
329.072
337.403
340.148
337.403
329.072
323.333
320.808
317.85
315.233
315.656
318.493
321.367
323.925
330.053
337.252
339.462
336.734
329.056
323.997
321.25
317.821
316.648
318.61
321.464
323.769
329.847
337.557
340.109
339.924
337.594
330.581
321.24
317.899
315.312
313.635
313.943
316.529
319.392
327.773
334.599
337.36
335.92
330.409
322.226
317.488
314.615
312.362
312.149
314.109
316.889
320.525
329.591
336.758
339.166
336.758
329.591
320.525
316.889
314.109
312.149
312.362
314.615
317.488
322.226
330.409
335.92
337.36
334.599
327.773
319.392
316.529
313.943
313.635
315.312
317.899
321.24
330.581
337.594
339.924
340.399
338.317
332.071
321.853
315.132
312.737
311.521
311.304
312.617
316.72
326.076
332.531
335.457
334.66
330.187
322.322
313.971
311.493
309.907
309.779
311.177
313.455
320.771
330.606
336.874
339.001
336.874
330.606
320.771
313.455
311.177
309.779
309.907
311.493
313.971
322.322
330.187
334.66
335.457
332.531
326.076
316.72
312.617
311.304
311.521
312.737
315.132
321.853
332.071
338.317
340.399
341.037
339.202
333.718
324.623
314.691
310.81
310.154
309.806
309.941
313.646
323.366
329.991
333.279
333.074
329.362
322.246
312.03
308.529
307.928
307.92
308.636
310.902
321.966
331.329
337.129
339.092
337.129
331.329
321.966
310.902
308.636
307.92
307.928
308.529
312.03
322.246
329.362
333.074
333.279
329.991
323.366
313.646
309.941
309.806
310.154
310.81
314.691
324.623
333.718
339.202
341.037
341.347
339.736
334.978
327.305
317.271
309.629
309.36
309.085
308.876
310.259
319.755
326.789
330.594
330.997
327.939
321.4
311.318
307.129
307.02
307.05
307.182
310.08
322.463
331.617
337.221
339.108
337.221
331.617
322.463
310.08
307.182
307.05
307.02
307.129
311.318
321.4
327.939
330.997
330.594
326.789
319.755
310.259
308.876
309.085
309.36
309.629
317.271
327.305
334.978
339.736
341.347
340.877
339.417
335.152
328.397
319.564
309.334
308.55
308.285
307.981
308.105
314.852
322.815
327.31
328.381
325.997
320.101
310.575
306.36
306.306
306.319
306.379
309.43
322.233
331.454
337.031
338.899
337.031
331.454
322.233
309.43
306.379
306.319
306.306
306.36
310.575
320.101
325.997
328.381
327.31
322.815
314.852
308.105
307.981
308.285
308.55
309.334
319.564
328.397
335.152
339.417
340.877
339.328
337.904
333.817
327.565
319.676
310.209
307.616
307.51
307.317
307.208
309.933
318.308
323.452
325.22
323.568
318.431
309.735
305.572
305.522
305.53
305.592
308.524
321.591
330.934
336.551
338.426
336.551
330.934
321.591
308.524
305.592
305.53
305.522
305.572
309.735
318.431
323.568
325.22
323.452
318.308
309.933
307.208
307.317
307.51
307.616
310.209
319.676
327.565
333.817
337.904
339.328
336.624
335.055
330.647
324.372
317.371
309.892
306.866
306.812
306.555
306.19
306.467
313.08
318.969
321.48
320.624
316.32
308.53
304.71
304.666
304.676
304.732
307.431
320.678
330.14
335.812
337.702
335.812
330.14
320.678
307.431
304.732
304.676
304.666
304.71
308.53
316.32
320.624
321.48
318.969
313.08
306.467
306.19
306.555
306.812
306.866
309.892
317.371
324.372
330.647
335.055
336.624
333.06
331.044
325.344
317.903
311.624
307.542
306.159
306.106
305.891
305.591
305.374
307.972
313.864
317.107
317.128
313.696
306.688
303.779
303.746
303.763
303.815
306.064
319.557
329.135
334.856
336.758
334.856
329.135
319.557
306.064
303.815
303.763
303.746
303.779
306.688
313.696
317.128
317.107
313.864
307.972
305.374
305.591
305.891
306.106
306.159
307.542
311.624
317.903
325.344
331.044
333.06
329.527
326.719
318.007
310.797
308.256
306.97
306.033
305.622
305.299
304.896
304.428
304.279
307.586
311.957
313.086
310.646
304.422
302.761
302.762
302.803
302.861
304.708
318.36
327.988
333.717
335.619
333.717
327.988
318.36
304.708
302.861
302.803
302.762
302.761
304.422
310.646
313.086
311.957
307.586
304.279
304.428
304.896
305.299
305.622
306.033
306.97
308.256
310.797
318.007
326.719
329.527
327.61
324.338
313.601
309.22
308.175
307.13
306.129
305.316
304.775
304.256
303.72
303.143
303.114
306.063
308.612
307.383
302.228
301.598
301.724
301.816
301.886
303.603
317.194
326.74
332.406
334.284
332.406
326.74
317.194
303.603
301.886
301.816
301.724
301.598
302.228
307.383
308.612
306.063
303.114
303.143
303.72
304.256
304.775
305.316
306.129
307.13
308.175
309.22
313.601
324.338
327.61
328.238
325.493
316.951
310.129
308.437
307.407
306.311
305.248
304.216
303.619
303.04
302.459
301.866
301.971
303.92
304.063
300.624
300.48
300.707
300.838
300.918
302.815
316.081
325.374
330.881
332.706
330.881
325.374
316.081
302.815
300.918
300.838
300.707
300.48
300.624
304.063
303.92
301.971
301.866
302.459
303.04
303.619
304.216
305.248
306.311
307.407
308.437
310.129
316.951
325.493
328.238
330.358
328.482
323.09
315.969
311.059
309.306
308.569
306.548
303.511
302.953
302.349
301.776
301.198
300.607
300.533
300.52
299.588
299.571
299.773
299.9
299.978
302.327
314.947
323.793
329.038
330.777
329.038
323.793
314.947
302.327
299.978
299.9
299.773
299.571
299.588
300.52
300.533
300.607
301.198
301.776
302.349
302.953
303.511
306.548
308.569
309.306
311.059
315.969
323.09
328.482
330.358
332.229
330.99
327.613
323.257
319.547
316.97
314.649
311.275
305.715
301.979
301.615
301.086
300.532
299.965
299.387
298.534
298.607
298.753
298.902
298.999
299.067
301.939
313.593
321.813
326.702
328.326
326.702
321.813
313.593
301.939
299.067
298.999
298.902
298.753
298.607
298.534
299.387
299.965
300.532
301.086
301.615
301.979
305.715
311.275
314.649
316.97
319.547
323.257
327.613
330.99
332.229
332.58
331.634
329.116
325.906
322.92
320.385
317.782
314.302
309.208
303.102
300.893
300.411
299.866
299.323
298.788
298.256
297.835
297.996
298.07
298.115
298.166
301.097
311.674
319.163
323.632
325.122
323.632
319.163
311.674
301.097
298.166
298.115
298.07
297.996
297.835
298.256
298.788
299.323
299.866
300.411
300.893
303.102
309.208
314.302
317.782
320.385
322.92
325.906
329.116
331.634
332.58
330.823
329.849
327.312
324.333
321.84
319.87
317.792
314.942
310.88
305.363
300.438
299.786
299.185
298.66
298.175
297.74
297.42
297.314
297.255
297.211
297.213
299.221
308.847
315.531
319.542
320.897
319.542
315.531
308.847
299.221
297.213
297.211
297.255
297.314
297.42
297.74
298.175
298.66
299.185
299.786
300.438
305.363
310.88
314.942
317.792
319.87
321.84
324.333
327.312
329.849
330.823
327.014
325.629
321.949
318.273
316.238
315.461
314.575
312.796
310.006
306.235
301.634
298.638
298.416
297.944
297.5
297.097
296.78
296.572
296.413
296.249
296.018
296.768
304.968
310.573
314.106
315.384
314.106
310.573
304.968
296.768
296.018
296.249
296.413
296.572
296.78
297.097
297.5
297.944
298.416
298.638
301.634
306.235
310.006
312.796
314.575
315.461
316.238
318.273
321.949
325.629
327.014
321.975
319.704
312.62
306.702
305.449
307.163
308.252
307.66
306.112
303.94
301.194
297.981
297.581
297.188
296.771
296.354
296.018
295.769
295.564
295.343
295.037
295.12
299.872
303.686
306.925
308.428
306.925
303.686
299.872
295.12
295.037
295.343
295.564
295.769
296.018
296.354
296.771
297.188
297.581
297.981
301.194
303.94
306.112
307.66
308.252
307.163
305.449
306.702
312.62
319.704
321.975
317.476
314.628
305.779
302.907
301.918
300.905
300.183
299.517
298.87
298.253
297.634
296.978
296.506
296.443
296.03
295.518
295.158
294.911
294.716
294.511
294.226
293.796
293.247
293.376
297.479
300.479
297.479
293.376
293.247
293.796
294.226
294.511
294.716
294.911
295.158
295.518
296.03
296.443
296.506
296.978
297.634
298.253
298.87
299.517
300.183
300.905
301.918
302.907
305.779
314.628
317.476
314.675
311.726
302.888
301.926
301.245
300.534
299.929
299.311
298.735
298.161
297.574
296.985
296.456
296.037
295.376
294.519
294.17
293.99
293.866
293.747
293.597
293.403
293.206
293.163
293.285
294.686
293.285
293.163
293.206
293.403
293.597
293.747
293.866
293.99
294.17
294.519
295.376
296.037
296.456
296.985
297.574
298.161
298.735
299.311
299.929
300.534
301.245
301.926
302.888
311.726
314.675
313.771
310.867
302.354
301.624
300.98
300.382
299.873
299.312
298.74
298.164
297.582
297.003
296.446
295.86
294.906
293
293
293
293
293
293
293
293
293
293
293
293
293
293
293
293
293
293
293
293
293
294.906
295.86
296.446
297.003
297.582
298.164
298.74
299.312
299.873
300.382
300.98
301.624
302.354
310.867
313.771
