313.772
310.868
302.354
301.625
300.981
300.383
299.874
299.312
298.74
298.165
297.582
297.003
296.446
295.86
294.906
293
293
293
293
293
293
293
293
293
293
293
293
293
293
293
293
293
293
293
293
293
294.906
295.86
296.446
297.003
297.582
298.165
298.74
299.312
299.874
300.383
300.981
301.625
302.354
310.868
313.772
314.677
311.728
302.889
301.927
301.246
300.535
299.93
299.312
298.736
298.162
297.575
296.985
296.456
296.037
295.376
294.519
294.17
293.99
293.866
293.747
293.597
293.403
293.206
293.163
293.286
294.688
293.286
293.163
293.206
293.403
293.597
293.747
293.866
293.99
294.17
294.519
295.376
296.037
296.456
296.985
297.575
298.162
298.736
299.312
299.93
300.535
301.246
301.927
302.889
311.728
314.677
317.478
314.63
305.78
302.908
301.919
300.907
300.184
299.518
298.87
298.253
297.634
296.979
296.505
296.443
296.03
295.518
295.158
294.911
294.716
294.511
294.226
293.795
293.247
293.376
297.48
300.48
297.48
293.376
293.247
293.795
294.226
294.511
294.716
294.911
295.158
295.518
296.03
296.443
296.505
296.979
297.634
298.253
298.87
299.518
300.184
300.907
301.919
302.908
305.78
314.63
317.478
321.977
319.706
312.621
306.701
305.446
307.162
308.255
307.665
306.118
303.946
301.199
297.983
297.58
297.188
296.771
296.354
296.019
295.77
295.564
295.344
295.037
295.12
299.874
303.688
306.926
308.43
306.926
303.688
299.874
295.12
295.037
295.344
295.564
295.77
296.019
296.354
296.771
297.188
297.58
297.983
301.199
303.946
306.118
307.665
308.255
307.162
305.446
306.701
312.621
319.706
321.977
327.018
325.633
321.952
318.276
316.241
315.465
314.582
312.805
310.016
306.245
301.641
298.638
298.417
297.945
297.5
297.097
296.78
296.573
296.414
296.25
296.019
296.771
304.971
310.575
314.108
315.387
314.108
310.575
304.971
296.771
296.019
296.25
296.414
296.573
296.78
297.097
297.5
297.945
298.417
298.638
301.641
306.245
310.016
312.805
314.582
315.465
316.241
318.276
321.952
325.633
327.018
330.83
329.856
327.318
324.34
321.847
319.878
317.803
314.957
310.897
305.383
300.443
299.787
299.186
298.661
298.176
297.741
297.421
297.314
297.256
297.212
297.214
299.226
308.851
315.534
319.544
320.9
319.544
315.534
308.851
299.226
297.214
297.212
297.256
297.314
297.421
297.741
298.176
298.661
299.186
299.787
300.443
305.383
310.897
314.957
317.803
319.878
321.847
324.34
327.318
329.856
330.83
332.588
331.642
329.125
325.917
322.931
320.398
317.797
314.32
309.235
303.12
300.892
300.412
299.867
299.324
298.789
298.257
297.835
297.997
298.071
298.115
298.167
301.101
311.678
319.166
323.635
325.125
323.635
319.166
311.678
301.101
298.167
298.115
298.071
297.997
297.835
298.257
298.789
299.324
299.867
300.412
300.892
303.12
309.235
314.32
317.797
320.398
322.931
325.917
329.125
331.642
332.588
332.239
330.999
327.624
323.27
319.562
316.985
314.665
311.294
305.735
301.979
301.616
301.088
300.534
299.967
299.388
298.535
298.607
298.753
298.902
299
299.067
301.942
313.595
321.815
326.705
328.329
326.705
321.815
313.595
301.942
299.067
299
298.902
298.753
298.607
298.535
299.388
299.967
300.534
301.088
301.616
301.979
305.735
311.294
314.665
316.985
319.562
323.27
327.624
330.999
332.239
330.368
328.493
323.103
315.987
311.078
309.322
308.585
306.563
303.518
302.957
302.352
301.779
301.201
300.609
300.534
300.522
299.588
299.571
299.774
299.901
299.979
302.329
314.95
323.796
329.041
330.78
329.041
323.796
314.95
302.329
299.979
299.901
299.774
299.571
299.588
300.522
300.534
300.609
301.201
301.779
302.352
302.957
303.518
306.563
308.585
309.322
311.078
315.987
323.103
328.493
330.368
328.246
325.501
316.963
310.139
308.442
307.411
306.316
305.252
304.219
303.623
303.044
302.463
301.869
301.971
303.918
304.063
300.626
300.481
300.708
300.839
300.919
302.817
316.084
325.377
330.884
332.709
330.884
325.377
316.084
302.817
300.919
300.839
300.708
300.481
300.626
304.063
303.918
301.971
301.869
302.463
303.044
303.623
304.219
305.252
306.316
307.411
308.442
310.139
316.963
325.501
328.246
327.615
324.343
313.609
309.223
308.179
307.135
306.134
305.319
304.778
304.259
303.724
303.148
303.114
306.056
308.608
307.384
302.234
301.601
301.725
301.817
301.887
303.605
317.198
326.744
332.41
334.288
332.41
326.744
317.198
303.605
301.887
301.817
301.725
301.601
302.234
307.384
308.608
306.056
303.114
303.148
303.724
304.259
304.778
305.319
306.134
307.135
308.179
309.223
313.609
324.343
327.615
329.526
326.718
318.005
310.792
308.259
306.977
306.037
305.623
305.301
304.899
304.433
304.281
307.571
311.943
313.079
310.647
304.43
302.763
302.763
302.805
302.862
304.712
318.364
327.993
333.722
335.624
333.722
327.993
318.364
304.712
302.862
302.805
302.763
302.763
304.43
310.647
313.079
311.943
307.571
304.281
304.433
304.899
305.301
305.623
306.037
306.977
308.259
310.792
318.005
326.718
329.526
333.055
331.037
325.329
317.868
311.598
307.543
306.16
306.106
305.892
305.592
305.37
307.912
313.822
317.083
317.116
313.695
306.697
303.781
303.747
303.765
303.817
306.069
319.563
329.141
334.861
336.764
334.861
329.141
319.563
306.069
303.817
303.765
303.747
303.781
306.697
313.695
317.116
317.083
313.822
307.912
305.37
305.592
305.892
306.106
306.16
307.543
311.598
317.868
325.329
331.037
333.055
336.618
335.048
330.637
324.358
317.367
309.911
306.868
306.814
306.557
306.194
306.454
312.983
318.914
321.449
320.61
316.319
308.54
304.711
304.668
304.677
304.733
307.436
320.684
330.146
335.819
337.709
335.819
330.146
320.684
307.436
304.733
304.677
304.668
304.711
308.54
316.319
320.61
321.449
318.914
312.983
306.454
306.194
306.557
306.814
306.868
309.911
317.367
324.358
330.637
335.048
336.618
339.323
337.899
333.812
327.561
319.68
310.229
307.615
307.509
307.315
307.2
309.855
318.234
323.402
325.19
323.554
318.43
309.747
305.574
305.523
305.532
305.593
308.531
321.598
330.941
336.559
338.434
336.559
330.941
321.598
308.531
305.593
305.532
305.523
305.574
309.747
318.43
323.554
325.19
323.402
318.234
309.855
307.2
307.315
307.509
307.615
310.229
319.68
327.561
333.812
337.899
339.323
340.874
339.414
335.15
328.396
319.567
309.335
308.547
308.282
307.98
308.1
314.764
322.753
327.268
328.356
325.986
320.102
310.589
306.361
306.307
306.321
306.381
309.439
322.242
331.463
337.041
338.909
337.041
331.463
322.242
309.439
306.381
306.321
306.307
306.361
310.589
320.102
325.986
328.356
327.268
322.753
314.764
308.1
307.98
308.282
308.547
309.335
319.567
328.396
335.15
339.414
340.874
341.345
339.734
334.977
327.305
317.273
309.623
309.354
309.079
308.867
310.225
319.7
326.744
330.563
330.979
327.933
321.405
311.333
307.132
307.022
307.052
307.184
310.09
322.473
331.627
337.232
339.12
337.232
331.627
322.473
310.09
307.184
307.052
307.022
307.132
311.333
321.405
327.933
330.979
330.563
326.744
319.7
310.225
308.867
309.079
309.354
309.623
317.273
327.305
334.977
339.734
341.345
341.037
339.201
333.718
324.624
314.69
310.802
310.148
309.8
309.932
313.609
323.33
329.962
333.259
333.064
329.361
322.255
312.046
308.533
307.932
307.924
308.641
310.911
321.977
331.341
337.142
339.105
337.142
331.341
321.977
310.911
308.641
307.924
307.932
308.533
312.046
322.255
329.361
333.064
333.259
329.962
323.33
313.609
309.932
309.8
310.148
310.802
314.69
324.624
333.718
339.201
341.037
340.399
338.317
332.072
321.852
315.125
312.729
311.511
311.292
312.603
316.694
326.055
332.514
335.447
334.657
330.192
322.336
313.984
311.504
309.916
309.785
311.183
313.46
320.782
330.62
336.889
339.017
336.889
330.62
320.782
313.46
311.183
309.785
309.916
311.504
313.984
322.336
330.192
334.657
335.447
332.514
326.055
316.694
312.603
311.292
311.511
312.729
315.125
321.852
332.072
338.317
340.399
339.926
337.596
330.582
321.237
317.891
315.303
313.625
313.931
316.516
319.375
327.766
334.594
337.358
335.925
330.422
322.242
317.497
314.625
312.371
312.156
314.115
316.895
320.536
329.609
336.777
339.185
336.777
329.609
320.536
316.895
314.115
312.156
312.371
314.625
317.497
322.242
330.422
335.925
337.358
334.594
327.766
319.375
316.516
313.931
313.625
315.303
317.891
321.237
330.582
337.596
339.926
340.112
337.56
329.849
323.765
321.458
318.603
316.639
317.809
321.238
323.987
329.06
336.737
339.468
337.262
330.07
323.94
321.378
318.503
315.666
315.24
317.858
320.817
323.346
329.095
337.426
340.17
337.426
329.095
323.346
320.817
317.858
315.24
315.666
318.503
321.378
323.94
330.07
337.262
339.468
336.737
329.06
323.987
321.238
317.809
316.639
318.603
321.458
323.765
329.849
337.56
340.112
341.402
338.71
330.415
327.037
325.052
322.78
322.976
324.039
325.264
327.304
331.216
339.874
342.514
339.614
330.346
326.206
324.183
322.876
323.427
323.557
322.991
323.909
325.993
330.346
339.72
342.645
339.72
330.346
325.993
323.909
322.991
323.557
323.427
322.876
324.183
326.206
330.346
339.614
342.514
339.874
331.216
327.304
325.264
324.039
322.976
322.78
325.052
327.037
330.415
338.71
341.402
344.075
341.585
333.787
330.261
329.534
331.335
333.841
334.632
333.528
333.014
338.429
345.163
347.1
344.444
336.555
329.906
329.306
331.897
334.262
334.461
332.536
330.125
330.707
337.101
344.599
346.97
344.599
337.101
330.707
330.125
332.536
334.461
334.262
331.897
329.306
329.906
336.555
344.444
347.1
345.163
338.429
333.014
333.528
334.632
333.841
331.335
329.534
330.261
333.787
341.585
344.075
347.728
345.95
340.604
336.825
337.951
340.714
342.707
343.836
344.348
345.376
348.242
351.324
352.28
350.608
346.713
343.136
342.017
342.653
343.498
343.646
343.083
342.629
343.75
347.104
350.687
352.037
350.687
347.104
343.75
342.629
343.083
343.646
343.498
342.653
342.017
343.136
346.713
350.608
352.28
351.324
348.242
345.376
344.348
343.836
342.707
340.714
337.951
336.825
340.604
345.95
347.728
350.938
349.926
347.407
345.513
345.648
346.984
348.439
349.655
350.714
352.045
353.92
355.612
356.087
354.997
352.747
350.543
349.389
349.224
349.431
349.542
349.533
349.815
350.954
353.003
355.007
355.805
355.007
353.003
350.954
349.815
349.533
349.542
349.431
349.224
349.389
350.543
352.747
354.997
356.087
355.612
353.92
352.045
350.714
349.655
348.439
346.984
345.648
345.513
347.407
349.926
350.938
352.172
351.407
349.604
348.197
348.157
349.134
350.411
351.632
352.807
354.17
355.781
357.116
357.46
356.547
354.735
352.899
351.775
351.421
351.46
351.559
351.692
352.143
353.25
354.947
356.532
357.168
356.532
354.947
353.25
352.143
351.692
351.559
351.46
351.421
351.775
352.899
354.735
356.547
357.46
357.116
355.781
354.17
352.807
351.632
350.411
349.134
348.157
348.197
349.604
351.407
352.172
350.938
349.926
347.407
345.513
345.648
346.984
348.439
349.655
350.714
352.045
353.92
355.612
356.087
354.997
352.747
350.543
349.389
349.224
349.431
349.542
349.533
349.815
350.954
353.003
355.007
355.805
355.007
353.003
350.954
349.815
349.533
349.542
349.431
349.224
349.389
350.543
352.747
354.997
356.087
355.612
353.92
352.045
350.714
349.655
348.439
346.984
345.648
345.513
347.407
349.926
350.938
347.728
345.95
340.604
336.825
337.951
340.714
342.707
343.836
344.348
345.376
348.242
351.324
352.28
350.608
346.713
343.136
342.017
342.653
343.498
343.646
343.083
342.629
343.75
347.104
350.687
352.037
350.687
347.104
343.75
342.629
343.083
343.646
343.498
342.653
342.017
343.136
346.713
350.608
352.28
351.324
348.242
345.376
344.348
343.836
342.707
340.714
337.951
336.825
340.604
345.95
347.728
344.075
341.585
333.787
330.261
329.534
331.335
333.841
334.632
333.528
333.014
338.429
345.163
347.1
344.444
336.555
329.906
329.306
331.897
334.262
334.461
332.536
330.125
330.707
337.101
344.599
346.97
344.599
337.101
330.707
330.125
332.536
334.461
334.262
331.897
329.306
329.906
336.555
344.444
347.1
345.163
338.429
333.014
333.528
334.632
333.841
331.335
329.534
330.261
333.787
341.585
344.075
341.402
338.71
330.415
327.037
325.052
322.78
322.976
324.039
325.264
327.304
331.216
339.874
342.514
339.614
330.346
326.206
324.183
322.876
323.427
323.557
322.991
323.909
325.993
330.346
339.72
342.645
339.72
330.346
325.993
323.909
322.991
323.557
323.427
322.876
324.183
326.206
330.346
339.614
342.514
339.874
331.216
327.304
325.264
324.039
322.976
322.78
325.052
327.037
330.415
338.71
341.402
340.112
337.56
329.849
323.765
321.458
318.603
316.639
317.809
321.238
323.987
329.06
336.737
339.468
337.262
330.07
323.94
321.378
318.503
315.666
315.24
317.858
320.817
323.346
329.095
337.426
340.17
337.426
329.095
323.346
320.817
317.858
315.24
315.666
318.503
321.378
323.94
330.07
337.262
339.468
336.737
329.06
323.987
321.238
317.809
316.639
318.603
321.458
323.765
329.849
337.56
340.112
339.926
337.596
330.582
321.237
317.891
315.303
313.625
313.931
316.516
319.375
327.766
334.594
337.358
335.925
330.422
322.242
317.497
314.625
312.371
312.156
314.115
316.895
320.536
329.609
336.777
339.185
336.777
329.609
320.536
316.895
314.115
312.156
312.371
314.625
317.497
322.242
330.422
335.925
337.358
334.594
327.766
319.375
316.516
313.931
313.625
315.303
317.891
321.237
330.582
337.596
339.926
340.399
338.317
332.072
321.852
315.125
312.729
311.511
311.292
312.603
316.694
326.055
332.514
335.447
334.657
330.192
322.336
313.984
311.504
309.916
309.785
311.183
313.46
320.782
330.62
336.889
339.017
336.889
330.62
320.782
313.46
311.183
309.785
309.916
311.504
313.984
322.336
330.192
334.657
335.447
332.514
326.055
316.694
312.603
311.292
311.511
312.729
315.125
321.852
332.072
338.317
340.399
341.037
339.201
333.718
324.624
314.69
310.802
310.148
309.8
309.932
313.609
323.33
329.962
333.259
333.064
329.361
322.255
312.046
308.533
307.932
307.924
308.641
310.911
321.977
331.341
337.142
339.105
337.142
331.341
321.977
310.911
308.641
307.924
307.932
308.533
312.046
322.255
329.361
333.064
333.259
329.962
323.33
313.609
309.932
309.8
310.148
310.802
314.69
324.624
333.718
339.201
341.037
341.345
339.734
334.977
327.305
317.273
309.623
309.354
309.079
308.867
310.225
319.7
326.744
330.563
330.979
327.933
321.405
311.333
307.132
307.022
307.052
307.184
310.09
322.473
331.627
337.232
339.12
337.232
331.627
322.473
310.09
307.184
307.052
307.022
307.132
311.333
321.405
327.933
330.979
330.563
326.744
319.7
310.225
308.867
309.079
309.354
309.623
317.273
327.305
334.977
339.734
341.345
340.874
339.414
335.15
328.396
319.567
309.335
308.547
308.282
307.98
308.1
314.764
322.753
327.268
328.356
325.986
320.102
310.589
306.361
306.307
306.321
306.381
309.439
322.242
331.463
337.041
338.909
337.041
331.463
322.242
309.439
306.381
306.321
306.307
306.361
310.589
320.102
325.986
328.356
327.268
322.753
314.764
308.1
307.98
308.282
308.547
309.335
319.567
328.396
335.15
339.414
340.874
339.323
337.899
333.812
327.561
319.68
310.229
307.615
307.509
307.315
307.2
309.855
318.234
323.402
325.19
323.554
318.43
309.747
305.574
305.523
305.532
305.593
308.531
321.598
330.941
336.559
338.434
336.559
330.941
321.598
308.531
305.593
305.532
305.523
305.574
309.747
318.43
323.554
325.19
323.402
318.234
309.855
307.2
307.315
307.509
307.615
310.229
319.68
327.561
333.812
337.899
339.323
336.618
335.048
330.637
324.358
317.367
309.911
306.868
306.814
306.557
306.194
306.454
312.983
318.914
321.449
320.61
316.319
308.54
304.711
304.668
304.677
304.733
307.436
320.684
330.146
335.819
337.709
335.819
330.146
320.684
307.436
304.733
304.677
304.668
304.711
308.54
316.319
320.61
321.449
318.914
312.983
306.454
306.194
306.557
306.814
306.868
309.911
317.367
324.358
330.637
335.048
336.618
333.055
331.037
325.329
317.868
311.598
307.543
306.16
306.106
305.892
305.592
305.37
307.912
313.822
317.083
317.116
313.695
306.697
303.781
303.747
303.765
303.817
306.069
319.563
329.141
334.861
336.764
334.861
329.141
319.563
306.069
303.817
303.765
303.747
303.781
306.697
313.695
317.116
317.083
313.822
307.912
305.37
305.592
305.892
306.106
306.16
307.543
311.598
317.868
325.329
331.037
333.055
329.526
326.718
318.005
310.792
308.259
306.977
306.037
305.623
305.301
304.899
304.433
304.281
307.571
311.943
313.079
310.647
304.43
302.763
302.763
302.805
302.862
304.712
318.364
327.993
333.722
335.624
333.722
327.993
318.364
304.712
302.862
302.805
302.763
302.763
304.43
310.647
313.079
311.943
307.571
304.281
304.433
304.899
305.301
305.623
306.037
306.977
308.259
310.792
318.005
326.718
329.526
327.615
324.343
313.609
309.223
308.179
307.135
306.134
305.319
304.778
304.259
303.724
303.148
303.114
306.056
308.608
307.384
302.234
301.601
301.725
301.817
301.887
303.605
317.198
326.744
332.41
334.288
332.41
326.744
317.198
303.605
301.887
301.817
301.725
301.601
302.234
307.384
308.608
306.056
303.114
303.148
303.724
304.259
304.778
305.319
306.134
307.135
308.179
309.223
313.609
324.343
327.615
328.246
325.501
316.963
310.139
308.442
307.411
306.316
305.252
304.219
303.623
303.044
302.463
301.869
301.971
303.918
304.063
300.626
300.481
300.708
300.839
300.919
302.817
316.084
325.377
330.884
332.709
330.884
325.377
316.084
302.817
300.919
300.839
300.708
300.481
300.626
304.063
303.918
301.971
301.869
302.463
303.044
303.623
304.219
305.252
306.316
307.411
308.442
310.139
316.963
325.501
328.246
330.368
328.493
323.103
315.987
311.078
309.322
308.585
306.563
303.518
302.957
302.352
301.779
301.201
300.609
300.534
300.522
299.588
299.571
299.774
299.901
299.979
302.329
314.95
323.796
329.041
330.78
329.041
323.796
314.95
302.329
299.979
299.901
299.774
299.571
299.588
300.522
300.534
300.609
301.201
301.779
302.352
302.957
303.518
306.563
308.585
309.322
311.078
315.987
323.103
328.493
330.368
332.239
330.999
327.624
323.27
319.562
316.985
314.665
311.294
305.735
301.979
301.616
301.088
300.534
299.967
299.388
298.535
298.607
298.753
298.902
299
299.067
301.942
313.595
321.815
326.705
328.329
326.705
321.815
313.595
301.942
299.067
299
298.902
298.753
298.607
298.535
299.388
299.967
300.534
301.088
301.616
301.979
305.735
311.294
314.665
316.985
319.562
323.27
327.624
330.999
332.239
332.588
331.642
329.125
325.917
322.931
320.398
317.797
314.32
309.235
303.12
300.892
300.412
299.867
299.324
298.789
298.257
297.835
297.997
298.071
298.115
298.167
301.101
311.678
319.166
323.635
325.125
323.635
319.166
311.678
301.101
298.167
298.115
298.071
297.997
297.835
298.257
298.789
299.324
299.867
300.412
300.892
303.12
309.235
314.32
317.797
320.398
322.931
325.917
329.125
331.642
332.588
330.83
329.856
327.318
324.34
321.847
319.878
317.803
314.957
310.897
305.383
300.443
299.787
299.186
298.661
298.176
297.741
297.421
297.314
297.256
297.212
297.214
299.226
308.851
315.534
319.544
320.9
319.544
315.534
308.851
299.226
297.214
297.212
297.256
297.314
297.421
297.741
298.176
298.661
299.186
299.787
300.443
305.383
310.897
314.957
317.803
319.878
321.847
324.34
327.318
329.856
330.83
327.018
325.633
321.952
318.276
316.241
315.465
314.582
312.805
310.016
306.245
301.641
298.638
298.417
297.945
297.5
297.097
296.78
296.573
296.414
296.25
296.019
296.771
304.971
310.575
314.108
315.387
314.108
310.575
304.971
296.771
296.019
296.25
296.414
296.573
296.78
297.097
297.5
297.945
298.417
298.638
301.641
306.245
310.016
312.805
314.582
315.465
316.241
318.276
321.952
325.633
327.018
321.977
319.706
312.621
306.701
305.446
307.162
308.255
307.665
306.118
303.946
301.199
297.983
297.58
297.188
296.771
296.354
296.019
295.77
295.564
295.344
295.037
295.12
299.874
303.688
306.926
308.43
306.926
303.688
299.874
295.12
295.037
295.344
295.564
295.77
296.019
296.354
296.771
297.188
297.58
297.983
301.199
303.946
306.118
307.665
308.255
307.162
305.446
306.701
312.621
319.706
321.977
317.478
314.63
305.78
302.908
301.919
300.907
300.184
299.518
298.87
298.253
297.634
296.979
296.505
296.443
296.03
295.518
295.158
294.911
294.716
294.511
294.226
293.795
293.247
293.376
297.48
300.48
297.48
293.376
293.247
293.795
294.226
294.511
294.716
294.911
295.158
295.518
296.03
296.443
296.505
296.979
297.634
298.253
298.87
299.518
300.184
300.907
301.919
302.908
305.78
314.63
317.478
314.677
311.728
302.889
301.927
301.246
300.535
299.93
299.312
298.736
298.162
297.575
296.985
296.456
296.037
295.376
294.519
294.17
293.99
293.866
293.747
293.597
293.403
293.206
293.163
293.286
294.688
293.286
293.163
293.206
293.403
293.597
293.747
293.866
293.99
294.17
294.519
295.376
296.037
296.456
296.985
297.575
298.162
298.736
299.312
299.93
300.535
301.246
301.927
302.889
311.728
314.677
313.772
310.868
302.354
301.625
300.981
300.383
299.874
299.312
298.74
298.165
297.582
297.003
296.446
295.86
294.906
293
293
293
293
293
293
293
293
293
293
293
293
293
293
293
293
293
293
293
293
293
294.906
295.86
296.446
297.003
297.582
298.165
298.74
299.312
299.874
300.383
300.981
301.625
302.354
310.868
313.772
