351.125
347.563
336.274
314.909
313.281
310.539
307.907
303.64
301.798
300.425
299.079
297.733
296.659
295.977
294.984
293
293
293
293
293
293
293
293
293
293
293
293
293
293
293
293
293
293
293
293
293
294.983
295.975
296.654
297.751
299.133
300.521
301.938
303.844
308.095
310.717
313.451
315.074
336.382
347.639
351.191
352.686
349.427
339.313
321.281
313.927
310.452
308.669
304.543
301.899
300.473
299.091
297.686
296.504
296.126
295.474
294.603
294.248
294.058
293.913
293.751
293.516
293.246
293.15
293.137
294.217
297.138
294.222
293.137
293.15
293.245
293.516
293.751
293.913
294.058
294.248
294.603
295.473
296.124
296.501
297.703
299.146
300.57
302.041
304.74
308.853
310.629
314.094
321.426
339.406
349.492
352.743
356.766
354.145
346.269
333.179
321.856
313.699
310.069
307.033
304.032
301.613
299.754
298.006
296.554
296.537
296.171
295.678
295.319
295.058
294.832
294.563
294.056
293.304
293.205
294.812
299.785
303.245
299.793
294.82
293.205
293.303
294.055
294.563
294.832
295.057
295.318
295.678
296.17
296.536
296.553
298.025
299.808
301.706
304.164
307.205
310.243
313.861
321.988
333.274
346.326
354.181
356.795
362.086
360.12
354.439
345.931
337.213
329.658
323.835
318.786
314.074
309.621
305.254
300.664
297.339
297.284
296.981
296.608
296.279
296.01
295.783
295.602
295.6
299.006
303.739
307.336
310.668
312.265
310.673
307.343
303.746
299.019
295.599
295.601
295.782
296.009
296.279
296.607
296.98
297.283
297.338
300.685
305.29
309.672
314.138
318.857
323.901
329.713
337.252
345.952
354.442
360.112
362.074
367.338
365.81
361.435
354.895
347.406
339.886
332.828
326.203
319.858
313.541
306.977
300.332
298.872
298.268
297.848
297.481
297.168
296.906
296.674
296.451
296.503
304.892
311.407
316.126
319.286
320.472
319.291
316.133
311.417
304.902
296.501
296.448
296.672
296.906
297.168
297.481
297.848
298.268
298.872
300.345
306.994
313.553
319.858
326.185
332.79
339.839
347.355
354.842
361.378
365.75
367.277
371.646
370.347
366.594
360.81
353.63
345.651
337.388
329.337
321.616
313.708
304.786
299.605
299.465
299.055
298.649
298.288
297.993
297.763
297.542
297.206
297.609
308.816
316.873
322.472
325.88
327.047
325.885
322.481
316.887
308.832
297.621
297.205
297.542
297.763
297.993
298.288
298.649
299.055
299.465
299.604
304.79
313.69
321.558
329.233
337.236
345.496
353.488
360.683
366.477
370.235
371.535
374.551
373.339
369.786
364.119
356.651
347.702
337.735
328.143
319.559
310.89
301.787
300.922
300.314
299.827
299.394
299.019
298.739
298.597
298.514
298.436
299.976
311.892
320.797
327.01
330.714
331.952
330.719
327.021
320.816
311.92
300.022
298.44
298.515
298.598
298.739
299.019
299.394
299.828
300.315
300.924
301.795
310.857
319.451
327.954
337.423
347.422
356.42
363.924
369.612
373.177
374.392
375.879
374.672
371.091
365.231
357.154
346.77
333.707
321.942
313.587
305.859
302.041
301.551
301.03
300.534
300.067
299.641
299.335
299.362
299.467
299.545
301.649
313.977
323.414
330.057
334.013
335.33
334.018
330.069
323.435
314.011
301.709
299.545
299.468
299.362
299.335
299.642
300.067
300.535
301.03
301.552
302.044
305.809
313.436
321.707
333.082
346.35
356.844
364.98
370.872
374.468
375.679
375.622
374.379
370.676
364.559
355.964
344.517
329.104
315.743
307.782
302.942
302.646
302.198
301.707
301.201
300.686
300.135
299.599
300.035
300.435
300.804
301.952
314.955
324.823
331.791
335.95
337.335
335.956
331.803
324.842
314.981
301.988
300.802
300.437
300.036
299.598
300.137
300.686
301.201
301.708
302.199
302.648
302.944
307.795
315.848
328.357
344.052
355.626
364.281
370.428
374.143
375.39
373.851
372.544
368.677
362.363
353.627
342.229
327.549
312.148
305.166
303.699
303.314
302.874
302.388
301.864
301.349
302.119
301.663
300.985
301.424
301.823
301.992
315.065
325.134
332.335
336.661
338.105
336.666
332.345
325.149
315.082
302.003
301.829
301.429
300.991
301.672
302.12
301.346
301.864
302.388
302.875
303.316
303.703
305.177
312.309
327.127
341.875
353.326
362.09
368.416
372.286
373.594
370.692
369.27
365.126
358.589
349.952
339.224
326.283
311.749
304.647
304.446
304.024
303.586
303.092
302.508
303.793
306.249
305.127
302.446
302.438
302.655
302.714
314.183
324.313
331.755
336.253
337.757
336.258
331.763
324.327
314.199
302.724
302.665
302.446
302.454
305.148
306.253
303.788
302.508
303.092
303.586
304.024
304.445
304.644
311.746
326.097
338.994
349.713
358.338
364.859
368.993
370.413
366.38
364.716
359.968
352.914
344.369
334.431
322.61
309.868
305.308
305.076
304.736
304.342
303.874
303.977
307.734
310.195
308.655
303.303
303.216
303.508
303.591
310.876
322.181
330.117
334.84
336.412
334.844
330.125
322.194
310.897
303.598
303.515
303.222
303.31
308.661
310.196
307.728
303.977
303.874
304.342
304.736
305.076
305.308
309.839
322.52
334.293
344.193
352.689
359.689
364.414
366.072
361.394
359.248
353.115
344.731
336.178
327.522
316.07
308.005
306.211
305.803
305.49
305.16
304.903
307.819
312.606
314.144
312.007
305.773
304.205
304.556
304.832
307.173
319.419
327.691
332.58
334.207
332.582
327.696
319.429
307.195
304.837
304.563
304.212
305.77
312.004
314.141
312.602
307.818
304.902
305.159
305.489
305.802
306.21
308.014
316.055
327.467
336.075
344.536
352.794
358.903
361.046
356.701
353.767
344.514
332.719
324.094
319.872
312.804
309.639
307.41
306.492
306.247
305.938
306.133
312.547
316.726
317.77
315.455
309.732
305.673
305.669
306.02
306.279
316.632
324.647
329.581
331.255
329.582
324.649
316.63
306.288
306.026
305.674
305.678
309.716
315.444
317.762
316.722
312.548
306.133
305.938
306.247
306.494
307.42
309.658
312.824
319.898
324.112
332.589
344.048
353.357
356.308
353.876
350.603
339.978
327.946
322.582
319.71
314.588
311.102
309.657
308.175
307.388
307.95
308.36
315.938
319.981
320.753
318.312
313.019
306.446
306.414
306.544
306.617
312.379
320.683
325.842
327.649
325.842
320.688
312.361
306.623
306.548
306.419
306.45
312.994
318.294
320.742
319.976
315.939
308.365
307.955
307.393
308.187
309.674
311.121
314.609
319.739
322.624
328.068
339.426
350.169
353.471
353.596
350.793
342.203
331.411
323.681
319.931
314.89
313.555
312.942
312.151
311.734
311.888
312.174
318.873
322.506
322.951
320.02
313.984
307.023
306.986
307.111
307.421
308.71
315.864
321.455
323.655
321.45
315.9
308.686
307.421
307.114
306.989
307.026
313.951
319.995
322.936
322.5
318.877
312.188
311.902
311.751
312.169
312.959
313.578
314.908
319.958
323.703
331.319
341.773
350.42
353.241
354.923
352.769
346.692
338.501
330.487
323.468
316.919
316.494
316.294
315.963
315.807
315.686
315.757
320.874
324.218
324.525
320.832
312.523
307.771
307.383
307.483
307.709
307.964
310.662
316.461
320.067
316.405
310.589
307.962
307.709
307.485
307.386
307.78
312.474
320.798
324.507
324.212
320.879
315.77
315.699
315.82
315.975
316.305
316.504
316.925
323.468
330.454
338.386
346.449
352.499
354.65
356.559
354.667
349.296
341.418
332.305
322.81
317.104
316.939
316.676
316.449
316.372
316.478
316.562
320.65
324.967
326.1
322.26
310.719
308.773
307.91
307.771
307.955
308.275
308.757
313.875
319.748
313.959
308.743
308.271
307.954
307.771
307.91
308.765
310.641
322.218
326.08
324.963
320.659
316.574
316.49
316.385
316.461
316.688
316.95
317.115
322.806
332.265
341.322
349.136
354.478
356.361
357.979
356.046
350.405
341.568
330.505
319.733
317.605
317.316
317.029
316.711
316.723
316.987
317.213
319.135
324.9
328.649
327.388
318.559
310.605
308.471
308.298
308.483
308.487
310.301
320.387
327.089
320.859
310.987
308.493
308.483
308.299
308.469
310.556
318.495
327.353
328.634
324.901
319.149
317.225
317
316.735
316.723
317.041
317.327
317.616
319.737
330.48
341.501
350.297
355.914
357.839
359.266
357.132
350.71
339.946
324.812
318.306
317.99
317.672
317.323
316.838
317.176
317.66
318.086
318.645
323.091
332.207
336.085
335.263
333.246
332.53
332.766
333.432
334.491
336.713
340.931
343.366
341.147
337.003
334.603
333.48
332.786
332.533
333.227
335.235
336.067
332.2
323.098
318.658
318.098
317.672
317.188
316.85
317.334
317.682
318
318.316
324.808
339.905
350.638
357.041
359.169
360.822
358.504
351.357
338.695
318.968
318.627
318.333
318.088
321.017
321.788
319.104
318.382
318.57
318.922
320.148
337.002
345.484
349.167
350.687
351.738
352.82
354.01
355.401
357.191
359.265
360.295
359.367
357.331
355.494
354.063
352.848
351.75
350.685
349.158
345.478
337.004
320.162
318.934
318.582
318.396
319.116
321.801
321.028
318.098
318.343
318.637
318.978
338.671
351.31
358.442
360.755
363.014
360.705
353.521
340.511
319.371
318.951
318.775
323.656
329.58
330.608
326.298
320.763
318.844
319.71
329.95
346.181
355.683
361.233
364.597
366.917
368.764
370.387
371.912
373.387
374.644
375.183
374.695
373.461
371.977
370.432
368.793
366.934
364.604
361.235
355.685
346.187
329.962
319.725
318.856
320.767
326.302
330.615
329.589
323.666
318.785
318.961
319.381
340.497
353.489
360.662
362.967
365.824
363.781
357.511
346.466
329.154
319.728
326.193
334.431
339.116
340.764
339.93
338.56
338.849
341.712
348.705
358.118
365.833
371.486
375.551
378.57
380.931
382.86
384.475
385.799
386.74
387.1
386.767
385.843
384.519
382.896
380.958
378.588
375.562
371.493
365.839
358.124
348.713
341.72
338.857
338.564
339.934
340.769
339.121
334.437
326.201
319.737
329.158
346.455
357.488
363.75
365.79
368.719
367.085
362.276
354.693
345.697
340.403
341.399
344.779
347.688
349.403
350.099
350.698
352.311
355.648
361.081
367.75
374.046
379.328
383.549
386.882
389.53
391.648
393.328
394.596
395.415
395.708
395.432
394.624
393.359
391.677
389.554
386.9
383.561
379.338
374.053
367.757
361.087
355.653
352.315
350.701
350.101
349.405
347.69
344.782
341.402
340.404
345.693
354.681
362.257
367.061
368.692
370.881
369.564
365.816
360.331
354.54
350.793
350.223
351.599
353.453
355.06
356.366
357.822
360.049
363.487
368.222
373.757
379.272
384.232
388.433
391.879
394.66
396.874
398.592
399.843
400.617
400.885
400.629
399.863
398.616
396.898
394.681
391.896
388.446
384.242
379.28
373.762
368.227
363.49
360.051
357.823
356.366
355.059
353.452
351.597
350.22
350.789
354.532
360.318
365.799
369.543
370.859
371.676
370.474
367.094
362.274
357.34
354.007
353.099
353.941
355.467
357.017
358.481
360.176
362.576
366.028
370.564
375.782
381.054
385.896
390.072
393.542
396.357
398.596
400.322
401.566
402.326
402.587
402.336
401.583
400.343
398.617
396.376
393.558
390.085
385.905
381.061
375.787
370.566
366.029
362.575
360.174
358.479
357.014
355.463
353.936
353.092
353.998
357.329
362.259
367.077
370.454
371.656
370.877
369.56
365.814
360.329
354.54
350.794
350.224
351.601
353.455
355.061
356.367
357.824
360.05
363.487
368.221
373.754
379.267
384.224
388.419
391.858
394.63
396.831
398.535
399.772
400.536
400.799
400.546
399.79
398.556
396.852
394.648
391.874
388.432
384.233
379.273
373.757
368.222
363.486
360.047
357.819
356.362
355.055
353.448
351.593
350.215
350.783
354.527
360.314
365.796
369.541
370.856
368.71
367.077
362.271
354.69
345.698
340.406
341.403
344.782
347.691
349.406
350.103
350.701
352.314
355.649
361.081
367.746
374.037
379.312
383.523
386.843
389.472
391.564
393.214
394.451
395.245
395.528
395.259
394.474
393.239
391.588
389.491
386.858
383.534
379.32
374.041
367.748
361.079
355.645
352.307
350.693
350.094
349.397
347.681
344.772
341.39
340.392
345.682
354.673
362.251
367.056
368.689
365.809
363.768
357.501
346.463
329.158
319.734
326.198
334.436
339.12
340.769
339.936
338.566
338.854
341.716
348.706
358.113
365.821
371.465
375.517
378.518
380.851
382.741
384.305
385.573
386.466
386.808
386.49
385.608
384.338
382.768
380.871
378.532
375.527
371.472
365.825
358.112
348.701
341.708
338.844
338.554
339.924
340.757
339.108
334.422
326.183
319.717
329.141
346.444
357.48
363.745
365.786
362.99
360.683
353.505
340.505
319.377
318.957
318.781
323.662
329.586
330.614
326.306
320.772
318.851
319.72
329.956
346.178
355.671
361.211
364.561
366.86
368.673
370.244
371.693
373.069
374.239
374.746
374.285
373.128
371.739
370.275
368.693
366.873
364.57
361.217
355.673
346.175
329.948
319.708
318.837
320.754
326.29
330.6
329.572
323.647
318.765
318.94
319.361
340.484
353.482
360.657
362.964
360.785
358.47
351.332
338.682
318.974
318.632
318.339
318.094
321.023
321.795
319.111
318.39
318.577
318.929
320.157
337
345.473
349.146
350.656
351.69
352.738
353.868
355.152
356.772
358.674
359.654
358.776
356.88
355.215
353.899
352.752
351.698
350.663
349.153
345.475
336.996
320.145
318.915
318.563
318.376
319.097
321.782
321.008
318.078
318.323
318.616
318.958
338.659
351.304
358.44
360.754
359.21
357.079
350.67
339.924
324.811
318.312
317.996
317.678
317.33
316.846
317.184
317.667
318.093
318.653
323.096
332.203
336.074
335.245
333.226
332.505
332.721
333.339
334.277
336.192
340.032
342.421
340.283
336.402
334.344
333.353
332.72
332.502
333.232
335.255
336.079
332.201
323.086
318.639
318.079
317.653
317.168
316.83
317.314
317.662
317.98
318.296
324.791
339.896
350.636
357.043
359.173
357.896
355.968
350.344
341.533
330.493
319.735
317.611
317.323
317.036
316.718
316.73
316.995
317.221
319.143
324.902
328.644
327.377
318.54
310.598
308.486
308.316
308.508
308.519
309.799
318.863
325.716
319.543
310.174
308.471
308.468
308.285
308.459
310.606
318.562
327.385
328.645
324.896
319.133
317.206
316.98
316.715
316.703
317.02
317.307
317.595
319.715
330.466
341.497
350.302
355.924
357.851
356.438
354.553
349.205
341.37
332.289
322.809
317.109
316.945
316.683
316.456
316.38
316.485
316.569
320.656
324.968
326.095
322.248
310.698
308.785
307.927
307.789
307.982
308.315
308.835
311.322
318.046
312.548
308.749
308.261
307.941
307.759
307.899
308.761
310.718
322.255
326.095
324.963
320.647
316.554
316.47
316.364
316.441
316.667
316.929
317.094
322.787
332.257
341.325
349.151
354.499
356.384
354.75
352.602
346.554
338.452
330.483
323.477
316.921
316.5
316.301
315.97
315.815
315.693
315.765
320.878
324.217
324.519
320.821
312.509
307.791
307.399
307.502
307.731
307.99
309.719
314.458
318.597
315.243
310.15
307.948
307.695
307.471
307.371
307.762
312.51
320.823
324.519
324.213
320.869
315.751
315.68
315.8
315.955
316.285
316.482
316.9
323.454
330.448
338.394
346.479
352.536
354.688
353.359
350.55
341.955
331.404
323.722
319.966
314.907
313.576
312.955
312.162
311.744
311.897
312.183
318.876
322.504
322.944
320.008
313.971
307.037
307
307.127
307.438
308.67
315.085
320.337
322.64
320.649
315.422
308.639
307.407
307.101
306.976
307.013
313.968
320.01
322.944
322.5
318.868
312.17
311.884
311.731
312.148
312.942
313.567
314.89
319.948
323.697
331.326
341.835
350.477
353.296
353.585
350.285
339.558
328.076
322.635
319.746
314.61
311.118
309.668
308.183
307.394
307.956
308.366
315.94
319.978
320.745
318.298
313
306.457
306.425
306.555
306.628
312.254
320.208
325.167
326.976
325.291
320.339
312.257
306.609
306.536
306.406
306.438
313.005
318.303
320.747
319.976
315.934
308.356
307.946
307.383
308.171
309.654
311.103
314.594
319.729
322.622
328.042
339.503
350.24
353.542
356.412
353.447
344.075
332.574
324.123
319.906
312.823
309.653
307.418
306.497
306.251
305.942
306.137
312.549
316.723
317.761
315.438
309.7
305.68
305.677
306.026
306.277
316.485
324.326
329.147
330.806
329.199
324.387
316.509
306.275
306.014
305.663
305.667
309.727
315.45
317.765
316.721
312.543
306.129
305.934
306.244
306.489
307.406
309.636
312.807
319.889
324.114
332.606
344.122
353.439
356.392
361.168
359.017
352.885
344.611
336.15
327.528
316.082
308.014
306.215
305.807
305.493
305.164
304.906
307.821
312.603
314.137
311.993
305.746
304.208
304.565
304.844
307.138
319.292
327.465
332.288
333.902
332.313
327.5
319.322
307.176
304.826
304.552
304.204
305.775
312.007
314.142
312.602
307.815
304.899
305.157
305.486
305.8
306.208
308.002
316.064
327.508
336.135
344.609
352.887
359.003
361.148
366.226
364.567
359.838
352.838
344.344
334.434
322.619
309.867
305.312
305.08
304.74
304.346
303.878
303.98
307.732
310.192
308.652
303.312
303.227
303.516
303.6
310.832
322.078
329.955
334.638
336.2
334.652
329.977
322.104
310.866
303.588
303.505
303.212
303.301
308.658
310.196
307.73
303.974
303.871
304.339
304.733
305.073
305.305
309.86
322.598
334.406
344.314
352.811
359.812
364.537
366.195
370.603
369.186
365.061
358.558
349.955
339.246
326.3
311.746
304.649
304.449
304.027
303.59
303.096
302.512
303.793
306.247
305.123
302.454
302.446
302.661
302.719
314.146
324.235
331.638
336.11
337.606
336.119
331.652
324.251
314.162
302.716
302.656
302.437
302.445
305.144
306.252
303.789
302.504
303.089
303.583
304.02
304.442
304.643
311.751
326.278
339.202
349.904
358.509
365.014
369.14
370.557
373.814
372.513
368.664
362.377
353.672
342.295
327.59
312.145
305.162
303.702
303.317
302.878
302.391
301.868
301.352
302.118
301.663
300.988
301.431
301.832
301.998
315.04
325.078
332.252
336.559
337.997
336.564
332.261
325.088
315.047
301.994
301.821
301.421
300.986
301.669
302.12
301.344
301.861
302.384
302.871
303.311
303.696
305.159
312.153
327.562
342.22
353.593
362.304
368.597
372.45
373.752
375.626
374.389
370.704
364.614
356.062
344.673
329.348
315.554
307.737
302.944
302.65
302.201
301.711
301.205
300.69
300.139
299.609
300.044
300.445
300.816
301.962
314.939
324.784
331.732
335.877
337.257
335.881
331.738
324.792
314.947
301.971
300.794
300.429
300.029
299.591
300.132
300.683
301.198
301.704
302.194
302.643
302.939
307.779
315.691
329.144
344.523
355.945
364.518
370.62
374.312
375.551
375.914
374.712
371.147
365.315
357.286
346.989
334.125
322.043
313.582
305.855
302.045
301.555
301.034
300.538
300.071
299.646
299.342
299.369
299.475
299.553
301.665
313.97
323.388
330.016
333.961
335.274
333.964
330.02
323.394
313.98
301.683
299.538
299.462
299.356
299.329
299.637
300.063
300.531
301.026
301.547
302.038
305.858
313.578
321.925
333.754
346.782
357.144
365.204
371.052
374.625
375.83
374.606
373.398
369.858
364.214
356.779
347.873
337.944
328.256
319.605
310.91
301.791
300.926
300.318
299.832
299.398
299.023
298.745
298.603
298.52
298.443
299.992
311.89
320.781
326.982
330.678
331.913
330.679
326.985
320.785
311.895
300
298.434
298.51
298.593
298.735
299.015
299.39
299.824
300.311
300.919
301.79
310.895
319.559
328.144
337.75
347.708
356.645
364.102
369.76
373.307
374.517
371.713
370.417
366.673
360.903
353.741
345.781
337.522
329.434
321.673
313.739
304.797
299.609
299.469
299.059
298.653
298.293
297.997
297.767
297.546
297.209
297.616
308.815
316.863
322.454
325.856
327.02
325.857
322.455
316.864
308.816
297.614
297.203
297.538
297.759
297.989
298.285
298.646
299.052
299.461
299.601
304.789
313.712
321.619
329.342
337.396
345.655
353.627
360.8
366.578
370.327
371.624
367.41
365.884
361.514
354.983
347.503
339.989
332.928
326.283
319.915
313.577
306.996
300.338
298.875
298.271
297.851
297.485
297.171
296.91
296.677
296.454
296.506
304.893
311.402
316.115
319.272
320.454
319.272
316.115
311.402
304.891
296.499
296.446
296.67
296.903
297.165
297.478
297.845
298.265
298.869
300.339
306.982
313.546
319.864
326.209
332.835
339.891
347.407
354.891
361.426
365.798
367.325
362.16
360.195
354.517
346.013
337.297
329.743
323.917
318.856
314.127
309.657
305.275
300.673
297.342
297.287
296.984
296.611
296.282
296.012
295.785
295.605
295.602
299.011
303.738
307.332
310.661
312.254
310.661
307.332
303.737
299.01
295.597
295.599
295.78
296.007
296.277
296.605
296.978
297.282
297.336
300.67
305.259
309.627
314.082
318.795
323.845
329.666
337.218
345.933
354.436
360.115
362.079
356.84
354.22
346.345
333.254
321.93
313.771
310.139
307.098
304.082
301.647
299.775
298.015
296.557
296.539
296.173
295.68
295.321
295.059
294.834
294.565
294.056
293.304
293.205
294.815
299.786
303.241
299.786
294.816
293.205
293.303
294.055
294.562
294.831
295.056
295.317
295.676
296.169
296.535
296.552
298.007
299.757
301.619
304.042
307.046
310.082
313.712
321.866
333.186
346.271
354.145
356.764
352.76
349.501
339.386
321.353
313.998
310.522
308.739
304.611
301.947
300.508
299.112
297.694
296.506
296.128
295.476
294.604
294.249
294.059
293.914
293.752
293.517
293.246
293.15
293.137
294.219
297.136
294.219
293.137
293.15
293.245
293.516
293.751
293.913
294.057
294.247
294.602
295.473
296.124
296.502
297.686
299.094
300.48
301.909
304.558
308.683
310.465
313.939
321.291
339.318
349.429
352.687
351.199
347.637
336.347
314.98
313.352
310.609
307.977
303.708
301.846
300.459
299.099
297.742
296.661
295.979
294.986
293
293
293
293
293
293
293
293
293
293
293
293
293
293
293
293
293
293
293
293
293
294.983
295.975
296.657
297.734
299.082
300.431
301.807
303.655
307.921
310.552
313.294
314.921
336.281
347.567
351.127
