314.132
311.63
304.424
302.545
302.148
301.683
301.191
300.475
299.676
298.864
298.052
297.248
296.498
295.869
294.905
293
293
293
293
293
293
293
293
293
293
293
293
293
293
293
293
293
293
293
293
293
294.905
295.869
296.498
297.248
298.052
298.864
299.676
300.475
301.191
301.683
302.148
302.545
304.424
311.63
314.132
314.633
312.069
304.674
302.887
302.417
301.865
301.296
300.511
299.675
298.859
298.041
297.214
296.433
296.029
295.37
294.514
294.165
293.986
293.864
293.748
293.602
293.407
293.208
293.159
293.252
294.093
293.252
293.159
293.208
293.407
293.602
293.748
293.864
293.986
294.165
294.514
295.37
296.029
296.433
297.214
298.041
298.859
299.675
300.511
301.296
301.865
302.417
302.887
304.674
312.069
314.633
316.264
313.57
305.706
303.965
303.144
302.329
301.645
300.915
300.008
299.073
298.166
297.166
296.509
296.433
296.02
295.508
295.148
294.903
294.711
294.513
294.239
293.808
293.254
293.339
297.14
299.81
297.14
293.339
293.254
293.808
294.239
294.513
294.711
294.903
295.148
295.508
296.02
296.433
296.509
297.166
298.166
299.073
300.008
300.915
301.645
302.329
303.144
303.965
305.706
313.57
316.264
319.282
316.677
308.887
305.821
304.628
305.957
307.705
307.854
306.473
304.216
301.246
297.98
297.514
297.163
296.755
296.338
296.002
295.754
295.552
295.343
295.075
295.123
298.716
303.037
306.351
307.809
306.351
303.037
298.716
295.123
295.075
295.343
295.552
295.754
296.002
296.338
296.755
297.163
297.514
297.98
301.246
304.216
306.473
307.854
307.705
305.957
304.628
305.821
308.887
316.677
319.282
323.509
321.526
315.601
311.148
311.441
313.036
313.46
312.361
309.83
306.11
301.482
298.705
298.434
297.938
297.486
297.076
296.757
296.547
296.386
296.219
295.979
296.37
303.754
309.744
313.42
314.722
313.42
309.744
303.754
296.37
295.979
296.219
296.386
296.547
296.757
297.076
297.486
297.938
298.434
298.705
301.482
306.11
309.83
312.361
313.46
313.036
311.441
311.148
315.601
321.526
323.509
327.704
326.471
323.274
320.255
318.793
318.017
316.74
314.302
310.374
304.941
300.388
299.741
299.179
298.656
298.163
297.711
297.39
297.28
297.215
297.155
297.115
298.399
307.938
314.764
318.861
320.241
318.861
314.764
307.938
298.399
297.115
297.155
297.215
297.28
297.39
297.711
298.163
298.656
299.179
299.741
300.388
304.941
310.374
314.302
316.74
318.017
318.793
320.255
323.274
326.471
327.704
330.366
329.382
326.836
323.892
321.486
319.498
317.183
313.731
308.438
302.723
300.89
300.415
299.873
299.331
298.786
298.208
297.814
297.955
298.026
298.06
298.103
300.328
310.969
318.513
323.019
324.521
323.019
318.513
310.969
300.328
298.103
298.06
298.026
297.955
297.814
298.208
298.786
299.331
299.873
300.415
300.89
302.723
308.438
313.731
317.183
319.498
321.486
323.892
326.836
329.382
330.366
330.995
329.856
326.797
322.991
319.762
317.307
314.761
311.003
305.273
302.076
301.668
301.115
300.557
299.996
299.442
298.544
298.557
298.727
298.861
298.945
299.008
301.54
313.11
321.301
326.182
327.803
326.182
321.301
313.11
301.54
299.008
298.945
298.861
298.727
298.557
298.544
299.442
299.996
300.557
301.115
301.668
302.076
305.273
311.003
314.761
317.307
319.762
322.991
326.797
329.856
330.995
329.9
328.25
323.506
317.537
313.302
311.228
309.559
306.682
303.537
302.98
302.384
301.809
301.231
300.643
300.325
299.881
299.563
299.577
299.733
299.84
299.912
302.222
314.644
323.399
328.603
330.33
328.603
323.399
314.644
302.222
299.912
299.84
299.733
299.577
299.563
299.881
300.325
300.643
301.231
301.809
302.384
302.98
303.537
306.682
309.559
311.228
313.302
317.537
323.506
328.25
329.9
328.108
325.739
318.503
312.435
310.098
308.549
307.063
305.263
304.127
303.619
303.066
302.494
301.903
301.813
303.459
303.341
300.541
300.462
300.641
300.757
300.833
302.819
315.866
325.049
330.501
332.309
330.501
325.049
315.866
302.819
300.833
300.757
300.641
300.462
300.541
303.341
303.459
301.813
301.903
302.494
303.066
303.619
304.127
305.263
307.063
308.549
310.098
312.435
318.503
325.739
328.108
327.052
324.167
315.167
311.021
309.486
308.13
306.803
305.377
304.808
304.29
303.756
303.187
303.019
305.627
307.978
306.617
301.74
301.449
301.601
301.701
301.773
303.55
316.975
326.43
332.043
333.905
332.043
326.43
316.975
303.55
301.773
301.701
301.601
301.449
301.74
306.617
307.978
305.627
303.019
303.187
303.756
304.29
304.808
305.377
306.803
308.13
309.486
311.021
315.167
324.167
327.052
327.766
324.964
316.327
311.579
309.605
307.969
306.635
305.702
305.39
304.964
304.467
304.209
306.948
311.165
312.239
309.721
303.444
302.553
302.6
302.66
302.722
304.516
318.085
327.652
333.337
335.223
333.337
327.652
318.085
304.516
302.722
302.66
302.6
302.553
303.444
309.721
312.239
311.165
306.948
304.209
304.467
304.964
305.39
305.702
306.635
307.969
309.605
311.579
316.327
324.964
327.766
330.085
327.846
321.112
314.619
310.6
308.023
306.623
306.32
306.074
305.698
305.394
307.069
312.544
316.019
316.09
312.622
305.455
303.597
303.576
303.603
303.657
305.747
319.228
328.755
334.43
336.315
334.43
328.755
319.228
305.747
303.657
303.603
303.576
303.597
305.455
312.622
316.09
316.019
312.544
307.069
305.394
305.698
306.074
306.32
306.623
308.023
310.6
314.619
321.112
327.846
330.085
332.884
331.273
326.801
321.12
315.372
309.571
307.272
307.181
306.877
306.501
306.775
311.898
317.725
320.277
319.479
315.227
307.4
304.531
304.492
304.506
304.559
307.189
320.353
329.712
335.311
337.176
335.311
329.712
320.353
307.189
304.559
304.506
304.492
304.531
307.4
315.227
319.479
320.277
317.725
311.898
306.775
306.501
306.877
307.181
307.272
309.571
315.372
321.12
326.801
331.273
332.884
334.906
333.562
329.783
324.305
317.76
310.4
308.175
308.058
307.739
307.639
310.104
317.398
322.193
323.885
322.324
317.407
309.044
305.392
305.342
305.359
305.417
308.633
321.309
330.428
335.928
337.767
335.928
330.428
321.309
308.633
305.417
305.359
305.342
305.392
309.044
317.407
322.324
323.885
322.193
317.398
310.104
307.639
307.739
308.058
308.175
310.4
317.76
324.305
329.783
333.562
334.906
335.614
334.287
330.463
324.558
317.023
310.121
309.212
308.928
308.594
308.774
314.575
321.673
325.764
326.747
324.523
319.036
310.259
306.27
306.188
306.198
306.297
309.695
321.841
330.763
336.206
338.036
336.206
330.763
321.841
309.695
306.297
306.198
306.188
306.27
310.259
319.036
324.523
326.747
325.764
321.673
314.575
308.774
308.594
308.928
309.212
310.121
317.023
324.558
330.463
334.287
335.614
334.977
333.51
329.223
322.445
314.25
310.468
310.153
309.827
309.688
310.551
318.625
324.958
328.442
328.817
325.985
319.958
310.927
307.422
307.184
307.199
307.493
310.283
321.632
330.577
336.099
337.963
336.099
330.577
321.632
310.283
307.493
307.199
307.184
307.422
310.927
319.958
325.985
328.817
328.442
324.958
318.625
310.551
309.688
309.827
310.153
310.468
314.25
322.445
329.223
333.51
334.977
333.273
331.554
326.473
318.291
311.959
311.05
310.775
310.583
310.628
312.216
320.932
327.092
330.227
330.096
326.641
319.955
311.687
309.397
308.662
308.661
309.433
311.255
320.35
329.813
335.65
337.618
335.65
329.813
320.35
311.255
309.433
308.661
308.662
309.397
311.687
319.955
326.641
330.096
330.227
327.092
320.932
312.216
310.628
310.583
310.775
311.05
311.959
318.291
326.473
331.554
333.273
331.006
328.959
322.869
314.61
312.047
311.589
311.306
311.238
311.447
312.958
321.829
328.251
331.28
330.697
326.53
319.196
313.595
311.719
310.38
310.281
311.481
313.202
318.849
328.7
335.069
337.208
335.069
328.7
318.849
313.202
311.481
310.281
310.38
311.719
313.595
319.196
326.53
330.697
331.28
328.251
321.829
312.958
311.447
311.238
311.306
311.589
312.047
314.61
322.869
328.959
331.006
328.834
326.406
319.086
313.349
312.602
312.143
311.828
311.891
312.348
313.352
321.48
328.802
331.944
330.882
325.728
319.095
316.463
314.38
312.684
312.44
314.018
316.166
319.068
327.643
334.719
337.076
334.719
327.643
319.068
316.166
314.018
312.44
312.684
314.38
316.463
319.095
325.728
330.882
331.944
328.802
321.48
313.352
312.348
311.891
311.828
312.143
312.602
313.349
319.086
326.406
328.834
327.517
324.77
316.512
313.774
313.224
312.725
312.377
312.612
313.41
314.653
320.943
329.536
332.813
331.164
324.835
320.794
319.145
317.177
315.176
314.964
317.048
319.298
321.47
327.357
335.097
337.658
335.097
327.357
321.47
319.298
317.048
314.964
315.176
317.177
319.145
320.794
324.835
331.164
332.813
329.536
320.943
314.653
313.41
312.612
312.377
312.725
313.224
313.774
316.512
324.77
327.517
327.696
324.825
316.367
314.721
313.986
313.435
313.18
313.621
314.824
317.085
322.766
331.639
334.607
332.237
324.886
322.925
321.579
320.606
320.949
321.385
321.589
322.906
325.074
328.74
336.723
339.361
336.723
328.74
325.074
322.906
321.589
321.385
320.949
320.606
321.579
322.925
324.886
332.237
334.607
331.639
322.766
317.085
314.824
313.621
313.18
313.435
313.986
314.721
316.367
324.825
327.696
329.617
326.984
319.176
316.315
315.265
315.853
317.381
318.317
318.949
322.153
328.947
335.757
337.737
334.908
327.414
325.057
324.45
326.64
329.521
330.33
328.974
327.647
328.79
332.641
339.941
342.341
339.941
332.641
328.79
327.647
328.974
330.33
329.521
326.64
324.45
325.057
327.414
334.908
337.737
335.757
328.947
322.153
318.949
318.317
317.381
315.853
315.265
316.315
319.176
326.984
329.617
332.804
330.906
325.282
321.115
321.668
324.317
326.739
328.491
330.238
333.108
337.229
340.767
341.677
339.292
333.465
329.606
331.276
334.716
337.08
337.936
337.369
335.79
335.545
339.382
344.416
346.122
344.416
339.382
335.545
335.79
337.369
337.936
337.08
334.716
331.276
329.606
333.465
339.292
341.677
340.767
337.229
333.108
330.238
328.491
326.739
324.317
321.668
321.115
325.282
330.906
332.804
335.786
334.693
331.962
329.794
329.698
331.073
332.907
334.793
336.865
339.412
342.239
344.407
344.911
343.435
340.569
338.603
338.99
340.633
342.15
342.966
343.06
342.894
343.541
345.752
348.306
349.315
348.306
345.752
343.541
342.894
343.06
342.966
342.15
340.633
338.99
338.603
340.569
343.435
344.911
344.407
342.239
339.412
336.865
334.793
332.907
331.073
329.698
329.794
331.962
334.693
335.786
336.952
336.119
334.139
332.512
332.32
333.373
335.023
336.907
339.019
341.438
343.907
345.712
346.125
344.968
342.876
341.399
341.513
342.675
343.923
344.716
345.01
345.206
346.026
347.818
349.739
350.527
349.739
347.818
346.026
345.206
345.01
344.716
343.923
342.675
341.513
341.399
342.876
344.968
346.125
345.712
343.907
341.438
339.019
336.907
335.023
333.373
332.32
332.512
334.139
336.119
336.952
335.786
334.693
331.962
329.794
329.698
331.073
332.907
334.793
336.865
339.412
342.239
344.407
344.911
343.435
340.569
338.603
338.99
340.633
342.15
342.966
343.06
342.894
343.541
345.752
348.306
349.315
348.306
345.752
343.541
342.894
343.06
342.966
342.15
340.633
338.99
338.603
340.569
343.435
344.911
344.407
342.239
339.412
336.865
334.793
332.907
331.073
329.698
329.794
331.962
334.693
335.786
332.804
330.906
325.282
321.115
321.668
324.317
326.739
328.491
330.238
333.108
337.229
340.767
341.677
339.292
333.465
329.606
331.276
334.716
337.08
337.936
337.369
335.79
335.545
339.382
344.416
346.122
344.416
339.382
335.545
335.79
337.369
337.936
337.08
334.716
331.276
329.606
333.465
339.292
341.677
340.767
337.229
333.108
330.238
328.491
326.739
324.317
321.668
321.115
325.282
330.906
332.804
329.617
326.984
319.176
316.315
315.265
315.853
317.381
318.317
318.949
322.153
328.947
335.757
337.737
334.908
327.414
325.057
324.45
326.64
329.521
330.33
328.974
327.647
328.79
332.641
339.941
342.341
339.941
332.641
328.79
327.647
328.974
330.33
329.521
326.64
324.45
325.057
327.414
334.908
337.737
335.757
328.947
322.153
318.949
318.317
317.381
315.853
315.265
316.315
319.176
326.984
329.617
327.696
324.825
316.367
314.721
313.986
313.435
313.18
313.621
314.824
317.085
322.766
331.639
334.607
332.237
324.886
322.925
321.579
320.606
320.949
321.385
321.589
322.906
325.074
328.74
336.723
339.361
336.723
328.74
325.074
322.906
321.589
321.385
320.949
320.606
321.579
322.925
324.886
332.237
334.607
331.639
322.766
317.085
314.824
313.621
313.18
313.435
313.986
314.721
316.367
324.825
327.696
327.517
324.77
316.512
313.774
313.224
312.725
312.377
312.612
313.41
314.653
320.943
329.536
332.813
331.164
324.835
320.794
319.145
317.177
315.176
314.964
317.048
319.298
321.47
327.357
335.097
337.658
335.097
327.357
321.47
319.298
317.048
314.964
315.176
317.177
319.145
320.794
324.835
331.164
332.813
329.536
320.943
314.653
313.41
312.612
312.377
312.725
313.224
313.774
316.512
324.77
327.517
328.834
326.406
319.086
313.349
312.602
312.143
311.828
311.891
312.348
313.352
321.48
328.802
331.944
330.882
325.728
319.095
316.463
314.38
312.684
312.44
314.018
316.166
319.068
327.643
334.719
337.076
334.719
327.643
319.068
316.166
314.018
312.44
312.684
314.38
316.463
319.095
325.728
330.882
331.944
328.802
321.48
313.352
312.348
311.891
311.828
312.143
312.602
313.349
319.086
326.406
328.834
331.006
328.959
322.869
314.61
312.047
311.589
311.306
311.238
311.447
312.958
321.829
328.251
331.28
330.697
326.53
319.196
313.595
311.719
310.38
310.281
311.481
313.202
318.849
328.7
335.069
337.208
335.069
328.7
318.849
313.202
311.481
310.281
310.38
311.719
313.595
319.196
326.53
330.697
331.28
328.251
321.829
312.958
311.447
311.238
311.306
311.589
312.047
314.61
322.869
328.959
331.006
333.273
331.554
326.473
318.291
311.959
311.05
310.775
310.583
310.628
312.216
320.932
327.092
330.227
330.096
326.641
319.955
311.687
309.397
308.662
308.661
309.433
311.255
320.35
329.813
335.65
337.618
335.65
329.813
320.35
311.255
309.433
308.661
308.662
309.397
311.687
319.955
326.641
330.096
330.227
327.092
320.932
312.216
310.628
310.583
310.775
311.05
311.959
318.291
326.473
331.554
333.273
334.977
333.51
329.223
322.445
314.25
310.468
310.153
309.827
309.688
310.551
318.625
324.958
328.442
328.817
325.985
319.958
310.927
307.422
307.184
307.199
307.493
310.283
321.632
330.577
336.099
337.963
336.099
330.577
321.632
310.283
307.493
307.199
307.184
307.422
310.927
319.958
325.985
328.817
328.442
324.958
318.625
310.551
309.688
309.827
310.153
310.468
314.25
322.445
329.223
333.51
334.977
335.614
334.287
330.463
324.558
317.023
310.121
309.212
308.928
308.594
308.774
314.575
321.673
325.764
326.747
324.523
319.036
310.259
306.27
306.188
306.198
306.297
309.695
321.841
330.763
336.206
338.036
336.206
330.763
321.841
309.695
306.297
306.198
306.188
306.27
310.259
319.036
324.523
326.747
325.764
321.673
314.575
308.774
308.594
308.928
309.212
310.121
317.023
324.558
330.463
334.287
335.614
334.906
333.562
329.783
324.305
317.76
310.4
308.175
308.058
307.739
307.639
310.104
317.398
322.193
323.885
322.324
317.407
309.044
305.392
305.342
305.359
305.417
308.633
321.309
330.428
335.928
337.767
335.928
330.428
321.309
308.633
305.417
305.359
305.342
305.392
309.044
317.407
322.324
323.885
322.193
317.398
310.104
307.639
307.739
308.058
308.175
310.4
317.76
324.305
329.783
333.562
334.906
332.884
331.273
326.801
321.12
315.372
309.571
307.272
307.181
306.877
306.501
306.775
311.898
317.725
320.277
319.479
315.227
307.4
304.531
304.492
304.506
304.559
307.189
320.353
329.712
335.311
337.176
335.311
329.712
320.353
307.189
304.559
304.506
304.492
304.531
307.4
315.227
319.479
320.277
317.725
311.898
306.775
306.501
306.877
307.181
307.272
309.571
315.372
321.12
326.801
331.273
332.884
330.085
327.846
321.112
314.619
310.6
308.023
306.623
306.32
306.074
305.698
305.394
307.069
312.544
316.019
316.09
312.622
305.455
303.597
303.576
303.603
303.657
305.747
319.228
328.755
334.43
336.315
334.43
328.755
319.228
305.747
303.657
303.603
303.576
303.597
305.455
312.622
316.09
316.019
312.544
307.069
305.394
305.698
306.074
306.32
306.623
308.023
310.6
314.619
321.112
327.846
330.085
327.766
324.964
316.327
311.579
309.605
307.969
306.635
305.702
305.39
304.964
304.467
304.209
306.948
311.165
312.239
309.721
303.444
302.553
302.6
302.66
302.722
304.516
318.085
327.652
333.337
335.223
333.337
327.652
318.085
304.516
302.722
302.66
302.6
302.553
303.444
309.721
312.239
311.165
306.948
304.209
304.467
304.964
305.39
305.702
306.635
307.969
309.605
311.579
316.327
324.964
327.766
327.052
324.167
315.167
311.021
309.486
308.13
306.803
305.377
304.808
304.29
303.756
303.187
303.019
305.627
307.978
306.617
301.74
301.449
301.601
301.701
301.773
303.55
316.975
326.43
332.043
333.905
332.043
326.43
316.975
303.55
301.773
301.701
301.601
301.449
301.74
306.617
307.978
305.627
303.019
303.187
303.756
304.29
304.808
305.377
306.803
308.13
309.486
311.021
315.167
324.167
327.052
328.108
325.739
318.503
312.435
310.098
308.549
307.063
305.263
304.127
303.619
303.066
302.494
301.903
301.813
303.459
303.341
300.541
300.462
300.641
300.757
300.833
302.819
315.866
325.049
330.501
332.309
330.501
325.049
315.866
302.819
300.833
300.757
300.641
300.462
300.541
303.341
303.459
301.813
301.903
302.494
303.066
303.619
304.127
305.263
307.063
308.549
310.098
312.435
318.503
325.739
328.108
329.9
328.25
323.506
317.537
313.302
311.228
309.559
306.682
303.537
302.98
302.384
301.809
301.231
300.643
300.325
299.881
299.563
299.577
299.733
299.84
299.912
302.222
314.644
323.399
328.603
330.33
328.603
323.399
314.644
302.222
299.912
299.84
299.733
299.577
299.563
299.881
300.325
300.643
301.231
301.809
302.384
302.98
303.537
306.682
309.559
311.228
313.302
317.537
323.506
328.25
329.9
330.995
329.856
326.797
322.991
319.762
317.307
314.761
311.003
305.273
302.076
301.668
301.115
300.557
299.996
299.442
298.544
298.557
298.727
298.861
298.945
299.008
301.54
313.11
321.301
326.182
327.803
326.182
321.301
313.11
301.54
299.008
298.945
298.861
298.727
298.557
298.544
299.442
299.996
300.557
301.115
301.668
302.076
305.273
311.003
314.761
317.307
319.762
322.991
326.797
329.856
330.995
330.366
329.382
326.836
323.892
321.486
319.498
317.183
313.731
308.438
302.723
300.89
300.415
299.873
299.331
298.786
298.208
297.814
297.955
298.026
298.06
298.103
300.328
310.969
318.513
323.019
324.521
323.019
318.513
310.969
300.328
298.103
298.06
298.026
297.955
297.814
298.208
298.786
299.331
299.873
300.415
300.89
302.723
308.438
313.731
317.183
319.498
321.486
323.892
326.836
329.382
330.366
327.704
326.471
323.274
320.255
318.793
318.017
316.74
314.302
310.374
304.941
300.388
299.741
299.179
298.656
298.163
297.711
297.39
297.28
297.215
297.155
297.115
298.399
307.938
314.764
318.861
320.241
318.861
314.764
307.938
298.399
297.115
297.155
297.215
297.28
297.39
297.711
298.163
298.656
299.179
299.741
300.388
304.941
310.374
314.302
316.74
318.017
318.793
320.255
323.274
326.471
327.704
323.509
321.526
315.601
311.148
311.441
313.036
313.46
312.361
309.83
306.11
301.482
298.705
298.434
297.938
297.486
297.076
296.757
296.547
296.386
296.219
295.979
296.37
303.754
309.744
313.42
314.722
313.42
309.744
303.754
296.37
295.979
296.219
296.386
296.547
296.757
297.076
297.486
297.938
298.434
298.705
301.482
306.11
309.83
312.361
313.46
313.036
311.441
311.148
315.601
321.526
323.509
319.282
316.677
308.887
305.821
304.628
305.957
307.705
307.854
306.473
304.216
301.246
297.98
297.514
297.163
296.755
296.338
296.002
295.754
295.552
295.343
295.075
295.123
298.716
303.037
306.351
307.809
306.351
303.037
298.716
295.123
295.075
295.343
295.552
295.754
296.002
296.338
296.755
297.163
297.514
297.98
301.246
304.216
306.473
307.854
307.705
305.957
304.628
305.821
308.887
316.677
319.282
316.264
313.57
305.706
303.965
303.144
302.329
301.645
300.915
300.008
299.073
298.166
297.166
296.509
296.433
296.02
295.508
295.148
294.903
294.711
294.513
294.239
293.808
293.254
293.339
297.14
299.81
297.14
293.339
293.254
293.808
294.239
294.513
294.711
294.903
295.148
295.508
296.02
296.433
296.509
297.166
298.166
299.073
300.008
300.915
301.645
302.329
303.144
303.965
305.706
313.57
316.264
314.633
312.069
304.674
302.887
302.417
301.865
301.296
300.511
299.675
298.859
298.041
297.214
296.433
296.029
295.37
294.514
294.165
293.986
293.864
293.748
293.602
293.407
293.208
293.159
293.252
294.093
293.252
293.159
293.208
293.407
293.602
293.748
293.864
293.986
294.165
294.514
295.37
296.029
296.433
297.214
298.041
298.859
299.675
300.511
301.296
301.865
302.417
302.887
304.674
312.069
314.633
314.132
311.63
304.424
302.545
302.148
301.683
301.191
300.475
299.676
298.864
298.052
297.248
296.498
295.869
294.905
293
293
293
293
293
293
293
293
293
293
293
293
293
293
293
293
293
293
293
293
293
294.905
295.869
296.498
297.248
298.052
298.864
299.676
300.475
301.191
301.683
302.148
302.545
304.424
311.63
314.132
