320.949
318.417
310.948
305.495
303.476
301.934
300.868
300.166
299.411
298.657
297.907
297.165
296.463
295.848
294.894
293
293
293
293
293
293
293
293
293
293
293
293
293
293
293
293
293
293
293
293
293
294.894
295.848
296.463
297.165
297.907
298.657
299.411
300.166
300.868
301.934
303.476
305.495
310.948
318.417
320.949
321.481
318.922
311.388
306.613
304.493
302.49
301.055
300.185
299.405
298.649
297.896
297.139
296.413
296.011
295.358
294.509
294.164
293.987
293.866
293.751
293.605
293.41
293.209
293.16
293.251
294.086
293.251
293.16
293.209
293.41
293.605
293.751
293.866
293.987
294.164
294.509
295.358
296.011
296.413
297.139
297.896
298.649
299.405
300.185
301.055
302.49
304.493
306.613
311.388
318.922
321.481
323.131
320.515
312.801
309.401
307.066
304.14
301.865
300.705
299.719
298.835
298.003
297.102
296.486
296.413
296.005
295.501
295.146
294.905
294.716
294.519
294.246
293.813
293.255
293.337
297.132
299.797
297.132
293.337
293.255
293.813
294.246
294.519
294.716
294.905
295.146
295.501
296.005
296.413
296.486
297.102
298.003
298.835
299.719
300.705
301.865
304.14
307.066
309.401
312.801
320.515
323.131
326.012
323.496
315.913
312.378
310.634
310.275
310.078
308.876
306.872
304.324
301.23
297.939
297.484
297.138
296.738
296.331
296.003
295.76
295.561
295.353
295.082
295.129
298.709
303.025
306.332
307.786
306.332
303.025
298.709
295.129
295.082
295.353
295.561
295.76
296.003
296.331
296.738
297.138
297.484
297.939
301.23
304.324
306.872
308.876
310.078
310.275
310.634
312.378
315.913
323.496
326.012
329.924
327.99
322.231
317.792
317.31
317.294
316.144
313.874
310.59
306.399
301.511
298.652
298.39
297.904
297.465
297.069
296.762
296.559
296.402
296.236
295.992
296.386
303.75
309.721
313.384
314.682
313.384
309.721
303.75
296.386
295.992
296.236
296.402
296.559
296.762
297.069
297.465
297.904
298.39
298.652
301.511
306.399
310.59
313.874
316.144
317.294
317.31
317.792
322.231
327.99
329.924
333.706
332.458
329.182
325.874
323.695
321.795
319.329
315.888
311.213
305.201
300.341
299.677
299.124
298.613
298.136
297.707
297.404
297.3
297.241
297.184
297.144
298.432
307.933
314.726
318.802
320.175
318.802
314.726
307.933
298.432
297.144
297.184
297.241
297.3
297.404
297.707
298.136
298.613
299.124
299.677
300.341
305.201
311.213
315.888
319.329
321.795
323.695
325.874
329.182
332.458
333.706
335.984
334.954
332.239
328.915
325.823
322.86
319.492
315.135
309.182
302.794
300.784
300.331
299.804
299.274
298.747
298.206
297.835
297.983
298.065
298.105
298.147
300.367
310.952
318.449
322.922
324.413
322.922
318.449
310.952
300.367
298.147
298.105
298.065
297.983
297.835
298.206
298.747
299.274
299.804
300.331
300.784
302.794
309.182
315.135
319.492
322.86
325.823
328.915
332.239
334.954
335.984
336.322
335.134
331.906
327.725
323.822
320.332
316.641
311.979
305.62
301.946
301.56
301.021
300.475
299.921
299.365
298.538
298.583
298.774
298.92
299.01
299.073
301.584
313.074
321.194
326.026
327.631
326.026
321.194
313.074
301.584
299.073
299.01
298.92
298.774
298.583
298.538
299.365
299.921
300.475
301.021
301.56
301.946
305.62
311.979
316.641
320.332
323.822
327.725
331.906
335.134
336.322
335.036
333.355
328.526
322.278
317.439
314.017
310.769
306.903
303.458
302.847
302.264
301.706
301.14
300.557
300.219
299.823
299.633
299.653
299.818
299.929
300.001
302.281
314.578
323.226
328.358
330.06
328.358
323.226
314.578
302.281
300.001
299.929
299.818
299.653
299.633
299.823
300.219
300.557
301.14
301.706
302.264
302.847
303.458
306.903
310.769
314.017
317.439
322.278
328.526
333.355
335.036
333.111
330.728
323.448
316.757
313.311
310.193
307.345
305.075
303.936
303.457
302.931
302.385
301.812
301.65
303.271
303.314
300.655
300.572
300.757
300.875
300.951
302.901
315.752
324.774
330.121
331.892
330.121
324.774
315.752
302.901
300.951
300.875
300.757
300.572
300.655
303.314
303.271
301.65
301.812
302.385
302.931
303.457
303.936
305.075
307.345
310.193
313.311
316.757
323.448
330.728
333.111
331.953
329.06
320.046
315.061
312.402
309.402
306.899
305.132
304.574
304.101
303.607
303.078
302.843
305.25
307.699
306.561
301.918
301.602
301.752
301.851
301.923
303.658
316.782
325.997
331.458
333.267
331.458
325.997
316.782
303.658
301.923
301.851
301.752
301.602
301.918
306.561
307.699
305.25
302.843
303.078
303.607
304.101
304.574
305.132
306.899
309.402
312.402
315.061
320.046
329.06
331.953
332.579
329.758
321.074
315.857
312.756
309.213
306.623
305.379
305.129
304.753
304.307
303.993
306.144
310.416
311.766
309.569
303.673
302.744
302.786
302.842
302.903
304.634
317.751
326.975
332.447
334.261
332.447
326.975
317.751
304.634
302.903
302.842
302.786
302.744
303.673
309.569
311.766
310.416
306.144
303.993
304.307
304.753
305.129
305.379
306.623
309.213
312.756
315.857
321.074
329.758
332.579
334.846
332.573
325.769
319.109
314.276
309.534
306.487
305.977
305.782
305.462
305.145
306.111
311.087
314.97
315.379
312.305
305.647
303.813
303.792
303.817
303.87
305.816
318.646
327.703
333.094
334.884
333.094
327.703
318.646
305.816
303.87
303.817
303.792
303.813
305.647
312.305
315.379
314.97
311.087
306.111
305.145
305.462
305.782
305.977
306.487
309.534
314.276
319.109
325.769
332.573
334.846
337.66
335.978
331.291
325.229
318.691
311.196
307.046
306.864
306.549
306.17
306.231
310.466
316.261
318.999
318.475
314.629
307.407
304.777
304.74
304.753
304.804
307.061
319.348
328.099
333.341
335.087
333.341
328.099
319.348
307.061
304.804
304.753
304.74
304.777
307.407
314.629
318.475
318.999
316.261
310.466
306.231
306.17
306.549
306.864
307.046
311.196
318.691
325.229
331.291
335.978
337.66
339.838
338.388
334.27
328.159
320.53
311.37
307.783
307.674
307.365
307.172
308.545
315.675
320.531
322.289
320.892
316.329
308.593
305.671
305.624
305.64
305.695
308.022
319.618
328.003
333.082
334.784
333.082
328.003
319.618
308.022
305.695
305.64
305.624
305.671
308.593
316.329
320.892
322.289
320.531
315.675
308.545
307.172
307.365
307.674
307.783
311.37
320.53
328.159
334.27
338.388
339.838
340.916
339.464
335.243
328.608
319.919
310.209
308.609
308.403
308.065
308.131
312.741
319.927
323.898
324.733
322.476
317.205
309
306.524
306.466
306.474
306.549
308.353
319.129
327.215
332.201
333.885
332.201
327.215
319.129
308.353
306.549
306.474
306.466
306.524
309
317.205
322.476
324.733
323.898
319.927
312.741
308.131
308.065
308.403
308.609
310.209
319.919
328.608
335.243
339.464
340.916
340.899
339.31
334.63
327.11
317.284
310.134
309.591
309.254
309.008
309.898
317.391
323.411
326.4
326.271
323.075
317.023
308.77
307.323
307.216
307.228
307.368
308.282
317.405
325.525
330.621
332.354
330.621
325.525
317.405
308.282
307.368
307.228
307.216
307.323
308.77
317.023
323.075
326.271
326.4
323.411
317.391
309.898
309.008
309.254
309.591
310.134
317.284
327.11
334.63
339.31
340.899
340.06
338.247
332.858
324.067
314.768
311.267
310.582
310.147
310.222
312.814
320.737
325.925
328.021
326.874
322.529
315.216
308.672
308.089
307.845
307.842
308.073
308.506
314.06
322.86
328.405
330.288
328.405
322.86
314.06
308.506
308.073
307.842
307.845
308.089
308.672
315.216
322.529
326.874
328.021
325.925
320.737
312.814
310.222
310.147
310.582
311.267
314.768
324.067
332.858
338.247
340.06
338.848
336.76
330.515
321.086
314.954
313.064
312.05
311.795
312.48
315.622
322.863
327.533
328.885
326.676
320.955
312.503
309.24
308.756
308.392
308.36
308.674
309.155
310.991
319.512
325.85
327.988
325.85
319.512
310.991
309.155
308.674
308.36
308.392
308.756
309.24
312.503
320.955
326.676
328.885
327.533
322.863
315.622
312.48
311.795
312.05
313.064
314.954
321.086
330.515
336.76
338.848
337.812
335.43
328.235
320.086
316.745
315.002
313.757
313.951
315.566
317.81
323.697
328.459
329.31
325.988
318.422
310.871
310.054
309.489
309.032
308.953
309.332
309.85
310.4
316.096
323.497
325.962
323.497
316.096
310.4
309.85
309.332
308.953
309.032
309.489
310.054
310.871
318.422
325.988
329.31
328.459
323.697
317.81
315.566
313.951
313.757
315.002
316.745
320.086
328.235
335.43
337.812
337.539
334.929
327.047
321.586
319.203
317.24
315.931
316.665
318.341
319.96
323.78
329.3
329.908
325.548
316.078
311.434
310.819
310.219
309.59
309.485
310.05
310.62
311.146
313.792
322.097
324.868
322.097
313.792
311.146
310.62
310.05
309.485
309.59
310.219
310.819
311.434
316.078
325.548
329.908
329.3
323.78
319.96
318.341
316.665
315.931
317.24
319.203
321.586
327.047
334.929
337.539
338.486
335.792
327.731
324.334
322.209
320.392
319.182
319.371
320.374
321.847
325.002
331.123
331.475
326.327
315.609
312.927
311.798
311.141
311.367
311.324
311.04
311.51
312.27
313.868
322.421
325.317
322.421
313.868
312.27
311.51
311.04
311.324
311.367
311.141
311.798
312.927
315.609
326.327
331.475
331.123
325.002
321.847
320.374
319.371
319.182
320.392
322.209
324.334
327.731
335.792
338.486
340.821
338.333
330.837
327.278
325.648
325.401
325.58
324.853
323.926
325.318
330.214
334.878
334.543
329.264
318.966
315.268
313.993
315.967
318.484
318.489
315.79
313.352
314.065
317.143
324.935
327.556
324.935
317.143
314.065
313.352
315.79
318.489
318.484
315.967
313.993
315.268
318.966
329.264
334.543
334.878
330.214
325.318
323.926
324.853
325.58
325.401
325.648
327.278
330.837
338.333
340.821
344.133
342.309
336.896
332.666
332.543
333.891
334.688
334.767
334.786
335.875
338.169
339.73
338.554
334.077
326.245
321.216
321.785
324.311
325.863
325.758
323.958
321.041
319.99
323.822
329.206
331.035
329.206
323.822
319.99
321.041
323.958
325.758
325.863
324.311
321.785
321.216
326.245
334.077
338.554
339.73
338.169
335.875
334.786
334.767
334.688
333.891
332.543
332.666
336.896
342.309
344.133
347.091
345.999
343.217
340.758
339.962
340.205
340.609
340.908
341.293
342.074
343.066
343.318
341.865
338.479
333.877
330.542
329.742
330.345
330.901
330.723
329.762
328.604
328.586
330.562
333.135
334.173
333.135
330.562
328.586
328.604
329.762
330.723
330.901
330.345
329.742
330.542
333.877
338.479
341.865
343.318
343.066
342.074
341.293
340.908
340.609
340.205
339.962
340.758
343.217
345.999
347.091
348.234
347.377
345.277
343.297
342.395
342.36
342.636
342.964
343.403
344.064
344.702
344.612
343.11
340.098
336.322
333.436
332.336
332.425
332.675
332.471
331.762
331.053
331.242
332.741
334.599
335.386
334.599
332.741
331.242
331.053
331.762
332.471
332.675
332.425
332.336
333.436
336.322
340.098
343.11
344.612
344.702
344.064
343.403
342.964
342.636
342.36
342.395
343.297
345.277
347.377
348.234
347.091
345.999
343.217
340.758
339.962
340.205
340.609
340.908
341.293
342.074
343.066
343.318
341.865
338.479
333.877
330.542
329.742
330.345
330.901
330.723
329.762
328.604
328.586
330.562
333.135
334.173
333.135
330.562
328.586
328.604
329.762
330.723
330.901
330.345
329.742
330.542
333.877
338.479
341.865
343.318
343.066
342.074
341.293
340.908
340.609
340.205
339.962
340.758
343.217
345.999
347.091
344.133
342.309
336.896
332.666
332.543
333.891
334.688
334.767
334.786
335.875
338.169
339.73
338.554
334.077
326.245
321.216
321.785
324.311
325.863
325.758
323.958
321.041
319.99
323.822
329.206
331.035
329.206
323.822
319.99
321.041
323.958
325.758
325.863
324.311
321.785
321.216
326.245
334.077
338.554
339.73
338.169
335.875
334.786
334.767
334.688
333.891
332.543
332.666
336.896
342.309
344.133
340.821
338.333
330.837
327.278
325.648
325.401
325.58
324.853
323.926
325.318
330.214
334.878
334.543
329.264
318.966
315.268
313.993
315.967
318.484
318.489
315.79
313.352
314.065
317.143
324.935
327.556
324.935
317.143
314.065
313.352
315.79
318.489
318.484
315.967
313.993
315.268
318.966
329.264
334.543
334.878
330.214
325.318
323.926
324.853
325.58
325.401
325.648
327.278
330.837
338.333
340.821
338.486
335.792
327.731
324.334
322.209
320.392
319.182
319.371
320.374
321.847
325.002
331.123
331.475
326.327
315.609
312.927
311.798
311.141
311.367
311.324
311.04
311.51
312.27
313.868
322.421
325.317
322.421
313.868
312.27
311.51
311.04
311.324
311.367
311.141
311.798
312.927
315.609
326.327
331.475
331.123
325.002
321.847
320.374
319.371
319.182
320.392
322.209
324.334
327.731
335.792
338.486
337.539
334.929
327.047
321.586
319.203
317.24
315.931
316.665
318.341
319.96
323.78
329.3
329.908
325.548
316.078
311.434
310.819
310.219
309.59
309.485
310.05
310.62
311.146
313.792
322.097
324.868
322.097
313.792
311.146
310.62
310.05
309.485
309.59
310.219
310.819
311.434
316.078
325.548
329.908
329.3
323.78
319.96
318.341
316.665
315.931
317.24
319.203
321.586
327.047
334.929
337.539
337.812
335.43
328.235
320.086
316.745
315.002
313.757
313.951
315.566
317.81
323.697
328.459
329.31
325.988
318.422
310.871
310.054
309.489
309.032
308.953
309.332
309.85
310.4
316.096
323.497
325.962
323.497
316.096
310.4
309.85
309.332
308.953
309.032
309.489
310.054
310.871
318.422
325.988
329.31
328.459
323.697
317.81
315.566
313.951
313.757
315.002
316.745
320.086
328.235
335.43
337.812
338.848
336.76
330.515
321.086
314.954
313.064
312.05
311.795
312.48
315.622
322.863
327.533
328.885
326.676
320.955
312.503
309.24
308.756
308.392
308.36
308.674
309.155
310.991
319.512
325.85
327.988
325.85
319.512
310.991
309.155
308.674
308.36
308.392
308.756
309.24
312.503
320.955
326.676
328.885
327.533
322.863
315.622
312.48
311.795
312.05
313.064
314.954
321.086
330.515
336.76
338.848
340.06
338.247
332.858
324.067
314.768
311.267
310.582
310.147
310.222
312.814
320.737
325.925
328.021
326.874
322.529
315.216
308.672
308.089
307.845
307.842
308.073
308.506
314.06
322.86
328.405
330.288
328.405
322.86
314.06
308.506
308.073
307.842
307.845
308.089
308.672
315.216
322.529
326.874
328.021
325.925
320.737
312.814
310.222
310.147
310.582
311.267
314.768
324.067
332.858
338.247
340.06
340.899
339.31
334.63
327.11
317.284
310.134
309.591
309.254
309.008
309.898
317.391
323.411
326.4
326.271
323.075
317.023
308.77
307.323
307.216
307.228
307.368
308.282
317.405
325.525
330.621
332.354
330.621
325.525
317.405
308.282
307.368
307.228
307.216
307.323
308.77
317.023
323.075
326.271
326.4
323.411
317.391
309.898
309.008
309.254
309.591
310.134
317.284
327.11
334.63
339.31
340.899
340.916
339.464
335.243
328.608
319.919
310.209
308.609
308.403
308.065
308.131
312.741
319.927
323.898
324.733
322.476
317.205
309
306.524
306.466
306.474
306.549
308.353
319.129
327.215
332.201
333.885
332.201
327.215
319.129
308.353
306.549
306.474
306.466
306.524
309
317.205
322.476
324.733
323.898
319.927
312.741
308.131
308.065
308.403
308.609
310.209
319.919
328.608
335.243
339.464
340.916
339.838
338.388
334.27
328.159
320.53
311.37
307.783
307.674
307.365
307.172
308.545
315.675
320.531
322.289
320.892
316.329
308.593
305.671
305.624
305.64
305.695
308.022
319.618
328.003
333.082
334.784
333.082
328.003
319.618
308.022
305.695
305.64
305.624
305.671
308.593
316.329
320.892
322.289
320.531
315.675
308.545
307.172
307.365
307.674
307.783
311.37
320.53
328.159
334.27
338.388
339.838
337.66
335.978
331.291
325.229
318.691
311.196
307.046
306.864
306.549
306.17
306.231
310.466
316.261
318.999
318.475
314.629
307.407
304.777
304.74
304.753
304.804
307.061
319.348
328.099
333.341
335.087
333.341
328.099
319.348
307.061
304.804
304.753
304.74
304.777
307.407
314.629
318.475
318.999
316.261
310.466
306.231
306.17
306.549
306.864
307.046
311.196
318.691
325.229
331.291
335.978
337.66
334.846
332.573
325.769
319.109
314.276
309.534
306.487
305.977
305.782
305.462
305.145
306.111
311.087
314.97
315.379
312.305
305.647
303.813
303.792
303.817
303.87
305.816
318.646
327.703
333.094
334.884
333.094
327.703
318.646
305.816
303.87
303.817
303.792
303.813
305.647
312.305
315.379
314.97
311.087
306.111
305.145
305.462
305.782
305.977
306.487
309.534
314.276
319.109
325.769
332.573
334.846
332.579
329.758
321.074
315.857
312.756
309.213
306.623
305.379
305.129
304.753
304.307
303.993
306.144
310.416
311.766
309.569
303.673
302.744
302.786
302.842
302.903
304.634
317.751
326.975
332.447
334.261
332.447
326.975
317.751
304.634
302.903
302.842
302.786
302.744
303.673
309.569
311.766
310.416
306.144
303.993
304.307
304.753
305.129
305.379
306.623
309.213
312.756
315.857
321.074
329.758
332.579
331.953
329.06
320.046
315.061
312.402
309.402
306.899
305.132
304.574
304.101
303.607
303.078
302.843
305.25
307.699
306.561
301.918
301.602
301.752
301.851
301.923
303.658
316.782
325.997
331.458
333.267
331.458
325.997
316.782
303.658
301.923
301.851
301.752
301.602
301.918
306.561
307.699
305.25
302.843
303.078
303.607
304.101
304.574
305.132
306.899
309.402
312.402
315.061
320.046
329.06
331.953
333.111
330.728
323.448
316.757
313.311
310.193
307.345
305.075
303.936
303.457
302.931
302.385
301.812
301.65
303.271
303.314
300.655
300.572
300.757
300.875
300.951
302.901
315.752
324.774
330.121
331.892
330.121
324.774
315.752
302.901
300.951
300.875
300.757
300.572
300.655
303.314
303.271
301.65
301.812
302.385
302.931
303.457
303.936
305.075
307.345
310.193
313.311
316.757
323.448
330.728
333.111
335.036
333.355
328.526
322.278
317.439
314.017
310.769
306.903
303.458
302.847
302.264
301.706
301.14
300.557
300.219
299.823
299.633
299.653
299.818
299.929
300.001
302.281
314.578
323.226
328.358
330.06
328.358
323.226
314.578
302.281
300.001
299.929
299.818
299.653
299.633
299.823
300.219
300.557
301.14
301.706
302.264
302.847
303.458
306.903
310.769
314.017
317.439
322.278
328.526
333.355
335.036
336.322
335.134
331.906
327.725
323.822
320.332
316.641
311.979
305.62
301.946
301.56
301.021
300.475
299.921
299.365
298.538
298.583
298.774
298.92
299.01
299.073
301.584
313.074
321.194
326.026
327.631
326.026
321.194
313.074
301.584
299.073
299.01
298.92
298.774
298.583
298.538
299.365
299.921
300.475
301.021
301.56
301.946
305.62
311.979
316.641
320.332
323.822
327.725
331.906
335.134
336.322
335.984
334.954
332.239
328.915
325.823
322.86
319.492
315.135
309.182
302.794
300.784
300.331
299.804
299.274
298.747
298.206
297.835
297.983
298.065
298.105
298.147
300.367
310.952
318.449
322.922
324.413
322.922
318.449
310.952
300.367
298.147
298.105
298.065
297.983
297.835
298.206
298.747
299.274
299.804
300.331
300.784
302.794
309.182
315.135
319.492
322.86
325.823
328.915
332.239
334.954
335.984
333.706
332.458
329.182
325.874
323.695
321.795
319.329
315.888
311.213
305.201
300.341
299.677
299.124
298.613
298.136
297.707
297.404
297.3
297.241
297.184
297.144
298.432
307.933
314.726
318.802
320.175
318.802
314.726
307.933
298.432
297.144
297.184
297.241
297.3
297.404
297.707
298.136
298.613
299.124
299.677
300.341
305.201
311.213
315.888
319.329
321.795
323.695
325.874
329.182
332.458
333.706
329.924
327.99
322.231
317.792
317.31
317.294
316.144
313.874
310.59
306.399
301.511
298.652
298.39
297.904
297.465
297.069
296.762
296.559
296.402
296.236
295.992
296.386
303.75
309.721
313.384
314.682
313.384
309.721
303.75
296.386
295.992
296.236
296.402
296.559
296.762
297.069
297.465
297.904
298.39
298.652
301.511
306.399
310.59
313.874
316.144
317.294
317.31
317.792
322.231
327.99
329.924
326.012
323.496
315.913
312.378
310.634
310.275
310.078
308.876
306.872
304.324
301.23
297.939
297.484
297.138
296.738
296.331
296.003
295.76
295.561
295.353
295.082
295.129
298.709
303.025
306.332
307.786
306.332
303.025
298.709
295.129
295.082
295.353
295.561
295.76
296.003
296.331
296.738
297.138
297.484
297.939
301.23
304.324
306.872
308.876
310.078
310.275
310.634
312.378
315.913
323.496
326.012
323.131
320.515
312.801
309.401
307.066
304.14
301.865
300.705
299.719
298.835
298.003
297.102
296.486
296.413
296.005
295.501
295.146
294.905
294.716
294.519
294.246
293.813
293.255
293.337
297.132
299.797
297.132
293.337
293.255
293.813
294.246
294.519
294.716
294.905
295.146
295.501
296.005
296.413
296.486
297.102
298.003
298.835
299.719
300.705
301.865
304.14
307.066
309.401
312.801
320.515
323.131
321.481
318.922
311.388
306.613
304.493
302.49
301.055
300.185
299.405
298.649
297.896
297.139
296.413
296.011
295.358
294.509
294.164
293.987
293.866
293.751
293.605
293.41
293.209
293.16
293.251
294.086
293.251
293.16
293.209
293.41
293.605
293.751
293.866
293.987
294.164
294.509
295.358
296.011
296.413
297.139
297.896
298.649
299.405
300.185
301.055
302.49
304.493
306.613
311.388
318.922
321.481
320.949
318.417
310.948
305.495
303.476
301.934
300.868
300.166
299.411
298.657
297.907
297.165
296.463
295.848
294.894
293
293
293
293
293
293
293
293
293
293
293
293
293
293
293
293
293
293
293
293
293
294.894
295.848
296.463
297.165
297.907
298.657
299.411
300.166
300.868
301.934
303.476
305.495
310.948
318.417
320.949
