319.745
316.457
311.443
308.554
306.152
303.983
302.021
300.202
298.542
297.037
296.252
295.282
293
293
293
293
293
293
293
293
293
293
293
293
293
293
293
293
293
295.282
296.252
297.037
298.542
300.202
302.021
303.983
306.152
308.554
311.443
316.457
319.745
320.125
316.886
311.692
308.711
306.282
304.093
302.116
300.281
298.637
297.277
296.635
295.928
294.935
294.539
294.35
294.253
294.246
294.562
296.945
300.211
301.312
300.211
296.945
294.562
294.246
294.253
294.35
294.539
294.935
295.928
296.635
297.277
298.637
300.281
302.116
304.093
306.282
308.711
311.692
316.886
320.125
321.12
317.997
312.404
309.183
306.677
304.425
302.398
300.511
298.922
297.839
297.369
296.842
296.254
295.853
295.588
295.396
295.415
295.989
299.583
304.876
306.83
304.876
299.583
295.989
295.415
295.396
295.588
295.853
296.254
296.842
297.369
297.839
298.922
300.511
302.398
304.425
306.677
309.183
312.404
317.997
321.12
322.376
319.364
313.408
309.919
307.306
304.96
302.85
300.889
299.419
298.594
298.222
297.799
297.366
297.01
296.733
296.509
296.592
297.473
301.542
307.855
310.343
307.855
301.542
297.473
296.592
296.509
296.733
297.01
297.366
297.799
298.222
298.594
299.419
300.889
302.85
304.96
307.306
309.919
313.408
319.364
322.376
323.552
320.597
314.428
310.751
308.041
305.603
303.394
301.392
300.101
299.457
299.116
298.744
298.384
298.07
297.805
297.641
297.834
299.038
303.158
309.835
312.634
309.835
303.158
299.038
297.834
297.641
297.805
298.07
298.384
298.744
299.116
299.457
300.101
301.392
303.394
305.603
308.041
310.751
314.428
320.597
323.552
324.491
321.543
315.279
311.51
308.736
306.226
303.936
301.99
300.901
300.357
300.01
299.658
299.336
299.062
298.832
298.795
299.167
300.637
304.666
311.367
314.31
311.367
304.666
300.637
299.167
298.795
298.832
299.062
299.336
299.658
300.01
300.357
300.901
301.99
303.936
306.226
308.736
311.51
315.279
321.543
324.491
325.168
322.206
315.902
312.096
309.285
306.728
304.42
302.674
301.773
301.263
300.881
300.523
300.222
299.989
299.892
300.03
300.571
302.182
306.097
312.686
315.67
312.686
306.097
302.182
300.571
300.03
299.892
299.989
300.222
300.523
300.881
301.263
301.773
302.674
304.42
306.728
309.285
312.096
315.902
322.206
325.168
325.61
322.636
316.306
312.476
309.642
307.068
304.874
303.446
302.682
302.153
301.708
301.314
301.036
300.952
301.058
301.352
302.001
303.623
307.394
313.826
316.806
313.826
307.394
303.623
302.001
301.352
301.058
300.952
301.036
301.314
301.708
302.153
302.682
303.446
304.874
307.068
309.642
312.476
316.306
322.636
325.61
325.847
322.868
316.517
312.662
309.811
307.288
305.39
304.29
303.599
303.029
302.52
302.131
301.973
302.064
302.321
302.726
303.424
304.962
308.511
314.75
317.719
314.75
308.511
304.962
303.424
302.726
302.321
302.064
301.973
302.131
302.52
303.029
303.599
304.29
305.39
307.288
309.811
312.662
316.517
322.868
325.847
325.889
322.914
316.564
312.689
309.847
307.532
306.051
305.181
304.516
303.92
303.404
303.07
303.054
303.284
303.642
304.119
304.831
306.231
309.45
315.434
318.4
315.434
309.45
306.231
304.831
304.119
303.642
303.284
303.054
303.07
303.404
303.92
304.516
305.181
306.051
307.532
309.847
312.689
316.564
322.914
325.889
325.729
322.764
316.472
312.609
309.888
307.974
306.863
306.102
305.446
304.859
304.383
304.16
304.271
304.575
304.987
305.512
306.23
307.478
310.276
315.893
318.871
315.893
310.276
307.478
306.23
305.512
304.987
304.575
304.271
304.16
304.383
304.859
305.446
306.102
306.863
307.974
309.888
312.609
316.472
322.764
325.729
325.353
322.397
316.254
312.527
310.141
308.688
307.784
307.059
306.423
305.892
305.531
305.441
305.608
305.92
306.349
306.906
307.636
308.766
311.111
316.199
319.193
316.199
311.111
308.766
307.636
306.906
306.349
305.92
305.608
305.441
305.531
305.892
306.423
307.059
307.784
308.688
310.141
312.527
316.254
322.397
325.353
324.772
321.807
315.972
312.645
310.752
309.617
308.784
308.08
307.505
307.111
306.932
306.937
307.07
307.332
307.748
308.324
309.08
310.146
312.095
316.487
319.477
316.487
312.095
310.146
309.08
308.324
307.748
307.332
307.07
306.937
306.932
307.111
307.505
308.08
308.784
309.617
310.752
312.645
315.972
321.807
324.772
324.071
321.078
315.838
313.173
311.696
310.689
309.874
309.224
308.798
308.637
308.644
308.665
308.7
308.86
309.222
309.801
310.591
311.653
313.336
316.957
319.876
316.957
313.336
311.653
310.591
309.801
309.222
308.86
308.7
308.665
308.644
308.637
308.798
309.224
309.874
310.689
311.696
313.173
315.838
321.078
324.071
323.462
320.481
316.179
314.153
312.873
311.888
311.111
310.605
310.443
310.548
310.671
310.652
310.56
310.576
310.837
311.385
312.206
313.311
314.887
317.852
320.579
317.852
314.887
313.311
312.206
311.385
310.837
310.576
310.56
310.652
310.671
310.548
310.443
310.605
311.111
311.888
312.873
314.153
316.179
320.481
323.462
323.306
320.485
317.163
315.473
314.228
313.261
312.611
312.38
312.538
312.839
313.003
312.926
312.711
312.563
312.673
313.139
313.966
315.141
316.755
319.36
321.787
319.36
316.755
315.141
313.966
313.139
312.673
312.563
312.711
312.926
313.003
312.839
312.538
312.38
312.611
313.261
314.228
315.473
317.163
320.485
323.306
324.002
321.479
318.725
317.073
315.817
314.955
314.581
314.709
315.129
315.536
315.703
315.574
315.258
314.959
314.889
315.209
315.987
317.224
318.976
321.526
323.642
321.526
318.976
317.224
315.987
315.209
314.889
314.959
315.258
315.574
315.703
315.536
315.129
314.709
314.581
314.955
315.817
317.073
318.725
321.479
324.002
325.738
323.477
320.73
318.983
317.797
317.188
317.183
317.619
318.201
318.658
318.81
318.626
318.225
317.801
317.557
317.685
318.336
319.601
321.601
324.408
326.327
324.408
321.601
319.601
318.336
317.685
317.557
317.801
318.225
318.626
318.81
318.658
318.201
317.619
317.183
317.188
317.797
318.983
320.73
323.477
325.738
329.187
327.122
323.773
321.703
320.761
320.687
321.249
322.099
322.914
323.456
323.587
323.313
322.775
322.173
321.706
321.576
322.027
323.369
325.921
329.221
330.974
329.221
325.921
323.369
322.027
321.576
321.706
322.173
322.775
323.313
323.587
323.456
322.914
322.099
321.249
320.687
320.761
321.703
323.773
327.122
329.187
334.204
332.778
329.817
327.55
326.832
327.272
328.28
329.394
330.325
330.906
331.069
330.845
330.36
329.794
329.351
329.263
329.806
331.244
333.551
335.953
337.026
335.953
333.551
331.244
329.806
329.263
329.351
329.794
330.36
330.845
331.069
330.906
330.325
329.394
328.28
327.272
326.832
327.55
329.817
332.778
334.204
336.31
335.292
333.069
331.178
330.411
330.654
331.471
332.448
333.296
333.843
334.019
333.851
333.449
332.982
332.65
332.678
333.298
334.665
336.636
338.533
339.342
338.533
336.636
334.665
333.298
332.678
332.65
332.982
333.449
333.851
334.019
333.843
333.296
332.448
331.471
330.654
330.411
331.178
333.069
335.292
336.31
334.204
332.778
329.817
327.55
326.832
327.272
328.28
329.394
330.325
330.906
331.069
330.845
330.36
329.794
329.351
329.263
329.806
331.244
333.551
335.953
337.026
335.953
333.551
331.244
329.806
329.263
329.351
329.794
330.36
330.845
331.069
330.906
330.325
329.394
328.28
327.272
326.832
327.55
329.817
332.778
334.204
329.187
327.122
323.773
321.703
320.761
320.687
321.249
322.099
322.914
323.456
323.587
323.313
322.775
322.173
321.706
321.576
322.027
323.369
325.921
329.221
330.974
329.221
325.921
323.369
322.027
321.576
321.706
322.173
322.775
323.313
323.587
323.456
322.914
322.099
321.249
320.687
320.761
321.703
323.773
327.122
329.187
325.738
323.477
320.73
318.983
317.797
317.188
317.183
317.619
318.201
318.658
318.81
318.626
318.225
317.801
317.557
317.685
318.336
319.601
321.601
324.408
326.327
324.408
321.601
319.601
318.336
317.685
317.557
317.801
318.225
318.626
318.81
318.658
318.201
317.619
317.183
317.188
317.797
318.983
320.73
323.477
325.738
324.002
321.479
318.725
317.073
315.817
314.955
314.581
314.709
315.129
315.536
315.703
315.574
315.258
314.959
314.889
315.209
315.987
317.224
318.976
321.526
323.642
321.526
318.976
317.224
315.987
315.209
314.889
314.959
315.258
315.574
315.703
315.536
315.129
314.709
314.581
314.955
315.817
317.073
318.725
321.479
324.002
323.306
320.485
317.163
315.473
314.228
313.261
312.611
312.38
312.538
312.839
313.003
312.926
312.711
312.563
312.673
313.139
313.966
315.141
316.755
319.36
321.787
319.36
316.755
315.141
313.966
313.139
312.673
312.563
312.711
312.926
313.003
312.839
312.538
312.38
312.611
313.261
314.228
315.473
317.163
320.485
323.306
323.462
320.481
316.179
314.153
312.873
311.888
311.111
310.605
310.443
310.548
310.671
310.652
310.56
310.576
310.837
311.385
312.206
313.311
314.887
317.852
320.579
317.852
314.887
313.311
312.206
311.385
310.837
310.576
310.56
310.652
310.671
310.548
310.443
310.605
311.111
311.888
312.873
314.153
316.179
320.481
323.462
324.071
321.078
315.838
313.173
311.696
310.689
309.874
309.224
308.798
308.637
308.644
308.665
308.7
308.86
309.222
309.801
310.591
311.653
313.336
316.957
319.876
316.957
313.336
311.653
310.591
309.801
309.222
308.86
308.7
308.665
308.644
308.637
308.798
309.224
309.874
310.689
311.696
313.173
315.838
321.078
324.071
324.772
321.807
315.972
312.645
310.752
309.617
308.784
308.08
307.505
307.111
306.932
306.937
307.07
307.332
307.748
308.324
309.08
310.146
312.095
316.487
319.477
316.487
312.095
310.146
309.08
308.324
307.748
307.332
307.07
306.937
306.932
307.111
307.505
308.08
308.784
309.617
310.752
312.645
315.972
321.807
324.772
325.353
322.397
316.254
312.527
310.141
308.688
307.784
307.059
306.423
305.892
305.531
305.441
305.608
305.92
306.349
306.906
307.636
308.766
311.111
316.199
319.193
316.199
311.111
308.766
307.636
306.906
306.349
305.92
305.608
305.441
305.531
305.892
306.423
307.059
307.784
308.688
310.141
312.527
316.254
322.397
325.353
325.729
322.764
316.472
312.609
309.888
307.974
306.863
306.102
305.446
304.859
304.383
304.16
304.271
304.575
304.987
305.512
306.23
307.478
310.276
315.893
318.871
315.893
310.276
307.478
306.23
305.512
304.987
304.575
304.271
304.16
304.383
304.859
305.446
306.102
306.863
307.974
309.888
312.609
316.472
322.764
325.729
325.889
322.914
316.564
312.689
309.847
307.532
306.051
305.181
304.516
303.92
303.404
303.07
303.054
303.284
303.642
304.119
304.831
306.231
309.45
315.434
318.4
315.434
309.45
306.231
304.831
304.119
303.642
303.284
303.054
303.07
303.404
303.92
304.516
305.181
306.051
307.532
309.847
312.689
316.564
322.914
325.889
325.847
322.868
316.517
312.662
309.811
307.288
305.39
304.29
303.599
303.029
302.52
302.131
301.973
302.064
302.321
302.726
303.424
304.962
308.511
314.75
317.719
314.75
308.511
304.962
303.424
302.726
302.321
302.064
301.973
302.131
302.52
303.029
303.599
304.29
305.39
307.288
309.811
312.662
316.517
322.868
325.847
325.61
322.636
316.306
312.476
309.642
307.068
304.874
303.446
302.682
302.153
301.708
301.314
301.036
300.952
301.058
301.352
302.001
303.623
307.394
313.826
316.806
313.826
307.394
303.623
302.001
301.352
301.058
300.952
301.036
301.314
301.708
302.153
302.682
303.446
304.874
307.068
309.642
312.476
316.306
322.636
325.61
325.168
322.206
315.902
312.096
309.285
306.728
304.42
302.674
301.773
301.263
300.881
300.523
300.222
299.989
299.892
300.03
300.571
302.182
306.097
312.686
315.67
312.686
306.097
302.182
300.571
300.03
299.892
299.989
300.222
300.523
300.881
301.263
301.773
302.674
304.42
306.728
309.285
312.096
315.902
322.206
325.168
324.491
321.543
315.279
311.51
308.736
306.226
303.936
301.99
300.901
300.357
300.01
299.658
299.336
299.062
298.832
298.795
299.167
300.637
304.666
311.367
314.31
311.367
304.666
300.637
299.167
298.795
298.832
299.062
299.336
299.658
300.01
300.357
300.901
301.99
303.936
306.226
308.736
311.51
315.279
321.543
324.491
323.552
320.597
314.428
310.751
308.041
305.603
303.394
301.392
300.101
299.457
299.116
298.744
298.384
298.07
297.805
297.641
297.834
299.038
303.158
309.835
312.634
309.835
303.158
299.038
297.834
297.641
297.805
298.07
298.384
298.744
299.116
299.457
300.101
301.392
303.394
305.603
308.041
310.751
314.428
320.597
323.552
322.376
319.364
313.408
309.919
307.306
304.96
302.85
300.889
299.419
298.594
298.222
297.799
297.366
297.01
296.733
296.509
296.592
297.473
301.542
307.855
310.343
307.855
301.542
297.473
296.592
296.509
296.733
297.01
297.366
297.799
298.222
298.594
299.419
300.889
302.85
304.96
307.306
309.919
313.408
319.364
322.376
321.12
317.997
312.404
309.183
306.677
304.425
302.398
300.511
298.922
297.839
297.369
296.842
296.254
295.853
295.588
295.396
295.415
295.989
299.583
304.876
306.83
304.876
299.583
295.989
295.415
295.396
295.588
295.853
296.254
296.842
297.369
297.839
298.922
300.511
302.398
304.425
306.677
309.183
312.404
317.997
321.12
320.125
316.886
311.692
308.711
306.282
304.093
302.116
300.281
298.637
297.277
296.635
295.928
294.935
294.539
294.35
294.253
294.246
294.562
296.945
300.211
301.312
300.211
296.945
294.562
294.246
294.253
294.35
294.539
294.935
295.928
296.635
297.277
298.637
300.281
302.116
304.093
306.282
308.711
311.692
316.886
320.125
319.745
316.457
311.443
308.554
306.152
303.983
302.021
300.202
298.542
297.037
296.252
295.282
293
293
293
293
293
293
293
293
293
293
293
293
293
293
293
293
293
295.282
296.252
297.037
298.542
300.202
302.021
303.983
306.152
308.554
311.443
316.457
319.745
