316.759
313.704
309.517
306.933
304.791
302.95
301.313
299.799
298.397
297.04
296.179
295.206
293
293
293
293
293
293
293
293
293
293
293
293
293
293
293
293
293
295.206
296.179
297.04
298.397
299.799
301.313
302.95
304.791
306.933
309.517
313.704
316.759
317.117
314.06
309.768
307.152
304.997
303.135
301.466
299.915
298.485
297.201
296.481
295.814
294.866
294.491
294.312
294.211
294.148
294.321
296.306
300.576
301.861
300.576
296.306
294.321
294.148
294.211
294.312
294.491
294.866
295.814
296.481
297.201
298.485
299.915
301.466
303.135
304.997
307.152
309.768
314.06
317.117
318.155
315.086
310.532
307.817
305.612
303.675
301.91
300.243
298.738
297.636
297.131
296.682
296.14
295.768
295.525
295.365
295.289
295.63
298.563
304.939
307.039
304.939
298.563
295.63
295.289
295.365
295.525
295.768
296.14
296.682
297.131
297.636
298.738
300.243
301.91
303.675
305.612
307.817
310.532
315.086
318.155
319.784
316.713
311.798
308.906
306.596
304.523
302.599
300.751
299.205
298.348
297.99
297.622
297.227
296.897
296.636
296.415
296.414
297.023
300.454
307.574
310.169
307.574
300.454
297.023
296.414
296.415
296.636
296.897
297.227
297.622
297.99
298.348
299.205
300.751
302.599
304.523
306.596
308.906
311.798
316.713
319.784
321.841
318.861
313.518
310.327
307.851
305.585
303.448
301.38
299.915
299.255
298.931
298.571
298.229
297.936
297.689
297.478
297.568
298.511
302.124
309.306
312.24
309.306
302.124
298.511
297.568
297.478
297.689
297.936
298.229
298.571
298.931
299.255
299.915
301.38
303.448
305.585
307.851
310.327
313.518
318.861
321.841
323.963
321.19
315.502
311.895
309.189
306.672
304.265
302.04
300.782
300.231
299.86
299.484
299.163
298.909
298.688
298.553
298.769
300.072
303.752
310.793
313.934
310.793
303.752
300.072
298.769
298.553
298.688
298.909
299.163
299.484
299.86
300.231
300.782
302.04
304.265
306.672
309.189
311.895
315.502
321.19
323.963
325.544
322.939
317.063
313.099
310.15
307.389
304.775
302.678
301.685
301.176
300.727
300.321
300.012
299.828
299.701
299.698
300.063
301.68
305.51
312.505
315.675
312.505
305.51
301.68
300.063
299.698
299.701
299.828
300.012
300.321
300.727
301.176
301.685
302.678
304.775
307.389
310.15
313.099
317.063
322.939
325.544
326.147
323.495
317.462
313.396
310.361
307.542
305.002
303.345
302.583
302.065
301.532
301.04
300.717
300.676
300.753
300.907
301.392
303.222
307.373
314.468
317.532
314.468
307.373
303.222
301.392
300.907
300.753
300.676
300.717
301.04
301.532
302.065
302.583
303.345
305.002
307.542
310.361
313.396
317.462
323.495
326.147
325.861
322.993
316.9
313.029
310.098
307.405
305.236
304.063
303.432
302.87
302.296
301.739
301.529
301.685
301.903
302.15
302.681
304.567
309.102
316.348
319.284
316.348
309.102
304.567
302.681
302.15
301.903
301.685
301.529
301.739
302.296
302.87
303.432
304.063
305.236
307.405
310.098
313.029
316.9
322.993
325.861
325.174
322.113
316.145
312.542
309.746
307.297
305.675
304.848
304.273
303.671
303.079
302.484
302.471
302.763
303.058
303.37
303.9
305.653
310.4
317.792
320.666
317.792
310.4
305.653
303.9
303.37
303.058
302.763
302.471
302.484
303.079
303.671
304.273
304.848
305.675
307.297
309.746
312.542
316.145
322.113
325.174
324.552
321.436
315.62
312.16
309.487
307.451
306.339
305.668
305.085
304.522
303.982
303.468
303.632
303.926
304.23
304.58
305.092
306.571
311.167
318.664
321.551
318.664
311.167
306.571
305.092
304.58
304.23
303.926
303.632
303.468
303.982
304.522
305.085
305.668
306.339
307.451
309.487
312.16
315.62
321.436
324.552
324.142
321.082
315.345
311.925
309.493
307.989
307.174
306.556
306.01
305.57
305.312
305.065
305.063
305.194
305.441
305.801
306.307
307.494
311.542
319.02
321.962
319.02
311.542
307.494
306.307
305.801
305.441
305.194
305.063
305.065
305.312
305.57
306.01
306.556
307.174
307.989
309.493
311.925
315.345
321.082
324.142
323.822
320.838
315.192
311.92
309.937
308.842
308.127
307.552
307.143
307.045
307.547
307.471
306.791
306.618
306.732
307.063
307.582
308.569
311.806
318.987
322.012
318.987
311.806
308.569
307.582
307.063
306.732
306.618
306.791
307.471
307.547
307.045
307.143
307.552
308.127
308.842
309.937
311.92
315.192
320.838
323.822
323.428
320.464
315.127
312.322
310.806
309.879
309.197
308.746
308.651
309.133
310.481
310.193
308.785
308.234
308.134
308.393
308.939
309.853
312.28
318.729
321.875
318.729
312.28
309.853
308.939
308.393
308.134
308.234
308.785
310.193
310.481
309.133
308.651
308.746
309.197
309.879
310.806
312.322
315.127
320.464
323.428
322.983
319.992
315.371
313.209
311.946
311.045
310.429
310.234
310.586
311.632
313.455
312.803
310.958
310.044
309.677
309.82
310.394
311.337
313.196
318.52
321.818
318.52
313.196
311.337
310.394
309.82
309.677
310.044
310.958
312.803
313.455
311.632
310.586
310.234
310.429
311.045
311.946
313.209
315.371
319.992
322.983
322.773
319.832
316.196
314.472
313.259
312.361
311.896
312.058
312.847
314.304
316.255
315.305
313.256
312.032
311.385
311.382
311.975
313.003
314.611
318.767
322.201
318.767
314.611
313.003
311.975
311.382
311.385
312.032
313.256
315.305
316.255
314.304
312.847
312.058
311.896
312.361
313.259
314.472
316.196
319.832
322.773
323.242
320.519
317.624
316.003
314.765
313.936
313.725
314.249
315.381
317.154
319.073
317.937
315.738
314.241
313.342
313.169
313.746
314.875
316.505
319.913
323.418
319.913
316.505
314.875
313.746
313.169
313.342
314.241
315.738
317.937
319.073
317.154
315.381
314.249
313.725
313.936
314.765
316.003
317.624
320.519
323.242
324.695
322.265
319.543
317.829
316.61
315.97
316.044
316.813
318.224
320.394
322.302
321.024
318.517
316.737
315.666
315.342
315.842
317.033
318.892
322.367
325.808
322.367
318.892
317.033
315.842
315.342
315.666
316.737
318.517
321.024
322.302
320.394
318.224
316.813
316.044
315.97
316.61
317.829
319.543
322.265
324.695
327.457
325.313
322.202
320.261
319.261
319.055
319.485
320.524
322.485
325.375
327.253
325.835
322.676
320.259
318.936
318.403
318.654
319.815
322.251
326.573
329.535
326.573
322.251
319.815
318.654
318.403
318.936
320.259
322.676
325.835
327.253
325.375
322.485
320.524
319.485
319.055
319.261
320.261
322.202
325.313
327.457
331.6
330.02
327.066
325.08
324.573
324.995
325.947
327.45
329.656
332.047
333.216
332.153
329.512
326.896
325.142
324.196
324.02
325.036
327.857
331.683
333.606
331.683
327.857
325.036
324.02
324.196
325.142
326.896
329.512
332.153
333.216
332.047
329.656
327.45
325.947
324.995
324.573
325.08
327.066
330.02
331.6
333.626
332.538
330.33
328.643
328.063
328.379
329.312
330.791
332.744
334.644
335.493
334.647
332.543
330.281
328.603
327.687
327.627
328.712
331.124
334.018
335.374
334.018
331.124
328.712
327.627
327.687
328.603
330.281
332.543
334.647
335.493
334.644
332.744
330.791
329.312
328.379
328.063
328.643
330.33
332.538
333.626
331.6
330.02
327.066
325.08
324.573
324.995
325.947
327.45
329.656
332.047
333.216
332.153
329.512
326.896
325.142
324.196
324.02
325.036
327.857
331.683
333.606
331.683
327.857
325.036
324.02
324.196
325.142
326.896
329.512
332.153
333.216
332.047
329.656
327.45
325.947
324.995
324.573
325.08
327.066
330.02
331.6
327.457
325.313
322.202
320.261
319.261
319.055
319.485
320.524
322.485
325.375
327.253
325.835
322.676
320.259
318.936
318.403
318.654
319.815
322.251
326.573
329.535
326.573
322.251
319.815
318.654
318.403
318.936
320.259
322.676
325.835
327.253
325.375
322.485
320.524
319.485
319.055
319.261
320.261
322.202
325.313
327.457
324.695
322.265
319.543
317.829
316.61
315.97
316.044
316.813
318.224
320.394
322.302
321.024
318.517
316.737
315.666
315.342
315.842
317.033
318.892
322.367
325.808
322.367
318.892
317.033
315.842
315.342
315.666
316.737
318.517
321.024
322.302
320.394
318.224
316.813
316.044
315.97
316.61
317.829
319.543
322.265
324.695
323.242
320.519
317.624
316.003
314.765
313.936
313.725
314.249
315.381
317.154
319.073
317.937
315.738
314.241
313.342
313.169
313.746
314.875
316.505
319.913
323.418
319.913
316.505
314.875
313.746
313.169
313.342
314.241
315.738
317.937
319.073
317.154
315.381
314.249
313.725
313.936
314.765
316.003
317.624
320.519
323.242
322.773
319.832
316.196
314.472
313.259
312.361
311.896
312.058
312.847
314.304
316.255
315.305
313.256
312.032
311.385
311.382
311.975
313.003
314.611
318.767
322.201
318.767
314.611
313.003
311.975
311.382
311.385
312.032
313.256
315.305
316.255
314.304
312.847
312.058
311.896
312.361
313.259
314.472
316.196
319.832
322.773
322.983
319.992
315.371
313.209
311.946
311.045
310.429
310.234
310.586
311.632
313.455
312.803
310.958
310.044
309.677
309.82
310.394
311.337
313.196
318.52
321.818
318.52
313.196
311.337
310.394
309.82
309.677
310.044
310.958
312.803
313.455
311.632
310.586
310.234
310.429
311.045
311.946
313.209
315.371
319.992
322.983
323.428
320.464
315.127
312.322
310.806
309.879
309.197
308.746
308.651
309.133
310.481
310.193
308.785
308.234
308.134
308.393
308.939
309.853
312.28
318.729
321.875
318.729
312.28
309.853
308.939
308.393
308.134
308.234
308.785
310.193
310.481
309.133
308.651
308.746
309.197
309.879
310.806
312.322
315.127
320.464
323.428
323.822
320.838
315.192
311.92
309.937
308.842
308.127
307.552
307.143
307.045
307.547
307.471
306.791
306.618
306.732
307.063
307.582
308.569
311.806
318.987
322.012
318.987
311.806
308.569
307.582
307.063
306.732
306.618
306.791
307.471
307.547
307.045
307.143
307.552
308.127
308.842
309.937
311.92
315.192
320.838
323.822
324.142
321.082
315.345
311.925
309.493
307.989
307.174
306.556
306.01
305.57
305.312
305.065
305.063
305.194
305.441
305.801
306.307
307.494
311.542
319.02
321.962
319.02
311.542
307.494
306.307
305.801
305.441
305.194
305.063
305.065
305.312
305.57
306.01
306.556
307.174
307.989
309.493
311.925
315.345
321.082
324.142
324.552
321.436
315.62
312.16
309.487
307.451
306.339
305.668
305.085
304.522
303.982
303.468
303.632
303.926
304.23
304.58
305.092
306.571
311.167
318.664
321.551
318.664
311.167
306.571
305.092
304.58
304.23
303.926
303.632
303.468
303.982
304.522
305.085
305.668
306.339
307.451
309.487
312.16
315.62
321.436
324.552
325.174
322.113
316.145
312.542
309.746
307.297
305.675
304.848
304.273
303.671
303.079
302.484
302.471
302.763
303.058
303.37
303.9
305.653
310.4
317.792
320.666
317.792
310.4
305.653
303.9
303.37
303.058
302.763
302.471
302.484
303.079
303.671
304.273
304.848
305.675
307.297
309.746
312.542
316.145
322.113
325.174
325.861
322.993
316.9
313.029
310.098
307.405
305.236
304.063
303.432
302.87
302.296
301.739
301.529
301.685
301.903
302.15
302.681
304.567
309.102
316.348
319.284
316.348
309.102
304.567
302.681
302.15
301.903
301.685
301.529
301.739
302.296
302.87
303.432
304.063
305.236
307.405
310.098
313.029
316.9
322.993
325.861
326.147
323.495
317.462
313.396
310.361
307.542
305.002
303.345
302.583
302.065
301.532
301.04
300.717
300.676
300.753
300.907
301.392
303.222
307.373
314.468
317.532
314.468
307.373
303.222
301.392
300.907
300.753
300.676
300.717
301.04
301.532
302.065
302.583
303.345
305.002
307.542
310.361
313.396
317.462
323.495
326.147
325.544
322.939
317.063
313.099
310.15
307.389
304.775
302.678
301.685
301.176
300.727
300.321
300.012
299.828
299.701
299.698
300.063
301.68
305.51
312.505
315.675
312.505
305.51
301.68
300.063
299.698
299.701
299.828
300.012
300.321
300.727
301.176
301.685
302.678
304.775
307.389
310.15
313.099
317.063
322.939
325.544
323.963
321.19
315.502
311.895
309.189
306.672
304.265
302.04
300.782
300.231
299.86
299.484
299.163
298.909
298.688
298.553
298.769
300.072
303.752
310.793
313.934
310.793
303.752
300.072
298.769
298.553
298.688
298.909
299.163
299.484
299.86
300.231
300.782
302.04
304.265
306.672
309.189
311.895
315.502
321.19
323.963
321.841
318.861
313.518
310.327
307.851
305.585
303.448
301.38
299.915
299.255
298.931
298.571
298.229
297.936
297.689
297.478
297.568
298.511
302.124
309.306
312.24
309.306
302.124
298.511
297.568
297.478
297.689
297.936
298.229
298.571
298.931
299.255
299.915
301.38
303.448
305.585
307.851
310.327
313.518
318.861
321.841
319.784
316.713
311.798
308.906
306.596
304.523
302.599
300.751
299.205
298.348
297.99
297.622
297.227
296.897
296.636
296.415
296.414
297.023
300.454
307.574
310.169
307.574
300.454
297.023
296.414
296.415
296.636
296.897
297.227
297.622
297.99
298.348
299.205
300.751
302.599
304.523
306.596
308.906
311.798
316.713
319.784
318.155
315.086
310.532
307.817
305.612
303.675
301.91
300.243
298.738
297.636
297.131
296.682
296.14
295.768
295.525
295.365
295.289
295.63
298.563
304.939
307.039
304.939
298.563
295.63
295.289
295.365
295.525
295.768
296.14
296.682
297.131
297.636
298.738
300.243
301.91
303.675
305.612
307.817
310.532
315.086
318.155
317.117
314.06
309.768
307.152
304.997
303.135
301.466
299.915
298.485
297.201
296.481
295.814
294.866
294.491
294.312
294.211
294.148
294.321
296.306
300.576
301.861
300.576
296.306
294.321
294.148
294.211
294.312
294.491
294.866
295.814
296.481
297.201
298.485
299.915
301.466
303.135
304.997
307.152
309.768
314.06
317.117
316.759
313.704
309.517
306.933
304.791
302.95
301.313
299.799
298.397
297.04
296.179
295.206
293
293
293
293
293
293
293
293
293
293
293
293
293
293
293
293
293
295.206
296.179
297.04
298.397
299.799
301.313
302.95
304.791
306.933
309.517
313.704
316.759
