-7.3547e-05
-2.6379
-3.19253
-3.16746
-3.12115
-2.88626
-2.44453
-1.9969
-1.64374
-1.39035
-1.21522
-1.09165
-0.999376
-0.926821
-0.873115
-0.849387
-0.87796
-0.988555
-1.20861
-1.54986
-1.98807
-2.54862
-3.30932
-3.73855
-3.95289
-4.76603
-8.70354
-16.5802
-39.915
-62.2141
-52.7212
-32.5561
-23.6802
-19.2463
-16.6278
-14.9181
-13.7212
-12.8323
-12.127
-11.2138
-9.05743
-5.51435
-6.10932
-9.9971
-0.0879824
-1.16248
-2.47999
-3.38026
-3.88222
-4.07642
-4.07642
-3.88222
-3.38026
-2.47999
-1.16248
-0.0879824
-9.9971
-6.10932
-5.51435
-9.05743
-11.2138
-12.127
-12.8323
-13.7212
-14.9181
-16.6278
-19.2463
-23.6802
-32.5561
-52.7212
-62.2141
-39.915
-16.5802
-8.70354
-4.76603
-3.95289
-3.73855
-3.30932
-2.54862
-1.98807
-1.54986
-1.20861
-0.988555
-0.87796
-0.849387
-0.873115
-0.926821
-0.999376
-1.09165
-1.21522
-1.39035
-1.64374
-1.9969
-2.44453
-2.88626
-3.12115
-3.16746
-3.19253
-2.6379
-7.3547e-05
-8.00366e-05
-1.57057
-3.41842
-3.60159
-3.73893
-3.68522
-3.34679
-2.89984
-2.50442
-2.21002
-2.00956
-1.87655
-1.78718
-1.72498
-1.68226
-1.66174
-1.67757
-1.75383
-1.90951
-2.13631
-2.52917
-3.23115
-3.84865
-4.05615
-4.0853
-5.99448
-9.1298
-15.0637
-29.0716
-40.5658
-37.297
-26.8552
-21.3421
-18.0771
-15.9446
-14.4701
-13.405
-12.6042
-11.9718
-11.0279
-8.81917
-5.56671
-6.25465
-9.06746
-0.124662
-1.17928
-2.63141
-3.44637
-3.89685
-4.07595
-4.07595
-3.89685
-3.44637
-2.63141
-1.17928
-0.124662
-9.06746
-6.25465
-5.56671
-8.81917
-11.0279
-11.9718
-12.6042
-13.405
-14.4701
-15.9446
-18.0771
-21.3421
-26.8552
-37.297
-40.5658
-29.0716
-15.0637
-9.1298
-5.99448
-4.0853
-4.05615
-3.84865
-3.23115
-2.52917
-2.13631
-1.90951
-1.75383
-1.67757
-1.66174
-1.68226
-1.72498
-1.78718
-1.87655
-2.00956
-2.21002
-2.50442
-2.89984
-3.34679
-3.68522
-3.73893
-3.60159
-3.41842
-1.57057
-8.00366e-05
-9.32257e-05
-0.433353
-4.46314
-4.72519
-4.80766
-4.73626
-4.44648
-4.00725
-3.54752
-3.17126
-2.90214
-2.72432
-2.61354
-2.54862
-2.51513
-2.50832
-2.52871
-2.57515
-2.66054
-2.92427
-3.47222
-3.9918
-4.22292
-4.47302
-5.88514
-7.22328
-9.29951
-12.8373
-18.0007
-21.9967
-22.2638
-20.1122
-17.9833
-16.169
-14.7454
-13.6546
-12.8218
-12.1846
-11.6941
-10.7119
-8.42002
-5.66011
-6.50293
-7.63344
-0.306606
-1.2516
-2.90574
-3.55847
-3.92647
-4.08393
-4.08393
-3.92647
-3.55847
-2.90574
-1.2516
-0.306606
-7.63344
-6.50293
-5.66011
-8.42002
-10.7119
-11.6941
-12.1846
-12.8218
-13.6546
-14.7454
-16.169
-17.9833
-20.1122
-22.2638
-21.9967
-18.0007
-12.8373
-9.29951
-7.22328
-5.88514
-4.47302
-4.22292
-3.9918
-3.47222
-2.92427
-2.66054
-2.57515
-2.52871
-2.50832
-2.51513
-2.54862
-2.61354
-2.72432
-2.90214
-3.17126
-3.54752
-4.00725
-4.44648
-4.73626
-4.80766
-4.72519
-4.46314
-0.433353
-9.32257e-05
-0.000111058
-0.173402
-7.92234
-5.86584
-5.33565
-5.06632
-4.88848
-4.61062
-4.22642
-3.85341
-3.55378
-3.34161
-3.2041
-3.12337
-3.08639
-3.08154
-3.08828
-3.14451
-3.39445
-3.77981
-4.16425
-4.33561
-4.68909
-5.85068
-6.62957
-7.45307
-8.84835
-11.0049
-13.6016
-15.6724
-16.4144
-16.0383
-15.2175
-14.2936
-13.436
-12.7062
-12.116
-11.6613
-11.3372
-10.3299
-7.94043
-5.73496
-6.61921
-6.16041
-0.952307
-1.43419
-3.22263
-3.71675
-3.96
-4.06032
-4.06032
-3.96
-3.71675
-3.22263
-1.43419
-0.952307
-6.16041
-6.61921
-5.73496
-7.94043
-10.3299
-11.3372
-11.6613
-12.116
-12.7062
-13.436
-14.2936
-15.2175
-16.0383
-16.4144
-15.6724
-13.6016
-11.0049
-8.84835
-7.45307
-6.62957
-5.85068
-4.68909
-4.33561
-4.16425
-3.77981
-3.39445
-3.14451
-3.08828
-3.08154
-3.08639
-3.12337
-3.2041
-3.34161
-3.55378
-3.85341
-4.22642
-4.61062
-4.88848
-5.06632
-5.33565
-5.86584
-7.92234
-0.173402
-0.000111058
-0.000127408
-1.28338
-9.20826
-5.97714
-5.01181
-4.73555
-4.78727
-4.7464
-4.55168
-4.28075
-4.01149
-3.79264
-3.63698
-3.5393
-3.49021
-3.48977
-3.5736
-3.8065
-4.07459
-4.30503
-4.4084
-5.02553
-5.78039
-6.08477
-6.34305
-6.9656
-8.07824
-9.54595
-11.1332
-12.4441
-13.1635
-13.2979
-13.0606
-12.642
-12.1713
-11.7235
-11.3396
-11.0465
-10.872
-9.85853
-7.38661
-5.72098
-6.38272
-4.85429
-3.36897
-0.424851
-3.57481
-4.04136
-4.20188
-4.25868
-4.25868
-4.20188
-4.04136
-3.57481
-0.424851
-3.36897
-4.85429
-6.38272
-5.72098
-7.38661
-9.85853
-10.872
-11.0465
-11.3396
-11.7235
-12.1713
-12.642
-13.0606
-13.2979
-13.1635
-12.4441
-11.1332
-9.54595
-8.07824
-6.9656
-6.34305
-6.08477
-5.78039
-5.02553
-4.4084
-4.30503
-4.07459
-3.8065
-3.5736
-3.48977
-3.49021
-3.5393
-3.63698
-3.79264
-4.01149
-4.28075
-4.55168
-4.7464
-4.78727
-4.73555
-5.01181
-5.97714
-9.20826
-1.28338
-0.000127408
-0.000197008
-6.79706
-7.61148
-5.43303
-4.51398
-4.33414
-4.5433
-4.65469
-4.63736
-4.50619
-4.31894
-4.1344
-3.98383
-3.87584
-3.85009
-3.95616
-4.08606
-4.30278
-4.44784
-4.56457
-5.52547
-5.92547
-5.68051
-5.32189
-5.4415
-6.17745
-7.23202
-8.38607
-9.51558
-10.4559
-11.0764
-11.3606
-11.3842
-11.2429
-11.0174
-10.7666
-10.5327
-10.3531
-10.2747
-9.26749
-6.7682
-5.56931
-5.78456
-3.91763
-2.85338
-0.225267
-4.13081
-4.69253
-4.8547
-4.88035
-4.88035
-4.8547
-4.69253
-4.13081
-0.225267
-2.85338
-3.91763
-5.78456
-5.56931
-6.7682
-9.26749
-10.2747
-10.3531
-10.5327
-10.7666
-11.0174
-11.2429
-11.3842
-11.3606
-11.0764
-10.4559
-9.51558
-8.38607
-7.23202
-6.17745
-5.4415
-5.32189
-5.68051
-5.92547
-5.52547
-4.56457
-4.44784
-4.30278
-4.08606
-3.95616
-3.85009
-3.87584
-3.98383
-4.1344
-4.31894
-4.50619
-4.63736
-4.65469
-4.5433
-4.33414
-4.51398
-5.43303
-7.61148
-6.79706
-0.000197008
-0.000648572
-12.1904
-6.11984
-4.77988
-4.17338
-4.08845
-4.30193
-4.45973
-4.55313
-4.54554
-4.46079
-4.33565
-4.20175
-4.11637
-4.13763
-4.29588
-4.41257
-4.46934
-5.3113
-6.01613
-6.04636
-5.47672
-4.6185
-4.09129
-4.40251
-5.40214
-6.52706
-7.51523
-8.38988
-9.10619
-9.62119
-9.92978
-10.0641
-10.0706
-9.99378
-9.86995
-9.72957
-9.60413
-9.54087
-8.5297
-6.08769
-5.28328
-5.07989
-3.55645
-3.00063
-1.99629
-0.661216
-7.05994
-6.42223
-6.18216
-6.18216
-6.42223
-7.05994
-0.661216
-1.99629
-3.00063
-3.55645
-5.07989
-5.28328
-6.08769
-8.5297
-9.54087
-9.60413
-9.72957
-9.86995
-9.99378
-10.0706
-10.0641
-9.92978
-9.62119
-9.10619
-8.38988
-7.51523
-6.52706
-5.40214
-4.40251
-4.09129
-4.6185
-5.47672
-6.04636
-6.01613
-5.3113
-4.46934
-4.41257
-4.29588
-4.13763
-4.11637
-4.20175
-4.33565
-4.46079
-4.54554
-4.55313
-4.45973
-4.30193
-4.08845
-4.17338
-4.77988
-6.11984
-12.1904
-0.000648572
-0.00198309
-11.5516
-5.15597
-4.28607
-3.95222
-3.92895
-4.06372
-4.20815
-4.34959
-4.42223
-4.41323
-4.33152
-4.23115
-4.1822
-4.27541
-4.42955
-4.8908
-5.68596
-6.02703
-5.815
-5.02767
-3.96465
-3.79279
-3.69368
-3.81899
-5.044
-6.14547
-6.93709
-7.60029
-8.13779
-8.54525
-8.82802
-9.00217
-9.08712
-9.10037
-9.05629
-8.96718
-8.84508
-8.70396
-7.6381
-5.33676
-4.86321
-4.51447
-3.55602
-3.22543
-2.73118
-1.7709
-0.182868
-2.15057
-5.18255
-5.18255
-2.15057
-0.182868
-1.7709
-2.73118
-3.22543
-3.55602
-4.51447
-4.86321
-5.33676
-7.6381
-8.70396
-8.84508
-8.96718
-9.05629
-9.10037
-9.08712
-9.00217
-8.82802
-8.54525
-8.13779
-7.60029
-6.93709
-6.14547
-5.044
-3.81899
-3.69368
-3.79279
-3.96465
-5.02767
-5.815
-6.02703
-5.68596
-4.8908
-4.42955
-4.27541
-4.1822
-4.23115
-4.33152
-4.41323
-4.42223
-4.34959
-4.20815
-4.06372
-3.92895
-3.95222
-4.28607
-5.15597
-11.5516
-0.00198309
-0.00380035
-9.36357
-4.57952
-3.98268
-3.79704
-3.78736
-3.84025
-3.94044
-4.07523
-4.16773
-4.18865
-4.16013
-4.14516
-4.19413
-4.30869
-4.98451
-5.47201
-5.45655
-4.90012
-4.00534
-3.78948
-3.61834
-3.56745
-3.7133
-4.03528
-5.25354
-6.08633
-6.59835
-7.04015
-7.4069
-7.70371
-7.94028
-8.12397
-8.25547
-8.33047
-8.34316
-8.28787
-8.15818
-7.86071
-6.70482
-4.6341
-4.50904
-4.19629
-3.6525
-3.45637
-3.19416
-2.91659
-0.37959
-0.000141115
-0.000111081
-0.000111081
-0.000141115
-0.37959
-2.91659
-3.19416
-3.45637
-3.6525
-4.19629
-4.50904
-4.6341
-6.70482
-7.86071
-8.15818
-8.28787
-8.34316
-8.33047
-8.25547
-8.12397
-7.94028
-7.70371
-7.4069
-7.04015
-6.59835
-6.08633
-5.25354
-4.03528
-3.7133
-3.56745
-3.61834
-3.78948
-4.00534
-4.90012
-5.45655
-5.47201
-4.98451
-4.30869
-4.19413
-4.14516
-4.16013
-4.18865
-4.16773
-4.07523
-3.94044
-3.84025
-3.78736
-3.79704
-3.98268
-4.57952
-9.36357
-0.00380035
-0.00479962
-7.52033
-4.1851
-3.78248
-3.67455
-3.65829
-3.65076
-3.68714
-3.76845
-3.85056
-3.93055
-4.01708
-4.08461
-4.14168
-4.52526
-4.64437
-4.27404
-3.89605
-3.72741
-3.51502
-3.26804
-3.21347
-3.51756
-3.8492
-4.76712
-5.74201
-6.15232
-6.38613
-6.61192
-6.81262
-6.99813
-7.18376
-7.37122
-7.54354
-7.67508
-7.74173
-7.72314
-7.60239
-7.10753
-5.83815
-4.62795
-4.40951
-4.09506
-3.76329
-3.64098
-3.51705
-3.42866
-3.508
-0.00596336
-5.44515e-05
-5.44515e-05
-0.00596336
-3.508
-3.42866
-3.51705
-3.64098
-3.76329
-4.09506
-4.40951
-4.62795
-5.83815
-7.10753
-7.60239
-7.72314
-7.74173
-7.67508
-7.54354
-7.37122
-7.18376
-6.99813
-6.81262
-6.61192
-6.38613
-6.15232
-5.74201
-4.76712
-3.8492
-3.51756
-3.21347
-3.26804
-3.51502
-3.72741
-3.89605
-4.27404
-4.64437
-4.52526
-4.14168
-4.08461
-4.01708
-3.93055
-3.85056
-3.76845
-3.68714
-3.65076
-3.65829
-3.67455
-3.78248
-4.1851
-7.52033
-0.00479962
-0.00447151
-6.25954
-3.90846
-3.64009
-3.58002
-3.55866
-3.50978
-3.49073
-3.5542
-3.7043
-3.89196
-4.03519
-4.06694
-4.01133
-3.92194
-3.82189
-3.64142
-3.39124
-3.14249
-2.85874
-2.54651
-3.12823
-3.70646
-4.07005
-5.55427
-6.13697
-6.18262
-6.20563
-6.24029
-6.27988
-6.35255
-6.49164
-6.69631
-6.92505
-7.12577
-7.25766
-7.2887
-7.16659
-6.45171
-5.04036
-4.63268
-4.43318
-4.09998
-3.87134
-3.76228
-3.7328
-3.78135
-4.18215
-0.152588
-3.81339e-05
-3.81339e-05
-0.152588
-4.18215
-3.78135
-3.7328
-3.76228
-3.87134
-4.09998
-4.43318
-4.63268
-5.04036
-6.45171
-7.16659
-7.2887
-7.25766
-7.12577
-6.92505
-6.69631
-6.49164
-6.35255
-6.27988
-6.24029
-6.20563
-6.18262
-6.13697
-5.55427
-4.07005
-3.70646
-3.12823
-2.54651
-2.85874
-3.14249
-3.39124
-3.64142
-3.82189
-3.92194
-4.01133
-4.06694
-4.03519
-3.89196
-3.7043
-3.5542
-3.49073
-3.50978
-3.55866
-3.58002
-3.64009
-3.90846
-6.25954
-0.00447151
-0.00365471
-5.67064
-3.76656
-3.56703
-3.53402
-3.50737
-3.44471
-3.46711
-3.64264
-3.88448
-4.06127
-4.0994
-3.99009
-3.76188
-3.50349
-3.29386
-3.10168
-2.77853
-2.24559
-1.81688
-2.58272
-3.45987
-3.88713
-5.03965
-6.14343
-6.31619
-6.15905
-6.0255
-5.88748
-5.75678
-5.7014
-5.80256
-6.05993
-6.38307
-6.67911
-6.89704
-7.00631
-6.83159
-5.89945
-4.48727
-4.53226
-4.39223
-4.13792
-3.97282
-3.85248
-3.86187
-4.03397
-4.50985
-1.25274
-3.95681e-05
-3.95681e-05
-1.25274
-4.50985
-4.03397
-3.86187
-3.85248
-3.97282
-4.13792
-4.39223
-4.53226
-4.48727
-5.89945
-6.83159
-7.00631
-6.89704
-6.67911
-6.38307
-6.05993
-5.80256
-5.7014
-5.75678
-5.88748
-6.0255
-6.15905
-6.31619
-6.14343
-5.03965
-3.88713
-3.45987
-2.58272
-1.81688
-2.24559
-2.77853
-3.10168
-3.29386
-3.50349
-3.76188
-3.99009
-4.0994
-4.06127
-3.88448
-3.64264
-3.46711
-3.44471
-3.50737
-3.53402
-3.56703
-3.76656
-5.67064
-0.00365471
-0.00320171
-5.75544
-3.78211
-3.57982
-3.54549
-3.51927
-3.5231
-3.69248
-3.95905
-4.15112
-4.17991
-4.03613
-3.75466
-3.40614
-3.06626
-2.73037
-2.32309
-1.88437
-1.40903
-2.03493
-3.31523
-3.77851
-4.05575
-5.87567
-6.50454
-6.36316
-6.12162
-5.8643
-5.55836
-5.21068
-4.97005
-5.04698
-5.43694
-5.92084
-6.34214
-6.66239
-6.87537
-6.59409
-5.42367
-4.59294
-4.49421
-4.33559
-4.20174
-4.08208
-3.94645
-3.94371
-4.15655
-4.61988
-4.83994
-7.4237e-05
-7.4237e-05
-4.83994
-4.61988
-4.15655
-3.94371
-3.94645
-4.08208
-4.20174
-4.33559
-4.49421
-4.59294
-5.42367
-6.59409
-6.87537
-6.66239
-6.34214
-5.92084
-5.43694
-5.04698
-4.97005
-5.21068
-5.55836
-5.8643
-6.12162
-6.36316
-6.50454
-5.87567
-4.05575
-3.77851
-3.31523
-2.03493
-1.40903
-1.88437
-2.32309
-2.73037
-3.06626
-3.40614
-3.75466
-4.03613
-4.17991
-4.15112
-3.95905
-3.69248
-3.5231
-3.51927
-3.54549
-3.57982
-3.78211
-5.75544
-0.00320171
-0.00329994
-6.50904
-3.93929
-3.65599
-3.59921
-3.62665
-3.76768
-4.02091
-4.22479
-4.25604
-4.09709
-3.78075
-3.38937
-3.01017
-2.63576
-2.17747
-1.64332
-1.00042
-1.73939
-3.11712
-3.68521
-3.95326
-5.12031
-6.44879
-6.65632
-6.39585
-6.11549
-5.77648
-5.26886
-4.61942
-4.14679
-4.26369
-4.88355
-5.59169
-6.14222
-6.55296
-6.84426
-6.40299
-4.93529
-4.66142
-4.49149
-4.27424
-4.26208
-4.19338
-4.05804
-4.00845
-4.18396
-4.62936
-7.52973
-0.000223167
-0.000223167
-7.52973
-4.62936
-4.18396
-4.00845
-4.05804
-4.19338
-4.26208
-4.27424
-4.49149
-4.66142
-4.93529
-6.40299
-6.84426
-6.55296
-6.14222
-5.59169
-4.88355
-4.26369
-4.14679
-4.61942
-5.26886
-5.77648
-6.11549
-6.39585
-6.65632
-6.44879
-5.12031
-3.95326
-3.68521
-3.11712
-1.73939
-1.00042
-1.64332
-2.17747
-2.63576
-3.01017
-3.38937
-3.78075
-4.09709
-4.25604
-4.22479
-4.02091
-3.76768
-3.62665
-3.59921
-3.65599
-3.93929
-6.50904
-0.00329994
-0.00363444
-8.06853
-4.19834
-3.76232
-3.70425
-3.84529
-4.06585
-4.25508
-4.2979
-4.14105
-3.82009
-3.43016
-3.06719
-2.67421
-2.1414
-1.4848
-0.748027
-0.976736
-2.91812
-3.72958
-3.94174
-4.04607
-6.05
-6.81285
-6.71433
-6.46522
-6.18994
-5.76113
-4.98152
-3.98452
-3.77688
-3.72358
-4.57552
-5.48755
-6.1215
-6.58505
-6.86563
-6.23791
-4.4841
-4.53555
-4.33291
-4.15814
-4.26844
-4.27914
-4.17661
-4.08711
-4.20799
-4.65593
-8.56453
-0.000534319
-0.000534319
-8.56453
-4.65593
-4.20799
-4.08711
-4.17661
-4.27914
-4.26844
-4.15814
-4.33291
-4.53555
-4.4841
-6.23791
-6.86563
-6.58505
-6.1215
-5.48755
-4.57552
-3.72358
-3.77688
-3.98452
-4.98152
-5.76113
-6.18994
-6.46522
-6.71433
-6.81285
-6.05
-4.04607
-3.94174
-3.72958
-2.91812
-0.976736
-0.748027
-1.4848
-2.1414
-2.67421
-3.06719
-3.43016
-3.82009
-4.14105
-4.2979
-4.25508
-4.06585
-3.84529
-3.70425
-3.76232
-4.19834
-8.06853
-0.00363444
-0.0036736
-10.7603
-4.56113
-3.91982
-3.88743
-4.10526
-4.27505
-4.30641
-4.16949
-3.85901
-3.481
-3.1268
-2.71005
-2.13531
-1.41917
-0.647946
-0.451817
-2.58134
-3.60967
-3.95193
-4.06826
-5.21665
-6.67232
-6.97453
-6.78118
-6.57825
-6.31327
-5.69148
-4.49575
-3.93906
-3.68203
-3.65661
-4.58933
-5.62745
-6.27651
-6.75593
-6.92816
-6.08591
-4.58443
-4.41825
-4.05674
-3.97477
-4.1942
-4.3096
-4.27797
-4.1999
-4.30665
-4.78742
-9.28536
-0.000836226
-0.000836226
-9.28536
-4.78742
-4.30665
-4.1999
-4.27797
-4.3096
-4.1942
-3.97477
-4.05674
-4.41825
-4.58443
-6.08591
-6.92816
-6.75593
-6.27651
-5.62745
-4.58933
-3.65661
-3.68203
-3.93906
-4.49575
-5.69148
-6.31327
-6.57825
-6.78118
-6.97453
-6.67232
-5.21665
-4.06826
-3.95193
-3.60967
-2.58134
-0.451817
-0.647946
-1.41917
-2.13531
-2.71005
-3.1268
-3.481
-3.85901
-4.16949
-4.30641
-4.27505
-4.10526
-3.88743
-3.91982
-4.56113
-10.7603
-0.0036736
-0.00296476
-14.4305
-5.11388
-4.19116
-4.11272
-4.28803
-4.32765
-4.18341
-3.90569
-3.53698
-3.17119
-2.71855
-2.11614
-1.36769
-0.578881
-0.280422
-1.74857
-3.13226
-3.94693
-4.10005
-4.16017
-6.21352
-7.04468
-7.02639
-6.86955
-6.71973
-6.30038
-5.23476
-4.07229
-3.76678
-3.51837
-3.63321
-4.79639
-5.90827
-6.53166
-7.00358
-7.01044
-5.92804
-4.73893
-4.43677
-3.78409
-3.74702
-4.03921
-4.26529
-4.33163
-4.33238
-4.49833
-5.05111
-10.0793
-0.000857091
-0.000857091
-10.0793
-5.05111
-4.49833
-4.33238
-4.33163
-4.26529
-4.03921
-3.74702
-3.78409
-4.43677
-4.73893
-5.92804
-7.01044
-7.00358
-6.53166
-5.90827
-4.79639
-3.63321
-3.51837
-3.76678
-4.07229
-5.23476
-6.30038
-6.71973
-6.86955
-7.02639
-7.04468
-6.21352
-4.16017
-4.10005
-3.94693
-3.13226
-1.74857
-0.280422
-0.578881
-1.36769
-2.11614
-2.71855
-3.17119
-3.53698
-3.90569
-4.18341
-4.32765
-4.28803
-4.11272
-4.19116
-5.11388
-14.4305
-0.00296476
-0.0017383
-18.8531
-6.01622
-4.64134
-4.30516
-4.29995
-4.22142
-3.94523
-3.60319
-3.20615
-2.70226
-2.0607
-1.2753
-0.480721
-0.236025
-1.04932
-2.4265
-3.6381
-4.10524
-4.16548
-5.37433
-6.83308
-7.17796
-7.0616
-6.96014
-6.73668
-5.90526
-4.23033
-3.94276
-3.44886
-3.3402
-3.62167
-5.01771
-6.19959
-6.79514
-7.24358
-7.08665
-5.75994
-4.83256
-4.47358
-3.56642
-3.5009
-3.8142
-4.13515
-4.30859
-4.44694
-4.74999
-5.41472
-10.7172
-0.000592349
-0.000592349
-10.7172
-5.41472
-4.74999
-4.44694
-4.30859
-4.13515
-3.8142
-3.5009
-3.56642
-4.47358
-4.83256
-5.75994
-7.08665
-7.24358
-6.79514
-6.19959
-5.01771
-3.62167
-3.3402
-3.44886
-3.94276
-4.23033
-5.90526
-6.73668
-6.96014
-7.0616
-7.17796
-6.83308
-5.37433
-4.16548
-4.10524
-3.6381
-2.4265
-1.04932
-0.236025
-0.480721
-1.2753
-2.0607
-2.70226
-3.20615
-3.60319
-3.94523
-4.22142
-4.29995
-4.30516
-4.64134
-6.01622
-18.8531
-0.0017383
-0.00071663
-19.6229
-7.58791
-5.4055
-4.51848
-4.17682
-4.00867
-3.65607
-3.23953
-2.672
-1.96749
-1.10602
-0.324825
-0.279057
-0.855866
-1.86855
-2.97143
-3.91924
-4.19099
-4.37083
-6.35535
-7.15718
-7.17729
-7.08729
-6.97131
-6.41611
-4.92541
-3.98519
-3.68737
-2.9956
-3.2168
-3.60967
-5.13976
-6.41023
-7.00787
-7.41907
-7.12919
-5.61073
-4.85099
-4.48567
-3.43924
-3.27947
-3.53991
-3.91413
-4.18881
-4.48856
-4.96392
-5.75317
-10.2166
-0.000298757
-0.000298757
-10.2166
-5.75317
-4.96392
-4.48856
-4.18881
-3.91413
-3.53991
-3.27947
-3.43924
-4.48567
-4.85099
-5.61073
-7.12919
-7.41907
-7.00787
-6.41023
-5.13976
-3.60967
-3.2168
-2.9956
-3.68737
-3.98519
-4.92541
-6.41611
-6.97131
-7.08729
-7.17729
-7.15718
-6.35535
-4.37083
-4.19099
-3.91924
-2.97143
-1.86855
-0.855866
-0.279057
-0.324825
-1.10602
-1.96749
-2.672
-3.23953
-3.65607
-4.00867
-4.17682
-4.51848
-5.4055
-7.58791
-19.6229
-0.00071663
-0.000272748
-12.7147
-9.48943
-6.27234
-4.80303
-4.10314
-3.758
-3.25777
-2.62073
-1.81453
-0.825325
-0.198825
-0.439239
-0.964484
-1.67068
-2.49894
-3.54018
-4.11786
-4.21233
-5.55534
-6.89872
-7.21943
-7.14382
-7.08011
-6.71008
-5.49819
-3.97248
-3.78939
-3.26482
-2.44009
-3.16265
-3.58864
-5.10232
-6.49888
-7.14211
-7.50273
-7.11553
-5.48481
-4.8118
-4.47741
-3.44695
-3.16357
-3.27625
-3.61891
-3.96355
-4.37669
-4.9506
-5.80348
-7.40976
-0.000147165
-0.000147165
-7.40976
-5.80348
-4.9506
-4.37669
-3.96355
-3.61891
-3.27625
-3.16357
-3.44695
-4.47741
-4.8118
-5.48481
-7.11553
-7.50273
-7.14211
-6.49888
-5.10232
-3.58864
-3.16265
-2.44009
-3.26482
-3.78939
-3.97248
-5.49819
-6.71008
-7.08011
-7.14382
-7.21943
-6.89872
-5.55534
-4.21233
-4.11786
-3.54018
-2.49894
-1.67068
-0.964484
-0.439239
-0.198825
-0.825325
-1.81453
-2.62073
-3.25777
-3.758
-4.10314
-4.80303
-6.27234
-9.48943
-12.7147
-0.000272748
-0.00015674
-2.36378
-10.4214
-6.25584
-4.79548
-3.91356
-3.27065
-2.47067
-1.49167
-0.442349
-0.430909
-0.826681
-1.30268
-1.81956
-2.37184
-3.04212
-3.82187
-4.21395
-4.62591
-6.42333
-7.12082
-7.1507
-7.10102
-6.88886
-5.96597
-4.05875
-3.85363
-3.54057
-2.58278
-2.13816
-3.17726
-3.56722
-4.92065
-6.47772
-7.19632
-7.49545
-7.04212
-5.37769
-4.74759
-4.48105
-3.5998
-3.23648
-3.14773
-3.33655
-3.65829
-4.05507
-4.53748
-5.27004
-2.5829
-0.000103498
-0.000103498
-2.5829
-5.27004
-4.53748
-4.05507
-3.65829
-3.33655
-3.14773
-3.23648
-3.5998
-4.48105
-4.74759
-5.37769
-7.04212
-7.49545
-7.19632
-6.47772
-4.92065
-3.56722
-3.17726
-2.13816
-2.58278
-3.54057
-3.85363
-4.05875
-5.96597
-6.88886
-7.10102
-7.1507
-7.12082
-6.42333
-4.62591
-4.21395
-3.82187
-3.04212
-2.37184
-1.81956
-1.30268
-0.826681
-0.430909
-0.442349
-1.49167
-2.47067
-3.27065
-3.91356
-4.79548
-6.25584
-10.4214
-2.36378
-0.00015674
-0.000116853
-0.131208
-6.66854
-4.15212
-3.38731
-2.74642
-1.91357
-1.02695
-0.775385
-1.08867
-1.42801
-1.75757
-2.11628
-2.49503
-2.87541
-3.50669
-4.08935
-4.23094
-5.6829
-6.82544
-7.09068
-7.05462
-6.93675
-6.29687
-4.66382
-3.88795
-3.7328
-3.30101
-1.79231
-2.24182
-3.22519
-3.54668
-4.64263
-6.38127
-7.1809
-7.41468
-6.9199
-5.27931
-4.6716
-4.50271
-3.84325
-3.48823
-3.26149
-3.23729
-3.39927
-3.62644
-3.84701
-4.16484
-0.669772
-8.80745e-05
-8.80745e-05
-0.669772
-4.16484
-3.84701
-3.62644
-3.39927
-3.23729
-3.26149
-3.48823
-3.84325
-4.50271
-4.6716
-5.27931
-6.9199
-7.41468
-7.1809
-6.38127
-4.64263
-3.54668
-3.22519
-2.24182
-1.79231
-3.30101
-3.7328
-3.88795
-4.66382
-6.29687
-6.93675
-7.05462
-7.09068
-6.82544
-5.6829
-4.23094
-4.08935
-3.50669
-2.87541
-2.49503
-2.11628
-1.75757
-1.42801
-1.08867
-0.775385
-1.02695
-1.91357
-2.74642
-3.38731
-4.15212
-6.66854
-0.131208
-0.000116853
-8.05363e-05
-0.0160249
-1.5157
-1.67797
-1.69764
-1.67972
-1.63222
-1.67181
-1.82562
-2.03704
-2.27889
-2.51991
-2.75537
-2.987
-3.32459
-3.87225
-4.24028
-4.81472
-6.33535
-6.91524
-6.95589
-6.90724
-6.47368
-5.14065
-3.88204
-3.80446
-3.62352
-2.9669
-1.04005
-2.59242
-3.25446
-3.52139
-4.29443
-6.2215
-7.10203
-7.28355
-6.76643
-5.1802
-4.58047
-4.51938
-4.09574
-3.81252
-3.56849
-3.41275
-3.3771
-3.38691
-3.34576
-3.15906
-0.185637
-7.11537e-05
-7.11537e-05
-0.185637
-3.15906
-3.34576
-3.38691
-3.3771
-3.41275
-3.56849
-3.81252
-4.09574
-4.51938
-4.58047
-5.1802
-6.76643
-7.28355
-7.10203
-6.2215
-4.29443
-3.52139
-3.25446
-2.59242
-1.04005
-2.9669
-3.62352
-3.80446
-3.88204
-5.14065
-6.47368
-6.90724
-6.95589
-6.91524
-6.33535
-4.81472
-4.24028
-3.87225
-3.32459
-2.987
-2.75537
-2.51991
-2.27889
-2.03704
-1.82562
-1.67181
-1.63222
-1.67972
-1.69764
-1.67797
-1.5157
-0.0160249
-8.05363e-05
-6.37575e-05
-0.169708
-2.88712
-2.65767
-2.64382
-2.67997
-2.70376
-2.72495
-2.79035
-2.89089
-3.01602
-3.15497
-3.30449
-3.47598
-3.825
-4.18812
-4.24961
-5.60109
-6.56197
-6.80757
-6.81771
-6.55134
-5.50338
-3.86976
-3.82593
-3.76851
-3.51246
-2.65881
-0.843512
-2.85426
-3.25058
-3.50743
-3.91769
-5.99099
-6.95913
-7.1336
-6.60237
-5.07777
-4.46796
-4.50302
-4.2924
-4.10121
-3.91307
-3.74161
-3.6106
-3.50253
-3.33923
-2.9297
-0.110821
-5.75574e-05
-5.75574e-05
-0.110821
-2.9297
-3.33923
-3.50253
-3.6106
-3.74161
-3.91307
-4.10121
-4.2924
-4.50302
-4.46796
-5.07777
-6.60237
-7.1336
-6.95913
-5.99099
-3.91769
-3.50743
-3.25058
-2.85426
-0.843512
-2.65881
-3.51246
-3.76851
-3.82593
-3.86976
-5.50338
-6.55134
-6.81771
-6.80757
-6.56197
-5.60109
-4.24961
-4.18812
-3.825
-3.47598
-3.30449
-3.15497
-3.01602
-2.89089
-2.79035
-2.72495
-2.70376
-2.67997
-2.64382
-2.65767
-2.88712
-0.169708
-6.37575e-05
-6.63327e-05
-1.00361
-4.49929
-3.83638
-3.61422
-3.54278
-3.53659
-3.52288
-3.54288
-3.58763
-3.65111
-3.73319
-3.83199
-3.97805
-4.19734
-4.30869
-4.6984
-5.98073
-6.55202
-6.66402
-6.54586
-5.7675
-4.05918
-3.82295
-3.82014
-3.73563
-3.30512
-1.25171
-0.955391
-2.87096
-3.22258
-3.52617
-3.80321
-5.6737
-6.75775
-6.99218
-6.44463
-4.97677
-4.33795
-4.43703
-4.39663
-4.2948
-4.17985
-4.04704
-3.91744
-3.80714
-3.65789
-3.31522
-0.157461
-4.94327e-05
-4.94327e-05
-0.157461
-3.31522
-3.65789
-3.80714
-3.91744
-4.04704
-4.17985
-4.2948
-4.39663
-4.43703
-4.33795
-4.97677
-6.44463
-6.99218
-6.75775
-5.6737
-3.80321
-3.52617
-3.22258
-2.87096
-0.955391
-1.25171
-3.30512
-3.73563
-3.82014
-3.82295
-4.05918
-5.7675
-6.54586
-6.66402
-6.55202
-5.98073
-4.6984
-4.30869
-4.19734
-3.97805
-3.83199
-3.73319
-3.65111
-3.58763
-3.54288
-3.52288
-3.53659
-3.54278
-3.61422
-3.83638
-4.49929
-1.00361
-6.63327e-05
-7.79212e-05
-3.07943
-5.57473
-4.61631
-4.17497
-4.03767
-4.05428
-4.05073
-4.06993
-4.10405
-4.14824
-4.19881
-4.24416
-4.32688
-4.33282
-4.2049
-5.15599
-6.0946
-6.43718
-6.44747
-5.92123
-4.4694
-3.8096
-3.82918
-3.86681
-3.61377
-2.50817
-0.0749949
-1.11351
-2.7645
-3.20366
-3.56825
-3.83456
-5.27539
-6.51001
-6.8566
-6.29571
-4.88359
-4.20203
-4.32086
-4.39665
-4.37419
-4.32689
-4.24372
-4.14796
-4.08387
-4.01687
-3.861
-0.300619
-4.6113e-05
-4.6113e-05
-0.300619
-3.861
-4.01687
-4.08387
-4.14796
-4.24372
-4.32689
-4.37419
-4.39665
-4.32086
-4.20203
-4.88359
-6.29571
-6.8566
-6.51001
-5.27539
-3.83456
-3.56825
-3.20366
-2.7645
-1.11351
-0.0749949
-2.50817
-3.61377
-3.86681
-3.82918
-3.8096
-4.4694
-5.92123
-6.44747
-6.43718
-6.0946
-5.15599
-4.2049
-4.33282
-4.32688
-4.24416
-4.19881
-4.14824
-4.10405
-4.06993
-4.05073
-4.05428
-4.03767
-4.17497
-4.61631
-5.57473
-3.07943
-7.79212e-05
-8.88726e-05
-5.77951
-6.0717
-4.96044
-4.41062
-4.2586
-4.32254
-4.34663
-4.3793
-4.40814
-4.42837
-4.43525
-4.42144
-4.38707
-4.23586
-4.12868
-5.39143
-6.10767
-6.2858
-5.98241
-4.80397
-3.80056
-3.8233
-3.93347
-3.86555
-3.30646
-0.740894
-0.144572
-1.36435
-2.73053
-3.23216
-3.61285
-3.87055
-4.81976
-6.22003
-6.69063
-6.14037
-4.79978
-4.0737
-4.16878
-4.30121
-4.34443
-4.35233
-4.31881
-4.261
-4.24606
-4.26621
-4.27821
-0.551119
-4.56005e-05
-4.56005e-05
-0.551119
-4.27821
-4.26621
-4.24606
-4.261
-4.31881
-4.35233
-4.34443
-4.30121
-4.16878
-4.0737
-4.79978
-6.14037
-6.69063
-6.22003
-4.81976
-3.87055
-3.61285
-3.23216
-2.73053
-1.36435
-0.144572
-0.740894
-3.30646
-3.86555
-3.93347
-3.8233
-3.80056
-4.80397
-5.98241
-6.2858
-6.10767
-5.39143
-4.12868
-4.23586
-4.38707
-4.42144
-4.43525
-4.42837
-4.40814
-4.3793
-4.34663
-4.32254
-4.2586
-4.41062
-4.96044
-6.0717
-5.77951
-8.88726e-05
-9.49866e-05
-7.40891
-6.15592
-5.03741
-4.47592
-4.32793
-4.4062
-4.42869
-4.44664
-4.44716
-4.42872
-4.38944
-4.32727
-4.19163
-4.01455
-4.5168
-5.59728
-6.09885
-5.97646
-5.06172
-3.80206
-3.81257
-3.93352
-3.98075
-3.64111
-2.45169
-0.0348499
-0.446369
-1.69025
-2.82036
-3.29875
-3.62836
-3.86588
-4.35025
-5.86622
-6.44015
-5.95286
-4.71888
-3.96515
-4.00516
-4.13656
-4.22733
-4.27261
-4.28415
-4.26559
-4.28941
-4.36439
-4.46151
-0.873175
-4.59693e-05
-4.59693e-05
-0.873175
-4.46151
-4.36439
-4.28941
-4.26559
-4.28415
-4.27261
-4.22733
-4.13656
-4.00516
-3.96515
-4.71888
-5.95286
-6.44015
-5.86622
-4.35025
-3.86588
-3.62836
-3.29875
-2.82036
-1.69025
-0.446369
-0.0348499
-2.45169
-3.64111
-3.98075
-3.93352
-3.81257
-3.80206
-5.06172
-5.97646
-6.09885
-5.59728
-4.5168
-4.01455
-4.19163
-4.32727
-4.38944
-4.42872
-4.44716
-4.44664
-4.42869
-4.4062
-4.32793
-4.47592
-5.03741
-6.15592
-7.40891
-9.49866e-05
-9.59304e-05
-7.02399
-6.01437
-4.96955
-4.4374
-4.2814
-4.32739
-4.3089
-4.27805
-4.22942
-4.16922
-4.1028
-4.02851
-3.92181
-3.84319
-4.96853
-5.8416
-5.97054
-5.29041
-3.81446
-3.8083
-3.90914
-4.03608
-3.82062
-3.07801
-0.678225
-0.00799855
-0.722997
-2.02263
-2.9819
-3.36436
-3.58534
-3.8141
-4.06392
-5.42621
-6.0495
-5.69687
-4.62408
-3.8859
-3.85944
-3.94295
-4.05782
-4.11889
-4.16207
-4.18178
-4.23217
-4.32221
-4.42432
-1.17965
-4.60351e-05
-4.60351e-05
-1.17965
-4.42432
-4.32221
-4.23217
-4.18178
-4.16207
-4.11889
-4.05782
-3.94295
-3.85944
-3.8859
-4.62408
-5.69687
-6.0495
-5.42621
-4.06392
-3.8141
-3.58534
-3.36436
-2.9819
-2.02263
-0.722997
-0.00799855
-0.678225
-3.07801
-3.82062
-4.03608
-3.90914
-3.8083
-3.81446
-5.29041
-5.97054
-5.8416
-4.96853
-3.84319
-3.92181
-4.02851
-4.1028
-4.16922
-4.22942
-4.27805
-4.3089
-4.32739
-4.2814
-4.4374
-4.96955
-6.01437
-7.02399
-9.59304e-05
-9.26069e-05
-5.26485
-5.69101
-4.77745
-4.30275
-4.13054
-4.11511
-4.03792
-3.95073
-3.86064
-3.78497
-3.73309
-3.74768
-3.77589
-4.11076
-5.41549
-5.93632
-5.50659
-4.16148
-3.8146
-3.86228
-4.01872
-3.95564
-3.46899
-2.19385
-0.0288264
-0.0877981
-1.11567
-2.32406
-3.15509
-3.40684
-3.51318
-3.79115
-4.10299
-4.8802
-5.45657
-5.29853
-4.48595
-3.84436
-3.76314
-3.76953
-3.87846
-3.93793
-3.99115
-4.04077
-4.1057
-4.18245
-4.24214
-1.39397
-4.54088e-05
-4.54088e-05
-1.39397
-4.24214
-4.18245
-4.1057
-4.04077
-3.99115
-3.93793
-3.87846
-3.76953
-3.76314
-3.84436
-4.48595
-5.29853
-5.45657
-4.8802
-4.10299
-3.79115
-3.51318
-3.40684
-3.15509
-2.32406
-1.11567
-0.0877981
-0.0288264
-2.19385
-3.46899
-3.95564
-4.01872
-3.86228
-3.8146
-4.16148
-5.50659
-5.93632
-5.41549
-4.11076
-3.77589
-3.74768
-3.73309
-3.78497
-3.86064
-3.95073
-4.03792
-4.11511
-4.13054
-4.30275
-4.77745
-5.69101
-5.26485
-9.26069e-05
-8.63007e-05
-3.31631
-5.19045
-4.4576
-4.07137
-3.89364
-3.81991
-3.70598
-3.59805
-3.51219
-3.46667
-3.49202
-3.62309
-3.74625
-4.76138
-5.71965
-5.66549
-4.58225
-3.86717
-3.81246
-3.91861
-3.99328
-3.67156
-2.86715
-0.998767
-0.000994491
-0.470224
-1.5953
-2.62363
-3.30748
-3.4163
-3.46341
-3.81639
-4.13382
-4.32161
-4.66628
-4.66683
-4.26865
-3.85412
-3.74551
-3.66359
-3.72995
-3.78623
-3.82944
-3.89288
-3.96021
-4.00947
-4.00965
-1.50487
-4.42674e-05
-4.42674e-05
-1.50487
-4.00965
-4.00947
-3.96021
-3.89288
-3.82944
-3.78623
-3.72995
-3.66359
-3.74551
-3.85412
-4.26865
-4.66683
-4.66628
-4.32161
-4.13382
-3.81639
-3.46341
-3.4163
-3.30748
-2.62363
-1.5953
-0.470224
-0.000994491
-0.998767
-2.86715
-3.67156
-3.99328
-3.91861
-3.81246
-3.86717
-4.58225
-5.66549
-5.71965
-4.76138
-3.74625
-3.62309
-3.49202
-3.46667
-3.51219
-3.59805
-3.70598
-3.81991
-3.89364
-4.07137
-4.4576
-5.19045
-3.31631
-8.63007e-05
-7.88864e-05
-1.89265
-4.59633
-4.076
-3.80116
-3.64442
-3.54521
-3.43898
-3.36043
-3.32421
-3.34011
-3.48499
-3.64069
-3.8555
-5.21964
-5.62516
-4.90489
-3.96742
-3.84771
-3.76786
-3.86913
-3.77286
-3.24572
-2.045
-0.0781489
-0.0103049
-0.84103
-2.07312
-2.94128
-3.4264
-3.39573
-3.47738
-3.88501
-4.18306
-4.20495
-4.03665
-3.94433
-4.03117
-3.93521
-3.82302
-3.65954
-3.64153
-3.70597
-3.73624
-3.79403
-3.85119
-3.86664
-3.80571
-1.55608
-4.30538e-05
-4.30538e-05
-1.55608
-3.80571
-3.86664
-3.85119
-3.79403
-3.73624
-3.70597
-3.64153
-3.65954
-3.82302
-3.93521
-4.03117
-3.94433
-4.03665
-4.20495
-4.18306
-3.88501
-3.47738
-3.39573
-3.4264
-2.94128
-2.07312
-0.84103
-0.0103049
-0.0781489
-2.045
-3.24572
-3.77286
-3.86913
-3.76786
-3.84771
-3.96742
-4.90489
-5.62516
-5.21964
-3.8555
-3.64069
-3.48499
-3.34011
-3.32421
-3.36043
-3.43898
-3.54521
-3.64442
-3.80116
-4.076
-4.59633
-1.89265
-7.88864e-05
-7.27134e-05
-1.09788
-4.09333
-3.77959
-3.61647
-3.5078
-3.42478
-3.35613
-3.32546
-3.33627
-3.41078
-3.59153
-3.71666
-4.45788
-5.22957
-4.97558
-4.06404
-3.96071
-3.71619
-3.64448
-3.69299
-3.38964
-2.66839
-1.23093
-0.00387452
-0.119133
-1.33756
-2.49089
-3.23304
-3.49346
-3.37582
-3.58044
-4.02735
-4.29526
-4.2438
-3.97345
-3.84499
-3.97272
-4.05569
-3.96486
-3.75619
-3.62852
-3.69113
-3.73452
-3.77353
-3.8088
-3.78735
-3.66769
-1.6019
-4.22083e-05
-4.22083e-05
-1.6019
-3.66769
-3.78735
-3.8088
-3.77353
-3.73452
-3.69113
-3.62852
-3.75619
-3.96486
-4.05569
-3.97272
-3.84499
-3.97345
-4.2438
-4.29526
-4.02735
-3.58044
-3.37582
-3.49346
-3.23304
-2.49089
-1.33756
-0.119133
-0.00387452
-1.23093
-2.66839
-3.38964
-3.69299
-3.64448
-3.71619
-3.96071
-4.06404
-4.97558
-5.22957
-4.45788
-3.71666
-3.59153
-3.41078
-3.33627
-3.32546
-3.35613
-3.42478
-3.5078
-3.61647
-3.77959
-4.09333
-1.09788
-7.27134e-05
-6.9815e-05
-0.757942
-3.85246
-3.69053
-3.61216
-3.55752
-3.51001
-3.47474
-3.4669
-3.48677
-3.58109
-3.70438
-3.8057
-4.6274
-4.68051
-4.10697
-4.1023
-3.86116
-3.54967
-3.50538
-3.45164
-2.94928
-1.98921
-0.558616
-0.000470731
-0.594456
-1.88118
-2.8573
-3.44202
-3.4928
-3.40422
-3.75796
-4.20479
-4.39801
-4.24859
-3.85533
-3.69531
-3.95302
-4.14036
-4.10738
-3.91211
-3.69659
-3.69764
-3.78683
-3.81774
-3.82299
-3.76382
-3.5886
-1.68321
-4.20128e-05
-4.20128e-05
-1.68321
-3.5886
-3.76382
-3.82299
-3.81774
-3.78683
-3.69764
-3.69659
-3.91211
-4.10738
-4.14036
-3.95302
-3.69531
-3.85533
-4.24859
-4.39801
-4.20479
-3.75796
-3.40422
-3.4928
-3.44202
-2.8573
-1.88118
-0.594456
-0.000470731
-0.558616
-1.98921
-2.94928
-3.45164
-3.50538
-3.54967
-3.86116
-4.1023
-4.10697
-4.68051
-4.6274
-3.8057
-3.70438
-3.58109
-3.48677
-3.4669
-3.47474
-3.51001
-3.55752
-3.61216
-3.69053
-3.85246
-0.757942
-6.9815e-05
-7.10948e-05
-0.727046
-3.89626
-3.79827
-3.75688
-3.73385
-3.7132
-3.6902
-3.66654
-3.66881
-3.74835
-3.81843
-4.05764
-4.17465
-4.05558
-4.17398
-4.09567
-3.77722
-3.45405
-3.38853
-3.21504
-2.58472
-1.39861
-0.0985636
-0.00605007
-0.97403
-2.35963
-3.1728
-3.54398
-3.4519
-3.51892
-3.97477
-4.35862
-4.42986
-4.14345
-3.60823
-3.38686
-3.79064
-4.13006
-4.1973
-4.06898
-3.83006
-3.71141
-3.81739
-3.88252
-3.86126
-3.76473
-3.53911
-1.83797
-4.25859e-05
-4.25859e-05
-1.83797
-3.53911
-3.76473
-3.86126
-3.88252
-3.81739
-3.71141
-3.83006
-4.06898
-4.1973
-4.13006
-3.79064
-3.38686
-3.60823
-4.14345
-4.42986
-4.35862
-3.97477
-3.51892
-3.4519
-3.54398
-3.1728
-2.35963
-0.97403
-0.00605007
-0.0985636
-1.39861
-2.58472
-3.21504
-3.38853
-3.45405
-3.77722
-4.09567
-4.17398
-4.05558
-4.17465
-4.05764
-3.81843
-3.74835
-3.66881
-3.66654
-3.6902
-3.7132
-3.73385
-3.75688
-3.79827
-3.89626
-0.727046
-7.10948e-05
-7.61502e-05
-1.03837
-4.09326
-3.98554
-3.93503
-3.91494
-3.9058
-3.86729
-3.80771
-3.81061
-3.87849
-3.9169
-3.91959
-3.95243
-4.09836
-4.21576
-4.10837
-3.7746
-3.4466
-3.29752
-3.03417
-2.33638
-1.01369
-0.0190895
-0.0610427
-1.42577
-2.71497
-3.39188
-3.54633
-3.44763
-3.71669
-4.18447
-4.44689
-4.36402
-3.92757
-3.2837
-2.99774
-3.47992
-3.99394
-4.20353
-4.17697
-3.98448
-3.77023
-3.78609
-3.91016
-3.8936
-3.76365
-3.49573
-2.13713
-5.41025e-05
-5.41025e-05
-2.13713
-3.49573
-3.76365
-3.8936
-3.91016
-3.78609
-3.77023
-3.98448
-4.17697
-4.20353
-3.99394
-3.47992
-2.99774
-3.2837
-3.92757
-4.36402
-4.44689
-4.18447
-3.71669
-3.44763
-3.54633
-3.39188
-2.71497
-1.42577
-0.0610427
-0.0190895
-1.01369
-2.33638
-3.03417
-3.29752
-3.4466
-3.7746
-4.10837
-4.21576
-4.09836
-3.95243
-3.91959
-3.9169
-3.87849
-3.81061
-3.80771
-3.86729
-3.9058
-3.91494
-3.93503
-3.98554
-4.09326
-1.03837
-7.61502e-05
-8.62644e-05
-2.03237
-4.25856
-4.13012
-4.05466
-4.02497
-4.00244
-3.92251
-3.87202
-3.91429
-3.96608
-3.96825
-3.90942
-3.9019
-4.08609
-4.24193
-4.15983
-3.84749
-3.48468
-3.24611
-2.92111
-2.19285
-0.799986
-0.00484394
-0.391453
-1.90609
-2.97045
-3.4834
-3.50115
-3.54618
-3.95178
-4.34114
-4.44568
-4.19887
-3.63235
-2.95675
-2.65591
-3.08056
-3.72875
-4.1121
-4.21156
-4.10825
-3.88382
-3.75137
-3.85999
-3.89641
-3.75418
-3.45432
-2.13864
-0.000122539
-0.000122539
-2.13864
-3.45432
-3.75418
-3.89641
-3.85999
-3.75137
-3.88382
-4.10825
-4.21156
-4.1121
-3.72875
-3.08056
-2.65591
-2.95675
-3.63235
-4.19887
-4.44568
-4.34114
-3.95178
-3.54618
-3.50115
-3.4834
-2.97045
-1.90609
-0.391453
-0.00484394
-0.799986
-2.19285
-2.92111
-3.24611
-3.48468
-3.84749
-4.15983
-4.24193
-4.08609
-3.9019
-3.90942
-3.96825
-3.96608
-3.91429
-3.87202
-3.92251
-4.00244
-4.02497
-4.05466
-4.13012
-4.25856
-2.03237
-8.62644e-05
-0.000437918
-4.39003
-4.27636
-4.16709
-4.08771
-4.03987
-3.97168
-3.89839
-3.92488
-3.98785
-4.00709
-3.93782
-3.76486
-3.74277
-4.02464
-4.25173
-4.22768
-3.94984
-3.56339
-3.24037
-2.8658
-2.13939
-0.696829
-0.00261151
-0.85949
-2.35236
-3.16398
-3.48314
-3.50483
-3.74254
-4.16302
-4.41332
-4.35302
-3.96918
-3.34686
-2.73801
-2.47748
-2.75021
-3.40075
-3.93565
-4.1735
-4.17221
-4.00604
-3.79092
-3.76919
-3.84874
-3.74133
-3.4254
-2.13658
-0.000538113
-0.000538113
-2.13658
-3.4254
-3.74133
-3.84874
-3.76919
-3.79092
-4.00604
-4.17221
-4.1735
-3.93565
-3.40075
-2.75021
-2.47748
-2.73801
-3.34686
-3.96918
-4.35302
-4.41332
-4.16302
-3.74254
-3.50483
-3.48314
-3.16398
-2.35236
-0.85949
-0.00261151
-0.696829
-2.13939
-2.8658
-3.24037
-3.56339
-3.94984
-4.22768
-4.25173
-4.02464
-3.74277
-3.76486
-3.93782
-4.00709
-3.98785
-3.92488
-3.89839
-3.97168
-4.03987
-4.08771
-4.16709
-4.27636
-4.39003
-0.000437918
-0.007898
-4.06405
-4.15207
-4.10199
-4.03985
-3.95934
-3.88746
-3.9068
-3.98294
-4.0245
-3.98266
-3.78717
-3.50325
-3.55578
-3.93245
-4.2294
-4.27703
-4.05847
-3.67636
-3.28309
-2.86095
-2.16161
-0.666608
-0.0133083
-1.26012
-2.69964
-3.2991
-3.48236
-3.62209
-3.97143
-4.30173
-4.39185
-4.19393
-3.74991
-3.18637
-2.69348
-2.45362
-2.60992
-3.14813
-3.73342
-4.08133
-4.1781
-4.09159
-3.88902
-3.73642
-3.76366
-3.71954
-3.42234
-2.23994
-0.004164
-0.004164
-2.23994
-3.42234
-3.71954
-3.76366
-3.73642
-3.88902
-4.09159
-4.1781
-4.08133
-3.73342
-3.14813
-2.60992
-2.45362
-2.69348
-3.18637
-3.74991
-4.19393
-4.39185
-4.30173
-3.97143
-3.62209
-3.48236
-3.2991
-2.69964
-1.26012
-0.0133083
-0.666608
-2.16161
-2.86095
-3.28309
-3.67636
-4.05847
-4.27703
-4.2294
-3.93245
-3.55578
-3.50325
-3.78717
-3.98266
-4.0245
-3.98294
-3.9068
-3.88746
-3.95934
-4.03985
-4.10199
-4.15207
-4.06405
-0.007898
-0.116395
-3.72415
-3.95932
-3.97871
-3.92844
-3.85472
-3.87126
-3.95884
-4.02481
-4.01648
-3.86664
-3.53515
-3.26915
-3.41891
-3.82251
-4.16922
-4.2923
-4.15161
-3.80582
-3.3753
-2.90857
-2.23161
-0.695738
-0.128306
-1.78868
-2.92625
-3.38723
-3.56593
-3.82489
-4.1589
-4.34539
-4.2928
-4.02763
-3.63919
-3.21072
-2.78487
-2.50642
-2.61564
-3.07584
-3.60748
-3.98287
-4.14589
-4.13039
-3.98511
-3.79003
-3.70791
-3.67998
-3.43304
-2.47513
-0.0408503
-0.0408503
-2.47513
-3.43304
-3.67998
-3.70791
-3.79003
-3.98511
-4.13039
-4.14589
-3.98287
-3.60748
-3.07584
-2.61564
-2.50642
-2.78487
-3.21072
-3.63919
-4.02763
-4.2928
-4.34539
-4.1589
-3.82489
-3.56593
-3.38723
-2.92625
-1.78868
-0.128306
-0.695738
-2.23161
-2.90857
-3.3753
-3.80582
-4.15161
-4.2923
-4.16922
-3.82251
-3.41891
-3.26915
-3.53515
-3.86664
-4.01648
-4.02481
-3.95884
-3.87126
-3.85472
-3.92844
-3.97871
-3.95932
-3.72415
-0.116395
-0.952996
-3.56987
-3.78847
-3.84496
-3.82067
-3.83015
-3.92377
-4.01194
-4.04027
-3.95513
-3.69456
-3.33599
-3.1804
-3.35525
-3.7309
-4.09123
-4.27294
-4.21371
-3.93128
-3.50806
-3.00577
-2.30828
-0.795041
-0.796707
-2.38128
-3.12674
-3.49624
-3.74404
-4.03304
-4.26046
-4.30018
-4.16101
-3.93512
-3.68761
-3.36253
-2.92681
-2.59181
-2.67822
-3.13463
-3.61884
-3.94685
-4.10963
-4.13727
-4.04956
-3.87953
-3.72726
-3.64392
-3.4408
-2.84335
-0.329012
-0.329012
-2.84335
-3.4408
-3.64392
-3.72726
-3.87953
-4.04956
-4.13727
-4.10963
-3.94685
-3.61884
-3.13463
-2.67822
-2.59181
-2.92681
-3.36253
-3.68761
-3.93512
-4.16101
-4.30018
-4.26046
-4.03304
-3.74404
-3.49624
-3.12674
-2.38128
-0.796707
-0.795041
-2.30828
-3.00577
-3.50806
-3.93128
-4.21371
-4.27294
-4.09123
-3.7309
-3.35525
-3.1804
-3.33599
-3.69456
-3.95513
-4.04027
-4.01194
-3.92377
-3.83015
-3.82067
-3.84496
-3.78847
-3.56987
-0.952996
-2.94209
-3.55122
-3.69719
-3.76241
-3.80283
-3.88989
-3.99179
-4.0491
-4.02588
-3.87431
-3.58466
-3.29063
-3.19569
-3.36563
-3.69617
-4.02608
-4.23042
-4.2392
-4.03388
-3.65601
-3.13382
-2.38408
-0.993111
-1.39984
-2.82508
-3.36348
-3.67576
-3.95009
-4.17745
-4.26835
-4.19876
-4.06237
-3.96132
-3.83728
-3.53974
-3.0753
-2.70561
-2.77227
-3.234
-3.71441
-3.99698
-4.10883
-4.13452
-4.08863
-3.96387
-3.8016
-3.65423
-3.48272
-3.15755
-1.91024
-1.91024
-3.15755
-3.48272
-3.65423
-3.8016
-3.96387
-4.08863
-4.13452
-4.10883
-3.99698
-3.71441
-3.234
-2.77227
-2.70561
-3.0753
-3.53974
-3.83728
-3.96132
-4.06237
-4.19876
-4.26835
-4.17745
-3.95009
-3.67576
-3.36348
-2.82508
-1.39984
-0.993111
-2.38408
-3.13382
-3.65601
-4.03388
-4.2392
-4.23042
-4.02608
-3.69617
-3.36563
-3.19569
-3.29063
-3.58466
-3.87431
-4.02588
-4.0491
-3.99179
-3.88989
-3.80283
-3.76241
-3.69719
-3.55122
-2.94209
-3.17067
-3.56571
-3.67799
-3.76191
-3.86331
-3.96906
-4.0445
-4.06005
-3.9989
-3.84038
-3.58284
-3.3247
-3.25014
-3.42708
-3.7226
-3.99718
-4.18369
-4.23437
-4.10612
-3.79716
-3.28494
-2.51133
-1.28282
-2.10758
-3.1532
-3.60721
-3.88833
-4.10975
-4.22847
-4.20074
-4.09233
-4.03938
-4.05761
-3.98343
-3.68974
-3.22486
-2.84868
-2.89884
-3.34493
-3.81605
-4.07741
-4.14317
-4.13642
-4.10969
-4.02769
-3.88531
-3.71539
-3.5424
-3.26677
-2.20648
-2.20648
-3.26677
-3.5424
-3.71539
-3.88531
-4.02769
-4.10969
-4.13642
-4.14317
-4.07741
-3.81605
-3.34493
-2.89884
-2.84868
-3.22486
-3.68974
-3.98343
-4.05761
-4.03938
-4.09233
-4.20074
-4.22847
-4.10975
-3.88833
-3.60721
-3.1532
-2.10758
-1.28282
-2.51133
-3.28494
-3.79716
-4.10612
-4.23437
-4.18369
-3.99718
-3.7226
-3.42708
-3.25014
-3.3247
-3.58284
-3.84038
-3.9989
-4.06005
-4.0445
-3.96906
-3.86331
-3.76191
-3.67799
-3.56571
-3.17067
-3.68608
-3.65918
-3.73758
-3.85345
-3.97051
-4.04254
-4.06844
-4.04803
-3.99085
-3.862
-3.62666
-3.38188
-3.32636
-3.51216
-3.78724
-4.01398
-4.16309
-4.22774
-4.16014
-3.92107
-3.44934
-2.70132
-1.58248
-2.6317
-3.47127
-3.83452
-4.07198
-4.21529
-4.2267
-4.12738
-4.04771
-4.07972
-4.14141
-4.07734
-3.80858
-3.37829
-3.02224
-3.05892
-3.46658
-3.89902
-4.13397
-4.17817
-4.15167
-4.1354
-4.09728
-3.99113
-3.82892
-3.62076
-3.30745
-2.5507
-2.5507
-3.30745
-3.62076
-3.82892
-3.99113
-4.09728
-4.1354
-4.15167
-4.17817
-4.13397
-3.89902
-3.46658
-3.05892
-3.02224
-3.37829
-3.80858
-4.07734
-4.14141
-4.07972
-4.04771
-4.12738
-4.2267
-4.21529
-4.07198
-3.83452
-3.47127
-2.6317
-1.58248
-2.70132
-3.44934
-3.92107
-4.16014
-4.22774
-4.16309
-4.01398
-3.78724
-3.51216
-3.32636
-3.38188
-3.62666
-3.862
-3.99085
-4.04803
-4.06844
-4.04254
-3.97051
-3.85345
-3.73758
-3.65918
-3.68608
-4.63062
-3.90636
-3.84395
-3.94033
-4.05499
-4.08235
-4.05221
-4.02474
-3.99581
-3.88776
-3.66216
-3.43435
-3.39503
-3.57828
-3.83031
-4.01795
-4.1245
-4.17471
-4.1414
-3.98409
-3.60832
-2.93009
-1.79886
-3.12172
-3.8532
-4.02546
-4.11973
-4.18022
-4.13521
-4.03667
-4.01143
-4.07446
-4.13281
-4.08475
-3.86262
-3.48886
-3.1716
-3.19513
-3.54794
-3.92494
-4.12234
-4.15083
-4.11978
-4.115
-4.11768
-4.04939
-3.89526
-3.69824
-3.45922
-3.01504
-3.01504
-3.45922
-3.69824
-3.89526
-4.04939
-4.11768
-4.115
-4.11978
-4.15083
-4.12234
-3.92494
-3.54794
-3.19513
-3.1716
-3.48886
-3.86262
-4.08475
-4.13281
-4.07446
-4.01143
-4.03667
-4.13521
-4.18022
-4.11973
-4.02546
-3.8532
-3.12172
-1.79886
-2.93009
-3.60832
-3.98409
-4.1414
-4.17471
-4.1245
-4.01795
-3.83031
-3.57828
-3.39503
-3.43435
-3.66216
-3.88776
-3.99581
-4.02474
-4.05221
-4.08235
-4.05499
-3.94033
-3.84395
-3.90636
-4.63062
-6.04016
-4.63451
-4.27615
-4.13214
-4.07261
-4.02776
-3.98668
-3.99603
-3.99243
-3.87669
-3.63474
-3.40581
-3.38687
-3.60503
-3.90142
-4.13612
-4.28118
-4.36457
-4.3813
-4.28172
-3.93894
-3.21066
-1.94437
-3.58189
-4.48376
-4.56347
-4.47163
-4.34675
-4.21972
-4.13684
-4.13897
-4.18674
-4.21059
-4.13579
-3.89951
-3.52731
-3.21737
-3.22793
-3.55791
-3.93708
-4.16306
-4.22685
-4.20714
-4.17614
-4.16566
-4.15344
-4.12559
-4.07273
-3.98417
-3.55881
-3.55881
-3.98417
-4.07273
-4.12559
-4.15344
-4.16566
-4.17614
-4.20714
-4.22685
-4.16306
-3.93708
-3.55791
-3.22793
-3.21737
-3.52731
-3.89951
-4.13579
-4.21059
-4.18674
-4.13897
-4.13684
-4.21972
-4.34675
-4.47163
-4.56347
-4.48376
-3.58189
-1.94437
-3.21066
-3.93894
-4.28172
-4.3813
-4.36457
-4.28118
-4.13612
-3.90142
-3.60503
-3.38687
-3.40581
-3.63474
-3.87669
-3.99243
-3.99603
-3.98668
-4.02776
-4.07261
-4.13214
-4.27615
-4.63451
-6.04016
-7.88352
-6.14605
-5.31579
-4.63354
-4.23769
-4.07755
-4.01829
-4.03152
-4.01177
-3.85159
-3.55393
-3.29565
-3.30684
-3.62466
-4.07876
-4.4957
-4.81085
-5.0377
-5.18061
-5.13049
-4.6722
-3.71062
-2.0999
-4.24354
-5.6293
-5.88191
-5.54385
-5.08393
-4.77321
-4.63221
-4.60203
-4.60205
-4.55096
-4.36945
-4.01347
-3.54785
-3.18989
-3.18621
-3.54555
-4.02062
-4.38374
-4.56393
-4.58795
-4.52324
-4.47361
-4.53404
-4.75299
-5.01657
-5.04562
-4.47674
-4.47674
-5.04562
-5.01657
-4.75299
-4.53404
-4.47361
-4.52324
-4.58795
-4.56393
-4.38374
-4.02062
-3.54555
-3.18621
-3.18989
-3.54785
-4.01347
-4.36945
-4.55096
-4.60205
-4.60203
-4.63221
-4.77321
-5.08393
-5.54385
-5.88191
-5.6293
-4.24354
-2.0999
-3.71062
-4.6722
-5.13049
-5.18061
-5.0377
-4.81085
-4.4957
-4.07876
-3.62466
-3.30684
-3.29565
-3.55393
-3.85159
-4.01177
-4.03152
-4.01829
-4.07755
-4.23769
-4.63354
-5.31579
-6.14605
-7.88352
-1.76471
-11.0097
-7.52048
-5.91077
-5.03794
-4.61626
-4.36857
-4.24397
-4.119
-3.86514
-3.47365
-3.15011
-3.19831
-3.71
-4.49138
-5.28914
-5.97657
-6.56601
-7.1132
-7.45404
-7.26127
-5.99755
-1.6554
-6.60147
-10.8601
-9.93115
-8.39945
-7.05041
-6.25754
-5.86832
-5.69531
-5.59094
-5.41202
-5.03301
-4.41538
-3.69339
-3.16952
-3.13818
-3.63146
-4.37405
-5.02348
-5.39393
-5.49164
-5.45407
-5.4753
-5.7274
-6.39644
-7.44522
-8.90279
-2.21341
-2.21341
-8.90279
-7.44522
-6.39644
-5.7274
-5.4753
-5.45407
-5.49164
-5.39393
-5.02348
-4.37405
-3.63146
-3.13818
-3.16952
-3.69339
-4.41538
-5.03301
-5.41202
-5.59094
-5.69531
-5.86832
-6.25754
-7.05041
-8.39945
-9.93115
-10.8601
-6.60147
-1.6554
-5.99755
-7.26127
-7.45404
-7.1132
-6.56601
-5.97657
-5.28914
-4.49138
-3.71
-3.19831
-3.15011
-3.47365
-3.86514
-4.119
-4.24397
-4.36857
-4.61626
-5.03794
-5.91077
-7.52048
-11.0097
-1.76471
-0.00509649
-0.847215
-10.2257
-13.0535
-10.9108
-8.56311
-6.98236
-5.99383
-5.25527
-4.46495
-3.13427
-1.52586
-1.0628
-1.17727
-1.7377
-2.73958
-3.95143
-4.59642
-3.80958
-1.99653
-0.553413
-0.0558947
-0.00120084
-0.0067485
-0.292014
-2.3403
-7.04614
-11.6242
-11.9805
-9.93504
-6.87688
-4.30404
-2.51681
-1.37065
-0.70264
-0.36236
-0.222336
-0.205312
-0.306051
-0.617864
-1.40375
-3.25555
-7.25224
-10.7058
-13.8469
-15.1069
-13.0135
-5.475
-0.551417
-0.0054444
-0.0054444
-0.551417
-5.475
-13.0135
-15.1069
-13.8469
-10.7058
-7.25224
-3.25555
-1.40375
-0.617864
-0.306051
-0.205312
-0.222336
-0.36236
-0.70264
-1.37065
-2.51681
-4.30404
-6.87688
-9.93504
-11.9805
-11.6242
-7.04614
-2.3403
-0.292014
-0.0067485
-0.00120084
-0.0558947
-0.553413
-1.99653
-3.80958
-4.59642
-3.95143
-2.73958
-1.7377
-1.17727
-1.0628
-1.52586
-3.13427
-4.46495
-5.25527
-5.99383
-6.98236
-8.56311
-10.9108
-13.0535
-10.2257
-0.847215
-0.00509649
-4.31901e-05
-7.19233e-05
-0.000512325
-0.00399029
-0.01241
-0.0186514
-0.0153407
-0.00704472
-0.00193649
-0.000373895
-7.98154e-05
-4.32596e-05
-4.11792e-05
-4.26754e-05
-4.67339e-05
-5.17538e-05
-5.64677e-05
-5.99068e-05
-6.04904e-05
-5.57455e-05
-4.49223e-05
-3.33352e-05
-3.1336e-05
-4.49753e-05
-6.77383e-05
-8.53894e-05
-8.95834e-05
-8.5465e-05
-7.85744e-05
-7.06791e-05
-6.41386e-05
-6.07986e-05
-5.76269e-05
-5.30269e-05
-4.70469e-05
-4.10741e-05
-3.73061e-05
-3.74768e-05
-4.16711e-05
-4.82582e-05
-5.50034e-05
-6.039e-05
-8.36568e-05
-0.000150549
-0.000227501
-0.000228276
-0.000153385
-8.22631e-05
-4.78674e-05
-3.06181e-05
-3.06181e-05
-4.78674e-05
-8.22631e-05
-0.000153385
-0.000228276
-0.000227501
-0.000150549
-8.36568e-05
-6.039e-05
-5.50034e-05
-4.82582e-05
-4.16711e-05
-3.74768e-05
-3.73061e-05
-4.10741e-05
-4.70469e-05
-5.30269e-05
-5.76269e-05
-6.07986e-05
-6.41386e-05
-7.06791e-05
-7.85744e-05
-8.5465e-05
-8.95834e-05
-8.53894e-05
-6.77383e-05
-4.49753e-05
-3.1336e-05
-3.33352e-05
-4.49223e-05
-5.57455e-05
-6.04904e-05
-5.99068e-05
-5.64677e-05
-5.17538e-05
-4.67339e-05
-4.26754e-05
-4.11792e-05
-4.32596e-05
-7.98154e-05
-0.000373895
-0.00193649
-0.00704472
-0.0153407
-0.0186514
-0.01241
-0.00399029
-0.000512325
-7.19233e-05
-4.31901e-05
-4.31901e-05
-7.19233e-05
-0.000512325
-0.00399029
-0.01241
-0.0186514
-0.0153407
-0.00704472
-0.00193649
-0.000373895
-7.98154e-05
-4.32596e-05
-4.11792e-05
-4.26754e-05
-4.67339e-05
-5.17538e-05
-5.64677e-05
-5.99068e-05
-6.04904e-05
-5.57455e-05
-4.49223e-05
-3.33352e-05
-3.1336e-05
-4.49753e-05
-6.77383e-05
-8.53894e-05
-8.95834e-05
-8.5465e-05
-7.85744e-05
-7.06791e-05
-6.41386e-05
-6.07986e-05
-5.76269e-05
-5.30269e-05
-4.70469e-05
-4.10741e-05
-3.73061e-05
-3.74768e-05
-4.16711e-05
-4.82582e-05
-5.50034e-05
-6.039e-05
-8.36568e-05
-0.000150549
-0.000227501
-0.000228276
-0.000153385
-8.22631e-05
-4.78674e-05
-3.06181e-05
-3.06181e-05
-4.78674e-05
-8.22631e-05
-0.000153385
-0.000228276
-0.000227501
-0.000150549
-8.36568e-05
-6.039e-05
-5.50034e-05
-4.82582e-05
-4.16711e-05
-3.74768e-05
-3.73061e-05
-4.10741e-05
-4.70469e-05
-5.30269e-05
-5.76269e-05
-6.07986e-05
-6.41386e-05
-7.06791e-05
-7.85744e-05
-8.5465e-05
-8.95834e-05
-8.53894e-05
-6.77383e-05
-4.49753e-05
-3.1336e-05
-3.33352e-05
-4.49223e-05
-5.57455e-05
-6.04904e-05
-5.99068e-05
-5.64677e-05
-5.17538e-05
-4.67339e-05
-4.26754e-05
-4.11792e-05
-4.32596e-05
-7.98154e-05
-0.000373895
-0.00193649
-0.00704472
-0.0153407
-0.0186514
-0.01241
-0.00399029
-0.000512325
-7.19233e-05
-4.31901e-05
-0.00509649
-0.847215
-10.2257
-13.0535
-10.9108
-8.56311
-6.98236
-5.99383
-5.25527
-4.46495
-3.13427
-1.52586
-1.0628
-1.17727
-1.7377
-2.73958
-3.95143
-4.59642
-3.80958
-1.99653
-0.553413
-0.0558947
-0.00120084
-0.0067485
-0.292014
-2.3403
-7.04614
-11.6242
-11.9805
-9.93504
-6.87688
-4.30404
-2.51681
-1.37065
-0.70264
-0.36236
-0.222336
-0.205312
-0.306051
-0.617864
-1.40375
-3.25555
-7.25224
-10.7058
-13.8469
-15.1069
-13.0135
-5.475
-0.551417
-0.0054444
-0.0054444
-0.551417
-5.475
-13.0135
-15.1069
-13.8469
-10.7058
-7.25224
-3.25555
-1.40375
-0.617864
-0.306051
-0.205312
-0.222336
-0.36236
-0.70264
-1.37065
-2.51681
-4.30404
-6.87688
-9.93504
-11.9805
-11.6242
-7.04614
-2.3403
-0.292014
-0.0067485
-0.00120084
-0.0558947
-0.553413
-1.99653
-3.80958
-4.59642
-3.95143
-2.73958
-1.7377
-1.17727
-1.0628
-1.52586
-3.13427
-4.46495
-5.25527
-5.99383
-6.98236
-8.56311
-10.9108
-13.0535
-10.2257
-0.847215
-0.00509649
-1.76471
-11.0097
-7.52048
-5.91077
-5.03794
-4.61626
-4.36857
-4.24397
-4.119
-3.86514
-3.47365
-3.15011
-3.19831
-3.71
-4.49138
-5.28914
-5.97657
-6.56601
-7.1132
-7.45404
-7.26127
-5.99755
-1.6554
-6.60147
-10.8601
-9.93115
-8.39945
-7.05041
-6.25754
-5.86832
-5.69531
-5.59094
-5.41202
-5.03301
-4.41538
-3.69339
-3.16952
-3.13818
-3.63146
-4.37405
-5.02348
-5.39393
-5.49164
-5.45407
-5.4753
-5.7274
-6.39644
-7.44522
-8.90279
-2.21341
-2.21341
-8.90279
-7.44522
-6.39644
-5.7274
-5.4753
-5.45407
-5.49164
-5.39393
-5.02348
-4.37405
-3.63146
-3.13818
-3.16952
-3.69339
-4.41538
-5.03301
-5.41202
-5.59094
-5.69531
-5.86832
-6.25754
-7.05041
-8.39945
-9.93115
-10.8601
-6.60147
-1.6554
-5.99755
-7.26127
-7.45404
-7.1132
-6.56601
-5.97657
-5.28914
-4.49138
-3.71
-3.19831
-3.15011
-3.47365
-3.86514
-4.119
-4.24397
-4.36857
-4.61626
-5.03794
-5.91077
-7.52048
-11.0097
-1.76471
-7.88352
-6.14605
-5.31579
-4.63354
-4.23769
-4.07755
-4.01829
-4.03152
-4.01177
-3.85159
-3.55393
-3.29565
-3.30684
-3.62466
-4.07876
-4.4957
-4.81085
-5.0377
-5.18061
-5.13049
-4.6722
-3.71062
-2.0999
-4.24354
-5.6293
-5.88191
-5.54385
-5.08393
-4.77321
-4.63221
-4.60203
-4.60205
-4.55096
-4.36945
-4.01347
-3.54785
-3.18989
-3.18621
-3.54555
-4.02062
-4.38374
-4.56393
-4.58795
-4.52324
-4.47361
-4.53404
-4.75299
-5.01657
-5.04562
-4.47674
-4.47674
-5.04562
-5.01657
-4.75299
-4.53404
-4.47361
-4.52324
-4.58795
-4.56393
-4.38374
-4.02062
-3.54555
-3.18621
-3.18989
-3.54785
-4.01347
-4.36945
-4.55096
-4.60205
-4.60203
-4.63221
-4.77321
-5.08393
-5.54385
-5.88191
-5.6293
-4.24354
-2.0999
-3.71062
-4.6722
-5.13049
-5.18061
-5.0377
-4.81085
-4.4957
-4.07876
-3.62466
-3.30684
-3.29565
-3.55393
-3.85159
-4.01177
-4.03152
-4.01829
-4.07755
-4.23769
-4.63354
-5.31579
-6.14605
-7.88352
-6.04016
-4.63451
-4.27615
-4.13214
-4.07261
-4.02776
-3.98668
-3.99603
-3.99243
-3.87669
-3.63474
-3.40581
-3.38687
-3.60503
-3.90142
-4.13612
-4.28118
-4.36457
-4.3813
-4.28172
-3.93894
-3.21066
-1.94437
-3.58189
-4.48376
-4.56347
-4.47163
-4.34675
-4.21972
-4.13684
-4.13897
-4.18674
-4.21059
-4.13579
-3.89951
-3.52731
-3.21737
-3.22793
-3.55791
-3.93708
-4.16306
-4.22685
-4.20714
-4.17614
-4.16566
-4.15344
-4.12559
-4.07273
-3.98417
-3.55881
-3.55881
-3.98417
-4.07273
-4.12559
-4.15344
-4.16566
-4.17614
-4.20714
-4.22685
-4.16306
-3.93708
-3.55791
-3.22793
-3.21737
-3.52731
-3.89951
-4.13579
-4.21059
-4.18674
-4.13897
-4.13684
-4.21972
-4.34675
-4.47163
-4.56347
-4.48376
-3.58189
-1.94437
-3.21066
-3.93894
-4.28172
-4.3813
-4.36457
-4.28118
-4.13612
-3.90142
-3.60503
-3.38687
-3.40581
-3.63474
-3.87669
-3.99243
-3.99603
-3.98668
-4.02776
-4.07261
-4.13214
-4.27615
-4.63451
-6.04016
-4.63062
-3.90636
-3.84395
-3.94033
-4.05499
-4.08235
-4.05221
-4.02474
-3.99581
-3.88776
-3.66216
-3.43435
-3.39503
-3.57828
-3.83031
-4.01795
-4.1245
-4.17471
-4.1414
-3.98409
-3.60832
-2.93009
-1.79886
-3.12172
-3.8532
-4.02546
-4.11973
-4.18022
-4.13521
-4.03667
-4.01143
-4.07446
-4.13281
-4.08475
-3.86262
-3.48886
-3.1716
-3.19513
-3.54794
-3.92494
-4.12234
-4.15083
-4.11978
-4.115
-4.11768
-4.04939
-3.89526
-3.69824
-3.45922
-3.01504
-3.01504
-3.45922
-3.69824
-3.89526
-4.04939
-4.11768
-4.115
-4.11978
-4.15083
-4.12234
-3.92494
-3.54794
-3.19513
-3.1716
-3.48886
-3.86262
-4.08475
-4.13281
-4.07446
-4.01143
-4.03667
-4.13521
-4.18022
-4.11973
-4.02546
-3.8532
-3.12172
-1.79886
-2.93009
-3.60832
-3.98409
-4.1414
-4.17471
-4.1245
-4.01795
-3.83031
-3.57828
-3.39503
-3.43435
-3.66216
-3.88776
-3.99581
-4.02474
-4.05221
-4.08235
-4.05499
-3.94033
-3.84395
-3.90636
-4.63062
-3.68608
-3.65918
-3.73758
-3.85345
-3.97051
-4.04254
-4.06844
-4.04803
-3.99085
-3.862
-3.62666
-3.38188
-3.32636
-3.51216
-3.78724
-4.01398
-4.16309
-4.22774
-4.16014
-3.92107
-3.44934
-2.70132
-1.58248
-2.6317
-3.47127
-3.83452
-4.07198
-4.21529
-4.2267
-4.12738
-4.04771
-4.07972
-4.14141
-4.07734
-3.80858
-3.37829
-3.02224
-3.05892
-3.46658
-3.89902
-4.13397
-4.17817
-4.15167
-4.1354
-4.09728
-3.99113
-3.82892
-3.62076
-3.30745
-2.5507
-2.5507
-3.30745
-3.62076
-3.82892
-3.99113
-4.09728
-4.1354
-4.15167
-4.17817
-4.13397
-3.89902
-3.46658
-3.05892
-3.02224
-3.37829
-3.80858
-4.07734
-4.14141
-4.07972
-4.04771
-4.12738
-4.2267
-4.21529
-4.07198
-3.83452
-3.47127
-2.6317
-1.58248
-2.70132
-3.44934
-3.92107
-4.16014
-4.22774
-4.16309
-4.01398
-3.78724
-3.51216
-3.32636
-3.38188
-3.62666
-3.862
-3.99085
-4.04803
-4.06844
-4.04254
-3.97051
-3.85345
-3.73758
-3.65918
-3.68608
-3.17067
-3.56571
-3.67799
-3.76191
-3.86331
-3.96906
-4.0445
-4.06005
-3.9989
-3.84038
-3.58284
-3.3247
-3.25014
-3.42708
-3.7226
-3.99718
-4.18369
-4.23437
-4.10612
-3.79716
-3.28494
-2.51133
-1.28282
-2.10758
-3.1532
-3.60721
-3.88833
-4.10975
-4.22847
-4.20074
-4.09233
-4.03938
-4.05761
-3.98343
-3.68974
-3.22486
-2.84868
-2.89884
-3.34493
-3.81605
-4.07741
-4.14317
-4.13642
-4.10969
-4.02769
-3.88531
-3.71539
-3.5424
-3.26677
-2.20648
-2.20648
-3.26677
-3.5424
-3.71539
-3.88531
-4.02769
-4.10969
-4.13642
-4.14317
-4.07741
-3.81605
-3.34493
-2.89884
-2.84868
-3.22486
-3.68974
-3.98343
-4.05761
-4.03938
-4.09233
-4.20074
-4.22847
-4.10975
-3.88833
-3.60721
-3.1532
-2.10758
-1.28282
-2.51133
-3.28494
-3.79716
-4.10612
-4.23437
-4.18369
-3.99718
-3.7226
-3.42708
-3.25014
-3.3247
-3.58284
-3.84038
-3.9989
-4.06005
-4.0445
-3.96906
-3.86331
-3.76191
-3.67799
-3.56571
-3.17067
-2.94209
-3.55122
-3.69719
-3.76241
-3.80283
-3.88989
-3.99179
-4.0491
-4.02588
-3.87431
-3.58466
-3.29063
-3.19569
-3.36563
-3.69617
-4.02608
-4.23042
-4.2392
-4.03388
-3.65601
-3.13382
-2.38408
-0.993111
-1.39984
-2.82508
-3.36348
-3.67576
-3.95009
-4.17745
-4.26835
-4.19876
-4.06237
-3.96132
-3.83728
-3.53974
-3.0753
-2.70561
-2.77227
-3.234
-3.71441
-3.99698
-4.10883
-4.13452
-4.08863
-3.96387
-3.8016
-3.65423
-3.48272
-3.15755
-1.91024
-1.91024
-3.15755
-3.48272
-3.65423
-3.8016
-3.96387
-4.08863
-4.13452
-4.10883
-3.99698
-3.71441
-3.234
-2.77227
-2.70561
-3.0753
-3.53974
-3.83728
-3.96132
-4.06237
-4.19876
-4.26835
-4.17745
-3.95009
-3.67576
-3.36348
-2.82508
-1.39984
-0.993111
-2.38408
-3.13382
-3.65601
-4.03388
-4.2392
-4.23042
-4.02608
-3.69617
-3.36563
-3.19569
-3.29063
-3.58466
-3.87431
-4.02588
-4.0491
-3.99179
-3.88989
-3.80283
-3.76241
-3.69719
-3.55122
-2.94209
-0.952996
-3.56987
-3.78847
-3.84496
-3.82067
-3.83015
-3.92377
-4.01194
-4.04027
-3.95513
-3.69456
-3.33599
-3.1804
-3.35525
-3.7309
-4.09123
-4.27294
-4.21371
-3.93128
-3.50806
-3.00577
-2.30828
-0.795041
-0.796707
-2.38128
-3.12674
-3.49624
-3.74404
-4.03304
-4.26046
-4.30018
-4.16101
-3.93512
-3.68761
-3.36253
-2.92681
-2.59181
-2.67822
-3.13463
-3.61884
-3.94685
-4.10963
-4.13727
-4.04956
-3.87953
-3.72726
-3.64392
-3.4408
-2.84335
-0.329012
-0.329012
-2.84335
-3.4408
-3.64392
-3.72726
-3.87953
-4.04956
-4.13727
-4.10963
-3.94685
-3.61884
-3.13463
-2.67822
-2.59181
-2.92681
-3.36253
-3.68761
-3.93512
-4.16101
-4.30018
-4.26046
-4.03304
-3.74404
-3.49624
-3.12674
-2.38128
-0.796707
-0.795041
-2.30828
-3.00577
-3.50806
-3.93128
-4.21371
-4.27294
-4.09123
-3.7309
-3.35525
-3.1804
-3.33599
-3.69456
-3.95513
-4.04027
-4.01194
-3.92377
-3.83015
-3.82067
-3.84496
-3.78847
-3.56987
-0.952996
-0.116395
-3.72415
-3.95932
-3.97871
-3.92844
-3.85472
-3.87126
-3.95884
-4.02481
-4.01648
-3.86664
-3.53515
-3.26915
-3.41891
-3.82251
-4.16922
-4.2923
-4.15161
-3.80582
-3.3753
-2.90857
-2.23161
-0.695738
-0.128306
-1.78868
-2.92625
-3.38723
-3.56593
-3.82489
-4.1589
-4.34539
-4.2928
-4.02763
-3.63919
-3.21072
-2.78487
-2.50642
-2.61564
-3.07584
-3.60748
-3.98287
-4.14589
-4.13039
-3.98511
-3.79003
-3.70791
-3.67998
-3.43304
-2.47513
-0.0408503
-0.0408503
-2.47513
-3.43304
-3.67998
-3.70791
-3.79003
-3.98511
-4.13039
-4.14589
-3.98287
-3.60748
-3.07584
-2.61564
-2.50642
-2.78487
-3.21072
-3.63919
-4.02763
-4.2928
-4.34539
-4.1589
-3.82489
-3.56593
-3.38723
-2.92625
-1.78868
-0.128306
-0.695738
-2.23161
-2.90857
-3.3753
-3.80582
-4.15161
-4.2923
-4.16922
-3.82251
-3.41891
-3.26915
-3.53515
-3.86664
-4.01648
-4.02481
-3.95884
-3.87126
-3.85472
-3.92844
-3.97871
-3.95932
-3.72415
-0.116395
-0.007898
-4.06405
-4.15207
-4.10199
-4.03985
-3.95934
-3.88746
-3.9068
-3.98294
-4.0245
-3.98266
-3.78717
-3.50325
-3.55578
-3.93245
-4.2294
-4.27703
-4.05847
-3.67636
-3.28309
-2.86095
-2.16161
-0.666608
-0.0133083
-1.26012
-2.69964
-3.2991
-3.48236
-3.62209
-3.97143
-4.30173
-4.39185
-4.19393
-3.74991
-3.18637
-2.69348
-2.45362
-2.60992
-3.14813
-3.73342
-4.08133
-4.1781
-4.09159
-3.88902
-3.73642
-3.76366
-3.71954
-3.42234
-2.23994
-0.004164
-0.004164
-2.23994
-3.42234
-3.71954
-3.76366
-3.73642
-3.88902
-4.09159
-4.1781
-4.08133
-3.73342
-3.14813
-2.60992
-2.45362
-2.69348
-3.18637
-3.74991
-4.19393
-4.39185
-4.30173
-3.97143
-3.62209
-3.48236
-3.2991
-2.69964
-1.26012
-0.0133083
-0.666608
-2.16161
-2.86095
-3.28309
-3.67636
-4.05847
-4.27703
-4.2294
-3.93245
-3.55578
-3.50325
-3.78717
-3.98266
-4.0245
-3.98294
-3.9068
-3.88746
-3.95934
-4.03985
-4.10199
-4.15207
-4.06405
-0.007898
-0.000437918
-4.39003
-4.27636
-4.16709
-4.08771
-4.03987
-3.97168
-3.89839
-3.92488
-3.98785
-4.00709
-3.93782
-3.76486
-3.74277
-4.02464
-4.25173
-4.22768
-3.94984
-3.56339
-3.24037
-2.8658
-2.13939
-0.696829
-0.00261151
-0.85949
-2.35236
-3.16398
-3.48314
-3.50483
-3.74254
-4.16302
-4.41332
-4.35302
-3.96918
-3.34686
-2.73801
-2.47748
-2.75021
-3.40075
-3.93565
-4.1735
-4.17221
-4.00604
-3.79092
-3.76919
-3.84874
-3.74133
-3.4254
-2.13658
-0.000538113
-0.000538113
-2.13658
-3.4254
-3.74133
-3.84874
-3.76919
-3.79092
-4.00604
-4.17221
-4.1735
-3.93565
-3.40075
-2.75021
-2.47748
-2.73801
-3.34686
-3.96918
-4.35302
-4.41332
-4.16302
-3.74254
-3.50483
-3.48314
-3.16398
-2.35236
-0.85949
-0.00261151
-0.696829
-2.13939
-2.8658
-3.24037
-3.56339
-3.94984
-4.22768
-4.25173
-4.02464
-3.74277
-3.76486
-3.93782
-4.00709
-3.98785
-3.92488
-3.89839
-3.97168
-4.03987
-4.08771
-4.16709
-4.27636
-4.39003
-0.000437918
-8.62644e-05
-2.03237
-4.25856
-4.13012
-4.05466
-4.02497
-4.00244
-3.92251
-3.87202
-3.91429
-3.96608
-3.96825
-3.90942
-3.9019
-4.08609
-4.24193
-4.15983
-3.84749
-3.48468
-3.24611
-2.92111
-2.19285
-0.799986
-0.00484394
-0.391453
-1.90609
-2.97045
-3.4834
-3.50115
-3.54618
-3.95178
-4.34114
-4.44568
-4.19887
-3.63235
-2.95675
-2.65591
-3.08056
-3.72875
-4.1121
-4.21156
-4.10825
-3.88382
-3.75137
-3.85999
-3.89641
-3.75418
-3.45432
-2.13864
-0.000122539
-0.000122539
-2.13864
-3.45432
-3.75418
-3.89641
-3.85999
-3.75137
-3.88382
-4.10825
-4.21156
-4.1121
-3.72875
-3.08056
-2.65591
-2.95675
-3.63235
-4.19887
-4.44568
-4.34114
-3.95178
-3.54618
-3.50115
-3.4834
-2.97045
-1.90609
-0.391453
-0.00484394
-0.799986
-2.19285
-2.92111
-3.24611
-3.48468
-3.84749
-4.15983
-4.24193
-4.08609
-3.9019
-3.90942
-3.96825
-3.96608
-3.91429
-3.87202
-3.92251
-4.00244
-4.02497
-4.05466
-4.13012
-4.25856
-2.03237
-8.62644e-05
-7.61502e-05
-1.03837
-4.09326
-3.98554
-3.93503
-3.91494
-3.9058
-3.86729
-3.80771
-3.81061
-3.87849
-3.9169
-3.91959
-3.95243
-4.09836
-4.21576
-4.10837
-3.7746
-3.4466
-3.29752
-3.03417
-2.33638
-1.01369
-0.0190895
-0.0610427
-1.42577
-2.71497
-3.39188
-3.54633
-3.44763
-3.71669
-4.18447
-4.44689
-4.36402
-3.92757
-3.2837
-2.99774
-3.47992
-3.99394
-4.20353
-4.17697
-3.98448
-3.77023
-3.78609
-3.91016
-3.8936
-3.76365
-3.49573
-2.13713
-5.41025e-05
-5.41025e-05
-2.13713
-3.49573
-3.76365
-3.8936
-3.91016
-3.78609
-3.77023
-3.98448
-4.17697
-4.20353
-3.99394
-3.47992
-2.99774
-3.2837
-3.92757
-4.36402
-4.44689
-4.18447
-3.71669
-3.44763
-3.54633
-3.39188
-2.71497
-1.42577
-0.0610427
-0.0190895
-1.01369
-2.33638
-3.03417
-3.29752
-3.4466
-3.7746
-4.10837
-4.21576
-4.09836
-3.95243
-3.91959
-3.9169
-3.87849
-3.81061
-3.80771
-3.86729
-3.9058
-3.91494
-3.93503
-3.98554
-4.09326
-1.03837
-7.61502e-05
-7.10948e-05
-0.727046
-3.89626
-3.79827
-3.75688
-3.73385
-3.7132
-3.6902
-3.66654
-3.66881
-3.74835
-3.81843
-4.05764
-4.17465
-4.05558
-4.17398
-4.09567
-3.77722
-3.45405
-3.38853
-3.21504
-2.58472
-1.39861
-0.0985636
-0.00605007
-0.97403
-2.35963
-3.1728
-3.54398
-3.4519
-3.51892
-3.97477
-4.35862
-4.42986
-4.14345
-3.60823
-3.38686
-3.79064
-4.13006
-4.1973
-4.06898
-3.83006
-3.71141
-3.81739
-3.88252
-3.86126
-3.76473
-3.53911
-1.83797
-4.25859e-05
-4.25859e-05
-1.83797
-3.53911
-3.76473
-3.86126
-3.88252
-3.81739
-3.71141
-3.83006
-4.06898
-4.1973
-4.13006
-3.79064
-3.38686
-3.60823
-4.14345
-4.42986
-4.35862
-3.97477
-3.51892
-3.4519
-3.54398
-3.1728
-2.35963
-0.97403
-0.00605007
-0.0985636
-1.39861
-2.58472
-3.21504
-3.38853
-3.45405
-3.77722
-4.09567
-4.17398
-4.05558
-4.17465
-4.05764
-3.81843
-3.74835
-3.66881
-3.66654
-3.6902
-3.7132
-3.73385
-3.75688
-3.79827
-3.89626
-0.727046
-7.10948e-05
-6.9815e-05
-0.757942
-3.85246
-3.69053
-3.61216
-3.55752
-3.51001
-3.47474
-3.4669
-3.48677
-3.58109
-3.70438
-3.8057
-4.6274
-4.68051
-4.10697
-4.1023
-3.86116
-3.54967
-3.50538
-3.45164
-2.94928
-1.98921
-0.558616
-0.000470731
-0.594456
-1.88118
-2.8573
-3.44202
-3.4928
-3.40422
-3.75796
-4.20479
-4.39801
-4.24859
-3.85533
-3.69531
-3.95302
-4.14036
-4.10738
-3.91211
-3.69659
-3.69764
-3.78683
-3.81774
-3.82299
-3.76382
-3.5886
-1.68321
-4.20128e-05
-4.20128e-05
-1.68321
-3.5886
-3.76382
-3.82299
-3.81774
-3.78683
-3.69764
-3.69659
-3.91211
-4.10738
-4.14036
-3.95302
-3.69531
-3.85533
-4.24859
-4.39801
-4.20479
-3.75796
-3.40422
-3.4928
-3.44202
-2.8573
-1.88118
-0.594456
-0.000470731
-0.558616
-1.98921
-2.94928
-3.45164
-3.50538
-3.54967
-3.86116
-4.1023
-4.10697
-4.68051
-4.6274
-3.8057
-3.70438
-3.58109
-3.48677
-3.4669
-3.47474
-3.51001
-3.55752
-3.61216
-3.69053
-3.85246
-0.757942
-6.9815e-05
-7.27134e-05
-1.09788
-4.09333
-3.77959
-3.61647
-3.5078
-3.42478
-3.35613
-3.32546
-3.33627
-3.41078
-3.59153
-3.71666
-4.45788
-5.22957
-4.97558
-4.06404
-3.96071
-3.71619
-3.64448
-3.69299
-3.38964
-2.66839
-1.23093
-0.00387452
-0.119133
-1.33756
-2.49089
-3.23304
-3.49346
-3.37582
-3.58044
-4.02735
-4.29526
-4.2438
-3.97345
-3.84499
-3.97272
-4.05569
-3.96486
-3.75619
-3.62852
-3.69113
-3.73452
-3.77353
-3.8088
-3.78735
-3.66769
-1.6019
-4.22083e-05
-4.22083e-05
-1.6019
-3.66769
-3.78735
-3.8088
-3.77353
-3.73452
-3.69113
-3.62852
-3.75619
-3.96486
-4.05569
-3.97272
-3.84499
-3.97345
-4.2438
-4.29526
-4.02735
-3.58044
-3.37582
-3.49346
-3.23304
-2.49089
-1.33756
-0.119133
-0.00387452
-1.23093
-2.66839
-3.38964
-3.69299
-3.64448
-3.71619
-3.96071
-4.06404
-4.97558
-5.22957
-4.45788
-3.71666
-3.59153
-3.41078
-3.33627
-3.32546
-3.35613
-3.42478
-3.5078
-3.61647
-3.77959
-4.09333
-1.09788
-7.27134e-05
-7.88864e-05
-1.89265
-4.59633
-4.076
-3.80116
-3.64442
-3.54521
-3.43898
-3.36043
-3.32421
-3.34011
-3.48499
-3.64069
-3.8555
-5.21964
-5.62516
-4.90489
-3.96742
-3.84771
-3.76786
-3.86913
-3.77286
-3.24572
-2.045
-0.0781489
-0.0103049
-0.84103
-2.07312
-2.94128
-3.4264
-3.39573
-3.47738
-3.88501
-4.18306
-4.20495
-4.03665
-3.94433
-4.03117
-3.93521
-3.82302
-3.65954
-3.64153
-3.70597
-3.73624
-3.79403
-3.85119
-3.86664
-3.80571
-1.55608
-4.30538e-05
-4.30538e-05
-1.55608
-3.80571
-3.86664
-3.85119
-3.79403
-3.73624
-3.70597
-3.64153
-3.65954
-3.82302
-3.93521
-4.03117
-3.94433
-4.03665
-4.20495
-4.18306
-3.88501
-3.47738
-3.39573
-3.4264
-2.94128
-2.07312
-0.84103
-0.0103049
-0.0781489
-2.045
-3.24572
-3.77286
-3.86913
-3.76786
-3.84771
-3.96742
-4.90489
-5.62516
-5.21964
-3.8555
-3.64069
-3.48499
-3.34011
-3.32421
-3.36043
-3.43898
-3.54521
-3.64442
-3.80116
-4.076
-4.59633
-1.89265
-7.88864e-05
-8.63007e-05
-3.31631
-5.19045
-4.4576
-4.07137
-3.89364
-3.81991
-3.70598
-3.59805
-3.51219
-3.46667
-3.49202
-3.62309
-3.74625
-4.76138
-5.71965
-5.66549
-4.58225
-3.86717
-3.81246
-3.91861
-3.99328
-3.67156
-2.86715
-0.998767
-0.000994491
-0.470224
-1.5953
-2.62363
-3.30748
-3.4163
-3.46341
-3.81639
-4.13382
-4.32161
-4.66628
-4.66683
-4.26865
-3.85412
-3.74551
-3.66359
-3.72995
-3.78623
-3.82944
-3.89288
-3.96021
-4.00947
-4.00965
-1.50487
-4.42674e-05
-4.42674e-05
-1.50487
-4.00965
-4.00947
-3.96021
-3.89288
-3.82944
-3.78623
-3.72995
-3.66359
-3.74551
-3.85412
-4.26865
-4.66683
-4.66628
-4.32161
-4.13382
-3.81639
-3.46341
-3.4163
-3.30748
-2.62363
-1.5953
-0.470224
-0.000994491
-0.998767
-2.86715
-3.67156
-3.99328
-3.91861
-3.81246
-3.86717
-4.58225
-5.66549
-5.71965
-4.76138
-3.74625
-3.62309
-3.49202
-3.46667
-3.51219
-3.59805
-3.70598
-3.81991
-3.89364
-4.07137
-4.4576
-5.19045
-3.31631
-8.63007e-05
-9.26069e-05
-5.26485
-5.69101
-4.77745
-4.30275
-4.13054
-4.11511
-4.03792
-3.95073
-3.86064
-3.78497
-3.73309
-3.74768
-3.77589
-4.11076
-5.41549
-5.93632
-5.50659
-4.16148
-3.8146
-3.86228
-4.01872
-3.95564
-3.46899
-2.19385
-0.0288264
-0.0877981
-1.11567
-2.32406
-3.15509
-3.40684
-3.51318
-3.79115
-4.10299
-4.8802
-5.45657
-5.29853
-4.48595
-3.84436
-3.76314
-3.76953
-3.87846
-3.93793
-3.99115
-4.04077
-4.1057
-4.18245
-4.24214
-1.39397
-4.54088e-05
-4.54088e-05
-1.39397
-4.24214
-4.18245
-4.1057
-4.04077
-3.99115
-3.93793
-3.87846
-3.76953
-3.76314
-3.84436
-4.48595
-5.29853
-5.45657
-4.8802
-4.10299
-3.79115
-3.51318
-3.40684
-3.15509
-2.32406
-1.11567
-0.0877981
-0.0288264
-2.19385
-3.46899
-3.95564
-4.01872
-3.86228
-3.8146
-4.16148
-5.50659
-5.93632
-5.41549
-4.11076
-3.77589
-3.74768
-3.73309
-3.78497
-3.86064
-3.95073
-4.03792
-4.11511
-4.13054
-4.30275
-4.77745
-5.69101
-5.26485
-9.26069e-05
-9.59304e-05
-7.02399
-6.01437
-4.96955
-4.4374
-4.2814
-4.32739
-4.3089
-4.27805
-4.22942
-4.16922
-4.1028
-4.02851
-3.92181
-3.84319
-4.96853
-5.8416
-5.97054
-5.29041
-3.81446
-3.8083
-3.90914
-4.03608
-3.82062
-3.07801
-0.678225
-0.00799855
-0.722997
-2.02263
-2.9819
-3.36436
-3.58534
-3.8141
-4.06392
-5.42621
-6.0495
-5.69687
-4.62408
-3.8859
-3.85944
-3.94295
-4.05782
-4.11889
-4.16207
-4.18178
-4.23217
-4.32221
-4.42432
-1.17965
-4.60351e-05
-4.60351e-05
-1.17965
-4.42432
-4.32221
-4.23217
-4.18178
-4.16207
-4.11889
-4.05782
-3.94295
-3.85944
-3.8859
-4.62408
-5.69687
-6.0495
-5.42621
-4.06392
-3.8141
-3.58534
-3.36436
-2.9819
-2.02263
-0.722997
-0.00799855
-0.678225
-3.07801
-3.82062
-4.03608
-3.90914
-3.8083
-3.81446
-5.29041
-5.97054
-5.8416
-4.96853
-3.84319
-3.92181
-4.02851
-4.1028
-4.16922
-4.22942
-4.27805
-4.3089
-4.32739
-4.2814
-4.4374
-4.96955
-6.01437
-7.02399
-9.59304e-05
-9.49866e-05
-7.40891
-6.15592
-5.03741
-4.47592
-4.32793
-4.4062
-4.42869
-4.44664
-4.44716
-4.42872
-4.38944
-4.32727
-4.19163
-4.01455
-4.5168
-5.59728
-6.09885
-5.97646
-5.06172
-3.80206
-3.81257
-3.93352
-3.98075
-3.64111
-2.45169
-0.0348499
-0.446369
-1.69025
-2.82036
-3.29875
-3.62836
-3.86588
-4.35025
-5.86622
-6.44015
-5.95286
-4.71888
-3.96515
-4.00516
-4.13656
-4.22733
-4.27261
-4.28415
-4.26559
-4.28941
-4.36439
-4.46151
-0.873175
-4.59693e-05
-4.59693e-05
-0.873175
-4.46151
-4.36439
-4.28941
-4.26559
-4.28415
-4.27261
-4.22733
-4.13656
-4.00516
-3.96515
-4.71888
-5.95286
-6.44015
-5.86622
-4.35025
-3.86588
-3.62836
-3.29875
-2.82036
-1.69025
-0.446369
-0.0348499
-2.45169
-3.64111
-3.98075
-3.93352
-3.81257
-3.80206
-5.06172
-5.97646
-6.09885
-5.59728
-4.5168
-4.01455
-4.19163
-4.32727
-4.38944
-4.42872
-4.44716
-4.44664
-4.42869
-4.4062
-4.32793
-4.47592
-5.03741
-6.15592
-7.40891
-9.49866e-05
-8.88726e-05
-5.77951
-6.0717
-4.96044
-4.41062
-4.2586
-4.32254
-4.34663
-4.3793
-4.40814
-4.42837
-4.43525
-4.42144
-4.38707
-4.23586
-4.12868
-5.39143
-6.10767
-6.2858
-5.98241
-4.80397
-3.80056
-3.8233
-3.93347
-3.86555
-3.30646
-0.740894
-0.144572
-1.36435
-2.73053
-3.23216
-3.61285
-3.87055
-4.81976
-6.22003
-6.69063
-6.14037
-4.79978
-4.0737
-4.16878
-4.30121
-4.34443
-4.35233
-4.31881
-4.261
-4.24606
-4.26621
-4.27821
-0.551119
-4.56005e-05
-4.56005e-05
-0.551119
-4.27821
-4.26621
-4.24606
-4.261
-4.31881
-4.35233
-4.34443
-4.30121
-4.16878
-4.0737
-4.79978
-6.14037
-6.69063
-6.22003
-4.81976
-3.87055
-3.61285
-3.23216
-2.73053
-1.36435
-0.144572
-0.740894
-3.30646
-3.86555
-3.93347
-3.8233
-3.80056
-4.80397
-5.98241
-6.2858
-6.10767
-5.39143
-4.12868
-4.23586
-4.38707
-4.42144
-4.43525
-4.42837
-4.40814
-4.3793
-4.34663
-4.32254
-4.2586
-4.41062
-4.96044
-6.0717
-5.77951
-8.88726e-05
-7.79212e-05
-3.07943
-5.57473
-4.61631
-4.17497
-4.03767
-4.05428
-4.05073
-4.06993
-4.10405
-4.14824
-4.19881
-4.24416
-4.32688
-4.33282
-4.2049
-5.15599
-6.0946
-6.43718
-6.44747
-5.92123
-4.4694
-3.8096
-3.82918
-3.86681
-3.61377
-2.50817
-0.0749949
-1.11351
-2.7645
-3.20366
-3.56825
-3.83456
-5.27539
-6.51001
-6.8566
-6.29571
-4.88359
-4.20203
-4.32086
-4.39665
-4.37419
-4.32689
-4.24372
-4.14796
-4.08387
-4.01687
-3.861
-0.300619
-4.6113e-05
-4.6113e-05
-0.300619
-3.861
-4.01687
-4.08387
-4.14796
-4.24372
-4.32689
-4.37419
-4.39665
-4.32086
-4.20203
-4.88359
-6.29571
-6.8566
-6.51001
-5.27539
-3.83456
-3.56825
-3.20366
-2.7645
-1.11351
-0.0749949
-2.50817
-3.61377
-3.86681
-3.82918
-3.8096
-4.4694
-5.92123
-6.44747
-6.43718
-6.0946
-5.15599
-4.2049
-4.33282
-4.32688
-4.24416
-4.19881
-4.14824
-4.10405
-4.06993
-4.05073
-4.05428
-4.03767
-4.17497
-4.61631
-5.57473
-3.07943
-7.79212e-05
-6.63327e-05
-1.00361
-4.49929
-3.83638
-3.61422
-3.54278
-3.53659
-3.52288
-3.54288
-3.58763
-3.65111
-3.73319
-3.83199
-3.97805
-4.19734
-4.30869
-4.6984
-5.98073
-6.55202
-6.66402
-6.54586
-5.7675
-4.05918
-3.82295
-3.82014
-3.73563
-3.30512
-1.25171
-0.955391
-2.87096
-3.22258
-3.52617
-3.80321
-5.6737
-6.75775
-6.99218
-6.44463
-4.97677
-4.33795
-4.43703
-4.39663
-4.2948
-4.17985
-4.04704
-3.91744
-3.80714
-3.65789
-3.31522
-0.157461
-4.94327e-05
-4.94327e-05
-0.157461
-3.31522
-3.65789
-3.80714
-3.91744
-4.04704
-4.17985
-4.2948
-4.39663
-4.43703
-4.33795
-4.97677
-6.44463
-6.99218
-6.75775
-5.6737
-3.80321
-3.52617
-3.22258
-2.87096
-0.955391
-1.25171
-3.30512
-3.73563
-3.82014
-3.82295
-4.05918
-5.7675
-6.54586
-6.66402
-6.55202
-5.98073
-4.6984
-4.30869
-4.19734
-3.97805
-3.83199
-3.73319
-3.65111
-3.58763
-3.54288
-3.52288
-3.53659
-3.54278
-3.61422
-3.83638
-4.49929
-1.00361
-6.63327e-05
-6.37575e-05
-0.169708
-2.88712
-2.65767
-2.64382
-2.67997
-2.70376
-2.72495
-2.79035
-2.89089
-3.01602
-3.15497
-3.30449
-3.47598
-3.825
-4.18812
-4.24961
-5.60109
-6.56197
-6.80757
-6.81771
-6.55134
-5.50338
-3.86976
-3.82593
-3.76851
-3.51246
-2.65881
-0.843512
-2.85426
-3.25058
-3.50743
-3.91769
-5.99099
-6.95913
-7.1336
-6.60237
-5.07777
-4.46796
-4.50302
-4.2924
-4.10121
-3.91307
-3.74161
-3.6106
-3.50253
-3.33923
-2.9297
-0.110821
-5.75574e-05
-5.75574e-05
-0.110821
-2.9297
-3.33923
-3.50253
-3.6106
-3.74161
-3.91307
-4.10121
-4.2924
-4.50302
-4.46796
-5.07777
-6.60237
-7.1336
-6.95913
-5.99099
-3.91769
-3.50743
-3.25058
-2.85426
-0.843512
-2.65881
-3.51246
-3.76851
-3.82593
-3.86976
-5.50338
-6.55134
-6.81771
-6.80757
-6.56197
-5.60109
-4.24961
-4.18812
-3.825
-3.47598
-3.30449
-3.15497
-3.01602
-2.89089
-2.79035
-2.72495
-2.70376
-2.67997
-2.64382
-2.65767
-2.88712
-0.169708
-6.37575e-05
-8.05363e-05
-0.0160249
-1.5157
-1.67797
-1.69764
-1.67972
-1.63222
-1.67181
-1.82562
-2.03704
-2.27889
-2.51991
-2.75537
-2.987
-3.32459
-3.87225
-4.24028
-4.81472
-6.33535
-6.91524
-6.95589
-6.90724
-6.47368
-5.14065
-3.88204
-3.80446
-3.62352
-2.9669
-1.04005
-2.59242
-3.25446
-3.52139
-4.29443
-6.2215
-7.10203
-7.28355
-6.76643
-5.1802
-4.58047
-4.51938
-4.09574
-3.81252
-3.56849
-3.41275
-3.3771
-3.38691
-3.34576
-3.15906
-0.185637
-7.11537e-05
-7.11537e-05
-0.185637
-3.15906
-3.34576
-3.38691
-3.3771
-3.41275
-3.56849
-3.81252
-4.09574
-4.51938
-4.58047
-5.1802
-6.76643
-7.28355
-7.10203
-6.2215
-4.29443
-3.52139
-3.25446
-2.59242
-1.04005
-2.9669
-3.62352
-3.80446
-3.88204
-5.14065
-6.47368
-6.90724
-6.95589
-6.91524
-6.33535
-4.81472
-4.24028
-3.87225
-3.32459
-2.987
-2.75537
-2.51991
-2.27889
-2.03704
-1.82562
-1.67181
-1.63222
-1.67972
-1.69764
-1.67797
-1.5157
-0.0160249
-8.05363e-05
-0.000116853
-0.131208
-6.66854
-4.15212
-3.38731
-2.74642
-1.91357
-1.02695
-0.775385
-1.08867
-1.42801
-1.75757
-2.11628
-2.49503
-2.87541
-3.50669
-4.08935
-4.23094
-5.6829
-6.82544
-7.09068
-7.05462
-6.93675
-6.29687
-4.66382
-3.88795
-3.7328
-3.30101
-1.79231
-2.24182
-3.22519
-3.54668
-4.64263
-6.38127
-7.1809
-7.41468
-6.9199
-5.27931
-4.6716
-4.50271
-3.84325
-3.48823
-3.26149
-3.23729
-3.39927
-3.62644
-3.84701
-4.16484
-0.669772
-8.80745e-05
-8.80745e-05
-0.669772
-4.16484
-3.84701
-3.62644
-3.39927
-3.23729
-3.26149
-3.48823
-3.84325
-4.50271
-4.6716
-5.27931
-6.9199
-7.41468
-7.1809
-6.38127
-4.64263
-3.54668
-3.22519
-2.24182
-1.79231
-3.30101
-3.7328
-3.88795
-4.66382
-6.29687
-6.93675
-7.05462
-7.09068
-6.82544
-5.6829
-4.23094
-4.08935
-3.50669
-2.87541
-2.49503
-2.11628
-1.75757
-1.42801
-1.08867
-0.775385
-1.02695
-1.91357
-2.74642
-3.38731
-4.15212
-6.66854
-0.131208
-0.000116853
-0.00015674
-2.36378
-10.4214
-6.25584
-4.79548
-3.91356
-3.27065
-2.47067
-1.49167
-0.442349
-0.430909
-0.826681
-1.30268
-1.81956
-2.37184
-3.04212
-3.82187
-4.21395
-4.62591
-6.42333
-7.12082
-7.1507
-7.10102
-6.88886
-5.96597
-4.05875
-3.85363
-3.54057
-2.58278
-2.13816
-3.17726
-3.56722
-4.92065
-6.47772
-7.19632
-7.49545
-7.04212
-5.37769
-4.74759
-4.48105
-3.5998
-3.23648
-3.14773
-3.33655
-3.65829
-4.05507
-4.53748
-5.27004
-2.5829
-0.000103498
-0.000103498
-2.5829
-5.27004
-4.53748
-4.05507
-3.65829
-3.33655
-3.14773
-3.23648
-3.5998
-4.48105
-4.74759
-5.37769
-7.04212
-7.49545
-7.19632
-6.47772
-4.92065
-3.56722
-3.17726
-2.13816
-2.58278
-3.54057
-3.85363
-4.05875
-5.96597
-6.88886
-7.10102
-7.1507
-7.12082
-6.42333
-4.62591
-4.21395
-3.82187
-3.04212
-2.37184
-1.81956
-1.30268
-0.826681
-0.430909
-0.442349
-1.49167
-2.47067
-3.27065
-3.91356
-4.79548
-6.25584
-10.4214
-2.36378
-0.00015674
-0.000272748
-12.7147
-9.48943
-6.27234
-4.80303
-4.10314
-3.758
-3.25777
-2.62073
-1.81453
-0.825325
-0.198825
-0.439239
-0.964484
-1.67068
-2.49894
-3.54018
-4.11786
-4.21233
-5.55534
-6.89872
-7.21943
-7.14382
-7.08011
-6.71008
-5.49819
-3.97248
-3.78939
-3.26482
-2.44009
-3.16265
-3.58864
-5.10232
-6.49888
-7.14211
-7.50273
-7.11553
-5.48481
-4.8118
-4.47741
-3.44695
-3.16357
-3.27625
-3.61891
-3.96355
-4.37669
-4.9506
-5.80348
-7.40976
-0.000147165
-0.000147165
-7.40976
-5.80348
-4.9506
-4.37669
-3.96355
-3.61891
-3.27625
-3.16357
-3.44695
-4.47741
-4.8118
-5.48481
-7.11553
-7.50273
-7.14211
-6.49888
-5.10232
-3.58864
-3.16265
-2.44009
-3.26482
-3.78939
-3.97248
-5.49819
-6.71008
-7.08011
-7.14382
-7.21943
-6.89872
-5.55534
-4.21233
-4.11786
-3.54018
-2.49894
-1.67068
-0.964484
-0.439239
-0.198825
-0.825325
-1.81453
-2.62073
-3.25777
-3.758
-4.10314
-4.80303
-6.27234
-9.48943
-12.7147
-0.000272748
-0.00071663
-19.6229
-7.58791
-5.4055
-4.51848
-4.17682
-4.00867
-3.65607
-3.23953
-2.672
-1.96749
-1.10602
-0.324825
-0.279057
-0.855866
-1.86855
-2.97143
-3.91924
-4.19099
-4.37083
-6.35535
-7.15718
-7.17729
-7.08729
-6.97131
-6.41611
-4.92541
-3.98519
-3.68737
-2.9956
-3.2168
-3.60967
-5.13976
-6.41023
-7.00787
-7.41907
-7.12919
-5.61073
-4.85099
-4.48567
-3.43924
-3.27947
-3.53991
-3.91413
-4.18881
-4.48856
-4.96392
-5.75317
-10.2166
-0.000298757
-0.000298757
-10.2166
-5.75317
-4.96392
-4.48856
-4.18881
-3.91413
-3.53991
-3.27947
-3.43924
-4.48567
-4.85099
-5.61073
-7.12919
-7.41907
-7.00787
-6.41023
-5.13976
-3.60967
-3.2168
-2.9956
-3.68737
-3.98519
-4.92541
-6.41611
-6.97131
-7.08729
-7.17729
-7.15718
-6.35535
-4.37083
-4.19099
-3.91924
-2.97143
-1.86855
-0.855866
-0.279057
-0.324825
-1.10602
-1.96749
-2.672
-3.23953
-3.65607
-4.00867
-4.17682
-4.51848
-5.4055
-7.58791
-19.6229
-0.00071663
-0.0017383
-18.8531
-6.01622
-4.64134
-4.30516
-4.29995
-4.22142
-3.94523
-3.60319
-3.20615
-2.70226
-2.0607
-1.2753
-0.480721
-0.236025
-1.04932
-2.4265
-3.6381
-4.10524
-4.16548
-5.37433
-6.83308
-7.17796
-7.0616
-6.96014
-6.73668
-5.90526
-4.23033
-3.94276
-3.44886
-3.3402
-3.62167
-5.01771
-6.19959
-6.79514
-7.24358
-7.08665
-5.75994
-4.83256
-4.47358
-3.56642
-3.5009
-3.8142
-4.13515
-4.30859
-4.44694
-4.74999
-5.41472
-10.7172
-0.000592349
-0.000592349
-10.7172
-5.41472
-4.74999
-4.44694
-4.30859
-4.13515
-3.8142
-3.5009
-3.56642
-4.47358
-4.83256
-5.75994
-7.08665
-7.24358
-6.79514
-6.19959
-5.01771
-3.62167
-3.3402
-3.44886
-3.94276
-4.23033
-5.90526
-6.73668
-6.96014
-7.0616
-7.17796
-6.83308
-5.37433
-4.16548
-4.10524
-3.6381
-2.4265
-1.04932
-0.236025
-0.480721
-1.2753
-2.0607
-2.70226
-3.20615
-3.60319
-3.94523
-4.22142
-4.29995
-4.30516
-4.64134
-6.01622
-18.8531
-0.0017383
-0.00296476
-14.4305
-5.11388
-4.19116
-4.11272
-4.28803
-4.32765
-4.18341
-3.90569
-3.53698
-3.17119
-2.71855
-2.11614
-1.36769
-0.578881
-0.280422
-1.74857
-3.13226
-3.94693
-4.10005
-4.16017
-6.21352
-7.04468
-7.02639
-6.86955
-6.71973
-6.30038
-5.23476
-4.07229
-3.76678
-3.51837
-3.63321
-4.79639
-5.90827
-6.53166
-7.00358
-7.01044
-5.92804
-4.73893
-4.43677
-3.78409
-3.74702
-4.03921
-4.26529
-4.33163
-4.33238
-4.49833
-5.05111
-10.0793
-0.000857091
-0.000857091
-10.0793
-5.05111
-4.49833
-4.33238
-4.33163
-4.26529
-4.03921
-3.74702
-3.78409
-4.43677
-4.73893
-5.92804
-7.01044
-7.00358
-6.53166
-5.90827
-4.79639
-3.63321
-3.51837
-3.76678
-4.07229
-5.23476
-6.30038
-6.71973
-6.86955
-7.02639
-7.04468
-6.21352
-4.16017
-4.10005
-3.94693
-3.13226
-1.74857
-0.280422
-0.578881
-1.36769
-2.11614
-2.71855
-3.17119
-3.53698
-3.90569
-4.18341
-4.32765
-4.28803
-4.11272
-4.19116
-5.11388
-14.4305
-0.00296476
-0.0036736
-10.7603
-4.56113
-3.91982
-3.88743
-4.10526
-4.27505
-4.30641
-4.16949
-3.85901
-3.481
-3.1268
-2.71005
-2.13531
-1.41917
-0.647946
-0.451817
-2.58134
-3.60967
-3.95193
-4.06826
-5.21665
-6.67232
-6.97453
-6.78118
-6.57825
-6.31327
-5.69148
-4.49575
-3.93906
-3.68203
-3.65661
-4.58933
-5.62745
-6.27651
-6.75593
-6.92816
-6.08591
-4.58443
-4.41825
-4.05674
-3.97477
-4.1942
-4.3096
-4.27797
-4.1999
-4.30665
-4.78742
-9.28536
-0.000836226
-0.000836226
-9.28536
-4.78742
-4.30665
-4.1999
-4.27797
-4.3096
-4.1942
-3.97477
-4.05674
-4.41825
-4.58443
-6.08591
-6.92816
-6.75593
-6.27651
-5.62745
-4.58933
-3.65661
-3.68203
-3.93906
-4.49575
-5.69148
-6.31327
-6.57825
-6.78118
-6.97453
-6.67232
-5.21665
-4.06826
-3.95193
-3.60967
-2.58134
-0.451817
-0.647946
-1.41917
-2.13531
-2.71005
-3.1268
-3.481
-3.85901
-4.16949
-4.30641
-4.27505
-4.10526
-3.88743
-3.91982
-4.56113
-10.7603
-0.0036736
-0.00363444
-8.06853
-4.19834
-3.76232
-3.70425
-3.84529
-4.06585
-4.25508
-4.2979
-4.14105
-3.82009
-3.43016
-3.06719
-2.67421
-2.1414
-1.4848
-0.748027
-0.976736
-2.91812
-3.72958
-3.94174
-4.04607
-6.05
-6.81285
-6.71433
-6.46522
-6.18994
-5.76113
-4.98152
-3.98452
-3.77688
-3.72358
-4.57552
-5.48755
-6.1215
-6.58505
-6.86563
-6.23791
-4.4841
-4.53555
-4.33291
-4.15814
-4.26844
-4.27914
-4.17661
-4.08711
-4.20799
-4.65593
-8.56453
-0.000534319
-0.000534319
-8.56453
-4.65593
-4.20799
-4.08711
-4.17661
-4.27914
-4.26844
-4.15814
-4.33291
-4.53555
-4.4841
-6.23791
-6.86563
-6.58505
-6.1215
-5.48755
-4.57552
-3.72358
-3.77688
-3.98452
-4.98152
-5.76113
-6.18994
-6.46522
-6.71433
-6.81285
-6.05
-4.04607
-3.94174
-3.72958
-2.91812
-0.976736
-0.748027
-1.4848
-2.1414
-2.67421
-3.06719
-3.43016
-3.82009
-4.14105
-4.2979
-4.25508
-4.06585
-3.84529
-3.70425
-3.76232
-4.19834
-8.06853
-0.00363444
-0.00329994
-6.50904
-3.93929
-3.65599
-3.59921
-3.62665
-3.76768
-4.02091
-4.22479
-4.25604
-4.09709
-3.78075
-3.38937
-3.01017
-2.63576
-2.17747
-1.64332
-1.00042
-1.73939
-3.11712
-3.68521
-3.95326
-5.12031
-6.44879
-6.65632
-6.39585
-6.11549
-5.77648
-5.26886
-4.61942
-4.14679
-4.26369
-4.88355
-5.59169
-6.14222
-6.55296
-6.84426
-6.40299
-4.93529
-4.66142
-4.49149
-4.27424
-4.26208
-4.19338
-4.05804
-4.00845
-4.18396
-4.62936
-7.52973
-0.000223167
-0.000223167
-7.52973
-4.62936
-4.18396
-4.00845
-4.05804
-4.19338
-4.26208
-4.27424
-4.49149
-4.66142
-4.93529
-6.40299
-6.84426
-6.55296
-6.14222
-5.59169
-4.88355
-4.26369
-4.14679
-4.61942
-5.26886
-5.77648
-6.11549
-6.39585
-6.65632
-6.44879
-5.12031
-3.95326
-3.68521
-3.11712
-1.73939
-1.00042
-1.64332
-2.17747
-2.63576
-3.01017
-3.38937
-3.78075
-4.09709
-4.25604
-4.22479
-4.02091
-3.76768
-3.62665
-3.59921
-3.65599
-3.93929
-6.50904
-0.00329994
-0.00320171
-5.75544
-3.78211
-3.57982
-3.54549
-3.51927
-3.5231
-3.69248
-3.95905
-4.15112
-4.17991
-4.03613
-3.75466
-3.40614
-3.06626
-2.73037
-2.32309
-1.88437
-1.40903
-2.03493
-3.31523
-3.77851
-4.05575
-5.87567
-6.50454
-6.36316
-6.12162
-5.8643
-5.55836
-5.21068
-4.97005
-5.04698
-5.43694
-5.92084
-6.34214
-6.66239
-6.87537
-6.59409
-5.42367
-4.59294
-4.49421
-4.33559
-4.20174
-4.08208
-3.94645
-3.94371
-4.15655
-4.61988
-4.83994
-7.4237e-05
-7.4237e-05
-4.83994
-4.61988
-4.15655
-3.94371
-3.94645
-4.08208
-4.20174
-4.33559
-4.49421
-4.59294
-5.42367
-6.59409
-6.87537
-6.66239
-6.34214
-5.92084
-5.43694
-5.04698
-4.97005
-5.21068
-5.55836
-5.8643
-6.12162
-6.36316
-6.50454
-5.87567
-4.05575
-3.77851
-3.31523
-2.03493
-1.40903
-1.88437
-2.32309
-2.73037
-3.06626
-3.40614
-3.75466
-4.03613
-4.17991
-4.15112
-3.95905
-3.69248
-3.5231
-3.51927
-3.54549
-3.57982
-3.78211
-5.75544
-0.00320171
-0.00365471
-5.67064
-3.76656
-3.56703
-3.53402
-3.50737
-3.44471
-3.46711
-3.64264
-3.88448
-4.06127
-4.0994
-3.99009
-3.76188
-3.50349
-3.29386
-3.10168
-2.77853
-2.24559
-1.81688
-2.58272
-3.45987
-3.88713
-5.03965
-6.14343
-6.31619
-6.15905
-6.0255
-5.88748
-5.75678
-5.7014
-5.80256
-6.05993
-6.38307
-6.67911
-6.89704
-7.00631
-6.83159
-5.89945
-4.48727
-4.53226
-4.39223
-4.13792
-3.97282
-3.85248
-3.86187
-4.03397
-4.50985
-1.25274
-3.95681e-05
-3.95681e-05
-1.25274
-4.50985
-4.03397
-3.86187
-3.85248
-3.97282
-4.13792
-4.39223
-4.53226
-4.48727
-5.89945
-6.83159
-7.00631
-6.89704
-6.67911
-6.38307
-6.05993
-5.80256
-5.7014
-5.75678
-5.88748
-6.0255
-6.15905
-6.31619
-6.14343
-5.03965
-3.88713
-3.45987
-2.58272
-1.81688
-2.24559
-2.77853
-3.10168
-3.29386
-3.50349
-3.76188
-3.99009
-4.0994
-4.06127
-3.88448
-3.64264
-3.46711
-3.44471
-3.50737
-3.53402
-3.56703
-3.76656
-5.67064
-0.00365471
-0.00447151
-6.25954
-3.90846
-3.64009
-3.58002
-3.55866
-3.50978
-3.49073
-3.5542
-3.7043
-3.89196
-4.03519
-4.06694
-4.01133
-3.92194
-3.82189
-3.64142
-3.39124
-3.14249
-2.85874
-2.54651
-3.12823
-3.70646
-4.07005
-5.55427
-6.13697
-6.18262
-6.20563
-6.24029
-6.27988
-6.35255
-6.49164
-6.69631
-6.92505
-7.12577
-7.25766
-7.2887
-7.16659
-6.45171
-5.04036
-4.63268
-4.43318
-4.09998
-3.87134
-3.76228
-3.7328
-3.78135
-4.18215
-0.152588
-3.81339e-05
-3.81339e-05
-0.152588
-4.18215
-3.78135
-3.7328
-3.76228
-3.87134
-4.09998
-4.43318
-4.63268
-5.04036
-6.45171
-7.16659
-7.2887
-7.25766
-7.12577
-6.92505
-6.69631
-6.49164
-6.35255
-6.27988
-6.24029
-6.20563
-6.18262
-6.13697
-5.55427
-4.07005
-3.70646
-3.12823
-2.54651
-2.85874
-3.14249
-3.39124
-3.64142
-3.82189
-3.92194
-4.01133
-4.06694
-4.03519
-3.89196
-3.7043
-3.5542
-3.49073
-3.50978
-3.55866
-3.58002
-3.64009
-3.90846
-6.25954
-0.00447151
-0.00479962
-7.52033
-4.1851
-3.78248
-3.67455
-3.65829
-3.65076
-3.68714
-3.76845
-3.85056
-3.93055
-4.01708
-4.08461
-4.14168
-4.52526
-4.64437
-4.27404
-3.89605
-3.72741
-3.51502
-3.26804
-3.21347
-3.51756
-3.8492
-4.76712
-5.74201
-6.15232
-6.38613
-6.61192
-6.81262
-6.99813
-7.18376
-7.37122
-7.54354
-7.67508
-7.74173
-7.72314
-7.60239
-7.10753
-5.83815
-4.62795
-4.40951
-4.09506
-3.76329
-3.64098
-3.51705
-3.42866
-3.508
-0.00596336
-5.44515e-05
-5.44515e-05
-0.00596336
-3.508
-3.42866
-3.51705
-3.64098
-3.76329
-4.09506
-4.40951
-4.62795
-5.83815
-7.10753
-7.60239
-7.72314
-7.74173
-7.67508
-7.54354
-7.37122
-7.18376
-6.99813
-6.81262
-6.61192
-6.38613
-6.15232
-5.74201
-4.76712
-3.8492
-3.51756
-3.21347
-3.26804
-3.51502
-3.72741
-3.89605
-4.27404
-4.64437
-4.52526
-4.14168
-4.08461
-4.01708
-3.93055
-3.85056
-3.76845
-3.68714
-3.65076
-3.65829
-3.67455
-3.78248
-4.1851
-7.52033
-0.00479962
-0.00380035
-9.36357
-4.57952
-3.98268
-3.79704
-3.78736
-3.84025
-3.94044
-4.07523
-4.16773
-4.18865
-4.16013
-4.14516
-4.19413
-4.30869
-4.98451
-5.47201
-5.45655
-4.90012
-4.00534
-3.78948
-3.61834
-3.56745
-3.7133
-4.03528
-5.25354
-6.08633
-6.59835
-7.04015
-7.4069
-7.70371
-7.94028
-8.12397
-8.25547
-8.33047
-8.34316
-8.28787
-8.15818
-7.86071
-6.70482
-4.6341
-4.50904
-4.19629
-3.6525
-3.45637
-3.19416
-2.91659
-0.37959
-0.000141115
-0.000111081
-0.000111081
-0.000141115
-0.37959
-2.91659
-3.19416
-3.45637
-3.6525
-4.19629
-4.50904
-4.6341
-6.70482
-7.86071
-8.15818
-8.28787
-8.34316
-8.33047
-8.25547
-8.12397
-7.94028
-7.70371
-7.4069
-7.04015
-6.59835
-6.08633
-5.25354
-4.03528
-3.7133
-3.56745
-3.61834
-3.78948
-4.00534
-4.90012
-5.45655
-5.47201
-4.98451
-4.30869
-4.19413
-4.14516
-4.16013
-4.18865
-4.16773
-4.07523
-3.94044
-3.84025
-3.78736
-3.79704
-3.98268
-4.57952
-9.36357
-0.00380035
-0.00198309
-11.5516
-5.15597
-4.28607
-3.95222
-3.92895
-4.06372
-4.20815
-4.34959
-4.42223
-4.41323
-4.33152
-4.23115
-4.1822
-4.27541
-4.42955
-4.8908
-5.68596
-6.02703
-5.815
-5.02767
-3.96465
-3.79279
-3.69368
-3.81899
-5.044
-6.14547
-6.93709
-7.60029
-8.13779
-8.54525
-8.82802
-9.00217
-9.08712
-9.10037
-9.05629
-8.96718
-8.84508
-8.70396
-7.6381
-5.33676
-4.86321
-4.51447
-3.55602
-3.22543
-2.73118
-1.7709
-0.182868
-2.15057
-5.18255
-5.18255
-2.15057
-0.182868
-1.7709
-2.73118
-3.22543
-3.55602
-4.51447
-4.86321
-5.33676
-7.6381
-8.70396
-8.84508
-8.96718
-9.05629
-9.10037
-9.08712
-9.00217
-8.82802
-8.54525
-8.13779
-7.60029
-6.93709
-6.14547
-5.044
-3.81899
-3.69368
-3.79279
-3.96465
-5.02767
-5.815
-6.02703
-5.68596
-4.8908
-4.42955
-4.27541
-4.1822
-4.23115
-4.33152
-4.41323
-4.42223
-4.34959
-4.20815
-4.06372
-3.92895
-3.95222
-4.28607
-5.15597
-11.5516
-0.00198309
-0.000648572
-12.1904
-6.11984
-4.77988
-4.17338
-4.08845
-4.30193
-4.45973
-4.55313
-4.54554
-4.46079
-4.33565
-4.20175
-4.11637
-4.13763
-4.29588
-4.41257
-4.46934
-5.3113
-6.01613
-6.04636
-5.47672
-4.6185
-4.09129
-4.40251
-5.40214
-6.52706
-7.51523
-8.38988
-9.10619
-9.62119
-9.92978
-10.0641
-10.0706
-9.99378
-9.86995
-9.72957
-9.60413
-9.54087
-8.5297
-6.08769
-5.28328
-5.07989
-3.55645
-3.00063
-1.99629
-0.661216
-7.05994
-6.42223
-6.18216
-6.18216
-6.42223
-7.05994
-0.661216
-1.99629
-3.00063
-3.55645
-5.07989
-5.28328
-6.08769
-8.5297
-9.54087
-9.60413
-9.72957
-9.86995
-9.99378
-10.0706
-10.0641
-9.92978
-9.62119
-9.10619
-8.38988
-7.51523
-6.52706
-5.40214
-4.40251
-4.09129
-4.6185
-5.47672
-6.04636
-6.01613
-5.3113
-4.46934
-4.41257
-4.29588
-4.13763
-4.11637
-4.20175
-4.33565
-4.46079
-4.54554
-4.55313
-4.45973
-4.30193
-4.08845
-4.17338
-4.77988
-6.11984
-12.1904
-0.000648572
-0.000197008
-6.79706
-7.61148
-5.43303
-4.51398
-4.33414
-4.5433
-4.65469
-4.63736
-4.50619
-4.31894
-4.1344
-3.98383
-3.87584
-3.85009
-3.95616
-4.08606
-4.30278
-4.44784
-4.56457
-5.52547
-5.92547
-5.68051
-5.32189
-5.4415
-6.17745
-7.23202
-8.38607
-9.51558
-10.4559
-11.0764
-11.3606
-11.3842
-11.2429
-11.0174
-10.7666
-10.5327
-10.3531
-10.2747
-9.26749
-6.7682
-5.56931
-5.78456
-3.91763
-2.85338
-0.225267
-4.13081
-4.69253
-4.8547
-4.88035
-4.88035
-4.8547
-4.69253
-4.13081
-0.225267
-2.85338
-3.91763
-5.78456
-5.56931
-6.7682
-9.26749
-10.2747
-10.3531
-10.5327
-10.7666
-11.0174
-11.2429
-11.3842
-11.3606
-11.0764
-10.4559
-9.51558
-8.38607
-7.23202
-6.17745
-5.4415
-5.32189
-5.68051
-5.92547
-5.52547
-4.56457
-4.44784
-4.30278
-4.08606
-3.95616
-3.85009
-3.87584
-3.98383
-4.1344
-4.31894
-4.50619
-4.63736
-4.65469
-4.5433
-4.33414
-4.51398
-5.43303
-7.61148
-6.79706
-0.000197008
-0.000127408
-1.28338
-9.20826
-5.97714
-5.01181
-4.73555
-4.78727
-4.7464
-4.55168
-4.28075
-4.01149
-3.79264
-3.63698
-3.5393
-3.49021
-3.48977
-3.5736
-3.8065
-4.07459
-4.30503
-4.4084
-5.02553
-5.78039
-6.08477
-6.34305
-6.9656
-8.07824
-9.54595
-11.1332
-12.4441
-13.1635
-13.2979
-13.0606
-12.642
-12.1713
-11.7235
-11.3396
-11.0465
-10.872
-9.85853
-7.38661
-5.72098
-6.38272
-4.85429
-3.36897
-0.424851
-3.57481
-4.04136
-4.20188
-4.25868
-4.25868
-4.20188
-4.04136
-3.57481
-0.424851
-3.36897
-4.85429
-6.38272
-5.72098
-7.38661
-9.85853
-10.872
-11.0465
-11.3396
-11.7235
-12.1713
-12.642
-13.0606
-13.2979
-13.1635
-12.4441
-11.1332
-9.54595
-8.07824
-6.9656
-6.34305
-6.08477
-5.78039
-5.02553
-4.4084
-4.30503
-4.07459
-3.8065
-3.5736
-3.48977
-3.49021
-3.5393
-3.63698
-3.79264
-4.01149
-4.28075
-4.55168
-4.7464
-4.78727
-4.73555
-5.01181
-5.97714
-9.20826
-1.28338
-0.000127408
-0.000111058
-0.173402
-7.92234
-5.86584
-5.33565
-5.06632
-4.88848
-4.61062
-4.22642
-3.85341
-3.55378
-3.34161
-3.2041
-3.12337
-3.08639
-3.08154
-3.08828
-3.14451
-3.39445
-3.77981
-4.16425
-4.33561
-4.68909
-5.85068
-6.62957
-7.45307
-8.84835
-11.0049
-13.6016
-15.6724
-16.4144
-16.0383
-15.2175
-14.2936
-13.436
-12.7062
-12.116
-11.6613
-11.3372
-10.3299
-7.94043
-5.73496
-6.61921
-6.16041
-0.952307
-1.43419
-3.22263
-3.71675
-3.96
-4.06032
-4.06032
-3.96
-3.71675
-3.22263
-1.43419
-0.952307
-6.16041
-6.61921
-5.73496
-7.94043
-10.3299
-11.3372
-11.6613
-12.116
-12.7062
-13.436
-14.2936
-15.2175
-16.0383
-16.4144
-15.6724
-13.6016
-11.0049
-8.84835
-7.45307
-6.62957
-5.85068
-4.68909
-4.33561
-4.16425
-3.77981
-3.39445
-3.14451
-3.08828
-3.08154
-3.08639
-3.12337
-3.2041
-3.34161
-3.55378
-3.85341
-4.22642
-4.61062
-4.88848
-5.06632
-5.33565
-5.86584
-7.92234
-0.173402
-0.000111058
-9.32257e-05
-0.433353
-4.46314
-4.72519
-4.80766
-4.73626
-4.44648
-4.00725
-3.54752
-3.17126
-2.90214
-2.72432
-2.61354
-2.54862
-2.51513
-2.50832
-2.52871
-2.57515
-2.66054
-2.92427
-3.47222
-3.9918
-4.22292
-4.47302
-5.88514
-7.22328
-9.29951
-12.8373
-18.0007
-21.9967
-22.2638
-20.1122
-17.9833
-16.169
-14.7454
-13.6546
-12.8218
-12.1846
-11.6941
-10.7119
-8.42002
-5.66011
-6.50293
-7.63344
-0.306606
-1.2516
-2.90574
-3.55847
-3.92647
-4.08393
-4.08393
-3.92647
-3.55847
-2.90574
-1.2516
-0.306606
-7.63344
-6.50293
-5.66011
-8.42002
-10.7119
-11.6941
-12.1846
-12.8218
-13.6546
-14.7454
-16.169
-17.9833
-20.1122
-22.2638
-21.9967
-18.0007
-12.8373
-9.29951
-7.22328
-5.88514
-4.47302
-4.22292
-3.9918
-3.47222
-2.92427
-2.66054
-2.57515
-2.52871
-2.50832
-2.51513
-2.54862
-2.61354
-2.72432
-2.90214
-3.17126
-3.54752
-4.00725
-4.44648
-4.73626
-4.80766
-4.72519
-4.46314
-0.433353
-9.32257e-05
-8.00366e-05
-1.57057
-3.41842
-3.60159
-3.73893
-3.68522
-3.34679
-2.89984
-2.50442
-2.21002
-2.00956
-1.87655
-1.78718
-1.72498
-1.68226
-1.66174
-1.67757
-1.75383
-1.90951
-2.13631
-2.52917
-3.23115
-3.84865
-4.05615
-4.0853
-5.99448
-9.1298
-15.0637
-29.0716
-40.5658
-37.297
-26.8552
-21.3421
-18.0771
-15.9446
-14.4701
-13.405
-12.6042
-11.9718
-11.0279
-8.81917
-5.56671
-6.25465
-9.06746
-0.124662
-1.17928
-2.63141
-3.44637
-3.89685
-4.07595
-4.07595
-3.89685
-3.44637
-2.63141
-1.17928
-0.124662
-9.06746
-6.25465
-5.56671
-8.81917
-11.0279
-11.9718
-12.6042
-13.405
-14.4701
-15.9446
-18.0771
-21.3421
-26.8552
-37.297
-40.5658
-29.0716
-15.0637
-9.1298
-5.99448
-4.0853
-4.05615
-3.84865
-3.23115
-2.52917
-2.13631
-1.90951
-1.75383
-1.67757
-1.66174
-1.68226
-1.72498
-1.78718
-1.87655
-2.00956
-2.21002
-2.50442
-2.89984
-3.34679
-3.68522
-3.73893
-3.60159
-3.41842
-1.57057
-8.00366e-05
-7.3547e-05
-2.6379
-3.19253
-3.16746
-3.12115
-2.88626
-2.44453
-1.9969
-1.64374
-1.39035
-1.21522
-1.09165
-0.999376
-0.926821
-0.873115
-0.849387
-0.87796
-0.988555
-1.20861
-1.54986
-1.98807
-2.54862
-3.30932
-3.73855
-3.95289
-4.76603
-8.70354
-16.5802
-39.915
-62.2141
-52.7212
-32.5561
-23.6802
-19.2463
-16.6278
-14.9181
-13.7212
-12.8323
-12.127
-11.2138
-9.05743
-5.51435
-6.10932
-9.9971
-0.0879824
-1.16248
-2.47999
-3.38026
-3.88222
-4.07642
-4.07642
-3.88222
-3.38026
-2.47999
-1.16248
-0.0879824
-9.9971
-6.10932
-5.51435
-9.05743
-11.2138
-12.127
-12.8323
-13.7212
-14.9181
-16.6278
-19.2463
-23.6802
-32.5561
-52.7212
-62.2141
-39.915
-16.5802
-8.70354
-4.76603
-3.95289
-3.73855
-3.30932
-2.54862
-1.98807
-1.54986
-1.20861
-0.988555
-0.87796
-0.849387
-0.873115
-0.926821
-0.999376
-1.09165
-1.21522
-1.39035
-1.64374
-1.9969
-2.44453
-2.88626
-3.12115
-3.16746
-3.19253
-2.6379
-7.3547e-05
