-7.17962e-05
-1.14931
-2.59396
-2.83894
-2.90933
-2.66194
-2.10099
-1.55188
-1.13978
-0.872367
-0.707587
-0.606123
-0.539103
-0.489985
-0.453066
-0.431975
-0.441126
-0.510642
-0.691674
-1.12486
-1.87789
-2.84516
-3.63835
-3.8834
-3.91722
-4.71507
-8.53867
-16.1829
-38.8114
-60.3973
-51.1121
-31.5019
-22.88
-18.5787
-16.0473
-14.4098
-13.2904
-12.5062
-11.9646
-11.6231
-10.0083
-6.03054
-5.36565
-10.5074
-0.816583
-1.10579
-2.67431
-3.43334
-3.81909
-3.96771
-3.96771
-3.81909
-3.43334
-2.67431
-1.10579
-0.816583
-10.5074
-5.36565
-6.03054
-10.0083
-11.6231
-11.9646
-12.5062
-13.2904
-14.4098
-16.0473
-18.5787
-22.88
-31.5019
-51.1121
-60.3973
-38.8114
-16.1829
-8.53867
-4.71507
-3.91722
-3.8834
-3.63835
-2.84516
-1.87789
-1.12486
-0.691674
-0.510642
-0.441126
-0.431975
-0.453066
-0.489985
-0.539103
-0.606123
-0.707587
-0.872367
-1.13978
-1.55188
-2.10099
-2.66194
-2.90933
-2.83894
-2.59396
-1.14931
-7.17962e-05
-8.39905e-05
-0.869728
-3.67723
-3.88205
-3.85761
-3.58153
-3.08006
-2.5569
-2.116
-1.83568
-1.6919
-1.63542
-1.62477
-1.63103
-1.63821
-1.64656
-1.67241
-1.74455
-1.92589
-2.2266
-2.83763
-3.56336
-3.93359
-3.98505
-4.08066
-5.9013
-8.93502
-14.6864
-28.2589
-39.3665
-36.1387
-25.9707
-20.6091
-17.4375
-15.3715
-13.952
-12.9436
-12.2163
-11.6979
-11.3538
-9.73868
-5.86307
-5.29599
-9.53165
-1.13024
-1.15751
-2.79718
-3.47722
-3.8289
-3.96973
-3.96973
-3.8289
-3.47722
-2.79718
-1.15751
-1.13024
-9.53165
-5.29599
-5.86307
-9.73868
-11.3538
-11.6979
-12.2163
-12.9436
-13.952
-15.3715
-17.4375
-20.6091
-25.9707
-36.1387
-39.3665
-28.2589
-14.6864
-8.93502
-5.9013
-4.08066
-3.98505
-3.93359
-3.56336
-2.83763
-2.2266
-1.92589
-1.74455
-1.67241
-1.64656
-1.63821
-1.63103
-1.62477
-1.63542
-1.6919
-1.83568
-2.116
-2.5569
-3.08006
-3.58153
-3.85761
-3.88205
-3.67723
-0.869728
-8.39905e-05
-0.000102821
-0.609072
-6.64108
-5.33971
-4.71144
-4.26571
-3.8803
-3.4521
-3.02431
-2.71693
-2.55035
-2.49357
-2.50203
-2.54041
-2.5874
-2.63759
-2.69676
-2.76472
-2.91159
-3.30782
-3.75792
-4.0212
-4.06613
-4.51769
-5.81235
-7.06427
-9.06428
-12.4855
-17.4753
-21.3201
-21.543
-19.4283
-17.3467
-15.5758
-14.1867
-13.1217
-12.3078
-11.6851
-11.211
-10.8615
-9.28228
-5.55475
-5.17055
-8.07172
-1.83888
-1.30732
-2.98736
-3.5466
-3.85457
-3.98664
-3.98664
-3.85457
-3.5466
-2.98736
-1.30732
-1.83888
-8.07172
-5.17055
-5.55475
-9.28228
-10.8615
-11.211
-11.6851
-12.3078
-13.1217
-14.1867
-15.5758
-17.3467
-19.4283
-21.543
-21.3201
-17.4753
-12.4855
-9.06428
-7.06427
-5.81235
-4.51769
-4.06613
-4.0212
-3.75792
-3.30782
-2.91159
-2.76472
-2.69676
-2.63759
-2.5874
-2.54041
-2.50203
-2.49357
-2.55035
-2.71693
-3.02431
-3.4521
-3.8803
-4.26571
-4.71144
-5.33971
-6.64108
-0.609072
-0.000102821
-0.000119704
-1.74691
-8.90646
-5.82911
-4.76688
-4.37791
-4.26085
-4.02972
-3.69446
-3.37205
-3.14525
-3.03781
-3.02314
-3.06401
-3.12644
-3.18723
-3.25183
-3.38985
-3.71004
-3.94548
-4.08474
-4.11189
-4.79137
-5.79896
-6.46748
-7.23633
-8.582
-10.6685
-13.1763
-15.166
-15.8624
-15.4758
-14.6613
-13.7485
-12.8986
-12.1669
-11.5579
-11.0556
-10.6353
-10.2656
-8.70399
-5.15897
-4.91187
-6.67166
-3.11278
-0.6886
-3.20076
-3.64358
-3.87503
-3.97959
-3.97959
-3.87503
-3.64358
-3.20076
-0.6886
-3.11278
-6.67166
-4.91187
-5.15897
-8.70399
-10.2656
-10.6353
-11.0556
-11.5579
-12.1669
-12.8986
-13.7485
-14.6613
-15.4758
-15.8624
-15.166
-13.1763
-10.6685
-8.582
-7.23633
-6.46748
-5.79896
-4.79137
-4.11189
-4.08474
-3.94548
-3.71004
-3.38985
-3.25183
-3.18723
-3.12644
-3.06401
-3.02314
-3.03781
-3.14525
-3.37205
-3.69446
-4.02972
-4.26085
-4.37791
-4.76688
-5.82911
-8.90646
-1.74691
-0.000119704
-0.000376214
-8.75816
-7.28282
-5.24558
-4.39508
-4.22945
-4.35551
-4.32792
-4.15669
-3.89197
-3.62746
-3.43838
-3.34546
-3.33167
-3.36062
-3.4481
-3.67198
-3.90075
-4.13463
-4.20496
-4.14032
-5.14801
-5.77464
-5.93686
-6.12012
-6.70562
-7.79007
-9.22205
-10.7618
-12.0242
-12.7062
-12.8184
-12.5696
-12.1444
-11.6651
-11.1984
-10.7731
-10.3944
-10.049
-9.63309
-8.06463
-4.74437
-4.67144
-5.52103
-5.71481
-0.205797
-3.47183
-3.91973
-4.02985
-4.05931
-4.05931
-4.02985
-3.91973
-3.47183
-0.205797
-5.71481
-5.52103
-4.67144
-4.74437
-8.06463
-9.63309
-10.049
-10.3944
-10.7731
-11.1984
-11.6651
-12.1444
-12.5696
-12.8184
-12.7062
-12.0242
-10.7618
-9.22205
-7.79007
-6.70562
-6.12012
-5.93686
-5.77464
-5.14801
-4.14032
-4.20496
-4.13463
-3.90075
-3.67198
-3.4481
-3.36062
-3.33167
-3.34546
-3.43838
-3.62746
-3.89197
-4.15669
-4.32792
-4.35551
-4.22945
-4.39508
-5.24558
-7.28282
-8.75816
-0.000376214
-0.00291553
-11.4127
-5.6406
-4.50766
-4.04931
-4.04412
-4.24368
-4.35836
-4.37575
-4.26495
-4.07276
-3.87315
-3.7254
-3.66497
-3.7114
-3.86091
-4.087
-4.22237
-4.23774
-4.85666
-5.7082
-5.92722
-5.57051
-5.11035
-5.16379
-5.87379
-6.93262
-8.08106
-9.18606
-10.0939
-10.6831
-10.9421
-10.9472
-10.7916
-10.5518
-10.2795
-10.0058
-9.74687
-9.5071
-9.02745
-7.43209
-4.74209
-4.64898
-4.68061
-3.88168
-0.122742
-3.97511
-4.49663
-4.47589
-4.36102
-4.36102
-4.47589
-4.49663
-3.97511
-0.122742
-3.88168
-4.68061
-4.64898
-4.74209
-7.43209
-9.02745
-9.5071
-9.74687
-10.0058
-10.2795
-10.5518
-10.7916
-10.9472
-10.9421
-10.6831
-10.0939
-9.18606
-8.08106
-6.93262
-5.87379
-5.16379
-5.11035
-5.57051
-5.92722
-5.7082
-4.85666
-4.23774
-4.22237
-4.087
-3.86091
-3.7114
-3.66497
-3.7254
-3.87315
-4.07276
-4.26495
-4.37575
-4.35836
-4.24368
-4.04412
-4.04931
-4.50766
-5.6406
-11.4127
-0.00291553
-0.0121984
-9.58553
-4.76981
-4.05182
-3.83646
-3.87501
-4.01579
-4.17821
-4.31911
-4.36431
-4.31338
-4.20701
-4.10853
-4.08084
-4.08295
-4.16599
-4.25096
-4.5634
-5.56523
-6.15014
-6.04952
-5.37905
-4.45614
-3.86708
-4.11568
-5.10446
-6.25273
-7.24852
-8.10328
-8.7913
-9.27648
-9.55842
-9.67154
-9.66235
-9.57323
-9.43711
-9.27914
-9.12153
-8.99045
-8.43324
-6.79353
-4.85466
-4.72611
-4.16698
-3.51942
-2.26411
-1.02085
-6.06291
-5.36581
-5.08947
-5.08947
-5.36581
-6.06291
-1.02085
-2.26411
-3.51942
-4.16698
-4.72611
-4.85466
-6.79353
-8.43324
-8.99045
-9.12153
-9.27914
-9.43711
-9.57323
-9.66235
-9.67154
-9.55842
-9.27648
-8.7913
-8.10328
-7.24852
-6.25273
-5.10446
-4.11568
-3.86708
-4.45614
-5.37905
-6.04952
-6.15014
-5.56523
-4.5634
-4.25096
-4.16599
-4.08295
-4.08084
-4.10853
-4.20701
-4.31338
-4.36431
-4.31911
-4.17821
-4.01579
-3.87501
-3.83646
-4.05182
-4.76981
-9.58553
-0.0121984
-0.0255094
-7.4034
-4.31778
-3.84471
-3.72849
-3.73534
-3.77998
-3.90602
-4.07452
-4.20498
-4.26354
-4.25541
-4.22135
-4.23652
-4.22443
-4.19454
-5.15704
-5.85529
-6.02814
-5.71116
-4.85992
-3.78285
-3.69465
-3.65316
-3.71151
-4.83256
-5.94545
-6.72533
-7.35861
-7.86388
-8.23909
-8.49306
-8.64477
-8.71505
-8.72143
-8.67835
-8.60029
-8.50738
-8.43693
-7.7879
-6.09419
-4.87073
-4.66972
-3.93779
-3.45646
-2.80596
-0.87012
-0.752077
-7.32745
-10.4406
-10.4406
-7.32745
-0.752077
-0.87012
-2.80596
-3.45646
-3.93779
-4.66972
-4.87073
-6.09419
-7.7879
-8.43693
-8.50738
-8.60029
-8.67835
-8.72143
-8.71505
-8.64477
-8.49306
-8.23909
-7.86388
-7.35861
-6.72533
-5.94545
-4.83256
-3.71151
-3.65316
-3.69465
-3.78285
-4.85992
-5.71116
-6.02814
-5.85529
-5.15704
-4.19454
-4.22443
-4.23652
-4.22135
-4.25541
-4.26354
-4.20498
-4.07452
-3.90602
-3.77998
-3.73534
-3.72849
-3.84471
-4.31778
-7.4034
-0.0255094
-0.0305913
-5.7583
-3.98816
-3.71994
-3.65719
-3.62648
-3.5895
-3.63442
-3.7584
-3.89821
-4.00185
-4.05771
-4.09273
-4.14527
-4.42471
-5.13565
-5.47631
-5.33557
-4.67139
-3.75374
-3.64269
-3.54297
-3.53866
-3.67683
-3.9053
-5.14769
-5.9648
-6.43714
-6.83875
-7.16733
-7.42734
-7.63159
-7.7913
-7.90943
-7.9823
-8.00544
-7.97825
-7.90765
-7.81345
-7.0405
-5.32167
-4.70325
-4.46333
-3.84301
-3.50703
-3.12912
-2.69969
-0.216272
-0.000211123
-0.000337945
-0.000337945
-0.000211123
-0.216272
-2.69969
-3.12912
-3.50703
-3.84301
-4.46333
-4.70325
-5.32167
-7.0405
-7.81345
-7.90765
-7.97825
-8.00544
-7.9823
-7.90943
-7.7913
-7.63159
-7.42734
-7.16733
-6.83875
-6.43714
-5.9648
-5.14769
-3.9053
-3.67683
-3.53866
-3.54297
-3.64269
-3.75374
-4.67139
-5.33557
-5.47631
-5.13565
-4.42471
-4.14527
-4.09273
-4.05771
-4.00185
-3.89821
-3.7584
-3.63442
-3.5895
-3.62648
-3.65719
-3.71994
-3.98816
-5.7583
-0.0305913
-0.0230812
-4.57796
-3.67611
-3.57908
-3.56799
-3.52822
-3.45011
-3.42171
-3.47264
-3.59073
-3.73548
-3.85857
-3.93497
-4.07892
-4.53781
-4.51404
-4.01864
-3.66492
-3.57143
-3.41911
-3.2643
-3.25567
-3.52129
-3.77087
-4.70323
-5.69385
-6.07375
-6.25945
-6.44262
-6.60067
-6.74326
-6.89083
-7.05162
-7.21145
-7.34375
-7.42399
-7.43498
-7.36672
-7.15503
-6.23532
-4.57428
-4.43128
-4.21576
-3.79372
-3.60042
-3.38334
-3.205
-3.11484
-0.00612318
-5.38012e-05
-5.38012e-05
-0.00612318
-3.11484
-3.205
-3.38334
-3.60042
-3.79372
-4.21576
-4.43128
-4.57428
-6.23532
-7.15503
-7.36672
-7.43498
-7.42399
-7.34375
-7.21145
-7.05162
-6.89083
-6.74326
-6.60067
-6.44262
-6.25945
-6.07375
-5.69385
-4.70323
-3.77087
-3.52129
-3.25567
-3.2643
-3.41911
-3.57143
-3.66492
-4.01864
-4.51404
-4.53781
-4.07892
-3.93497
-3.85857
-3.73548
-3.59073
-3.47264
-3.42171
-3.45011
-3.52822
-3.56799
-3.57908
-3.67611
-4.57796
-0.0230812
-0.012646
-3.72909
-3.39986
-3.42633
-3.46923
-3.44918
-3.36955
-3.31701
-3.36515
-3.5372
-3.73054
-3.8413
-3.85177
-3.80031
-3.7103
-3.59225
-3.45553
-3.3366
-3.22157
-2.99411
-2.67327
-3.25925
-3.67706
-3.99505
-5.5319
-6.11021
-6.12072
-6.10448
-6.0991
-6.09225
-6.11227
-6.20296
-6.3766
-6.59469
-6.79894
-6.94365
-6.99781
-6.93789
-6.53808
-5.45248
-4.38456
-4.2706
-4.06182
-3.79147
-3.67298
-3.5876
-3.54927
-3.70629
-0.199478
-3.51773e-05
-3.51773e-05
-0.199478
-3.70629
-3.54927
-3.5876
-3.67298
-3.79147
-4.06182
-4.2706
-4.38456
-5.45248
-6.53808
-6.93789
-6.99781
-6.94365
-6.79894
-6.59469
-6.3766
-6.20296
-6.11227
-6.09225
-6.0991
-6.10448
-6.12072
-6.11021
-5.5319
-3.99505
-3.67706
-3.25925
-2.67327
-2.99411
-3.22157
-3.3366
-3.45553
-3.59225
-3.7103
-3.80031
-3.85177
-3.8413
-3.73054
-3.5372
-3.36515
-3.31701
-3.36955
-3.44918
-3.46923
-3.42633
-3.39986
-3.72909
-0.012646
-0.00708232
-3.29534
-3.25597
-3.34994
-3.43553
-3.43952
-3.37432
-3.38852
-3.55525
-3.77438
-3.90119
-3.89231
-3.77893
-3.61029
-3.43171
-3.27816
-3.12869
-2.88971
-2.5289
-2.30273
-2.97542
-3.55463
-3.80124
-4.9889
-6.12084
-6.2879
-6.10823
-5.94951
-5.77882
-5.5981
-5.47212
-5.50409
-5.72409
-6.04366
-6.34951
-6.57755
-6.69236
-6.63455
-6.00917
-4.72693
-4.38284
-4.24893
-4.02832
-3.84052
-3.73053
-3.70976
-3.77171
-3.97039
-1.77317
-4.81517e-05
-4.81517e-05
-1.77317
-3.97039
-3.77171
-3.70976
-3.73053
-3.84052
-4.02832
-4.24893
-4.38284
-4.72693
-6.00917
-6.63455
-6.69236
-6.57755
-6.34951
-6.04366
-5.72409
-5.50409
-5.47212
-5.5981
-5.77882
-5.94951
-6.10823
-6.2879
-6.12084
-4.9889
-3.80124
-3.55463
-2.97542
-2.30273
-2.5289
-2.88971
-3.12869
-3.27816
-3.43171
-3.61029
-3.77893
-3.89231
-3.90119
-3.77438
-3.55525
-3.38852
-3.37432
-3.43952
-3.43553
-3.34994
-3.25597
-3.29534
-0.00708232
-0.00641451
-3.38141
-3.32066
-3.41672
-3.50553
-3.50839
-3.49361
-3.63045
-3.84676
-3.98748
-3.9885
-3.86069
-3.64161
-3.39099
-3.14798
-2.87199
-2.568
-2.32191
-1.9441
-2.87288
-3.54928
-3.76207
-3.99384
-5.83514
-6.47094
-6.33091
-6.0851
-5.82077
-5.49883
-5.09826
-4.74886
-4.71396
-5.06336
-5.56679
-6.01278
-6.34361
-6.54826
-6.45126
-5.59407
-4.27581
-4.31557
-4.22363
-4.06006
-3.93006
-3.79915
-3.76593
-3.85389
-4.06276
-5.25188
-0.000283452
-0.000283452
-5.25188
-4.06276
-3.85389
-3.76593
-3.79915
-3.93006
-4.06006
-4.22363
-4.31557
-4.27581
-5.59407
-6.45126
-6.54826
-6.34361
-6.01278
-5.56679
-5.06336
-4.71396
-4.74886
-5.09826
-5.49883
-5.82077
-6.0851
-6.33091
-6.47094
-5.83514
-3.99384
-3.76207
-3.54928
-2.87288
-1.9441
-2.32191
-2.568
-2.87199
-3.14798
-3.39099
-3.64161
-3.86069
-3.9885
-3.98748
-3.84676
-3.63045
-3.49361
-3.50839
-3.50553
-3.41672
-3.32066
-3.38141
-0.00641451
-0.010648
-3.93773
-3.54208
-3.56701
-3.61128
-3.62381
-3.70638
-3.89033
-4.02862
-4.04339
-3.92942
-3.7023
-3.41869
-3.12071
-2.76116
-2.36993
-1.89422
-1.06327
-3.06199
-3.67399
-3.80246
-3.87372
-5.07804
-6.40184
-6.61283
-6.36425
-6.0961
-5.77406
-5.27631
-4.57678
-3.96497
-3.92528
-4.49278
-5.24047
-5.83274
-6.25604
-6.56933
-6.38307
-5.26576
-4.38393
-4.27621
-4.16115
-4.11285
-4.04194
-3.90239
-3.80656
-3.85492
-4.07855
-5.86556
-0.0015225
-0.0015225
-5.86556
-4.07855
-3.85492
-3.80656
-3.90239
-4.04194
-4.11285
-4.16115
-4.27621
-4.38393
-5.26576
-6.38307
-6.56933
-6.25604
-5.83274
-5.24047
-4.49278
-3.92528
-3.96497
-4.57678
-5.27631
-5.77406
-6.0961
-6.36425
-6.61283
-6.40184
-5.07804
-3.87372
-3.80246
-3.67399
-3.06199
-1.06327
-1.89422
-2.36993
-2.76116
-3.12071
-3.41869
-3.7023
-3.92942
-4.04339
-4.02862
-3.89033
-3.70638
-3.62381
-3.61128
-3.56701
-3.54208
-3.93773
-0.010648
-0.0239415
-4.84593
-3.81112
-3.69749
-3.70252
-3.78155
-3.9223
-4.04482
-4.06238
-3.96008
-3.74718
-3.47772
-3.1817
-2.75424
-2.21329
-1.54213
-0.720195
-2.66471
-3.7235
-3.8866
-3.91851
-4.037
-6.00384
-6.74828
-6.66191
-6.43288
-6.1818
-5.79819
-5.05265
-3.98214
-3.73498
-3.60253
-4.20129
-5.16431
-5.84531
-6.30572
-6.70036
-6.38501
-4.94715
-4.52512
-4.27963
-4.0605
-4.13957
-4.14816
-4.04133
-3.88829
-3.87093
-4.11005
-6.17354
-0.00474403
-0.00474403
-6.17354
-4.11005
-3.87093
-3.88829
-4.04133
-4.14816
-4.13957
-4.0605
-4.27963
-4.52512
-4.94715
-6.38501
-6.70036
-6.30572
-5.84531
-5.16431
-4.20129
-3.60253
-3.73498
-3.98214
-5.05265
-5.79819
-6.1818
-6.43288
-6.66191
-6.74828
-6.00384
-4.037
-3.91851
-3.8866
-3.7235
-2.66471
-0.720195
-1.54213
-2.21329
-2.75424
-3.1817
-3.47772
-3.74718
-3.96008
-4.06238
-4.04482
-3.9223
-3.78155
-3.70252
-3.69749
-3.81112
-4.84593
-0.0239415
-0.0529589
-6.13524
-4.10103
-3.80381
-3.81546
-3.95412
-4.05181
-4.06435
-3.96973
-3.77228
-3.52824
-3.24814
-2.81413
-2.22073
-1.43482
-0.606442
-0.536794
-3.72787
-4.05081
-4.00126
-3.96124
-5.20166
-6.60147
-6.89106
-6.71933
-6.53901
-6.31251
-5.74254
-4.57182
-3.8744
-3.63769
-3.54607
-4.22053
-5.32572
-6.01944
-6.45579
-6.85676
-6.38799
-4.60635
-4.47609
-4.13752
-3.86659
-4.07972
-4.20133
-4.1797
-4.02794
-3.97127
-4.24345
-6.69962
-0.00925564
-0.00925564
-6.69962
-4.24345
-3.97127
-4.02794
-4.1797
-4.20133
-4.07972
-3.86659
-4.13752
-4.47609
-4.60635
-6.38799
-6.85676
-6.45579
-6.01944
-5.32572
-4.22053
-3.54607
-3.63769
-3.8744
-4.57182
-5.74254
-6.31251
-6.53901
-6.71933
-6.89106
-6.60147
-5.20166
-3.96124
-4.00126
-4.05081
-3.72787
-0.536794
-0.606442
-1.43482
-2.22073
-2.81413
-3.24814
-3.52824
-3.77228
-3.96973
-4.06435
-4.05181
-3.95412
-3.81546
-3.80381
-4.10103
-6.13524
-0.0529589
-0.0887103
-7.96655
-4.49445
-3.95917
-3.96029
-4.07417
-4.06339
-3.96874
-3.79114
-3.5691
-3.31201
-2.89756
-2.29342
-1.43699
-0.406006
-0.111279
-3.25591
-3.88802
-4.05701
-4.03359
-4.1944
-6.16352
-6.94074
-6.92823
-6.79537
-6.67092
-6.30566
-5.28596
-3.95193
-3.72948
-3.45147
-3.4811
-4.39691
-5.60013
-6.26993
-6.66116
-6.98538
-6.35224
-4.42134
-4.29475
-3.80643
-3.54604
-3.8909
-4.15365
-4.26032
-4.1853
-4.16338
-4.5207
-7.67388
-0.0117814
-0.0117814
-7.67388
-4.5207
-4.16338
-4.1853
-4.26032
-4.15365
-3.8909
-3.54604
-3.80643
-4.29475
-4.42134
-6.35224
-6.98538
-6.66116
-6.26993
-5.60013
-4.39691
-3.4811
-3.45147
-3.72948
-3.95193
-5.28596
-6.30566
-6.67092
-6.79537
-6.92823
-6.94074
-6.16352
-4.1944
-4.03359
-4.05701
-3.88802
-3.25591
-0.111279
-0.406006
-1.43699
-2.29342
-2.89756
-3.31201
-3.5691
-3.79114
-3.96874
-4.06339
-4.07417
-3.96029
-3.95917
-4.49445
-7.96655
-0.0887103
-0.0959089
-10.8286
-5.05251
-4.16818
-4.06236
-4.095
-3.97806
-3.7989
-3.604
-3.35711
-2.97608
-2.37864
-1.44642
-0.225282
-0.0502404
-1.99243
-3.45072
-4.06028
-4.09391
-4.01881
-5.37714
-6.73678
-7.04734
-6.9511
-6.87048
-6.67892
-5.90682
-4.25748
-3.88041
-3.46419
-3.26302
-3.44194
-4.57498
-5.864
-6.51749
-6.87313
-7.07008
-6.27362
-4.50331
-4.21312
-3.44547
-3.13909
-3.56975
-3.98027
-4.23487
-4.30425
-4.41262
-4.92196
-9.10892
-0.00975214
-0.00975214
-9.10892
-4.92196
-4.41262
-4.30425
-4.23487
-3.98027
-3.56975
-3.13909
-3.44547
-4.21312
-4.50331
-6.27362
-7.07008
-6.87313
-6.51749
-5.864
-4.57498
-3.44194
-3.26302
-3.46419
-3.88041
-4.25748
-5.90682
-6.67892
-6.87048
-6.9511
-7.04734
-6.73678
-5.37714
-4.01881
-4.09391
-4.06028
-3.45072
-1.99243
-0.0502404
-0.225282
-1.44642
-2.37864
-2.97608
-3.35711
-3.604
-3.7989
-3.97806
-4.095
-4.06236
-4.16818
-5.05251
-10.8286
-0.0959089
-0.0612868
-14.7252
-5.7362
-4.40787
-4.07095
-3.99181
-3.82422
-3.60671
-3.38189
-3.02767
-2.45397
-1.4208
-0.0992266
-0.0628032
-1.20208
-2.77756
-3.63629
-4.03813
-4.0786
-4.42746
-6.29512
-7.01491
-7.03193
-6.96236
-6.86872
-6.34961
-4.90318
-3.89596
-3.73039
-3.05083
-3.13254
-3.40717
-4.64867
-6.03908
-6.71081
-7.03973
-7.10314
-6.16115
-4.59089
-4.25906
-3.24571
-2.75551
-3.15011
-3.67789
-4.07759
-4.35014
-4.67508
-5.36796
-10.5827
-0.00505604
-0.00505604
-10.5827
-5.36796
-4.67508
-4.35014
-4.07759
-3.67789
-3.15011
-2.75551
-3.24571
-4.25906
-4.59089
-6.16115
-7.10314
-7.03973
-6.71081
-6.03908
-4.64867
-3.40717
-3.13254
-3.05083
-3.73039
-3.89596
-4.90318
-6.34961
-6.86872
-6.96236
-7.03193
-7.01491
-6.29512
-4.42746
-4.0786
-4.03813
-3.63629
-2.77756
-1.20208
-0.0628032
-0.0992266
-1.4208
-2.45397
-3.02767
-3.38189
-3.60671
-3.82422
-3.99181
-4.07095
-4.40787
-5.7362
-14.7252
-0.0612868
-0.0202534
-18.6439
-6.6852
-4.87221
-4.15157
-3.83256
-3.63854
-3.34094
-3.0211
-2.47361
-1.33034
-0.0427609
-0.265501
-0.952652
-2.00565
-3.03104
-3.86439
-4.07764
-4.03755
-5.56585
-6.78106
-7.04943
-6.99124
-6.94516
-6.6032
-5.42918
-3.87097
-3.78938
-3.46477
-2.497
-3.09962
-3.37427
-4.58043
-6.10184
-6.82643
-7.12499
-7.07585
-6.02209
-4.62292
-4.31976
-3.27287
-2.56863
-2.71983
-3.25354
-3.77372
-4.26189
-4.82245
-5.66217
-11.0861
-0.00153434
-0.00153434
-11.0861
-5.66217
-4.82245
-4.26189
-3.77372
-3.25354
-2.71983
-2.56863
-3.27287
-4.31976
-4.62292
-6.02209
-7.07585
-7.12499
-6.82643
-6.10184
-4.58043
-3.37427
-3.09962
-2.497
-3.46477
-3.78938
-3.87097
-5.42918
-6.6032
-6.94516
-6.99124
-7.04943
-6.78106
-5.56585
-4.03755
-4.07764
-3.86439
-3.03104
-2.00565
-0.952652
-0.265501
-0.0427609
-1.33034
-2.47361
-3.0211
-3.34094
-3.63854
-3.83256
-4.15157
-4.87221
-6.6852
-18.6439
-0.0202534
-0.00266588
-16.7986
-7.85378
-5.49627
-4.28745
-3.65943
-3.34903
-2.88224
-2.30412
-0.938625
-0.29504
-0.600614
-1.12385
-1.80281
-2.54476
-3.34946
-3.90364
-4.06615
-4.69273
-6.3567
-6.95205
-6.97155
-6.94031
-6.74601
-5.85412
-3.98581
-3.81669
-3.68697
-3.10653
-2.39277
-3.13079
-3.34711
-4.40125
-6.07425
-6.86459
-7.12195
-6.98396
-5.86402
-4.60032
-4.36986
-3.49581
-2.73151
-2.50632
-2.79312
-3.31185
-3.89265
-4.54128
-5.44651
-7.88814
-0.000299551
-0.000299551
-7.88814
-5.44651
-4.54128
-3.89265
-3.31185
-2.79312
-2.50632
-2.73151
-3.49581
-4.36986
-4.60032
-5.86402
-6.98396
-7.12195
-6.86459
-6.07425
-4.40125
-3.34711
-3.13079
-2.39277
-3.10653
-3.68697
-3.81669
-3.98581
-5.85412
-6.74601
-6.94031
-6.97155
-6.95205
-6.3567
-4.69273
-4.06615
-3.90364
-3.34946
-2.54476
-1.80281
-1.12385
-0.600614
-0.29504
-0.938625
-2.30412
-2.88224
-3.34903
-3.65943
-4.28745
-5.49627
-7.85378
-16.7986
-0.00266588
-0.000217771
-2.51584
-9.05159
-5.37646
-3.97932
-3.10517
-2.56152
-1.53398
-0.548062
-0.819461
-1.2446
-1.67819
-2.06944
-2.48372
-2.98871
-3.64494
-4.00943
-4.03923
-5.70254
-6.69792
-6.89462
-6.87234
-6.76683
-6.14369
-4.54543
-3.811
-3.76564
-3.61802
-2.70588
-2.83794
-3.15998
-3.31951
-4.15169
-5.9843
-6.83563
-7.04435
-6.8333
-5.68327
-4.53674
-4.4122
-3.80744
-3.16512
-2.74495
-2.62268
-2.84413
-3.20816
-3.61624
-4.31727
-1.59101
-0.000104521
-0.000104521
-1.59101
-4.31727
-3.61624
-3.20816
-2.84413
-2.62268
-2.74495
-3.16512
-3.80744
-4.4122
-4.53674
-5.68327
-6.8333
-7.04435
-6.83563
-5.9843
-4.15169
-3.31951
-3.15998
-2.83794
-2.70588
-3.61802
-3.76564
-3.811
-4.54543
-6.14369
-6.76683
-6.87234
-6.89462
-6.69792
-5.70254
-4.03923
-4.00943
-3.64494
-2.98871
-2.48372
-2.06944
-1.67819
-1.2446
-0.819461
-0.548062
-1.53398
-2.56152
-3.10517
-3.97932
-5.37646
-9.05159
-2.51584
-0.000217771
-8.67377e-05
-0.0270527
-2.38985
-1.72912
-1.5058
-1.38464
-1.39766
-1.59699
-1.8277
-2.01432
-2.1961
-2.42585
-2.69272
-2.96731
-3.37527
-3.83575
-4.05599
-4.89885
-6.27103
-6.73029
-6.75325
-6.71547
-6.29476
-4.98843
-3.79571
-3.77274
-3.72754
-3.49621
-1.81059
-3.24257
-3.1608
-3.30921
-3.85676
-5.83725
-6.74828
-6.92163
-6.6442
-5.48048
-4.44675
-4.44224
-4.10277
-3.644
-3.27856
-2.98117
-2.8194
-2.74852
-2.69194
-2.60847
-0.165718
-7.51878e-05
-7.51878e-05
-0.165718
-2.60847
-2.69194
-2.74852
-2.8194
-2.98117
-3.27856
-3.644
-4.10277
-4.44224
-4.44675
-5.48048
-6.6442
-6.92163
-6.74828
-5.83725
-3.85676
-3.30921
-3.1608
-3.24257
-1.81059
-3.49621
-3.72754
-3.77274
-3.79571
-4.98843
-6.29476
-6.71547
-6.75325
-6.73029
-6.27103
-4.89885
-4.05599
-3.83575
-3.37527
-2.96731
-2.69272
-2.42585
-2.1961
-2.01432
-1.8277
-1.59699
-1.39766
-1.38464
-1.5058
-1.72912
-2.38985
-0.0270527
-8.67377e-05
-6.16507e-05
-0.192071
-2.57247
-2.36522
-2.32721
-2.37337
-2.44041
-2.52106
-2.63787
-2.76712
-2.8936
-3.03053
-3.193
-3.39987
-3.75422
-4.029
-4.04689
-5.62104
-6.424
-6.59042
-6.60917
-6.34712
-5.31631
-3.78018
-3.77167
-3.78473
-3.74391
-3.36842
-1.46828
-3.33658
-3.15836
-3.3552
-3.62593
-5.6252
-6.61003
-6.7938
-6.44753
-5.26788
-4.33836
-4.43862
-4.31626
-4.02854
-3.78747
-3.54299
-3.29718
-3.06179
-2.81112
-2.32537
-0.0475321
-5.63619e-05
-5.63619e-05
-0.0475321
-2.32537
-2.81112
-3.06179
-3.29718
-3.54299
-3.78747
-4.02854
-4.31626
-4.43862
-4.33836
-5.26788
-6.44753
-6.7938
-6.61003
-5.6252
-3.62593
-3.3552
-3.15836
-3.33658
-1.46828
-3.36842
-3.74391
-3.78473
-3.77167
-3.78018
-5.31631
-6.34712
-6.60917
-6.59042
-6.424
-5.62104
-4.04689
-4.029
-3.75422
-3.39987
-3.193
-3.03053
-2.8936
-2.76712
-2.63787
-2.52106
-2.44041
-2.37337
-2.32721
-2.36522
-2.57247
-0.192071
-6.16507e-05
-7.5276e-05
-2.26309
-3.95491
-3.46697
-3.29508
-3.23602
-3.23546
-3.24612
-3.29792
-3.37461
-3.46431
-3.56362
-3.67451
-3.84139
-4.02798
-4.09412
-4.77083
-5.88254
-6.3408
-6.44046
-6.32859
-5.55288
-3.88123
-3.7411
-3.78761
-3.83561
-3.75009
-1.01927
-1.46761
-3.18739
-3.16707
-3.4392
-3.63278
-5.33416
-6.43121
-6.6861
-6.27059
-5.06689
-4.2181
-4.37981
-4.41369
-4.27228
-4.14021
-3.97801
-3.80331
-3.6495
-3.5005
-3.27933
-0.118255
-4.6927e-05
-4.6927e-05
-0.118255
-3.27933
-3.5005
-3.6495
-3.80331
-3.97801
-4.14021
-4.27228
-4.41369
-4.37981
-4.2181
-5.06689
-6.27059
-6.6861
-6.43121
-5.33416
-3.63278
-3.4392
-3.16707
-3.18739
-1.46761
-1.01927
-3.75009
-3.83561
-3.78761
-3.7411
-3.88123
-5.55288
-6.32859
-6.44046
-6.3408
-5.88254
-4.77083
-4.09412
-4.02798
-3.84139
-3.67451
-3.56362
-3.46431
-3.37461
-3.29792
-3.24612
-3.23546
-3.23602
-3.29508
-3.46697
-3.95491
-2.26309
-7.5276e-05
-0.000214724
-7.69903
-4.74217
-4.14459
-3.86301
-3.77401
-3.7767
-3.78038
-3.81833
-3.87145
-3.93386
-4.00102
-4.06614
-4.14919
-4.13995
-4.01721
-5.09785
-5.90333
-6.19551
-6.21847
-5.69193
-4.2617
-3.72066
-3.75597
-3.86428
-3.88427
-3.39777
-0.0352038
-1.42485
-3.00062
-3.19746
-3.49865
-3.65398
-4.9776
-6.22592
-6.59296
-6.1232
-4.89795
-4.09671
-4.26134
-4.3843
-4.36449
-4.32593
-4.22965
-4.11621
-4.0717
-4.11559
-4.2989
-0.373939
-4.51601e-05
-4.51601e-05
-0.373939
-4.2989
-4.11559
-4.0717
-4.11621
-4.22965
-4.32593
-4.36449
-4.3843
-4.26134
-4.09671
-4.89795
-6.1232
-6.59296
-6.22592
-4.9776
-3.65398
-3.49865
-3.19746
-3.00062
-1.42485
-0.0352038
-3.39777
-3.88427
-3.86428
-3.75597
-3.72066
-4.2617
-5.69193
-6.21847
-6.19551
-5.90333
-5.09785
-4.01721
-4.13995
-4.14919
-4.06614
-4.00102
-3.93386
-3.87145
-3.81833
-3.78038
-3.7767
-3.77401
-3.86301
-4.14459
-4.74217
-7.69903
-0.000214724
-0.000550282
-10.5297
-5.13429
-4.42708
-4.12842
-4.07407
-4.11652
-4.13984
-4.18152
-4.21915
-4.24892
-4.2652
-4.26346
-4.21029
-4.05106
-4.06176
-5.17732
-5.85057
-6.03893
-5.73994
-4.57416
-3.71712
-3.75182
-3.89208
-3.99619
-3.84242
-0.662625
-0.0102779
-1.51949
-2.92612
-3.27069
-3.54281
-3.68179
-4.59245
-6.00567
-6.48522
-5.99218
-4.76913
-3.9886
-4.10143
-4.24068
-4.31119
-4.35657
-4.3286
-4.26001
-4.29379
-4.5002
-4.95402
-0.894657
-4.71368e-05
-4.71368e-05
-0.894657
-4.95402
-4.5002
-4.29379
-4.26001
-4.3286
-4.35657
-4.31119
-4.24068
-4.10143
-3.9886
-4.76913
-5.99218
-6.48522
-6.00567
-4.59245
-3.68179
-3.54281
-3.27069
-2.92612
-1.51949
-0.0102779
-0.662625
-3.84242
-3.99619
-3.89208
-3.75182
-3.71712
-4.57416
-5.73994
-6.03893
-5.85057
-5.17732
-4.06176
-4.05106
-4.21029
-4.26346
-4.2652
-4.24892
-4.21915
-4.18152
-4.13984
-4.11652
-4.07407
-4.12842
-4.42708
-5.13429
-10.5297
-0.000550282
-0.00085331
-11.6448
-5.28854
-4.53345
-4.25517
-4.24739
-4.31605
-4.33607
-4.35179
-4.34456
-4.3181
-4.27286
-4.19804
-4.04089
-3.85464
-4.31099
-5.32706
-5.83703
-5.73326
-4.82725
-3.72151
-3.74304
-3.88986
-4.0555
-4.03493
-3.62542
-0.0258143
-0.082691
-1.77378
-2.9583
-3.37099
-3.58483
-3.70089
-4.19771
-5.73937
-6.31044
-5.84164
-4.67032
-3.90589
-3.93461
-4.0199
-4.13756
-4.24801
-4.29477
-4.28157
-4.37028
-4.65186
-5.17985
-1.54402
-4.95024e-05
-4.95024e-05
-1.54402
-5.17985
-4.65186
-4.37028
-4.28157
-4.29477
-4.24801
-4.13756
-4.0199
-3.93461
-3.90589
-4.67032
-5.84164
-6.31044
-5.73937
-4.19771
-3.70089
-3.58483
-3.37099
-2.9583
-1.77378
-0.082691
-0.0258143
-3.62542
-4.03493
-4.0555
-3.88986
-3.74304
-3.72151
-4.82725
-5.73326
-5.83703
-5.32706
-4.31099
-3.85464
-4.04089
-4.19804
-4.27286
-4.3181
-4.34456
-4.35179
-4.33607
-4.31605
-4.24739
-4.25517
-4.53345
-5.28854
-11.6448
-0.00085331
-0.000801182
-11.4089
-5.36694
-4.62317
-4.33217
-4.30412
-4.34341
-4.30999
-4.25567
-4.17349
-4.07958
-3.98594
-3.87484
-3.76104
-3.71247
-4.70543
-5.58884
-5.73489
-5.05946
-3.73427
-3.74159
-3.86728
-4.0695
-4.11845
-3.95155
-0.640073
-0.000307827
-0.546663
-2.10684
-3.05209
-3.45509
-3.60039
-3.6922
-3.85094
-5.39367
-5.99991
-5.62199
-4.57538
-3.85427
-3.79923
-3.782
-3.89214
-4.03138
-4.14017
-4.19237
-4.3162
-4.58693
-5.03936
-1.97975
-5.03729e-05
-5.03729e-05
-1.97975
-5.03936
-4.58693
-4.3162
-4.19237
-4.14017
-4.03138
-3.89214
-3.782
-3.79923
-3.85427
-4.57538
-5.62199
-5.99991
-5.39367
-3.85094
-3.6922
-3.60039
-3.45509
-3.05209
-2.10684
-0.546663
-0.000307827
-0.640073
-3.95155
-4.11845
-4.0695
-3.86728
-3.74159
-3.73427
-5.05946
-5.73489
-5.58884
-4.70543
-3.71247
-3.76104
-3.87484
-3.98594
-4.07958
-4.17349
-4.25567
-4.30999
-4.34341
-4.30412
-4.33217
-4.62317
-5.36694
-11.4089
-0.000801182
-0.000472968
-9.96751
-5.30414
-4.63157
-4.31063
-4.20237
-4.15206
-4.01928
-3.86613
-3.70646
-3.57756
-3.50042
-3.53609
-3.6178
-3.86812
-5.19859
-5.75386
-5.32134
-3.98211
-3.73381
-3.82342
-4.02862
-4.1492
-4.06621
-3.5405
-0.0190467
-0.00480786
-1.07862
-2.41914
-3.18467
-3.50957
-3.58668
-3.69184
-3.89972
-4.94284
-5.47939
-5.24989
-4.44476
-3.83531
-3.72524
-3.59979
-3.64498
-3.76505
-3.89678
-4.00013
-4.134
-4.33765
-4.63738
-1.99584
-4.91922e-05
-4.91922e-05
-1.99584
-4.63738
-4.33765
-4.134
-4.00013
-3.89678
-3.76505
-3.64498
-3.59979
-3.72524
-3.83531
-4.44476
-5.24989
-5.47939
-4.94284
-3.89972
-3.69184
-3.58668
-3.50957
-3.18467
-2.41914
-1.07862
-0.00480786
-0.0190467
-3.5405
-4.06621
-4.1492
-4.02862
-3.82342
-3.73381
-3.98211
-5.32134
-5.75386
-5.19859
-3.86812
-3.6178
-3.53609
-3.50042
-3.57756
-3.70646
-3.86613
-4.01928
-4.15206
-4.20237
-4.31063
-4.63157
-5.30414
-9.96751
-0.000472968
-0.000200593
-7.30606
-4.91749
-4.37953
-4.0746
-3.891
-3.73483
-3.51741
-3.31068
-3.15065
-3.08339
-3.16762
-3.44918
-3.65506
-4.5668
-5.59084
-5.57637
-4.47407
-3.77496
-3.75837
-3.92473
-4.10278
-4.06369
-3.82796
-0.845998
-0.000196713
-0.0840016
-1.55896
-2.67648
-3.32906
-3.53846
-3.5573
-3.71901
-3.93461
-4.40163
-4.67568
-4.60384
-4.23275
-3.8521
-3.72633
-3.53099
-3.47339
-3.5385
-3.64256
-3.75826
-3.8729
-3.98708
-4.11907
-1.72192
-4.64347e-05
-4.64347e-05
-1.72192
-4.11907
-3.98708
-3.8729
-3.75826
-3.64256
-3.5385
-3.47339
-3.53099
-3.72633
-3.8521
-4.23275
-4.60384
-4.67568
-4.40163
-3.93461
-3.71901
-3.5573
-3.53846
-3.32906
-2.67648
-1.55896
-0.0840016
-0.000196713
-0.845998
-3.82796
-4.06369
-4.10278
-3.92473
-3.75837
-3.77496
-4.47407
-5.57637
-5.59084
-4.5668
-3.65506
-3.44918
-3.16762
-3.08339
-3.15065
-3.31068
-3.51741
-3.73483
-3.891
-4.0746
-4.37953
-4.91749
-7.30606
-0.000200593
-9.45272e-05
-3.37769
-4.13559
-3.80671
-3.60687
-3.42103
-3.21709
-3.00981
-2.86825
-2.82296
-2.9052
-3.22388
-3.53962
-3.74689
-5.11891
-5.60087
-4.89768
-3.86174
-3.77726
-3.77812
-3.93921
-3.97547
-3.79913
-3.17721
-0.0416712
-0.000401145
-0.834858
-2.11259
-2.94054
-3.46553
-3.54381
-3.55243
-3.77932
-3.97361
-3.98916
-3.87306
-3.83169
-3.99847
-3.90817
-3.80066
-3.58721
-3.43151
-3.44078
-3.49062
-3.57696
-3.64825
-3.67726
-3.66903
-1.42242
-4.32523e-05
-4.32523e-05
-1.42242
-3.66903
-3.67726
-3.64825
-3.57696
-3.49062
-3.44078
-3.43151
-3.58721
-3.80066
-3.90817
-3.99847
-3.83169
-3.87306
-3.98916
-3.97361
-3.77932
-3.55243
-3.54381
-3.46553
-2.94054
-2.11259
-0.834858
-0.000401145
-0.0416712
-3.17721
-3.79913
-3.97547
-3.93921
-3.77812
-3.77726
-3.86174
-4.89768
-5.60087
-5.11891
-3.74689
-3.53962
-3.22388
-2.9052
-2.82296
-2.86825
-3.00981
-3.21709
-3.42103
-3.60687
-3.80671
-4.13559
-3.37769
-9.45272e-05
-7.00967e-05
-1.19717
-3.28037
-3.22016
-3.1787
-3.08095
-2.9335
-2.82741
-2.80679
-2.87524
-3.09311
-3.44892
-3.66364
-4.3159
-5.21106
-5.04625
-3.95299
-3.85147
-3.69275
-3.69466
-3.78344
-3.6299
-3.24249
-1.91754
-0.000869674
-0.0120453
-1.42397
-2.60541
-3.23755
-3.58206
-3.53617
-3.61492
-3.89365
-4.05668
-4.00587
-3.7974
-3.7376
-3.89626
-3.97968
-3.91359
-3.72431
-3.51697
-3.48689
-3.50508
-3.54571
-3.56729
-3.53081
-3.42727
-1.2511
-4.08795e-05
-4.08795e-05
-1.2511
-3.42727
-3.53081
-3.56729
-3.54571
-3.50508
-3.48689
-3.51697
-3.72431
-3.91359
-3.97968
-3.89626
-3.7376
-3.7974
-4.00587
-4.05668
-3.89365
-3.61492
-3.53617
-3.58206
-3.23755
-2.60541
-1.42397
-0.0120453
-0.000869674
-1.91754
-3.24249
-3.6299
-3.78344
-3.69466
-3.69275
-3.85147
-3.95299
-5.04625
-5.21106
-4.3159
-3.66364
-3.44892
-3.09311
-2.87524
-2.80679
-2.82741
-2.9335
-3.08095
-3.1787
-3.22016
-3.28037
-1.19717
-7.00967e-05
-6.40691e-05
-0.598658
-2.97033
-3.0961
-3.1684
-3.16988
-3.11201
-3.07912
-3.09748
-3.19059
-3.41915
-3.64063
-3.76495
-4.54676
-4.71092
-4.09205
-3.97626
-3.77161
-3.55595
-3.54644
-3.49792
-3.13374
-2.36576
-0.187962
-4.19364e-05
-0.171003
-2.04415
-2.98835
-3.50098
-3.64938
-3.54688
-3.7409
-4.02436
-4.13481
-4.00863
-3.67804
-3.56639
-3.84759
-4.01614
-4.0103
-3.87366
-3.67
-3.60261
-3.6332
-3.64543
-3.62969
-3.55414
-3.39742
-1.22663
-4.00275e-05
-4.00275e-05
-1.22663
-3.39742
-3.55414
-3.62969
-3.64543
-3.6332
-3.60261
-3.67
-3.87366
-4.0103
-4.01614
-3.84759
-3.56639
-3.67804
-4.00863
-4.13481
-4.02436
-3.7409
-3.54688
-3.64938
-3.50098
-2.98835
-2.04415
-0.171003
-4.19364e-05
-0.187962
-2.36576
-3.13374
-3.49792
-3.54644
-3.55595
-3.77161
-3.97626
-4.09205
-4.71092
-4.54676
-3.76495
-3.64063
-3.41915
-3.19059
-3.09748
-3.07912
-3.11201
-3.16988
-3.1684
-3.0961
-2.97033
-0.598658
-6.40691e-05
-6.59152e-05
-0.641106
-3.36381
-3.45504
-3.51987
-3.54163
-3.51922
-3.49082
-3.47828
-3.53667
-3.67468
-3.77603
-3.97562
-4.13886
-3.94854
-4.01907
-3.94733
-3.69297
-3.45393
-3.38994
-3.17133
-2.63317
-1.4945
-0.0121741
-0.000332718
-1.23873
-2.61408
-3.29951
-3.66842
-3.64759
-3.61193
-3.89183
-4.12519
-4.14286
-3.90271
-3.4183
-3.22692
-3.67583
-3.97444
-4.0502
-3.98529
-3.81877
-3.70956
-3.75929
-3.78312
-3.7482
-3.65624
-3.47654
-1.32041
-4.07152e-05
-4.07152e-05
-1.32041
-3.47654
-3.65624
-3.7482
-3.78312
-3.75929
-3.70956
-3.81877
-3.98529
-4.0502
-3.97444
-3.67583
-3.22692
-3.4183
-3.90271
-4.14286
-4.12519
-3.89183
-3.61193
-3.64759
-3.66842
-3.29951
-2.61408
-1.23873
-0.000332718
-0.0121741
-1.4945
-2.63317
-3.17133
-3.38994
-3.45393
-3.69297
-3.94733
-4.01907
-3.94854
-4.13886
-3.97562
-3.77603
-3.67468
-3.53667
-3.47828
-3.49082
-3.51922
-3.54163
-3.51987
-3.45504
-3.36381
-0.641106
-6.59152e-05
-7.36405e-05
-1.20667
-3.99119
-3.91331
-3.8835
-3.86907
-3.85109
-3.80403
-3.74712
-3.75856
-3.82509
-3.86439
-3.86435
-3.86733
-3.94277
-4.01205
-3.9302
-3.678
-3.43357
-3.27767
-2.92617
-2.23085
-0.948546
-0.000689726
-0.00733588
-1.73038
-3.02038
-3.54226
-3.72561
-3.61893
-3.73363
-4.02656
-4.1694
-4.07169
-3.68873
-3.04675
-2.75531
-3.34528
-3.82661
-4.02138
-4.03739
-3.92761
-3.78879
-3.80382
-3.8742
-3.84352
-3.74515
-3.55812
-1.53251
-4.25833e-05
-4.25833e-05
-1.53251
-3.55812
-3.74515
-3.84352
-3.8742
-3.80382
-3.78879
-3.92761
-4.03739
-4.02138
-3.82661
-3.34528
-2.75531
-3.04675
-3.68873
-4.07169
-4.1694
-4.02656
-3.73363
-3.61893
-3.72561
-3.54226
-3.02038
-1.73038
-0.00733588
-0.000689726
-0.948546
-2.23085
-2.92617
-3.27767
-3.43357
-3.678
-3.9302
-4.01205
-3.94277
-3.86733
-3.86435
-3.86439
-3.82509
-3.75856
-3.74712
-3.80403
-3.85109
-3.86907
-3.8835
-3.91331
-3.99119
-1.20667
-7.36405e-05
-9.75791e-05
-2.72246
-4.37729
-4.18657
-4.0734
-4.02764
-4.00564
-3.92405
-3.85138
-3.86525
-3.90086
-3.90071
-3.83802
-3.79719
-3.92311
-4.03796
-3.9731
-3.73662
-3.46513
-3.23673
-2.81953
-1.9969
-0.68323
-6.72752e-05
-0.0871503
-2.21692
-3.25534
-3.66998
-3.69302
-3.63866
-3.87457
-4.11222
-4.14787
-3.92455
-3.38925
-2.62153
-2.2562
-2.86447
-3.56639
-3.92574
-4.03333
-3.98913
-3.85422
-3.78397
-3.87232
-3.88266
-3.78401
-3.59377
-1.96052
-4.91614e-05
-4.91614e-05
-1.96052
-3.59377
-3.78401
-3.88266
-3.87232
-3.78397
-3.85422
-3.98913
-4.03333
-3.92574
-3.56639
-2.86447
-2.2562
-2.62153
-3.38925
-3.92455
-4.14787
-4.11222
-3.87457
-3.63866
-3.69302
-3.66998
-3.25534
-2.21692
-0.0871503
-6.72752e-05
-0.68323
-1.9969
-2.81953
-3.23673
-3.46513
-3.73662
-3.9731
-4.03796
-3.92311
-3.79719
-3.83802
-3.90071
-3.90086
-3.86525
-3.85138
-3.92405
-4.00564
-4.02764
-4.0734
-4.18657
-4.37729
-2.72246
-9.75791e-05
-0.000533357
-4.93475
-4.40033
-4.21728
-4.09391
-4.03794
-3.98394
-3.89367
-3.87944
-3.91327
-3.92222
-3.86185
-3.68769
-3.63346
-3.87744
-4.05702
-4.03087
-3.81888
-3.53151
-3.25187
-2.81524
-1.93649
-0.476451
-5.80358e-05
-0.620073
-2.6712
-3.3996
-3.67779
-3.64065
-3.72719
-3.99028
-4.13832
-4.07287
-3.73896
-3.09532
-2.28776
-1.88118
-2.3576
-3.22985
-3.77561
-3.99082
-4.00874
-3.90763
-3.7754
-3.79403
-3.85817
-3.78313
-3.58968
-2.61068
-0.000128303
-0.000128303
-2.61068
-3.58968
-3.78313
-3.85817
-3.79403
-3.7754
-3.90763
-4.00874
-3.99082
-3.77561
-3.22985
-2.3576
-1.88118
-2.28776
-3.09532
-3.73896
-4.07287
-4.13832
-3.99028
-3.72719
-3.64065
-3.67779
-3.3996
-2.6712
-0.620073
-5.80358e-05
-0.476451
-1.93649
-2.81524
-3.25187
-3.53151
-3.81888
-4.03087
-4.05702
-3.87744
-3.63346
-3.68769
-3.86185
-3.92222
-3.91327
-3.87944
-3.89367
-3.98394
-4.03794
-4.09391
-4.21728
-4.40033
-4.93475
-0.000533357
-0.00714724
-4.37762
-4.19873
-4.09276
-4.0102
-3.94
-3.87022
-3.85686
-3.90143
-3.92693
-3.88709
-3.70808
-3.39968
-3.43214
-3.80376
-4.04972
-4.07386
-3.90131
-3.61897
-3.29937
-2.85645
-2.02012
-0.464752
-0.00144685
-1.70814
-3.04499
-3.5087
-3.63533
-3.65192
-3.84271
-4.05503
-4.11475
-3.97465
-3.58794
-2.93744
-2.15983
-1.67038
-2.01515
-2.91882
-3.61274
-3.93141
-4.00483
-3.94117
-3.80249
-3.72292
-3.78081
-3.75944
-3.57301
-2.64965
-0.00110435
-0.00110435
-2.64965
-3.57301
-3.75944
-3.78081
-3.72292
-3.80249
-3.94117
-4.00483
-3.93141
-3.61274
-2.91882
-2.01515
-1.67038
-2.15983
-2.93744
-3.58794
-3.97465
-4.11475
-4.05503
-3.84271
-3.65192
-3.63533
-3.5087
-3.04499
-1.70814
-0.00144685
-0.464752
-2.02012
-2.85645
-3.29937
-3.61897
-3.90131
-4.07386
-4.04972
-3.80376
-3.43214
-3.39968
-3.70808
-3.88709
-3.92693
-3.90143
-3.85686
-3.87022
-3.94
-4.0102
-4.09276
-4.19873
-4.37762
-0.00714724
-0.087544
-3.81109
-3.93518
-3.92417
-3.87698
-3.81131
-3.80931
-3.86999
-3.92084
-3.9125
-3.77522
-3.42989
-3.09066
-3.26282
-3.70855
-4.01611
-4.09389
-3.96796
-3.70804
-3.36492
-2.92229
-2.21735
-0.638815
-0.0338141
-2.23199
-3.27956
-3.57459
-3.62957
-3.73482
-3.9361
-4.06853
-4.06555
-3.90851
-3.56095
-2.98025
-2.20607
-1.5884
-1.87976
-2.76869
-3.51269
-3.89264
-4.00063
-3.9599
-3.8405
-3.71162
-3.69891
-3.71323
-3.55524
-2.75228
-0.0153148
-0.0153148
-2.75228
-3.55524
-3.71323
-3.69891
-3.71162
-3.8405
-3.9599
-4.00063
-3.89264
-3.51269
-2.76869
-1.87976
-1.5884
-2.20607
-2.98025
-3.56095
-3.90851
-4.06555
-4.06853
-3.9361
-3.73482
-3.62957
-3.57459
-3.27956
-2.23199
-0.0338141
-0.638815
-2.21735
-2.92229
-3.36492
-3.70804
-3.96796
-4.09389
-4.01611
-3.70855
-3.26282
-3.09066
-3.42989
-3.77522
-3.9125
-3.92084
-3.86999
-3.80931
-3.81131
-3.87698
-3.92417
-3.93518
-3.81109
-0.087544
-0.683154
-3.52142
-3.72351
-3.77649
-3.75862
-3.75729
-3.82819
-3.90264
-3.93353
-3.86626
-3.60451
-3.15563
-2.91561
-3.16298
-3.63313
-3.97889
-4.09647
-4.01238
-3.78334
-3.44267
-3.02144
-2.45553
-0.821859
-0.443914
-2.82024
-3.40735
-3.60866
-3.69072
-3.83762
-3.98508
-4.04665
-4.0263
-3.93121
-3.67941
-3.15197
-2.34403
-1.62006
-1.87679
-2.79154
-3.53261
-3.91807
-4.02043
-3.97935
-3.87417
-3.74163
-3.66302
-3.65171
-3.51821
-2.96646
-0.165677
-0.165677
-2.96646
-3.51821
-3.65171
-3.66302
-3.74163
-3.87417
-3.97935
-4.02043
-3.91807
-3.53261
-2.79154
-1.87679
-1.62006
-2.34403
-3.15197
-3.67941
-3.93121
-4.0263
-4.04665
-3.98508
-3.83762
-3.69072
-3.60866
-3.40735
-2.82024
-0.443914
-0.821859
-2.45553
-3.02144
-3.44267
-3.78334
-4.01238
-4.09647
-3.97889
-3.63313
-3.16298
-2.91561
-3.15563
-3.60451
-3.86626
-3.93353
-3.90264
-3.82819
-3.75729
-3.75862
-3.77649
-3.72351
-3.52142
-0.683154
-2.8305
-3.46743
-3.62258
-3.69375
-3.72489
-3.78951
-3.87589
-3.93601
-3.93827
-3.81292
-3.47726
-3.03321
-2.86151
-3.14717
-3.61816
-3.9648
-4.09638
-4.0408
-3.84199
-3.52702
-3.13547
-2.61721
-0.958735
-2.13432
-3.23338
-3.53205
-3.67097
-3.79289
-3.92023
-3.996
-4.01173
-4.02995
-4.03717
-3.86302
-3.36646
-2.54594
-1.75886
-1.97628
-2.91483
-3.6476
-4.00667
-4.07719
-4.01203
-3.91011
-3.79065
-3.68438
-3.61717
-3.50343
-3.21526
-1.15109
-1.15109
-3.21526
-3.50343
-3.61717
-3.68438
-3.79065
-3.91011
-4.01203
-4.07719
-4.00667
-3.6476
-2.91483
-1.97628
-1.75886
-2.54594
-3.36646
-3.86302
-4.03717
-4.02995
-4.01173
-3.996
-3.92023
-3.79289
-3.67097
-3.53205
-3.23338
-2.13432
-0.958735
-2.61721
-3.13547
-3.52702
-3.84199
-4.0408
-4.09638
-3.9648
-3.61816
-3.14717
-2.86151
-3.03321
-3.47726
-3.81292
-3.93827
-3.93601
-3.87589
-3.78951
-3.72489
-3.69375
-3.62258
-3.46743
-2.8305
-2.97779
-3.48365
-3.60704
-3.68762
-3.7675
-3.85193
-3.92244
-3.96171
-3.94598
-3.80526
-3.46275
-3.02454
-2.87502
-3.20018
-3.6632
-3.98215
-4.10277
-4.06028
-3.88743
-3.60652
-3.22516
-2.66072
-1.14106
-2.78304
-3.42632
-3.64177
-3.76498
-3.8839
-3.96269
-3.97493
-3.97782
-4.06283
-4.14688
-4.02998
-3.59223
-2.80201
-1.99342
-2.17182
-3.09923
-3.79924
-4.10823
-4.14048
-4.04865
-3.94742
-3.84528
-3.73682
-3.6317
-3.52366
-3.32599
-2.33292
-2.33292
-3.32599
-3.52366
-3.6317
-3.73682
-3.84528
-3.94742
-4.04865
-4.14048
-4.10823
-3.79924
-3.09923
-2.17182
-1.99342
-2.80201
-3.59223
-4.02998
-4.14688
-4.06283
-3.97782
-3.97493
-3.96269
-3.8839
-3.76498
-3.64177
-3.42632
-2.78304
-1.14106
-2.66072
-3.22516
-3.60652
-3.88743
-4.06028
-4.10277
-3.98215
-3.6632
-3.20018
-2.87502
-3.02454
-3.46275
-3.80526
-3.94598
-3.96171
-3.92244
-3.85193
-3.7675
-3.68762
-3.60704
-3.48365
-2.97779
-3.30341
-3.54587
-3.65877
-3.75715
-3.84689
-3.90967
-3.95039
-3.97335
-3.96907
-3.84676
-3.51134
-3.07018
-2.94388
-3.29434
-3.74161
-4.02527
-4.12862
-4.09657
-3.95037
-3.69788
-3.30532
-2.67848
-1.38202
-3.23762
-3.59855
-3.76736
-3.8891
-3.9696
-3.98319
-3.9444
-3.95855
-4.08707
-4.20686
-4.15445
-3.80688
-3.08374
-2.30282
-2.44294
-3.31389
-3.94951
-4.18659
-4.17466
-4.06981
-3.97983
-3.90694
-3.81837
-3.7117
-3.57945
-3.34589
-2.55407
-2.55407
-3.34589
-3.57945
-3.7117
-3.81837
-3.90694
-3.97983
-4.06981
-4.17466
-4.18659
-3.94951
-3.31389
-2.44294
-2.30282
-3.08374
-3.80688
-4.15445
-4.20686
-4.08707
-3.95855
-3.9444
-3.98319
-3.9696
-3.8891
-3.76736
-3.59855
-3.23762
-1.38202
-2.67848
-3.30532
-3.69788
-3.95037
-4.09657
-4.12862
-4.02527
-3.74161
-3.29434
-2.94388
-3.07018
-3.51134
-3.84676
-3.96907
-3.97335
-3.95039
-3.90967
-3.84689
-3.75715
-3.65877
-3.54587
-3.30341
-3.96777
-3.70899
-3.74485
-3.84537
-3.92768
-3.94759
-3.9481
-3.97214
-3.99495
-3.89256
-3.55806
-3.11633
-3.01225
-3.37633
-3.79974
-4.04102
-4.12147
-4.10159
-3.98545
-3.75947
-3.37704
-2.74917
-1.57798
-3.63963
-3.7998
-3.866
-3.95604
-4.00815
-3.96125
-3.89282
-3.92055
-4.05373
-4.18927
-4.20594
-3.94862
-3.29461
-2.55284
-2.65524
-3.4642
-4.04374
-4.21261
-4.15436
-4.042
-3.97215
-3.94501
-3.89893
-3.80061
-3.64765
-3.4188
-2.9176
-2.9176
-3.4188
-3.64765
-3.80061
-3.89893
-3.94501
-3.97215
-4.042
-4.15436
-4.21261
-4.04374
-3.4642
-2.65524
-2.55284
-3.29461
-3.94862
-4.20594
-4.18927
-4.05373
-3.92055
-3.89282
-3.96125
-4.00815
-3.95604
-3.866
-3.7998
-3.63963
-1.57798
-2.74917
-3.37704
-3.75947
-3.98545
-4.10159
-4.12147
-4.04102
-3.79974
-3.37633
-3.01225
-3.11633
-3.55806
-3.89256
-3.99495
-3.97214
-3.9481
-3.94759
-3.92768
-3.84537
-3.74485
-3.70899
-3.96777
-4.94275
-4.21634
-4.00417
-3.94753
-3.93308
-3.91665
-3.90935
-3.96418
-4.00945
-3.89447
-3.51351
-3.0283
-2.94037
-3.37035
-3.85652
-4.12198
-4.19309
-4.17394
-4.10808
-3.94887
-3.60664
-2.96731
-1.7226
-4.18755
-4.29812
-4.17183
-4.07078
-3.98186
-3.89163
-3.85451
-3.93564
-4.09705
-4.25644
-4.29353
-4.02841
-3.34334
-2.58268
-2.65692
-3.47318
-4.10601
-4.30439
-4.23485
-4.08006
-3.9589
-3.92239
-3.92102
-3.91416
-3.875
-3.79777
-3.38789
-3.38789
-3.79777
-3.875
-3.91416
-3.92102
-3.92239
-3.9589
-4.08006
-4.23485
-4.30439
-4.10601
-3.47318
-2.65692
-2.58268
-3.34334
-4.02841
-4.29353
-4.25644
-4.09705
-3.93564
-3.85451
-3.89163
-3.98186
-4.07078
-4.17183
-4.29812
-4.18755
-1.7226
-2.96731
-3.60664
-3.94887
-4.10808
-4.17394
-4.19309
-4.12198
-3.85652
-3.37035
-2.94037
-3.0283
-3.51351
-3.89447
-4.00945
-3.96418
-3.90935
-3.91665
-3.93308
-3.94753
-4.00417
-4.21634
-4.94275
-6.53895
-5.05923
-4.59109
-4.22076
-4.03628
-3.96396
-3.94147
-3.99994
-4.0339
-3.86076
-3.37037
-2.7921
-2.71631
-3.28301
-3.96272
-4.37205
-4.49269
-4.48523
-4.47963
-4.42121
-4.12755
-3.43351
-1.88565
-5.17248
-5.24227
-4.91178
-4.45839
-4.1351
-3.99408
-3.99311
-4.13099
-4.34573
-4.53636
-4.52937
-4.11967
-3.27255
-2.42965
-2.48323
-3.3786
-4.20375
-4.567
-4.53219
-4.31267
-4.10393
-4.02264
-4.05451
-4.19035
-4.38837
-4.48019
-4.1814
-4.1814
-4.48019
-4.38837
-4.19035
-4.05451
-4.02264
-4.10393
-4.31267
-4.53219
-4.567
-4.20375
-3.3786
-2.48323
-2.42965
-3.27255
-4.11967
-4.52937
-4.53636
-4.34573
-4.13099
-3.99311
-3.99408
-4.1351
-4.45839
-4.91178
-5.24227
-5.17248
-1.88565
-3.43351
-4.12755
-4.42121
-4.47963
-4.48523
-4.49269
-4.37205
-3.96272
-3.28301
-2.71631
-2.7921
-3.37037
-3.86076
-4.0339
-3.99994
-3.94147
-3.96396
-4.03628
-4.22076
-4.59109
-5.05923
-6.53895
-5.91709
-6.83354
-5.67588
-5.04513
-4.59402
-4.34097
-4.18741
-4.15076
-4.10536
-3.82984
-3.18836
-2.43444
-2.34782
-3.17816
-4.20738
-4.88828
-5.17472
-5.27224
-5.37398
-5.45728
-5.39835
-4.93168
-1.09249
-9.66988
-7.76557
-6.54907
-5.64802
-4.98233
-4.65765
-4.56045
-4.67289
-4.91129
-5.11967
-5.02968
-4.37212
-3.16765
-2.04531
-2.06545
-3.24697
-4.48699
-5.11051
-5.12634
-4.86495
-4.63955
-4.60207
-4.72521
-5.02313
-5.4178
-6.01759
-4.14563
-4.14563
-6.01759
-5.4178
-5.02313
-4.72521
-4.60207
-4.63955
-4.86495
-5.12634
-5.11051
-4.48699
-3.24697
-2.06545
-2.04531
-3.16765
-4.37212
-5.02968
-5.11967
-4.91129
-4.67289
-4.56045
-4.65765
-4.98233
-5.64802
-6.54907
-7.76557
-9.66988
-1.09249
-4.93168
-5.39835
-5.45728
-5.37398
-5.27224
-5.17472
-4.88828
-4.20738
-3.17816
-2.34782
-2.43444
-3.18836
-3.82984
-4.10536
-4.15076
-4.18741
-4.34097
-4.59402
-5.04513
-5.67588
-6.83354
-5.91709
-0.0817908
-5.01119
-10.6354
-8.92299
-7.25301
-6.06484
-5.4287
-5.06868
-4.75199
-4.14422
-2.37495
-0.723456
-0.480756
-1.04457
-2.99462
-6.72126
-9.69975
-11.3716
-11.7801
-9.15006
-3.12585
-0.284286
-0.0033284
-0.137977
-4.07663
-13.2972
-14.9049
-13.3138
-11.1257
-9.67075
-8.73974
-8.04025
-6.38389
-3.23228
-1.20978
-0.343414
-0.0971067
-0.0866918
-0.28998
-1.10726
-3.42485
-7.17882
-8.63254
-8.87646
-9.30609
-10.114
-10.9025
-10.4083
-3.0492
-0.0477333
-0.0477333
-3.0492
-10.4083
-10.9025
-10.114
-9.30609
-8.87646
-8.63254
-7.17882
-3.42485
-1.10726
-0.28998
-0.0866918
-0.0971067
-0.343414
-1.20978
-3.23228
-6.38389
-8.04025
-8.73974
-9.67075
-11.1257
-13.3138
-14.9049
-13.2972
-4.07663
-0.137977
-0.0033284
-0.284286
-3.12585
-9.15006
-11.7801
-11.3716
-9.69975
-6.72126
-2.99462
-1.04457
-0.480756
-0.723456
-2.37495
-4.14422
-4.75199
-5.06868
-5.4287
-6.06484
-7.25301
-8.92299
-10.6354
-5.01119
-0.0817908
-4.40302e-05
-0.000536003
-0.0134078
-0.0723619
-0.149775
-0.157842
-0.0899548
-0.0283803
-0.0055872
-0.000747535
-9.29827e-05
-3.81225e-05
-3.58082e-05
-4.01107e-05
-5.1387e-05
-8.53201e-05
-0.000156672
-0.00021111
-0.000181707
-0.000103268
-5.03768e-05
-3.16554e-05
-3.24756e-05
-5.20139e-05
-0.000111067
-0.000435127
-0.00128106
-0.00211379
-0.00206
-0.00126114
-0.000547315
-0.000209661
-9.34626e-05
-6.34561e-05
-5.22259e-05
-4.07681e-05
-3.2932e-05
-3.32721e-05
-4.1674e-05
-5.34986e-05
-7.16306e-05
-0.000186437
-0.000933858
-0.00369877
-0.00800908
-0.00909013
-0.00533881
-0.00134866
-0.000122984
-3.03166e-05
-3.03166e-05
-0.000122984
-0.00134866
-0.00533881
-0.00909013
-0.00800908
-0.00369877
-0.000933858
-0.000186437
-7.16306e-05
-5.34986e-05
-4.1674e-05
-3.32721e-05
-3.2932e-05
-4.07681e-05
-5.22259e-05
-6.34561e-05
-9.34626e-05
-0.000209661
-0.000547315
-0.00126114
-0.00206
-0.00211379
-0.00128106
-0.000435127
-0.000111067
-5.20139e-05
-3.24756e-05
-3.16554e-05
-5.03768e-05
-0.000103268
-0.000181707
-0.00021111
-0.000156672
-8.53201e-05
-5.1387e-05
-4.01107e-05
-3.58082e-05
-3.81225e-05
-9.29827e-05
-0.000747535
-0.0055872
-0.0283803
-0.0899548
-0.157842
-0.149775
-0.0723619
-0.0134078
-0.000536003
-4.40302e-05
-4.40302e-05
-0.000536003
-0.0134078
-0.0723619
-0.149775
-0.157842
-0.0899548
-0.0283803
-0.0055872
-0.000747535
-9.29827e-05
-3.81225e-05
-3.58082e-05
-4.01107e-05
-5.1387e-05
-8.53201e-05
-0.000156672
-0.00021111
-0.000181707
-0.000103268
-5.03768e-05
-3.16554e-05
-3.24756e-05
-5.20139e-05
-0.000111067
-0.000435127
-0.00128106
-0.00211379
-0.00206
-0.00126114
-0.000547315
-0.000209661
-9.34626e-05
-6.34561e-05
-5.22259e-05
-4.07681e-05
-3.2932e-05
-3.32721e-05
-4.1674e-05
-5.34986e-05
-7.16306e-05
-0.000186437
-0.000933858
-0.00369877
-0.00800908
-0.00909013
-0.00533881
-0.00134866
-0.000122984
-3.03166e-05
-3.03166e-05
-0.000122984
-0.00134866
-0.00533881
-0.00909013
-0.00800908
-0.00369877
-0.000933858
-0.000186437
-7.16306e-05
-5.34986e-05
-4.1674e-05
-3.32721e-05
-3.2932e-05
-4.07681e-05
-5.22259e-05
-6.34561e-05
-9.34626e-05
-0.000209661
-0.000547315
-0.00126114
-0.00206
-0.00211379
-0.00128106
-0.000435127
-0.000111067
-5.20139e-05
-3.24756e-05
-3.16554e-05
-5.03768e-05
-0.000103268
-0.000181707
-0.00021111
-0.000156672
-8.53201e-05
-5.1387e-05
-4.01107e-05
-3.58082e-05
-3.81225e-05
-9.29827e-05
-0.000747535
-0.0055872
-0.0283803
-0.0899548
-0.157842
-0.149775
-0.0723619
-0.0134078
-0.000536003
-4.40302e-05
-0.0817908
-5.01119
-10.6354
-8.92299
-7.25301
-6.06484
-5.4287
-5.06868
-4.75199
-4.14422
-2.37495
-0.723456
-0.480756
-1.04457
-2.99462
-6.72126
-9.69975
-11.3716
-11.7801
-9.15006
-3.12585
-0.284286
-0.0033284
-0.137977
-4.07663
-13.2972
-14.9049
-13.3138
-11.1257
-9.67075
-8.73974
-8.04025
-6.38389
-3.23228
-1.20978
-0.343414
-0.0971067
-0.0866918
-0.28998
-1.10726
-3.42485
-7.17882
-8.63254
-8.87646
-9.30609
-10.114
-10.9025
-10.4083
-3.0492
-0.0477333
-0.0477333
-3.0492
-10.4083
-10.9025
-10.114
-9.30609
-8.87646
-8.63254
-7.17882
-3.42485
-1.10726
-0.28998
-0.0866918
-0.0971067
-0.343414
-1.20978
-3.23228
-6.38389
-8.04025
-8.73974
-9.67075
-11.1257
-13.3138
-14.9049
-13.2972
-4.07663
-0.137977
-0.0033284
-0.284286
-3.12585
-9.15006
-11.7801
-11.3716
-9.69975
-6.72126
-2.99462
-1.04457
-0.480756
-0.723456
-2.37495
-4.14422
-4.75199
-5.06868
-5.4287
-6.06484
-7.25301
-8.92299
-10.6354
-5.01119
-0.0817908
-5.91709
-6.83354
-5.67588
-5.04513
-4.59402
-4.34097
-4.18741
-4.15076
-4.10536
-3.82984
-3.18836
-2.43444
-2.34782
-3.17816
-4.20738
-4.88828
-5.17472
-5.27224
-5.37398
-5.45728
-5.39835
-4.93168
-1.09249
-9.66988
-7.76557
-6.54907
-5.64802
-4.98233
-4.65765
-4.56045
-4.67289
-4.91129
-5.11967
-5.02968
-4.37212
-3.16765
-2.04531
-2.06545
-3.24697
-4.48699
-5.11051
-5.12634
-4.86495
-4.63955
-4.60207
-4.72521
-5.02313
-5.4178
-6.01759
-4.14563
-4.14563
-6.01759
-5.4178
-5.02313
-4.72521
-4.60207
-4.63955
-4.86495
-5.12634
-5.11051
-4.48699
-3.24697
-2.06545
-2.04531
-3.16765
-4.37212
-5.02968
-5.11967
-4.91129
-4.67289
-4.56045
-4.65765
-4.98233
-5.64802
-6.54907
-7.76557
-9.66988
-1.09249
-4.93168
-5.39835
-5.45728
-5.37398
-5.27224
-5.17472
-4.88828
-4.20738
-3.17816
-2.34782
-2.43444
-3.18836
-3.82984
-4.10536
-4.15076
-4.18741
-4.34097
-4.59402
-5.04513
-5.67588
-6.83354
-5.91709
-6.53895
-5.05923
-4.59109
-4.22076
-4.03628
-3.96396
-3.94147
-3.99994
-4.0339
-3.86076
-3.37037
-2.7921
-2.71631
-3.28301
-3.96272
-4.37205
-4.49269
-4.48523
-4.47963
-4.42121
-4.12755
-3.43351
-1.88565
-5.17248
-5.24227
-4.91178
-4.45839
-4.1351
-3.99408
-3.99311
-4.13099
-4.34573
-4.53636
-4.52937
-4.11967
-3.27255
-2.42965
-2.48323
-3.3786
-4.20375
-4.567
-4.53219
-4.31267
-4.10393
-4.02264
-4.05451
-4.19035
-4.38837
-4.48019
-4.1814
-4.1814
-4.48019
-4.38837
-4.19035
-4.05451
-4.02264
-4.10393
-4.31267
-4.53219
-4.567
-4.20375
-3.3786
-2.48323
-2.42965
-3.27255
-4.11967
-4.52937
-4.53636
-4.34573
-4.13099
-3.99311
-3.99408
-4.1351
-4.45839
-4.91178
-5.24227
-5.17248
-1.88565
-3.43351
-4.12755
-4.42121
-4.47963
-4.48523
-4.49269
-4.37205
-3.96272
-3.28301
-2.71631
-2.7921
-3.37037
-3.86076
-4.0339
-3.99994
-3.94147
-3.96396
-4.03628
-4.22076
-4.59109
-5.05923
-6.53895
-4.94275
-4.21634
-4.00417
-3.94753
-3.93308
-3.91665
-3.90935
-3.96418
-4.00945
-3.89447
-3.51351
-3.0283
-2.94037
-3.37035
-3.85652
-4.12198
-4.19309
-4.17394
-4.10808
-3.94887
-3.60664
-2.96731
-1.7226
-4.18755
-4.29812
-4.17183
-4.07078
-3.98186
-3.89163
-3.85451
-3.93564
-4.09705
-4.25644
-4.29353
-4.02841
-3.34334
-2.58268
-2.65692
-3.47318
-4.10601
-4.30439
-4.23485
-4.08006
-3.9589
-3.92239
-3.92102
-3.91416
-3.875
-3.79777
-3.38789
-3.38789
-3.79777
-3.875
-3.91416
-3.92102
-3.92239
-3.9589
-4.08006
-4.23485
-4.30439
-4.10601
-3.47318
-2.65692
-2.58268
-3.34334
-4.02841
-4.29353
-4.25644
-4.09705
-3.93564
-3.85451
-3.89163
-3.98186
-4.07078
-4.17183
-4.29812
-4.18755
-1.7226
-2.96731
-3.60664
-3.94887
-4.10808
-4.17394
-4.19309
-4.12198
-3.85652
-3.37035
-2.94037
-3.0283
-3.51351
-3.89447
-4.00945
-3.96418
-3.90935
-3.91665
-3.93308
-3.94753
-4.00417
-4.21634
-4.94275
-3.96777
-3.70899
-3.74485
-3.84537
-3.92768
-3.94759
-3.9481
-3.97214
-3.99495
-3.89256
-3.55806
-3.11633
-3.01225
-3.37633
-3.79974
-4.04102
-4.12147
-4.10159
-3.98545
-3.75947
-3.37704
-2.74917
-1.57798
-3.63963
-3.7998
-3.866
-3.95604
-4.00815
-3.96125
-3.89282
-3.92055
-4.05373
-4.18927
-4.20594
-3.94862
-3.29461
-2.55284
-2.65524
-3.4642
-4.04374
-4.21261
-4.15436
-4.042
-3.97215
-3.94501
-3.89893
-3.80061
-3.64765
-3.4188
-2.9176
-2.9176
-3.4188
-3.64765
-3.80061
-3.89893
-3.94501
-3.97215
-4.042
-4.15436
-4.21261
-4.04374
-3.4642
-2.65524
-2.55284
-3.29461
-3.94862
-4.20594
-4.18927
-4.05373
-3.92055
-3.89282
-3.96125
-4.00815
-3.95604
-3.866
-3.7998
-3.63963
-1.57798
-2.74917
-3.37704
-3.75947
-3.98545
-4.10159
-4.12147
-4.04102
-3.79974
-3.37633
-3.01225
-3.11633
-3.55806
-3.89256
-3.99495
-3.97214
-3.9481
-3.94759
-3.92768
-3.84537
-3.74485
-3.70899
-3.96777
-3.30341
-3.54587
-3.65877
-3.75715
-3.84689
-3.90967
-3.95039
-3.97335
-3.96907
-3.84676
-3.51134
-3.07018
-2.94388
-3.29434
-3.74161
-4.02527
-4.12862
-4.09657
-3.95037
-3.69788
-3.30532
-2.67848
-1.38202
-3.23762
-3.59855
-3.76736
-3.8891
-3.9696
-3.98319
-3.9444
-3.95855
-4.08707
-4.20686
-4.15445
-3.80688
-3.08374
-2.30282
-2.44294
-3.31389
-3.94951
-4.18659
-4.17466
-4.06981
-3.97983
-3.90694
-3.81837
-3.7117
-3.57945
-3.34589
-2.55407
-2.55407
-3.34589
-3.57945
-3.7117
-3.81837
-3.90694
-3.97983
-4.06981
-4.17466
-4.18659
-3.94951
-3.31389
-2.44294
-2.30282
-3.08374
-3.80688
-4.15445
-4.20686
-4.08707
-3.95855
-3.9444
-3.98319
-3.9696
-3.8891
-3.76736
-3.59855
-3.23762
-1.38202
-2.67848
-3.30532
-3.69788
-3.95037
-4.09657
-4.12862
-4.02527
-3.74161
-3.29434
-2.94388
-3.07018
-3.51134
-3.84676
-3.96907
-3.97335
-3.95039
-3.90967
-3.84689
-3.75715
-3.65877
-3.54587
-3.30341
-2.97779
-3.48365
-3.60704
-3.68762
-3.7675
-3.85193
-3.92244
-3.96171
-3.94598
-3.80526
-3.46275
-3.02454
-2.87502
-3.20018
-3.6632
-3.98215
-4.10277
-4.06028
-3.88743
-3.60652
-3.22516
-2.66072
-1.14106
-2.78304
-3.42632
-3.64177
-3.76498
-3.8839
-3.96269
-3.97493
-3.97782
-4.06283
-4.14688
-4.02998
-3.59223
-2.80201
-1.99342
-2.17182
-3.09923
-3.79924
-4.10823
-4.14048
-4.04865
-3.94742
-3.84528
-3.73682
-3.6317
-3.52366
-3.32599
-2.33292
-2.33292
-3.32599
-3.52366
-3.6317
-3.73682
-3.84528
-3.94742
-4.04865
-4.14048
-4.10823
-3.79924
-3.09923
-2.17182
-1.99342
-2.80201
-3.59223
-4.02998
-4.14688
-4.06283
-3.97782
-3.97493
-3.96269
-3.8839
-3.76498
-3.64177
-3.42632
-2.78304
-1.14106
-2.66072
-3.22516
-3.60652
-3.88743
-4.06028
-4.10277
-3.98215
-3.6632
-3.20018
-2.87502
-3.02454
-3.46275
-3.80526
-3.94598
-3.96171
-3.92244
-3.85193
-3.7675
-3.68762
-3.60704
-3.48365
-2.97779
-2.8305
-3.46743
-3.62258
-3.69375
-3.72489
-3.78951
-3.87589
-3.93601
-3.93827
-3.81292
-3.47726
-3.03321
-2.86151
-3.14717
-3.61816
-3.9648
-4.09638
-4.0408
-3.84199
-3.52702
-3.13547
-2.61721
-0.958735
-2.13432
-3.23338
-3.53205
-3.67097
-3.79289
-3.92023
-3.996
-4.01173
-4.02995
-4.03717
-3.86302
-3.36646
-2.54594
-1.75886
-1.97628
-2.91483
-3.6476
-4.00667
-4.07719
-4.01203
-3.91011
-3.79065
-3.68438
-3.61717
-3.50343
-3.21526
-1.15109
-1.15109
-3.21526
-3.50343
-3.61717
-3.68438
-3.79065
-3.91011
-4.01203
-4.07719
-4.00667
-3.6476
-2.91483
-1.97628
-1.75886
-2.54594
-3.36646
-3.86302
-4.03717
-4.02995
-4.01173
-3.996
-3.92023
-3.79289
-3.67097
-3.53205
-3.23338
-2.13432
-0.958735
-2.61721
-3.13547
-3.52702
-3.84199
-4.0408
-4.09638
-3.9648
-3.61816
-3.14717
-2.86151
-3.03321
-3.47726
-3.81292
-3.93827
-3.93601
-3.87589
-3.78951
-3.72489
-3.69375
-3.62258
-3.46743
-2.8305
-0.683154
-3.52142
-3.72351
-3.77649
-3.75862
-3.75729
-3.82819
-3.90264
-3.93353
-3.86626
-3.60451
-3.15563
-2.91561
-3.16298
-3.63313
-3.97889
-4.09647
-4.01238
-3.78334
-3.44267
-3.02144
-2.45553
-0.821859
-0.443914
-2.82024
-3.40735
-3.60866
-3.69072
-3.83762
-3.98508
-4.04665
-4.0263
-3.93121
-3.67941
-3.15197
-2.34403
-1.62006
-1.87679
-2.79154
-3.53261
-3.91807
-4.02043
-3.97935
-3.87417
-3.74163
-3.66302
-3.65171
-3.51821
-2.96646
-0.165677
-0.165677
-2.96646
-3.51821
-3.65171
-3.66302
-3.74163
-3.87417
-3.97935
-4.02043
-3.91807
-3.53261
-2.79154
-1.87679
-1.62006
-2.34403
-3.15197
-3.67941
-3.93121
-4.0263
-4.04665
-3.98508
-3.83762
-3.69072
-3.60866
-3.40735
-2.82024
-0.443914
-0.821859
-2.45553
-3.02144
-3.44267
-3.78334
-4.01238
-4.09647
-3.97889
-3.63313
-3.16298
-2.91561
-3.15563
-3.60451
-3.86626
-3.93353
-3.90264
-3.82819
-3.75729
-3.75862
-3.77649
-3.72351
-3.52142
-0.683154
-0.087544
-3.81109
-3.93518
-3.92417
-3.87698
-3.81131
-3.80931
-3.86999
-3.92084
-3.9125
-3.77522
-3.42989
-3.09066
-3.26282
-3.70855
-4.01611
-4.09389
-3.96796
-3.70804
-3.36492
-2.92229
-2.21735
-0.638815
-0.0338141
-2.23199
-3.27956
-3.57459
-3.62957
-3.73482
-3.9361
-4.06853
-4.06555
-3.90851
-3.56095
-2.98025
-2.20607
-1.5884
-1.87976
-2.76869
-3.51269
-3.89264
-4.00063
-3.9599
-3.8405
-3.71162
-3.69891
-3.71323
-3.55524
-2.75228
-0.0153148
-0.0153148
-2.75228
-3.55524
-3.71323
-3.69891
-3.71162
-3.8405
-3.9599
-4.00063
-3.89264
-3.51269
-2.76869
-1.87976
-1.5884
-2.20607
-2.98025
-3.56095
-3.90851
-4.06555
-4.06853
-3.9361
-3.73482
-3.62957
-3.57459
-3.27956
-2.23199
-0.0338141
-0.638815
-2.21735
-2.92229
-3.36492
-3.70804
-3.96796
-4.09389
-4.01611
-3.70855
-3.26282
-3.09066
-3.42989
-3.77522
-3.9125
-3.92084
-3.86999
-3.80931
-3.81131
-3.87698
-3.92417
-3.93518
-3.81109
-0.087544
-0.00714724
-4.37762
-4.19873
-4.09276
-4.0102
-3.94
-3.87022
-3.85686
-3.90143
-3.92693
-3.88709
-3.70808
-3.39968
-3.43214
-3.80376
-4.04972
-4.07386
-3.90131
-3.61897
-3.29937
-2.85645
-2.02012
-0.464752
-0.00144685
-1.70814
-3.04499
-3.5087
-3.63533
-3.65192
-3.84271
-4.05503
-4.11475
-3.97465
-3.58794
-2.93744
-2.15983
-1.67038
-2.01515
-2.91882
-3.61274
-3.93141
-4.00483
-3.94117
-3.80249
-3.72292
-3.78081
-3.75944
-3.57301
-2.64965
-0.00110435
-0.00110435
-2.64965
-3.57301
-3.75944
-3.78081
-3.72292
-3.80249
-3.94117
-4.00483
-3.93141
-3.61274
-2.91882
-2.01515
-1.67038
-2.15983
-2.93744
-3.58794
-3.97465
-4.11475
-4.05503
-3.84271
-3.65192
-3.63533
-3.5087
-3.04499
-1.70814
-0.00144685
-0.464752
-2.02012
-2.85645
-3.29937
-3.61897
-3.90131
-4.07386
-4.04972
-3.80376
-3.43214
-3.39968
-3.70808
-3.88709
-3.92693
-3.90143
-3.85686
-3.87022
-3.94
-4.0102
-4.09276
-4.19873
-4.37762
-0.00714724
-0.000533357
-4.93475
-4.40033
-4.21728
-4.09391
-4.03794
-3.98394
-3.89367
-3.87944
-3.91327
-3.92222
-3.86185
-3.68769
-3.63346
-3.87744
-4.05702
-4.03087
-3.81888
-3.53151
-3.25187
-2.81524
-1.93649
-0.476451
-5.80358e-05
-0.620073
-2.6712
-3.3996
-3.67779
-3.64065
-3.72719
-3.99028
-4.13832
-4.07287
-3.73896
-3.09532
-2.28776
-1.88118
-2.3576
-3.22985
-3.77561
-3.99082
-4.00874
-3.90763
-3.7754
-3.79403
-3.85817
-3.78313
-3.58968
-2.61068
-0.000128303
-0.000128303
-2.61068
-3.58968
-3.78313
-3.85817
-3.79403
-3.7754
-3.90763
-4.00874
-3.99082
-3.77561
-3.22985
-2.3576
-1.88118
-2.28776
-3.09532
-3.73896
-4.07287
-4.13832
-3.99028
-3.72719
-3.64065
-3.67779
-3.3996
-2.6712
-0.620073
-5.80358e-05
-0.476451
-1.93649
-2.81524
-3.25187
-3.53151
-3.81888
-4.03087
-4.05702
-3.87744
-3.63346
-3.68769
-3.86185
-3.92222
-3.91327
-3.87944
-3.89367
-3.98394
-4.03794
-4.09391
-4.21728
-4.40033
-4.93475
-0.000533357
-9.75791e-05
-2.72246
-4.37729
-4.18657
-4.0734
-4.02764
-4.00564
-3.92405
-3.85138
-3.86525
-3.90086
-3.90071
-3.83802
-3.79719
-3.92311
-4.03796
-3.9731
-3.73662
-3.46513
-3.23673
-2.81953
-1.9969
-0.68323
-6.72752e-05
-0.0871503
-2.21692
-3.25534
-3.66998
-3.69302
-3.63866
-3.87457
-4.11222
-4.14787
-3.92455
-3.38925
-2.62153
-2.2562
-2.86447
-3.56639
-3.92574
-4.03333
-3.98913
-3.85422
-3.78397
-3.87232
-3.88266
-3.78401
-3.59377
-1.96052
-4.91614e-05
-4.91614e-05
-1.96052
-3.59377
-3.78401
-3.88266
-3.87232
-3.78397
-3.85422
-3.98913
-4.03333
-3.92574
-3.56639
-2.86447
-2.2562
-2.62153
-3.38925
-3.92455
-4.14787
-4.11222
-3.87457
-3.63866
-3.69302
-3.66998
-3.25534
-2.21692
-0.0871503
-6.72752e-05
-0.68323
-1.9969
-2.81953
-3.23673
-3.46513
-3.73662
-3.9731
-4.03796
-3.92311
-3.79719
-3.83802
-3.90071
-3.90086
-3.86525
-3.85138
-3.92405
-4.00564
-4.02764
-4.0734
-4.18657
-4.37729
-2.72246
-9.75791e-05
-7.36405e-05
-1.20667
-3.99119
-3.91331
-3.8835
-3.86907
-3.85109
-3.80403
-3.74712
-3.75856
-3.82509
-3.86439
-3.86435
-3.86733
-3.94277
-4.01205
-3.9302
-3.678
-3.43357
-3.27767
-2.92617
-2.23085
-0.948546
-0.000689726
-0.00733588
-1.73038
-3.02038
-3.54226
-3.72561
-3.61893
-3.73363
-4.02656
-4.1694
-4.07169
-3.68873
-3.04675
-2.75531
-3.34528
-3.82661
-4.02138
-4.03739
-3.92761
-3.78879
-3.80382
-3.8742
-3.84352
-3.74515
-3.55812
-1.53251
-4.25833e-05
-4.25833e-05
-1.53251
-3.55812
-3.74515
-3.84352
-3.8742
-3.80382
-3.78879
-3.92761
-4.03739
-4.02138
-3.82661
-3.34528
-2.75531
-3.04675
-3.68873
-4.07169
-4.1694
-4.02656
-3.73363
-3.61893
-3.72561
-3.54226
-3.02038
-1.73038
-0.00733588
-0.000689726
-0.948546
-2.23085
-2.92617
-3.27767
-3.43357
-3.678
-3.9302
-4.01205
-3.94277
-3.86733
-3.86435
-3.86439
-3.82509
-3.75856
-3.74712
-3.80403
-3.85109
-3.86907
-3.8835
-3.91331
-3.99119
-1.20667
-7.36405e-05
-6.59152e-05
-0.641106
-3.36381
-3.45504
-3.51987
-3.54163
-3.51922
-3.49082
-3.47828
-3.53667
-3.67468
-3.77603
-3.97562
-4.13886
-3.94854
-4.01907
-3.94733
-3.69297
-3.45393
-3.38994
-3.17133
-2.63317
-1.4945
-0.0121741
-0.000332718
-1.23873
-2.61408
-3.29951
-3.66842
-3.64759
-3.61193
-3.89183
-4.12519
-4.14286
-3.90271
-3.4183
-3.22692
-3.67583
-3.97444
-4.0502
-3.98529
-3.81877
-3.70956
-3.75929
-3.78312
-3.7482
-3.65624
-3.47654
-1.32041
-4.07152e-05
-4.07152e-05
-1.32041
-3.47654
-3.65624
-3.7482
-3.78312
-3.75929
-3.70956
-3.81877
-3.98529
-4.0502
-3.97444
-3.67583
-3.22692
-3.4183
-3.90271
-4.14286
-4.12519
-3.89183
-3.61193
-3.64759
-3.66842
-3.29951
-2.61408
-1.23873
-0.000332718
-0.0121741
-1.4945
-2.63317
-3.17133
-3.38994
-3.45393
-3.69297
-3.94733
-4.01907
-3.94854
-4.13886
-3.97562
-3.77603
-3.67468
-3.53667
-3.47828
-3.49082
-3.51922
-3.54163
-3.51987
-3.45504
-3.36381
-0.641106
-6.59152e-05
-6.40691e-05
-0.598658
-2.97033
-3.0961
-3.1684
-3.16988
-3.11201
-3.07912
-3.09748
-3.19059
-3.41915
-3.64063
-3.76495
-4.54676
-4.71092
-4.09205
-3.97626
-3.77161
-3.55595
-3.54644
-3.49792
-3.13374
-2.36576
-0.187962
-4.19364e-05
-0.171003
-2.04415
-2.98835
-3.50098
-3.64938
-3.54688
-3.7409
-4.02436
-4.13481
-4.00863
-3.67804
-3.56639
-3.84759
-4.01614
-4.0103
-3.87366
-3.67
-3.60261
-3.6332
-3.64543
-3.62969
-3.55414
-3.39742
-1.22663
-4.00275e-05
-4.00275e-05
-1.22663
-3.39742
-3.55414
-3.62969
-3.64543
-3.6332
-3.60261
-3.67
-3.87366
-4.0103
-4.01614
-3.84759
-3.56639
-3.67804
-4.00863
-4.13481
-4.02436
-3.7409
-3.54688
-3.64938
-3.50098
-2.98835
-2.04415
-0.171003
-4.19364e-05
-0.187962
-2.36576
-3.13374
-3.49792
-3.54644
-3.55595
-3.77161
-3.97626
-4.09205
-4.71092
-4.54676
-3.76495
-3.64063
-3.41915
-3.19059
-3.09748
-3.07912
-3.11201
-3.16988
-3.1684
-3.0961
-2.97033
-0.598658
-6.40691e-05
-7.00967e-05
-1.19717
-3.28037
-3.22016
-3.1787
-3.08095
-2.9335
-2.82741
-2.80679
-2.87524
-3.09311
-3.44892
-3.66364
-4.3159
-5.21106
-5.04625
-3.95299
-3.85147
-3.69275
-3.69466
-3.78344
-3.6299
-3.24249
-1.91754
-0.000869674
-0.0120453
-1.42397
-2.60541
-3.23755
-3.58206
-3.53617
-3.61492
-3.89365
-4.05668
-4.00587
-3.7974
-3.7376
-3.89626
-3.97968
-3.91359
-3.72431
-3.51697
-3.48689
-3.50508
-3.54571
-3.56729
-3.53081
-3.42727
-1.2511
-4.08795e-05
-4.08795e-05
-1.2511
-3.42727
-3.53081
-3.56729
-3.54571
-3.50508
-3.48689
-3.51697
-3.72431
-3.91359
-3.97968
-3.89626
-3.7376
-3.7974
-4.00587
-4.05668
-3.89365
-3.61492
-3.53617
-3.58206
-3.23755
-2.60541
-1.42397
-0.0120453
-0.000869674
-1.91754
-3.24249
-3.6299
-3.78344
-3.69466
-3.69275
-3.85147
-3.95299
-5.04625
-5.21106
-4.3159
-3.66364
-3.44892
-3.09311
-2.87524
-2.80679
-2.82741
-2.9335
-3.08095
-3.1787
-3.22016
-3.28037
-1.19717
-7.00967e-05
-9.45272e-05
-3.37769
-4.13559
-3.80671
-3.60687
-3.42103
-3.21709
-3.00981
-2.86825
-2.82296
-2.9052
-3.22388
-3.53962
-3.74689
-5.11891
-5.60087
-4.89768
-3.86174
-3.77726
-3.77812
-3.93921
-3.97547
-3.79913
-3.17721
-0.0416712
-0.000401145
-0.834858
-2.11259
-2.94054
-3.46553
-3.54381
-3.55243
-3.77932
-3.97361
-3.98916
-3.87306
-3.83169
-3.99847
-3.90817
-3.80066
-3.58721
-3.43151
-3.44078
-3.49062
-3.57696
-3.64825
-3.67726
-3.66903
-1.42242
-4.32523e-05
-4.32523e-05
-1.42242
-3.66903
-3.67726
-3.64825
-3.57696
-3.49062
-3.44078
-3.43151
-3.58721
-3.80066
-3.90817
-3.99847
-3.83169
-3.87306
-3.98916
-3.97361
-3.77932
-3.55243
-3.54381
-3.46553
-2.94054
-2.11259
-0.834858
-0.000401145
-0.0416712
-3.17721
-3.79913
-3.97547
-3.93921
-3.77812
-3.77726
-3.86174
-4.89768
-5.60087
-5.11891
-3.74689
-3.53962
-3.22388
-2.9052
-2.82296
-2.86825
-3.00981
-3.21709
-3.42103
-3.60687
-3.80671
-4.13559
-3.37769
-9.45272e-05
-0.000200593
-7.30606
-4.91749
-4.37953
-4.0746
-3.891
-3.73483
-3.51741
-3.31068
-3.15065
-3.08339
-3.16762
-3.44918
-3.65506
-4.5668
-5.59084
-5.57637
-4.47407
-3.77496
-3.75837
-3.92473
-4.10278
-4.06369
-3.82796
-0.845998
-0.000196713
-0.0840016
-1.55896
-2.67648
-3.32906
-3.53846
-3.5573
-3.71901
-3.93461
-4.40163
-4.67568
-4.60384
-4.23275
-3.8521
-3.72633
-3.53099
-3.47339
-3.5385
-3.64256
-3.75826
-3.8729
-3.98708
-4.11907
-1.72192
-4.64347e-05
-4.64347e-05
-1.72192
-4.11907
-3.98708
-3.8729
-3.75826
-3.64256
-3.5385
-3.47339
-3.53099
-3.72633
-3.8521
-4.23275
-4.60384
-4.67568
-4.40163
-3.93461
-3.71901
-3.5573
-3.53846
-3.32906
-2.67648
-1.55896
-0.0840016
-0.000196713
-0.845998
-3.82796
-4.06369
-4.10278
-3.92473
-3.75837
-3.77496
-4.47407
-5.57637
-5.59084
-4.5668
-3.65506
-3.44918
-3.16762
-3.08339
-3.15065
-3.31068
-3.51741
-3.73483
-3.891
-4.0746
-4.37953
-4.91749
-7.30606
-0.000200593
-0.000472968
-9.96751
-5.30414
-4.63157
-4.31063
-4.20237
-4.15206
-4.01928
-3.86613
-3.70646
-3.57756
-3.50042
-3.53609
-3.6178
-3.86812
-5.19859
-5.75386
-5.32134
-3.98211
-3.73381
-3.82342
-4.02862
-4.1492
-4.06621
-3.5405
-0.0190467
-0.00480786
-1.07862
-2.41914
-3.18467
-3.50957
-3.58668
-3.69184
-3.89972
-4.94284
-5.47939
-5.24989
-4.44476
-3.83531
-3.72524
-3.59979
-3.64498
-3.76505
-3.89678
-4.00013
-4.134
-4.33765
-4.63738
-1.99584
-4.91922e-05
-4.91922e-05
-1.99584
-4.63738
-4.33765
-4.134
-4.00013
-3.89678
-3.76505
-3.64498
-3.59979
-3.72524
-3.83531
-4.44476
-5.24989
-5.47939
-4.94284
-3.89972
-3.69184
-3.58668
-3.50957
-3.18467
-2.41914
-1.07862
-0.00480786
-0.0190467
-3.5405
-4.06621
-4.1492
-4.02862
-3.82342
-3.73381
-3.98211
-5.32134
-5.75386
-5.19859
-3.86812
-3.6178
-3.53609
-3.50042
-3.57756
-3.70646
-3.86613
-4.01928
-4.15206
-4.20237
-4.31063
-4.63157
-5.30414
-9.96751
-0.000472968
-0.000801182
-11.4089
-5.36694
-4.62317
-4.33217
-4.30412
-4.34341
-4.30999
-4.25567
-4.17349
-4.07958
-3.98594
-3.87484
-3.76104
-3.71247
-4.70543
-5.58884
-5.73489
-5.05946
-3.73427
-3.74159
-3.86728
-4.0695
-4.11845
-3.95155
-0.640073
-0.000307827
-0.546663
-2.10684
-3.05209
-3.45509
-3.60039
-3.6922
-3.85094
-5.39367
-5.99991
-5.62199
-4.57538
-3.85427
-3.79923
-3.782
-3.89214
-4.03138
-4.14017
-4.19237
-4.3162
-4.58693
-5.03936
-1.97975
-5.03729e-05
-5.03729e-05
-1.97975
-5.03936
-4.58693
-4.3162
-4.19237
-4.14017
-4.03138
-3.89214
-3.782
-3.79923
-3.85427
-4.57538
-5.62199
-5.99991
-5.39367
-3.85094
-3.6922
-3.60039
-3.45509
-3.05209
-2.10684
-0.546663
-0.000307827
-0.640073
-3.95155
-4.11845
-4.0695
-3.86728
-3.74159
-3.73427
-5.05946
-5.73489
-5.58884
-4.70543
-3.71247
-3.76104
-3.87484
-3.98594
-4.07958
-4.17349
-4.25567
-4.30999
-4.34341
-4.30412
-4.33217
-4.62317
-5.36694
-11.4089
-0.000801182
-0.00085331
-11.6448
-5.28854
-4.53345
-4.25517
-4.24739
-4.31605
-4.33607
-4.35179
-4.34456
-4.3181
-4.27286
-4.19804
-4.04089
-3.85464
-4.31099
-5.32706
-5.83703
-5.73326
-4.82725
-3.72151
-3.74304
-3.88986
-4.0555
-4.03493
-3.62542
-0.0258143
-0.082691
-1.77378
-2.9583
-3.37099
-3.58483
-3.70089
-4.19771
-5.73937
-6.31044
-5.84164
-4.67032
-3.90589
-3.93461
-4.0199
-4.13756
-4.24801
-4.29477
-4.28157
-4.37028
-4.65186
-5.17985
-1.54402
-4.95024e-05
-4.95024e-05
-1.54402
-5.17985
-4.65186
-4.37028
-4.28157
-4.29477
-4.24801
-4.13756
-4.0199
-3.93461
-3.90589
-4.67032
-5.84164
-6.31044
-5.73937
-4.19771
-3.70089
-3.58483
-3.37099
-2.9583
-1.77378
-0.082691
-0.0258143
-3.62542
-4.03493
-4.0555
-3.88986
-3.74304
-3.72151
-4.82725
-5.73326
-5.83703
-5.32706
-4.31099
-3.85464
-4.04089
-4.19804
-4.27286
-4.3181
-4.34456
-4.35179
-4.33607
-4.31605
-4.24739
-4.25517
-4.53345
-5.28854
-11.6448
-0.00085331
-0.000550282
-10.5297
-5.13429
-4.42708
-4.12842
-4.07407
-4.11652
-4.13984
-4.18152
-4.21915
-4.24892
-4.2652
-4.26346
-4.21029
-4.05106
-4.06176
-5.17732
-5.85057
-6.03893
-5.73994
-4.57416
-3.71712
-3.75182
-3.89208
-3.99619
-3.84242
-0.662625
-0.0102779
-1.51949
-2.92612
-3.27069
-3.54281
-3.68179
-4.59245
-6.00567
-6.48522
-5.99218
-4.76913
-3.9886
-4.10143
-4.24068
-4.31119
-4.35657
-4.3286
-4.26001
-4.29379
-4.5002
-4.95402
-0.894657
-4.71368e-05
-4.71368e-05
-0.894657
-4.95402
-4.5002
-4.29379
-4.26001
-4.3286
-4.35657
-4.31119
-4.24068
-4.10143
-3.9886
-4.76913
-5.99218
-6.48522
-6.00567
-4.59245
-3.68179
-3.54281
-3.27069
-2.92612
-1.51949
-0.0102779
-0.662625
-3.84242
-3.99619
-3.89208
-3.75182
-3.71712
-4.57416
-5.73994
-6.03893
-5.85057
-5.17732
-4.06176
-4.05106
-4.21029
-4.26346
-4.2652
-4.24892
-4.21915
-4.18152
-4.13984
-4.11652
-4.07407
-4.12842
-4.42708
-5.13429
-10.5297
-0.000550282
-0.000214724
-7.69903
-4.74217
-4.14459
-3.86301
-3.77401
-3.7767
-3.78038
-3.81833
-3.87145
-3.93386
-4.00102
-4.06614
-4.14919
-4.13995
-4.01721
-5.09785
-5.90333
-6.19551
-6.21847
-5.69193
-4.2617
-3.72066
-3.75597
-3.86428
-3.88427
-3.39777
-0.0352038
-1.42485
-3.00062
-3.19746
-3.49865
-3.65398
-4.9776
-6.22592
-6.59296
-6.1232
-4.89795
-4.09671
-4.26134
-4.3843
-4.36449
-4.32593
-4.22965
-4.11621
-4.0717
-4.11559
-4.2989
-0.373939
-4.51601e-05
-4.51601e-05
-0.373939
-4.2989
-4.11559
-4.0717
-4.11621
-4.22965
-4.32593
-4.36449
-4.3843
-4.26134
-4.09671
-4.89795
-6.1232
-6.59296
-6.22592
-4.9776
-3.65398
-3.49865
-3.19746
-3.00062
-1.42485
-0.0352038
-3.39777
-3.88427
-3.86428
-3.75597
-3.72066
-4.2617
-5.69193
-6.21847
-6.19551
-5.90333
-5.09785
-4.01721
-4.13995
-4.14919
-4.06614
-4.00102
-3.93386
-3.87145
-3.81833
-3.78038
-3.7767
-3.77401
-3.86301
-4.14459
-4.74217
-7.69903
-0.000214724
-7.5276e-05
-2.26309
-3.95491
-3.46697
-3.29508
-3.23602
-3.23546
-3.24612
-3.29792
-3.37461
-3.46431
-3.56362
-3.67451
-3.84139
-4.02798
-4.09412
-4.77083
-5.88254
-6.3408
-6.44046
-6.32859
-5.55288
-3.88123
-3.7411
-3.78761
-3.83561
-3.75009
-1.01927
-1.46761
-3.18739
-3.16707
-3.4392
-3.63278
-5.33416
-6.43121
-6.6861
-6.27059
-5.06689
-4.2181
-4.37981
-4.41369
-4.27228
-4.14021
-3.97801
-3.80331
-3.6495
-3.5005
-3.27933
-0.118255
-4.6927e-05
-4.6927e-05
-0.118255
-3.27933
-3.5005
-3.6495
-3.80331
-3.97801
-4.14021
-4.27228
-4.41369
-4.37981
-4.2181
-5.06689
-6.27059
-6.6861
-6.43121
-5.33416
-3.63278
-3.4392
-3.16707
-3.18739
-1.46761
-1.01927
-3.75009
-3.83561
-3.78761
-3.7411
-3.88123
-5.55288
-6.32859
-6.44046
-6.3408
-5.88254
-4.77083
-4.09412
-4.02798
-3.84139
-3.67451
-3.56362
-3.46431
-3.37461
-3.29792
-3.24612
-3.23546
-3.23602
-3.29508
-3.46697
-3.95491
-2.26309
-7.5276e-05
-6.16507e-05
-0.192071
-2.57247
-2.36522
-2.32721
-2.37337
-2.44041
-2.52106
-2.63787
-2.76712
-2.8936
-3.03053
-3.193
-3.39987
-3.75422
-4.029
-4.04689
-5.62104
-6.424
-6.59042
-6.60917
-6.34712
-5.31631
-3.78018
-3.77167
-3.78473
-3.74391
-3.36842
-1.46828
-3.33658
-3.15836
-3.3552
-3.62593
-5.6252
-6.61003
-6.7938
-6.44753
-5.26788
-4.33836
-4.43862
-4.31626
-4.02854
-3.78747
-3.54299
-3.29718
-3.06179
-2.81112
-2.32537
-0.0475321
-5.63619e-05
-5.63619e-05
-0.0475321
-2.32537
-2.81112
-3.06179
-3.29718
-3.54299
-3.78747
-4.02854
-4.31626
-4.43862
-4.33836
-5.26788
-6.44753
-6.7938
-6.61003
-5.6252
-3.62593
-3.3552
-3.15836
-3.33658
-1.46828
-3.36842
-3.74391
-3.78473
-3.77167
-3.78018
-5.31631
-6.34712
-6.60917
-6.59042
-6.424
-5.62104
-4.04689
-4.029
-3.75422
-3.39987
-3.193
-3.03053
-2.8936
-2.76712
-2.63787
-2.52106
-2.44041
-2.37337
-2.32721
-2.36522
-2.57247
-0.192071
-6.16507e-05
-8.67377e-05
-0.0270527
-2.38985
-1.72912
-1.5058
-1.38464
-1.39766
-1.59699
-1.8277
-2.01432
-2.1961
-2.42585
-2.69272
-2.96731
-3.37527
-3.83575
-4.05599
-4.89885
-6.27103
-6.73029
-6.75325
-6.71547
-6.29476
-4.98843
-3.79571
-3.77274
-3.72754
-3.49621
-1.81059
-3.24257
-3.1608
-3.30921
-3.85676
-5.83725
-6.74828
-6.92163
-6.6442
-5.48048
-4.44675
-4.44224
-4.10277
-3.644
-3.27856
-2.98117
-2.8194
-2.74852
-2.69194
-2.60847
-0.165718
-7.51878e-05
-7.51878e-05
-0.165718
-2.60847
-2.69194
-2.74852
-2.8194
-2.98117
-3.27856
-3.644
-4.10277
-4.44224
-4.44675
-5.48048
-6.6442
-6.92163
-6.74828
-5.83725
-3.85676
-3.30921
-3.1608
-3.24257
-1.81059
-3.49621
-3.72754
-3.77274
-3.79571
-4.98843
-6.29476
-6.71547
-6.75325
-6.73029
-6.27103
-4.89885
-4.05599
-3.83575
-3.37527
-2.96731
-2.69272
-2.42585
-2.1961
-2.01432
-1.8277
-1.59699
-1.39766
-1.38464
-1.5058
-1.72912
-2.38985
-0.0270527
-8.67377e-05
-0.000217771
-2.51584
-9.05159
-5.37646
-3.97932
-3.10517
-2.56152
-1.53398
-0.548062
-0.819461
-1.2446
-1.67819
-2.06944
-2.48372
-2.98871
-3.64494
-4.00943
-4.03923
-5.70254
-6.69792
-6.89462
-6.87234
-6.76683
-6.14369
-4.54543
-3.811
-3.76564
-3.61802
-2.70588
-2.83794
-3.15998
-3.31951
-4.15169
-5.9843
-6.83563
-7.04435
-6.8333
-5.68327
-4.53674
-4.4122
-3.80744
-3.16512
-2.74495
-2.62268
-2.84413
-3.20816
-3.61624
-4.31727
-1.59101
-0.000104521
-0.000104521
-1.59101
-4.31727
-3.61624
-3.20816
-2.84413
-2.62268
-2.74495
-3.16512
-3.80744
-4.4122
-4.53674
-5.68327
-6.8333
-7.04435
-6.83563
-5.9843
-4.15169
-3.31951
-3.15998
-2.83794
-2.70588
-3.61802
-3.76564
-3.811
-4.54543
-6.14369
-6.76683
-6.87234
-6.89462
-6.69792
-5.70254
-4.03923
-4.00943
-3.64494
-2.98871
-2.48372
-2.06944
-1.67819
-1.2446
-0.819461
-0.548062
-1.53398
-2.56152
-3.10517
-3.97932
-5.37646
-9.05159
-2.51584
-0.000217771
-0.00266588
-16.7986
-7.85378
-5.49627
-4.28745
-3.65943
-3.34903
-2.88224
-2.30412
-0.938625
-0.29504
-0.600614
-1.12385
-1.80281
-2.54476
-3.34946
-3.90364
-4.06615
-4.69273
-6.3567
-6.95205
-6.97155
-6.94031
-6.74601
-5.85412
-3.98581
-3.81669
-3.68697
-3.10653
-2.39277
-3.13079
-3.34711
-4.40125
-6.07425
-6.86459
-7.12195
-6.98396
-5.86402
-4.60032
-4.36986
-3.49581
-2.73151
-2.50632
-2.79312
-3.31185
-3.89265
-4.54128
-5.44651
-7.88814
-0.000299551
-0.000299551
-7.88814
-5.44651
-4.54128
-3.89265
-3.31185
-2.79312
-2.50632
-2.73151
-3.49581
-4.36986
-4.60032
-5.86402
-6.98396
-7.12195
-6.86459
-6.07425
-4.40125
-3.34711
-3.13079
-2.39277
-3.10653
-3.68697
-3.81669
-3.98581
-5.85412
-6.74601
-6.94031
-6.97155
-6.95205
-6.3567
-4.69273
-4.06615
-3.90364
-3.34946
-2.54476
-1.80281
-1.12385
-0.600614
-0.29504
-0.938625
-2.30412
-2.88224
-3.34903
-3.65943
-4.28745
-5.49627
-7.85378
-16.7986
-0.00266588
-0.0202534
-18.6439
-6.6852
-4.87221
-4.15157
-3.83256
-3.63854
-3.34094
-3.0211
-2.47361
-1.33034
-0.0427609
-0.265501
-0.952652
-2.00565
-3.03104
-3.86439
-4.07764
-4.03755
-5.56585
-6.78106
-7.04943
-6.99124
-6.94516
-6.6032
-5.42918
-3.87097
-3.78938
-3.46477
-2.497
-3.09962
-3.37427
-4.58043
-6.10184
-6.82643
-7.12499
-7.07585
-6.02209
-4.62292
-4.31976
-3.27287
-2.56863
-2.71983
-3.25354
-3.77372
-4.26189
-4.82245
-5.66217
-11.0861
-0.00153434
-0.00153434
-11.0861
-5.66217
-4.82245
-4.26189
-3.77372
-3.25354
-2.71983
-2.56863
-3.27287
-4.31976
-4.62292
-6.02209
-7.07585
-7.12499
-6.82643
-6.10184
-4.58043
-3.37427
-3.09962
-2.497
-3.46477
-3.78938
-3.87097
-5.42918
-6.6032
-6.94516
-6.99124
-7.04943
-6.78106
-5.56585
-4.03755
-4.07764
-3.86439
-3.03104
-2.00565
-0.952652
-0.265501
-0.0427609
-1.33034
-2.47361
-3.0211
-3.34094
-3.63854
-3.83256
-4.15157
-4.87221
-6.6852
-18.6439
-0.0202534
-0.0612868
-14.7252
-5.7362
-4.40787
-4.07095
-3.99181
-3.82422
-3.60671
-3.38189
-3.02767
-2.45397
-1.4208
-0.0992266
-0.0628032
-1.20208
-2.77756
-3.63629
-4.03813
-4.0786
-4.42746
-6.29512
-7.01491
-7.03193
-6.96236
-6.86872
-6.34961
-4.90318
-3.89596
-3.73039
-3.05083
-3.13254
-3.40717
-4.64867
-6.03908
-6.71081
-7.03973
-7.10314
-6.16115
-4.59089
-4.25906
-3.24571
-2.75551
-3.15011
-3.67789
-4.07759
-4.35014
-4.67508
-5.36796
-10.5827
-0.00505604
-0.00505604
-10.5827
-5.36796
-4.67508
-4.35014
-4.07759
-3.67789
-3.15011
-2.75551
-3.24571
-4.25906
-4.59089
-6.16115
-7.10314
-7.03973
-6.71081
-6.03908
-4.64867
-3.40717
-3.13254
-3.05083
-3.73039
-3.89596
-4.90318
-6.34961
-6.86872
-6.96236
-7.03193
-7.01491
-6.29512
-4.42746
-4.0786
-4.03813
-3.63629
-2.77756
-1.20208
-0.0628032
-0.0992266
-1.4208
-2.45397
-3.02767
-3.38189
-3.60671
-3.82422
-3.99181
-4.07095
-4.40787
-5.7362
-14.7252
-0.0612868
-0.0959089
-10.8286
-5.05251
-4.16818
-4.06236
-4.095
-3.97806
-3.7989
-3.604
-3.35711
-2.97608
-2.37864
-1.44642
-0.225282
-0.0502404
-1.99243
-3.45072
-4.06028
-4.09391
-4.01881
-5.37714
-6.73678
-7.04734
-6.9511
-6.87048
-6.67892
-5.90682
-4.25748
-3.88041
-3.46419
-3.26302
-3.44194
-4.57498
-5.864
-6.51749
-6.87313
-7.07008
-6.27362
-4.50331
-4.21312
-3.44547
-3.13909
-3.56975
-3.98027
-4.23487
-4.30425
-4.41262
-4.92196
-9.10892
-0.00975214
-0.00975214
-9.10892
-4.92196
-4.41262
-4.30425
-4.23487
-3.98027
-3.56975
-3.13909
-3.44547
-4.21312
-4.50331
-6.27362
-7.07008
-6.87313
-6.51749
-5.864
-4.57498
-3.44194
-3.26302
-3.46419
-3.88041
-4.25748
-5.90682
-6.67892
-6.87048
-6.9511
-7.04734
-6.73678
-5.37714
-4.01881
-4.09391
-4.06028
-3.45072
-1.99243
-0.0502404
-0.225282
-1.44642
-2.37864
-2.97608
-3.35711
-3.604
-3.7989
-3.97806
-4.095
-4.06236
-4.16818
-5.05251
-10.8286
-0.0959089
-0.0887103
-7.96655
-4.49445
-3.95917
-3.96029
-4.07417
-4.06339
-3.96874
-3.79114
-3.5691
-3.31201
-2.89756
-2.29342
-1.43699
-0.406006
-0.111279
-3.25591
-3.88802
-4.05701
-4.03359
-4.1944
-6.16352
-6.94074
-6.92823
-6.79537
-6.67092
-6.30566
-5.28596
-3.95193
-3.72948
-3.45147
-3.4811
-4.39691
-5.60013
-6.26993
-6.66116
-6.98538
-6.35224
-4.42134
-4.29475
-3.80643
-3.54604
-3.8909
-4.15365
-4.26032
-4.1853
-4.16338
-4.5207
-7.67388
-0.0117814
-0.0117814
-7.67388
-4.5207
-4.16338
-4.1853
-4.26032
-4.15365
-3.8909
-3.54604
-3.80643
-4.29475
-4.42134
-6.35224
-6.98538
-6.66116
-6.26993
-5.60013
-4.39691
-3.4811
-3.45147
-3.72948
-3.95193
-5.28596
-6.30566
-6.67092
-6.79537
-6.92823
-6.94074
-6.16352
-4.1944
-4.03359
-4.05701
-3.88802
-3.25591
-0.111279
-0.406006
-1.43699
-2.29342
-2.89756
-3.31201
-3.5691
-3.79114
-3.96874
-4.06339
-4.07417
-3.96029
-3.95917
-4.49445
-7.96655
-0.0887103
-0.0529589
-6.13524
-4.10103
-3.80381
-3.81546
-3.95412
-4.05181
-4.06435
-3.96973
-3.77228
-3.52824
-3.24814
-2.81413
-2.22073
-1.43482
-0.606442
-0.536794
-3.72787
-4.05081
-4.00126
-3.96124
-5.20166
-6.60147
-6.89106
-6.71933
-6.53901
-6.31251
-5.74254
-4.57182
-3.8744
-3.63769
-3.54607
-4.22053
-5.32572
-6.01944
-6.45579
-6.85676
-6.38799
-4.60635
-4.47609
-4.13752
-3.86659
-4.07972
-4.20133
-4.1797
-4.02794
-3.97127
-4.24345
-6.69962
-0.00925564
-0.00925564
-6.69962
-4.24345
-3.97127
-4.02794
-4.1797
-4.20133
-4.07972
-3.86659
-4.13752
-4.47609
-4.60635
-6.38799
-6.85676
-6.45579
-6.01944
-5.32572
-4.22053
-3.54607
-3.63769
-3.8744
-4.57182
-5.74254
-6.31251
-6.53901
-6.71933
-6.89106
-6.60147
-5.20166
-3.96124
-4.00126
-4.05081
-3.72787
-0.536794
-0.606442
-1.43482
-2.22073
-2.81413
-3.24814
-3.52824
-3.77228
-3.96973
-4.06435
-4.05181
-3.95412
-3.81546
-3.80381
-4.10103
-6.13524
-0.0529589
-0.0239415
-4.84593
-3.81112
-3.69749
-3.70252
-3.78155
-3.9223
-4.04482
-4.06238
-3.96008
-3.74718
-3.47772
-3.1817
-2.75424
-2.21329
-1.54213
-0.720195
-2.66471
-3.7235
-3.8866
-3.91851
-4.037
-6.00384
-6.74828
-6.66191
-6.43288
-6.1818
-5.79819
-5.05265
-3.98214
-3.73498
-3.60253
-4.20129
-5.16431
-5.84531
-6.30572
-6.70036
-6.38501
-4.94715
-4.52512
-4.27963
-4.0605
-4.13957
-4.14816
-4.04133
-3.88829
-3.87093
-4.11005
-6.17354
-0.00474403
-0.00474403
-6.17354
-4.11005
-3.87093
-3.88829
-4.04133
-4.14816
-4.13957
-4.0605
-4.27963
-4.52512
-4.94715
-6.38501
-6.70036
-6.30572
-5.84531
-5.16431
-4.20129
-3.60253
-3.73498
-3.98214
-5.05265
-5.79819
-6.1818
-6.43288
-6.66191
-6.74828
-6.00384
-4.037
-3.91851
-3.8866
-3.7235
-2.66471
-0.720195
-1.54213
-2.21329
-2.75424
-3.1817
-3.47772
-3.74718
-3.96008
-4.06238
-4.04482
-3.9223
-3.78155
-3.70252
-3.69749
-3.81112
-4.84593
-0.0239415
-0.010648
-3.93773
-3.54208
-3.56701
-3.61128
-3.62381
-3.70638
-3.89033
-4.02862
-4.04339
-3.92942
-3.7023
-3.41869
-3.12071
-2.76116
-2.36993
-1.89422
-1.06327
-3.06199
-3.67399
-3.80246
-3.87372
-5.07804
-6.40184
-6.61283
-6.36425
-6.0961
-5.77406
-5.27631
-4.57678
-3.96497
-3.92528
-4.49278
-5.24047
-5.83274
-6.25604
-6.56933
-6.38307
-5.26576
-4.38393
-4.27621
-4.16115
-4.11285
-4.04194
-3.90239
-3.80656
-3.85492
-4.07855
-5.86556
-0.0015225
-0.0015225
-5.86556
-4.07855
-3.85492
-3.80656
-3.90239
-4.04194
-4.11285
-4.16115
-4.27621
-4.38393
-5.26576
-6.38307
-6.56933
-6.25604
-5.83274
-5.24047
-4.49278
-3.92528
-3.96497
-4.57678
-5.27631
-5.77406
-6.0961
-6.36425
-6.61283
-6.40184
-5.07804
-3.87372
-3.80246
-3.67399
-3.06199
-1.06327
-1.89422
-2.36993
-2.76116
-3.12071
-3.41869
-3.7023
-3.92942
-4.04339
-4.02862
-3.89033
-3.70638
-3.62381
-3.61128
-3.56701
-3.54208
-3.93773
-0.010648
-0.00641451
-3.38141
-3.32066
-3.41672
-3.50553
-3.50839
-3.49361
-3.63045
-3.84676
-3.98748
-3.9885
-3.86069
-3.64161
-3.39099
-3.14798
-2.87199
-2.568
-2.32191
-1.9441
-2.87288
-3.54928
-3.76207
-3.99384
-5.83514
-6.47094
-6.33091
-6.0851
-5.82077
-5.49883
-5.09826
-4.74886
-4.71396
-5.06336
-5.56679
-6.01278
-6.34361
-6.54826
-6.45126
-5.59407
-4.27581
-4.31557
-4.22363
-4.06006
-3.93006
-3.79915
-3.76593
-3.85389
-4.06276
-5.25188
-0.000283452
-0.000283452
-5.25188
-4.06276
-3.85389
-3.76593
-3.79915
-3.93006
-4.06006
-4.22363
-4.31557
-4.27581
-5.59407
-6.45126
-6.54826
-6.34361
-6.01278
-5.56679
-5.06336
-4.71396
-4.74886
-5.09826
-5.49883
-5.82077
-6.0851
-6.33091
-6.47094
-5.83514
-3.99384
-3.76207
-3.54928
-2.87288
-1.9441
-2.32191
-2.568
-2.87199
-3.14798
-3.39099
-3.64161
-3.86069
-3.9885
-3.98748
-3.84676
-3.63045
-3.49361
-3.50839
-3.50553
-3.41672
-3.32066
-3.38141
-0.00641451
-0.00708232
-3.29534
-3.25597
-3.34994
-3.43553
-3.43952
-3.37432
-3.38852
-3.55525
-3.77438
-3.90119
-3.89231
-3.77893
-3.61029
-3.43171
-3.27816
-3.12869
-2.88971
-2.5289
-2.30273
-2.97542
-3.55463
-3.80124
-4.9889
-6.12084
-6.2879
-6.10823
-5.94951
-5.77882
-5.5981
-5.47212
-5.50409
-5.72409
-6.04366
-6.34951
-6.57755
-6.69236
-6.63455
-6.00917
-4.72693
-4.38284
-4.24893
-4.02832
-3.84052
-3.73053
-3.70976
-3.77171
-3.97039
-1.77317
-4.81517e-05
-4.81517e-05
-1.77317
-3.97039
-3.77171
-3.70976
-3.73053
-3.84052
-4.02832
-4.24893
-4.38284
-4.72693
-6.00917
-6.63455
-6.69236
-6.57755
-6.34951
-6.04366
-5.72409
-5.50409
-5.47212
-5.5981
-5.77882
-5.94951
-6.10823
-6.2879
-6.12084
-4.9889
-3.80124
-3.55463
-2.97542
-2.30273
-2.5289
-2.88971
-3.12869
-3.27816
-3.43171
-3.61029
-3.77893
-3.89231
-3.90119
-3.77438
-3.55525
-3.38852
-3.37432
-3.43952
-3.43553
-3.34994
-3.25597
-3.29534
-0.00708232
-0.012646
-3.72909
-3.39986
-3.42633
-3.46923
-3.44918
-3.36955
-3.31701
-3.36515
-3.5372
-3.73054
-3.8413
-3.85177
-3.80031
-3.7103
-3.59225
-3.45553
-3.3366
-3.22157
-2.99411
-2.67327
-3.25925
-3.67706
-3.99505
-5.5319
-6.11021
-6.12072
-6.10448
-6.0991
-6.09225
-6.11227
-6.20296
-6.3766
-6.59469
-6.79894
-6.94365
-6.99781
-6.93789
-6.53808
-5.45248
-4.38456
-4.2706
-4.06182
-3.79147
-3.67298
-3.5876
-3.54927
-3.70629
-0.199478
-3.51773e-05
-3.51773e-05
-0.199478
-3.70629
-3.54927
-3.5876
-3.67298
-3.79147
-4.06182
-4.2706
-4.38456
-5.45248
-6.53808
-6.93789
-6.99781
-6.94365
-6.79894
-6.59469
-6.3766
-6.20296
-6.11227
-6.09225
-6.0991
-6.10448
-6.12072
-6.11021
-5.5319
-3.99505
-3.67706
-3.25925
-2.67327
-2.99411
-3.22157
-3.3366
-3.45553
-3.59225
-3.7103
-3.80031
-3.85177
-3.8413
-3.73054
-3.5372
-3.36515
-3.31701
-3.36955
-3.44918
-3.46923
-3.42633
-3.39986
-3.72909
-0.012646
-0.0230812
-4.57796
-3.67611
-3.57908
-3.56799
-3.52822
-3.45011
-3.42171
-3.47264
-3.59073
-3.73548
-3.85857
-3.93497
-4.07892
-4.53781
-4.51404
-4.01864
-3.66492
-3.57143
-3.41911
-3.2643
-3.25567
-3.52129
-3.77087
-4.70323
-5.69385
-6.07375
-6.25945
-6.44262
-6.60067
-6.74326
-6.89083
-7.05162
-7.21145
-7.34375
-7.42399
-7.43498
-7.36672
-7.15503
-6.23532
-4.57428
-4.43128
-4.21576
-3.79372
-3.60042
-3.38334
-3.205
-3.11484
-0.00612318
-5.38012e-05
-5.38012e-05
-0.00612318
-3.11484
-3.205
-3.38334
-3.60042
-3.79372
-4.21576
-4.43128
-4.57428
-6.23532
-7.15503
-7.36672
-7.43498
-7.42399
-7.34375
-7.21145
-7.05162
-6.89083
-6.74326
-6.60067
-6.44262
-6.25945
-6.07375
-5.69385
-4.70323
-3.77087
-3.52129
-3.25567
-3.2643
-3.41911
-3.57143
-3.66492
-4.01864
-4.51404
-4.53781
-4.07892
-3.93497
-3.85857
-3.73548
-3.59073
-3.47264
-3.42171
-3.45011
-3.52822
-3.56799
-3.57908
-3.67611
-4.57796
-0.0230812
-0.0305913
-5.7583
-3.98816
-3.71994
-3.65719
-3.62648
-3.5895
-3.63442
-3.7584
-3.89821
-4.00185
-4.05771
-4.09273
-4.14527
-4.42471
-5.13565
-5.47631
-5.33557
-4.67139
-3.75374
-3.64269
-3.54297
-3.53866
-3.67683
-3.9053
-5.14769
-5.9648
-6.43714
-6.83875
-7.16733
-7.42734
-7.63159
-7.7913
-7.90943
-7.9823
-8.00544
-7.97825
-7.90765
-7.81345
-7.0405
-5.32167
-4.70325
-4.46333
-3.84301
-3.50703
-3.12912
-2.69969
-0.216272
-0.000211123
-0.000337945
-0.000337945
-0.000211123
-0.216272
-2.69969
-3.12912
-3.50703
-3.84301
-4.46333
-4.70325
-5.32167
-7.0405
-7.81345
-7.90765
-7.97825
-8.00544
-7.9823
-7.90943
-7.7913
-7.63159
-7.42734
-7.16733
-6.83875
-6.43714
-5.9648
-5.14769
-3.9053
-3.67683
-3.53866
-3.54297
-3.64269
-3.75374
-4.67139
-5.33557
-5.47631
-5.13565
-4.42471
-4.14527
-4.09273
-4.05771
-4.00185
-3.89821
-3.7584
-3.63442
-3.5895
-3.62648
-3.65719
-3.71994
-3.98816
-5.7583
-0.0305913
-0.0255094
-7.4034
-4.31778
-3.84471
-3.72849
-3.73534
-3.77998
-3.90602
-4.07452
-4.20498
-4.26354
-4.25541
-4.22135
-4.23652
-4.22443
-4.19454
-5.15704
-5.85529
-6.02814
-5.71116
-4.85992
-3.78285
-3.69465
-3.65316
-3.71151
-4.83256
-5.94545
-6.72533
-7.35861
-7.86388
-8.23909
-8.49306
-8.64477
-8.71505
-8.72143
-8.67835
-8.60029
-8.50738
-8.43693
-7.7879
-6.09419
-4.87073
-4.66972
-3.93779
-3.45646
-2.80596
-0.87012
-0.752077
-7.32745
-10.4406
-10.4406
-7.32745
-0.752077
-0.87012
-2.80596
-3.45646
-3.93779
-4.66972
-4.87073
-6.09419
-7.7879
-8.43693
-8.50738
-8.60029
-8.67835
-8.72143
-8.71505
-8.64477
-8.49306
-8.23909
-7.86388
-7.35861
-6.72533
-5.94545
-4.83256
-3.71151
-3.65316
-3.69465
-3.78285
-4.85992
-5.71116
-6.02814
-5.85529
-5.15704
-4.19454
-4.22443
-4.23652
-4.22135
-4.25541
-4.26354
-4.20498
-4.07452
-3.90602
-3.77998
-3.73534
-3.72849
-3.84471
-4.31778
-7.4034
-0.0255094
-0.0121984
-9.58553
-4.76981
-4.05182
-3.83646
-3.87501
-4.01579
-4.17821
-4.31911
-4.36431
-4.31338
-4.20701
-4.10853
-4.08084
-4.08295
-4.16599
-4.25096
-4.5634
-5.56523
-6.15014
-6.04952
-5.37905
-4.45614
-3.86708
-4.11568
-5.10446
-6.25273
-7.24852
-8.10328
-8.7913
-9.27648
-9.55842
-9.67154
-9.66235
-9.57323
-9.43711
-9.27914
-9.12153
-8.99045
-8.43324
-6.79353
-4.85466
-4.72611
-4.16698
-3.51942
-2.26411
-1.02085
-6.06291
-5.36581
-5.08947
-5.08947
-5.36581
-6.06291
-1.02085
-2.26411
-3.51942
-4.16698
-4.72611
-4.85466
-6.79353
-8.43324
-8.99045
-9.12153
-9.27914
-9.43711
-9.57323
-9.66235
-9.67154
-9.55842
-9.27648
-8.7913
-8.10328
-7.24852
-6.25273
-5.10446
-4.11568
-3.86708
-4.45614
-5.37905
-6.04952
-6.15014
-5.56523
-4.5634
-4.25096
-4.16599
-4.08295
-4.08084
-4.10853
-4.20701
-4.31338
-4.36431
-4.31911
-4.17821
-4.01579
-3.87501
-3.83646
-4.05182
-4.76981
-9.58553
-0.0121984
-0.00291553
-11.4127
-5.6406
-4.50766
-4.04931
-4.04412
-4.24368
-4.35836
-4.37575
-4.26495
-4.07276
-3.87315
-3.7254
-3.66497
-3.7114
-3.86091
-4.087
-4.22237
-4.23774
-4.85666
-5.7082
-5.92722
-5.57051
-5.11035
-5.16379
-5.87379
-6.93262
-8.08106
-9.18606
-10.0939
-10.6831
-10.9421
-10.9472
-10.7916
-10.5518
-10.2795
-10.0058
-9.74687
-9.5071
-9.02745
-7.43209
-4.74209
-4.64898
-4.68061
-3.88168
-0.122742
-3.97511
-4.49663
-4.47589
-4.36102
-4.36102
-4.47589
-4.49663
-3.97511
-0.122742
-3.88168
-4.68061
-4.64898
-4.74209
-7.43209
-9.02745
-9.5071
-9.74687
-10.0058
-10.2795
-10.5518
-10.7916
-10.9472
-10.9421
-10.6831
-10.0939
-9.18606
-8.08106
-6.93262
-5.87379
-5.16379
-5.11035
-5.57051
-5.92722
-5.7082
-4.85666
-4.23774
-4.22237
-4.087
-3.86091
-3.7114
-3.66497
-3.7254
-3.87315
-4.07276
-4.26495
-4.37575
-4.35836
-4.24368
-4.04412
-4.04931
-4.50766
-5.6406
-11.4127
-0.00291553
-0.000376214
-8.75816
-7.28282
-5.24558
-4.39508
-4.22945
-4.35551
-4.32792
-4.15669
-3.89197
-3.62746
-3.43838
-3.34546
-3.33167
-3.36062
-3.4481
-3.67198
-3.90075
-4.13463
-4.20496
-4.14032
-5.14801
-5.77464
-5.93686
-6.12012
-6.70562
-7.79007
-9.22205
-10.7618
-12.0242
-12.7062
-12.8184
-12.5696
-12.1444
-11.6651
-11.1984
-10.7731
-10.3944
-10.049
-9.63309
-8.06463
-4.74437
-4.67144
-5.52103
-5.71481
-0.205797
-3.47183
-3.91973
-4.02985
-4.05931
-4.05931
-4.02985
-3.91973
-3.47183
-0.205797
-5.71481
-5.52103
-4.67144
-4.74437
-8.06463
-9.63309
-10.049
-10.3944
-10.7731
-11.1984
-11.6651
-12.1444
-12.5696
-12.8184
-12.7062
-12.0242
-10.7618
-9.22205
-7.79007
-6.70562
-6.12012
-5.93686
-5.77464
-5.14801
-4.14032
-4.20496
-4.13463
-3.90075
-3.67198
-3.4481
-3.36062
-3.33167
-3.34546
-3.43838
-3.62746
-3.89197
-4.15669
-4.32792
-4.35551
-4.22945
-4.39508
-5.24558
-7.28282
-8.75816
-0.000376214
-0.000119704
-1.74691
-8.90646
-5.82911
-4.76688
-4.37791
-4.26085
-4.02972
-3.69446
-3.37205
-3.14525
-3.03781
-3.02314
-3.06401
-3.12644
-3.18723
-3.25183
-3.38985
-3.71004
-3.94548
-4.08474
-4.11189
-4.79137
-5.79896
-6.46748
-7.23633
-8.582
-10.6685
-13.1763
-15.166
-15.8624
-15.4758
-14.6613
-13.7485
-12.8986
-12.1669
-11.5579
-11.0556
-10.6353
-10.2656
-8.70399
-5.15897
-4.91187
-6.67166
-3.11278
-0.6886
-3.20076
-3.64358
-3.87503
-3.97959
-3.97959
-3.87503
-3.64358
-3.20076
-0.6886
-3.11278
-6.67166
-4.91187
-5.15897
-8.70399
-10.2656
-10.6353
-11.0556
-11.5579
-12.1669
-12.8986
-13.7485
-14.6613
-15.4758
-15.8624
-15.166
-13.1763
-10.6685
-8.582
-7.23633
-6.46748
-5.79896
-4.79137
-4.11189
-4.08474
-3.94548
-3.71004
-3.38985
-3.25183
-3.18723
-3.12644
-3.06401
-3.02314
-3.03781
-3.14525
-3.37205
-3.69446
-4.02972
-4.26085
-4.37791
-4.76688
-5.82911
-8.90646
-1.74691
-0.000119704
-0.000102821
-0.609072
-6.64108
-5.33971
-4.71144
-4.26571
-3.8803
-3.4521
-3.02431
-2.71693
-2.55035
-2.49357
-2.50203
-2.54041
-2.5874
-2.63759
-2.69676
-2.76472
-2.91159
-3.30782
-3.75792
-4.0212
-4.06613
-4.51769
-5.81235
-7.06427
-9.06428
-12.4855
-17.4753
-21.3201
-21.543
-19.4283
-17.3467
-15.5758
-14.1867
-13.1217
-12.3078
-11.6851
-11.211
-10.8615
-9.28228
-5.55475
-5.17055
-8.07172
-1.83888
-1.30732
-2.98736
-3.5466
-3.85457
-3.98664
-3.98664
-3.85457
-3.5466
-2.98736
-1.30732
-1.83888
-8.07172
-5.17055
-5.55475
-9.28228
-10.8615
-11.211
-11.6851
-12.3078
-13.1217
-14.1867
-15.5758
-17.3467
-19.4283
-21.543
-21.3201
-17.4753
-12.4855
-9.06428
-7.06427
-5.81235
-4.51769
-4.06613
-4.0212
-3.75792
-3.30782
-2.91159
-2.76472
-2.69676
-2.63759
-2.5874
-2.54041
-2.50203
-2.49357
-2.55035
-2.71693
-3.02431
-3.4521
-3.8803
-4.26571
-4.71144
-5.33971
-6.64108
-0.609072
-0.000102821
-8.39905e-05
-0.869728
-3.67723
-3.88205
-3.85761
-3.58153
-3.08006
-2.5569
-2.116
-1.83568
-1.6919
-1.63542
-1.62477
-1.63103
-1.63821
-1.64656
-1.67241
-1.74455
-1.92589
-2.2266
-2.83763
-3.56336
-3.93359
-3.98505
-4.08066
-5.9013
-8.93502
-14.6864
-28.2589
-39.3665
-36.1387
-25.9707
-20.6091
-17.4375
-15.3715
-13.952
-12.9436
-12.2163
-11.6979
-11.3538
-9.73868
-5.86307
-5.29599
-9.53165
-1.13024
-1.15751
-2.79718
-3.47722
-3.8289
-3.96973
-3.96973
-3.8289
-3.47722
-2.79718
-1.15751
-1.13024
-9.53165
-5.29599
-5.86307
-9.73868
-11.3538
-11.6979
-12.2163
-12.9436
-13.952
-15.3715
-17.4375
-20.6091
-25.9707
-36.1387
-39.3665
-28.2589
-14.6864
-8.93502
-5.9013
-4.08066
-3.98505
-3.93359
-3.56336
-2.83763
-2.2266
-1.92589
-1.74455
-1.67241
-1.64656
-1.63821
-1.63103
-1.62477
-1.63542
-1.6919
-1.83568
-2.116
-2.5569
-3.08006
-3.58153
-3.85761
-3.88205
-3.67723
-0.869728
-8.39905e-05
-7.17962e-05
-1.14931
-2.59396
-2.83894
-2.90933
-2.66194
-2.10099
-1.55188
-1.13978
-0.872367
-0.707587
-0.606123
-0.539103
-0.489985
-0.453066
-0.431975
-0.441126
-0.510642
-0.691674
-1.12486
-1.87789
-2.84516
-3.63835
-3.8834
-3.91722
-4.71507
-8.53867
-16.1829
-38.8114
-60.3973
-51.1121
-31.5019
-22.88
-18.5787
-16.0473
-14.4098
-13.2904
-12.5062
-11.9646
-11.6231
-10.0083
-6.03054
-5.36565
-10.5074
-0.816583
-1.10579
-2.67431
-3.43334
-3.81909
-3.96771
-3.96771
-3.81909
-3.43334
-2.67431
-1.10579
-0.816583
-10.5074
-5.36565
-6.03054
-10.0083
-11.6231
-11.9646
-12.5062
-13.2904
-14.4098
-16.0473
-18.5787
-22.88
-31.5019
-51.1121
-60.3973
-38.8114
-16.1829
-8.53867
-4.71507
-3.91722
-3.8834
-3.63835
-2.84516
-1.87789
-1.12486
-0.691674
-0.510642
-0.441126
-0.431975
-0.453066
-0.489985
-0.539103
-0.606123
-0.707587
-0.872367
-1.13978
-1.55188
-2.10099
-2.66194
-2.90933
-2.83894
-2.59396
-1.14931
-7.17962e-05
