-0.464166
-1.18013
-2.71325
-4.98766
-8.0372
-11.9061
-16.6518
-22.3473
-29.0847
-36.979
-46.1737
-56.848
-69.2269
-83.5949
-100.315
-119.858
-142.839
-170.08
-202.703
-242.274
-291.048
-352.388
-431.542
-537.162
-684.599
-903.948
-1263.84
-1969.88
-4100.98
-6015.37
-4851.3
-2790.28
-1914.46
-1482.98
-1230.16
-1065.73
-951.134
-867.326
-803.885
-754.655
-715.78
-684.731
-659.785
-639.738
-623.732
-611.146
-601.534
-594.574
-590.048
-587.819
-587.819
-590.048
-594.574
-601.534
-611.146
-623.732
-639.738
-659.785
-684.731
-715.78
-754.655
-803.885
-867.326
-951.134
-1065.73
-1230.16
-1482.98
-1914.46
-2790.28
-4851.3
-6015.37
-4100.98
-1969.88
-1263.84
-903.948
-684.599
-537.162
-431.542
-352.388
-291.048
-242.274
-202.703
-170.08
-142.839
-119.858
-100.315
-83.5949
-69.2269
-56.848
-46.1737
-36.979
-29.0847
-22.3473
-16.6518
-11.9061
-8.0372
-4.98766
-2.71325
-1.18013
-0.464166
-0.596309
-1.30708
-2.83595
-5.10388
-8.14336
-11.9981
-16.7251
-22.3964
-29.103
-36.9583
-46.1033
-56.7142
-69.0115
-83.2736
-99.8546
-119.211
-141.938
-168.828
-200.952
-239.791
-287.458
-347.052
-423.305
-523.793
-661.376
-859.638
-1166.82
-1702.73
-2951.24
-3876.27
-3373.22
-2265.69
-1705.77
-1380.99
-1171.38
-1027.17
-923.196
-845.509
-785.864
-739.129
-701.968
-672.137
-648.079
-628.691
-613.177
-600.958
-591.614
-584.843
-580.437
-578.265
-578.265
-580.437
-584.843
-591.614
-600.958
-613.177
-628.691
-648.079
-672.137
-701.968
-739.129
-785.864
-845.509
-923.196
-1027.17
-1171.38
-1380.99
-1705.77
-2265.69
-3373.22
-3876.27
-2951.24
-1702.73
-1166.82
-859.638
-661.376
-523.793
-423.305
-347.052
-287.458
-239.791
-200.952
-168.828
-141.938
-119.211
-99.8546
-83.2736
-69.0115
-56.7142
-46.1033
-36.9583
-29.103
-22.3964
-16.7251
-11.9981
-8.14336
-5.10388
-2.83595
-1.30708
-0.596309
-0.89842
-1.60269
-3.11992
-5.37161
-8.38806
-12.2117
-16.8977
-22.5166
-29.1566
-36.9273
-45.965
-56.4389
-68.5603
-82.5941
-98.8753
-117.832
-140.019
-166.161
-197.229
-234.539
-279.915
-335.952
-406.432
-497.028
-616.495
-778.661
-1005.34
-1327.21
-1752.09
-2021.07
-1929.83
-1647.21
-1407.07
-1215.12
-1068.64
-957.434
-872.127
-805.726
-753.296
-711.391
-677.587
-650.158
-627.857
-609.774
-595.236
-583.744
-574.932
-568.534
-564.364
-562.308
-562.308
-564.364
-568.534
-574.932
-583.744
-595.236
-609.774
-627.857
-650.158
-677.587
-711.391
-753.296
-805.726
-872.127
-957.434
-1068.64
-1215.12
-1407.07
-1647.21
-1929.83
-2021.07
-1752.09
-1327.21
-1005.34
-778.661
-616.495
-497.028
-406.432
-335.952
-279.915
-234.539
-197.229
-166.161
-140.019
-117.832
-98.8753
-82.5941
-68.5603
-56.4389
-45.965
-36.9273
-29.1566
-22.5166
-16.8977
-12.2117
-8.38806
-5.37161
-3.11992
-1.60269
-0.89842
-1.36857
-2.06336
-3.56217
-5.78807
-8.76951
-12.5468
-17.1729
-22.7153
-29.2582
-36.9062
-45.7885
-56.0647
-67.9328
-81.6389
-97.4918
-115.881
-137.305
-162.404
-192.015
-227.242
-269.564
-320.983
-384.233
-463.054
-562.467
-688.792
-848.317
-1041.16
-1241.76
-1368.48
-1366.22
-1275
-1162.21
-1052.91
-957.298
-877.378
-811.769
-758.168
-714.332
-678.375
-648.801
-624.447
-604.421
-588.039
-574.778
-564.241
-556.129
-550.222
-546.365
-544.461
-544.461
-546.365
-550.222
-556.129
-564.241
-574.778
-588.039
-604.421
-624.447
-648.801
-678.375
-714.332
-758.168
-811.769
-877.378
-957.298
-1052.91
-1162.21
-1275
-1366.22
-1368.48
-1241.76
-1041.16
-848.317
-688.792
-562.467
-463.054
-384.233
-320.983
-269.564
-227.242
-192.015
-162.404
-137.305
-115.881
-97.4918
-81.6389
-67.9328
-56.0647
-45.7885
-36.9062
-29.2582
-22.7153
-17.1729
-12.5468
-8.76951
-5.78807
-3.56217
-2.06336
-1.36857
-1.9901
-2.6735
-4.14876
-6.34038
-9.27533
-12.9916
-17.5393
-22.9821
-29.3993
-36.8889
-45.5713
-55.5943
-67.1395
-80.4307
-95.7449
-113.427
-133.909
-157.736
-185.599
-218.378
-257.2
-303.498
-359.074
-426.107
-507.003
-603.794
-716.465
-839.174
-954.281
-1031.28
-1050.95
-1023.24
-971.186
-910.617
-850.736
-795.978
-747.899
-706.575
-671.452
-641.78
-616.813
-595.885
-578.436
-564.005
-552.224
-542.801
-535.51
-530.18
-526.692
-524.967
-524.967
-526.692
-530.18
-535.51
-542.801
-552.224
-564.005
-578.436
-595.885
-616.813
-641.78
-671.452
-706.575
-747.899
-795.978
-850.736
-910.617
-971.186
-1023.24
-1050.95
-1031.28
-954.281
-839.174
-716.465
-603.794
-507.003
-426.107
-359.074
-303.498
-257.2
-218.378
-185.599
-157.736
-133.909
-113.427
-95.7449
-80.4307
-67.1395
-55.5943
-45.5713
-36.8889
-29.3993
-22.9821
-17.5393
-12.9916
-9.27533
-6.34038
-4.14876
-2.6735
-1.9901
-2.74418
-3.41436
-4.86143
-7.01116
-9.88896
-13.5304
-17.9823
-23.3039
-29.5688
-36.8674
-45.3099
-55.0307
-66.1932
-78.996
-93.682
-110.548
-129.957
-152.356
-178.293
-208.438
-243.599
-284.734
-332.923
-389.268
-454.635
-529.077
-610.757
-694.324
-769.605
-823.444
-847.663
-844.528
-822.69
-790.599
-754.529
-718.467
-684.611
-653.969
-626.856
-603.214
-582.817
-565.378
-550.607
-538.236
-528.037
-519.815
-513.414
-508.716
-505.631
-504.102
-504.102
-505.631
-508.716
-513.414
-519.815
-528.037
-538.236
-550.607
-565.378
-582.817
-603.214
-626.856
-653.969
-684.611
-718.467
-754.529
-790.599
-822.69
-844.528
-847.663
-823.444
-769.605
-694.324
-610.757
-529.077
-454.635
-389.268
-332.923
-284.734
-243.599
-208.438
-178.293
-152.356
-129.957
-110.548
-93.682
-78.996
-66.1932
-55.0307
-45.3099
-36.8674
-29.5688
-23.3039
-17.9823
-13.5304
-9.88896
-7.01116
-4.86143
-3.41436
-2.74418
-3.60945
-4.26454
-5.67906
-7.77986
-10.5907
-14.1446
-18.4846
-23.6653
-29.7538
-36.8323
-45.0001
-54.3771
-65.1073
-77.3637
-91.3537
-107.326
-125.578
-146.463
-170.399
-197.872
-229.431
-265.67
-307.165
-354.36
-407.331
-465.401
-526.58
-586.995
-640.833
-681.685
-705.489
-712.463
-706.052
-690.611
-670.04
-647.295
-624.367
-602.467
-582.255
-564.032
-547.883
-533.776
-521.618
-511.294
-502.686
-495.686
-490.201
-486.153
-483.486
-482.163
-482.163
-483.486
-486.153
-490.201
-495.686
-502.686
-511.294
-521.618
-533.776
-547.883
-564.032
-582.255
-602.467
-624.367
-647.295
-670.04
-690.611
-706.052
-712.463
-705.489
-681.685
-640.833
-586.995
-526.58
-465.401
-407.331
-354.36
-307.165
-265.67
-229.431
-197.872
-170.399
-146.463
-125.578
-107.326
-91.3537
-77.3637
-65.1073
-54.3771
-45.0001
-36.8323
-29.7538
-23.6653
-18.4846
-14.1446
-10.5907
-7.77986
-5.67906
-4.26454
-3.60945
-4.56244
-5.2006
-6.57843
-8.62384
-11.3588
-14.8134
-19.0271
-24.0491
-29.9401
-36.7735
-44.6374
-53.6367
-63.8961
-75.5628
-88.8104
-103.842
-120.893
-140.236
-162.176
-187.051
-215.211
-246.991
-282.646
-322.251
-365.536
-411.662
-458.965
-504.806
-545.753
-578.354
-600.342
-611.42
-612.995
-607.311
-596.712
-583.225
-568.413
-553.38
-538.852
-525.272
-512.885
-501.81
-492.084
-483.699
-476.622
-470.811
-466.222
-462.818
-460.566
-459.446
-459.446
-460.566
-462.818
-466.222
-470.811
-476.622
-483.699
-492.084
-501.81
-512.885
-525.272
-538.852
-553.38
-568.413
-583.225
-596.712
-607.311
-612.995
-611.42
-600.342
-578.354
-545.753
-504.806
-458.965
-411.662
-365.536
-322.251
-282.646
-246.991
-215.211
-187.051
-162.176
-140.236
-120.893
-103.842
-88.8104
-75.5628
-63.8961
-53.6367
-44.6374
-36.7735
-29.9401
-24.0491
-19.0271
-14.8134
-11.3588
-8.62384
-6.57843
-5.2006
-4.56244
-5.57833
-6.19783
-7.53511
-9.51924
-12.1701
-15.5152
-19.5897
-24.4377
-30.1132
-36.6807
-44.2169
-52.8124
-62.573
-73.6214
-86.0994
-100.169
-116.012
-133.83
-153.839
-176.261
-201.303
-229.125
-259.793
-293.197
-328.952
-366.276
-403.89
-440.009
-472.522
-499.41
-519.295
-531.797
-537.478
-537.506
-533.272
-526.12
-517.198
-507.407
-497.41
-487.671
-478.496
-470.078
-462.53
-455.913
-450.253
-445.555
-441.815
-439.023
-437.168
-436.243
-436.243
-437.168
-439.023
-441.815
-445.555
-450.253
-455.913
-462.53
-470.078
-478.496
-487.671
-497.41
-507.407
-517.198
-526.12
-533.272
-537.506
-537.478
-531.797
-519.295
-499.41
-472.522
-440.009
-403.89
-366.276
-328.952
-293.197
-259.793
-229.125
-201.303
-176.261
-153.839
-133.83
-116.012
-100.169
-86.0994
-73.6214
-62.573
-52.8124
-44.2169
-36.6807
-30.1132
-24.4377
-19.5897
-15.5152
-12.1701
-9.51924
-7.53511
-6.19783
-5.57833
-6.63172
-7.23099
-8.52422
-10.4418
-13.0016
-16.2279
-20.1522
-24.8134
-30.2584
-36.5434
-43.7342
-51.9073
-61.1508
-71.5651
-83.2635
-96.3716
-111.026
-127.371
-145.553
-165.706
-187.939
-212.305
-238.762
-267.123
-296.995
-327.72
-358.343
-387.643
-414.264
-436.947
-454.801
-467.477
-475.177
-478.51
-478.301
-475.429
-470.707
-464.831
-458.357
-451.708
-445.194
-439.034
-433.377
-428.323
-423.933
-420.246
-417.282
-415.055
-413.568
-412.824
-412.824
-413.568
-415.055
-417.282
-420.246
-423.933
-428.323
-433.377
-439.034
-445.194
-451.708
-458.357
-464.831
-470.707
-475.429
-478.301
-478.51
-475.177
-467.477
-454.801
-436.947
-414.264
-387.643
-358.343
-327.72
-296.995
-267.123
-238.762
-212.305
-187.939
-165.706
-145.553
-127.371
-111.026
-96.3716
-83.2635
-71.5651
-61.1508
-51.9073
-43.7342
-36.5434
-30.2584
-24.8134
-20.1522
-16.2279
-13.0016
-10.4418
-8.52422
-7.23099
-6.63172
-7.69747
-8.27508
-9.52121
-11.3676
-13.8301
-16.9302
-20.6952
-25.159
-30.362
-36.3522
-43.185
-50.9239
-59.6411
-69.4168
-80.3394
-92.5039
-106.009
-120.955
-137.433
-155.519
-175.254
-196.627
-219.543
-243.794
-269.024
-294.703
-320.12
-344.427
-366.718
-386.165
-402.164
-414.424
-422.989
-428.174
-430.471
-430.449
-428.676
-425.672
-421.88
-417.661
-413.298
-409.008
-404.95
-401.239
-397.958
-395.163
-392.892
-391.171
-390.016
-389.436
-389.436
-390.016
-391.171
-392.892
-395.163
-397.958
-401.239
-404.95
-409.008
-413.298
-417.661
-421.88
-425.672
-428.676
-430.449
-430.471
-428.174
-422.989
-414.424
-402.164
-386.165
-366.718
-344.427
-320.12
-294.703
-269.024
-243.794
-219.543
-196.627
-175.254
-155.519
-137.433
-120.955
-106.009
-92.5039
-80.3394
-69.4168
-59.6411
-50.9239
-43.185
-36.3522
-30.362
-25.159
-20.6952
-16.9302
-13.8301
-11.3676
-9.52121
-8.27508
-7.69747
-8.75136
-9.30612
-10.5025
-12.2739
-14.6341
-17.6016
-21.2001
-25.4585
-30.4112
-36.0982
-42.5655
-49.865
-58.0543
-67.1962
-77.358
-88.6091
-101.019
-114.652
-129.561
-145.779
-163.308
-182.098
-202.035
-222.917
-244.439
-266.179
-287.611
-308.127
-327.105
-343.977
-358.316
-369.889
-378.67
-384.82
-388.63
-390.469
-390.73
-389.795
-388.006
-385.659
-382.999
-380.223
-377.485
-374.903
-372.565
-370.538
-368.869
-367.591
-366.728
-366.293
-366.293
-366.728
-367.591
-368.869
-370.538
-372.565
-374.903
-377.485
-380.223
-382.999
-385.659
-388.006
-389.795
-390.73
-390.469
-388.63
-384.82
-378.67
-369.889
-358.316
-343.977
-327.105
-308.127
-287.611
-266.179
-244.439
-222.917
-202.035
-182.098
-163.308
-145.779
-129.561
-114.652
-101.019
-88.6091
-77.358
-67.1962
-58.0543
-49.865
-42.5655
-36.0982
-30.4112
-25.4585
-21.2001
-17.6016
-14.6341
-12.2739
-10.5025
-9.30612
-8.75136
-9.77074
-10.3017
-11.4463
-13.1396
-15.3934
-18.2237
-21.6504
-25.6978
-30.3946
-35.7738
-41.8728
-48.733
-56.3994
-64.92
-74.3442
-84.7212
-96.0967
-108.509
-121.984
-136.527
-152.112
-168.675
-186.097
-204.196
-222.715
-241.323
-259.622
-277.174
-293.534
-308.302
-321.166
-331.94
-340.573
-347.138
-351.81
-354.827
-356.461
-356.985
-356.664
-355.731
-354.391
-352.816
-351.144
-349.488
-347.936
-346.555
-345.397
-344.499
-343.887
-343.577
-343.577
-343.887
-344.499
-345.397
-346.555
-347.936
-349.488
-351.144
-352.816
-354.391
-355.731
-356.664
-356.985
-356.461
-354.827
-351.81
-347.138
-340.573
-331.94
-321.166
-308.302
-293.534
-277.174
-259.622
-241.323
-222.715
-204.196
-186.097
-168.675
-152.112
-136.527
-121.984
-108.509
-96.0967
-84.7212
-74.3442
-64.92
-56.3994
-48.733
-41.8728
-35.7738
-30.3946
-25.6978
-21.6504
-18.2237
-15.3934
-13.1396
-11.4463
-10.3017
-9.77074
-10.735
-11.2414
-12.3326
-13.9455
-16.0902
-18.7798
-22.0312
-25.8644
-30.3028
-35.373
-41.1048
-47.5305
-54.6843
-62.6018
-71.3178
-80.8654
-91.2723
-102.558
-114.729
-127.772
-141.649
-156.288
-171.576
-187.353
-203.408
-219.479
-235.264
-250.439
-264.678
-277.69
-289.244
-299.19
-307.47
-314.111
-319.217
-322.94
-325.467
-326.996
-327.725
-327.838
-327.5
-326.856
-326.028
-325.117
-324.205
-323.357
-322.623
-322.042
-321.641
-321.436
-321.436
-321.641
-322.042
-322.623
-323.357
-324.205
-325.117
-326.028
-326.856
-327.5
-327.838
-327.725
-326.996
-325.467
-322.94
-319.217
-314.111
-307.47
-299.19
-289.244
-277.69
-264.678
-250.439
-235.264
-219.479
-203.408
-187.353
-171.576
-156.288
-141.649
-127.772
-114.729
-102.558
-91.2723
-80.8654
-71.3178
-62.6018
-54.6843
-47.5305
-41.1048
-35.373
-30.3028
-25.8644
-22.0312
-18.7798
-16.0902
-13.9455
-12.3326
-11.2414
-10.735
-11.626
-12.1074
-13.144
-14.6751
-16.7087
-19.2559
-22.3303
-25.948
-30.1279
-34.891
-40.2603
-46.2602
-52.916
-60.2529
-68.2942
-77.0603
-86.5655
-96.8157
-107.804
-119.508
-131.881
-144.853
-158.319
-172.143
-186.15
-200.134
-213.861
-227.088
-239.572
-251.095
-261.483
-270.615
-278.433
-284.942
-290.198
-294.301
-297.379
-299.574
-301.033
-301.899
-302.304
-302.367
-302.191
-301.865
-301.463
-301.044
-300.656
-300.335
-300.106
-299.988
-299.988
-300.106
-300.335
-300.656
-301.044
-301.463
-301.865
-302.191
-302.367
-302.304
-301.899
-301.033
-299.574
-297.379
-294.301
-290.198
-284.942
-278.433
-270.615
-261.483
-251.095
-239.572
-227.088
-213.861
-200.134
-186.15
-172.143
-158.319
-144.853
-131.881
-119.508
-107.804
-96.8157
-86.5655
-77.0603
-68.2942
-60.2529
-52.916
-46.2602
-40.2603
-34.891
-30.1279
-25.948
-22.3303
-19.2559
-16.7087
-14.6751
-13.144
-12.1074
-11.626
-12.4284
-12.8844
-13.8659
-15.3143
-17.2362
-19.6403
-22.5375
-25.9407
-29.8644
-34.3248
-39.339
-44.9251
-51.1006
-57.8825
-65.285
-73.3187
-81.9883
-91.29
-101.209
-111.716
-122.764
-134.285
-146.187
-158.351
-170.637
-182.878
-194.893
-206.496
-217.502
-227.747
-237.094
-245.446
-252.751
-258.999
-264.221
-268.48
-271.864
-274.474
-276.42
-277.81
-278.749
-279.334
-279.65
-279.774
-279.768
-279.687
-279.573
-279.46
-279.371
-279.322
-279.322
-279.371
-279.46
-279.573
-279.687
-279.768
-279.774
-279.65
-279.334
-278.749
-277.81
-276.42
-274.474
-271.864
-268.48
-264.221
-258.999
-252.751
-245.446
-237.094
-227.747
-217.502
-206.496
-194.893
-182.878
-170.637
-158.351
-146.187
-134.285
-122.764
-111.716
-101.209
-91.29
-81.9883
-73.3187
-65.285
-57.8825
-51.1006
-44.9251
-39.339
-34.3248
-29.8644
-25.9407
-22.5375
-19.6403
-17.2362
-15.3143
-13.8659
-12.8844
-12.4284
-13.1294
-13.56
-14.4864
-15.8521
-17.6624
-19.924
-22.6455
-25.8366
-29.5084
-33.6727
-38.3419
-43.5284
-49.2438
-55.4982
-62.2989
-69.6494
-77.5471
-85.982
-94.9344
-104.372
-114.249
-124.502
-135.05
-145.794
-156.616
-167.384
-177.956
-188.185
-197.93
-207.063
-215.478
-223.096
-229.869
-235.782
-240.85
-245.112
-248.627
-251.469
-253.717
-255.454
-256.763
-257.721
-258.397
-258.856
-259.151
-259.328
-259.427
-259.475
-259.495
-259.502
-259.502
-259.495
-259.475
-259.427
-259.328
-259.151
-258.856
-258.397
-257.721
-256.763
-255.454
-253.717
-251.469
-248.627
-245.112
-240.85
-235.782
-229.869
-223.096
-215.478
-207.063
-197.93
-188.185
-177.956
-167.384
-156.616
-145.794
-135.05
-124.502
-114.249
-104.372
-94.9344
-85.982
-77.5471
-69.6494
-62.2989
-55.4982
-49.2438
-43.5284
-38.3419
-33.6727
-29.5084
-25.8366
-22.6455
-19.924
-17.6624
-15.8521
-14.4864
-13.56
-13.1294
-13.7195
-14.1248
-14.9963
-16.28
-17.9797
-20.1006
-22.649
-25.6322
-29.058
-32.9347
-37.2707
-42.0738
-47.3507
-53.1064
-59.3427
-66.0578
-73.2443
-80.8881
-88.9668
-97.4478
-106.287
-115.427
-124.798
-134.315
-143.882
-153.391
-162.729
-171.782
-180.438
-188.597
-196.174
-203.106
-209.35
-214.889
-219.727
-223.888
-227.412
-230.351
-232.764
-234.714
-236.264
-237.474
-238.404
-239.103
-239.618
-239.988
-240.245
-240.416
-240.519
-240.567
-240.567
-240.519
-240.416
-240.245
-239.988
-239.618
-239.103
-238.404
-237.474
-236.264
-234.714
-232.764
-230.351
-227.412
-223.888
-219.727
-214.889
-209.35
-203.106
-196.174
-188.597
-180.438
-171.782
-162.729
-153.391
-143.882
-134.315
-124.798
-115.427
-106.287
-97.4478
-88.9668
-80.8881
-73.2443
-66.0578
-59.3427
-53.1064
-47.3507
-42.0738
-37.2707
-32.9347
-29.058
-25.6322
-22.649
-20.1006
-17.9797
-16.28
-14.9963
-14.1248
-13.7195
-14.1916
-14.5721
-15.3895
-16.5922
-18.1832
-20.1661
-22.5454
-25.3259
-28.5131
-32.1122
-36.1283
-40.5655
-45.4266
-50.7126
-56.4214
-62.5473
-69.0797
-76.0021
-83.2909
-90.9144
-98.8314
-106.991
-115.332
-123.782
-132.262
-140.685
-148.959
-156.994
-164.7
-171.999
-178.822
-185.117
-190.847
-195.994
-200.557
-204.548
-207.996
-210.937
-213.413
-215.472
-217.162
-218.532
-219.628
-220.491
-221.16
-221.667
-222.039
-222.299
-222.463
-222.543
-222.543
-222.463
-222.299
-222.039
-221.667
-221.16
-220.491
-219.628
-218.532
-217.162
-215.472
-213.413
-210.937
-207.996
-204.548
-200.557
-195.994
-190.847
-185.117
-178.822
-171.999
-164.7
-156.994
-148.959
-140.685
-132.262
-123.782
-115.332
-106.991
-98.8314
-90.9144
-83.2909
-76.0021
-69.0797
-62.5473
-56.4214
-50.7126
-45.4266
-40.5655
-36.1283
-32.1122
-28.5131
-25.3259
-22.5454
-20.1661
-18.1832
-16.5922
-15.3895
-14.5721
-14.1916
-14.5417
-14.8977
-15.6621
-16.7857
-18.2705
-20.1189
-22.3338
-24.9182
-27.8753
-31.2079
-34.9184
-39.008
-43.4766
-48.3219
-53.5391
-59.1198
-65.0513
-71.3161
-77.8905
-84.7442
-91.8394
-99.1309
-106.565
-114.082
-121.616
-129.093
-136.441
-143.587
-150.459
-156.993
-163.135
-168.84
-174.078
-178.831
-183.093
-186.873
-190.186
-193.06
-195.524
-197.615
-199.371
-200.827
-202.022
-202.988
-203.757
-204.355
-204.805
-205.127
-205.334
-205.435
-205.435
-205.334
-205.127
-204.805
-204.355
-203.757
-202.988
-202.022
-200.827
-199.371
-197.615
-195.524
-193.06
-190.186
-186.873
-183.093
-178.831
-174.078
-168.84
-163.135
-156.993
-150.459
-143.587
-136.441
-129.093
-121.616
-114.082
-106.565
-99.1309
-91.8394
-84.7442
-77.8905
-71.3161
-65.0513
-59.1198
-53.5391
-48.3219
-43.4766
-39.008
-34.9184
-31.2079
-27.8753
-24.9182
-22.3338
-20.1189
-18.2705
-16.7857
-15.6621
-14.8977
-14.5417
-14.7681
-15.1003
-15.8131
-16.8597
-18.2415
-19.9596
-22.0157
-24.4113
-27.1477
-30.2258
-33.6457
-37.4065
-41.5057
-45.9389
-50.699
-55.7762
-61.1565
-66.822
-72.7496
-78.911
-85.2719
-91.7921
-98.4258
-105.121
-111.823
-118.473
-125.009
-131.372
-137.506
-143.358
-148.883
-154.044
-158.816
-163.181
-167.132
-170.673
-173.814
-176.573
-178.973
-181.04
-182.803
-184.29
-185.53
-186.551
-187.377
-188.03
-188.529
-188.89
-189.124
-189.239
-189.239
-189.124
-188.89
-188.529
-188.03
-187.377
-186.551
-185.53
-184.29
-182.803
-181.04
-178.973
-176.573
-173.814
-170.673
-167.132
-163.181
-158.816
-154.044
-148.883
-143.358
-137.506
-131.372
-125.009
-118.473
-111.823
-105.121
-98.4258
-91.7921
-85.2719
-78.911
-72.7496
-66.822
-61.1565
-55.7762
-50.699
-45.9389
-41.5057
-37.4065
-33.6457
-30.2258
-27.1477
-24.4113
-22.0157
-19.9596
-18.2415
-16.8597
-15.8131
-15.1003
-14.7681
-14.8714
-15.1806
-15.8434
-16.8157
-18.098
-19.6907
-21.5943
-23.809
-26.3347
-29.1708
-32.3156
-35.7666
-39.5194
-43.5681
-47.9043
-52.517
-57.392
-62.5113
-67.8529
-73.3907
-79.0937
-84.9265
-90.8493
-96.8184
-102.787
-108.706
-114.526
-120.197
-125.674
-130.914
-135.879
-140.54
-144.872
-148.862
-152.501
-155.791
-158.736
-161.349
-163.647
-165.649
-167.376
-168.852
-170.097
-171.135
-171.984
-172.663
-173.187
-173.569
-173.818
-173.941
-173.941
-173.818
-173.569
-173.187
-172.663
-171.984
-171.135
-170.097
-168.852
-167.376
-165.649
-163.647
-161.349
-158.736
-155.791
-152.501
-148.862
-144.872
-140.54
-135.879
-130.914
-125.674
-120.197
-114.526
-108.706
-102.787
-96.8184
-90.8493
-84.9265
-79.0937
-73.3907
-67.8529
-62.5113
-57.392
-52.517
-47.9043
-43.5681
-39.5194
-35.7666
-32.3156
-29.1708
-26.3347
-23.809
-21.5943
-19.6907
-18.098
-16.8157
-15.8434
-15.1806
-14.8714
-14.8545
-15.1415
-15.7563
-16.657
-17.8438
-19.3163
-21.0741
-23.1164
-25.442
-28.0489
-30.9343
-34.0941
-37.5231
-41.214
-45.1578
-49.3427
-53.7546
-58.376
-63.1864
-68.1616
-73.2739
-78.492
-83.7815
-89.105
-94.4231
-99.6948
-104.879
-109.935
-114.825
-119.514
-123.971
-128.17
-132.092
-135.723
-139.056
-142.089
-144.825
-147.272
-149.443
-151.351
-153.013
-154.445
-155.666
-156.692
-157.539
-158.221
-158.751
-159.14
-159.395
-159.521
-159.521
-159.395
-159.14
-158.751
-158.221
-157.539
-156.692
-155.666
-154.445
-153.013
-151.351
-149.443
-147.272
-144.825
-142.089
-139.056
-135.723
-132.092
-128.17
-123.971
-119.514
-114.825
-109.935
-104.879
-99.6948
-94.4231
-89.105
-83.7815
-78.492
-73.2739
-68.1616
-63.1864
-58.376
-53.7546
-49.3427
-45.1578
-41.214
-37.5231
-34.0941
-30.9343
-28.0489
-25.442
-23.1164
-21.0741
-19.3163
-17.8438
-16.657
-15.7563
-15.1415
-14.8545
-14.7219
-14.9877
-15.5564
-16.3887
-17.4843
-18.8422
-20.4612
-22.3399
-24.4761
-26.8668
-29.5083
-32.3956
-35.5226
-38.8813
-42.4622
-46.2536
-50.2414
-54.4091
-58.7374
-63.2043
-67.785
-72.4521
-77.1755
-81.9234
-86.6621
-91.3576
-95.9752
-100.482
-104.845
-109.037
-113.031
-116.806
-120.346
-123.637
-126.673
-129.451
-131.973
-134.243
-136.27
-138.065
-139.639
-141.006
-142.18
-143.173
-143.998
-144.666
-145.189
-145.573
-145.826
-145.951
-145.951
-145.826
-145.573
-145.189
-144.666
-143.998
-143.173
-142.18
-141.006
-139.639
-138.065
-136.27
-134.243
-131.973
-129.451
-126.673
-123.637
-120.346
-116.806
-113.031
-109.037
-104.845
-100.482
-95.9752
-91.3576
-86.6621
-81.9234
-77.1755
-72.4521
-67.785
-63.2043
-58.7374
-54.4091
-50.2414
-46.2536
-42.4622
-38.8813
-35.5226
-32.3956
-29.5083
-26.8668
-24.4761
-22.3399
-20.4612
-18.8422
-17.4843
-16.3887
-15.5564
-14.9877
-14.7219
-14.4797
-14.7253
-15.2501
-16.0174
-17.0261
-18.2752
-19.7628
-21.4868
-23.4444
-25.6319
-28.0448
-30.6777
-33.5237
-36.5747
-39.8208
-43.2504
-46.85
-50.604
-54.4945
-58.5017
-62.6033
-66.7751
-70.9912
-75.224
-79.4451
-83.6255
-87.7365
-91.7502
-95.6401
-99.3822
-102.955
-106.34
-109.524
-112.495
-115.247
-117.777
-120.084
-122.172
-124.047
-125.716
-127.188
-128.475
-129.585
-130.529
-131.318
-131.96
-132.464
-132.836
-133.08
-133.202
-133.202
-133.08
-132.836
-132.464
-131.96
-131.318
-130.529
-129.585
-128.475
-127.188
-125.716
-124.047
-122.172
-120.084
-117.777
-115.247
-112.495
-109.524
-106.34
-102.955
-99.3822
-95.6401
-91.7502
-87.7365
-83.6255
-79.4451
-75.224
-70.9912
-66.7751
-62.6033
-58.5017
-54.4945
-50.604
-46.85
-43.2504
-39.8208
-36.5747
-33.5237
-30.6777
-28.0448
-25.6319
-23.4444
-21.4868
-19.7628
-18.2752
-17.0261
-16.0174
-15.2501
-14.7253
-14.4797
-14.1355
-14.3619
-14.8451
-15.5506
-16.4772
-17.6234
-18.987
-20.5653
-22.3551
-24.3522
-26.5516
-28.9475
-31.5328
-34.299
-37.2364
-40.3338
-43.5783
-46.9551
-50.4481
-54.039
-57.708
-61.4339
-65.1941
-68.9648
-72.7218
-76.4407
-80.097
-83.6676
-87.1304
-90.465
-93.6538
-96.6813
-99.5353
-102.206
-104.688
-106.978
-109.075
-110.981
-112.699
-114.236
-115.598
-116.793
-117.83
-118.715
-119.457
-120.064
-120.541
-120.894
-121.126
-121.242
-121.242
-121.126
-120.894
-120.541
-120.064
-119.457
-118.715
-117.83
-116.793
-115.598
-114.236
-112.699
-110.981
-109.075
-106.978
-104.688
-102.206
-99.5353
-96.6813
-93.6538
-90.465
-87.1304
-83.6676
-80.097
-76.4407
-72.7218
-68.9648
-65.1941
-61.4339
-57.708
-54.039
-50.4481
-46.9551
-43.5783
-40.3338
-37.2364
-34.299
-31.5328
-28.9475
-26.5516
-24.3522
-22.3551
-20.5653
-18.987
-17.6234
-16.4772
-15.5506
-14.8451
-14.3619
-14.1355
-13.6978
-13.906
-14.3498
-14.997
-15.8462
-16.8955
-18.1424
-19.5841
-21.2167
-23.036
-25.0365
-27.2123
-29.556
-32.0593
-34.7126
-37.5053
-40.4249
-43.458
-46.5896
-49.8032
-53.0813
-56.4051
-59.7548
-63.11
-66.45
-69.754
-73.0014
-76.1727
-79.2493
-82.2144
-85.0529
-87.7519
-90.301
-92.6921
-94.9197
-96.9804
-98.8734
-100.6
-102.162
-103.564
-104.811
-105.909
-106.865
-107.684
-108.373
-108.937
-109.382
-109.712
-109.93
-110.038
-110.038
-109.93
-109.712
-109.382
-108.937
-108.373
-107.684
-106.865
-105.909
-104.811
-103.564
-102.162
-100.6
-98.8734
-96.9804
-94.9197
-92.6921
-90.301
-87.7519
-85.0529
-82.2144
-79.2493
-76.1727
-73.0014
-69.754
-66.45
-63.11
-59.7548
-56.4051
-53.0813
-49.8032
-46.5896
-43.458
-40.4249
-37.5053
-34.7126
-32.0593
-29.556
-27.2123
-25.0365
-23.036
-21.2167
-19.5841
-18.1424
-16.8955
-15.8462
-14.997
-14.3498
-13.906
-13.6978
-13.1759
-13.367
-13.7738
-14.3662
-15.1426
-16.1009
-17.2386
-18.5523
-20.0383
-21.6919
-23.5076
-25.4793
-27.5997
-29.8606
-32.2529
-34.7662
-37.389
-40.1087
-42.9118
-45.7834
-48.7077
-51.6683
-54.6479
-57.6289
-60.5935
-63.5238
-66.4027
-69.2135
-71.9406
-74.57
-77.089
-79.4867
-81.7544
-83.885
-85.8737
-87.7176
-89.4154
-90.9676
-92.376
-93.6438
-94.7747
-95.7733
-96.6444
-97.3932
-98.0244
-98.5426
-98.9519
-99.2557
-99.4568
-99.5568
-99.5568
-99.4568
-99.2557
-98.9519
-98.5426
-98.0244
-97.3932
-96.6444
-95.7733
-94.7747
-93.6438
-92.376
-90.9676
-89.4154
-87.7176
-85.8737
-83.885
-81.7544
-79.4867
-77.089
-74.57
-71.9406
-69.2135
-66.4027
-63.5238
-60.5935
-57.6289
-54.6479
-51.6683
-48.7077
-45.7834
-42.9118
-40.1087
-37.389
-34.7662
-32.2529
-29.8606
-27.5997
-25.4793
-23.5076
-21.6919
-20.0383
-18.5523
-17.2386
-16.1009
-15.1426
-14.3662
-13.7738
-13.367
-13.1759
-12.5798
-12.755
-13.127
-13.668
-14.3762
-15.2495
-16.2851
-17.4797
-18.8291
-20.3288
-21.9732
-23.7562
-25.6705
-27.7084
-29.861
-32.1184
-34.4701
-36.9044
-39.4088
-41.9701
-44.5742
-47.2065
-49.852
-52.4954
-55.1213
-57.7147
-60.2608
-62.7456
-65.1562
-67.4805
-69.708
-71.8296
-73.8379
-75.727
-77.4927
-79.1323
-80.6447
-82.03
-83.2895
-84.4256
-85.4412
-86.3399
-87.1255
-87.802
-88.3733
-88.8432
-89.2148
-89.4909
-89.6738
-89.7648
-89.7648
-89.6738
-89.4909
-89.2148
-88.8432
-88.3733
-87.802
-87.1255
-86.3399
-85.4412
-84.4256
-83.2895
-82.03
-80.6447
-79.1323
-77.4927
-75.727
-73.8379
-71.8296
-69.708
-67.4805
-65.1562
-62.7456
-60.2608
-57.7147
-55.1213
-52.4954
-49.852
-47.2065
-44.5742
-41.9701
-39.4088
-36.9044
-34.4701
-32.1184
-29.861
-27.7084
-25.6705
-23.7562
-21.9732
-20.3288
-18.8291
-17.4797
-16.2851
-15.2495
-14.3762
-13.668
-13.127
-12.755
-12.5798
-11.9201
-12.0802
-12.4198
-12.9128
-13.5574
-14.3514
-15.292
-16.3758
-17.5985
-18.9556
-20.4416
-22.0504
-23.775
-25.6079
-27.5407
-29.5642
-31.6684
-33.8426
-36.0756
-38.3554
-40.6694
-43.0048
-45.3484
-47.6869
-50.0071
-52.2962
-54.5416
-56.7315
-58.855
-60.9019
-62.8636
-64.7325
-66.5022
-68.1678
-69.726
-71.1743
-72.5117
-73.7383
-74.8551
-75.8639
-76.767
-77.5673
-78.2679
-78.8721
-79.383
-79.8036
-80.1366
-80.3843
-80.5484
-80.6301
-80.6301
-80.5484
-80.3843
-80.1366
-79.8036
-79.383
-78.8721
-78.2679
-77.5673
-76.767
-75.8639
-74.8551
-73.7383
-72.5117
-71.1743
-69.726
-68.1678
-66.5022
-64.7325
-62.8636
-60.9019
-58.855
-56.7315
-54.5416
-52.2962
-50.0071
-47.6869
-45.3484
-43.0048
-40.6694
-38.3554
-36.0756
-33.8426
-31.6684
-29.5642
-27.5407
-25.6079
-23.775
-22.0504
-20.4416
-18.9556
-17.5985
-16.3758
-15.292
-14.3514
-13.5574
-12.9128
-12.4198
-12.0802
-11.9201
-11.2072
-11.3534
-11.6628
-12.1111
-12.6966
-13.417
-14.2694
-15.2504
-16.3559
-17.5812
-18.921
-20.3694
-21.9197
-23.5646
-25.2962
-27.1058
-28.9844
-30.922
-32.9083
-34.9327
-36.9839
-39.0506
-41.1212
-43.1843
-45.2284
-47.2425
-49.216
-51.1388
-53.0018
-54.7967
-56.516
-58.1536
-59.7042
-61.1638
-62.5295
-63.7994
-64.9728
-66.0496
-67.0307
-67.9177
-68.7124
-69.4173
-70.0349
-70.5679
-71.019
-71.3906
-71.685
-71.904
-72.0492
-72.1216
-72.1216
-72.0492
-71.904
-71.685
-71.3906
-71.019
-70.5679
-70.0349
-69.4173
-68.7124
-67.9177
-67.0307
-66.0496
-64.9728
-63.7994
-62.5295
-61.1638
-59.7042
-58.1536
-56.516
-54.7967
-53.0018
-51.1388
-49.216
-47.2425
-45.2284
-43.1843
-41.1212
-39.0506
-36.9839
-34.9327
-32.9083
-30.922
-28.9844
-27.1058
-25.2962
-23.5646
-21.9197
-20.3694
-18.921
-17.5812
-16.3559
-15.2504
-14.2694
-13.417
-12.6966
-12.1111
-11.6628
-11.3534
-11.2072
-10.4521
-10.5853
-10.8666
-11.2735
-11.8042
-12.4564
-13.2272
-14.1133
-15.1105
-16.2144
-17.4197
-18.7207
-20.1111
-21.5838
-23.1315
-24.746
-26.419
-28.1414
-29.9038
-31.6965
-33.5097
-35.3333
-37.1571
-38.9712
-40.7657
-42.5312
-44.2587
-45.9397
-47.5666
-49.1323
-50.6309
-52.0571
-53.4068
-54.6767
-55.8645
-56.9689
-57.9891
-58.9255
-59.7786
-60.55
-61.2414
-61.8547
-62.3922
-62.8562
-63.2491
-63.5727
-63.8292
-64.0201
-64.1466
-64.2097
-64.2097
-64.1466
-64.0201
-63.8292
-63.5727
-63.2491
-62.8562
-62.3922
-61.8547
-61.2414
-60.55
-59.7786
-58.9255
-57.9891
-56.9689
-55.8645
-54.6767
-53.4068
-52.0571
-50.6309
-49.1323
-47.5666
-45.9397
-44.2587
-42.5312
-40.7657
-38.9712
-37.1571
-35.3333
-33.5097
-31.6965
-29.9038
-28.1414
-26.419
-24.746
-23.1315
-21.5838
-20.1111
-18.7207
-17.4197
-16.2144
-15.1105
-14.1133
-13.2272
-12.4564
-11.8042
-11.2735
-10.8666
-10.5853
-10.4521
-9.66544
-9.78668
-10.0421
-10.4106
-10.8906
-11.4799
-12.1754
-12.974
-13.8716
-14.8638
-15.9457
-17.1116
-18.3555
-19.6709
-21.0507
-22.4875
-23.9735
-25.5003
-27.0595
-28.6424
-30.2401
-31.8437
-33.4444
-35.0335
-36.6025
-38.1433
-39.6482
-41.1103
-42.5231
-43.8807
-45.1783
-46.4118
-47.5776
-48.6734
-49.6974
-50.6485
-51.5266
-52.3318
-53.0651
-53.7276
-54.3212
-54.8475
-55.3086
-55.7065
-56.0433
-56.3207
-56.5405
-56.704
-56.8124
-56.8664
-56.8664
-56.8124
-56.704
-56.5405
-56.3207
-56.0433
-55.7065
-55.3086
-54.8475
-54.3212
-53.7276
-53.0651
-52.3318
-51.5266
-50.6485
-49.6974
-48.6734
-47.5776
-46.4118
-45.1783
-43.8807
-42.5231
-41.1103
-39.6482
-38.1433
-36.6025
-35.0335
-33.4444
-31.8437
-30.2401
-28.6424
-27.0595
-25.5003
-23.9735
-22.4875
-21.0507
-19.6709
-18.3555
-17.1116
-15.9457
-14.8638
-13.8716
-12.974
-12.1754
-11.4799
-10.8906
-10.4106
-10.0421
-9.78668
-9.66544
-8.85787
-8.96806
-9.19952
-9.53278
-9.96615
-10.4974
-11.1237
-11.8419
-12.6481
-13.538
-14.5068
-15.5491
-16.6593
-17.8312
-19.0582
-20.3333
-21.6493
-22.9987
-24.3737
-25.7666
-27.1694
-28.5742
-29.9733
-31.3592
-32.7244
-34.0622
-35.366
-36.63
-37.8488
-39.0177
-40.1326
-41.1904
-42.1884
-43.1247
-43.9982
-44.8081
-45.5546
-46.2382
-46.8597
-47.4205
-47.9222
-48.3666
-48.7554
-49.0906
-49.374
-49.6072
-49.7919
-49.9292
-50.0202
-50.0655
-50.0655
-50.0202
-49.9292
-49.7919
-49.6072
-49.374
-49.0906
-48.7554
-48.3666
-47.9222
-47.4205
-46.8597
-46.2382
-45.5546
-44.8081
-43.9982
-43.1247
-42.1884
-41.1904
-40.1326
-39.0177
-37.8488
-36.63
-35.366
-34.0622
-32.7244
-31.3592
-29.9733
-28.5742
-27.1694
-25.7666
-24.3737
-22.9987
-21.6493
-20.3333
-19.0582
-17.8312
-16.6593
-15.5491
-14.5068
-13.538
-12.6481
-11.8419
-11.1237
-10.4974
-9.96615
-9.53278
-9.19952
-8.96806
-8.85787
-8.03973
-8.13976
-8.34924
-8.65009
-9.04064
-9.51872
-10.0816
-10.7262
-11.4487
-12.245
-13.1105
-14.0402
-15.0286
-16.0699
-17.1579
-18.2862
-19.4481
-20.6368
-21.8452
-23.0663
-24.2929
-25.5183
-26.7354
-27.9379
-29.1193
-30.2738
-31.396
-32.4809
-33.5242
-34.5221
-35.4713
-36.3694
-37.2144
-38.0051
-38.7407
-39.421
-40.0464
-40.6175
-41.1355
-41.6017
-42.0178
-42.3854
-42.7064
-42.9826
-43.2156
-43.4071
-43.5585
-43.671
-43.7455
-43.7825
-43.7825
-43.7455
-43.671
-43.5585
-43.4071
-43.2156
-42.9826
-42.7064
-42.3854
-42.0178
-41.6017
-41.1355
-40.6175
-40.0464
-39.421
-38.7407
-38.0051
-37.2144
-36.3694
-35.4713
-34.5221
-33.5242
-32.4809
-31.396
-30.2738
-29.1193
-27.9379
-26.7354
-25.5183
-24.2929
-23.0663
-21.8452
-20.6368
-19.4481
-18.2862
-17.1579
-16.0699
-15.0286
-14.0402
-13.1105
-12.245
-11.4487
-10.7262
-10.0816
-9.51872
-9.04064
-8.65009
-8.34924
-8.13976
-8.03973
-7.22102
-7.31175
-7.50111
-7.7723
-8.12369
-8.55317
-9.05813
-9.63549
-10.2817
-10.9928
-11.7643
-12.5915
-13.4692
-14.3919
-15.354
-16.3493
-17.3719
-18.4152
-19.4731
-20.5391
-21.6069
-22.6704
-23.7236
-24.7608
-25.7766
-26.7659
-27.7243
-28.6477
-29.5324
-30.3756
-31.1748
-31.928
-32.6341
-33.2921
-33.9019
-34.4636
-34.9779
-35.4456
-35.8681
-36.2469
-36.5836
-36.88
-37.1378
-37.3588
-37.5448
-37.6972
-37.8173
-37.9064
-37.9653
-37.9946
-37.9946
-37.9653
-37.9064
-37.8173
-37.6972
-37.5448
-37.3588
-37.1378
-36.88
-36.5836
-36.2469
-35.8681
-35.4456
-34.9779
-34.4636
-33.9019
-33.2921
-32.6341
-31.928
-31.1748
-30.3756
-29.5324
-28.6477
-27.7243
-26.7659
-25.7766
-24.7608
-23.7236
-22.6704
-21.6069
-20.5391
-19.4731
-18.4152
-17.3719
-16.3493
-15.354
-14.3919
-13.4692
-12.5915
-11.7643
-10.9928
-10.2817
-9.63549
-9.05813
-8.55317
-8.12369
-7.7723
-7.50111
-7.31175
-7.22102
-6.41133
-6.49358
-6.66461
-6.90876
-7.22449
-7.60973
-8.06195
-8.5782
-9.15506
-9.78871
-10.475
-11.2093
-11.9867
-12.8022
-13.6504
-14.5257
-15.4224
-16.3348
-17.257
-18.1834
-19.1083
-20.0262
-20.9319
-21.8204
-22.6872
-23.528
-24.339
-25.1169
-25.8588
-26.5624
-27.226
-27.8483
-28.4284
-28.9661
-29.4615
-29.9151
-30.3279
-30.7011
-31.036
-31.3344
-31.5979
-31.8285
-32.0279
-32.1978
-32.34
-32.456
-32.5471
-32.6144
-32.6588
-32.6809
-32.6809
-32.6588
-32.6144
-32.5471
-32.456
-32.34
-32.1978
-32.0279
-31.8285
-31.5979
-31.3344
-31.036
-30.7011
-30.3279
-29.9151
-29.4615
-28.9661
-28.4284
-27.8483
-27.226
-26.5624
-25.8588
-25.1169
-24.339
-23.528
-22.6872
-21.8204
-20.9319
-20.0262
-19.1083
-18.1834
-17.257
-16.3348
-15.4224
-14.5257
-13.6504
-12.8022
-11.9867
-11.2093
-10.475
-9.78871
-9.15506
-8.5782
-8.06195
-7.60973
-7.22449
-6.90876
-6.66461
-6.49358
-6.41133
-5.61979
-5.69435
-5.84873
-6.06837
-6.35174
-6.69687
-7.10132
-7.56223
-8.07634
-8.63998
-9.24917
-9.89957
-10.5866
-11.3054
-12.051
-12.8182
-13.6017
-14.3963
-15.1967
-15.9977
-16.7943
-17.5816
-18.3551
-19.1104
-19.8435
-20.551
-21.2297
-21.8769
-22.4905
-23.0687
-23.6102
-24.1143
-24.5808
-25.0096
-25.4014
-25.757
-26.0776
-26.3647
-26.6197
-26.8446
-27.0412
-27.2114
-27.3571
-27.48
-27.5819
-27.6643
-27.7286
-27.7757
-27.8067
-27.822
-27.822
-27.8067
-27.7757
-27.7286
-27.6643
-27.5819
-27.48
-27.3571
-27.2114
-27.0412
-26.8446
-26.6197
-26.3647
-26.0776
-25.757
-25.4014
-25.0096
-24.5808
-24.1143
-23.6102
-23.0687
-22.4905
-21.8769
-21.2297
-20.551
-19.8435
-19.1104
-18.3551
-17.5816
-16.7943
-15.9977
-15.1967
-14.3963
-13.6017
-12.8182
-12.051
-11.3054
-10.5866
-9.89957
-9.24917
-8.63998
-8.07634
-7.56223
-7.10132
-6.69687
-6.35174
-6.06837
-5.84873
-5.69435
-5.61979
-4.855
-4.92261
-5.06196
-5.25947
-5.51365
-5.8226
-6.18397
-6.59502
-7.0526
-7.55323
-8.0931
-8.66809
-9.27387
-9.90588
-10.5594
-11.2297
-11.9119
-12.601
-13.2924
-13.9813
-14.6631
-15.3337
-15.9889
-16.6251
-17.2388
-17.8272
-18.3876
-18.9179
-19.4165
-19.8823
-20.3143
-20.7124
-21.0767
-21.4076
-21.7061
-21.9732
-22.2104
-22.4195
-22.6021
-22.7602
-22.8959
-23.0111
-23.1077
-23.1877
-23.2528
-23.3044
-23.344
-23.3727
-23.3914
-23.4006
-23.4006
-23.3914
-23.3727
-23.344
-23.3044
-23.2528
-23.1877
-23.1077
-23.0111
-22.8959
-22.7602
-22.6021
-22.4195
-22.2104
-21.9732
-21.7061
-21.4076
-21.0767
-20.7124
-20.3143
-19.8823
-19.4165
-18.9179
-18.3876
-17.8272
-17.2388
-16.6251
-15.9889
-15.3337
-14.6631
-13.9813
-13.2924
-12.601
-11.9119
-11.2297
-10.5594
-9.90588
-9.27387
-8.66809
-8.0931
-7.55323
-7.0526
-6.59502
-6.18397
-5.8226
-5.51365
-5.25947
-5.06196
-4.92261
-4.855
-4.12501
-4.18638
-4.31224
-4.48988
-4.71787
-4.99438
-5.31714
-5.6835
-6.09047
-6.53469
-7.01253
-7.5201
-8.05327
-8.60777
-9.17918
-9.76301
-10.3548
-10.95
-11.5442
-12.1332
-12.713
-13.2797
-13.8297
-14.3599
-14.8674
-15.3497
-15.8048
-16.2311
-16.6273
-16.9928
-17.3272
-17.6306
-17.9035
-18.1468
-18.3615
-18.5492
-18.7116
-18.8505
-18.9678
-19.0657
-19.1464
-19.2118
-19.2641
-19.3051
-19.3367
-19.3604
-19.3776
-19.3895
-19.397
-19.4005
-19.4005
-19.397
-19.3895
-19.3776
-19.3604
-19.3367
-19.3051
-19.2641
-19.2118
-19.1464
-19.0657
-18.9678
-18.8505
-18.7116
-18.5492
-18.3615
-18.1468
-17.9035
-17.6306
-17.3272
-16.9928
-16.6273
-16.2311
-15.8048
-15.3497
-14.8674
-14.3599
-13.8297
-13.2797
-12.713
-12.1332
-11.5442
-10.95
-10.3548
-9.76301
-9.17918
-8.60777
-8.05327
-7.5201
-7.01253
-6.53469
-6.09047
-5.6835
-5.31714
-4.99438
-4.71787
-4.48988
-4.31224
-4.18638
-4.12501
-3.43725
-3.49306
-3.6069
-3.76684
-3.97151
-4.21912
-4.5075
-4.8341
-5.19604
-5.59011
-6.01284
-6.46051
-6.92923
-7.41494
-7.9135
-8.4207
-8.93237
-9.44435
-9.95261
-10.4533
-10.9427
-11.4175
-11.8745
-12.311
-12.7245
-13.113
-13.4749
-13.809
-14.1146
-14.3912
-14.639
-14.8583
-15.0501
-15.2154
-15.3557
-15.4726
-15.5682
-15.6444
-15.7034
-15.7474
-15.7787
-15.7995
-15.8119
-15.8179
-15.8194
-15.8179
-15.815
-15.8118
-15.8091
-15.8077
-15.8077
-15.8091
-15.8118
-15.815
-15.8179
-15.8194
-15.8179
-15.8119
-15.7995
-15.7787
-15.7474
-15.7034
-15.6444
-15.5682
-15.4726
-15.3557
-15.2154
-15.0501
-14.8583
-14.639
-14.3912
-14.1146
-13.809
-13.4749
-13.113
-12.7245
-12.311
-11.8745
-11.4175
-10.9427
-10.4533
-9.95261
-9.44435
-8.93237
-8.4207
-7.9135
-7.41494
-6.92923
-6.46051
-6.01284
-5.59011
-5.19604
-4.8341
-4.5075
-4.21912
-3.97151
-3.76684
-3.6069
-3.49306
-3.43725
-2.79855
-2.84945
-2.95267
-3.09697
-3.28103
-3.50313
-3.76117
-4.05269
-4.37491
-4.72476
-5.09891
-5.49382
-5.90578
-6.33095
-6.76542
-7.20523
-7.64649
-8.08534
-8.51808
-8.94117
-9.35129
-9.7454
-10.1208
-10.4749
-10.8059
-11.1121
-11.3922
-11.6453
-11.8711
-12.0696
-12.2412
-12.3865
-12.5068
-12.6033
-12.6779
-12.7324
-12.7688
-12.7896
-12.7969
-12.7931
-12.7806
-12.7618
-12.7387
-12.7136
-12.6882
-12.6644
-12.6435
-12.6267
-12.6151
-12.6091
-12.6091
-12.6151
-12.6267
-12.6435
-12.6644
-12.6882
-12.7136
-12.7387
-12.7618
-12.7806
-12.7931
-12.7969
-12.7896
-12.7688
-12.7324
-12.6779
-12.6033
-12.5068
-12.3865
-12.2412
-12.0696
-11.8711
-11.6453
-11.3922
-11.1121
-10.8059
-10.4749
-10.1208
-9.7454
-9.35129
-8.94117
-8.51808
-8.08534
-7.64649
-7.20523
-6.76542
-6.33095
-5.90578
-5.49382
-5.09891
-4.72476
-4.37491
-4.05269
-3.76117
-3.50313
-3.28103
-3.09697
-2.95267
-2.84945
-2.79855
-2.2151
-2.2617
-2.35563
-2.48627
-2.65233
-2.85215
-3.0837
-3.34459
-3.63215
-3.94342
-4.27521
-4.62412
-4.98662
-5.35905
-5.7377
-6.11886
-6.49885
-6.87409
-7.24114
-7.59676
-7.93793
-8.26192
-8.5663
-8.84898
-9.10826
-9.34282
-9.55173
-9.73448
-9.89095
-10.0214
-10.1266
-10.2075
-10.2654
-10.3019
-10.3191
-10.3189
-10.3038
-10.2759
-10.2379
-10.1922
-10.1413
-10.0877
-10.0335
-9.98094
-9.93201
-9.88843
-9.85171
-9.82307
-9.80345
-9.79348
-9.79348
-9.80345
-9.82307
-9.85171
-9.88843
-9.93201
-9.98094
-10.0335
-10.0877
-10.1413
-10.1922
-10.2379
-10.2759
-10.3038
-10.3189
-10.3191
-10.3019
-10.2654
-10.2075
-10.1266
-10.0214
-9.89095
-9.73448
-9.55173
-9.34282
-9.10826
-8.84898
-8.5663
-8.26192
-7.93793
-7.59676
-7.24114
-6.87409
-6.49885
-6.11886
-5.7377
-5.35905
-4.98662
-4.62412
-4.27521
-3.94342
-3.63215
-3.34459
-3.0837
-2.85215
-2.65233
-2.48627
-2.35563
-2.2617
-2.2151
-1.6924
-1.73531
-1.82123
-1.9401
-2.09066
-2.27129
-2.48001
-2.71454
-2.97226
-3.25034
-3.54569
-3.85506
-4.17504
-4.50214
-4.83285
-5.16363
-5.49101
-5.81165
-6.12234
-6.42007
-6.70209
-6.96593
-7.20943
-7.43078
-7.62854
-7.80168
-7.94953
-8.07184
-8.16878
-8.24085
-8.28898
-8.31439
-8.31866
-8.30362
-8.27136
-8.22414
-8.1644
-8.09467
-8.01756
-7.93566
-7.85156
-7.76775
-7.6866
-7.61033
-7.54096
-7.48029
-7.42984
-7.39087
-7.36435
-7.35093
-7.35093
-7.36435
-7.39087
-7.42984
-7.48029
-7.54096
-7.61033
-7.6866
-7.76775
-7.85156
-7.93566
-8.01756
-8.09467
-8.1644
-8.22414
-8.27136
-8.30362
-8.31866
-8.31439
-8.28898
-8.24085
-8.16878
-8.07184
-7.94953
-7.80168
-7.62854
-7.43078
-7.20943
-6.96593
-6.70209
-6.42007
-6.12234
-5.81165
-5.49101
-5.16363
-4.83285
-4.50214
-4.17504
-3.85506
-3.54569
-3.25034
-2.97226
-2.71454
-2.48001
-2.27129
-2.09066
-1.9401
-1.82123
-1.73531
-1.6924
-1.23532
-1.27509
-1.35425
-1.46317
-1.60062
-1.76502
-1.95447
-2.16671
-2.39924
-2.64928
-2.91387
-3.18985
-3.47394
-3.76281
-4.05307
-4.34137
-4.62441
-4.89902
-5.1622
-5.41116
-5.64335
-5.85651
-6.04873
-6.21841
-6.36435
-6.48574
-6.58214
-6.65352
-6.70025
-6.72307
-6.72308
-6.7017
-6.66069
-6.60204
-6.528
-6.44098
-6.34354
-6.23835
-6.1281
-6.01552
-5.90325
-5.79388
-5.68985
-5.59343
-5.50669
-5.43148
-5.36935
-5.32161
-5.28923
-5.27288
-5.27288
-5.28923
-5.32161
-5.36935
-5.43148
-5.50669
-5.59343
-5.68985
-5.79388
-5.90325
-6.01552
-6.1281
-6.23835
-6.34354
-6.44098
-6.528
-6.60204
-6.66069
-6.7017
-6.72308
-6.72307
-6.70025
-6.65352
-6.58214
-6.48574
-6.36435
-6.21841
-6.04873
-5.85651
-5.64335
-5.41116
-5.1622
-4.89902
-4.62441
-4.34137
-4.05307
-3.76281
-3.47394
-3.18985
-2.91387
-2.64928
-2.39924
-2.16671
-1.95447
-1.76502
-1.60062
-1.46317
-1.35425
-1.27509
-1.23532
-0.848022
-0.885216
-0.958801
-1.05952
-1.18617
-1.33722
-1.51079
-1.70469
-1.91648
-2.14346
-2.38273
-2.63125
-2.88584
-3.14327
-3.40029
-3.65367
-3.90027
-4.13708
-4.36124
-4.57014
-4.7614
-4.93296
-5.08306
-5.21032
-5.31371
-5.39259
-5.44673
-5.47627
-5.48176
-5.46409
-5.42454
-5.36468
-5.28642
-5.19188
-5.08343
-4.96362
-4.83512
-4.70069
-4.56312
-4.4252
-4.28968
-4.1592
-4.03626
-3.92318
-3.82209
-3.73485
-3.66307
-3.60807
-3.57084
-3.55205
-3.55205
-3.57084
-3.60807
-3.66307
-3.73485
-3.82209
-3.92318
-4.03626
-4.1592
-4.28968
-4.4252
-4.56312
-4.70069
-4.83512
-4.96362
-5.08343
-5.19188
-5.28642
-5.36468
-5.42454
-5.46409
-5.48176
-5.47627
-5.44673
-5.39259
-5.31371
-5.21032
-5.08306
-4.93296
-4.7614
-4.57014
-4.36124
-4.13708
-3.90027
-3.65367
-3.40029
-3.14327
-2.88584
-2.63125
-2.38273
-2.14346
-1.91648
-1.70469
-1.51079
-1.33722
-1.18617
-1.05952
-0.958801
-0.885216
-0.848022
-0.533993
-0.569143
-0.638311
-0.732532
-0.850635
-0.991104
-1.1521
-1.33148
-1.52685
-1.73556
-1.9548
-2.18159
-2.41283
-2.64539
-2.87611
-3.10188
-3.31967
-3.52658
-3.7199
-3.89713
-4.05604
-4.19471
-4.31153
-4.40526
-4.47501
-4.5203
-4.54103
-4.53749
-4.51036
-4.46067
-4.38982
-4.29951
-4.19175
-4.0688
-3.93311
-3.78732
-3.63419
-3.47657
-3.31732
-3.15931
-3.00533
-2.85809
-2.72012
-2.59381
-2.48131
-2.38451
-2.30506
-2.24428
-2.20319
-2.18248
-2.18248
-2.20319
-2.24428
-2.30506
-2.38451
-2.48131
-2.59381
-2.72012
-2.85809
-3.00533
-3.15931
-3.31732
-3.47657
-3.63419
-3.78732
-3.93311
-4.0688
-4.19175
-4.29951
-4.38982
-4.46067
-4.51036
-4.53749
-4.54103
-4.5203
-4.47501
-4.40526
-4.31153
-4.19471
-4.05604
-3.89713
-3.7199
-3.52658
-3.31967
-3.10188
-2.87611
-2.64539
-2.41283
-2.18159
-1.9548
-1.73556
-1.52685
-1.33148
-1.1521
-0.991104
-0.850635
-0.732532
-0.638311
-0.569143
-0.533993
-0.296024
-0.329653
-0.395533
-0.48492
-0.596658
-0.729252
-0.880891
-1.04947
-1.23262
-1.42775
-1.63209
-1.84271
-2.05659
-2.27066
-2.48184
-2.68708
-2.88346
-3.06815
-3.23854
-3.39225
-3.52713
-3.64137
-3.73346
-3.80227
-3.84703
-3.86736
-3.86327
-3.83514
-3.78376
-3.71027
-3.61615
-3.5032
-3.37351
-3.2294
-3.07344
-2.90831
-2.73685
-2.56195
-2.38656
-2.21357
-2.04584
-1.8861
-1.73693
-1.60075
-1.47973
-1.37581
-1.29063
-1.22554
-1.18157
-1.15941
-1.15941
-1.18157
-1.22554
-1.29063
-1.37581
-1.47973
-1.60075
-1.73693
-1.8861
-2.04584
-2.21357
-2.38656
-2.56195
-2.73685
-2.90831
-3.07344
-3.2294
-3.37351
-3.5032
-3.61615
-3.71027
-3.78376
-3.83514
-3.86327
-3.86736
-3.84703
-3.80227
-3.73346
-3.64137
-3.52713
-3.39225
-3.23854
-3.06815
-2.88346
-2.68708
-2.48184
-2.27066
-2.05659
-1.84271
-1.63209
-1.42775
-1.23262
-1.04947
-0.880891
-0.729252
-0.596658
-0.48492
-0.395533
-0.329653
-0.296024
-0.136212
-0.168833
-0.232533
-0.318714
-0.426232
-0.553607
-0.699043
-0.860458
-1.03551
-1.22164
-1.4161
-1.61602
-1.81839
-2.02021
-2.21844
-2.41009
-2.59228
-2.76226
-2.91748
-3.0556
-3.17457
-3.27262
-3.34834
-3.40066
-3.42887
-3.43267
-3.41213
-3.36773
-3.30029
-3.21103
-3.10149
-2.97354
-2.82931
-2.67119
-2.50178
-2.32383
-2.14021
-1.95386
-1.76775
-1.58483
-1.40796
-1.23992
-1.08332
-0.940584
-0.813912
-0.705252
-0.616267
-0.548314
-0.50243
-0.479312
-0.479312
-0.50243
-0.548314
-0.616267
-0.705252
-0.813912
-0.940584
-1.08332
-1.23992
-1.40796
-1.58483
-1.76775
-1.95386
-2.14021
-2.32383
-2.50178
-2.67119
-2.82931
-2.97354
-3.10149
-3.21103
-3.30029
-3.36773
-3.41213
-3.43267
-3.42887
-3.40066
-3.34834
-3.27262
-3.17457
-3.0556
-2.91748
-2.76226
-2.59228
-2.41009
-2.21844
-2.02021
-1.81839
-1.61602
-1.4161
-1.22164
-1.03551
-0.860458
-0.699043
-0.553607
-0.426232
-0.318714
-0.232533
-0.168833
-0.136212
-0.0559558
-0.0880741
-0.150688
-0.235272
-0.340687
-0.465461
-0.607806
-0.765652
-0.93667
-1.11832
-1.30786
-1.50244
-1.69908
-1.8948
-2.08658
-2.27146
-2.44658
-2.60924
-2.75689
-2.88725
-2.9983
-3.0883
-3.15586
-3.19996
-3.21994
-3.2155
-3.18678
-3.13426
-3.05883
-2.96171
-2.8445
-2.70907
-2.55759
-2.39249
-2.21638
-2.03204
-1.84236
-1.6503
-1.45885
-1.27097
-1.08956
-0.917378
-0.757068
-0.611063
-0.481571
-0.370549
-0.279665
-0.210284
-0.163445
-0.139849
-0.139849
-0.163445
-0.210284
-0.279665
-0.370549
-0.481571
-0.611063
-0.757068
-0.917378
-1.08956
-1.27097
-1.45885
-1.6503
-1.84236
-2.03204
-2.21638
-2.39249
-2.55759
-2.70907
-2.8445
-2.96171
-3.05883
-3.13426
-3.18678
-3.2155
-3.21994
-3.19996
-3.15586
-3.0883
-2.9983
-2.88725
-2.75689
-2.60924
-2.44658
-2.27146
-2.08658
-1.8948
-1.69908
-1.50244
-1.30786
-1.11832
-0.93667
-0.765652
-0.607806
-0.465461
-0.340687
-0.235272
-0.150688
-0.0880741
-0.0559558
-0.0559558
-0.0880741
-0.150688
-0.235272
-0.340687
-0.465461
-0.607806
-0.765652
-0.93667
-1.11832
-1.30786
-1.50244
-1.69908
-1.8948
-2.08658
-2.27146
-2.44658
-2.60924
-2.75689
-2.88725
-2.9983
-3.0883
-3.15586
-3.19996
-3.21994
-3.2155
-3.18678
-3.13426
-3.05883
-2.96171
-2.8445
-2.70907
-2.55759
-2.39249
-2.21638
-2.03204
-1.84236
-1.6503
-1.45885
-1.27097
-1.08956
-0.917378
-0.757068
-0.611063
-0.481571
-0.370549
-0.279665
-0.210284
-0.163445
-0.139849
-0.139849
-0.163445
-0.210284
-0.279665
-0.370549
-0.481571
-0.611063
-0.757068
-0.917378
-1.08956
-1.27097
-1.45885
-1.6503
-1.84236
-2.03204
-2.21638
-2.39249
-2.55759
-2.70907
-2.8445
-2.96171
-3.05883
-3.13426
-3.18678
-3.2155
-3.21994
-3.19996
-3.15586
-3.0883
-2.9983
-2.88725
-2.75689
-2.60924
-2.44658
-2.27146
-2.08658
-1.8948
-1.69908
-1.50244
-1.30786
-1.11832
-0.93667
-0.765652
-0.607806
-0.465461
-0.340687
-0.235272
-0.150688
-0.0880741
-0.0559558
-0.136212
-0.168833
-0.232533
-0.318714
-0.426232
-0.553607
-0.699043
-0.860458
-1.03551
-1.22164
-1.4161
-1.61602
-1.81839
-2.02021
-2.21844
-2.41009
-2.59228
-2.76226
-2.91748
-3.0556
-3.17457
-3.27262
-3.34834
-3.40066
-3.42887
-3.43267
-3.41213
-3.36773
-3.30029
-3.21103
-3.10149
-2.97354
-2.82931
-2.67119
-2.50178
-2.32383
-2.14021
-1.95386
-1.76775
-1.58483
-1.40796
-1.23992
-1.08332
-0.940584
-0.813912
-0.705252
-0.616267
-0.548314
-0.50243
-0.479312
-0.479312
-0.50243
-0.548314
-0.616267
-0.705252
-0.813912
-0.940584
-1.08332
-1.23992
-1.40796
-1.58483
-1.76775
-1.95386
-2.14021
-2.32383
-2.50178
-2.67119
-2.82931
-2.97354
-3.10149
-3.21103
-3.30029
-3.36773
-3.41213
-3.43267
-3.42887
-3.40066
-3.34834
-3.27262
-3.17457
-3.0556
-2.91748
-2.76226
-2.59228
-2.41009
-2.21844
-2.02021
-1.81839
-1.61602
-1.4161
-1.22164
-1.03551
-0.860458
-0.699043
-0.553607
-0.426232
-0.318714
-0.232533
-0.168833
-0.136212
-0.296024
-0.329653
-0.395533
-0.48492
-0.596658
-0.729252
-0.880891
-1.04947
-1.23262
-1.42775
-1.63209
-1.84271
-2.05659
-2.27066
-2.48184
-2.68708
-2.88346
-3.06815
-3.23854
-3.39225
-3.52713
-3.64137
-3.73346
-3.80227
-3.84703
-3.86736
-3.86327
-3.83514
-3.78376
-3.71027
-3.61615
-3.5032
-3.37351
-3.2294
-3.07344
-2.90831
-2.73685
-2.56195
-2.38656
-2.21357
-2.04584
-1.8861
-1.73693
-1.60075
-1.47973
-1.37581
-1.29063
-1.22554
-1.18157
-1.15941
-1.15941
-1.18157
-1.22554
-1.29063
-1.37581
-1.47973
-1.60075
-1.73693
-1.8861
-2.04584
-2.21357
-2.38656
-2.56195
-2.73685
-2.90831
-3.07344
-3.2294
-3.37351
-3.5032
-3.61615
-3.71027
-3.78376
-3.83514
-3.86327
-3.86736
-3.84703
-3.80227
-3.73346
-3.64137
-3.52713
-3.39225
-3.23854
-3.06815
-2.88346
-2.68708
-2.48184
-2.27066
-2.05659
-1.84271
-1.63209
-1.42775
-1.23262
-1.04947
-0.880891
-0.729252
-0.596658
-0.48492
-0.395533
-0.329653
-0.296024
-0.533993
-0.569143
-0.638311
-0.732532
-0.850635
-0.991104
-1.1521
-1.33148
-1.52685
-1.73556
-1.9548
-2.18159
-2.41283
-2.64539
-2.87611
-3.10188
-3.31967
-3.52658
-3.7199
-3.89713
-4.05604
-4.19471
-4.31153
-4.40526
-4.47501
-4.5203
-4.54103
-4.53749
-4.51036
-4.46067
-4.38982
-4.29951
-4.19175
-4.0688
-3.93311
-3.78732
-3.63419
-3.47657
-3.31732
-3.15931
-3.00533
-2.85809
-2.72012
-2.59381
-2.48131
-2.38451
-2.30506
-2.24428
-2.20319
-2.18248
-2.18248
-2.20319
-2.24428
-2.30506
-2.38451
-2.48131
-2.59381
-2.72012
-2.85809
-3.00533
-3.15931
-3.31732
-3.47657
-3.63419
-3.78732
-3.93311
-4.0688
-4.19175
-4.29951
-4.38982
-4.46067
-4.51036
-4.53749
-4.54103
-4.5203
-4.47501
-4.40526
-4.31153
-4.19471
-4.05604
-3.89713
-3.7199
-3.52658
-3.31967
-3.10188
-2.87611
-2.64539
-2.41283
-2.18159
-1.9548
-1.73556
-1.52685
-1.33148
-1.1521
-0.991104
-0.850635
-0.732532
-0.638311
-0.569143
-0.533993
-0.848022
-0.885216
-0.958801
-1.05952
-1.18617
-1.33722
-1.51079
-1.70469
-1.91648
-2.14346
-2.38273
-2.63125
-2.88584
-3.14327
-3.40029
-3.65367
-3.90027
-4.13708
-4.36124
-4.57014
-4.7614
-4.93296
-5.08306
-5.21032
-5.31371
-5.39259
-5.44673
-5.47627
-5.48176
-5.46409
-5.42454
-5.36468
-5.28642
-5.19188
-5.08343
-4.96362
-4.83512
-4.70069
-4.56312
-4.4252
-4.28968
-4.1592
-4.03626
-3.92318
-3.82209
-3.73485
-3.66307
-3.60807
-3.57084
-3.55205
-3.55205
-3.57084
-3.60807
-3.66307
-3.73485
-3.82209
-3.92318
-4.03626
-4.1592
-4.28968
-4.4252
-4.56312
-4.70069
-4.83512
-4.96362
-5.08343
-5.19188
-5.28642
-5.36468
-5.42454
-5.46409
-5.48176
-5.47627
-5.44673
-5.39259
-5.31371
-5.21032
-5.08306
-4.93296
-4.7614
-4.57014
-4.36124
-4.13708
-3.90027
-3.65367
-3.40029
-3.14327
-2.88584
-2.63125
-2.38273
-2.14346
-1.91648
-1.70469
-1.51079
-1.33722
-1.18617
-1.05952
-0.958801
-0.885216
-0.848022
-1.23532
-1.27509
-1.35425
-1.46317
-1.60062
-1.76502
-1.95447
-2.16671
-2.39924
-2.64928
-2.91387
-3.18985
-3.47394
-3.76281
-4.05307
-4.34137
-4.62441
-4.89902
-5.1622
-5.41116
-5.64335
-5.85651
-6.04873
-6.21841
-6.36435
-6.48574
-6.58214
-6.65352
-6.70025
-6.72307
-6.72308
-6.7017
-6.66069
-6.60204
-6.528
-6.44098
-6.34354
-6.23835
-6.1281
-6.01552
-5.90325
-5.79388
-5.68985
-5.59343
-5.50669
-5.43148
-5.36935
-5.32161
-5.28923
-5.27288
-5.27288
-5.28923
-5.32161
-5.36935
-5.43148
-5.50669
-5.59343
-5.68985
-5.79388
-5.90325
-6.01552
-6.1281
-6.23835
-6.34354
-6.44098
-6.528
-6.60204
-6.66069
-6.7017
-6.72308
-6.72307
-6.70025
-6.65352
-6.58214
-6.48574
-6.36435
-6.21841
-6.04873
-5.85651
-5.64335
-5.41116
-5.1622
-4.89902
-4.62441
-4.34137
-4.05307
-3.76281
-3.47394
-3.18985
-2.91387
-2.64928
-2.39924
-2.16671
-1.95447
-1.76502
-1.60062
-1.46317
-1.35425
-1.27509
-1.23532
-1.6924
-1.73531
-1.82123
-1.9401
-2.09066
-2.27129
-2.48001
-2.71454
-2.97226
-3.25034
-3.54569
-3.85506
-4.17504
-4.50214
-4.83285
-5.16363
-5.49101
-5.81165
-6.12234
-6.42007
-6.70209
-6.96593
-7.20943
-7.43078
-7.62854
-7.80168
-7.94953
-8.07184
-8.16878
-8.24085
-8.28898
-8.31439
-8.31866
-8.30362
-8.27136
-8.22414
-8.1644
-8.09467
-8.01756
-7.93566
-7.85156
-7.76775
-7.6866
-7.61033
-7.54096
-7.48029
-7.42984
-7.39087
-7.36435
-7.35093
-7.35093
-7.36435
-7.39087
-7.42984
-7.48029
-7.54096
-7.61033
-7.6866
-7.76775
-7.85156
-7.93566
-8.01756
-8.09467
-8.1644
-8.22414
-8.27136
-8.30362
-8.31866
-8.31439
-8.28898
-8.24085
-8.16878
-8.07184
-7.94953
-7.80168
-7.62854
-7.43078
-7.20943
-6.96593
-6.70209
-6.42007
-6.12234
-5.81165
-5.49101
-5.16363
-4.83285
-4.50214
-4.17504
-3.85506
-3.54569
-3.25034
-2.97226
-2.71454
-2.48001
-2.27129
-2.09066
-1.9401
-1.82123
-1.73531
-1.6924
-2.2151
-2.2617
-2.35563
-2.48627
-2.65233
-2.85215
-3.0837
-3.34459
-3.63215
-3.94342
-4.27521
-4.62412
-4.98662
-5.35905
-5.7377
-6.11886
-6.49885
-6.87409
-7.24114
-7.59676
-7.93793
-8.26192
-8.5663
-8.84898
-9.10826
-9.34282
-9.55173
-9.73448
-9.89095
-10.0214
-10.1266
-10.2075
-10.2654
-10.3019
-10.3191
-10.3189
-10.3038
-10.2759
-10.2379
-10.1922
-10.1413
-10.0877
-10.0335
-9.98094
-9.93201
-9.88843
-9.85171
-9.82307
-9.80345
-9.79348
-9.79348
-9.80345
-9.82307
-9.85171
-9.88843
-9.93201
-9.98094
-10.0335
-10.0877
-10.1413
-10.1922
-10.2379
-10.2759
-10.3038
-10.3189
-10.3191
-10.3019
-10.2654
-10.2075
-10.1266
-10.0214
-9.89095
-9.73448
-9.55173
-9.34282
-9.10826
-8.84898
-8.5663
-8.26192
-7.93793
-7.59676
-7.24114
-6.87409
-6.49885
-6.11886
-5.7377
-5.35905
-4.98662
-4.62412
-4.27521
-3.94342
-3.63215
-3.34459
-3.0837
-2.85215
-2.65233
-2.48627
-2.35563
-2.2617
-2.2151
-2.79855
-2.84945
-2.95267
-3.09697
-3.28103
-3.50313
-3.76117
-4.05269
-4.37491
-4.72476
-5.09891
-5.49382
-5.90578
-6.33095
-6.76542
-7.20523
-7.64649
-8.08534
-8.51808
-8.94117
-9.35129
-9.7454
-10.1208
-10.4749
-10.8059
-11.1121
-11.3922
-11.6453
-11.8711
-12.0696
-12.2412
-12.3865
-12.5068
-12.6033
-12.6779
-12.7324
-12.7688
-12.7896
-12.7969
-12.7931
-12.7806
-12.7618
-12.7387
-12.7136
-12.6882
-12.6644
-12.6435
-12.6267
-12.6151
-12.6091
-12.6091
-12.6151
-12.6267
-12.6435
-12.6644
-12.6882
-12.7136
-12.7387
-12.7618
-12.7806
-12.7931
-12.7969
-12.7896
-12.7688
-12.7324
-12.6779
-12.6033
-12.5068
-12.3865
-12.2412
-12.0696
-11.8711
-11.6453
-11.3922
-11.1121
-10.8059
-10.4749
-10.1208
-9.7454
-9.35129
-8.94117
-8.51808
-8.08534
-7.64649
-7.20523
-6.76542
-6.33095
-5.90578
-5.49382
-5.09891
-4.72476
-4.37491
-4.05269
-3.76117
-3.50313
-3.28103
-3.09697
-2.95267
-2.84945
-2.79855
-3.43725
-3.49306
-3.6069
-3.76684
-3.97151
-4.21912
-4.5075
-4.8341
-5.19604
-5.59011
-6.01284
-6.46051
-6.92923
-7.41494
-7.9135
-8.4207
-8.93237
-9.44435
-9.95261
-10.4533
-10.9427
-11.4175
-11.8745
-12.311
-12.7245
-13.113
-13.4749
-13.809
-14.1146
-14.3912
-14.639
-14.8583
-15.0501
-15.2154
-15.3557
-15.4726
-15.5682
-15.6444
-15.7034
-15.7474
-15.7787
-15.7995
-15.8119
-15.8179
-15.8194
-15.8179
-15.815
-15.8118
-15.8091
-15.8077
-15.8077
-15.8091
-15.8118
-15.815
-15.8179
-15.8194
-15.8179
-15.8119
-15.7995
-15.7787
-15.7474
-15.7034
-15.6444
-15.5682
-15.4726
-15.3557
-15.2154
-15.0501
-14.8583
-14.639
-14.3912
-14.1146
-13.809
-13.4749
-13.113
-12.7245
-12.311
-11.8745
-11.4175
-10.9427
-10.4533
-9.95261
-9.44435
-8.93237
-8.4207
-7.9135
-7.41494
-6.92923
-6.46051
-6.01284
-5.59011
-5.19604
-4.8341
-4.5075
-4.21912
-3.97151
-3.76684
-3.6069
-3.49306
-3.43725
-4.12501
-4.18638
-4.31224
-4.48988
-4.71787
-4.99438
-5.31714
-5.6835
-6.09047
-6.53469
-7.01253
-7.5201
-8.05327
-8.60777
-9.17918
-9.76301
-10.3548
-10.95
-11.5442
-12.1332
-12.713
-13.2797
-13.8297
-14.3599
-14.8674
-15.3497
-15.8048
-16.2311
-16.6273
-16.9928
-17.3272
-17.6306
-17.9035
-18.1468
-18.3615
-18.5492
-18.7116
-18.8505
-18.9678
-19.0657
-19.1464
-19.2118
-19.2641
-19.3051
-19.3367
-19.3604
-19.3776
-19.3895
-19.397
-19.4005
-19.4005
-19.397
-19.3895
-19.3776
-19.3604
-19.3367
-19.3051
-19.2641
-19.2118
-19.1464
-19.0657
-18.9678
-18.8505
-18.7116
-18.5492
-18.3615
-18.1468
-17.9035
-17.6306
-17.3272
-16.9928
-16.6273
-16.2311
-15.8048
-15.3497
-14.8674
-14.3599
-13.8297
-13.2797
-12.713
-12.1332
-11.5442
-10.95
-10.3548
-9.76301
-9.17918
-8.60777
-8.05327
-7.5201
-7.01253
-6.53469
-6.09047
-5.6835
-5.31714
-4.99438
-4.71787
-4.48988
-4.31224
-4.18638
-4.12501
-4.855
-4.92261
-5.06196
-5.25947
-5.51365
-5.8226
-6.18397
-6.59502
-7.0526
-7.55323
-8.0931
-8.66809
-9.27387
-9.90588
-10.5594
-11.2297
-11.9119
-12.601
-13.2924
-13.9813
-14.6631
-15.3337
-15.9889
-16.6251
-17.2388
-17.8272
-18.3876
-18.9179
-19.4165
-19.8823
-20.3143
-20.7124
-21.0767
-21.4076
-21.7061
-21.9732
-22.2104
-22.4195
-22.6021
-22.7602
-22.8959
-23.0111
-23.1077
-23.1877
-23.2528
-23.3044
-23.344
-23.3727
-23.3914
-23.4006
-23.4006
-23.3914
-23.3727
-23.344
-23.3044
-23.2528
-23.1877
-23.1077
-23.0111
-22.8959
-22.7602
-22.6021
-22.4195
-22.2104
-21.9732
-21.7061
-21.4076
-21.0767
-20.7124
-20.3143
-19.8823
-19.4165
-18.9179
-18.3876
-17.8272
-17.2388
-16.6251
-15.9889
-15.3337
-14.6631
-13.9813
-13.2924
-12.601
-11.9119
-11.2297
-10.5594
-9.90588
-9.27387
-8.66809
-8.0931
-7.55323
-7.0526
-6.59502
-6.18397
-5.8226
-5.51365
-5.25947
-5.06196
-4.92261
-4.855
-5.61979
-5.69435
-5.84873
-6.06837
-6.35174
-6.69687
-7.10132
-7.56223
-8.07634
-8.63998
-9.24917
-9.89957
-10.5866
-11.3054
-12.051
-12.8182
-13.6017
-14.3963
-15.1967
-15.9977
-16.7943
-17.5816
-18.3551
-19.1104
-19.8435
-20.551
-21.2297
-21.8769
-22.4905
-23.0687
-23.6102
-24.1143
-24.5808
-25.0096
-25.4014
-25.757
-26.0776
-26.3647
-26.6197
-26.8446
-27.0412
-27.2114
-27.3571
-27.48
-27.5819
-27.6643
-27.7286
-27.7757
-27.8067
-27.822
-27.822
-27.8067
-27.7757
-27.7286
-27.6643
-27.5819
-27.48
-27.3571
-27.2114
-27.0412
-26.8446
-26.6197
-26.3647
-26.0776
-25.757
-25.4014
-25.0096
-24.5808
-24.1143
-23.6102
-23.0687
-22.4905
-21.8769
-21.2297
-20.551
-19.8435
-19.1104
-18.3551
-17.5816
-16.7943
-15.9977
-15.1967
-14.3963
-13.6017
-12.8182
-12.051
-11.3054
-10.5866
-9.89957
-9.24917
-8.63998
-8.07634
-7.56223
-7.10132
-6.69687
-6.35174
-6.06837
-5.84873
-5.69435
-5.61979
-6.41133
-6.49358
-6.66461
-6.90876
-7.22449
-7.60973
-8.06195
-8.5782
-9.15506
-9.78871
-10.475
-11.2093
-11.9867
-12.8022
-13.6504
-14.5257
-15.4224
-16.3348
-17.257
-18.1834
-19.1083
-20.0262
-20.9319
-21.8204
-22.6872
-23.528
-24.339
-25.1169
-25.8588
-26.5624
-27.226
-27.8483
-28.4284
-28.9661
-29.4615
-29.9151
-30.3279
-30.7011
-31.036
-31.3344
-31.5979
-31.8285
-32.0279
-32.1978
-32.34
-32.456
-32.5471
-32.6144
-32.6588
-32.6809
-32.6809
-32.6588
-32.6144
-32.5471
-32.456
-32.34
-32.1978
-32.0279
-31.8285
-31.5979
-31.3344
-31.036
-30.7011
-30.3279
-29.9151
-29.4615
-28.9661
-28.4284
-27.8483
-27.226
-26.5624
-25.8588
-25.1169
-24.339
-23.528
-22.6872
-21.8204
-20.9319
-20.0262
-19.1083
-18.1834
-17.257
-16.3348
-15.4224
-14.5257
-13.6504
-12.8022
-11.9867
-11.2093
-10.475
-9.78871
-9.15506
-8.5782
-8.06195
-7.60973
-7.22449
-6.90876
-6.66461
-6.49358
-6.41133
-7.22102
-7.31175
-7.50111
-7.7723
-8.12369
-8.55317
-9.05813
-9.63549
-10.2817
-10.9928
-11.7643
-12.5915
-13.4692
-14.3919
-15.354
-16.3493
-17.3719
-18.4152
-19.4731
-20.5391
-21.6069
-22.6704
-23.7236
-24.7608
-25.7766
-26.7659
-27.7243
-28.6477
-29.5324
-30.3756
-31.1748
-31.928
-32.6341
-33.2921
-33.9019
-34.4636
-34.9779
-35.4456
-35.8681
-36.2469
-36.5836
-36.88
-37.1378
-37.3588
-37.5448
-37.6972
-37.8173
-37.9064
-37.9653
-37.9946
-37.9946
-37.9653
-37.9064
-37.8173
-37.6972
-37.5448
-37.3588
-37.1378
-36.88
-36.5836
-36.2469
-35.8681
-35.4456
-34.9779
-34.4636
-33.9019
-33.2921
-32.6341
-31.928
-31.1748
-30.3756
-29.5324
-28.6477
-27.7243
-26.7659
-25.7766
-24.7608
-23.7236
-22.6704
-21.6069
-20.5391
-19.4731
-18.4152
-17.3719
-16.3493
-15.354
-14.3919
-13.4692
-12.5915
-11.7643
-10.9928
-10.2817
-9.63549
-9.05813
-8.55317
-8.12369
-7.7723
-7.50111
-7.31175
-7.22102
-8.03973
-8.13976
-8.34924
-8.65009
-9.04064
-9.51872
-10.0816
-10.7262
-11.4487
-12.245
-13.1105
-14.0402
-15.0286
-16.0699
-17.1579
-18.2862
-19.4481
-20.6368
-21.8452
-23.0663
-24.2929
-25.5183
-26.7354
-27.9379
-29.1193
-30.2738
-31.396
-32.4809
-33.5242
-34.5221
-35.4713
-36.3694
-37.2144
-38.0051
-38.7407
-39.421
-40.0464
-40.6175
-41.1355
-41.6017
-42.0178
-42.3854
-42.7064
-42.9826
-43.2156
-43.4071
-43.5585
-43.671
-43.7455
-43.7825
-43.7825
-43.7455
-43.671
-43.5585
-43.4071
-43.2156
-42.9826
-42.7064
-42.3854
-42.0178
-41.6017
-41.1355
-40.6175
-40.0464
-39.421
-38.7407
-38.0051
-37.2144
-36.3694
-35.4713
-34.5221
-33.5242
-32.4809
-31.396
-30.2738
-29.1193
-27.9379
-26.7354
-25.5183
-24.2929
-23.0663
-21.8452
-20.6368
-19.4481
-18.2862
-17.1579
-16.0699
-15.0286
-14.0402
-13.1105
-12.245
-11.4487
-10.7262
-10.0816
-9.51872
-9.04064
-8.65009
-8.34924
-8.13976
-8.03973
-8.85787
-8.96806
-9.19952
-9.53278
-9.96615
-10.4974
-11.1237
-11.8419
-12.6481
-13.538
-14.5068
-15.5491
-16.6593
-17.8312
-19.0582
-20.3333
-21.6493
-22.9987
-24.3737
-25.7666
-27.1694
-28.5742
-29.9733
-31.3592
-32.7244
-34.0622
-35.366
-36.63
-37.8488
-39.0177
-40.1326
-41.1904
-42.1884
-43.1247
-43.9982
-44.8081
-45.5546
-46.2382
-46.8597
-47.4205
-47.9222
-48.3666
-48.7554
-49.0906
-49.374
-49.6072
-49.7919
-49.9292
-50.0202
-50.0655
-50.0655
-50.0202
-49.9292
-49.7919
-49.6072
-49.374
-49.0906
-48.7554
-48.3666
-47.9222
-47.4205
-46.8597
-46.2382
-45.5546
-44.8081
-43.9982
-43.1247
-42.1884
-41.1904
-40.1326
-39.0177
-37.8488
-36.63
-35.366
-34.0622
-32.7244
-31.3592
-29.9733
-28.5742
-27.1694
-25.7666
-24.3737
-22.9987
-21.6493
-20.3333
-19.0582
-17.8312
-16.6593
-15.5491
-14.5068
-13.538
-12.6481
-11.8419
-11.1237
-10.4974
-9.96615
-9.53278
-9.19952
-8.96806
-8.85787
-9.66544
-9.78668
-10.0421
-10.4106
-10.8906
-11.4799
-12.1754
-12.974
-13.8716
-14.8638
-15.9457
-17.1116
-18.3555
-19.6709
-21.0507
-22.4875
-23.9735
-25.5003
-27.0595
-28.6424
-30.2401
-31.8437
-33.4444
-35.0335
-36.6025
-38.1433
-39.6482
-41.1103
-42.5231
-43.8807
-45.1783
-46.4118
-47.5776
-48.6734
-49.6974
-50.6485
-51.5266
-52.3318
-53.0651
-53.7276
-54.3212
-54.8475
-55.3086
-55.7065
-56.0433
-56.3207
-56.5405
-56.704
-56.8124
-56.8664
-56.8664
-56.8124
-56.704
-56.5405
-56.3207
-56.0433
-55.7065
-55.3086
-54.8475
-54.3212
-53.7276
-53.0651
-52.3318
-51.5266
-50.6485
-49.6974
-48.6734
-47.5776
-46.4118
-45.1783
-43.8807
-42.5231
-41.1103
-39.6482
-38.1433
-36.6025
-35.0335
-33.4444
-31.8437
-30.2401
-28.6424
-27.0595
-25.5003
-23.9735
-22.4875
-21.0507
-19.6709
-18.3555
-17.1116
-15.9457
-14.8638
-13.8716
-12.974
-12.1754
-11.4799
-10.8906
-10.4106
-10.0421
-9.78668
-9.66544
-10.4521
-10.5853
-10.8666
-11.2735
-11.8042
-12.4564
-13.2272
-14.1133
-15.1105
-16.2144
-17.4197
-18.7207
-20.1111
-21.5838
-23.1315
-24.746
-26.419
-28.1414
-29.9038
-31.6965
-33.5097
-35.3333
-37.1571
-38.9712
-40.7657
-42.5312
-44.2587
-45.9397
-47.5666
-49.1323
-50.6309
-52.0571
-53.4068
-54.6767
-55.8645
-56.9689
-57.9891
-58.9255
-59.7786
-60.55
-61.2414
-61.8547
-62.3922
-62.8562
-63.2491
-63.5727
-63.8292
-64.0201
-64.1466
-64.2097
-64.2097
-64.1466
-64.0201
-63.8292
-63.5727
-63.2491
-62.8562
-62.3922
-61.8547
-61.2414
-60.55
-59.7786
-58.9255
-57.9891
-56.9689
-55.8645
-54.6767
-53.4068
-52.0571
-50.6309
-49.1323
-47.5666
-45.9397
-44.2587
-42.5312
-40.7657
-38.9712
-37.1571
-35.3333
-33.5097
-31.6965
-29.9038
-28.1414
-26.419
-24.746
-23.1315
-21.5838
-20.1111
-18.7207
-17.4197
-16.2144
-15.1105
-14.1133
-13.2272
-12.4564
-11.8042
-11.2735
-10.8666
-10.5853
-10.4521
-11.2072
-11.3534
-11.6628
-12.1111
-12.6966
-13.417
-14.2694
-15.2504
-16.3559
-17.5812
-18.921
-20.3694
-21.9197
-23.5646
-25.2962
-27.1058
-28.9844
-30.922
-32.9083
-34.9327
-36.9839
-39.0506
-41.1212
-43.1843
-45.2284
-47.2425
-49.216
-51.1388
-53.0018
-54.7967
-56.516
-58.1536
-59.7042
-61.1638
-62.5295
-63.7994
-64.9728
-66.0496
-67.0307
-67.9177
-68.7124
-69.4173
-70.0349
-70.5679
-71.019
-71.3906
-71.685
-71.904
-72.0492
-72.1216
-72.1216
-72.0492
-71.904
-71.685
-71.3906
-71.019
-70.5679
-70.0349
-69.4173
-68.7124
-67.9177
-67.0307
-66.0496
-64.9728
-63.7994
-62.5295
-61.1638
-59.7042
-58.1536
-56.516
-54.7967
-53.0018
-51.1388
-49.216
-47.2425
-45.2284
-43.1843
-41.1212
-39.0506
-36.9839
-34.9327
-32.9083
-30.922
-28.9844
-27.1058
-25.2962
-23.5646
-21.9197
-20.3694
-18.921
-17.5812
-16.3559
-15.2504
-14.2694
-13.417
-12.6966
-12.1111
-11.6628
-11.3534
-11.2072
-11.9201
-12.0802
-12.4198
-12.9128
-13.5574
-14.3514
-15.292
-16.3758
-17.5985
-18.9556
-20.4416
-22.0504
-23.775
-25.6079
-27.5407
-29.5642
-31.6684
-33.8426
-36.0756
-38.3554
-40.6694
-43.0048
-45.3484
-47.6869
-50.0071
-52.2962
-54.5416
-56.7315
-58.855
-60.9019
-62.8636
-64.7325
-66.5022
-68.1678
-69.726
-71.1743
-72.5117
-73.7383
-74.8551
-75.8639
-76.767
-77.5673
-78.2679
-78.8721
-79.383
-79.8036
-80.1366
-80.3843
-80.5484
-80.6301
-80.6301
-80.5484
-80.3843
-80.1366
-79.8036
-79.383
-78.8721
-78.2679
-77.5673
-76.767
-75.8639
-74.8551
-73.7383
-72.5117
-71.1743
-69.726
-68.1678
-66.5022
-64.7325
-62.8636
-60.9019
-58.855
-56.7315
-54.5416
-52.2962
-50.0071
-47.6869
-45.3484
-43.0048
-40.6694
-38.3554
-36.0756
-33.8426
-31.6684
-29.5642
-27.5407
-25.6079
-23.775
-22.0504
-20.4416
-18.9556
-17.5985
-16.3758
-15.292
-14.3514
-13.5574
-12.9128
-12.4198
-12.0802
-11.9201
-12.5798
-12.755
-13.127
-13.668
-14.3762
-15.2495
-16.2851
-17.4797
-18.8291
-20.3288
-21.9732
-23.7562
-25.6705
-27.7084
-29.861
-32.1184
-34.4701
-36.9044
-39.4088
-41.9701
-44.5742
-47.2065
-49.852
-52.4954
-55.1213
-57.7147
-60.2608
-62.7456
-65.1562
-67.4805
-69.708
-71.8296
-73.8379
-75.727
-77.4927
-79.1323
-80.6447
-82.03
-83.2895
-84.4256
-85.4412
-86.3399
-87.1255
-87.802
-88.3733
-88.8432
-89.2148
-89.4909
-89.6738
-89.7648
-89.7648
-89.6738
-89.4909
-89.2148
-88.8432
-88.3733
-87.802
-87.1255
-86.3399
-85.4412
-84.4256
-83.2895
-82.03
-80.6447
-79.1323
-77.4927
-75.727
-73.8379
-71.8296
-69.708
-67.4805
-65.1562
-62.7456
-60.2608
-57.7147
-55.1213
-52.4954
-49.852
-47.2065
-44.5742
-41.9701
-39.4088
-36.9044
-34.4701
-32.1184
-29.861
-27.7084
-25.6705
-23.7562
-21.9732
-20.3288
-18.8291
-17.4797
-16.2851
-15.2495
-14.3762
-13.668
-13.127
-12.755
-12.5798
-13.1759
-13.367
-13.7738
-14.3662
-15.1426
-16.1009
-17.2386
-18.5523
-20.0383
-21.6919
-23.5076
-25.4793
-27.5997
-29.8606
-32.2529
-34.7662
-37.389
-40.1087
-42.9118
-45.7834
-48.7077
-51.6683
-54.6479
-57.6289
-60.5935
-63.5238
-66.4027
-69.2135
-71.9406
-74.57
-77.089
-79.4867
-81.7544
-83.885
-85.8737
-87.7176
-89.4154
-90.9676
-92.376
-93.6438
-94.7747
-95.7733
-96.6444
-97.3932
-98.0244
-98.5426
-98.9519
-99.2557
-99.4568
-99.5568
-99.5568
-99.4568
-99.2557
-98.9519
-98.5426
-98.0244
-97.3932
-96.6444
-95.7733
-94.7747
-93.6438
-92.376
-90.9676
-89.4154
-87.7176
-85.8737
-83.885
-81.7544
-79.4867
-77.089
-74.57
-71.9406
-69.2135
-66.4027
-63.5238
-60.5935
-57.6289
-54.6479
-51.6683
-48.7077
-45.7834
-42.9118
-40.1087
-37.389
-34.7662
-32.2529
-29.8606
-27.5997
-25.4793
-23.5076
-21.6919
-20.0383
-18.5523
-17.2386
-16.1009
-15.1426
-14.3662
-13.7738
-13.367
-13.1759
-13.6978
-13.906
-14.3498
-14.997
-15.8462
-16.8955
-18.1424
-19.5841
-21.2167
-23.036
-25.0365
-27.2123
-29.556
-32.0593
-34.7126
-37.5053
-40.4249
-43.458
-46.5896
-49.8032
-53.0813
-56.4051
-59.7548
-63.11
-66.45
-69.754
-73.0014
-76.1727
-79.2493
-82.2144
-85.0529
-87.7519
-90.301
-92.6921
-94.9197
-96.9804
-98.8734
-100.6
-102.162
-103.564
-104.811
-105.909
-106.865
-107.684
-108.373
-108.937
-109.382
-109.712
-109.93
-110.038
-110.038
-109.93
-109.712
-109.382
-108.937
-108.373
-107.684
-106.865
-105.909
-104.811
-103.564
-102.162
-100.6
-98.8734
-96.9804
-94.9197
-92.6921
-90.301
-87.7519
-85.0529
-82.2144
-79.2493
-76.1727
-73.0014
-69.754
-66.45
-63.11
-59.7548
-56.4051
-53.0813
-49.8032
-46.5896
-43.458
-40.4249
-37.5053
-34.7126
-32.0593
-29.556
-27.2123
-25.0365
-23.036
-21.2167
-19.5841
-18.1424
-16.8955
-15.8462
-14.997
-14.3498
-13.906
-13.6978
-14.1355
-14.3619
-14.8451
-15.5506
-16.4772
-17.6234
-18.987
-20.5653
-22.3551
-24.3522
-26.5516
-28.9475
-31.5328
-34.299
-37.2364
-40.3338
-43.5783
-46.9551
-50.4481
-54.039
-57.708
-61.4339
-65.1941
-68.9648
-72.7218
-76.4407
-80.097
-83.6676
-87.1304
-90.465
-93.6538
-96.6813
-99.5353
-102.206
-104.688
-106.978
-109.075
-110.981
-112.699
-114.236
-115.598
-116.793
-117.83
-118.715
-119.457
-120.064
-120.541
-120.894
-121.126
-121.242
-121.242
-121.126
-120.894
-120.541
-120.064
-119.457
-118.715
-117.83
-116.793
-115.598
-114.236
-112.699
-110.981
-109.075
-106.978
-104.688
-102.206
-99.5353
-96.6813
-93.6538
-90.465
-87.1304
-83.6676
-80.097
-76.4407
-72.7218
-68.9648
-65.1941
-61.4339
-57.708
-54.039
-50.4481
-46.9551
-43.5783
-40.3338
-37.2364
-34.299
-31.5328
-28.9475
-26.5516
-24.3522
-22.3551
-20.5653
-18.987
-17.6234
-16.4772
-15.5506
-14.8451
-14.3619
-14.1355
-14.4797
-14.7253
-15.2501
-16.0174
-17.0261
-18.2752
-19.7628
-21.4868
-23.4444
-25.6319
-28.0448
-30.6777
-33.5237
-36.5747
-39.8208
-43.2504
-46.85
-50.604
-54.4945
-58.5017
-62.6033
-66.7751
-70.9912
-75.224
-79.4451
-83.6255
-87.7365
-91.7502
-95.6401
-99.3822
-102.955
-106.34
-109.524
-112.495
-115.247
-117.777
-120.084
-122.172
-124.047
-125.716
-127.188
-128.475
-129.585
-130.529
-131.318
-131.96
-132.464
-132.836
-133.08
-133.202
-133.202
-133.08
-132.836
-132.464
-131.96
-131.318
-130.529
-129.585
-128.475
-127.188
-125.716
-124.047
-122.172
-120.084
-117.777
-115.247
-112.495
-109.524
-106.34
-102.955
-99.3822
-95.6401
-91.7502
-87.7365
-83.6255
-79.4451
-75.224
-70.9912
-66.7751
-62.6033
-58.5017
-54.4945
-50.604
-46.85
-43.2504
-39.8208
-36.5747
-33.5237
-30.6777
-28.0448
-25.6319
-23.4444
-21.4868
-19.7628
-18.2752
-17.0261
-16.0174
-15.2501
-14.7253
-14.4797
-14.7219
-14.9877
-15.5564
-16.3887
-17.4843
-18.8422
-20.4612
-22.3399
-24.4761
-26.8668
-29.5083
-32.3956
-35.5226
-38.8813
-42.4622
-46.2536
-50.2414
-54.4091
-58.7374
-63.2043
-67.785
-72.4521
-77.1755
-81.9234
-86.6621
-91.3576
-95.9752
-100.482
-104.845
-109.037
-113.031
-116.806
-120.346
-123.637
-126.673
-129.451
-131.973
-134.243
-136.27
-138.065
-139.639
-141.006
-142.18
-143.173
-143.998
-144.666
-145.189
-145.573
-145.826
-145.951
-145.951
-145.826
-145.573
-145.189
-144.666
-143.998
-143.173
-142.18
-141.006
-139.639
-138.065
-136.27
-134.243
-131.973
-129.451
-126.673
-123.637
-120.346
-116.806
-113.031
-109.037
-104.845
-100.482
-95.9752
-91.3576
-86.6621
-81.9234
-77.1755
-72.4521
-67.785
-63.2043
-58.7374
-54.4091
-50.2414
-46.2536
-42.4622
-38.8813
-35.5226
-32.3956
-29.5083
-26.8668
-24.4761
-22.3399
-20.4612
-18.8422
-17.4843
-16.3887
-15.5564
-14.9877
-14.7219
-14.8545
-15.1415
-15.7563
-16.657
-17.8438
-19.3163
-21.0741
-23.1164
-25.442
-28.0489
-30.9343
-34.0941
-37.5231
-41.214
-45.1578
-49.3427
-53.7546
-58.376
-63.1864
-68.1616
-73.2739
-78.492
-83.7815
-89.105
-94.4231
-99.6948
-104.879
-109.935
-114.825
-119.514
-123.971
-128.17
-132.092
-135.723
-139.056
-142.089
-144.825
-147.272
-149.443
-151.351
-153.013
-154.445
-155.666
-156.692
-157.539
-158.221
-158.751
-159.14
-159.395
-159.521
-159.521
-159.395
-159.14
-158.751
-158.221
-157.539
-156.692
-155.666
-154.445
-153.013
-151.351
-149.443
-147.272
-144.825
-142.089
-139.056
-135.723
-132.092
-128.17
-123.971
-119.514
-114.825
-109.935
-104.879
-99.6948
-94.4231
-89.105
-83.7815
-78.492
-73.2739
-68.1616
-63.1864
-58.376
-53.7546
-49.3427
-45.1578
-41.214
-37.5231
-34.0941
-30.9343
-28.0489
-25.442
-23.1164
-21.0741
-19.3163
-17.8438
-16.657
-15.7563
-15.1415
-14.8545
-14.8714
-15.1806
-15.8434
-16.8157
-18.098
-19.6907
-21.5943
-23.809
-26.3347
-29.1708
-32.3156
-35.7666
-39.5194
-43.5681
-47.9043
-52.517
-57.392
-62.5113
-67.8529
-73.3907
-79.0937
-84.9265
-90.8493
-96.8184
-102.787
-108.706
-114.526
-120.197
-125.674
-130.914
-135.879
-140.54
-144.872
-148.862
-152.501
-155.791
-158.736
-161.349
-163.647
-165.649
-167.376
-168.852
-170.097
-171.135
-171.984
-172.663
-173.187
-173.569
-173.818
-173.941
-173.941
-173.818
-173.569
-173.187
-172.663
-171.984
-171.135
-170.097
-168.852
-167.376
-165.649
-163.647
-161.349
-158.736
-155.791
-152.501
-148.862
-144.872
-140.54
-135.879
-130.914
-125.674
-120.197
-114.526
-108.706
-102.787
-96.8184
-90.8493
-84.9265
-79.0937
-73.3907
-67.8529
-62.5113
-57.392
-52.517
-47.9043
-43.5681
-39.5194
-35.7666
-32.3156
-29.1708
-26.3347
-23.809
-21.5943
-19.6907
-18.098
-16.8157
-15.8434
-15.1806
-14.8714
-14.7681
-15.1003
-15.8131
-16.8597
-18.2415
-19.9596
-22.0157
-24.4113
-27.1477
-30.2258
-33.6457
-37.4065
-41.5057
-45.9389
-50.699
-55.7762
-61.1565
-66.822
-72.7496
-78.911
-85.2719
-91.7921
-98.4258
-105.121
-111.823
-118.473
-125.009
-131.372
-137.506
-143.358
-148.883
-154.044
-158.816
-163.181
-167.132
-170.673
-173.814
-176.573
-178.973
-181.04
-182.803
-184.29
-185.53
-186.551
-187.377
-188.03
-188.529
-188.89
-189.124
-189.239
-189.239
-189.124
-188.89
-188.529
-188.03
-187.377
-186.551
-185.53
-184.29
-182.803
-181.04
-178.973
-176.573
-173.814
-170.673
-167.132
-163.181
-158.816
-154.044
-148.883
-143.358
-137.506
-131.372
-125.009
-118.473
-111.823
-105.121
-98.4258
-91.7921
-85.2719
-78.911
-72.7496
-66.822
-61.1565
-55.7762
-50.699
-45.9389
-41.5057
-37.4065
-33.6457
-30.2258
-27.1477
-24.4113
-22.0157
-19.9596
-18.2415
-16.8597
-15.8131
-15.1003
-14.7681
-14.5417
-14.8977
-15.6621
-16.7857
-18.2705
-20.1189
-22.3338
-24.9182
-27.8753
-31.2079
-34.9184
-39.008
-43.4766
-48.3219
-53.5391
-59.1198
-65.0513
-71.3161
-77.8905
-84.7442
-91.8394
-99.1309
-106.565
-114.082
-121.616
-129.093
-136.441
-143.587
-150.459
-156.993
-163.135
-168.84
-174.078
-178.831
-183.093
-186.873
-190.186
-193.06
-195.524
-197.615
-199.371
-200.827
-202.022
-202.988
-203.757
-204.355
-204.805
-205.127
-205.334
-205.435
-205.435
-205.334
-205.127
-204.805
-204.355
-203.757
-202.988
-202.022
-200.827
-199.371
-197.615
-195.524
-193.06
-190.186
-186.873
-183.093
-178.831
-174.078
-168.84
-163.135
-156.993
-150.459
-143.587
-136.441
-129.093
-121.616
-114.082
-106.565
-99.1309
-91.8394
-84.7442
-77.8905
-71.3161
-65.0513
-59.1198
-53.5391
-48.3219
-43.4766
-39.008
-34.9184
-31.2079
-27.8753
-24.9182
-22.3338
-20.1189
-18.2705
-16.7857
-15.6621
-14.8977
-14.5417
-14.1916
-14.5721
-15.3895
-16.5922
-18.1832
-20.1661
-22.5454
-25.3259
-28.5131
-32.1122
-36.1283
-40.5655
-45.4266
-50.7126
-56.4214
-62.5473
-69.0797
-76.0021
-83.2909
-90.9144
-98.8314
-106.991
-115.332
-123.782
-132.262
-140.685
-148.959
-156.994
-164.7
-171.999
-178.822
-185.117
-190.847
-195.994
-200.557
-204.548
-207.996
-210.937
-213.413
-215.472
-217.162
-218.532
-219.628
-220.491
-221.16
-221.667
-222.039
-222.299
-222.463
-222.543
-222.543
-222.463
-222.299
-222.039
-221.667
-221.16
-220.491
-219.628
-218.532
-217.162
-215.472
-213.413
-210.937
-207.996
-204.548
-200.557
-195.994
-190.847
-185.117
-178.822
-171.999
-164.7
-156.994
-148.959
-140.685
-132.262
-123.782
-115.332
-106.991
-98.8314
-90.9144
-83.2909
-76.0021
-69.0797
-62.5473
-56.4214
-50.7126
-45.4266
-40.5655
-36.1283
-32.1122
-28.5131
-25.3259
-22.5454
-20.1661
-18.1832
-16.5922
-15.3895
-14.5721
-14.1916
-13.7195
-14.1248
-14.9963
-16.28
-17.9797
-20.1006
-22.649
-25.6322
-29.058
-32.9347
-37.2707
-42.0738
-47.3507
-53.1064
-59.3427
-66.0578
-73.2443
-80.8881
-88.9668
-97.4478
-106.287
-115.427
-124.798
-134.315
-143.882
-153.391
-162.729
-171.782
-180.438
-188.597
-196.174
-203.106
-209.35
-214.889
-219.727
-223.888
-227.412
-230.351
-232.764
-234.714
-236.264
-237.474
-238.404
-239.103
-239.618
-239.988
-240.245
-240.416
-240.519
-240.567
-240.567
-240.519
-240.416
-240.245
-239.988
-239.618
-239.103
-238.404
-237.474
-236.264
-234.714
-232.764
-230.351
-227.412
-223.888
-219.727
-214.889
-209.35
-203.106
-196.174
-188.597
-180.438
-171.782
-162.729
-153.391
-143.882
-134.315
-124.798
-115.427
-106.287
-97.4478
-88.9668
-80.8881
-73.2443
-66.0578
-59.3427
-53.1064
-47.3507
-42.0738
-37.2707
-32.9347
-29.058
-25.6322
-22.649
-20.1006
-17.9797
-16.28
-14.9963
-14.1248
-13.7195
-13.1294
-13.56
-14.4864
-15.8521
-17.6624
-19.924
-22.6455
-25.8366
-29.5084
-33.6727
-38.3419
-43.5284
-49.2438
-55.4982
-62.2989
-69.6494
-77.5471
-85.982
-94.9344
-104.372
-114.249
-124.502
-135.05
-145.794
-156.616
-167.384
-177.956
-188.185
-197.93
-207.063
-215.478
-223.096
-229.869
-235.782
-240.85
-245.112
-248.627
-251.469
-253.717
-255.454
-256.763
-257.721
-258.397
-258.856
-259.151
-259.328
-259.427
-259.475
-259.495
-259.502
-259.502
-259.495
-259.475
-259.427
-259.328
-259.151
-258.856
-258.397
-257.721
-256.763
-255.454
-253.717
-251.469
-248.627
-245.112
-240.85
-235.782
-229.869
-223.096
-215.478
-207.063
-197.93
-188.185
-177.956
-167.384
-156.616
-145.794
-135.05
-124.502
-114.249
-104.372
-94.9344
-85.982
-77.5471
-69.6494
-62.2989
-55.4982
-49.2438
-43.5284
-38.3419
-33.6727
-29.5084
-25.8366
-22.6455
-19.924
-17.6624
-15.8521
-14.4864
-13.56
-13.1294
-12.4284
-12.8844
-13.8659
-15.3143
-17.2362
-19.6403
-22.5375
-25.9407
-29.8644
-34.3248
-39.339
-44.9251
-51.1006
-57.8825
-65.285
-73.3187
-81.9883
-91.29
-101.209
-111.716
-122.764
-134.285
-146.187
-158.351
-170.637
-182.878
-194.893
-206.496
-217.502
-227.747
-237.094
-245.446
-252.751
-258.999
-264.221
-268.48
-271.864
-274.474
-276.42
-277.81
-278.749
-279.334
-279.65
-279.774
-279.768
-279.687
-279.573
-279.46
-279.371
-279.322
-279.322
-279.371
-279.46
-279.573
-279.687
-279.768
-279.774
-279.65
-279.334
-278.749
-277.81
-276.42
-274.474
-271.864
-268.48
-264.221
-258.999
-252.751
-245.446
-237.094
-227.747
-217.502
-206.496
-194.893
-182.878
-170.637
-158.351
-146.187
-134.285
-122.764
-111.716
-101.209
-91.29
-81.9883
-73.3187
-65.285
-57.8825
-51.1006
-44.9251
-39.339
-34.3248
-29.8644
-25.9407
-22.5375
-19.6403
-17.2362
-15.3143
-13.8659
-12.8844
-12.4284
-11.626
-12.1074
-13.144
-14.6751
-16.7087
-19.2559
-22.3303
-25.948
-30.1279
-34.891
-40.2603
-46.2602
-52.916
-60.2529
-68.2942
-77.0603
-86.5655
-96.8157
-107.804
-119.508
-131.881
-144.853
-158.319
-172.143
-186.15
-200.134
-213.861
-227.088
-239.572
-251.095
-261.483
-270.615
-278.433
-284.942
-290.198
-294.301
-297.379
-299.574
-301.033
-301.899
-302.304
-302.367
-302.191
-301.865
-301.463
-301.044
-300.656
-300.335
-300.106
-299.988
-299.988
-300.106
-300.335
-300.656
-301.044
-301.463
-301.865
-302.191
-302.367
-302.304
-301.899
-301.033
-299.574
-297.379
-294.301
-290.198
-284.942
-278.433
-270.615
-261.483
-251.095
-239.572
-227.088
-213.861
-200.134
-186.15
-172.143
-158.319
-144.853
-131.881
-119.508
-107.804
-96.8157
-86.5655
-77.0603
-68.2942
-60.2529
-52.916
-46.2602
-40.2603
-34.891
-30.1279
-25.948
-22.3303
-19.2559
-16.7087
-14.6751
-13.144
-12.1074
-11.626
-10.735
-11.2414
-12.3326
-13.9455
-16.0902
-18.7798
-22.0312
-25.8644
-30.3028
-35.373
-41.1048
-47.5305
-54.6843
-62.6018
-71.3178
-80.8654
-91.2723
-102.558
-114.729
-127.772
-141.649
-156.288
-171.576
-187.353
-203.408
-219.479
-235.264
-250.439
-264.678
-277.69
-289.244
-299.19
-307.47
-314.111
-319.217
-322.94
-325.467
-326.996
-327.725
-327.838
-327.5
-326.856
-326.028
-325.117
-324.205
-323.357
-322.623
-322.042
-321.641
-321.436
-321.436
-321.641
-322.042
-322.623
-323.357
-324.205
-325.117
-326.028
-326.856
-327.5
-327.838
-327.725
-326.996
-325.467
-322.94
-319.217
-314.111
-307.47
-299.19
-289.244
-277.69
-264.678
-250.439
-235.264
-219.479
-203.408
-187.353
-171.576
-156.288
-141.649
-127.772
-114.729
-102.558
-91.2723
-80.8654
-71.3178
-62.6018
-54.6843
-47.5305
-41.1048
-35.373
-30.3028
-25.8644
-22.0312
-18.7798
-16.0902
-13.9455
-12.3326
-11.2414
-10.735
-9.77074
-10.3017
-11.4463
-13.1396
-15.3934
-18.2237
-21.6504
-25.6978
-30.3946
-35.7738
-41.8728
-48.733
-56.3994
-64.92
-74.3442
-84.7212
-96.0967
-108.509
-121.984
-136.527
-152.112
-168.675
-186.097
-204.196
-222.715
-241.323
-259.622
-277.174
-293.534
-308.302
-321.166
-331.94
-340.573
-347.138
-351.81
-354.827
-356.461
-356.985
-356.664
-355.731
-354.391
-352.816
-351.144
-349.488
-347.936
-346.555
-345.397
-344.499
-343.887
-343.577
-343.577
-343.887
-344.499
-345.397
-346.555
-347.936
-349.488
-351.144
-352.816
-354.391
-355.731
-356.664
-356.985
-356.461
-354.827
-351.81
-347.138
-340.573
-331.94
-321.166
-308.302
-293.534
-277.174
-259.622
-241.323
-222.715
-204.196
-186.097
-168.675
-152.112
-136.527
-121.984
-108.509
-96.0967
-84.7212
-74.3442
-64.92
-56.3994
-48.733
-41.8728
-35.7738
-30.3946
-25.6978
-21.6504
-18.2237
-15.3934
-13.1396
-11.4463
-10.3017
-9.77074
-8.75136
-9.30612
-10.5025
-12.2739
-14.6341
-17.6016
-21.2001
-25.4585
-30.4112
-36.0982
-42.5655
-49.865
-58.0543
-67.1962
-77.358
-88.6091
-101.019
-114.652
-129.561
-145.779
-163.308
-182.098
-202.035
-222.917
-244.439
-266.179
-287.611
-308.127
-327.105
-343.977
-358.316
-369.889
-378.67
-384.82
-388.63
-390.469
-390.73
-389.795
-388.006
-385.659
-382.999
-380.223
-377.485
-374.903
-372.565
-370.538
-368.869
-367.591
-366.728
-366.293
-366.293
-366.728
-367.591
-368.869
-370.538
-372.565
-374.903
-377.485
-380.223
-382.999
-385.659
-388.006
-389.795
-390.73
-390.469
-388.63
-384.82
-378.67
-369.889
-358.316
-343.977
-327.105
-308.127
-287.611
-266.179
-244.439
-222.917
-202.035
-182.098
-163.308
-145.779
-129.561
-114.652
-101.019
-88.6091
-77.358
-67.1962
-58.0543
-49.865
-42.5655
-36.0982
-30.4112
-25.4585
-21.2001
-17.6016
-14.6341
-12.2739
-10.5025
-9.30612
-8.75136
-7.69747
-8.27508
-9.52121
-11.3676
-13.8301
-16.9302
-20.6952
-25.159
-30.362
-36.3522
-43.185
-50.9239
-59.6411
-69.4168
-80.3394
-92.5039
-106.009
-120.955
-137.433
-155.519
-175.254
-196.627
-219.543
-243.794
-269.024
-294.703
-320.12
-344.427
-366.718
-386.165
-402.164
-414.424
-422.989
-428.174
-430.471
-430.449
-428.676
-425.672
-421.88
-417.661
-413.298
-409.008
-404.95
-401.239
-397.958
-395.163
-392.892
-391.171
-390.016
-389.436
-389.436
-390.016
-391.171
-392.892
-395.163
-397.958
-401.239
-404.95
-409.008
-413.298
-417.661
-421.88
-425.672
-428.676
-430.449
-430.471
-428.174
-422.989
-414.424
-402.164
-386.165
-366.718
-344.427
-320.12
-294.703
-269.024
-243.794
-219.543
-196.627
-175.254
-155.519
-137.433
-120.955
-106.009
-92.5039
-80.3394
-69.4168
-59.6411
-50.9239
-43.185
-36.3522
-30.362
-25.159
-20.6952
-16.9302
-13.8301
-11.3676
-9.52121
-8.27508
-7.69747
-6.63172
-7.23099
-8.52422
-10.4418
-13.0016
-16.2279
-20.1522
-24.8134
-30.2584
-36.5434
-43.7342
-51.9073
-61.1508
-71.5651
-83.2635
-96.3716
-111.026
-127.371
-145.553
-165.706
-187.939
-212.305
-238.762
-267.123
-296.995
-327.72
-358.343
-387.643
-414.264
-436.947
-454.801
-467.477
-475.177
-478.51
-478.301
-475.429
-470.707
-464.831
-458.357
-451.708
-445.194
-439.034
-433.377
-428.323
-423.933
-420.246
-417.282
-415.055
-413.568
-412.824
-412.824
-413.568
-415.055
-417.282
-420.246
-423.933
-428.323
-433.377
-439.034
-445.194
-451.708
-458.357
-464.831
-470.707
-475.429
-478.301
-478.51
-475.177
-467.477
-454.801
-436.947
-414.264
-387.643
-358.343
-327.72
-296.995
-267.123
-238.762
-212.305
-187.939
-165.706
-145.553
-127.371
-111.026
-96.3716
-83.2635
-71.5651
-61.1508
-51.9073
-43.7342
-36.5434
-30.2584
-24.8134
-20.1522
-16.2279
-13.0016
-10.4418
-8.52422
-7.23099
-6.63172
-5.57833
-6.19783
-7.53511
-9.51924
-12.1701
-15.5152
-19.5897
-24.4377
-30.1132
-36.6807
-44.2169
-52.8124
-62.573
-73.6214
-86.0994
-100.169
-116.012
-133.83
-153.839
-176.261
-201.303
-229.125
-259.793
-293.197
-328.952
-366.276
-403.89
-440.009
-472.522
-499.41
-519.295
-531.797
-537.478
-537.506
-533.272
-526.12
-517.198
-507.407
-497.41
-487.671
-478.496
-470.078
-462.53
-455.913
-450.253
-445.555
-441.815
-439.023
-437.168
-436.243
-436.243
-437.168
-439.023
-441.815
-445.555
-450.253
-455.913
-462.53
-470.078
-478.496
-487.671
-497.41
-507.407
-517.198
-526.12
-533.272
-537.506
-537.478
-531.797
-519.295
-499.41
-472.522
-440.009
-403.89
-366.276
-328.952
-293.197
-259.793
-229.125
-201.303
-176.261
-153.839
-133.83
-116.012
-100.169
-86.0994
-73.6214
-62.573
-52.8124
-44.2169
-36.6807
-30.1132
-24.4377
-19.5897
-15.5152
-12.1701
-9.51924
-7.53511
-6.19783
-5.57833
-4.56244
-5.2006
-6.57843
-8.62384
-11.3588
-14.8134
-19.0271
-24.0491
-29.9401
-36.7735
-44.6374
-53.6367
-63.8961
-75.5628
-88.8104
-103.842
-120.893
-140.236
-162.176
-187.051
-215.211
-246.991
-282.646
-322.251
-365.536
-411.662
-458.965
-504.806
-545.753
-578.354
-600.342
-611.42
-612.995
-607.311
-596.712
-583.225
-568.413
-553.38
-538.852
-525.272
-512.885
-501.81
-492.084
-483.699
-476.622
-470.811
-466.222
-462.818
-460.566
-459.446
-459.446
-460.566
-462.818
-466.222
-470.811
-476.622
-483.699
-492.084
-501.81
-512.885
-525.272
-538.852
-553.38
-568.413
-583.225
-596.712
-607.311
-612.995
-611.42
-600.342
-578.354
-545.753
-504.806
-458.965
-411.662
-365.536
-322.251
-282.646
-246.991
-215.211
-187.051
-162.176
-140.236
-120.893
-103.842
-88.8104
-75.5628
-63.8961
-53.6367
-44.6374
-36.7735
-29.9401
-24.0491
-19.0271
-14.8134
-11.3588
-8.62384
-6.57843
-5.2006
-4.56244
-3.60945
-4.26454
-5.67906
-7.77986
-10.5907
-14.1446
-18.4846
-23.6653
-29.7538
-36.8323
-45.0001
-54.3771
-65.1073
-77.3637
-91.3537
-107.326
-125.578
-146.463
-170.399
-197.872
-229.431
-265.67
-307.165
-354.36
-407.331
-465.401
-526.58
-586.995
-640.833
-681.685
-705.489
-712.463
-706.052
-690.611
-670.04
-647.295
-624.367
-602.467
-582.255
-564.032
-547.883
-533.776
-521.618
-511.294
-502.686
-495.686
-490.201
-486.153
-483.486
-482.163
-482.163
-483.486
-486.153
-490.201
-495.686
-502.686
-511.294
-521.618
-533.776
-547.883
-564.032
-582.255
-602.467
-624.367
-647.295
-670.04
-690.611
-706.052
-712.463
-705.489
-681.685
-640.833
-586.995
-526.58
-465.401
-407.331
-354.36
-307.165
-265.67
-229.431
-197.872
-170.399
-146.463
-125.578
-107.326
-91.3537
-77.3637
-65.1073
-54.3771
-45.0001
-36.8323
-29.7538
-23.6653
-18.4846
-14.1446
-10.5907
-7.77986
-5.67906
-4.26454
-3.60945
-2.74418
-3.41436
-4.86143
-7.01116
-9.88896
-13.5304
-17.9823
-23.3039
-29.5688
-36.8674
-45.3099
-55.0307
-66.1932
-78.996
-93.682
-110.548
-129.957
-152.356
-178.293
-208.438
-243.599
-284.734
-332.923
-389.268
-454.635
-529.077
-610.757
-694.324
-769.605
-823.444
-847.663
-844.528
-822.69
-790.599
-754.529
-718.467
-684.611
-653.969
-626.856
-603.214
-582.817
-565.378
-550.607
-538.236
-528.037
-519.815
-513.414
-508.716
-505.631
-504.102
-504.102
-505.631
-508.716
-513.414
-519.815
-528.037
-538.236
-550.607
-565.378
-582.817
-603.214
-626.856
-653.969
-684.611
-718.467
-754.529
-790.599
-822.69
-844.528
-847.663
-823.444
-769.605
-694.324
-610.757
-529.077
-454.635
-389.268
-332.923
-284.734
-243.599
-208.438
-178.293
-152.356
-129.957
-110.548
-93.682
-78.996
-66.1932
-55.0307
-45.3099
-36.8674
-29.5688
-23.3039
-17.9823
-13.5304
-9.88896
-7.01116
-4.86143
-3.41436
-2.74418
-1.9901
-2.6735
-4.14876
-6.34038
-9.27533
-12.9916
-17.5393
-22.9821
-29.3993
-36.8889
-45.5713
-55.5943
-67.1395
-80.4307
-95.7449
-113.427
-133.909
-157.736
-185.599
-218.378
-257.2
-303.498
-359.074
-426.107
-507.003
-603.794
-716.465
-839.174
-954.281
-1031.28
-1050.95
-1023.24
-971.186
-910.617
-850.736
-795.978
-747.899
-706.575
-671.452
-641.78
-616.813
-595.885
-578.436
-564.005
-552.224
-542.801
-535.51
-530.18
-526.692
-524.967
-524.967
-526.692
-530.18
-535.51
-542.801
-552.224
-564.005
-578.436
-595.885
-616.813
-641.78
-671.452
-706.575
-747.899
-795.978
-850.736
-910.617
-971.186
-1023.24
-1050.95
-1031.28
-954.281
-839.174
-716.465
-603.794
-507.003
-426.107
-359.074
-303.498
-257.2
-218.378
-185.599
-157.736
-133.909
-113.427
-95.7449
-80.4307
-67.1395
-55.5943
-45.5713
-36.8889
-29.3993
-22.9821
-17.5393
-12.9916
-9.27533
-6.34038
-4.14876
-2.6735
-1.9901
-1.36857
-2.06336
-3.56217
-5.78807
-8.76951
-12.5468
-17.1729
-22.7153
-29.2582
-36.9062
-45.7885
-56.0647
-67.9328
-81.6389
-97.4918
-115.881
-137.305
-162.404
-192.015
-227.242
-269.564
-320.983
-384.233
-463.054
-562.467
-688.792
-848.317
-1041.16
-1241.76
-1368.48
-1366.22
-1275
-1162.21
-1052.91
-957.298
-877.378
-811.769
-758.168
-714.332
-678.375
-648.801
-624.447
-604.421
-588.039
-574.778
-564.241
-556.129
-550.222
-546.365
-544.461
-544.461
-546.365
-550.222
-556.129
-564.241
-574.778
-588.039
-604.421
-624.447
-648.801
-678.375
-714.332
-758.168
-811.769
-877.378
-957.298
-1052.91
-1162.21
-1275
-1366.22
-1368.48
-1241.76
-1041.16
-848.317
-688.792
-562.467
-463.054
-384.233
-320.983
-269.564
-227.242
-192.015
-162.404
-137.305
-115.881
-97.4918
-81.6389
-67.9328
-56.0647
-45.7885
-36.9062
-29.2582
-22.7153
-17.1729
-12.5468
-8.76951
-5.78807
-3.56217
-2.06336
-1.36857
-0.89842
-1.60269
-3.11992
-5.37161
-8.38806
-12.2117
-16.8977
-22.5166
-29.1566
-36.9273
-45.965
-56.4389
-68.5603
-82.5941
-98.8753
-117.832
-140.019
-166.161
-197.229
-234.539
-279.915
-335.952
-406.432
-497.028
-616.495
-778.661
-1005.34
-1327.21
-1752.09
-2021.07
-1929.83
-1647.21
-1407.07
-1215.12
-1068.64
-957.434
-872.127
-805.726
-753.296
-711.391
-677.587
-650.158
-627.857
-609.774
-595.236
-583.744
-574.932
-568.534
-564.364
-562.308
-562.308
-564.364
-568.534
-574.932
-583.744
-595.236
-609.774
-627.857
-650.158
-677.587
-711.391
-753.296
-805.726
-872.127
-957.434
-1068.64
-1215.12
-1407.07
-1647.21
-1929.83
-2021.07
-1752.09
-1327.21
-1005.34
-778.661
-616.495
-497.028
-406.432
-335.952
-279.915
-234.539
-197.229
-166.161
-140.019
-117.832
-98.8753
-82.5941
-68.5603
-56.4389
-45.965
-36.9273
-29.1566
-22.5166
-16.8977
-12.2117
-8.38806
-5.37161
-3.11992
-1.60269
-0.89842
-0.596309
-1.30708
-2.83595
-5.10388
-8.14336
-11.9981
-16.7251
-22.3964
-29.103
-36.9583
-46.1033
-56.7142
-69.0115
-83.2736
-99.8546
-119.211
-141.938
-168.828
-200.952
-239.791
-287.458
-347.052
-423.305
-523.793
-661.376
-859.638
-1166.82
-1702.73
-2951.24
-3876.27
-3373.22
-2265.69
-1705.77
-1380.99
-1171.38
-1027.17
-923.196
-845.509
-785.864
-739.129
-701.968
-672.137
-648.079
-628.691
-613.177
-600.958
-591.614
-584.843
-580.437
-578.265
-578.265
-580.437
-584.843
-591.614
-600.958
-613.177
-628.691
-648.079
-672.137
-701.968
-739.129
-785.864
-845.509
-923.196
-1027.17
-1171.38
-1380.99
-1705.77
-2265.69
-3373.22
-3876.27
-2951.24
-1702.73
-1166.82
-859.638
-661.376
-523.793
-423.305
-347.052
-287.458
-239.791
-200.952
-168.828
-141.938
-119.211
-99.8546
-83.2736
-69.0115
-56.7142
-46.1033
-36.9583
-29.103
-22.3964
-16.7251
-11.9981
-8.14336
-5.10388
-2.83595
-1.30708
-0.596309
-0.464166
-1.18013
-2.71325
-4.98766
-8.0372
-11.9061
-16.6518
-22.3473
-29.0847
-36.979
-46.1737
-56.848
-69.2269
-83.5949
-100.315
-119.858
-142.839
-170.08
-202.703
-242.274
-291.048
-352.388
-431.542
-537.162
-684.599
-903.948
-1263.84
-1969.88
-4100.98
-6015.37
-4851.3
-2790.28
-1914.46
-1482.98
-1230.16
-1065.73
-951.134
-867.326
-803.885
-754.655
-715.78
-684.731
-659.785
-639.738
-623.732
-611.146
-601.534
-594.574
-590.048
-587.819
-587.819
-590.048
-594.574
-601.534
-611.146
-623.732
-639.738
-659.785
-684.731
-715.78
-754.655
-803.885
-867.326
-951.134
-1065.73
-1230.16
-1482.98
-1914.46
-2790.28
-4851.3
-6015.37
-4100.98
-1969.88
-1263.84
-903.948
-684.599
-537.162
-431.542
-352.388
-291.048
-242.274
-202.703
-170.08
-142.839
-119.858
-100.315
-83.5949
-69.2269
-56.848
-46.1737
-36.979
-29.0847
-22.3473
-16.6518
-11.9061
-8.0372
-4.98766
-2.71325
-1.18013
-0.464166
