0.0107299
0.0148259
0.0284817
0.0942518
0.234512
0.328118
0.512028
0.520365
0.564262
0.622188
0.699643
0.795569
0.93066
1
1
1
1
1
1
1
1
1
1
1
1
1
1
1
1
1
1
1
1
1
1
1
1
0.93066
0.795569
0.699643
0.622188
0.564262
0.520365
0.512028
0.328118
0.234512
0.0942518
0.0284817
0.0148259
0.0107299
0.0111622
0.015431
0.0298414
0.0971232
0.232698
0.327097
0.511404
0.522753
0.566339
0.637217
0.717635
0.822643
0.967
1
1
1
0.978386
0.747507
0.648309
0.608843
0.589496
0.581453
0.579285
0.579372
0.579805
0.579805
0.579372
0.579285
0.581453
0.589496
0.608843
0.648309
0.747507
0.978386
1
1
1
0.967
0.822643
0.717635
0.637217
0.566339
0.522753
0.511404
0.327097
0.232698
0.0971232
0.0298414
0.015431
0.0111622
0.0120729
0.0168724
0.0333982
0.107951
0.239792
0.334688
0.519009
0.537604
0.579028
0.669853
0.745607
0.850861
0.96819
1
1
1
0.917919
0.761452
0.642078
0.592093
0.574238
0.567638
0.565868
0.565982
0.56638
0.56638
0.565982
0.565868
0.567638
0.574238
0.592093
0.642078
0.761452
0.917919
1
1
1
0.96819
0.850861
0.745607
0.669853
0.579028
0.537604
0.519009
0.334688
0.239792
0.107951
0.0333982
0.0168724
0.0120729
0.0136425
0.0194068
0.0400028
0.126714
0.252697
0.348986
0.532282
0.560517
0.600646
0.698827
0.768826
0.854415
0.949654
1
1
0.986735
0.887091
0.769669
0.6579
0.589346
0.561405
0.552838
0.550907
0.550958
0.551295
0.551295
0.550958
0.550907
0.552838
0.561405
0.589346
0.6579
0.769669
0.887091
0.986735
1
1
0.949654
0.854415
0.768826
0.698827
0.600646
0.560517
0.532282
0.348986
0.252697
0.126714
0.0400028
0.0194068
0.0136425
0.016117
0.0234869
0.0511378
0.152062
0.268812
0.367445
0.547818
0.588203
0.631831
0.706356
0.788738
0.849057
0.915756
0.958115
0.972835
0.933794
0.86271
0.773777
0.67844
0.60173
0.558537
0.541065
0.535845
0.534865
0.534905
0.534905
0.534865
0.535845
0.541065
0.558537
0.60173
0.67844
0.773777
0.86271
0.933794
0.972835
0.958115
0.915756
0.849057
0.788738
0.706356
0.631831
0.588203
0.547818
0.367445
0.268812
0.152062
0.0511378
0.0234869
0.016117
0.019831
0.0297956
0.0686956
0.18096
0.286263
0.386761
0.561493
0.617423
0.660871
0.702919
0.789978
0.842243
0.876807
0.905103
0.91143
0.885605
0.835785
0.769058
0.69298
0.62033
0.566466
0.53643
0.523705
0.519611
0.518687
0.518687
0.519611
0.523705
0.53643
0.566466
0.62033
0.69298
0.769058
0.835785
0.885605
0.91143
0.905103
0.876807
0.842243
0.789978
0.702919
0.660871
0.617423
0.561493
0.386761
0.286263
0.18096
0.0686956
0.0297956
0.019831
0.0251607
0.0392354
0.0937189
0.210667
0.304564
0.403646
0.56923
0.643592
0.67678
0.719663
0.762971
0.823336
0.84941
0.861556
0.860192
0.841486
0.806037
0.7569
0.697809
0.635117
0.578929
0.539257
0.517667
0.50855
0.505701
0.505701
0.50855
0.517667
0.539257
0.578929
0.635117
0.697809
0.7569
0.806037
0.841486
0.860192
0.861556
0.84941
0.823336
0.762971
0.719663
0.67678
0.643592
0.56923
0.403646
0.304564
0.210667
0.0937189
0.0392354
0.0251607
0.0324218
0.0527401
0.124347
0.240263
0.324197
0.415998
0.568085
0.659425
0.690231
0.729226
0.754647
0.782024
0.81453
0.826879
0.821497
0.804055
0.77666
0.739454
0.692782
0.640027
0.588607
0.546836
0.51934
0.504905
0.499287
0.499287
0.504905
0.51934
0.546836
0.588607
0.640027
0.692782
0.739454
0.77666
0.804055
0.821497
0.826879
0.81453
0.782024
0.754647
0.729226
0.690231
0.659425
0.568085
0.415998
0.324197
0.240263
0.124347
0.0527401
0.0324218
0.0417919
0.0707168
0.15599
0.269136
0.345405
0.423595
0.556992
0.658104
0.703687
0.723877
0.751603
0.765431
0.773906
0.78301
0.782416
0.769836
0.747443
0.716856
0.679365
0.637377
0.594947
0.556744
0.526853
0.50754
0.498497
0.498497
0.50754
0.526853
0.556744
0.594947
0.637377
0.679365
0.716856
0.747443
0.769836
0.782416
0.78301
0.773906
0.765431
0.751603
0.723877
0.703687
0.658104
0.556992
0.423595
0.345405
0.269136
0.15599
0.0707168
0.0417919
0.0533526
0.0922684
0.184896
0.295817
0.367601
0.428214
0.537031
0.638425
0.701054
0.72613
0.736753
0.748387
0.754199
0.751962
0.745193
0.733795
0.716462
0.693223
0.665024
0.632921
0.598396
0.56435
0.534811
0.513437
0.502387
0.502387
0.513437
0.534811
0.56435
0.598396
0.632921
0.665024
0.693223
0.716462
0.733795
0.745193
0.751962
0.754199
0.748387
0.736753
0.72613
0.701054
0.638425
0.537031
0.428214
0.367601
0.295817
0.184896
0.0922684
0.0533526
0.0669954
0.114957
0.209338
0.317841
0.389003
0.433178
0.511782
0.60435
0.67419
0.716584
0.73153
0.73291
0.730686
0.725804
0.717147
0.704827
0.689285
0.670648
0.648908
0.6244
0.59818
0.572039
0.548376
0.530088
0.520039
0.520039
0.530088
0.548376
0.572039
0.59818
0.6244
0.648908
0.670648
0.689285
0.704827
0.717147
0.725804
0.730686
0.73291
0.73153
0.716584
0.67419
0.60435
0.511782
0.433178
0.389003
0.317841
0.209338
0.114957
0.0669954
0.0817928
0.135577
0.227551
0.331842
0.405972
0.441413
0.488083
0.559893
0.628781
0.680106
0.711813
0.723642
0.721662
0.712928
0.701391
0.688479
0.674596
0.659846
0.644228
0.627675
0.610102
0.591752
0.573877
0.55908
0.550563
0.550563
0.55908
0.573877
0.591752
0.610102
0.627675
0.644228
0.659846
0.674596
0.688479
0.701391
0.712928
0.721662
0.723642
0.711813
0.680106
0.628781
0.559893
0.488083
0.441413
0.405972
0.331842
0.227551
0.135577
0.0817928
0.0954351
0.151138
0.237482
0.334507
0.413006
0.451278
0.474856
0.515382
0.570059
0.621443
0.661116
0.687346
0.700411
0.702654
0.697642
0.688619
0.67763
0.665458
0.651941
0.636471
0.618664
0.599072
0.579632
0.563528
0.554289
0.554289
0.563528
0.579632
0.599072
0.618664
0.636471
0.651941
0.665458
0.67763
0.688619
0.697642
0.702654
0.700411
0.687346
0.661116
0.621443
0.570059
0.515382
0.474856
0.451278
0.413006
0.334507
0.237482
0.151138
0.0954351
0.10493
0.159302
0.238164
0.324109
0.404395
0.453825
0.474052
0.487795
0.51379
0.549758
0.585811
0.615679
0.637013
0.649625
0.654411
0.652691
0.645679
0.634181
0.618631
0.599409
0.577299
0.553896
0.531781
0.514248
0.504484
0.504484
0.514248
0.531781
0.553896
0.577299
0.599409
0.618631
0.634181
0.645679
0.652691
0.654411
0.649625
0.637013
0.615679
0.585811
0.549758
0.51379
0.487795
0.474052
0.453825
0.404395
0.324109
0.238164
0.159302
0.10493
0.108128
0.158617
0.23025
0.302286
0.377096
0.437253
0.470623
0.481327
0.484393
0.492996
0.508937
0.527515
0.544152
0.556153
0.562336
0.562441
0.5567
0.54561
0.52989
0.510568
0.489105
0.467449
0.447947
0.43307
0.42498
0.42498
0.43307
0.447947
0.467449
0.489105
0.510568
0.52989
0.54561
0.5567
0.562441
0.562336
0.556153
0.544152
0.527515
0.508937
0.492996
0.484393
0.481327
0.470623
0.437253
0.377096
0.302286
0.23025
0.158617
0.108128
0.103862
0.148028
0.213907
0.274998
0.334702
0.3954
0.443023
0.469948
0.477728
0.474403
0.46912
0.466582
0.466699
0.467381
0.46662
0.463156
0.45648
0.446687
0.434338
0.420327
0.405745
0.391759
0.379565
0.370398
0.36543
0.36543
0.370398
0.379565
0.391759
0.405745
0.420327
0.434338
0.446687
0.45648
0.463156
0.46662
0.467381
0.466699
0.466582
0.46912
0.474403
0.477728
0.469948
0.443023
0.3954
0.334702
0.274998
0.213907
0.148028
0.103862
0.0909295
0.12595
0.185292
0.244306
0.291081
0.336082
0.383418
0.423533
0.449749
0.461161
0.460839
0.453652
0.443915
0.434116
0.425067
0.416684
0.408656
0.400745
0.392827
0.384827
0.376714
0.368628
0.361078
0.355016
0.351586
0.351586
0.355016
0.361078
0.368628
0.376714
0.384827
0.392827
0.400745
0.408656
0.416684
0.425067
0.434116
0.443915
0.453652
0.460839
0.461161
0.449749
0.423533
0.383418
0.336082
0.291081
0.244306
0.185292
0.12595
0.0909295
0.0705033
0.093601
0.140051
0.198149
0.24804
0.283788
0.312997
0.344291
0.374778
0.399071
0.41469
0.421879
0.422406
0.418466
0.411942
0.404066
0.395412
0.38607
0.375893
0.364773
0.35289
0.34089
0.329907
0.321383
0.316695
0.316695
0.321383
0.329907
0.34089
0.35289
0.364773
0.375893
0.38607
0.395412
0.404066
0.411942
0.418466
0.422406
0.421879
0.41469
0.399071
0.374778
0.344291
0.312997
0.283788
0.24804
0.198149
0.140051
0.093601
0.0705033
0.0490277
0.0608409
0.0869847
0.130562
0.181897
0.225523
0.25671
0.276508
0.29096
0.30446
0.316743
0.326027
0.331214
0.332157
0.329277
0.32321
0.314609
0.304105
0.292339
0.28
0.267823
0.256572
0.247036
0.240032
0.236299
0.236299
0.240032
0.247036
0.256572
0.267823
0.28
0.292339
0.304105
0.314609
0.32321
0.329277
0.332157
0.331214
0.326027
0.316743
0.30446
0.29096
0.276508
0.25671
0.225523
0.181897
0.130562
0.0869847
0.0608409
0.0490277
0.0328184
0.0379147
0.0485591
0.0678773
0.0981
0.136002
0.172503
0.20091
0.220401
0.232227
0.238307
0.240542
0.240184
0.237856
0.233863
0.228404
0.221632
0.213666
0.204632
0.194757
0.184481
0.174511
0.16577
0.159243
0.155749
0.155749
0.159243
0.16577
0.174511
0.184481
0.194757
0.204632
0.213666
0.221632
0.228404
0.233863
0.237856
0.240184
0.240542
0.238307
0.232227
0.220401
0.20091
0.172503
0.136002
0.0981
0.0678773
0.0485591
0.0379147
0.0328184
0.0226441
0.0248754
0.0289967
0.0356713
0.045728
0.0597461
0.0771784
0.0958618
0.112861
0.125956
0.134336
0.13825
0.138391
0.135501
0.130242
0.123201
0.114937
0.106018
0.0970209
0.088492
0.0808907
0.0745539
0.0696926
0.0664169
0.0647723
0.0647723
0.0664169
0.0696926
0.0745539
0.0808907
0.088492
0.0970209
0.106018
0.114937
0.123201
0.130242
0.135501
0.138391
0.13825
0.134336
0.125956
0.112861
0.0958618
0.0771784
0.0597461
0.045728
0.0356713
0.0289967
0.0248754
0.0226441
0.0166447
0.0177406
0.0195543
0.0221672
0.0256241
0.0298634
0.0346411
0.0395155
0.0439289
0.0473579
0.0494637
0.0501658
0.0496119
0.0480865
0.0459156
0.0433997
0.04078
0.0382321
0.0358737
0.0337787
0.0319917
0.0305394
0.0294382
0.0286986
0.0283272
0.0283272
0.0286986
0.0294382
0.0305394
0.0319917
0.0337787
0.0358737
0.0382321
0.04078
0.0433997
0.0459156
0.0480865
0.0496119
0.0501658
0.0494637
0.0473579
0.0439289
0.0395155
0.0346411
0.0298634
0.0256241
0.0221672
0.0195543
0.0177406
0.0166447
0.0131767
0.0138034
0.0147474
0.0159909
0.0174805
0.0191157
0.02075
0.0222128
0.0233486
0.0240547
0.0243022
0.024132
0.0236318
0.0229076
0.0220603
0.0211726
0.0203048
0.0194962
0.0187703
0.0181392
0.017609
0.0171822
0.0168604
0.0166448
0.0165367
0.0165367
0.0166448
0.0168604
0.0171822
0.017609
0.0181392
0.0187703
0.0194962
0.0203048
0.0211726
0.0220603
0.0229076
0.0236318
0.024132
0.0243022
0.0240547
0.0233486
0.0222128
0.02075
0.0191157
0.0174805
0.0159909
0.0147474
0.0138034
0.0131767
0.0112664
0.0116922
0.0122862
0.0130166
0.0138288
0.0146464
0.0153818
0.015953
0.0163031
0.0164115
0.0162944
0.0159955
0.0155714
0.015079
0.0145668
0.0140711
0.0136159
0.0132145
0.0128719
0.0125882
0.0123603
0.012184
0.0120554
0.0119714
0.0119298
0.0119298
0.0119714
0.0120554
0.012184
0.0123603
0.0125882
0.0128719
0.0132145
0.0136159
0.0140711
0.0145668
0.015079
0.0155714
0.0159955
0.0162944
0.0164115
0.0163031
0.015953
0.0153818
0.0146464
0.0138288
0.0130166
0.0122862
0.0116922
0.0112664
0.0104146
0.0107639
0.0112291
0.0117782
0.0123616
0.0129168
0.0133786
0.0136929
0.0138291
0.013785
0.013584
0.0132655
0.012875
0.0124548
0.0120394
0.0116533
0.0113116
0.0110213
0.0107834
0.0105948
0.0104501
0.0103432
0.0102685
0.0102212
0.0101984
0.0101984
0.0102212
0.0102685
0.0103432
0.0104501
0.0105948
0.0107834
0.0110213
0.0113116
0.0116533
0.0120394
0.0124548
0.012875
0.0132655
0.013584
0.013785
0.0138291
0.0136929
0.0133786
0.0129168
0.0123616
0.0117782
0.0112291
0.0107639
0.0104146
0.0104146
0.0107639
0.0112291
0.0117782
0.0123616
0.0129168
0.0133786
0.0136929
0.0138291
0.013785
0.013584
0.0132655
0.012875
0.0124548
0.0120394
0.0116533
0.0113116
0.0110213
0.0107834
0.0105948
0.0104501
0.0103432
0.0102685
0.0102212
0.0101984
0.0101984
0.0102212
0.0102685
0.0103432
0.0104501
0.0105948
0.0107834
0.0110213
0.0113116
0.0116533
0.0120394
0.0124548
0.012875
0.0132655
0.013584
0.013785
0.0138291
0.0136929
0.0133786
0.0129168
0.0123616
0.0117782
0.0112291
0.0107639
0.0104146
0.0112664
0.0116922
0.0122862
0.0130166
0.0138288
0.0146464
0.0153818
0.015953
0.0163031
0.0164115
0.0162944
0.0159955
0.0155714
0.015079
0.0145668
0.0140711
0.0136159
0.0132145
0.0128719
0.0125882
0.0123603
0.012184
0.0120554
0.0119714
0.0119298
0.0119298
0.0119714
0.0120554
0.012184
0.0123603
0.0125882
0.0128719
0.0132145
0.0136159
0.0140711
0.0145668
0.015079
0.0155714
0.0159955
0.0162944
0.0164115
0.0163031
0.015953
0.0153818
0.0146464
0.0138288
0.0130166
0.0122862
0.0116922
0.0112664
0.0131767
0.0138034
0.0147474
0.0159909
0.0174805
0.0191157
0.02075
0.0222128
0.0233486
0.0240547
0.0243022
0.024132
0.0236318
0.0229076
0.0220603
0.0211726
0.0203048
0.0194962
0.0187703
0.0181392
0.017609
0.0171822
0.0168604
0.0166448
0.0165367
0.0165367
0.0166448
0.0168604
0.0171822
0.017609
0.0181392
0.0187703
0.0194962
0.0203048
0.0211726
0.0220603
0.0229076
0.0236318
0.024132
0.0243022
0.0240547
0.0233486
0.0222128
0.02075
0.0191157
0.0174805
0.0159909
0.0147474
0.0138034
0.0131767
0.0166447
0.0177406
0.0195543
0.0221672
0.0256241
0.0298634
0.0346411
0.0395155
0.0439289
0.0473579
0.0494637
0.0501658
0.0496119
0.0480865
0.0459156
0.0433997
0.04078
0.0382321
0.0358737
0.0337787
0.0319917
0.0305394
0.0294382
0.0286986
0.0283272
0.0283272
0.0286986
0.0294382
0.0305394
0.0319917
0.0337787
0.0358737
0.0382321
0.04078
0.0433997
0.0459156
0.0480865
0.0496119
0.0501658
0.0494637
0.0473579
0.0439289
0.0395155
0.0346411
0.0298634
0.0256241
0.0221672
0.0195543
0.0177406
0.0166447
0.0226441
0.0248754
0.0289967
0.0356713
0.045728
0.0597461
0.0771784
0.0958618
0.112861
0.125956
0.134336
0.13825
0.138391
0.135501
0.130242
0.123201
0.114937
0.106018
0.0970209
0.088492
0.0808907
0.0745539
0.0696926
0.0664169
0.0647723
0.0647723
0.0664169
0.0696926
0.0745539
0.0808907
0.088492
0.0970209
0.106018
0.114937
0.123201
0.130242
0.135501
0.138391
0.13825
0.134336
0.125956
0.112861
0.0958618
0.0771784
0.0597461
0.045728
0.0356713
0.0289967
0.0248754
0.0226441
0.0328184
0.0379147
0.0485591
0.0678773
0.0981
0.136002
0.172503
0.20091
0.220401
0.232227
0.238307
0.240542
0.240184
0.237856
0.233863
0.228404
0.221632
0.213666
0.204632
0.194757
0.184481
0.174511
0.16577
0.159243
0.155749
0.155749
0.159243
0.16577
0.174511
0.184481
0.194757
0.204632
0.213666
0.221632
0.228404
0.233863
0.237856
0.240184
0.240542
0.238307
0.232227
0.220401
0.20091
0.172503
0.136002
0.0981
0.0678773
0.0485591
0.0379147
0.0328184
0.0490277
0.0608409
0.0869847
0.130562
0.181897
0.225523
0.25671
0.276508
0.29096
0.30446
0.316743
0.326027
0.331214
0.332157
0.329277
0.32321
0.314609
0.304105
0.292339
0.28
0.267823
0.256572
0.247036
0.240032
0.236299
0.236299
0.240032
0.247036
0.256572
0.267823
0.28
0.292339
0.304105
0.314609
0.32321
0.329277
0.332157
0.331214
0.326027
0.316743
0.30446
0.29096
0.276508
0.25671
0.225523
0.181897
0.130562
0.0869847
0.0608409
0.0490277
0.0705033
0.093601
0.140051
0.198149
0.24804
0.283788
0.312997
0.344291
0.374778
0.399071
0.41469
0.421879
0.422406
0.418466
0.411942
0.404066
0.395412
0.38607
0.375893
0.364773
0.35289
0.34089
0.329907
0.321383
0.316695
0.316695
0.321383
0.329907
0.34089
0.35289
0.364773
0.375893
0.38607
0.395412
0.404066
0.411942
0.418466
0.422406
0.421879
0.41469
0.399071
0.374778
0.344291
0.312997
0.283788
0.24804
0.198149
0.140051
0.093601
0.0705033
0.0909295
0.12595
0.185292
0.244306
0.291081
0.336082
0.383418
0.423533
0.449749
0.461161
0.460839
0.453652
0.443915
0.434116
0.425067
0.416684
0.408656
0.400745
0.392827
0.384827
0.376714
0.368628
0.361078
0.355016
0.351586
0.351586
0.355016
0.361078
0.368628
0.376714
0.384827
0.392827
0.400745
0.408656
0.416684
0.425067
0.434116
0.443915
0.453652
0.460839
0.461161
0.449749
0.423533
0.383418
0.336082
0.291081
0.244306
0.185292
0.12595
0.0909295
0.103862
0.148028
0.213907
0.274998
0.334702
0.3954
0.443023
0.469948
0.477728
0.474403
0.46912
0.466582
0.466699
0.467381
0.46662
0.463156
0.45648
0.446687
0.434338
0.420327
0.405745
0.391759
0.379565
0.370398
0.36543
0.36543
0.370398
0.379565
0.391759
0.405745
0.420327
0.434338
0.446687
0.45648
0.463156
0.46662
0.467381
0.466699
0.466582
0.46912
0.474403
0.477728
0.469948
0.443023
0.3954
0.334702
0.274998
0.213907
0.148028
0.103862
0.108128
0.158617
0.23025
0.302286
0.377096
0.437253
0.470623
0.481327
0.484393
0.492996
0.508937
0.527515
0.544152
0.556153
0.562336
0.562441
0.5567
0.54561
0.52989
0.510568
0.489105
0.467449
0.447947
0.43307
0.42498
0.42498
0.43307
0.447947
0.467449
0.489105
0.510568
0.52989
0.54561
0.5567
0.562441
0.562336
0.556153
0.544152
0.527515
0.508937
0.492996
0.484393
0.481327
0.470623
0.437253
0.377096
0.302286
0.23025
0.158617
0.108128
0.10493
0.159302
0.238164
0.324109
0.404395
0.453825
0.474052
0.487795
0.51379
0.549758
0.585811
0.615679
0.637013
0.649625
0.654411
0.652691
0.645679
0.634181
0.618631
0.599409
0.577299
0.553896
0.531781
0.514248
0.504484
0.504484
0.514248
0.531781
0.553896
0.577299
0.599409
0.618631
0.634181
0.645679
0.652691
0.654411
0.649625
0.637013
0.615679
0.585811
0.549758
0.51379
0.487795
0.474052
0.453825
0.404395
0.324109
0.238164
0.159302
0.10493
0.0954351
0.151138
0.237482
0.334507
0.413006
0.451278
0.474856
0.515382
0.570059
0.621443
0.661116
0.687346
0.700411
0.702654
0.697642
0.688619
0.67763
0.665458
0.651941
0.636471
0.618664
0.599072
0.579632
0.563528
0.554289
0.554289
0.563528
0.579632
0.599072
0.618664
0.636471
0.651941
0.665458
0.67763
0.688619
0.697642
0.702654
0.700411
0.687346
0.661116
0.621443
0.570059
0.515382
0.474856
0.451278
0.413006
0.334507
0.237482
0.151138
0.0954351
0.0817928
0.135577
0.227551
0.331842
0.405972
0.441413
0.488083
0.559893
0.628781
0.680106
0.711813
0.723642
0.721662
0.712928
0.701391
0.688479
0.674596
0.659846
0.644228
0.627675
0.610102
0.591752
0.573877
0.55908
0.550563
0.550563
0.55908
0.573877
0.591752
0.610102
0.627675
0.644228
0.659846
0.674596
0.688479
0.701391
0.712928
0.721662
0.723642
0.711813
0.680106
0.628781
0.559893
0.488083
0.441413
0.405972
0.331842
0.227551
0.135577
0.0817928
0.0669954
0.114957
0.209338
0.317841
0.389003
0.433178
0.511782
0.60435
0.67419
0.716584
0.73153
0.73291
0.730686
0.725804
0.717147
0.704827
0.689285
0.670648
0.648908
0.6244
0.59818
0.572039
0.548376
0.530088
0.520039
0.520039
0.530088
0.548376
0.572039
0.59818
0.6244
0.648908
0.670648
0.689285
0.704827
0.717147
0.725804
0.730686
0.73291
0.73153
0.716584
0.67419
0.60435
0.511782
0.433178
0.389003
0.317841
0.209338
0.114957
0.0669954
0.0533526
0.0922684
0.184896
0.295817
0.367601
0.428214
0.537031
0.638425
0.701054
0.72613
0.736753
0.748387
0.754199
0.751962
0.745193
0.733795
0.716462
0.693223
0.665024
0.632921
0.598396
0.56435
0.534811
0.513437
0.502387
0.502387
0.513437
0.534811
0.56435
0.598396
0.632921
0.665024
0.693223
0.716462
0.733795
0.745193
0.751962
0.754199
0.748387
0.736753
0.72613
0.701054
0.638425
0.537031
0.428214
0.367601
0.295817
0.184896
0.0922684
0.0533526
0.0417919
0.0707168
0.15599
0.269136
0.345405
0.423595
0.556992
0.658104
0.703687
0.723877
0.751603
0.765431
0.773906
0.78301
0.782416
0.769836
0.747443
0.716856
0.679365
0.637377
0.594947
0.556744
0.526853
0.50754
0.498497
0.498497
0.50754
0.526853
0.556744
0.594947
0.637377
0.679365
0.716856
0.747443
0.769836
0.782416
0.78301
0.773906
0.765431
0.751603
0.723877
0.703687
0.658104
0.556992
0.423595
0.345405
0.269136
0.15599
0.0707168
0.0417919
0.0324218
0.0527401
0.124347
0.240263
0.324197
0.415998
0.568085
0.659425
0.690231
0.729226
0.754647
0.782024
0.81453
0.826879
0.821497
0.804055
0.77666
0.739454
0.692782
0.640027
0.588607
0.546836
0.51934
0.504905
0.499287
0.499287
0.504905
0.51934
0.546836
0.588607
0.640027
0.692782
0.739454
0.77666
0.804055
0.821497
0.826879
0.81453
0.782024
0.754647
0.729226
0.690231
0.659425
0.568085
0.415998
0.324197
0.240263
0.124347
0.0527401
0.0324218
0.0251607
0.0392354
0.0937189
0.210667
0.304564
0.403646
0.56923
0.643592
0.67678
0.719663
0.762971
0.823336
0.84941
0.861556
0.860192
0.841486
0.806037
0.7569
0.697809
0.635117
0.578929
0.539257
0.517667
0.50855
0.505701
0.505701
0.50855
0.517667
0.539257
0.578929
0.635117
0.697809
0.7569
0.806037
0.841486
0.860192
0.861556
0.84941
0.823336
0.762971
0.719663
0.67678
0.643592
0.56923
0.403646
0.304564
0.210667
0.0937189
0.0392354
0.0251607
0.019831
0.0297956
0.0686956
0.18096
0.286263
0.386761
0.561493
0.617423
0.660871
0.702919
0.789978
0.842243
0.876807
0.905103
0.91143
0.885605
0.835785
0.769058
0.69298
0.62033
0.566466
0.53643
0.523705
0.519611
0.518687
0.518687
0.519611
0.523705
0.53643
0.566466
0.62033
0.69298
0.769058
0.835785
0.885605
0.91143
0.905103
0.876807
0.842243
0.789978
0.702919
0.660871
0.617423
0.561493
0.386761
0.286263
0.18096
0.0686956
0.0297956
0.019831
0.016117
0.0234869
0.0511378
0.152062
0.268812
0.367445
0.547818
0.588203
0.631831
0.706356
0.788738
0.849057
0.915756
0.958115
0.972835
0.933794
0.86271
0.773777
0.67844
0.60173
0.558537
0.541065
0.535845
0.534865
0.534905
0.534905
0.534865
0.535845
0.541065
0.558537
0.60173
0.67844
0.773777
0.86271
0.933794
0.972835
0.958115
0.915756
0.849057
0.788738
0.706356
0.631831
0.588203
0.547818
0.367445
0.268812
0.152062
0.0511378
0.0234869
0.016117
0.0136425
0.0194068
0.0400028
0.126714
0.252697
0.348986
0.532282
0.560517
0.600646
0.698827
0.768826
0.854415
0.949654
1
1
0.986735
0.887091
0.769669
0.6579
0.589346
0.561405
0.552838
0.550907
0.550958
0.551295
0.551295
0.550958
0.550907
0.552838
0.561405
0.589346
0.6579
0.769669
0.887091
0.986735
1
1
0.949654
0.854415
0.768826
0.698827
0.600646
0.560517
0.532282
0.348986
0.252697
0.126714
0.0400028
0.0194068
0.0136425
0.0120729
0.0168724
0.0333982
0.107951
0.239792
0.334688
0.519009
0.537604
0.579028
0.669853
0.745607
0.850861
0.96819
1
1
1
0.917919
0.761452
0.642078
0.592093
0.574238
0.567638
0.565868
0.565982
0.56638
0.56638
0.565982
0.565868
0.567638
0.574238
0.592093
0.642078
0.761452
0.917919
1
1
1
0.96819
0.850861
0.745607
0.669853
0.579028
0.537604
0.519009
0.334688
0.239792
0.107951
0.0333982
0.0168724
0.0120729
0.0111622
0.015431
0.0298414
0.0971232
0.232698
0.327097
0.511404
0.522753
0.566339
0.637217
0.717635
0.822643
0.967
1
1
1
0.978386
0.747507
0.648309
0.608843
0.589496
0.581453
0.579285
0.579372
0.579805
0.579805
0.579372
0.579285
0.581453
0.589496
0.608843
0.648309
0.747507
0.978386
1
1
1
0.967
0.822643
0.717635
0.637217
0.566339
0.522753
0.511404
0.327097
0.232698
0.0971232
0.0298414
0.015431
0.0111622
0.0107299
0.0148259
0.0284817
0.0942518
0.234512
0.328118
0.512028
0.520365
0.564262
0.622188
0.699643
0.795569
0.93066
1
1
1
1
1
1
1
1
1
1
1
1
1
1
1
1
1
1
1
1
1
1
1
1
0.93066
0.795569
0.699643
0.622188
0.564262
0.520365
0.512028
0.328118
0.234512
0.0942518
0.0284817
0.0148259
0.0107299
