0.001
0.001
0.163655
0.787562
0.798535
0.8
0.8
0.915641
0.956363
0.966429
0.969587
0.985512
1
1
1
1
1
1
1
1
1
1
1
1
0.376587
0.376737
1
1
1
1
1
1
1
1
1
1
1
1
0.987618
0.972385
0.969413
0.959449
0.918659
0.8
0.8
0.798535
0.787562
0.164125
0.001
0.001
0.001
0.001
0.170201
0.548436
0.637763
0.794677
0.688132
0.647186
0.700491
0.718234
0.739318
0.79076
1
1
1
1
1
1
1
1
1
1
1
0.666031
0.195983
0.195943
0.666094
1
1
1
1
1
1
1
1
1
1
1
0.790758
0.739318
0.718236
0.700494
0.647187
0.688132
0.794677
0.637763
0.548435
0.170704
0.001
0.001
0.001
0.001
0.0877644
0.197754
0.182988
0.110124
0.128684
0.14876
0.130498
0.128686
0.15181
0.418801
1
1
1
1
1
1
1
1
0.625433
0.0820455
0.0322846
0.0504962
0.0290949
0.0290008
0.0503356
0.0321959
0.0823919
0.625709
1
1
1
1
1
1
1
1
0.419429
0.153201
0.130003
0.131635
0.149549
0.129169
0.110473
0.183559
0.198359
0.0880281
0.001
0.001
0.001
0.001
0.001
0.00114275
0.00110539
0.001
0.001
0.001
0.001
0.001
0.0717211
0.609817
1
1
1
1
1
1
1
1
0.384558
0.0231211
0.001
0.001
0.001
0.001
0.001
0.001
0.023359
0.384915
1
1
1
1
1
1
1
1
0.60926
0.0718514
0.001
0.001
0.001
0.001
0.001
0.00110833
0.00114538
0.001
0.001
0.001
0.001
0.001
0.001
0.001
0.001
0.001
0.001
0.001
0.001
0.0387661
0.280701
1
1
1
1
1
1
1
1
0.950731
0.229111
0.00131594
0.001
0.001
0.001
0.001
0.001
0.001
0.00134146
0.229593
0.949351
1
1
1
1
1
1
1
0.999221
0.280669
0.0388253
0.001
0.001
0.001
0.001
0.001
0.001
0.001
0.001
0.001
0.001
0.001
0.001
0.001
0.001
0.001
0.001
0.001
0.00582164
0.157497
0.711437
1
1
1
1
1
1
1
1
0.767408
0.172549
0.001
0.001
0.001
0.001
0.001
0.001
0.001
0.001
0.17327
0.767539
1
1
1
1
1
1
1
1
0.711214
0.157671
0.00586515
0.001
0.001
0.001
0.001
0.001
0.001
0.001
0.001
0.001
0.001
0.001
0.001
0.001
0.0775641
0.190675
0.201708
0.18605
0.477986
1
1
1
1
1
1
1
1
1
0.653523
0.136615
0.001
0.001
0.001
0.001
0.001
0.001
0.001
0.001
0.137331
0.653494
1
1
1
1
1
1
1
1
1
0.477988
0.184008
0.214831
0.212835
0.0893774
0.001
0.001
0.001
0.001
0.001
0.001
0.001
0.001
0.001
0.001
0.193102
0.520851
0.584265
0.54619
0.946537
1
1
1
1
1
0.993661
1
1
1
0.680775
0.137647
0.001
0.001
0.001
0.001
0.001
0.001
0.001
0.001
0.137697
0.679115
1
1
1
0.99161
1
1
1
1
1
0.945511
0.541438
0.586201
0.56623
0.214061
0.001
0.001
0.001
0.001
0.001
0.001
0.001
0.001
0.001
0.001
0.181562
0.537835
0.675085
0.784839
1
1
1
1
1
0.96371
0.527007
0.897968
1
1
0.858377
0.186147
0.001
0.001
0.001
0.001
0.001
0.001
0.001
0.001
0.185248
0.853744
1
1
0.891786
0.525803
0.963352
1
1
1
1
1
0.784519
0.675085
0.538127
0.193088
0.001
0.001
0.001
0.001
0.001
0.001
0.001
0.001
0.001
0.001
0.061508
0.235985
0.617119
0.869394
1
1
1
1
1
0.432603
0.163967
0.578588
1
1
0.968982
0.252258
0.00539793
0.001
0.001
0.001
0.001
0.001
0.001
0.00553046
0.251106
0.962745
1
1
0.574965
0.16362
0.432378
1
1
1
1
1
0.86837
0.618638
0.230265
0.0597682
0.001
0.001
0.001
0.001
0.001
0.001
0.001
0.001
0.001
0.001
0.00986654
0.160991
0.546693
0.998395
1
1
1
1
0.594541
0.107587
0.0128314
0.315114
1
1
1
0.398535
0.0498082
0.001
0.001
0.001
0.001
0.001
0.001
0.0498896
0.397109
1
1
1
0.313198
0.0129276
0.107522
0.594243
1
1
1
1
0.999459
0.545765
0.160376
0.00982617
0.001
0.001
0.001
0.001
0.001
0.001
0.001
0.00134311
0.00232444
0.0184655
0.124035
0.381394
0.8
1
1
1
1
0.826433
0.227794
0.0146079
0.001
0.185359
0.882812
1
1
0.646116
0.129259
0.001
0.001
0.001
0.001
0.001
0.001
0.128757
0.642428
1
1
0.876004
0.183839
0.001
0.0145953
0.227712
0.826333
1
1
1
1
0.8
0.382227
0.124556
0.0186124
0.00236735
0.0013719
0.001
0.001
0.001
0.0715644
0.191305
0.239416
0.260378
0.415372
0.764414
0.8257
0.983935
1
1
0.980337
0.434147
0.0638347
0.001
0.001
0.103248
0.626013
1
1
0.803538
0.190622
0.001
0.001
0.001
0.001
0.001
0.001
0.189083
0.797182
1
1
0.620375
0.102409
0.001
0.001
0.0638058
0.434238
0.980538
1
1
0.984754
0.826582
0.764414
0.41511
0.261908
0.239396
0.189972
0.0706077
0.001
0.001
0.202261
0.565184
0.699837
0.795628
0.8
0.8
0.8
0.849109
0.95711
0.97301
0.8
0.288626
0.0080851
0.001
0.001
0.0322408
0.439444
1
1
1
0.395909
0.0208553
0.001
0.001
0.001
0.001
0.0211786
0.390658
1
1
1
0.433431
0.0320734
0.001
0.001
0.00805751
0.288685
0.8
0.973223
0.957442
0.849569
0.8
0.8
0.8
0.795416
0.699875
0.564381
0.199199
0.001
0.001
0.207606
0.574468
0.701327
0.8
0.736806
0.706406
0.8
0.8
0.809623
0.801786
0.8
0.227654
0.00272107
0.001
0.001
0.00406857
0.358422
1
1
1
0.66639
0.142188
0.0019249
0.001
0.001
0.0021999
0.14197
0.668382
1
1
1
0.352531
0.00398671
0.001
0.001
0.00271867
0.227622
0.8
0.801786
0.809653
0.8
0.8
0.706406
0.736806
0.8
0.701636
0.569045
0.204269
0.001
0.001
0.0791019
0.201526
0.244065
0.284701
0.419552
0.697607
0.8
0.8
0.8
0.8
0.8
0.176575
0.00195146
0.001
0.001
0.072178
0.469738
1
1
1
0.992245
0.535059
0.220061
0.0538737
0.0463302
0.202954
0.51881
0.992245
1
1
1
0.465778
0.0720499
0.001
0.001
0.00194859
0.176497
0.8
0.8
0.8
0.8
0.8
0.698565
0.419264
0.285083
0.242475
0.19897
0.0777536
0.001
0.001
0.001
0.001
0.0026971
0.0317886
0.296565
0.846637
1
1
0.949584
1
0.884415
0.26978
0.0099921
0.001
0.001
0.200598
0.763426
0.860639
0.943307
1
1
0.930653
0.691367
0.223669
0.211384
0.646319
0.930653
1
1
0.943307
0.860363
0.763901
0.201372
0.001
0.001
0.00994325
0.269547
0.884052
1
0.949304
1
1
0.846658
0.296591
0.0317188
0.00269014
0.001
0.001
0.001
0.001
0.001
0.001
0.001
0.144943
0.628821
0.982003
1
0.970601
1
0.958137
1
0.60698
0.166106
0.001
0.001
0.210527
0.742187
0.799756
0.920535
0.796629
0.910426
0.956644
0.781201
0.27531
0.263887
0.745499
0.956644
0.910426
0.796629
0.920535
0.799836
0.743644
0.211942
0.001
0.001
0.166055
0.606693
1
0.958056
1
0.970601
1
0.982003
0.628948
0.144933
0.001
0.001
0.001
0.001
0.001
0.001
0.001
0.0663169
0.415214
0.906595
1
1
0.905848
0.901664
0.894181
0.973609
0.796423
0.426415
0.0651617
0.001
0.0847796
0.279166
0.347833
0.272119
0.251824
0.283258
0.344425
0.297274
0.127946
0.122967
0.28131
0.327349
0.283202
0.252574
0.272536
0.349257
0.280886
0.0855576
0.001
0.0650743
0.426194
0.796423
0.973609
0.894164
0.901664
0.905848
1
1
0.906595
0.415152
0.0663052
0.001
0.001
0.001
0.001
0.001
0.001
0.159785
0.853651
1
1
0.860168
0.403301
0.612732
0.840188
0.915271
0.988045
0.812137
0.247662
0.001
0.001
0.001
0.001
0.001
0.001
0.001
0.001
0.001
0.001
0.001
0.001
0.001
0.001
0.001
0.001
0.001
0.001
0.001
0.001
0.247553
0.81221
0.98803
0.915271
0.839911
0.612526
0.403107
0.860168
1
1
0.853651
0.159758
0.001
0.001
0.001
0.001
0.001
0.001
0.265931
0.970005
0.981108
0.858156
0.354553
0.0961037
0.203971
0.658969
0.868246
0.934403
0.79539
0.302898
0.001
0.001
0.001
0.001
0.001
0.001
0.001
0.001
0.001
0.001
0.001
0.001
0.001
0.001
0.001
0.001
0.001
0.001
0.001
0.001
0.302916
0.795122
0.934339
0.868246
0.65871
0.203903
0.0960654
0.354502
0.858156
0.981108
0.970005
0.2659
0.001
0.001
0.001
0.001
0.001
0.001
0.248893
0.85184
0.867491
0.30419
0.0662593
0.001
0.0343033
0.137996
0.224241
0.316936
0.314621
0.142658
0.001
0.001
0.001
0.001
0.001
0.001
0.001
0.001
0.001
0.001
0.001
0.001
0.001
0.001
0.001
0.001
0.001
0.001
0.001
0.001
0.142744
0.314753
0.316981
0.224119
0.137937
0.0343053
0.001
0.0662543
0.304168
0.867492
0.85184
0.248873
0.001
0.001
0.001
0.001
0.001
0.001
0.112553
0.253775
0.218317
0.0625698
0.001
0.001
0.001
0.001
0.001
0.001
0.001
0.001
0.001
0.001
0.001
0.001
0.001
0.001
0.001
0.001
0.001
0.001
0.001
0.001
0.001
0.001
0.001
0.001
0.001
0.001
0.001
0.001
0.001
0.001
0.001
0.001
0.001
0.001
0.001
0.001
0.0625682
0.218306
0.25376
0.112545
0.001
0.001
0.001
0.001
0.001
0.001
0.001
0.001
0.001
0.001
0.001
0.001
0.001
0.001
0.001
0.001
0.001
0.001
0.001
0.001
0.001
0.001
0.001
0.001
0.001
0.001
0.001
0.001
0.001
0.001
0.001
0.001
0.001
0.001
0.001
0.001
0.001
0.001
0.001
0.001
0.001
0.001
0.001
0.001
0.001
0.001
0.001
0.001
0.001
0.001
0.001
0.001
0.001
0.001
0.001
0.001
0.001
0.001
0.001
0.001
0.001
0.001
0.001
0.001
0.001
0.001
0.001
0.001
0.001
0.001
0.001
0.001
0.001
0.001
0.001
0.001
0.001
0.001
0.001
0.001
0.001
0.001
0.001
0.001
0.001
0.001
0.001
0.001
0.001
0.001
0.001
0.001
0.001
0.001
0.001
0.001
0.001
0.001
0.001
0.001
0.001
0.001
0.001
0.001
0.001
0.001
0.001
0.001
0.001
0.001
0.001
0.001
0.001
0.001
0.001
0.001
0.001
0.001
0.001
0.001
0.001
0.001
0.001
0.001
0.001
0.001
0.001
0.001
0.001
0.001
0.001
0.001
0.001
0.001
0.001
0.001
0.001
0.001
0.001
0.001
0.001
0.001
0.001
0.001
0.001
0.001
0.001
0.001
0.001
0.001
0.001
0.001
0.001
0.001
0.001
0.001
0.001
0.001
0.001
0.001
0.001
0.001
0.001
0.001
0.001
0.001
0.001
0.001
0.001
0.001
0.001
0.001
0.001
0.001
0.001
0.001
0.001
0.001
0.001
0.001
0.001
0.001
0.001
0.001
0.001
0.001
0.001
0.001
0.001
0.001
0.001
0.001
0.001
0.001
0.001
0.001
0.001
0.001
0.001
0.001
0.001
0.001
0.001
0.001
0.001
0.001
0.11252
0.253715
0.218279
0.0625683
0.001
0.001
0.001
0.001
0.001
0.001
0.001
0.001
0.001
0.001
0.001
0.001
0.001
0.001
0.001
0.001
0.001
0.001
0.001
0.001
0.001
0.001
0.001
0.001
0.001
0.001
0.001
0.001
0.001
0.001
0.001
0.001
0.001
0.001
0.001
0.001
0.062563
0.218263
0.253698
0.112514
0.001
0.001
0.001
0.001
0.001
0.001
0.248806
0.85184
0.867491
0.304096
0.0662388
0.001
0.0343068
0.138051
0.224327
0.317188
0.314963
0.142839
0.001
0.001
0.001
0.001
0.001
0.001
0.001
0.001
0.001
0.001
0.001
0.001
0.001
0.001
0.001
0.001
0.001
0.001
0.001
0.001
0.142909
0.315062
0.31723
0.224113
0.137914
0.0342857
0.001
0.0662365
0.304077
0.867491
0.85184
0.248793
0.001
0.001
0.001
0.001
0.001
0.001
0.265764
0.970005
0.981108
0.858156
0.354337
0.0960728
0.204037
0.659106
0.868246
0.934329
0.795095
0.303152
0.001
0.001
0.001
0.001
0.001
0.001
0.001
0.001
0.001
0.001
0.001
0.001
0.001
0.001
0.001
0.001
0.001
0.001
0.001
0.001
0.303097
0.794844
0.934268
0.868246
0.658439
0.203826
0.0960316
0.354315
0.858156
0.981108
0.970005
0.265758
0.001
0.001
0.001
0.001
0.001
0.001
0.159608
0.853651
1
1
0.860168
0.403028
0.612781
0.840095
0.915271
0.988027
0.812217
0.247729
0.001
0.001
0.001
0.001
0.001
0.001
0.001
0.001
0.001
0.001
0.001
0.001
0.001
0.001
0.001
0.001
0.001
0.001
0.001
0.001
0.247566
0.812287
0.988013
0.915271
0.839907
0.612597
0.402847
0.860168
1
1
0.853651
0.159633
0.001
0.001
0.001
0.001
0.001
0.001
0.0662252
0.414726
0.906595
1
1
0.905848
0.901664
0.894156
0.973609
0.796423
0.426241
0.0650768
0.001
0.0828316
0.27523
0.345423
0.273243
0.254653
0.285024
0.312899
0.257925
0.110807
0.112834
0.265275
0.320334
0.28899
0.253783
0.2727
0.353298
0.286505
0.0881077
0.001
0.065006
0.426006
0.796423
0.973609
0.894141
0.901664
0.905848
1
1
0.906595
0.414803
0.0662573
0.001
0.001
0.001
0.001
0.001
0.001
0.001
0.144748
0.628986
0.982003
1
0.970601
1
0.958058
1
0.606849
0.166049
0.001
0.001
0.207001
0.735156
0.799858
0.920535
0.796629
0.910426
0.956644
0.677056
0.237542
0.238288
0.730037
0.956644
0.910426
0.796629
0.920535
0.799939
0.75727
0.217224
0.001
0.001
0.166036
0.606571
1
0.957982
1
0.970601
1
0.982003
0.629101
0.144785
0.001
0.001
0.001
0.001
0.001
0.001
0.00104702
0.00280336
0.0319782
0.296402
0.846072
1
1
0.949662
1
0.884749
0.26972
0.00996423
0.001
0.001
0.198413
0.764529
0.860369
0.943307
1
1
0.930653
0.594013
0.190088
0.186445
0.594309
0.930653
1
1
0.943307
0.860099
0.764272
0.205426
0.001
0.001
0.00992311
0.269292
0.883653
1
0.948943
1
1
0.846112
0.296328
0.0316823
0.00274914
0.00102154
0.001
0.001
0.001
0.0710095
0.187322
0.236563
0.28717
0.419368
0.698772
0.8
0.8
0.8
0.8
0.8
0.176497
0.00194442
0.001
0.001
0.0720711
0.467197
1
1
1
0.992245
0.50034
0.187519
0.0416494
0.0359151
0.184564
0.508693
0.992245
1
1
1
0.468772
0.0729657
0.001
0.001
0.00194478
0.176351
0.8
0.8
0.8
0.8
0.8
0.699672
0.418712
0.285441
0.236033
0.188284
0.0718988
0.001
0.001
0.192202
0.560476
0.701571
0.8
0.736806
0.706406
0.8
0.8
0.809915
0.802117
0.8
0.227591
0.002714
0.001
0.001
0.00398265
0.354657
1
1
1
0.666522
0.139474
0.00201499
0.001
0.001
0.00201096
0.142008
0.668482
1
1
1
0.353802
0.00420315
0.001
0.001
0.00271454
0.227455
0.8
0.801347
0.809203
0.8
0.8
0.706406
0.736806
0.8
0.702162
0.558063
0.194015
0.001
0.001
0.191908
0.565285
0.699965
0.79537
0.8
0.8
0.8
0.849951
0.957841
0.973615
0.8
0.288703
0.00804865
0.001
0.001
0.031914
0.435148
1
1
1
0.390544
0.0206411
0.001
0.001
0.001
0.001
0.0212445
0.39183
1
1
1
0.434873
0.0325756
0.001
0.001
0.00805198
0.288517
0.8
0.972726
0.956983
0.849254
0.8
0.8
0.8
0.795092
0.699977
0.564458
0.193323
0.001
0.001
0.0705959
0.190477
0.240644
0.263304
0.415417
0.764414
0.827199
0.98529
1
1
0.980945
0.43438
0.0638301
0.001
0.001
0.10249
0.621249
1
1
0.797293
0.189038
0.001
0.001
0.001
0.001
0.001
0.001
0.189909
0.80006
1
1
0.622641
0.102921
0.001
0.001
0.0637756
0.434023
0.980031
1
1
0.984343
0.82636
0.764414
0.415535
0.26266
0.240655
0.190893
0.0709338
0.001
0.001
0.001
0.00138492
0.00240146
0.0187307
0.124993
0.383183
0.8
1
1
1
1
0.826631
0.227745
0.0145696
0.001
0.184063
0.876565
1
1
0.642336
0.128673
0.001
0.001
0.001
0.001
0.001
0.001
0.128996
0.644168
1
1
0.879046
0.184465
0.001
0.0146043
0.227625
0.825929
1
1
1
1
0.8
0.382316
0.124461
0.0186292
0.00239026
0.00138439
0.001
0.001
0.001
0.001
0.001
0.001
0.001
0.0098937
0.160609
0.546272
1
1
1
1
1
0.594209
0.107447
0.0128285
0.31303
1
1
1
0.396641
0.0497692
0.001
0.001
0.001
0.001
0.001
0.001
0.0498208
0.397887
1
1
1
0.314524
0.0129608
0.107541
0.5941
1
1
1
1
0.99905
0.546687
0.161066
0.009873
0.001
0.001
0.001
0.001
0.001
0.001
0.001
0.001
0.001
0.001
0.0596547
0.23033
0.614916
0.86865
1
1
1
1
1
0.432332
0.163525
0.57472
1
1
0.962783
0.250886
0.00545569
0.001
0.001
0.001
0.001
0.001
0.001
0.0054702
0.2516
0.966073
1
1
0.577454
0.163796
0.432328
1
1
1
1
1
0.868276
0.613246
0.230642
0.0591052
0.001
0.001
0.001
0.001
0.001
0.001
0.001
0.001
0.001
0.001
0.195693
0.541634
0.675085
0.784494
1
1
1
1
1
0.963572
0.525839
0.892491
1
1
0.853441
0.185194
0.001
0.001
0.001
0.001
0.001
0.001
0.001
0.001
0.185679
0.856559
1
1
0.894991
0.526268
0.962997
1
1
1
1
1
0.784975
0.675085
0.53816
0.186345
0.001
0.001
0.001
0.001
0.001
0.001
0.001
0.001
0.001
0.001
0.218707
0.570904
0.588286
0.541209
0.945599
1
1
1
1
1
0.99197
1
1
1
0.678101
0.137356
0.001
0.001
0.001
0.001
0.001
0.001
0.001
0.001
0.137864
0.680776
1
1
1
0.992356
1
1
1
1
1
0.946001
0.543548
0.589572
0.549794
0.204699
0.001
0.001
0.001
0.001
0.001
0.001
0.001
0.001
0.001
0.001
0.0921361
0.218161
0.218159
0.184141
0.478347
1
1
1
1
1
1
1
1
1
0.652096
0.136741
0.001
0.001
0.001
0.001
0.001
0.001
0.001
0.001
0.137194
0.654427
1
1
1
1
1
1
1
1
1
0.478345
0.185002
0.209544
0.204068
0.0849083
0.001
0.001
0.001
0.001
0.001
0.001
0.001
0.001
0.001
0.001
0.001
0.001
0.001
0.00593465
0.157853
0.711331
1
1
1
1
1
1
1
1
0.76618
0.172681
0.001
0.001
0.001
0.001
0.001
0.001
0.001
0.001
0.173116
0.76834
1
1
1
1
1
1
1
1
0.711649
0.157585
0.005799
0.001
0.001
0.001
0.001
0.001
0.001
0.001
0.001
0.001
0.001
0.001
0.001
0.001
0.001
0.001
0.001
0.001
0.0388653
0.280696
0.999417
1
1
1
1
1
1
1
0.948804
0.229051
0.00133011
0.001
0.001
0.001
0.001
0.001
0.001
0.00132888
0.229572
0.950476
1
1
1
1
1
1
1
0.99985
0.280729
0.0387611
0.001
0.001
0.001
0.001
0.001
0.001
0.001
0.001
0.001
0.001
0.001
0.001
0.00115198
0.00111484
0.001
0.001
0.001
0.001
0.001
0.0718176
0.609149
1
1
1
1
1
1
1
1
0.384283
0.0232268
0.001
0.001
0.001
0.001
0.001
0.001
0.0232752
0.385083
1
1
1
1
1
1
1
1
0.609751
0.0718317
0.001
0.001
0.001
0.001
0.001
0.00110026
0.00113726
0.001
0.001
0.001
0.001
0.001
0.0881099
0.198552
0.183744
0.110586
0.129262
0.149575
0.131504
0.129802
0.152989
0.419187
1
1
1
1
1
1
1
1
0.624873
0.0821438
0.0322575
0.0504492
0.0290675
0.0290593
0.0504355
0.0322536
0.0823146
0.62612
1
1
1
1
1
1
1
1
0.419596
0.152975
0.129822
0.131426
0.149259
0.128901
0.110227
0.183151
0.197927
0.0878412
0.001
0.001
0.001
0.001
0.170852
0.548436
0.637763
0.794677
0.688132
0.647199
0.700508
0.718248
0.739318
0.790767
1
1
1
1
1
1
1
1
1
1
1
0.665847
0.195928
0.196007
0.66625
1
1
1
1
1
1
1
1
1
1
1
0.790765
0.739318
0.718251
0.700511
0.647201
0.688132
0.794677
0.637763
0.548435
0.170355
0.001
0.001
0.001
0.001
0.164264
0.787562
0.798535
0.8
0.8
0.918986
0.959784
0.969753
0.972727
0.987941
1
1
1
1
1
1
1
1
1
1
1
1
0.376541
0.376737
1
1
1
1
1
1
1
1
1
1
1
1
0.986611
0.971044
0.967975
0.957958
0.917209
0.8
0.8
0.798535
0.787562
0.163798
0.001
0.001
