0.001
0.001
0.269225
0.987562
0.998535
1
1
1
1
1
1
1
1
1
1
1
1
1
1
1
1
1
1
1
0.392969
0.393044
1
1
1
1
1
1
1
1
1
1
1
1
1
1
1
1
1
1
1
0.998535
0.987562
0.269311
0.001
0.001
0.001
0.001
0.253346
0.748436
0.837763
0.994677
0.888132
0.847186
0.900491
0.918234
0.939318
0.99076
1
1
1
1
1
1
1
1
1
1
1
0.701114
0.208066
0.208159
0.701425
1
1
1
1
1
1
1
1
1
1
1
0.990758
0.939318
0.918236
0.900494
0.847187
0.888132
0.994677
0.837763
0.748435
0.253435
0.001
0.001
0.001
0.001
0.120383
0.294157
0.300592
0.220085
0.238779
0.229521
0.159816
0.146914
0.178717
0.460865
1
1
1
1
1
1
1
1
0.648196
0.0836531
0.0368429
0.0581014
0.0335269
0.0335854
0.0582012
0.0369002
0.0835761
0.64928
1
1
1
1
1
1
1
1
0.462476
0.180481
0.14889
0.161528
0.230507
0.239103
0.220147
0.300732
0.294297
0.120438
0.001
0.001
0.001
0.001
0.001
0.001
0.001
0.001
0.001
0.001
0.001
0.001
0.0745118
0.641106
1
1
1
1
1
1
1
1
0.401434
0.0228032
0.001
0.001
0.001
0.001
0.001
0.001
0.0226915
0.401863
1
1
1
1
1
1
1
1
0.641231
0.0742984
0.001
0.001
0.001
0.001
0.001
0.001
0.001
0.001
0.001
0.001
0.001
0.001
0.001
0.001
0.001
0.001
0.001
0.001
0.001
0.0408114
0.294788
1
1
1
1
1
1
1
1
1
0.242626
0.00121893
0.001
0.001
0.001
0.001
0.001
0.001
0.00120315
0.242564
1
1
1
1
1
1
1
1
1
0.294382
0.0405556
0.001
0.001
0.001
0.001
0.001
0.001
0.001
0.001
0.001
0.001
0.001
0.001
0.001
0.001
0.001
0.001
0.001
0.00852279
0.165888
0.742545
1
1
1
1
1
1
1
1
0.801258
0.179546
0.001
0.001
0.001
0.001
0.001
0.001
0.001
0.001
0.179349
0.802938
1
1
1
1
1
1
1
1
0.741134
0.164579
0.00819977
0.001
0.001
0.001
0.001
0.001
0.001
0.001
0.001
0.001
0.001
0.001
0.001
0.001
0.0982705
0.262131
0.294086
0.240281
0.4923
1
1
1
1
1
1
1
1
1
0.678032
0.136932
0.001
0.001
0.001
0.001
0.001
0.001
0.001
0.001
0.136873
0.679873
1
1
1
1
1
1
1
1
1
0.491811
0.241366
0.276051
0.233892
0.0840351
0.001
0.001
0.001
0.001
0.001
0.001
0.001
0.001
0.001
0.001
0.249861
0.731577
0.788611
0.71097
0.979637
1
1
1
1
1
1
1
1
1
0.738801
0.150197
0.001
0.001
0.001
0.001
0.001
0.001
0.001
0.001
0.150451
0.740897
1
1
1
1
1
1
1
1
1
0.98059
0.711798
0.787337
0.688766
0.223409
0.001
0.001
0.001
0.001
0.001
0.001
0.001
0.001
0.001
0.001
0.236609
0.747084
0.875085
0.984839
1
1
1
1
1
1
0.580933
1
1
1
0.967615
0.214879
0.001
0.001
0.001
0.001
0.001
0.001
0.001
0.001
0.21468
0.96964
1
1
1
0.580731
1
1
1
1
1
1
0.984519
0.875085
0.740246
0.220414
0.001
0.001
0.001
0.001
0.001
0.001
0.001
0.001
0.001
0.001
0.0792511
0.36639
0.813224
1
1
1
1
1
1
0.459093
0.18923
0.64509
1
1
1
0.281431
0.00428664
0.001
0.001
0.001
0.001
0.001
0.001
0.00431514
0.281079
1
1
1
0.647288
0.188951
0.459375
1
1
1
1
1
1
0.816528
0.366627
0.0798656
0.001
0.001
0.001
0.001
0.001
0.001
0.001
0.001
0.001
0.001
0.0062885
0.226725
0.67344
1
1
1
1
1
0.625212
0.11021
0.0111138
0.341253
1
1
1
0.432055
0.0501777
0.001
0.001
0.001
0.001
0.001
0.001
0.0501644
0.432594
1
1
1
0.343361
0.0112409
0.11046
0.62587
1
1
1
1
1
0.668412
0.224018
0.00621105
0.001
0.001
0.001
0.001
0.001
0.001
0.001
0.001
0.001
0.0127144
0.160487
0.547944
1
1
1
1
1
0.88674
0.240615
0.0147472
0.001
0.209944
0.986637
1
1
0.715474
0.137838
0.001
0.001
0.001
0.001
0.001
0.001
0.138746
0.718711
1
1
0.992369
0.211268
0.001
0.0148102
0.240788
0.886902
1
1
1
1
1
0.547729
0.16025
0.0126787
0.001
0.001
0.001
0.001
0.001
0.0952769
0.269974
0.360255
0.398856
0.615372
0.964414
1
1
1
1
1
0.495077
0.0651678
0.001
0.001
0.114029
0.690668
1
1
0.870112
0.193871
0.00144749
0.001
0.001
0.001
0.001
0.00159727
0.196883
0.877394
1
1
0.69572
0.115006
0.001
0.001
0.0651542
0.495246
1
1
1
1
1
0.964414
0.61511
0.398551
0.360017
0.269994
0.0954611
0.001
0.001
0.249189
0.767379
0.899837
0.995628
1
1
1
1
1
1
1
0.421115
0.00475649
0.001
0.001
0.0304402
0.404362
1
1
0.908429
0.298073
0.0239065
0.001
0.001
0.001
0.001
0.0244876
0.304909
0.914991
1
1
0.410659
0.0313171
0.001
0.001
0.00473845
0.421293
1
1
1
1
1
1
1
0.995416
0.899875
0.763125
0.253886
0.001
0.001
0.242674
0.744266
0.901327
1
0.936806
0.906406
1
1
1
1
1
0.416129
0.001
0.001
0.001
0.00645137
0.251147
0.8
0.944905
0.826196
0.46639
0.107277
0.0049926
0.001
0.001
0.00469424
0.10849
0.468382
0.83428
0.952844
0.8
0.257144
0.00681069
0.001
0.001
0.001
0.416103
1
1
1
1
1
0.906406
0.936806
1
0.901636
0.748105
0.249977
0.001
0.001
0.0860487
0.245462
0.334249
0.443724
0.619552
0.897607
1
1
1
1
1
0.332295
0.001
0.001
0.001
0.0611198
0.315236
0.8
0.8
0.8
0.792245
0.348148
0.177019
0.0530821
0.0508238
0.173284
0.350437
0.792245
0.8
0.8
0.8
0.32268
0.0628516
0.001
0.001
0.001
0.332209
1
1
1
1
1
0.898565
0.619264
0.442688
0.337827
0.252274
0.0899307
0.001
0.001
0.001
0.001
0.001
0.0336305
0.244047
0.692413
1
1
1
1
1
0.307427
0.0121454
0.001
0.001
0.171649
0.563017
0.660639
0.743307
0.8
0.8
0.730653
0.515214
0.191236
0.171469
0.486588
0.730653
0.8
0.8
0.743307
0.660363
0.561891
0.166127
0.001
0.001
0.012074
0.307198
1
1
1
1
1
0.692418
0.244168
0.0335979
0.001
0.001
0.001
0.001
0.001
0.001
0.001
0.00257217
0.115845
0.428821
0.782003
0.8
0.770601
0.8
0.758137
0.8
0.40698
0.11149
0.00163786
0.001
0.18556
0.569187
0.599756
0.720535
0.596629
0.710426
0.756644
0.552121
0.217328
0.191371
0.580387
0.756644
0.710426
0.596629
0.720535
0.599836
0.552016
0.173796
0.001
0.00163303
0.111284
0.406693
0.8
0.758056
0.8
0.770601
0.8
0.782003
0.428948
0.115946
0.00257914
0.001
0.001
0.001
0.001
0.001
0.001
0.0440328
0.259681
0.706595
0.8
0.8
0.705848
0.701664
0.694181
0.773609
0.596423
0.26367
0.0435627
0.001
0.0786593
0.221632
0.242345
0.150982
0.123464
0.146938
0.20717
0.201186
0.0925258
0.0805052
0.186061
0.204455
0.151861
0.123501
0.152545
0.235576
0.208847
0.0716369
0.001
0.0434425
0.263246
0.596423
0.773609
0.694164
0.701664
0.705848
0.8
0.8
0.706595
0.259856
0.0440822
0.001
0.001
0.001
0.001
0.001
0.001
0.0938015
0.653651
0.8
0.8
0.660168
0.249439
0.412732
0.640188
0.715271
0.788045
0.612137
0.158574
0.001
0.001
0.00201014
0.00257836
0.00207114
0.00111852
0.00192604
0.00234039
0.0018716
0.001
0.00101854
0.00245094
0.00297102
0.00231362
0.00108979
0.00223029
0.00283056
0.00223959
0.001
0.001
0.158443
0.61221
0.78803
0.715271
0.639911
0.412526
0.249366
0.660168
0.8
0.8
0.653651
0.0938545
0.001
0.001
0.001
0.001
0.001
0.001
0.150368
0.770005
0.781108
0.658156
0.200728
0.0675649
0.183824
0.472313
0.668246
0.734403
0.59539
0.193619
0.00122897
0.001
0.001
0.001
0.001
0.001
0.001
0.001
0.001
0.001
0.001
0.001
0.001
0.001
0.001
0.001
0.001
0.001
0.001
0.00123411
0.193651
0.595122
0.734339
0.668246
0.472219
0.183812
0.0675507
0.200753
0.658156
0.781108
0.770005
0.150395
0.001
0.001
0.001
0.001
0.001
0.001
0.141523
0.65184
0.667491
0.17325
0.0387004
0.00102168
0.0443524
0.122156
0.147071
0.183471
0.196747
0.0922719
0.001
0.001
0.001
0.001
0.001
0.001
0.001
0.001
0.001
0.001
0.001
0.001
0.001
0.001
0.001
0.001
0.001
0.001
0.001
0.001
0.0923802
0.196918
0.183536
0.147022
0.122146
0.0443631
0.0010233
0.0387074
0.173263
0.667492
0.65184
0.141534
0.001
0.001
0.001
0.001
0.001
0.001
0.0644037
0.145485
0.125701
0.0366217
0.001
0.001
0.001
0.001
0.00112195
0.00192456
0.00199057
0.00127089
0.001
0.001
0.001
0.001
0.001
0.001
0.001
0.001
0.001
0.001
0.001
0.001
0.001
0.001
0.001
0.001
0.001
0.001
0.001
0.001
0.00127943
0.00200306
0.00193577
0.00112747
0.001
0.001
0.001
0.001
0.0366209
0.125702
0.145489
0.0644069
0.001
0.001
0.001
0.001
0.001
0.001
0.001
0.001
0.001
0.001
0.001
0.001
0.001
0.001
0.001
0.001
0.001
0.001
0.001
0.001
0.001
0.001
0.001
0.001
0.001
0.001
0.001
0.001
0.001
0.001
0.001
0.001
0.001
0.001
0.001
0.001
0.001
0.001
0.001
0.001
0.001
0.001
0.001
0.001
0.001
0.001
0.001
0.001
0.001
0.001
0.001
0.001
0.001
0.001
0.001
0.001
0.001
0.001
0.001
0.001
0.001
0.001
0.001
0.001
0.001
0.001
0.001
0.001
0.001
0.001
0.001
0.001
0.001
0.001
0.001
0.001
0.001
0.001
0.001
0.001
0.001
0.001
0.001
0.001
0.001
0.001
0.001
0.001
0.001
0.001
0.001
0.001
0.001
0.001
0.001
0.001
0.001
0.001
0.001
0.001
0.001
0.001
0.001
0.001
0.001
0.001
0.001
0.001
0.001
0.001
0.001
0.001
0.001
0.001
0.001
0.001
0.001
0.001
0.001
0.001
0.001
0.001
0.001
0.001
0.001
0.001
0.001
0.001
0.001
0.001
0.001
0.001
0.001
0.001
0.001
0.001
0.001
0.001
0.001
0.001
0.001
0.001
0.001
0.001
0.001
0.001
0.001
0.001
0.001
0.001
0.001
0.001
0.001
0.001
0.001
0.001
0.001
0.001
0.001
0.001
0.001
0.001
0.001
0.001
0.001
0.001
0.001
0.001
0.001
0.001
0.001
0.001
0.001
0.001
0.001
0.001
0.001
0.001
0.001
0.001
0.001
0.001
0.001
0.001
0.001
0.001
0.001
0.001
0.001
0.001
0.001
0.001
0.001
0.001
0.001
0.001
0.001
0.001
0.001
0.001
0.001
0.001
0.001
0.001
0.001
0.001
0.0643981
0.145469
0.125685
0.0366172
0.001
0.001
0.001
0.001
0.00112077
0.00192286
0.00198901
0.00127003
0.001
0.001
0.001
0.001
0.001
0.001
0.001
0.001
0.001
0.001
0.001
0.001
0.001
0.001
0.001
0.001
0.001
0.001
0.001
0.001
0.00128807
0.00201569
0.00194719
0.00113329
0.001
0.001
0.001
0.001
0.0366245
0.125709
0.145494
0.0644071
0.001
0.001
0.001
0.001
0.001
0.001
0.141512
0.65184
0.667491
0.173235
0.0387032
0.00102425
0.0443909
0.122237
0.14708
0.183468
0.196817
0.0923272
0.001
0.001
0.001
0.001
0.001
0.001
0.001
0.001
0.001
0.001
0.001
0.001
0.001
0.001
0.001
0.001
0.001
0.001
0.001
0.001
0.0926953
0.197524
0.183993
0.147104
0.12215
0.0443381
0.00102117
0.0387008
0.173258
0.667491
0.65184
0.14153
0.001
0.001
0.001
0.001
0.001
0.001
0.150361
0.770005
0.781108
0.658156
0.200706
0.0675788
0.18387
0.472273
0.668246
0.734329
0.595095
0.193578
0.00122395
0.001
0.001
0.001
0.001
0.001
0.001
0.001
0.001
0.001
0.001
0.001
0.001
0.001
0.001
0.001
0.001
0.001
0.001
0.00124147
0.194179
0.594844
0.734268
0.668246
0.472313
0.183832
0.067539
0.200704
0.658156
0.781108
0.770005
0.150376
0.001
0.001
0.001
0.001
0.001
0.001
0.0938449
0.653651
0.8
0.8
0.660168
0.249352
0.412781
0.640095
0.715271
0.788027
0.612217
0.158341
0.001
0.001
0.00198573
0.00255603
0.00206389
0.00119386
0.00189355
0.00218057
0.00165719
0.001
0.001
0.00173151
0.00219622
0.00184165
0.00112061
0.00218236
0.00274554
0.00215998
0.001
0.001
0.158762
0.612287
0.788013
0.715271
0.639907
0.412597
0.24928
0.660168
0.8
0.8
0.653651
0.0938081
0.001
0.001
0.001
0.001
0.001
0.001
0.0441004
0.259819
0.706595
0.8
0.8
0.705848
0.701664
0.694156
0.773609
0.596423
0.262885
0.0433333
0.001
0.0721198
0.208664
0.234115
0.151573
0.123866
0.147639
0.211222
0.206078
0.0948571
0.107608
0.22764
0.224682
0.146586
0.124092
0.152202
0.237828
0.213368
0.074294
0.001
0.0434673
0.263477
0.596423
0.773609
0.694141
0.701664
0.705848
0.8
0.8
0.706595
0.259709
0.0440369
0.001
0.001
0.001
0.001
0.001
0.001
0.0025822
0.115903
0.428986
0.782003
0.8
0.770601
0.8
0.758058
0.8
0.406849
0.111121
0.00161634
0.001
0.174308
0.550711
0.599858
0.720535
0.596629
0.710426
0.756644
0.582547
0.223389
0.246374
0.609947
0.756644
0.710426
0.596629
0.720535
0.599939
0.552592
0.177937
0.001
0.00163619
0.111421
0.406571
0.8
0.757982
0.8
0.770601
0.8
0.782003
0.429101
0.115877
0.00257241
0.001
0.001
0.001
0.001
0.001
0.001
0.001
0.0335412
0.244216
0.692593
1
1
1
1
1
0.307136
0.0120746
0.001
0.001
0.165889
0.56555
0.660369
0.743307
0.8
0.8
0.730653
0.529852
0.195785
0.212238
0.556167
0.730653
0.8
0.8
0.743307
0.660099
0.563357
0.16774
0.001
0.001
0.0120845
0.307088
1
1
1
1
1
0.692699
0.244216
0.0335136
0.001
0.001
0.001
0.001
0.001
0.0919236
0.256767
0.341519
0.443689
0.619368
0.898772
1
1
1
1
1
0.331988
0.001
0.001
0.001
0.0623105
0.318718
0.8
0.8
0.8
0.792245
0.355316
0.180695
0.0517394
0.0571086
0.183654
0.351276
0.792245
0.8
0.8
0.8
0.319695
0.0620053
0.001
0.001
0.001
0.332064
1
1
1
1
1
0.899672
0.618712
0.443251
0.333361
0.245111
0.0861922
0.001
0.001
0.254722
0.75841
0.901571
1
0.936806
0.906406
1
1
1
1
1
0.415862
0.001
0.001
0.001
0.00680102
0.251944
0.8
0.946195
0.82856
0.466522
0.109625
0.00495181
0.001
0.001
0.00455763
0.107206
0.468482
0.830352
0.948219
0.8
0.255077
0.00659452
0.001
0.001
0.001
0.415931
1
1
1
1
1
0.906406
0.936806
1
0.902162
0.746117
0.243117
0.001
0.001
0.258068
0.765112
0.899965
0.99537
1
1
1
1
1
1
1
0.421166
0.00472885
0.001
0.001
0.0307575
0.404536
1
1
0.910513
0.300049
0.0244072
0.001
0.001
0.001
0.001
0.024773
0.302695
0.912394
1
1
0.408689
0.0307876
0.001
0.001
0.00473696
0.4211
1
1
1
1
1
1
1
0.995092
0.899977
0.768526
0.249664
0.001
0.001
0.096651
0.272574
0.36227
0.399652
0.615417
0.964414
1
1
1
1
1
0.495177
0.0651154
0.001
0.001
0.114214
0.691458
1
1
0.872407
0.194868
0.00146276
0.001
0.001
0.001
0.001
0.00154887
0.195401
0.873999
1
1
0.694029
0.114634
0.001
0.001
0.0651319
0.495102
1
1
1
1
1
0.964414
0.615535
0.400435
0.361616
0.270565
0.0954699
0.001
0.001
0.001
0.001
0.001
0.0127605
0.160783
0.549065
1
1
1
1
1
0.886644
0.240578
0.0147475
0.001
0.210128
0.987977
1
1
0.717215
0.138465
0.001
0.001
0.001
0.001
0.001
0.001
0.13845
0.717599
1
1
0.99026
0.21088
0.001
0.0147768
0.240617
0.886658
1
1
1
1
1
0.548088
0.160496
0.0127952
0.001
0.001
0.001
0.001
0.001
0.001
0.001
0.001
0.001
0.0063068
0.224856
0.669934
1
1
1
1
1
0.625216
0.110216
0.0112791
0.34209
1
1
1
0.432781
0.0504015
0.001
0.001
0.001
0.001
0.001
0.001
0.0502678
0.432526
1
1
1
0.342327
0.0110507
0.110298
0.625296
1
1
1
1
1
0.670422
0.22505
0.00624648
0.001
0.001
0.001
0.001
0.001
0.001
0.001
0.001
0.001
0.001
0.0780114
0.362706
0.813914
1
1
1
1
1
1
0.459007
0.189196
0.645875
1
1
1
0.281272
0.00434142
0.001
0.001
0.001
0.001
0.001
0.001
0.00424984
0.281547
1
1
1
0.646663
0.189083
0.459039
1
1
1
1
1
1
0.812674
0.363951
0.0787408
0.001
0.001
0.001
0.001
0.001
0.001
0.001
0.001
0.001
0.001
0.2216
0.736424
0.875085
0.984494
1
1
1
1
1
1
0.580633
1
1
1
0.968228
0.214743
0.001
0.001
0.001
0.001
0.001
0.001
0.001
0.001
0.215088
0.969329
1
1
1
0.581035
1
1
1
1
1
1
0.984975
0.875085
0.740009
0.219036
0.001
0.001
0.001
0.001
0.001
0.001
0.001
0.001
0.001
0.001
0.228351
0.67638
0.788286
0.706931
0.979254
1
1
1
1
1
1
1
1
1
0.740214
0.150513
0.001
0.001
0.001
0.001
0.001
0.001
0.001
0.001
0.150217
0.739478
1
1
1
1
1
1
1
1
1
0.980792
0.70982
0.789572
0.672771
0.222944
0.001
0.001
0.001
0.001
0.001
0.001
0.001
0.001
0.001
0.001
0.0874244
0.241054
0.27963
0.239381
0.491576
1
1
1
1
1
1
1
1
1
0.679724
0.13732
0.001
0.001
0.001
0.001
0.001
0.001
0.001
0.001
0.136546
0.678023
1
1
1
1
1
1
1
1
1
0.493954
0.241513
0.276757
0.234534
0.0840598
0.001
0.001
0.001
0.001
0.001
0.001
0.001
0.001
0.001
0.001
0.001
0.001
0.001
0.0083503
0.165022
0.741251
1
1
1
1
1
1
1
1
0.802771
0.179812
0.001
0.001
0.001
0.001
0.001
0.001
0.001
0.001
0.179101
0.801124
1
1
1
1
1
1
1
1
0.742616
0.165812
0.00847262
0.001
0.001
0.001
0.001
0.001
0.001
0.001
0.001
0.001
0.001
0.001
0.001
0.001
0.001
0.001
0.001
0.001
0.0406679
0.2945
1
1
1
1
1
1
1
1
1
0.24284
0.00121692
0.001
0.001
0.001
0.001
0.001
0.001
0.00120576
0.242322
1
1
1
1
1
1
1
1
1
0.294737
0.040775
0.001
0.001
0.001
0.001
0.001
0.001
0.001
0.001
0.001
0.001
0.001
0.001
0.001
0.001
0.001
0.001
0.001
0.001
0.001
0.0744384
0.640928
1
1
1
1
1
1
1
1
0.401895
0.022818
0.001
0.001
0.001
0.001
0.001
0.001
0.0226774
0.401261
1
1
1
1
1
1
1
1
0.641232
0.0744296
0.001
0.001
0.001
0.001
0.001
0.001
0.001
0.001
0.001
0.001
0.001
0.001
0.12065
0.294839
0.301303
0.220578
0.239417
0.230473
0.160985
0.148165
0.1799
0.46179
1
1
1
1
1
1
1
1
0.649091
0.0837367
0.036877
0.0581569
0.0335593
0.0336108
0.0582448
0.0369241
0.0834732
0.648088
1
1
1
1
1
1
1
1
0.462513
0.180718
0.149005
0.161618
0.230595
0.239182
0.2202
0.300785
0.294345
0.120457
0.001
0.001
0.001
0.001
0.253856
0.748436
0.837763
0.994677
0.888132
0.847199
0.900508
0.918248
0.939318
0.990767
1
1
1
1
1
1
1
1
1
1
1
0.701564
0.208194
0.208157
0.701261
1
1
1
1
1
1
1
1
1
1
1
0.990765
0.939318
0.918251
0.900511
0.847201
0.888132
0.994677
0.837763
0.748435
0.253479
0.001
0.001
0.001
0.001
0.269735
0.987562
0.998535
1
1
1
1
1
1
1
1
1
1
1
1
1
1
1
1
1
1
1
0.39319
0.39297
1
1
1
1
1
1
1
1
1
1
1
1
1
1
1
1
1
1
1
0.998535
0.987562
0.269348
0.001
0.001
