0.00581512
0.151237
0.44312
0.714668
0.872058
1
1
1
1
1
1
1
1
1
1
1
1
1
1
1
1
1
1
1
0.443569
0.443569
1
1
1
1
1
1
1
1
1
1
1
1
1
1
1
1
1
1
1
0.872058
0.714668
0.44312
0.151237
0.00581512
0.0110221
0.168725
0.469397
0.715778
0.757091
0.704611
0.599329
0.601191
0.647596
0.68389
0.713119
0.746237
1
1
1
1
1
1
1
1
1
1
1
0.73721
0.203928
0.203928
0.73721
1
1
1
1
1
1
1
1
1
1
1
0.746237
0.713119
0.68389
0.647596
0.601191
0.599329
0.704611
0.757091
0.715778
0.469397
0.168725
0.0110221
0.015706
0.197144
0.503036
0.638805
0.518502
0.293174
0.12368
0.0853774
0.0983359
0.120792
0.218225
0.4847
1
1
1
1
1
1
1
1
0.949285
0.342559
0.0478873
0.00828884
0.0111278
0.0111278
0.00828884
0.0478873
0.342559
0.949285
1
1
1
1
1
1
1
1
0.4847
0.218225
0.120792
0.0983359
0.0853774
0.12368
0.293174
0.518502
0.638805
0.503036
0.197144
0.015706
0.0114649
0.155302
0.379167
0.398795
0.223376
0.0810912
0.012454
0.001
0.001
0.0278244
0.238457
0.759466
1
1
1
1
1
1
1
1
0.789298
0.250328
0.0245629
0.001
0.001
0.001
0.001
0.0245629
0.250328
0.789298
1
1
1
1
1
1
1
1
0.759466
0.238457
0.0278244
0.001
0.001
0.012454
0.0810912
0.223376
0.398795
0.379167
0.155302
0.0114649
0.00304795
0.0578541
0.131565
0.122806
0.0468654
0.00581006
0.001
0.001
0.0146372
0.124636
0.523889
1
1
1
1
1
1
1
1
1
0.568917
0.142381
0.00970664
0.001
0.001
0.001
0.001
0.00970664
0.142381
0.568917
1
1
1
1
1
1
1
1
1
0.523889
0.124636
0.0146372
0.001
0.001
0.00581006
0.0468654
0.122806
0.131565
0.0578541
0.00304795
0.001
0.001
0.00181758
0.00148347
0.001
0.001
0.001
0.0141799
0.101325
0.380355
0.94823
1
1
1
1
0.991413
1
1
1
1
0.447312
0.0849915
0.00123915
0.001
0.001
0.001
0.001
0.00123915
0.0849915
0.447312
1
1
1
1
0.991413
1
1
1
1
0.94823
0.380355
0.101325
0.0141799
0.001
0.001
0.001
0.00148347
0.00181758
0.001
0.001
0.001
0.001
0.001
0.001
0.001
0.001
0.00302753
0.0614897
0.29675
0.793907
1
1
1
1
0.939613
0.670123
0.974772
1
1
1
0.422382
0.0773946
0.001
0.001
0.001
0.001
0.001
0.001
0.0773946
0.422382
1
1
1
0.974772
0.670123
0.939613
1
1
1
1
0.793907
0.29675
0.0614897
0.00302753
0.001
0.001
0.001
0.001
0.001
0.001
0.001
0.01361
0.0612046
0.111867
0.116915
0.0877171
0.0778134
0.197313
0.612585
1
1
1
1
0.991798
0.457466
0.417752
0.93634
1
1
1
0.440078
0.0842214
0.001
0.001
0.001
0.001
0.001
0.001
0.0842214
0.440078
1
1
1
0.93634
0.417752
0.457466
0.991798
1
1
1
1
0.612585
0.197313
0.0778134
0.0877171
0.116915
0.111867
0.0612046
0.01361
0.001
0.00130811
0.0709486
0.232464
0.384579
0.416956
0.375913
0.350658
0.520219
1
1
1
1
1
0.447252
0.121196
0.265079
0.853611
1
1
1
0.463622
0.0891404
0.001
0.001
0.001
0.001
0.001
0.001
0.0891404
0.463622
1
1
1
0.853611
0.265079
0.121196
0.447252
1
1
1
1
1
0.520219
0.350658
0.375913
0.416956
0.384579
0.232464
0.0709486
0.00130811
0.00560443
0.138338
0.394921
0.583875
0.668488
0.682504
0.664632
0.873958
1
1
1
1
0.495885
0.120459
0.0154646
0.189278
0.728911
1
1
1
0.484436
0.0919035
0.001
0.001
0.001
0.001
0.001
0.001
0.0919035
0.484436
1
1
1
0.728911
0.189278
0.0154646
0.120459
0.495885
1
1
1
1
0.873958
0.664632
0.682504
0.668488
0.583875
0.394921
0.138338
0.00560443
0.00802705
0.170625
0.442101
0.62208
0.70498
0.752122
0.769628
1
1
1
1
0.576579
0.158369
0.0174784
0.00154692
0.120266
0.582808
1
1
1
0.493793
0.0930424
0.001
0.001
0.001
0.001
0.001
0.001
0.0930424
0.493793
1
1
1
0.582808
0.120266
0.00154692
0.0174784
0.158369
0.576579
1
1
1
1
0.769628
0.752122
0.70498
0.62208
0.442101
0.170625
0.00802705
0.00499777
0.126907
0.345666
0.478368
0.530832
0.605278
0.735005
1
1
1
0.699678
0.246877
0.0420621
0.00118066
0.001
0.0710632
0.466448
1
1
1
0.484712
0.0927547
0.001
0.001
0.001
0.001
0.001
0.001
0.0927547
0.484712
1
1
1
0.466448
0.0710632
0.001
0.00118066
0.0420621
0.246877
0.699678
1
1
1
0.735005
0.605278
0.530832
0.478368
0.345666
0.126907
0.00499777
0.001
0.0500514
0.134843
0.198299
0.251582
0.422675
0.779363
1
1
0.872002
0.364584
0.0921974
0.00908553
0.001
0.001
0.0565399
0.40542
1
1
1
0.45966
0.0912231
0.001
0.001
0.001
0.001
0.001
0.001
0.0912231
0.45966
1
1
1
0.40542
0.0565399
0.001
0.001
0.00908553
0.0921974
0.364584
0.872002
1
1
0.779363
0.422675
0.251582
0.198299
0.134843
0.0500514
0.001
0.001
0.001
0.00585078
0.0165043
0.0849269
0.358163
0.899026
1
1
0.561403
0.165265
0.021294
0.001
0.001
0.001
0.0584271
0.376018
1
1
1
0.428124
0.088296
0.001
0.001
0.001
0.001
0.001
0.001
0.088296
0.428124
1
1
1
0.376018
0.0584271
0.001
0.001
0.001
0.021294
0.165265
0.561403
1
1
0.899026
0.358163
0.0849269
0.0165043
0.00585078
0.001
0.001
0.001
0.001
0.001
0.0224416
0.137713
0.488205
0.999003
1
0.877071
0.338516
0.0680882
0.00215548
0.001
0.001
0.001
0.0618578
0.360952
0.967419
1
0.982326
0.402617
0.0844958
0.00106278
0.001
0.001
0.001
0.001
0.00106278
0.0844958
0.402617
0.982326
1
0.967419
0.360952
0.0618578
0.001
0.001
0.001
0.00215548
0.0680882
0.338516
0.877071
1
0.999003
0.488205
0.137713
0.0224416
0.001
0.001
0.001
0.001
0.001
0.00420317
0.0762791
0.303238
0.71546
1
1
0.634174
0.188611
0.0252617
0.001
0.001
0.001
0.00149833
0.0719289
0.362393
0.883493
1
0.894718
0.407656
0.10593
0.0101583
0.001
0.001
0.001
0.001
0.0101583
0.10593
0.407656
0.894718
1
0.883493
0.362393
0.0719289
0.00149833
0.001
0.001
0.001
0.0252617
0.188611
0.634174
1
1
0.71546
0.303238
0.0762791
0.00420317
0.001
0.001
0.001
0.001
0.0395906
0.198841
0.524721
0.933496
1
0.960543
0.463742
0.101252
0.00410297
0.001
0.001
0.001
0.0218754
0.136598
0.420328
0.787837
0.888398
0.8
0.469685
0.190783
0.0436503
0.001
0.001
0.001
0.001
0.0436503
0.190783
0.469685
0.8
0.888398
0.787837
0.420328
0.136598
0.0218754
0.001
0.001
0.001
0.00410297
0.101252
0.463742
0.960543
1
0.933496
0.524721
0.198841
0.0395906
0.001
0.001
0.001
0.0112821
0.118222
0.386342
0.726093
0.963241
1
0.878941
0.432985
0.0965925
0.00203669
0.001
0.001
0.0027759
0.0683168
0.266105
0.528117
0.712868
0.790255
0.725471
0.577658
0.315641
0.105955
0.0113141
0.001
0.001
0.0113141
0.105955
0.315641
0.577658
0.725471
0.790255
0.712868
0.528117
0.266105
0.0683168
0.0027759
0.001
0.001
0.00203669
0.0965925
0.432985
0.878941
1
0.963241
0.726093
0.386342
0.118222
0.0112821
0.001
0.001
0.0501538
0.248346
0.566509
0.809958
0.910491
0.896928
0.822429
0.524328
0.181674
0.0241312
0.001
0.001
0.0298737
0.16144
0.407751
0.588668
0.635616
0.608305
0.635132
0.602102
0.4283
0.201286
0.0450161
0.001
0.001
0.0450161
0.201286
0.4283
0.602102
0.635132
0.608305
0.635616
0.588668
0.407751
0.16144
0.0298737
0.001
0.001
0.0241312
0.181674
0.524328
0.822429
0.896928
0.910491
0.809958
0.566509
0.248346
0.0501538
0.001
0.00229628
0.109292
0.395993
0.699281
0.823314
0.794351
0.748371
0.751033
0.607291
0.303472
0.0745107
0.001
0.00173112
0.0887687
0.30594
0.535308
0.599056
0.554495
0.480813
0.524349
0.579014
0.521268
0.303057
0.093233
0.00161839
0.00161839
0.093233
0.303057
0.521268
0.579014
0.524349
0.480813
0.554495
0.599056
0.535308
0.30594
0.0887687
0.00173112
0.001
0.0745107
0.303472
0.607291
0.751033
0.748371
0.794351
0.823314
0.699281
0.395993
0.109292
0.00229628
0.0100777
0.165811
0.492523
0.737074
0.744998
0.624679
0.569738
0.619553
0.603901
0.401098
0.135874
0.00204749
0.0118337
0.166868
0.445099
0.617607
0.568923
0.399952
0.27856
0.363176
0.512174
0.547137
0.383827
0.143189
0.00703496
0.00703496
0.143189
0.383827
0.547137
0.512174
0.363176
0.27856
0.399952
0.568923
0.617607
0.445099
0.166868
0.0118337
0.00204749
0.135874
0.401098
0.603901
0.619553
0.569738
0.624679
0.744998
0.737074
0.492523
0.165811
0.0100777
0.0157908
0.202455
0.518402
0.652577
0.541182
0.387847
0.335491
0.392658
0.446131
0.350646
0.128136
0.0021402
0.0210614
0.22803
0.526928
0.599667
0.422942
0.219298
0.117939
0.195762
0.365921
0.509751
0.441653
0.181897
0.0103676
0.0103676
0.181897
0.441653
0.509751
0.365921
0.195762
0.117939
0.219298
0.422942
0.599667
0.526928
0.22803
0.0210614
0.0021402
0.128136
0.350646
0.446131
0.392658
0.335491
0.387847
0.541182
0.652577
0.518402
0.202455
0.0157908
0.0110655
0.155291
0.382884
0.415855
0.266023
0.14416
0.110285
0.146653
0.188506
0.148747
0.0562729
0.001
0.0159599
0.181997
0.416312
0.412511
0.212592
0.0700391
0.0201027
0.0577626
0.17816
0.350448
0.346671
0.14129
0.00666763
0.00666763
0.14129
0.346671
0.350448
0.17816
0.0577626
0.0201027
0.0700391
0.212592
0.412511
0.416312
0.181997
0.0159599
0.001
0.0562729
0.148747
0.188506
0.146653
0.110285
0.14416
0.266023
0.415855
0.382884
0.155291
0.0110655
0.00260852
0.0573007
0.133137
0.136509
0.0671538
0.0178196
0.00328184
0.0107433
0.0169571
0.0118496
0.00267498
0.001
0.00408681
0.0670355
0.147697
0.138335
0.0554029
0.00865445
0.001
0.00542316
0.0447607
0.115408
0.121269
0.0517012
0.00126804
0.00126804
0.0517012
0.121269
0.115408
0.0447607
0.00542316
0.001
0.00865445
0.0554029
0.138335
0.147697
0.0670355
0.00408681
0.001
0.00267498
0.0118496
0.0169571
0.0107433
0.00328184
0.0178196
0.0671538
0.136509
0.133137
0.0573007
0.00260852
0.001
0.001
0.00190874
0.0018497
0.001
0.001
0.001
0.001
0.001
0.001
0.001
0.001
0.001
0.00105996
0.00235714
0.0020216
0.001
0.001
0.001
0.001
0.001
0.001
0.001
0.001
0.001
0.001
0.001
0.001
0.001
0.001
0.001
0.001
0.001
0.001
0.0020216
0.00235714
0.00105996
0.001
0.001
0.001
0.001
0.001
0.001
0.001
0.001
0.001
0.0018497
0.00190874
0.001
0.001
0.001
0.001
0.00190874
0.0018497
0.001
0.001
0.001
0.001
0.001
0.001
0.001
0.001
0.001
0.00105996
0.00235714
0.0020216
0.001
0.001
0.001
0.001
0.001
0.001
0.001
0.001
0.001
0.001
0.001
0.001
0.001
0.001
0.001
0.001
0.001
0.001
0.0020216
0.00235714
0.00105996
0.001
0.001
0.001
0.001
0.001
0.001
0.001
0.001
0.001
0.0018497
0.00190874
0.001
0.001
0.00260852
0.0573007
0.133137
0.136509
0.0671538
0.0178196
0.00328184
0.0107433
0.0169571
0.0118496
0.00267498
0.001
0.00408681
0.0670355
0.147697
0.138335
0.0554029
0.00865445
0.001
0.00542316
0.0447607
0.115408
0.121269
0.0517012
0.00126804
0.00126804
0.0517012
0.121269
0.115408
0.0447607
0.00542316
0.001
0.00865445
0.0554029
0.138335
0.147697
0.0670355
0.00408681
0.001
0.00267498
0.0118496
0.0169571
0.0107433
0.00328184
0.0178196
0.0671538
0.136509
0.133137
0.0573007
0.00260852
0.0110655
0.155291
0.382884
0.415855
0.266023
0.14416
0.110285
0.146653
0.188506
0.148747
0.0562729
0.001
0.0159599
0.181997
0.416312
0.412511
0.212592
0.0700391
0.0201027
0.0577626
0.17816
0.350448
0.346671
0.14129
0.00666763
0.00666763
0.14129
0.346671
0.350448
0.17816
0.0577626
0.0201027
0.0700391
0.212592
0.412511
0.416312
0.181997
0.0159599
0.001
0.0562729
0.148747
0.188506
0.146653
0.110285
0.14416
0.266023
0.415855
0.382884
0.155291
0.0110655
0.0157908
0.202455
0.518402
0.652577
0.541182
0.387847
0.335491
0.392658
0.446131
0.350646
0.128136
0.0021402
0.0210614
0.22803
0.526928
0.599667
0.422942
0.219298
0.117939
0.195762
0.365921
0.509751
0.441653
0.181897
0.0103676
0.0103676
0.181897
0.441653
0.509751
0.365921
0.195762
0.117939
0.219298
0.422942
0.599667
0.526928
0.22803
0.0210614
0.0021402
0.128136
0.350646
0.446131
0.392658
0.335491
0.387847
0.541182
0.652577
0.518402
0.202455
0.0157908
0.0100777
0.165811
0.492523
0.737074
0.744998
0.624679
0.569738
0.619553
0.603901
0.401098
0.135874
0.00204749
0.0118337
0.166868
0.445099
0.617607
0.568923
0.399952
0.27856
0.363176
0.512174
0.547137
0.383827
0.143189
0.00703496
0.00703496
0.143189
0.383827
0.547137
0.512174
0.363176
0.27856
0.399952
0.568923
0.617607
0.445099
0.166868
0.0118337
0.00204749
0.135874
0.401098
0.603901
0.619553
0.569738
0.624679
0.744998
0.737074
0.492523
0.165811
0.0100777
0.00229628
0.109292
0.395993
0.699281
0.823314
0.794351
0.748371
0.751033
0.607291
0.303472
0.0745107
0.001
0.00173112
0.0887687
0.30594
0.535308
0.599056
0.554495
0.480813
0.524349
0.579014
0.521268
0.303057
0.093233
0.00161839
0.00161839
0.093233
0.303057
0.521268
0.579014
0.524349
0.480813
0.554495
0.599056
0.535308
0.30594
0.0887687
0.00173112
0.001
0.0745107
0.303472
0.607291
0.751033
0.748371
0.794351
0.823314
0.699281
0.395993
0.109292
0.00229628
0.001
0.0501538
0.248346
0.566509
0.809958
0.910491
0.896928
0.822429
0.524328
0.181674
0.0241312
0.001
0.001
0.0298737
0.16144
0.407751
0.588668
0.635616
0.608305
0.635132
0.602102
0.4283
0.201286
0.0450161
0.001
0.001
0.0450161
0.201286
0.4283
0.602102
0.635132
0.608305
0.635616
0.588668
0.407751
0.16144
0.0298737
0.001
0.001
0.0241312
0.181674
0.524328
0.822429
0.896928
0.910491
0.809958
0.566509
0.248346
0.0501538
0.001
0.001
0.0112821
0.118222
0.386342
0.726093
0.963241
1
0.878941
0.432985
0.0965925
0.00203669
0.001
0.001
0.0027759
0.0683168
0.266105
0.528117
0.712868
0.790255
0.725471
0.577658
0.315641
0.105955
0.0113141
0.001
0.001
0.0113141
0.105955
0.315641
0.577658
0.725471
0.790255
0.712868
0.528117
0.266105
0.0683168
0.0027759
0.001
0.001
0.00203669
0.0965925
0.432985
0.878941
1
0.963241
0.726093
0.386342
0.118222
0.0112821
0.001
0.001
0.001
0.0395906
0.198841
0.524721
0.933496
1
0.960543
0.463742
0.101252
0.00410297
0.001
0.001
0.001
0.0218754
0.136598
0.420328
0.787837
0.888398
0.8
0.469685
0.190783
0.0436503
0.001
0.001
0.001
0.001
0.0436503
0.190783
0.469685
0.8
0.888398
0.787837
0.420328
0.136598
0.0218754
0.001
0.001
0.001
0.00410297
0.101252
0.463742
0.960543
1
0.933496
0.524721
0.198841
0.0395906
0.001
0.001
0.001
0.001
0.00420317
0.0762791
0.303238
0.71546
1
1
0.634174
0.188611
0.0252617
0.001
0.001
0.001
0.00149833
0.0719289
0.362393
0.883493
1
0.894718
0.407656
0.10593
0.0101583
0.001
0.001
0.001
0.001
0.0101583
0.10593
0.407656
0.894718
1
0.883493
0.362393
0.0719289
0.00149833
0.001
0.001
0.001
0.0252617
0.188611
0.634174
1
1
0.71546
0.303238
0.0762791
0.00420317
0.001
0.001
0.001
0.001
0.001
0.0224416
0.137713
0.488205
0.999003
1
0.877071
0.338516
0.0680882
0.00215548
0.001
0.001
0.001
0.0618578
0.360952
0.967419
1
0.982326
0.402617
0.0844958
0.00106278
0.001
0.001
0.001
0.001
0.00106278
0.0844958
0.402617
0.982326
1
0.967419
0.360952
0.0618578
0.001
0.001
0.001
0.00215548
0.0680882
0.338516
0.877071
1
0.999003
0.488205
0.137713
0.0224416
0.001
0.001
0.001
0.001
0.001
0.00585078
0.0165043
0.0849269
0.358163
0.899026
1
1
0.561403
0.165265
0.021294
0.001
0.001
0.001
0.0584271
0.376018
1
1
1
0.428124
0.088296
0.001
0.001
0.001
0.001
0.001
0.001
0.088296
0.428124
1
1
1
0.376018
0.0584271
0.001
0.001
0.001
0.021294
0.165265
0.561403
1
1
0.899026
0.358163
0.0849269
0.0165043
0.00585078
0.001
0.001
0.001
0.0500514
0.134843
0.198299
0.251582
0.422675
0.779363
1
1
0.872002
0.364584
0.0921974
0.00908553
0.001
0.001
0.0565399
0.40542
1
1
1
0.45966
0.0912231
0.001
0.001
0.001
0.001
0.001
0.001
0.0912231
0.45966
1
1
1
0.40542
0.0565399
0.001
0.001
0.00908553
0.0921974
0.364584
0.872002
1
1
0.779363
0.422675
0.251582
0.198299
0.134843
0.0500514
0.001
0.00499777
0.126907
0.345666
0.478368
0.530832
0.605278
0.735005
1
1
1
0.699678
0.246877
0.0420621
0.00118066
0.001
0.0710632
0.466448
1
1
1
0.484712
0.0927547
0.001
0.001
0.001
0.001
0.001
0.001
0.0927547
0.484712
1
1
1
0.466448
0.0710632
0.001
0.00118066
0.0420621
0.246877
0.699678
1
1
1
0.735005
0.605278
0.530832
0.478368
0.345666
0.126907
0.00499777
0.00802705
0.170625
0.442101
0.62208
0.70498
0.752122
0.769628
1
1
1
1
0.576579
0.158369
0.0174784
0.00154692
0.120266
0.582808
1
1
1
0.493793
0.0930424
0.001
0.001
0.001
0.001
0.001
0.001
0.0930424
0.493793
1
1
1
0.582808
0.120266
0.00154692
0.0174784
0.158369
0.576579
1
1
1
1
0.769628
0.752122
0.70498
0.62208
0.442101
0.170625
0.00802705
0.00560443
0.138338
0.394921
0.583875
0.668488
0.682504
0.664632
0.873958
1
1
1
1
0.495885
0.120459
0.0154646
0.189278
0.728911
1
1
1
0.484436
0.0919035
0.001
0.001
0.001
0.001
0.001
0.001
0.0919035
0.484436
1
1
1
0.728911
0.189278
0.0154646
0.120459
0.495885
1
1
1
1
0.873958
0.664632
0.682504
0.668488
0.583875
0.394921
0.138338
0.00560443
0.00130811
0.0709486
0.232464
0.384579
0.416956
0.375913
0.350658
0.520219
1
1
1
1
1
0.447252
0.121196
0.265079
0.853611
1
1
1
0.463622
0.0891404
0.001
0.001
0.001
0.001
0.001
0.001
0.0891404
0.463622
1
1
1
0.853611
0.265079
0.121196
0.447252
1
1
1
1
1
0.520219
0.350658
0.375913
0.416956
0.384579
0.232464
0.0709486
0.00130811
0.001
0.01361
0.0612046
0.111867
0.116915
0.0877171
0.0778134
0.197313
0.612585
1
1
1
1
0.991798
0.457466
0.417752
0.93634
1
1
1
0.440078
0.0842214
0.001
0.001
0.001
0.001
0.001
0.001
0.0842214
0.440078
1
1
1
0.93634
0.417752
0.457466
0.991798
1
1
1
1
0.612585
0.197313
0.0778134
0.0877171
0.116915
0.111867
0.0612046
0.01361
0.001
0.001
0.001
0.001
0.001
0.001
0.001
0.00302753
0.0614897
0.29675
0.793907
1
1
1
1
0.939613
0.670123
0.974772
1
1
1
0.422382
0.0773946
0.001
0.001
0.001
0.001
0.001
0.001
0.0773946
0.422382
1
1
1
0.974772
0.670123
0.939613
1
1
1
1
0.793907
0.29675
0.0614897
0.00302753
0.001
0.001
0.001
0.001
0.001
0.001
0.001
0.001
0.00181758
0.00148347
0.001
0.001
0.001
0.0141799
0.101325
0.380355
0.94823
1
1
1
1
0.991413
1
1
1
1
0.447312
0.0849915
0.00123915
0.001
0.001
0.001
0.001
0.00123915
0.0849915
0.447312
1
1
1
1
0.991413
1
1
1
1
0.94823
0.380355
0.101325
0.0141799
0.001
0.001
0.001
0.00148347
0.00181758
0.001
0.001
0.00304795
0.0578541
0.131565
0.122806
0.0468654
0.00581006
0.001
0.001
0.0146372
0.124636
0.523889
1
1
1
1
1
1
1
1
1
0.568917
0.142381
0.00970664
0.001
0.001
0.001
0.001
0.00970664
0.142381
0.568917
1
1
1
1
1
1
1
1
1
0.523889
0.124636
0.0146372
0.001
0.001
0.00581006
0.0468654
0.122806
0.131565
0.0578541
0.00304795
0.0114649
0.155302
0.379167
0.398795
0.223376
0.0810912
0.012454
0.001
0.001
0.0278244
0.238457
0.759466
1
1
1
1
1
1
1
1
0.789298
0.250328
0.0245629
0.001
0.001
0.001
0.001
0.0245629
0.250328
0.789298
1
1
1
1
1
1
1
1
0.759466
0.238457
0.0278244
0.001
0.001
0.012454
0.0810912
0.223376
0.398795
0.379167
0.155302
0.0114649
0.015706
0.197144
0.503036
0.638805
0.518502
0.293174
0.12368
0.0853774
0.0983359
0.120792
0.218225
0.4847
1
1
1
1
1
1
1
1
0.949285
0.342559
0.0478873
0.00828884
0.0111278
0.0111278
0.00828884
0.0478873
0.342559
0.949285
1
1
1
1
1
1
1
1
0.4847
0.218225
0.120792
0.0983359
0.0853774
0.12368
0.293174
0.518502
0.638805
0.503036
0.197144
0.015706
0.0110221
0.168725
0.469397
0.715778
0.757091
0.704611
0.599329
0.601191
0.647596
0.68389
0.713119
0.746237
1
1
1
1
1
1
1
1
1
1
1
0.73721
0.203928
0.203928
0.73721
1
1
1
1
1
1
1
1
1
1
1
0.746237
0.713119
0.68389
0.647596
0.601191
0.599329
0.704611
0.757091
0.715778
0.469397
0.168725
0.0110221
0.00581512
0.151237
0.44312
0.714668
0.872058
1
1
1
1
1
1
1
1
1
1
1
1
1
1
1
1
1
1
1
0.443569
0.443569
1
1
1
1
1
1
1
1
1
1
1
1
1
1
1
1
1
1
1
0.872058
0.714668
0.44312
0.151237
0.00581512
