0.00747311
0.127615
0.336205
0.514668
0.672058
0.849441
1
1
1
1
1
1
1
1
1
1
1
1
1
1
1
1
1
1
0.446298
0.446298
1
1
1
1
1
1
1
1
1
1
1
1
1
1
1
1
1
1
0.849441
0.672058
0.514668
0.336205
0.127615
0.00747311
0.0128755
0.149352
0.377419
0.527192
0.557091
0.567153
0.56881
0.618699
0.673347
0.713085
0.742876
0.770329
1
1
1
1
1
1
1
1
1
1
1
0.741546
0.205174
0.205174
0.741546
1
1
1
1
1
1
1
1
1
1
1
0.770329
0.742876
0.713085
0.673347
0.618699
0.56881
0.567153
0.557091
0.527192
0.377419
0.149352
0.0128755
0.0172677
0.189372
0.455573
0.534066
0.405138
0.235323
0.112249
0.0849317
0.0990428
0.12229
0.221839
0.491902
1
1
1
1
1
1
1
1
0.954283
0.344488
0.0481242
0.00837576
0.0111904
0.0111904
0.00837576
0.0481242
0.344488
0.954283
1
1
1
1
1
1
1
1
0.491902
0.221839
0.12229
0.0990428
0.0849317
0.112249
0.235323
0.405138
0.534066
0.455573
0.189372
0.0172677
0.0121739
0.156613
0.374815
0.378636
0.201561
0.0723565
0.0129227
0.001
0.001
0.0279207
0.241371
0.770563
1
1
1
1
1
1
1
1
0.792469
0.251652
0.024709
0.001
0.001
0.001
0.001
0.024709
0.251652
0.792469
1
1
1
1
1
1
1
1
0.770563
0.241371
0.0279207
0.001
0.001
0.0129227
0.0723565
0.201561
0.378636
0.374815
0.156613
0.0121739
0.00310311
0.0600108
0.135714
0.12703
0.0494588
0.00699578
0.001
0.001
0.0143303
0.126027
0.532021
1
1
1
1
1
1
1
1
1
0.570121
0.142894
0.00976492
0.001
0.001
0.001
0.001
0.00976492
0.142894
0.570121
1
1
1
1
1
1
1
1
1
0.532021
0.126027
0.0143303
0.001
0.001
0.00699578
0.0494588
0.12703
0.135714
0.0600108
0.00310311
0.001
0.001
0.00178552
0.00146156
0.001
0.001
0.001
0.0137693
0.101137
0.385605
0.966241
1
1
1
1
1
1
1
1
1
0.447927
0.0854543
0.00124965
0.001
0.001
0.001
0.001
0.00124965
0.0854543
0.447927
1
1
1
1
1
1
1
1
1
0.966241
0.385605
0.101137
0.0137693
0.001
0.001
0.001
0.00146156
0.00178552
0.001
0.001
0.001
0.001
0.001
0.001
0.001
0.001
0.00301039
0.0612016
0.29915
0.807348
1
1
1
1
0.957759
0.675217
0.972331
1
1
1
0.422671
0.0780342
0.001
0.001
0.001
0.001
0.001
0.001
0.0780342
0.422671
1
1
1
0.972331
0.675217
0.957759
1
1
1
1
0.807348
0.29915
0.0612016
0.00301039
0.001
0.001
0.001
0.001
0.001
0.001
0.001
0.0146357
0.0614692
0.106637
0.106567
0.0782285
0.0734904
0.198882
0.623487
1
1
1
1
1
0.465643
0.418403
0.931866
1
1
1
0.439881
0.0849693
0.001
0.001
0.001
0.001
0.001
0.001
0.0849693
0.439881
1
1
1
0.931866
0.418403
0.465643
1
1
1
1
1
0.623487
0.198882
0.0734904
0.0782285
0.106567
0.106637
0.0614692
0.0146357
0.001
0.00139052
0.0713142
0.225503
0.353822
0.365671
0.331516
0.334039
0.529956
1
1
1
1
1
0.452899
0.122603
0.264126
0.849829
1
1
1
0.462975
0.0899582
0.001
0.001
0.001
0.001
0.001
0.001
0.0899582
0.462975
1
1
1
0.849829
0.264126
0.122603
0.452899
1
1
1
1
1
0.529956
0.334039
0.331516
0.365671
0.353822
0.225503
0.0713142
0.00139052
0.00582484
0.135631
0.373439
0.519719
0.568619
0.597779
0.637131
0.893913
1
1
1
1
0.500784
0.120811
0.0154894
0.189493
0.726704
1
1
1
0.483625
0.0928507
0.001
0.001
0.001
0.001
0.001
0.001
0.0928507
0.483625
1
1
1
0.726704
0.189493
0.0154894
0.120811
0.500784
1
1
1
1
0.893913
0.637131
0.597779
0.568619
0.519719
0.373439
0.135631
0.00582484
0.00823311
0.167212
0.417691
0.549919
0.592469
0.659608
0.742424
1
1
1
1
0.580508
0.157383
0.0171058
0.00160205
0.121101
0.581551
1
1
1
0.493451
0.0943628
0.001
0.001
0.001
0.001
0.001
0.001
0.0943628
0.493451
1
1
1
0.581551
0.121101
0.00160205
0.0171058
0.157383
0.580508
1
1
1
1
0.742424
0.659608
0.592469
0.549919
0.417691
0.167212
0.00823311
0.00505394
0.12602
0.333207
0.432084
0.452464
0.541833
0.723739
1
1
1
0.707605
0.244963
0.0403402
0.00107573
0.001
0.0723543
0.465865
1
1
1
0.485954
0.0950047
0.001
0.001
0.001
0.001
0.001
0.001
0.0950047
0.485954
1
1
1
0.465865
0.0723543
0.001
0.00107573
0.0403402
0.244963
0.707605
1
1
1
0.723739
0.541833
0.452464
0.432084
0.333207
0.12602
0.00505394
0.001
0.0503096
0.131764
0.183822
0.22091
0.400182
0.795628
1
1
0.889442
0.368621
0.0915835
0.00854167
0.001
0.001
0.0587724
0.406342
1
1
1
0.464009
0.0952346
0.001
0.001
0.001
0.001
0.001
0.001
0.0952346
0.464009
1
1
1
0.406342
0.0587724
0.001
0.001
0.00854167
0.0915835
0.368621
0.889442
1
1
0.795628
0.400182
0.22091
0.183822
0.131764
0.0503096
0.001
0.001
0.001
0.00578868
0.0162601
0.0798556
0.364652
0.940392
1
1
0.572002
0.166029
0.0216536
0.001
0.001
0.001
0.0621956
0.381436
1
1
1
0.439366
0.0950605
0.001
0.001
0.001
0.001
0.001
0.001
0.0950605
0.439366
1
1
1
0.381436
0.0621956
0.001
0.001
0.001
0.0216536
0.166029
0.572002
1
1
0.940392
0.364652
0.0798556
0.0162601
0.00578868
0.001
0.001
0.001
0.001
0.001
0.0223823
0.138457
0.507638
1
1
0.908132
0.344864
0.0661898
0.00199398
0.001
0.001
0.001
0.0683715
0.385249
0.988992
1
1
0.43656
0.0956299
0.001
0.001
0.001
0.001
0.001
0.001
0.0956299
0.43656
1
1
0.988992
0.385249
0.0683715
0.001
0.001
0.001
0.00199398
0.0661898
0.344864
0.908132
1
1
0.507638
0.138457
0.0223823
0.001
0.001
0.001
0.001
0.001
0.00565081
0.0703041
0.280201
0.702346
1
1
0.63545
0.188598
0.0243811
0.001
0.001
0.001
0.00116237
0.0855602
0.43391
0.995872
1
1
0.493556
0.124413
0.00852127
0.001
0.001
0.001
0.001
0.00852127
0.124413
0.493556
1
1
0.995872
0.43391
0.0855602
0.00116237
0.001
0.001
0.001
0.0243811
0.188598
0.63545
1
1
0.702346
0.280201
0.0703041
0.00565081
0.001
0.001
0.001
0.001
0.039667
0.168672
0.42136
0.7944
0.970226
0.873534
0.417591
0.0930849
0.00363292
0.001
0.001
0.001
0.0202078
0.168416
0.562749
0.987837
1
1
0.633355
0.236713
0.046196
0.001
0.001
0.001
0.001
0.046196
0.236713
0.633355
1
1
0.987837
0.562749
0.168416
0.0202078
0.001
0.001
0.001
0.00363292
0.0930849
0.417591
0.873534
0.970226
0.7944
0.42136
0.168672
0.039667
0.001
0.001
0.001
0.0133584
0.106932
0.302154
0.526487
0.763241
0.811094
0.687053
0.340952
0.0804465
0.00269966
0.001
0.001
0.00199114
0.0752478
0.345359
0.728851
0.912868
0.990255
0.925471
0.777658
0.428364
0.126284
0.00887988
0.001
0.001
0.00887988
0.126284
0.428364
0.777658
0.925471
0.990255
0.912868
0.728851
0.345359
0.0752478
0.00199114
0.001
0.001
0.00269966
0.0804465
0.340952
0.687053
0.811094
0.763241
0.526487
0.302154
0.106932
0.0133584
0.001
0.001
0.0517285
0.209127
0.413006
0.609958
0.710491
0.696928
0.622429
0.403548
0.162751
0.0290659
0.001
0.001
0.0252187
0.186697
0.555695
0.78902
0.835616
0.808305
0.835132
0.802102
0.622477
0.253644
0.0434058
0.001
0.001
0.0434058
0.253644
0.622477
0.802102
0.835132
0.808305
0.835616
0.78902
0.555695
0.186697
0.0252187
0.001
0.001
0.0290659
0.162751
0.403548
0.622429
0.696928
0.710491
0.609958
0.413006
0.209127
0.0517285
0.001
0.00284682
0.100649
0.31364
0.499281
0.623314
0.594351
0.548371
0.559373
0.518094
0.30813
0.0886229
0.001
0.00157238
0.0811256
0.339157
0.706952
0.799056
0.754495
0.680813
0.724349
0.779014
0.721268
0.399219
0.105223
0.00121956
0.00121956
0.105223
0.399219
0.721268
0.779014
0.724349
0.680813
0.754495
0.799056
0.706952
0.339157
0.0811256
0.00157238
0.001
0.0886229
0.30813
0.518094
0.559373
0.548371
0.594351
0.623314
0.499281
0.31364
0.100649
0.00284682
0.0118022
0.147159
0.39062
0.537074
0.544998
0.440172
0.436222
0.535606
0.600086
0.445057
0.158388
0.00200223
0.0109785
0.155702
0.457449
0.723591
0.748122
0.547944
0.388161
0.528931
0.712174
0.747137
0.50218
0.169357
0.00575312
0.00575312
0.169357
0.50218
0.747137
0.712174
0.528931
0.388161
0.547944
0.748122
0.723591
0.457449
0.155702
0.0109785
0.00200223
0.158388
0.445057
0.600086
0.535606
0.436222
0.440172
0.544998
0.537074
0.39062
0.147159
0.0118022
0.0178982
0.188968
0.452205
0.531922
0.419822
0.313201
0.30154
0.392254
0.486628
0.398636
0.146453
0.0020472
0.0200428
0.211013
0.502044
0.61273
0.473142
0.257219
0.140395
0.249744
0.478572
0.639634
0.522374
0.202406
0.00881198
0.00881198
0.202406
0.522374
0.639634
0.478572
0.249744
0.140395
0.257219
0.473142
0.61273
0.502044
0.211013
0.0200428
0.0020472
0.146453
0.398636
0.486628
0.392254
0.30154
0.313201
0.419822
0.531922
0.452205
0.188968
0.0178982
0.0121855
0.152736
0.366828
0.386946
0.243673
0.135373
0.110858
0.155262
0.206294
0.165658
0.0626703
0.001
0.0156147
0.166649
0.382464
0.389326
0.209036
0.06935
0.0170189
0.0615363
0.198543
0.383275
0.368433
0.146629
0.00586402
0.00586402
0.146629
0.368433
0.383275
0.198543
0.0615363
0.0170189
0.06935
0.209036
0.389326
0.382464
0.166649
0.0156147
0.001
0.0626703
0.165658
0.206294
0.155262
0.110858
0.135373
0.243673
0.386946
0.366828
0.152736
0.0121855
0.00275139
0.0583099
0.133886
0.138125
0.0701132
0.0201629
0.00331901
0.0100905
0.0158002
0.0109575
0.00242358
0.001
0.00423206
0.0614727
0.135589
0.128431
0.0529091
0.00858915
0.001
0.00452779
0.0437468
0.114783
0.120646
0.0509292
0.00118104
0.00118104
0.0509292
0.120646
0.114783
0.0437468
0.00452779
0.001
0.00858915
0.0529091
0.128431
0.135589
0.0614727
0.00423206
0.001
0.00242358
0.0109575
0.0158002
0.0100905
0.00331901
0.0201629
0.0701132
0.138125
0.133886
0.0583099
0.00275139
0.001
0.001
0.0019492
0.0018929
0.001
0.001
0.001
0.001
0.001
0.001
0.001
0.001
0.001
0.0011525
0.00259091
0.00224484
0.001
0.001
0.001
0.001
0.001
0.001
0.001
0.001
0.001
0.001
0.001
0.001
0.001
0.001
0.001
0.001
0.001
0.001
0.00224484
0.00259091
0.0011525
0.001
0.001
0.001
0.001
0.001
0.001
0.001
0.001
0.001
0.0018929
0.0019492
0.001
0.001
0.001
0.001
0.0019492
0.0018929
0.001
0.001
0.001
0.001
0.001
0.001
0.001
0.001
0.001
0.0011525
0.00259091
0.00224484
0.001
0.001
0.001
0.001
0.001
0.001
0.001
0.001
0.001
0.001
0.001
0.001
0.001
0.001
0.001
0.001
0.001
0.001
0.00224484
0.00259091
0.0011525
0.001
0.001
0.001
0.001
0.001
0.001
0.001
0.001
0.001
0.0018929
0.0019492
0.001
0.001
0.00275139
0.0583099
0.133886
0.138125
0.0701132
0.0201629
0.00331901
0.0100905
0.0158002
0.0109575
0.00242358
0.001
0.00423206
0.0614727
0.135589
0.128431
0.0529091
0.00858915
0.001
0.00452779
0.0437468
0.114783
0.120646
0.0509292
0.00118104
0.00118104
0.0509292
0.120646
0.114783
0.0437468
0.00452779
0.001
0.00858915
0.0529091
0.128431
0.135589
0.0614727
0.00423206
0.001
0.00242358
0.0109575
0.0158002
0.0100905
0.00331901
0.0201629
0.0701132
0.138125
0.133886
0.0583099
0.00275139
0.0121855
0.152736
0.366828
0.386946
0.243673
0.135373
0.110858
0.155262
0.206294
0.165658
0.0626703
0.001
0.0156147
0.166649
0.382464
0.389326
0.209036
0.06935
0.0170189
0.0615363
0.198543
0.383275
0.368433
0.146629
0.00586402
0.00586402
0.146629
0.368433
0.383275
0.198543
0.0615363
0.0170189
0.06935
0.209036
0.389326
0.382464
0.166649
0.0156147
0.001
0.0626703
0.165658
0.206294
0.155262
0.110858
0.135373
0.243673
0.386946
0.366828
0.152736
0.0121855
0.0178982
0.188968
0.452205
0.531922
0.419822
0.313201
0.30154
0.392254
0.486628
0.398636
0.146453
0.0020472
0.0200428
0.211013
0.502044
0.61273
0.473142
0.257219
0.140395
0.249744
0.478572
0.639634
0.522374
0.202406
0.00881198
0.00881198
0.202406
0.522374
0.639634
0.478572
0.249744
0.140395
0.257219
0.473142
0.61273
0.502044
0.211013
0.0200428
0.0020472
0.146453
0.398636
0.486628
0.392254
0.30154
0.313201
0.419822
0.531922
0.452205
0.188968
0.0178982
0.0118022
0.147159
0.39062
0.537074
0.544998
0.440172
0.436222
0.535606
0.600086
0.445057
0.158388
0.00200223
0.0109785
0.155702
0.457449
0.723591
0.748122
0.547944
0.388161
0.528931
0.712174
0.747137
0.50218
0.169357
0.00575312
0.00575312
0.169357
0.50218
0.747137
0.712174
0.528931
0.388161
0.547944
0.748122
0.723591
0.457449
0.155702
0.0109785
0.00200223
0.158388
0.445057
0.600086
0.535606
0.436222
0.440172
0.544998
0.537074
0.39062
0.147159
0.0118022
0.00284682
0.100649
0.31364
0.499281
0.623314
0.594351
0.548371
0.559373
0.518094
0.30813
0.0886229
0.001
0.00157238
0.0811256
0.339157
0.706952
0.799056
0.754495
0.680813
0.724349
0.779014
0.721268
0.399219
0.105223
0.00121956
0.00121956
0.105223
0.399219
0.721268
0.779014
0.724349
0.680813
0.754495
0.799056
0.706952
0.339157
0.0811256
0.00157238
0.001
0.0886229
0.30813
0.518094
0.559373
0.548371
0.594351
0.623314
0.499281
0.31364
0.100649
0.00284682
0.001
0.0517285
0.209127
0.413006
0.609958
0.710491
0.696928
0.622429
0.403548
0.162751
0.0290659
0.001
0.001
0.0252187
0.186697
0.555695
0.78902
0.835616
0.808305
0.835132
0.802102
0.622477
0.253644
0.0434058
0.001
0.001
0.0434058
0.253644
0.622477
0.802102
0.835132
0.808305
0.835616
0.78902
0.555695
0.186697
0.0252187
0.001
0.001
0.0290659
0.162751
0.403548
0.622429
0.696928
0.710491
0.609958
0.413006
0.209127
0.0517285
0.001
0.001
0.0133584
0.106932
0.302154
0.526487
0.763241
0.811094
0.687053
0.340952
0.0804465
0.00269966
0.001
0.001
0.00199114
0.0752478
0.345359
0.728851
0.912868
0.990255
0.925471
0.777658
0.428364
0.126284
0.00887988
0.001
0.001
0.00887988
0.126284
0.428364
0.777658
0.925471
0.990255
0.912868
0.728851
0.345359
0.0752478
0.00199114
0.001
0.001
0.00269966
0.0804465
0.340952
0.687053
0.811094
0.763241
0.526487
0.302154
0.106932
0.0133584
0.001
0.001
0.001
0.039667
0.168672
0.42136
0.7944
0.970226
0.873534
0.417591
0.0930849
0.00363292
0.001
0.001
0.001
0.0202078
0.168416
0.562749
0.987837
1
1
0.633355
0.236713
0.046196
0.001
0.001
0.001
0.001
0.046196
0.236713
0.633355
1
1
0.987837
0.562749
0.168416
0.0202078
0.001
0.001
0.001
0.00363292
0.0930849
0.417591
0.873534
0.970226
0.7944
0.42136
0.168672
0.039667
0.001
0.001
0.001
0.001
0.00565081
0.0703041
0.280201
0.702346
1
1
0.63545
0.188598
0.0243811
0.001
0.001
0.001
0.00116237
0.0855602
0.43391
0.995872
1
1
0.493556
0.124413
0.00852127
0.001
0.001
0.001
0.001
0.00852127
0.124413
0.493556
1
1
0.995872
0.43391
0.0855602
0.00116237
0.001
0.001
0.001
0.0243811
0.188598
0.63545
1
1
0.702346
0.280201
0.0703041
0.00565081
0.001
0.001
0.001
0.001
0.001
0.0223823
0.138457
0.507638
1
1
0.908132
0.344864
0.0661898
0.00199398
0.001
0.001
0.001
0.0683715
0.385249
0.988992
1
1
0.43656
0.0956299
0.001
0.001
0.001
0.001
0.001
0.001
0.0956299
0.43656
1
1
0.988992
0.385249
0.0683715
0.001
0.001
0.001
0.00199398
0.0661898
0.344864
0.908132
1
1
0.507638
0.138457
0.0223823
0.001
0.001
0.001
0.001
0.001
0.00578868
0.0162601
0.0798556
0.364652
0.940392
1
1
0.572002
0.166029
0.0216536
0.001
0.001
0.001
0.0621956
0.381436
1
1
1
0.439366
0.0950605
0.001
0.001
0.001
0.001
0.001
0.001
0.0950605
0.439366
1
1
1
0.381436
0.0621956
0.001
0.001
0.001
0.0216536
0.166029
0.572002
1
1
0.940392
0.364652
0.0798556
0.0162601
0.00578868
0.001
0.001
0.001
0.0503096
0.131764
0.183822
0.22091
0.400182
0.795628
1
1
0.889442
0.368621
0.0915835
0.00854167
0.001
0.001
0.0587724
0.406342
1
1
1
0.464009
0.0952346
0.001
0.001
0.001
0.001
0.001
0.001
0.0952346
0.464009
1
1
1
0.406342
0.0587724
0.001
0.001
0.00854167
0.0915835
0.368621
0.889442
1
1
0.795628
0.400182
0.22091
0.183822
0.131764
0.0503096
0.001
0.00505394
0.12602
0.333207
0.432084
0.452464
0.541833
0.723739
1
1
1
0.707605
0.244963
0.0403402
0.00107573
0.001
0.0723543
0.465865
1
1
1
0.485954
0.0950047
0.001
0.001
0.001
0.001
0.001
0.001
0.0950047
0.485954
1
1
1
0.465865
0.0723543
0.001
0.00107573
0.0403402
0.244963
0.707605
1
1
1
0.723739
0.541833
0.452464
0.432084
0.333207
0.12602
0.00505394
0.00823311
0.167212
0.417691
0.549919
0.592469
0.659608
0.742424
1
1
1
1
0.580508
0.157383
0.0171058
0.00160205
0.121101
0.581551
1
1
1
0.493451
0.0943628
0.001
0.001
0.001
0.001
0.001
0.001
0.0943628
0.493451
1
1
1
0.581551
0.121101
0.00160205
0.0171058
0.157383
0.580508
1
1
1
1
0.742424
0.659608
0.592469
0.549919
0.417691
0.167212
0.00823311
0.00582484
0.135631
0.373439
0.519719
0.568619
0.597779
0.637131
0.893913
1
1
1
1
0.500784
0.120811
0.0154894
0.189493
0.726704
1
1
1
0.483625
0.0928507
0.001
0.001
0.001
0.001
0.001
0.001
0.0928507
0.483625
1
1
1
0.726704
0.189493
0.0154894
0.120811
0.500784
1
1
1
1
0.893913
0.637131
0.597779
0.568619
0.519719
0.373439
0.135631
0.00582484
0.00139052
0.0713142
0.225503
0.353822
0.365671
0.331516
0.334039
0.529956
1
1
1
1
1
0.452899
0.122603
0.264126
0.849829
1
1
1
0.462975
0.0899582
0.001
0.001
0.001
0.001
0.001
0.001
0.0899582
0.462975
1
1
1
0.849829
0.264126
0.122603
0.452899
1
1
1
1
1
0.529956
0.334039
0.331516
0.365671
0.353822
0.225503
0.0713142
0.00139052
0.001
0.0146357
0.0614692
0.106637
0.106567
0.0782285
0.0734904
0.198882
0.623487
1
1
1
1
1
0.465643
0.418403
0.931866
1
1
1
0.439881
0.0849693
0.001
0.001
0.001
0.001
0.001
0.001
0.0849693
0.439881
1
1
1
0.931866
0.418403
0.465643
1
1
1
1
1
0.623487
0.198882
0.0734904
0.0782285
0.106567
0.106637
0.0614692
0.0146357
0.001
0.001
0.001
0.001
0.001
0.001
0.001
0.00301039
0.0612016
0.29915
0.807348
1
1
1
1
0.957759
0.675217
0.972331
1
1
1
0.422671
0.0780342
0.001
0.001
0.001
0.001
0.001
0.001
0.0780342
0.422671
1
1
1
0.972331
0.675217
0.957759
1
1
1
1
0.807348
0.29915
0.0612016
0.00301039
0.001
0.001
0.001
0.001
0.001
0.001
0.001
0.001
0.00178552
0.00146156
0.001
0.001
0.001
0.0137693
0.101137
0.385605
0.966241
1
1
1
1
1
1
1
1
1
0.447927
0.0854543
0.00124965
0.001
0.001
0.001
0.001
0.00124965
0.0854543
0.447927
1
1
1
1
1
1
1
1
1
0.966241
0.385605
0.101137
0.0137693
0.001
0.001
0.001
0.00146156
0.00178552
0.001
0.001
0.00310311
0.0600108
0.135714
0.12703
0.0494588
0.00699578
0.001
0.001
0.0143303
0.126027
0.532021
1
1
1
1
1
1
1
1
1
0.570121
0.142894
0.00976492
0.001
0.001
0.001
0.001
0.00976492
0.142894
0.570121
1
1
1
1
1
1
1
1
1
0.532021
0.126027
0.0143303
0.001
0.001
0.00699578
0.0494588
0.12703
0.135714
0.0600108
0.00310311
0.0121739
0.156613
0.374815
0.378636
0.201561
0.0723565
0.0129227
0.001
0.001
0.0279207
0.241371
0.770563
1
1
1
1
1
1
1
1
0.792469
0.251652
0.024709
0.001
0.001
0.001
0.001
0.024709
0.251652
0.792469
1
1
1
1
1
1
1
1
0.770563
0.241371
0.0279207
0.001
0.001
0.0129227
0.0723565
0.201561
0.378636
0.374815
0.156613
0.0121739
0.0172677
0.189372
0.455573
0.534066
0.405138
0.235323
0.112249
0.0849317
0.0990428
0.12229
0.221839
0.491902
1
1
1
1
1
1
1
1
0.954283
0.344488
0.0481242
0.00837576
0.0111904
0.0111904
0.00837576
0.0481242
0.344488
0.954283
1
1
1
1
1
1
1
1
0.491902
0.221839
0.12229
0.0990428
0.0849317
0.112249
0.235323
0.405138
0.534066
0.455573
0.189372
0.0172677
0.0128755
0.149352
0.377419
0.527192
0.557091
0.567153
0.56881
0.618699
0.673347
0.713085
0.742876
0.770329
1
1
1
1
1
1
1
1
1
1
1
0.741546
0.205174
0.205174
0.741546
1
1
1
1
1
1
1
1
1
1
1
0.770329
0.742876
0.713085
0.673347
0.618699
0.56881
0.567153
0.557091
0.527192
0.377419
0.149352
0.0128755
0.00747311
0.127615
0.336205
0.514668
0.672058
0.849441
1
1
1
1
1
1
1
1
1
1
1
1
1
1
1
1
1
1
0.446298
0.446298
1
1
1
1
1
1
1
1
1
1
1
1
1
1
1
1
1
1
0.849441
0.672058
0.514668
0.336205
0.127615
0.00747311
