0.001
0.001
0.164211
0.787562
0.798535
0.8
0.8
0.920479
0.961327
0.971254
0.974151
0.989175
1
1
1
1
1
1
1
1
1
1
1
1
0.376607
0.376394
1
1
1
1
1
1
1
1
1
1
1
1
0.989373
0.974082
0.971139
0.961193
0.920345
0.8
0.8
0.798535
0.787562
0.164333
0.001
0.001
0.001
0.001
0.170802
0.548436
0.637763
0.794677
0.688132
0.647186
0.700491
0.718234
0.739318
0.79076
1
1
1
1
1
1
1
1
1
1
1
0.666005
0.195966
0.195995
0.66585
1
1
1
1
1
1
1
1
1
1
1
0.790758
0.739318
0.718236
0.700494
0.647187
0.688132
0.794677
0.637763
0.548435
0.17093
0.001
0.001
0.001
0.001
0.0880731
0.198459
0.183655
0.110546
0.129313
0.14983
0.132109
0.13059
0.153869
0.419968
1
1
1
1
1
1
1
1
0.625371
0.0823402
0.0322735
0.0504721
0.0290811
0.029191
0.0506595
0.0323764
0.0819151
0.624825
1
1
1
1
1
1
1
1
0.41998
0.153498
0.130295
0.131895
0.14979
0.129359
0.110633
0.18382
0.198635
0.0881479
0.001
0.001
0.001
0.001
0.001
0.00113451
0.00109801
0.001
0.001
0.001
0.001
0.001
0.0720471
0.609609
1
1
1
1
1
1
1
1
0.384664
0.0233409
0.001
0.001
0.001
0.001
0.001
0.001
0.0230617
0.384104
1
1
1
1
1
1
1
1
0.609917
0.0719168
0.001
0.001
0.001
0.001
0.001
0.00110696
0.00114376
0.001
0.001
0.001
0.001
0.001
0.001
0.001
0.001
0.001
0.001
0.001
0.001
0.0390969
0.281099
0.9996
1
1
1
1
1
1
1
0.949282
0.229367
0.00134006
0.001
0.001
0.001
0.001
0.001
0.001
0.0013111
0.22873
0.950488
1
1
1
1
1
1
1
1
0.28107
0.0390469
0.001
0.001
0.001
0.001
0.001
0.001
0.001
0.001
0.001
0.001
0.001
0.001
0.001
0.001
0.001
0.001
0.001
0.00607774
0.158669
0.712174
1
1
1
1
1
1
1
1
0.766939
0.173032
0.001
0.001
0.001
0.001
0.001
0.001
0.001
0.001
0.172167
0.766373
1
1
1
1
1
1
1
1
0.712056
0.15844
0.00605401
0.001
0.001
0.001
0.001
0.001
0.001
0.001
0.001
0.001
0.001
0.001
0.001
0.001
0.0934193
0.221408
0.220729
0.18405
0.479801
1
1
1
1
1
1
1
1
1
0.65292
0.137079
0.001
0.001
0.001
0.001
0.001
0.001
0.001
0.001
0.136222
0.652476
1
1
1
1
1
1
1
1
1
0.479445
0.184348
0.22087
0.222007
0.0938651
0.001
0.001
0.001
0.001
0.001
0.001
0.001
0.001
0.001
0.001
0.221172
0.580738
0.588611
0.539678
0.945858
1
1
1
1
1
0.991884
1
1
1
0.678793
0.137564
0.001
0.001
0.001
0.001
0.001
0.001
0.001
0.001
0.137449
0.680083
1
1
1
0.993964
1
1
1
1
1
0.946257
0.540786
0.589292
0.578395
0.221851
0.001
0.001
0.001
0.001
0.001
0.001
0.001
0.001
0.001
0.001
0.196135
0.546435
0.675085
0.784839
1
1
1
1
1
0.963425
0.525576
0.892309
1
1
0.8538
0.185223
0.001
0.001
0.001
0.001
0.001
0.001
0.001
0.001
0.18619
0.85835
1
1
0.898935
0.526721
0.9637
1
1
1
1
1
0.784519
0.675085
0.546146
0.197096
0.001
0.001
0.001
0.001
0.001
0.001
0.001
0.001
0.001
0.001
0.057779
0.226799
0.612961
0.869021
1
1
1
1
1
0.431785
0.163582
0.575166
1
1
0.9629
0.250966
0.00546869
0.001
0.001
0.001
0.001
0.001
0.001
0.00534128
0.25216
0.969456
1
1
0.578609
0.163886
0.431992
1
1
1
1
1
0.869492
0.611663
0.229085
0.0587856
0.001
0.001
0.001
0.001
0.001
0.001
0.001
0.001
0.001
0.001
0.00974067
0.161651
0.548091
1
1
1
1
1
0.593257
0.107213
0.0129112
0.31328
1
1
1
0.396936
0.0498086
0.001
0.001
0.001
0.001
0.001
0.001
0.0497341
0.39833
1
1
1
0.315149
0.0127955
0.107321
0.593789
1
1
1
1
1
0.547775
0.161366
0.0098008
0.001
0.001
0.001
0.001
0.001
0.001
0.001
0.00133356
0.00234175
0.018643
0.124796
0.383121
0.8
1
1
1
1
0.825987
0.227468
0.0145339
0.001
0.1839
0.87618
1
1
0.642551
0.128741
0.001
0.001
0.001
0.001
0.001
0.001
0.129253
0.646396
1
1
0.883613
0.185618
0.001
0.0145599
0.227689
0.826614
1
1
1
1
0.8
0.383456
0.124916
0.0186451
0.00235081
0.00134955
0.001
0.001
0.001
0.0679175
0.185577
0.237171
0.262812
0.415372
0.764414
0.827707
0.985778
1
1
0.980748
0.434069
0.0637323
0.001
0.001
0.102426
0.620392
1
1
0.797316
0.189101
0.001
0.001
0.001
0.001
0.001
0.001
0.190835
0.804239
1
1
0.626794
0.103322
0.001
0.001
0.0637959
0.434382
0.981429
1
1
0.986183
0.827889
0.764414
0.41511
0.262355
0.238441
0.188188
0.069573
0.001
0.001
0.190429
0.570683
0.699837
0.795628
0.8
0.8
0.8
0.850258
0.958013
0.973496
0.8
0.288404
0.00795526
0.001
0.001
0.0320504
0.432963
1
1
1
0.389759
0.0207127
0.001
0.001
0.001
0.001
0.0214157
0.398081
1
1
1
0.440955
0.0320752
0.001
0.001
0.00796688
0.288622
0.8
0.97414
0.958567
0.850656
0.8
0.8
0.8
0.795416
0.699875
0.566675
0.197242
0.001
0.001
0.194574
0.552658
0.701327
0.8
0.736806
0.706406
0.8
0.8
0.810155
0.802215
0.8
0.227475
0.00270821
0.001
0.001
0.00400504
0.352068
1
1
1
0.66639
0.141887
0.00229651
0.001
0.001
0.00188932
0.142773
0.668382
1
1
1
0.359866
0.00402043
0.001
0.001
0.00271263
0.227641
0.8
0.802793
0.810632
0.8
0.8
0.706406
0.736806
0.8
0.701636
0.564332
0.202919
0.001
0.001
0.0737607
0.1924
0.239799
0.287338
0.419552
0.697607
0.8
0.8
0.8
0.8
0.8
0.176419
0.00193911
0.001
0.001
0.0720817
0.465549
1
1
1
0.992245
0.519171
0.202612
0.0459107
0.0533516
0.219818
0.535057
0.992245
1
1
1
0.4689
0.0712749
0.001
0.001
0.001942
0.176577
0.8
0.8
0.8
0.8
0.8
0.698565
0.419264
0.285674
0.242543
0.198679
0.0775705
0.001
0.001
0.001
0.00102536
0.00279165
0.0320103
0.29602
0.845652
1
1
0.949887
1
0.884417
0.269623
0.00997119
0.001
0.001
0.201189
0.762471
0.860639
0.943307
1
1
0.930653
0.643273
0.209913
0.221137
0.68987
0.930653
1
1
0.943307
0.860363
0.757793
0.194613
0.001
0.001
0.00995112
0.269915
0.885748
1
0.950733
1
1
0.846609
0.29645
0.0317946
0.00271626
0.001
0.001
0.001
0.001
0.001
0.001
0.001
0.144732
0.628821
0.982003
1
0.970601
1
0.958137
1
0.60698
0.16595
0.001
0.001
0.211566
0.744876
0.799756
0.920535
0.796629
0.910426
0.956644
0.741255
0.261481
0.272225
0.780671
0.956644
0.910426
0.796629
0.920535
0.799836
0.72179
0.201997
0.001
0.001
0.166224
0.606693
1
0.958056
1
0.970601
1
0.982003
0.628948
0.144906
0.001
0.001
0.001
0.001
0.001
0.001
0.001
0.0662587
0.414721
0.906595
1
1
0.905848
0.901664
0.894181
0.973609
0.796423
0.42599
0.0650992
0.001
0.0853553
0.280768
0.349488
0.272869
0.252568
0.283309
0.325322
0.278354
0.121377
0.126596
0.296485
0.345187
0.282504
0.251706
0.2731
0.34327
0.271081
0.0803922
0.001
0.0652101
0.426764
0.796423
0.973609
0.894164
0.901664
0.905848
1
1
0.906595
0.415114
0.0663288
0.001
0.001
0.001
0.001
0.001
0.001
0.159601
0.853651
1
1
0.860168
0.403
0.612732
0.840188
0.915271
0.988045
0.812137
0.247376
0.001
0.001
0.001
0.001
0.001
0.001
0.001
0.001
0.001
0.001
0.001
0.001
0.001
0.001
0.001
0.001
0.001
0.001
0.001
0.001
0.247928
0.81221
0.98803
0.915271
0.839911
0.612526
0.403083
0.860168
1
1
0.853651
0.159739
0.001
0.001
0.001
0.001
0.001
0.001
0.265661
0.970005
0.981108
0.858156
0.354272
0.0960425
0.203414
0.657717
0.868246
0.934403
0.79539
0.302563
0.001
0.001
0.001
0.001
0.001
0.001
0.001
0.001
0.001
0.001
0.001
0.001
0.001
0.001
0.001
0.001
0.001
0.001
0.001
0.001
0.30332
0.795122
0.934339
0.868246
0.658485
0.203635
0.0960556
0.354454
0.858156
0.981108
0.970005
0.265823
0.001
0.001
0.001
0.001
0.001
0.001
0.248691
0.85184
0.867491
0.303964
0.0662216
0.001
0.0340128
0.137553
0.22389
0.316688
0.314336
0.142523
0.001
0.001
0.001
0.001
0.001
0.001
0.001
0.001
0.001
0.001
0.001
0.001
0.001
0.001
0.001
0.001
0.001
0.001
0.001
0.001
0.142917
0.315131
0.317308
0.224093
0.137636
0.034037
0.001
0.0662504
0.304104
0.867492
0.85184
0.248809
0.001
0.001
0.001
0.001
0.001
0.001
0.112466
0.253587
0.218166
0.0625355
0.001
0.001
0.001
0.001
0.001
0.001
0.001
0.001
0.001
0.001
0.001
0.001
0.001
0.001
0.001
0.001
0.001
0.001
0.001
0.001
0.001
0.001
0.001
0.001
0.001
0.001
0.001
0.001
0.001
0.001
0.001
0.001
0.001
0.001
0.001
0.001
0.0625567
0.218254
0.253696
0.112516
0.001
0.001
0.001
0.001
0.001
0.001
0.001
0.001
0.001
0.001
0.001
0.001
0.001
0.001
0.001
0.001
0.001
0.001
0.001
0.001
0.001
0.001
0.001
0.001
0.001
0.001
0.001
0.001
0.001
0.001
0.001
0.001
0.001
0.001
0.001
0.001
0.001
0.001
0.001
0.001
0.001
0.001
0.001
0.001
0.001
0.001
0.001
0.001
0.001
0.001
0.001
0.001
0.001
0.001
0.001
0.001
0.001
0.001
0.001
0.001
0.001
0.001
0.001
0.001
0.001
0.001
0.001
0.001
0.001
0.001
0.001
0.001
0.001
0.001
0.001
0.001
0.001
0.001
0.001
0.001
0.001
0.001
0.001
0.001
0.001
0.001
0.001
0.001
0.001
0.001
0.001
0.001
0.001
0.001
0.001
0.001
0.001
0.001
0.001
0.001
0.001
0.001
0.001
0.001
0.001
0.001
0.001
0.001
0.001
0.001
0.001
0.001
0.001
0.001
0.001
0.001
0.001
0.001
0.001
0.001
0.001
0.001
0.001
0.001
0.001
0.001
0.001
0.001
0.001
0.001
0.001
0.001
0.001
0.001
0.001
0.001
0.001
0.001
0.001
0.001
0.001
0.001
0.001
0.001
0.001
0.001
0.001
0.001
0.001
0.001
0.001
0.001
0.001
0.001
0.001
0.001
0.001
0.001
0.001
0.001
0.001
0.001
0.001
0.001
0.001
0.001
0.001
0.001
0.001
0.001
0.001
0.001
0.001
0.001
0.001
0.001
0.001
0.001
0.001
0.001
0.001
0.001
0.001
0.001
0.001
0.001
0.001
0.001
0.001
0.001
0.001
0.001
0.001
0.001
0.001
0.001
0.001
0.001
0.001
0.001
0.001
0.001
0.001
0.001
0.001
0.001
0.112467
0.253592
0.218172
0.0625387
0.001
0.001
0.001
0.001
0.001
0.001
0.001
0.001
0.001
0.001
0.001
0.001
0.001
0.001
0.001
0.001
0.001
0.001
0.001
0.001
0.001
0.001
0.001
0.001
0.001
0.001
0.001
0.001
0.001
0.001
0.001
0.001
0.001
0.001
0.001
0.001
0.0625677
0.218292
0.253739
0.112534
0.001
0.001
0.001
0.001
0.001
0.001
0.248691
0.85184
0.867491
0.303963
0.0662218
0.001
0.0340135
0.137549
0.223907
0.317004
0.314746
0.142738
0.001
0.001
0.001
0.001
0.001
0.001
0.001
0.001
0.001
0.001
0.001
0.001
0.001
0.001
0.001
0.001
0.001
0.001
0.001
0.001
0.142996
0.315255
0.317411
0.22408
0.137692
0.0340796
0.001
0.0662531
0.304142
0.867491
0.85184
0.248846
0.001
0.001
0.001
0.001
0.001
0.001
0.265648
0.970005
0.981108
0.858156
0.35423
0.0960353
0.203418
0.657651
0.868246
0.934329
0.795095
0.302861
0.001
0.001
0.001
0.001
0.001
0.001
0.001
0.001
0.001
0.001
0.001
0.001
0.001
0.001
0.001
0.001
0.001
0.001
0.001
0.001
0.303293
0.794844
0.934268
0.868246
0.658185
0.203594
0.0960591
0.354447
0.858156
0.981108
0.970005
0.265855
0.001
0.001
0.001
0.001
0.001
0.001
0.159612
0.853651
1
1
0.860168
0.402861
0.612781
0.840095
0.915271
0.988027
0.812217
0.247496
0.001
0.001
0.001
0.001
0.001
0.001
0.001
0.001
0.001
0.001
0.001
0.001
0.001
0.001
0.001
0.001
0.001
0.001
0.001
0.001
0.247739
0.812287
0.988013
0.915271
0.839907
0.612597
0.402975
0.860168
1
1
0.853651
0.159741
0.001
0.001
0.001
0.001
0.001
0.001
0.0662918
0.414734
0.906595
1
1
0.905848
0.901664
0.894156
0.973609
0.796423
0.426013
0.0650661
0.001
0.0865193
0.283483
0.351613
0.273261
0.253833
0.290063
0.322003
0.265572
0.112274
0.115786
0.266633
0.317711
0.283681
0.253745
0.272762
0.352713
0.285592
0.0876246
0.001
0.0650586
0.426251
0.796423
0.973609
0.894141
0.901664
0.905848
1
1
0.906595
0.415091
0.0663181
0.001
0.001
0.001
0.001
0.001
0.001
0.001
0.144719
0.628986
0.982003
1
0.970601
1
0.958058
1
0.606849
0.166008
0.001
0.001
0.213768
0.750836
0.799858
0.920535
0.796629
0.910426
0.956644
0.734871
0.23666
0.247089
0.696341
0.956644
0.910426
0.796629
0.920535
0.799939
0.754864
0.215982
0.001
0.001
0.166116
0.606571
1
0.957982
1
0.970601
1
0.982003
0.629101
0.144898
0.001
0.001
0.001
0.001
0.001
0.001
0.00100062
0.00272891
0.0316129
0.295989
0.845836
1
1
0.949698
1
0.884291
0.269402
0.0099535
0.001
0.001
0.202786
0.761358
0.860369
0.943307
1
1
0.930653
0.600646
0.185526
0.197005
0.607888
0.930653
1
1
0.943307
0.860099
0.762492
0.204088
0.001
0.001
0.00992192
0.269466
0.884787
1
0.950073
1
1
0.847127
0.296648
0.0316301
0.00267115
0.001
0.001
0.001
0.001
0.0728108
0.190044
0.237044
0.284966
0.419368
0.698772
0.8
0.8
0.8
0.8
0.8
0.176188
0.00192864
0.001
0.001
0.0724634
0.467318
1
1
1
0.992245
0.510029
0.185395
0.0366687
0.0429669
0.190257
0.501843
0.992245
1
1
1
0.469672
0.0722419
0.001
0.001
0.0019295
0.176228
0.8
0.8
0.8
0.8
0.8
0.699672
0.418712
0.284016
0.242342
0.199657
0.0783066
0.001
0.001
0.195244
0.554592
0.701571
0.8
0.736806
0.706406
0.8
0.8
0.809481
0.8016
0.8
0.22704
0.002691
0.001
0.001
0.00423796
0.353149
1
1
1
0.666522
0.14185
0.00201669
0.001
0.001
0.0019907
0.139662
0.668482
1
1
1
0.357574
0.00385737
0.001
0.001
0.00269442
0.227123
0.8
0.801847
0.809721
0.8
0.8
0.706406
0.736806
0.8
0.702162
0.569116
0.204354
0.001
0.001
0.193715
0.565522
0.699965
0.79537
0.8
0.8
0.8
0.849236
0.957025
0.972624
0.8
0.287765
0.00792302
0.001
0.001
0.0325941
0.434389
1
1
1
0.390897
0.0207139
0.001
0.001
0.001
0.001
0.0211387
0.393312
1
1
1
0.438153
0.0317165
0.001
0.001
0.00792663
0.28795
0.8
0.97291
0.957325
0.849508
0.8
0.8
0.8
0.795092
0.699977
0.565406
0.198135
0.001
0.001
0.0706794
0.190223
0.239575
0.26126
0.415417
0.764414
0.825923
0.984203
1
1
0.979934
0.433431
0.0636714
0.001
0.001
0.102967
0.622768
1
1
0.800274
0.189944
0.001
0.001
0.001
0.001
0.001
0.001
0.189428
0.799253
1
1
0.623309
0.102702
0.001
0.001
0.0636959
0.43366
0.980232
1
1
0.984504
0.826091
0.764414
0.415535
0.261118
0.237673
0.187731
0.069527
0.001
0.001
0.001
0.00138603
0.00236573
0.0184633
0.123714
0.380924
0.8
1
1
1
1
0.825744
0.227457
0.0145195
0.001
0.184546
0.879316
1
1
0.644258
0.128973
0.001
0.001
0.001
0.001
0.001
0.001
0.128711
0.64338
1
1
0.878833
0.184616
0.001
0.0145227
0.227499
0.825953
1
1
1
1
0.8
0.381173
0.123865
0.0184995
0.00232864
0.00132941
0.001
0.001
0.001
0.001
0.001
0.001
0.001
0.00972067
0.16135
0.547441
0.998821
1
1
1
1
0.593496
0.107229
0.0129667
0.31468
1
1
1
0.397721
0.0497359
0.001
0.001
0.001
0.001
0.001
0.001
0.0496615
0.396778
1
1
1
0.313338
0.0127515
0.107254
0.593599
1
1
1
1
0.999181
0.547212
0.161081
0.0097034
0.001
0.001
0.001
0.001
0.001
0.001
0.001
0.001
0.001
0.001
0.0609197
0.235807
0.612986
0.87011
1
1
1
1
1
0.432154
0.163918
0.577739
1
1
0.966345
0.251481
0.00542376
0.001
0.001
0.001
0.001
0.001
0.001
0.0053659
0.25108
0.96442
1
1
0.575234
0.163608
0.432241
1
1
1
1
1
0.870156
0.612105
0.235359
0.0607098
0.001
0.001
0.001
0.001
0.001
0.001
0.001
0.001
0.001
0.001
0.173933
0.543226
0.675085
0.784494
1
1
1
1
1
0.964115
0.526454
0.895637
1
1
0.8567
0.185671
0.001
0.001
0.001
0.001
0.001
0.001
0.001
0.001
0.185448
0.854351
1
1
0.894485
0.526214
0.964456
1
1
1
1
1
0.784975
0.675085
0.54027
0.175742
0.001
0.001
0.001
0.001
0.001
0.001
0.001
0.001
0.001
0.001
0.180477
0.545284
0.588286
0.54812
0.947473
1
1
1
1
1
0.993321
1
1
1
0.680614
0.137773
0.001
0.001
0.001
0.001
0.001
0.001
0.001
0.001
0.137188
0.677846
1
1
1
0.993217
1
1
1
1
1
0.94756
0.547668
0.589572
0.538148
0.184057
0.001
0.001
0.001
0.001
0.001
0.001
0.001
0.001
0.001
0.001
0.0701642
0.177636
0.194265
0.186731
0.479122
1
1
1
1
1
1
1
1
1
0.654038
0.136977
0.001
0.001
0.001
0.001
0.001
0.001
0.001
0.001
0.136347
0.651288
1
1
1
1
1
1
1
1
1
0.479364
0.186643
0.19618
0.181379
0.0724203
0.001
0.001
0.001
0.001
0.001
0.001
0.001
0.001
0.001
0.001
0.001
0.001
0.001
0.00593087
0.158271
0.712266
1
1
1
1
1
1
1
1
0.767947
0.172909
0.001
0.001
0.001
0.001
0.001
0.001
0.001
0.001
0.17236
0.765454
1
1
1
1
1
1
1
1
0.71222
0.158346
0.00595458
0.001
0.001
0.001
0.001
0.001
0.001
0.001
0.001
0.001
0.001
0.001
0.001
0.001
0.001
0.001
0.001
0.001
0.0390102
0.281143
1
1
1
1
1
1
1
1
0.950662
0.22939
0.00132581
0.001
0.001
0.001
0.001
0.001
0.001
0.00132866
0.228781
0.949029
1
1
1
1
1
1
1
1
0.281029
0.0390183
0.001
0.001
0.001
0.001
0.001
0.001
0.001
0.001
0.001
0.001
0.001
0.001
0.00112593
0.00108892
0.001
0.001
0.001
0.001
0.001
0.0719602
0.610353
1
1
1
1
1
1
1
1
0.384889
0.0232454
0.001
0.001
0.001
0.001
0.001
0.001
0.0231857
0.383971
1
1
1
1
1
1
1
1
0.609736
0.0718843
0.001
0.001
0.001
0.001
0.001
0.00108809
0.00112505
0.001
0.001
0.001
0.001
0.001
0.0875306
0.197212
0.182479
0.109825
0.128326
0.148261
0.129912
0.128065
0.151268
0.418444
1
1
1
1
1
1
1
1
0.625872
0.0822532
0.0323427
0.0505917
0.0291512
0.0291642
0.0506137
0.0323507
0.0820474
0.624423
1
1
1
1
1
1
1
1
0.418404
0.151658
0.12846
0.130225
0.148429
0.1284
0.109862
0.182542
0.197282
0.0875618
0.001
0.001
0.001
0.001
0.16977
0.548436
0.637763
0.794677
0.688132
0.647199
0.700508
0.718248
0.739318
0.790767
1
1
1
1
1
1
1
1
1
1
1
0.666178
0.196039
0.195952
0.66572
1
1
1
1
1
1
1
1
1
1
1
0.790765
0.739318
0.718251
0.700511
0.647201
0.688132
0.794677
0.637763
0.548435
0.169832
0.001
0.001
0.001
0.001
0.163249
0.787562
0.798535
0.8
0.8
0.91459
0.955286
0.965401
0.968636
0.984702
1
1
1
1
1
1
1
1
1
1
1
1
0.376597
0.376371
1
1
1
1
1
1
1
1
1
1
1
1
0.984977
0.969028
0.965813
0.95571
0.91501
0.8
0.8
0.798535
0.787562
0.163306
0.001
0.001
