0.00149496
0.104422
0.30065
0.426217
0.607863
0.783198
1
1
1
1
1
1
1
1
1
1
1
1
1
1
1
1
1
1
0.46039
0.46039
1
1
1
1
1
1
1
1
1
1
1
1
1
1
1
1
1
1
0.783198
0.607863
0.426217
0.30065
0.104422
0.00149496
0.00267774
0.107205
0.315392
0.480571
0.628393
0.63251
0.647468
0.685419
0.74161
0.778815
0.810767
0.823692
1
1
1
1
1
1
1
1
1
1
1
0.767779
0.212165
0.212165
0.767779
1
1
1
1
1
1
1
1
1
1
1
0.823692
0.810767
0.778815
0.74161
0.685419
0.647468
0.63251
0.628393
0.480571
0.315392
0.107205
0.00267774
0.0101116
0.142468
0.391025
0.548761
0.535433
0.37446
0.214893
0.138019
0.13392
0.149223
0.186879
0.367117
0.840244
1
1
1
1
1
1
1
0.985876
0.357348
0.0518769
0.00809637
0.0119243
0.0119243
0.00809637
0.0518769
0.357348
0.985876
1
1
1
1
1
1
1
0.840244
0.367117
0.186879
0.149223
0.13392
0.138019
0.214893
0.37446
0.535433
0.548761
0.391025
0.142468
0.0101116
0.0159358
0.190917
0.466784
0.53466
0.366663
0.171276
0.0485333
0.00840995
0.00145864
0.00590469
0.0890148
0.438475
1
1
1
1
1
1
1
1
0.827419
0.265984
0.028022
0.001
0.001
0.001
0.001
0.028022
0.265984
0.827419
1
1
1
1
1
1
1
1
0.438475
0.0890148
0.00590469
0.00145864
0.00840995
0.0485333
0.171276
0.366663
0.53466
0.466784
0.190917
0.0159358
0.0110838
0.151171
0.362759
0.351216
0.15905
0.0410794
0.00374368
0.001
0.001
0.0299266
0.239098
0.781087
1
1
1
1
1
1
1
1
0.604039
0.15944
0.0123353
0.001
0.001
0.001
0.001
0.0123353
0.15944
0.604039
1
1
1
1
1
1
1
1
0.781087
0.239098
0.0299266
0.001
0.001
0.00374368
0.0410794
0.15905
0.351216
0.362759
0.151171
0.0110838
0.00241089
0.0552648
0.125144
0.112303
0.0373279
0.00191795
0.001
0.001
0.0173611
0.132715
0.528934
1
1
1
1
1
1
1
1
1
0.45873
0.092626
0.00204301
0.001
0.001
0.001
0.001
0.00204301
0.092626
0.45873
1
1
1
1
1
1
1
1
1
0.528934
0.132715
0.0173611
0.001
0.001
0.00191795
0.0373279
0.112303
0.125144
0.0552648
0.00241089
0.001
0.001
0.001
0.001
0.001
0.001
0.001
0.0122411
0.0982793
0.377257
0.942321
1
1
1
1
0.896065
0.995535
1
1
1
0.416162
0.0782089
0.001
0.001
0.001
0.001
0.001
0.001
0.0782089
0.416162
1
1
1
0.995535
0.896065
1
1
1
1
0.942321
0.377257
0.0982793
0.0122411
0.001
0.001
0.001
0.001
0.001
0.001
0.001
0.001
0.001
0.00197623
0.00294313
0.0019207
0.001
0.00177581
0.0499017
0.270862
0.762634
1
1
1
1
0.865946
0.608281
0.907183
1
1
1
0.4317
0.0849488
0.001
0.001
0.001
0.001
0.001
0.001
0.0849488
0.4317
1
1
1
0.907183
0.608281
0.865946
1
1
1
1
0.762634
0.270862
0.0499017
0.00177581
0.001
0.0019207
0.00294313
0.00197623
0.001
0.001
0.001
0.0454852
0.118344
0.147495
0.114396
0.0794973
0.0674086
0.174631
0.570931
1
1
1
1
0.936967
0.414538
0.363559
0.8351
1
1
1
0.458943
0.0902493
0.001
0.001
0.001
0.001
0.001
0.001
0.0902493
0.458943
1
1
1
0.8351
0.363559
0.414538
0.936967
1
1
1
1
0.570931
0.174631
0.0674086
0.0794973
0.114396
0.147495
0.118344
0.0454852
0.001
0.00411532
0.118868
0.320569
0.408292
0.374671
0.33433
0.328364
0.50553
1
1
1
1
0.996176
0.410377
0.108452
0.191299
0.701467
1
1
1
0.483029
0.0932382
0.001
0.001
0.001
0.001
0.001
0.001
0.0932382
0.483029
1
1
1
0.701467
0.191299
0.108452
0.410377
0.996176
1
1
1
1
0.50553
0.328364
0.33433
0.374671
0.408292
0.320569
0.118868
0.00411532
0.00708519
0.163894
0.417544
0.552157
0.578287
0.604067
0.63719
0.88196
1
1
1
1
0.439588
0.105931
0.0104235
0.103428
0.547803
1
1
1
0.493222
0.094662
0.001
0.001
0.001
0.001
0.001
0.001
0.094662
0.493222
1
1
1
0.547803
0.103428
0.0104235
0.105931
0.439588
1
1
1
1
0.88196
0.63719
0.604067
0.578287
0.552157
0.417544
0.163894
0.00708519
0.005164
0.132242
0.366481
0.513236
0.578528
0.647361
0.737399
1
1
1
1
0.478033
0.119868
0.0134078
0.001
0.0594945
0.439179
1
1
1
0.484443
0.0953388
0.001
0.001
0.001
0.001
0.001
0.001
0.0953388
0.484443
1
1
1
0.439179
0.0594945
0.001
0.0134078
0.119868
0.478033
1
1
1
1
0.737399
0.647361
0.578528
0.513236
0.366481
0.132242
0.005164
0.00122998
0.0643691
0.20576
0.338408
0.399102
0.508434
0.725108
1
1
1
0.577234
0.160847
0.0182269
0.001
0.001
0.0514466
0.388087
1
1
1
0.462039
0.0959008
0.001
0.001
0.001
0.001
0.001
0.001
0.0959008
0.462039
1
1
1
0.388087
0.0514466
0.001
0.001
0.0182269
0.160847
0.577234
1
1
1
0.725108
0.508434
0.399102
0.338408
0.20576
0.0643691
0.00122998
0.001
0.010324
0.0518545
0.105184
0.173573
0.384469
0.813569
1
1
0.765529
0.27999
0.0511363
0.0015494
0.001
0.001
0.057119
0.370432
1
1
1
0.440105
0.0961137
0.001
0.001
0.001
0.001
0.001
0.001
0.0961137
0.440105
1
1
1
0.370432
0.057119
0.001
0.001
0.0015494
0.0511363
0.27999
0.765529
1
1
0.813569
0.384469
0.173573
0.105184
0.0518545
0.010324
0.001
0.001
0.001
0.001
0.00708249
0.0841108
0.402679
0.967278
1
1
0.457291
0.118471
0.0141855
0.001
0.001
0.001
0.0640579
0.380063
0.983484
1
1
0.439298
0.0961563
0.001
0.001
0.001
0.001
0.001
0.001
0.0961563
0.439298
1
1
0.983484
0.380063
0.0640579
0.001
0.001
0.001
0.0141855
0.118471
0.457291
1
1
0.967278
0.402679
0.0841108
0.00708249
0.001
0.001
0.001
0.001
0.001
0.00128237
0.0315487
0.176931
0.573802
1
1
0.752528
0.247987
0.0344223
0.001
0.001
0.001
0.001
0.0768983
0.422438
0.99361
1
1
0.48791
0.117167
0.00592921
0.001
0.001
0.001
0.001
0.00592921
0.117167
0.48791
1
1
0.99361
0.422438
0.0768983
0.001
0.001
0.001
0.001
0.0344223
0.247987
0.752528
1
1
0.573802
0.176931
0.0315487
0.00128237
0.001
0.001
0.001
0.001
0.0298215
0.127494
0.351375
0.738252
1
0.951487
0.491021
0.125596
0.00968113
0.001
0.001
0.001
0.0130149
0.14294
0.522775
0.996349
1
1
0.607043
0.218341
0.0399465
0.001
0.001
0.001
0.001
0.0399465
0.218341
0.607043
1
1
0.996349
0.522775
0.14294
0.0130149
0.001
0.001
0.001
0.00968113
0.125596
0.491021
0.951487
1
0.738252
0.351375
0.127494
0.0298215
0.001
0.001
0.001
0.00986278
0.0926877
0.277078
0.503239
0.779719
0.856911
0.733153
0.360089
0.0833784
0.00281615
0.001
0.001
0.00135702
0.0610693
0.305624
0.720259
0.937355
1
0.942043
0.770924
0.411177
0.116064
0.00686737
0.001
0.001
0.00686737
0.116064
0.411177
0.770924
0.942043
1
0.937355
0.720259
0.305624
0.0610693
0.00135702
0.001
0.001
0.00281615
0.0833784
0.360089
0.733153
0.856911
0.779719
0.503239
0.277078
0.0926877
0.00986278
0.001
0.001
0.0463199
0.194823
0.399639
0.604236
0.719731
0.707212
0.612677
0.406156
0.158852
0.027452
0.001
0.001
0.0225626
0.175459
0.523431
0.797172
0.837276
0.819493
0.827158
0.792529
0.607641
0.239195
0.0388092
0.001
0.001
0.0388092
0.239195
0.607641
0.792529
0.827158
0.819493
0.837276
0.797172
0.523431
0.175459
0.0225626
0.001
0.001
0.027452
0.158852
0.406156
0.612677
0.707212
0.719731
0.604236
0.399639
0.194823
0.0463199
0.001
0.00265535
0.0978188
0.307112
0.4942
0.618485
0.601062
0.55475
0.564003
0.517183
0.303141
0.0862436
0.001
0.00127532
0.0773903
0.338133
0.698354
0.821669
0.755059
0.681523
0.736297
0.787411
0.721951
0.388392
0.101062
0.00114201
0.00114201
0.101062
0.388392
0.721951
0.787411
0.736297
0.681523
0.755059
0.821669
0.698354
0.338133
0.0773903
0.00127532
0.001
0.0862436
0.303141
0.517183
0.564003
0.55475
0.601062
0.618485
0.4942
0.307112
0.0978188
0.00265535
0.0112863
0.147182
0.390743
0.538865
0.547606
0.449843
0.439804
0.53688
0.59908
0.442633
0.15663
0.00190161
0.00955329
0.152225
0.462187
0.731223
0.751437
0.546325
0.387502
0.524499
0.718607
0.748734
0.500375
0.167964
0.00558179
0.00558179
0.167964
0.500375
0.748734
0.718607
0.524499
0.387502
0.546325
0.751437
0.731223
0.462187
0.152225
0.00955329
0.00190161
0.15663
0.442633
0.59908
0.53688
0.439804
0.449843
0.547606
0.538865
0.390743
0.147182
0.0112863
0.0172109
0.188333
0.452506
0.535193
0.425335
0.317804
0.303952
0.393951
0.486924
0.397533
0.1456
0.00196069
0.0177124
0.207874
0.506036
0.62371
0.482362
0.261067
0.139744
0.248007
0.479215
0.643279
0.524931
0.202451
0.00862672
0.00862672
0.202451
0.524931
0.643279
0.479215
0.248007
0.139744
0.261067
0.482362
0.62371
0.506036
0.207874
0.0177124
0.00196069
0.1456
0.397533
0.486924
0.393951
0.303952
0.317804
0.425335
0.535193
0.452506
0.188333
0.0172109
0.0117408
0.152314
0.367123
0.389817
0.248447
0.1385
0.111714
0.155062
0.204995
0.164391
0.0621506
0.001
0.0139115
0.164428
0.383453
0.391393
0.208654
0.0689318
0.016708
0.0604694
0.197927
0.384164
0.369582
0.146842
0.0057681
0.0057681
0.146842
0.369582
0.384164
0.197927
0.0604694
0.016708
0.0689318
0.208654
0.391393
0.383453
0.164428
0.0139115
0.001
0.0621506
0.164391
0.204995
0.155062
0.111714
0.1385
0.248447
0.389817
0.367123
0.152314
0.0117408
0.00265825
0.0581773
0.13385
0.13917
0.0719248
0.0213625
0.00344567
0.00979115
0.0152284
0.0105259
0.002319
0.001
0.00378816
0.0607639
0.135509
0.12838
0.052216
0.00805
0.001
0.00433659
0.0433295
0.114373
0.120458
0.0508725
0.001167
0.001167
0.0508725
0.120458
0.114373
0.0433295
0.00433659
0.001
0.00805
0.052216
0.12838
0.135509
0.0607639
0.00378816
0.001
0.002319
0.0105259
0.0152284
0.00979115
0.00344567
0.0213625
0.0719248
0.13917
0.13385
0.0581773
0.00265825
0.001
0.001
0.00194876
0.00191129
0.001
0.001
0.001
0.001
0.001
0.001
0.001
0.001
0.001
0.00110174
0.00247985
0.00215
0.001
0.001
0.001
0.001
0.001
0.001
0.001
0.001
0.001
0.001
0.001
0.001
0.001
0.001
0.001
0.001
0.001
0.001
0.00215
0.00247985
0.00110174
0.001
0.001
0.001
0.001
0.001
0.001
0.001
0.001
0.001
0.00191129
0.00194876
0.001
0.001
0.001
0.001
0.00194876
0.00191129
0.001
0.001
0.001
0.001
0.001
0.001
0.001
0.001
0.001
0.00110174
0.00247985
0.00215
0.001
0.001
0.001
0.001
0.001
0.001
0.001
0.001
0.001
0.001
0.001
0.001
0.001
0.001
0.001
0.001
0.001
0.001
0.00215
0.00247985
0.00110174
0.001
0.001
0.001
0.001
0.001
0.001
0.001
0.001
0.001
0.00191129
0.00194876
0.001
0.001
0.00265825
0.0581773
0.13385
0.13917
0.0719248
0.0213625
0.00344567
0.00979115
0.0152284
0.0105259
0.002319
0.001
0.00378816
0.0607639
0.135509
0.12838
0.052216
0.00805
0.001
0.00433659
0.0433295
0.114373
0.120458
0.0508725
0.001167
0.001167
0.0508725
0.120458
0.114373
0.0433295
0.00433659
0.001
0.00805
0.052216
0.12838
0.135509
0.0607639
0.00378816
0.001
0.002319
0.0105259
0.0152284
0.00979115
0.00344567
0.0213625
0.0719248
0.13917
0.13385
0.0581773
0.00265825
0.0117408
0.152314
0.367123
0.389817
0.248447
0.1385
0.111714
0.155062
0.204995
0.164391
0.0621506
0.001
0.0139115
0.164428
0.383453
0.391393
0.208654
0.0689318
0.016708
0.0604694
0.197927
0.384164
0.369582
0.146842
0.0057681
0.0057681
0.146842
0.369582
0.384164
0.197927
0.0604694
0.016708
0.0689318
0.208654
0.391393
0.383453
0.164428
0.0139115
0.001
0.0621506
0.164391
0.204995
0.155062
0.111714
0.1385
0.248447
0.389817
0.367123
0.152314
0.0117408
0.0172109
0.188333
0.452506
0.535193
0.425335
0.317804
0.303952
0.393951
0.486924
0.397533
0.1456
0.00196069
0.0177124
0.207874
0.506036
0.62371
0.482362
0.261067
0.139744
0.248007
0.479215
0.643279
0.524931
0.202451
0.00862672
0.00862672
0.202451
0.524931
0.643279
0.479215
0.248007
0.139744
0.261067
0.482362
0.62371
0.506036
0.207874
0.0177124
0.00196069
0.1456
0.397533
0.486924
0.393951
0.303952
0.317804
0.425335
0.535193
0.452506
0.188333
0.0172109
0.0112863
0.147182
0.390743
0.538865
0.547606
0.449843
0.439804
0.53688
0.59908
0.442633
0.15663
0.00190161
0.00955329
0.152225
0.462187
0.731223
0.751437
0.546325
0.387502
0.524499
0.718607
0.748734
0.500375
0.167964
0.00558179
0.00558179
0.167964
0.500375
0.748734
0.718607
0.524499
0.387502
0.546325
0.751437
0.731223
0.462187
0.152225
0.00955329
0.00190161
0.15663
0.442633
0.59908
0.53688
0.439804
0.449843
0.547606
0.538865
0.390743
0.147182
0.0112863
0.00265535
0.0978188
0.307112
0.4942
0.618485
0.601062
0.55475
0.564003
0.517183
0.303141
0.0862436
0.001
0.00127532
0.0773903
0.338133
0.698354
0.821669
0.755059
0.681523
0.736297
0.787411
0.721951
0.388392
0.101062
0.00114201
0.00114201
0.101062
0.388392
0.721951
0.787411
0.736297
0.681523
0.755059
0.821669
0.698354
0.338133
0.0773903
0.00127532
0.001
0.0862436
0.303141
0.517183
0.564003
0.55475
0.601062
0.618485
0.4942
0.307112
0.0978188
0.00265535
0.001
0.0463199
0.194823
0.399639
0.604236
0.719731
0.707212
0.612677
0.406156
0.158852
0.027452
0.001
0.001
0.0225626
0.175459
0.523431
0.797172
0.837276
0.819493
0.827158
0.792529
0.607641
0.239195
0.0388092
0.001
0.001
0.0388092
0.239195
0.607641
0.792529
0.827158
0.819493
0.837276
0.797172
0.523431
0.175459
0.0225626
0.001
0.001
0.027452
0.158852
0.406156
0.612677
0.707212
0.719731
0.604236
0.399639
0.194823
0.0463199
0.001
0.001
0.00986278
0.0926877
0.277078
0.503239
0.779719
0.856911
0.733153
0.360089
0.0833784
0.00281615
0.001
0.001
0.00135702
0.0610693
0.305624
0.720259
0.937355
1
0.942043
0.770924
0.411177
0.116064
0.00686737
0.001
0.001
0.00686737
0.116064
0.411177
0.770924
0.942043
1
0.937355
0.720259
0.305624
0.0610693
0.00135702
0.001
0.001
0.00281615
0.0833784
0.360089
0.733153
0.856911
0.779719
0.503239
0.277078
0.0926877
0.00986278
0.001
0.001
0.001
0.0298215
0.127494
0.351375
0.738252
1
0.951487
0.491021
0.125596
0.00968113
0.001
0.001
0.001
0.0130149
0.14294
0.522775
0.996349
1
1
0.607043
0.218341
0.0399465
0.001
0.001
0.001
0.001
0.0399465
0.218341
0.607043
1
1
0.996349
0.522775
0.14294
0.0130149
0.001
0.001
0.001
0.00968113
0.125596
0.491021
0.951487
1
0.738252
0.351375
0.127494
0.0298215
0.001
0.001
0.001
0.001
0.00128237
0.0315487
0.176931
0.573802
1
1
0.752528
0.247987
0.0344223
0.001
0.001
0.001
0.001
0.0768983
0.422438
0.99361
1
1
0.48791
0.117167
0.00592921
0.001
0.001
0.001
0.001
0.00592921
0.117167
0.48791
1
1
0.99361
0.422438
0.0768983
0.001
0.001
0.001
0.001
0.0344223
0.247987
0.752528
1
1
0.573802
0.176931
0.0315487
0.00128237
0.001
0.001
0.001
0.001
0.001
0.00708249
0.0841108
0.402679
0.967278
1
1
0.457291
0.118471
0.0141855
0.001
0.001
0.001
0.0640579
0.380063
0.983484
1
1
0.439298
0.0961563
0.001
0.001
0.001
0.001
0.001
0.001
0.0961563
0.439298
1
1
0.983484
0.380063
0.0640579
0.001
0.001
0.001
0.0141855
0.118471
0.457291
1
1
0.967278
0.402679
0.0841108
0.00708249
0.001
0.001
0.001
0.001
0.010324
0.0518545
0.105184
0.173573
0.384469
0.813569
1
1
0.765529
0.27999
0.0511363
0.0015494
0.001
0.001
0.057119
0.370432
1
1
1
0.440105
0.0961137
0.001
0.001
0.001
0.001
0.001
0.001
0.0961137
0.440105
1
1
1
0.370432
0.057119
0.001
0.001
0.0015494
0.0511363
0.27999
0.765529
1
1
0.813569
0.384469
0.173573
0.105184
0.0518545
0.010324
0.001
0.00122998
0.0643691
0.20576
0.338408
0.399102
0.508434
0.725108
1
1
1
0.577234
0.160847
0.0182269
0.001
0.001
0.0514466
0.388087
1
1
1
0.462039
0.0959008
0.001
0.001
0.001
0.001
0.001
0.001
0.0959008
0.462039
1
1
1
0.388087
0.0514466
0.001
0.001
0.0182269
0.160847
0.577234
1
1
1
0.725108
0.508434
0.399102
0.338408
0.20576
0.0643691
0.00122998
0.005164
0.132242
0.366481
0.513236
0.578528
0.647361
0.737399
1
1
1
1
0.478033
0.119868
0.0134078
0.001
0.0594945
0.439179
1
1
1
0.484443
0.0953388
0.001
0.001
0.001
0.001
0.001
0.001
0.0953388
0.484443
1
1
1
0.439179
0.0594945
0.001
0.0134078
0.119868
0.478033
1
1
1
1
0.737399
0.647361
0.578528
0.513236
0.366481
0.132242
0.005164
0.00708519
0.163894
0.417544
0.552157
0.578287
0.604067
0.63719
0.88196
1
1
1
1
0.439588
0.105931
0.0104235
0.103428
0.547803
1
1
1
0.493222
0.094662
0.001
0.001
0.001
0.001
0.001
0.001
0.094662
0.493222
1
1
1
0.547803
0.103428
0.0104235
0.105931
0.439588
1
1
1
1
0.88196
0.63719
0.604067
0.578287
0.552157
0.417544
0.163894
0.00708519
0.00411532
0.118868
0.320569
0.408292
0.374671
0.33433
0.328364
0.50553
1
1
1
1
0.996176
0.410377
0.108452
0.191299
0.701467
1
1
1
0.483029
0.0932382
0.001
0.001
0.001
0.001
0.001
0.001
0.0932382
0.483029
1
1
1
0.701467
0.191299
0.108452
0.410377
0.996176
1
1
1
1
0.50553
0.328364
0.33433
0.374671
0.408292
0.320569
0.118868
0.00411532
0.001
0.0454852
0.118344
0.147495
0.114396
0.0794973
0.0674086
0.174631
0.570931
1
1
1
1
0.936967
0.414538
0.363559
0.8351
1
1
1
0.458943
0.0902493
0.001
0.001
0.001
0.001
0.001
0.001
0.0902493
0.458943
1
1
1
0.8351
0.363559
0.414538
0.936967
1
1
1
1
0.570931
0.174631
0.0674086
0.0794973
0.114396
0.147495
0.118344
0.0454852
0.001
0.001
0.001
0.00197623
0.00294313
0.0019207
0.001
0.00177581
0.0499017
0.270862
0.762634
1
1
1
1
0.865946
0.608281
0.907183
1
1
1
0.4317
0.0849488
0.001
0.001
0.001
0.001
0.001
0.001
0.0849488
0.4317
1
1
1
0.907183
0.608281
0.865946
1
1
1
1
0.762634
0.270862
0.0499017
0.00177581
0.001
0.0019207
0.00294313
0.00197623
0.001
0.001
0.001
0.001
0.001
0.001
0.001
0.001
0.001
0.0122411
0.0982793
0.377257
0.942321
1
1
1
1
0.896065
0.995535
1
1
1
0.416162
0.0782089
0.001
0.001
0.001
0.001
0.001
0.001
0.0782089
0.416162
1
1
1
0.995535
0.896065
1
1
1
1
0.942321
0.377257
0.0982793
0.0122411
0.001
0.001
0.001
0.001
0.001
0.001
0.001
0.00241089
0.0552648
0.125144
0.112303
0.0373279
0.00191795
0.001
0.001
0.0173611
0.132715
0.528934
1
1
1
1
1
1
1
1
1
0.45873
0.092626
0.00204301
0.001
0.001
0.001
0.001
0.00204301
0.092626
0.45873
1
1
1
1
1
1
1
1
1
0.528934
0.132715
0.0173611
0.001
0.001
0.00191795
0.0373279
0.112303
0.125144
0.0552648
0.00241089
0.0110838
0.151171
0.362759
0.351216
0.15905
0.0410794
0.00374368
0.001
0.001
0.0299266
0.239098
0.781087
1
1
1
1
1
1
1
1
0.604039
0.15944
0.0123353
0.001
0.001
0.001
0.001
0.0123353
0.15944
0.604039
1
1
1
1
1
1
1
1
0.781087
0.239098
0.0299266
0.001
0.001
0.00374368
0.0410794
0.15905
0.351216
0.362759
0.151171
0.0110838
0.0159358
0.190917
0.466784
0.53466
0.366663
0.171276
0.0485333
0.00840995
0.00145864
0.00590469
0.0890148
0.438475
1
1
1
1
1
1
1
1
0.827419
0.265984
0.028022
0.001
0.001
0.001
0.001
0.028022
0.265984
0.827419
1
1
1
1
1
1
1
1
0.438475
0.0890148
0.00590469
0.00145864
0.00840995
0.0485333
0.171276
0.366663
0.53466
0.466784
0.190917
0.0159358
0.0101116
0.142468
0.391025
0.548761
0.535433
0.37446
0.214893
0.138019
0.13392
0.149223
0.186879
0.367117
0.840244
1
1
1
1
1
1
1
0.985876
0.357348
0.0518769
0.00809637
0.0119243
0.0119243
0.00809637
0.0518769
0.357348
0.985876
1
1
1
1
1
1
1
0.840244
0.367117
0.186879
0.149223
0.13392
0.138019
0.214893
0.37446
0.535433
0.548761
0.391025
0.142468
0.0101116
0.00267774
0.107205
0.315392
0.480571
0.628393
0.63251
0.647468
0.685419
0.74161
0.778815
0.810767
0.823692
1
1
1
1
1
1
1
1
1
1
1
0.767779
0.212165
0.212165
0.767779
1
1
1
1
1
1
1
1
1
1
1
0.823692
0.810767
0.778815
0.74161
0.685419
0.647468
0.63251
0.628393
0.480571
0.315392
0.107205
0.00267774
0.00149496
0.104422
0.30065
0.426217
0.607863
0.783198
1
1
1
1
1
1
1
1
1
1
1
1
1
1
1
1
1
1
0.46039
0.46039
1
1
1
1
1
1
1
1
1
1
1
1
1
1
1
1
1
1
0.783198
0.607863
0.426217
0.30065
0.104422
0.00149496
