0.0138146
0.134989
0.331656
0.447815
0.523081
0.629085
0.733887
0.832051
0.931971
1
1
1
1
1
1
1
1
1
1
1
1
1
1
1
1
1
1
1
1
1
1
1
1
1
1
1
1
1
1
1
1
1
1
1
0.533688
0.0927024
0.134072
0.400809
0.851075
1
1
0.851075
0.400809
0.134072
0.0927024
0.533688
1
1
1
1
1
1
1
1
1
1
1
1
1
1
1
1
1
1
1
1
1
1
1
1
1
1
1
1
1
1
1
1
1
1
1
0.931971
0.832051
0.733887
0.629085
0.523081
0.447815
0.331656
0.134989
0.0138146
0.00706083
0.0938688
0.265905
0.38926
0.449983
0.509907
0.559908
0.583273
0.592469
0.613612
0.6478
0.68316
0.718053
0.752218
0.784699
0.815084
0.843579
0.870544
0.896095
0.920115
0.942424
0.965925
0.985106
0.999614
1
1
1
1
1
1
1
1
1
1
1
1
1
1
1
1
1
1
1
0.985655
0.262345
0.0639312
0.0992529
0.281003
0.534939
0.72429
0.72429
0.534939
0.281003
0.0992529
0.0639312
0.262345
0.985655
1
1
1
1
1
1
1
1
1
1
1
1
1
1
1
1
1
1
1
0.999614
0.985106
0.965925
0.942424
0.920115
0.896095
0.870544
0.843579
0.815084
0.784699
0.752218
0.718053
0.68316
0.6478
0.613612
0.592469
0.583273
0.559908
0.509907
0.449983
0.38926
0.265905
0.0938688
0.00706083
0.00116837
0.0362995
0.145799
0.297686
0.390991
0.425771
0.419823
0.374146
0.298802
0.229511
0.19279
0.186982
0.19825
0.215633
0.231868
0.243449
0.249792
0.251747
0.250326
0.246244
0.240098
0.234505
0.234493
0.271655
0.437154
0.8558
1
1
1
1
1
1
1
1
1
1
1
1
1
1
1
0.655586
0.156357
0.02352
0.0266635
0.0234384
0.0525056
0.175903
0.335656
0.432717
0.432717
0.335656
0.175903
0.0525056
0.0234384
0.0266635
0.02352
0.156357
0.655586
1
1
1
1
1
1
1
1
1
1
1
1
1
1
1
0.8558
0.437154
0.271655
0.234493
0.234505
0.240098
0.246244
0.250326
0.251747
0.249792
0.243449
0.231868
0.215633
0.19825
0.186982
0.19279
0.229511
0.298802
0.374146
0.419823
0.425771
0.390991
0.297686
0.145799
0.0362995
0.00116837
0.001
0.00467153
0.0479047
0.155942
0.282717
0.335615
0.31918
0.259288
0.169911
0.0908179
0.0503363
0.038132
0.0370328
0.039777
0.0425502
0.0434964
0.0422366
0.0391725
0.034825
0.0295699
0.0237431
0.0180902
0.0203732
0.126325
0.491135
1
1
1
1
1
1
1
1
1
1
1
1
1
1
1
1
0.499851
0.104314
0.00532883
0.001
0.00103142
0.0206982
0.110518
0.259943
0.367333
0.367333
0.259943
0.110518
0.0206982
0.00103142
0.001
0.00532883
0.104314
0.499851
1
1
1
1
1
1
1
1
1
1
1
1
1
1
1
1
0.491135
0.126325
0.0203732
0.0180902
0.0237431
0.0295699
0.034825
0.0391725
0.0422366
0.0434964
0.0425502
0.039777
0.0370328
0.038132
0.0503363
0.0908179
0.169911
0.259288
0.31918
0.335615
0.282717
0.155942
0.0479047
0.00467153
0.001
0.001
0.001
0.00438183
0.038325
0.100733
0.150351
0.150546
0.110041
0.0562781
0.0182572
0.00282687
0.001
0.001
0.001
0.001
0.001
0.001
0.001
0.001
0.001
0.001
0.00143244
0.0348503
0.266323
0.858572
1
1
1
1
1
1
1
1
1
1
1
1
1
1
1
1
0.367976
0.0613634
0.0037131
0.001
0.001
0.00347853
0.0355572
0.0988032
0.155006
0.155006
0.0988032
0.0355572
0.00347853
0.001
0.001
0.0037131
0.0613634
0.367976
1
1
1
1
1
1
1
1
1
1
1
1
1
1
1
1
0.858572
0.266323
0.0348503
0.00143244
0.001
0.001
0.001
0.001
0.001
0.001
0.001
0.001
0.001
0.001
0.00282687
0.0182572
0.0562781
0.110041
0.150546
0.150351
0.100733
0.038325
0.00438183
0.001
0.001
0.001
0.001
0.001
0.00116171
0.00733296
0.0206739
0.0264308
0.0170275
0.00509286
0.001
0.001
0.001
0.001
0.001
0.001
0.001
0.001
0.001
0.001
0.001
0.001
0.0129777
0.133199
0.542148
1
1
1
1
1
1
1
1
1
1
1
1
1
1
1
1
0.869897
0.315615
0.0666902
0.00626413
0.001
0.001
0.001
0.00188231
0.00970398
0.0191709
0.0191709
0.00970398
0.00188231
0.001
0.001
0.001
0.00626413
0.0666902
0.315615
0.869897
1
1
1
1
1
1
1
1
1
1
1
1
1
1
1
1
0.542148
0.133199
0.0129777
0.001
0.001
0.001
0.001
0.001
0.001
0.001
0.001
0.001
0.001
0.001
0.001
0.00509286
0.0170275
0.0264308
0.0206739
0.00733296
0.00116171
0.001
0.001
0.001
0.001
0.001
0.001
0.001
0.001
0.001
0.001
0.001
0.001
0.001
0.001
0.001
0.001
0.001
0.001
0.001
0.001
0.001
0.001
0.001
0.0081708
0.0704776
0.336673
0.937972
1
1
1
1
1
1
1
1
1
1
1
1
1
1
1
1
0.691912
0.277446
0.0895962
0.0163846
0.001
0.001
0.001
0.001
0.001
0.001
0.001
0.001
0.001
0.001
0.001
0.001
0.0163846
0.0895962
0.277446
0.691912
1
1
1
1
1
1
1
1
1
1
1
1
1
1
1
1
0.937972
0.336673
0.0704776
0.0081708
0.001
0.001
0.001
0.001
0.001
0.001
0.001
0.001
0.001
0.001
0.001
0.001
0.001
0.001
0.001
0.001
0.001
0.001
0.001
0.001
0.001
0.001
0.001
0.001
0.001
0.001
0.001
0.001
0.001
0.001
0.001
0.001
0.001
0.001
0.001
0.001
0.001
0.001
0.00205403
0.0111979
0.0528113
0.227372
0.671769
1
1
1
1
1
1
1
1
1
1
1
1
1
1
1
1
1
0.598443
0.289003
0.137153
0.0389547
0.0022572
0.001
0.001
0.001
0.001
0.001
0.001
0.001
0.001
0.001
0.001
0.0022572
0.0389547
0.137153
0.289003
0.598443
1
1
1
1
1
1
1
1
1
1
1
1
1
1
1
1
1
0.671769
0.227372
0.0528113
0.0111979
0.00205403
0.001
0.001
0.001
0.001
0.001
0.001
0.001
0.001
0.001
0.001
0.001
0.001
0.001
0.001
0.001
0.001
0.001
0.001
0.001
0.001
0.001
0.001
0.001
0.001
0.001
0.00170836
0.00210975
0.00205026
0.00197007
0.00208812
0.00247959
0.00329101
0.00490444
0.00815332
0.0142614
0.0235617
0.0363824
0.0777703
0.217267
0.544259
1
1
1
1
1
1
1
1
1
1
1
1
1
1
1
1
1
1
0.577332
0.341999
0.202883
0.0756162
0.00964984
0.001
0.001
0.001
0.001
0.001
0.001
0.001
0.001
0.001
0.001
0.00964984
0.0756162
0.202883
0.341999
0.577332
1
1
1
1
1
1
1
1
1
1
1
1
1
1
1
1
1
1
0.544259
0.217267
0.0777703
0.0363824
0.0235617
0.0142614
0.00815332
0.00490444
0.00329101
0.00247959
0.00208812
0.00197007
0.00205026
0.00210975
0.00170836
0.001
0.001
0.001
0.001
0.001
0.001
0.001
0.001
0.001
0.001
0.001
0.00453684
0.0258265
0.0553933
0.0705388
0.0669446
0.0596876
0.0546487
0.0527724
0.0533531
0.0555193
0.0587765
0.0646876
0.0798834
0.114925
0.180308
0.30544
0.558539
0.967146
1
1
1
1
1
1
1
1
1
1
1
1
1
1
1
1
1
0.898127
0.571846
0.395963
0.269801
0.128291
0.0290412
0.001
0.001
0.001
0.001
0.001
0.001
0.001
0.001
0.001
0.001
0.0290412
0.128291
0.269801
0.395963
0.571846
0.898127
1
1
1
1
1
1
1
1
1
1
1
1
1
1
1
1
1
0.967146
0.558539
0.30544
0.180308
0.114925
0.0798834
0.0646876
0.0587765
0.0555193
0.0533531
0.0527724
0.0546487
0.0596876
0.0669446
0.0705388
0.0553933
0.0258265
0.00453684
0.001
0.001
0.001
0.001
0.001
0.001
0.001
0.00249817
0.0457468
0.134112
0.210337
0.225374
0.210791
0.191692
0.178911
0.174877
0.179105
0.191028
0.212368
0.247398
0.299915
0.375849
0.499201
0.698978
0.968348
1
1
1
1
1
1
1
1
1
1
1
1
1
1
1
1
1
1
0.784646
0.563228
0.435554
0.331588
0.195108
0.06146
0.00273698
0.001
0.001
0.001
0.001
0.001
0.001
0.001
0.001
0.00273698
0.06146
0.195108
0.331588
0.435554
0.563228
0.784646
1
1
1
1
1
1
1
1
1
1
1
1
1
1
1
1
1
1
0.968348
0.698978
0.499201
0.375849
0.299915
0.247398
0.212368
0.191028
0.179105
0.174877
0.178911
0.191692
0.210791
0.225374
0.210337
0.134112
0.0457468
0.00249817
0.001
0.001
0.001
0.001
0.001
0.001
0.0163968
0.12458
0.290304
0.371945
0.374825
0.368158
0.360027
0.363508
0.381698
0.413027
0.454337
0.504964
0.576361
0.675543
0.790352
0.914139
1
1
1
1
1
1
1
1
1
1
1
1
1
1
1
1
1
1
1
1
0.709929
0.559887
0.46593
0.384777
0.260541
0.0997577
0.00880569
0.001
0.001
0.001
0.001
0.001
0.001
0.001
0.001
0.00880569
0.0997577
0.260541
0.384777
0.46593
0.559887
0.709929
1
1
1
1
1
1
1
1
1
1
1
1
1
1
1
1
1
1
1
1
0.914139
0.790352
0.675543
0.576361
0.504964
0.454337
0.413027
0.381698
0.363508
0.360027
0.368158
0.374825
0.371945
0.290304
0.12458
0.0163968
0.001
0.001
0.001
0.001
0.001
0.001
0.0427368
0.202678
0.373421
0.437253
0.455093
0.486029
0.520702
0.571538
0.634922
0.703046
0.76778
0.829672
0.90006
0.954999
1
1
1
1
1
1
1
1
1
1
1
1
1
1
1
1
1
1
1
1
1
0.874621
0.645887
0.553617
0.486517
0.422241
0.30958
0.137509
0.0204501
0.001
0.001
0.001
0.001
0.001
0.001
0.001
0.001
0.0204501
0.137509
0.30958
0.422241
0.486517
0.553617
0.645887
0.874621
1
1
1
1
1
1
1
1
1
1
1
1
1
1
1
1
1
1
1
1
1
0.954999
0.90006
0.829672
0.76778
0.703046
0.634922
0.571538
0.520702
0.486029
0.455093
0.437253
0.373421
0.202678
0.0427368
0.001
0.001
0.001
0.001
0.001
0.001
0.0665062
0.243194
0.383486
0.433334
0.487063
0.561446
0.643191
0.736306
0.825598
0.897671
0.943427
0.967427
0.965126
0.964719
0.955563
0.930516
0.858191
0.793394
0.83869
1
1
1
1
1
1
1
1
1
1
1
1
1
1
1
1
0.739395
0.575423
0.534181
0.493178
0.442962
0.343863
0.174055
0.0365653
0.001
0.001
0.001
0.001
0.001
0.001
0.001
0.001
0.0365653
0.174055
0.343863
0.442962
0.493178
0.534181
0.575423
0.739395
1
1
1
1
1
1
1
1
1
1
1
1
1
1
1
1
0.83869
0.793394
0.858191
0.930516
0.955563
0.964719
0.965126
0.967427
0.943427
0.897671
0.825598
0.736306
0.643191
0.561446
0.487063
0.433334
0.383486
0.243194
0.0665062
0.001
0.001
0.001
0.001
0.001
0.001
0.0735725
0.251313
0.378165
0.425372
0.500632
0.599846
0.698328
0.787605
0.848355
0.871497
0.856219
0.816153
0.768589
0.7165
0.646646
0.561593
0.507558
0.577025
0.815368
1
1
1
1
1
1
1
1
1
1
1
1
1
1
1
1
0.639119
0.50932
0.503777
0.486108
0.45121
0.369183
0.207003
0.0529833
0.001
0.001
0.001
0.001
0.001
0.001
0.001
0.001
0.0529833
0.207003
0.369183
0.45121
0.486108
0.503777
0.50932
0.639119
1
1
1
1
1
1
1
1
1
1
1
1
1
1
1
1
0.815368
0.577025
0.507558
0.561593
0.646646
0.7165
0.768589
0.816153
0.856219
0.871497
0.848355
0.787605
0.698328
0.599846
0.500632
0.425372
0.378165
0.251313
0.0735725
0.001
0.001
0.001
0.001
0.001
0.001
0.0653583
0.236869
0.372853
0.434861
0.518327
0.613063
0.681186
0.714893
0.705557
0.658025
0.584027
0.498939
0.418879
0.351496
0.293551
0.250405
0.316569
0.566655
0.973692
1
1
1
1
1
1
1
0.892799
0.931999
1
1
1
1
1
1
0.922113
0.564449
0.452815
0.465934
0.466535
0.448308
0.383836
0.22946
0.064889
0.001
0.001
0.001
0.001
0.001
0.001
0.001
0.001
0.064889
0.22946
0.383836
0.448308
0.466535
0.465934
0.452815
0.564449
0.922113
1
1
1
1
1
1
0.931999
0.892799
1
1
1
1
1
1
1
0.973692
0.566655
0.316569
0.250405
0.293551
0.351496
0.418879
0.498939
0.584027
0.658025
0.705557
0.714893
0.681186
0.613063
0.518327
0.434861
0.372853
0.236869
0.0653583
0.001
0.001
0.001
0.001
0.001
0.001
0.0491108
0.213086
0.375919
0.46075
0.531975
0.591839
0.600031
0.564028
0.494062
0.407053
0.318574
0.240156
0.177256
0.129257
0.0974221
0.114129
0.313445
0.735712
1
1
1
1
1
1
1
0.887326
0.707737
0.833767
1
1
1
1
1
1
0.834957
0.500862
0.402796
0.422855
0.435768
0.433423
0.383704
0.236222
0.0694676
0.001
0.001
0.001
0.001
0.001
0.001
0.001
0.001
0.0694676
0.236222
0.383704
0.433423
0.435768
0.422855
0.402796
0.500862
0.834957
1
1
1
1
1
1
0.833767
0.707737
0.887326
1
1
1
1
1
1
1
0.735712
0.313445
0.114129
0.0974221
0.129257
0.177256
0.240156
0.318574
0.407053
0.494062
0.564028
0.600031
0.591839
0.531975
0.46075
0.375919
0.213086
0.0491108
0.001
0.001
0.001
0.001
0.001
0.001
0.0310418
0.186415
0.38142
0.48269
0.520915
0.531841
0.48581
0.40765
0.319672
0.237566
0.168511
0.114728
0.0761728
0.0511778
0.0485546
0.144603
0.451909
1
1
1
1
1
1
1
1
0.631756
0.52801
0.772091
1
1
1
1
1
1
0.775805
0.453439
0.361988
0.380365
0.398357
0.407952
0.368214
0.227232
0.0667963
0.001
0.001
0.001
0.001
0.001
0.001
0.001
0.001
0.0667963
0.227232
0.368214
0.407952
0.398357
0.380365
0.361988
0.453439
0.775805
1
1
1
1
1
1
0.772091
0.52801
0.631756
1
1
1
1
1
1
1
1
0.451909
0.144603
0.0485546
0.0511778
0.0761728
0.114728
0.168511
0.237566
0.319672
0.40765
0.48581
0.531841
0.520915
0.48269
0.38142
0.186415
0.0310418
0.001
0.001
0.001
0.001
0.001
0.001
0.0159339
0.155106
0.368598
0.479599
0.482115
0.447265
0.369408
0.279672
0.199069
0.134048
0.0850013
0.0506607
0.0292564
0.0243148
0.0600907
0.250464
0.701605
1
1
1
1
1
1
1
0.707768
0.366185
0.366233
0.703527
1
1
1
1
1
1
0.753035
0.430749
0.336035
0.34633
0.361813
0.376805
0.341586
0.207246
0.0592872
0.001
0.001
0.001
0.001
0.001
0.001
0.001
0.001
0.0592872
0.207246
0.341586
0.376805
0.361813
0.34633
0.336035
0.430749
0.753035
1
1
1
1
1
1
0.703527
0.366233
0.366185
0.707768
1
1
1
1
1
1
1
0.701605
0.250464
0.0600907
0.0243148
0.0292564
0.0506607
0.0850013
0.134048
0.199069
0.279672
0.369408
0.447265
0.482115
0.479599
0.368598
0.155106
0.0159339
0.001
0.001
0.001
0.001
0.001
0.001
0.00639231
0.113085
0.309876
0.428771
0.416768
0.350653
0.261181
0.17623
0.110547
0.0644096
0.0349699
0.0192948
0.0178745
0.0398141
0.1405
0.444224
1
1
1
1
1
1
1
0.851172
0.399155
0.170501
0.246208
0.608453
1
1
1
1
1
1
0.763745
0.432402
0.32693
0.326473
0.333652
0.346913
0.311464
0.183894
0.0504859
0.001
0.001
0.001
0.001
0.001
0.001
0.001
0.001
0.0504859
0.183894
0.311464
0.346913
0.333652
0.326473
0.32693
0.432402
0.763745
1
1
1
1
1
1
0.608453
0.246208
0.170501
0.399155
0.851172
1
1
1
1
1
1
1
0.444224
0.1405
0.0398141
0.0178745
0.0192948
0.0349699
0.0644096
0.110547
0.17623
0.261181
0.350653
0.416768
0.428771
0.309876
0.113085
0.00639231
0.001
0.001
0.001
0.001
0.001
0.001
0.00199008
0.0669166
0.212711
0.326243
0.319412
0.245399
0.163085
0.0957299
0.0517915
0.0269235
0.0176455
0.0226065
0.0411845
0.0896011
0.277823
0.734656
1
1
1
1
1
1
1
0.493143
0.174255
0.0612935
0.157695
0.491383
1
1
1
1
1
1
0.799243
0.45203
0.33233
0.322381
0.318814
0.325058
0.28637
0.164799
0.0436337
0.001
0.001
0.001
0.001
0.001
0.001
0.001
0.001
0.0436337
0.164799
0.28637
0.325058
0.318814
0.322381
0.33233
0.45203
0.799243
1
1
1
1
1
1
0.491383
0.157695
0.0612935
0.174255
0.493143
1
1
1
1
1
1
1
0.734656
0.277823
0.0896011
0.0411845
0.0226065
0.0176455
0.0269235
0.0517915
0.0957299
0.163085
0.245399
0.319412
0.326243
0.212711
0.0669166
0.00199008
0.001
0.001
0.001
0.001
0.001
0.001
0.001
0.0321429
0.123343
0.209977
0.210756
0.150427
0.0909094
0.0496463
0.0304766
0.0295406
0.0403104
0.0600476
0.0928636
0.20011
0.504486
1
1
1
1
1
1
1
0.64419
0.230431
0.0568895
0.0225518
0.0975835
0.392386
0.970505
1
1
1
1
1
0.85013
0.481353
0.347317
0.331349
0.318011
0.315293
0.272454
0.154914
0.040661
0.001
0.001
0.001
0.001
0.001
0.001
0.001
0.001
0.040661
0.154914
0.272454
0.315293
0.318011
0.331349
0.347317
0.481353
0.85013
1
1
1
1
1
0.970505
0.392386
0.0975835
0.0225518
0.0568895
0.230431
0.64419
1
1
1
1
1
1
1
0.504486
0.20011
0.0928636
0.0600476
0.0403104
0.0295406
0.0304766
0.0496463
0.0909094
0.150427
0.210756
0.209977
0.123343
0.0321429
0.001
0.001
0.001
0.001
0.001
0.001
0.001
0.001
0.017096
0.0765399
0.137987
0.142547
0.104738
0.0741175
0.0624626
0.065987
0.0788318
0.0997214
0.128025
0.181526
0.369572
0.823708
1
1
1
1
1
1
0.823294
0.333295
0.0918596
0.0164528
0.0101354
0.0670209
0.330098
0.857454
1
1
1
1
1
0.907012
0.51259
0.36643
0.347658
0.327677
0.316998
0.271067
0.155511
0.042081
0.001
0.001
0.001
0.001
0.001
0.001
0.001
0.001
0.042081
0.155511
0.271067
0.316998
0.327677
0.347658
0.36643
0.51259
0.907012
1
1
1
1
1
0.857454
0.330098
0.0670209
0.0101354
0.0164528
0.0918596
0.333295
0.823294
1
1
1
1
1
1
0.823708
0.369572
0.181526
0.128025
0.0997214
0.0788318
0.065987
0.0624626
0.0741175
0.104738
0.142547
0.137987
0.0765399
0.017096
0.001
0.001
0.001
0.001
0.001
0.001
0.001
0.001
0.0195224
0.0821697
0.147686
0.162362
0.144567
0.135196
0.136991
0.147357
0.164842
0.189489
0.220777
0.319178
0.619152
1
1
1
1
1
1
0.991413
0.444423
0.141072
0.0274304
0.00350119
0.00653116
0.05681
0.278777
0.723794
1
1
1
1
1
0.96148
0.540933
0.385296
0.364765
0.341958
0.32561
0.279028
0.164824
0.0474048
0.00104325
0.001
0.001
0.001
0.001
0.001
0.001
0.00104325
0.0474048
0.164824
0.279028
0.32561
0.341958
0.364765
0.385296
0.540933
0.96148
1
1
1
1
1
0.723794
0.278777
0.05681
0.00653116
0.00350119
0.0274304
0.141072
0.444423
0.991413
1
1
1
1
1
1
0.619152
0.319178
0.220777
0.189489
0.164842
0.147357
0.136991
0.135196
0.144567
0.162362
0.147686
0.0821697
0.0195224
0.001
0.001
0.001
0.001
0.001
0.001
0.001
0.001
0.0331491
0.12352
0.213592
0.241951
0.237242
0.237938
0.24386
0.255234
0.272593
0.29492
0.338174
0.505138
0.931982
1
1
1
1
1
1
0.581763
0.203759
0.0494188
0.00833102
0.001
0.00562247
0.0541086
0.219799
0.572504
1
1
1
1
1
1
0.568455
0.402215
0.377504
0.355402
0.335587
0.291155
0.17937
0.0554989
0.00158181
0.001
0.001
0.001
0.001
0.001
0.001
0.00158181
0.0554989
0.17937
0.291155
0.335587
0.355402
0.377504
0.402215
0.568455
1
1
1
1
1
1
0.572504
0.219799
0.0541086
0.00562247
0.001
0.00833102
0.0494188
0.203759
0.581763
1
1
1
1
1
1
0.931982
0.505138
0.338174
0.29492
0.272593
0.255234
0.24386
0.237938
0.237242
0.241951
0.213592
0.12352
0.0331491
0.001
0.001
0.001
0.001
0.001
0.001
0.001
0.00107986
0.0525826
0.175605
0.285826
0.323487
0.331991
0.342475
0.352515
0.364791
0.381547
0.400676
0.47533
0.7412
1
1
1
1
1
1
0.744822
0.29459
0.0855937
0.0173082
0.001
0.001
0.00632823
0.0540508
0.170295
0.452873
0.966186
1
1
1
1
1
0.605919
0.418633
0.383325
0.364586
0.342961
0.302779
0.19523
0.0648618
0.00243554
0.001
0.001
0.001
0.001
0.001
0.001
0.00243554
0.0648618
0.19523
0.302779
0.342961
0.364586
0.383325
0.418633
0.605919
1
1
1
1
1
0.966186
0.452873
0.170295
0.0540508
0.00632823
0.001
0.001
0.0173082
0.0855937
0.29459
0.744822
1
1
1
1
1
1
0.7412
0.47533
0.400676
0.381547
0.364791
0.352515
0.342475
0.331991
0.323487
0.285826
0.175605
0.0525826
0.00107986
0.001
0.001
0.001
0.001
0.001
0.001
0.00180894
0.0715496
0.219411
0.336652
0.377314
0.399514
0.421146
0.437703
0.453736
0.469596
0.496017
0.626604
1
1
1
1
1
1
0.887955
0.394721
0.134177
0.0308851
0.00266726
0.001
0.001
0.00877562
0.0576407
0.148781
0.383128
0.821431
1
1
1
1
1
0.65905
0.436541
0.382349
0.368318
0.346158
0.311007
0.20918
0.0740586
0.00366953
0.001
0.001
0.001
0.001
0.001
0.001
0.00366953
0.0740586
0.20918
0.311007
0.346158
0.368318
0.382349
0.436541
0.65905
1
1
1
1
1
0.821431
0.383128
0.148781
0.0576407
0.00877562
0.001
0.001
0.00266726
0.0308851
0.134177
0.394721
0.887955
1
1
1
1
1
1
0.626604
0.496017
0.469596
0.453736
0.437703
0.421146
0.399514
0.377314
0.336652
0.219411
0.0715496
0.00180894
0.001
0.001
0.001
0.001
0.001
0.001
0.00257865
0.0848208
0.245535
0.360858
0.400283
0.432539
0.462965
0.485848
0.506203
0.519788
0.572046
0.798323
1
1
1
1
1
1
0.487331
0.189475
0.0555808
0.00976122
0.001
0.001
0.001
0.0137573
0.067535
0.152793
0.337528
0.684051
1
1
1
1
1
0.721702
0.456561
0.377043
0.367021
0.345567
0.314963
0.21953
0.0822111
0.00533332
0.001
0.001
0.001
0.001
0.001
0.001
0.00533332
0.0822111
0.21953
0.314963
0.345567
0.367021
0.377043
0.456561
0.721702
1
1
1
1
1
0.684051
0.337528
0.152793
0.067535
0.0137573
0.001
0.001
0.001
0.00976122
0.0555808
0.189475
0.487331
1
1
1
1
1
1
0.798323
0.572046
0.519788
0.506203
0.485848
0.462965
0.432539
0.400283
0.360858
0.245535
0.0848208
0.00257865
0.001
0.001
0.001
0.001
0.001
0.001
0.00318488
0.0908475
0.254426
0.364714
0.400693
0.435938
0.469202
0.495455
0.515662
0.536491
0.646077
0.989009
1
1
1
1
1
0.599426
0.251114
0.0922453
0.0247321
0.00139407
0.001
0.001
0.00217995
0.0225531
0.0843327
0.170325
0.309293
0.582242
1
1
1
1
1
0.78348
0.479461
0.371898
0.362049
0.342646
0.315402
0.226264
0.0892183
0.00748649
0.001
0.001
0.001
0.001
0.001
0.001
0.00748649
0.0892183
0.226264
0.315402
0.342646
0.362049
0.371898
0.479461
0.78348
1
1
1
1
1
0.582242
0.309293
0.170325
0.0843327
0.0225531
0.00217995
0.001
0.001
0.00139407
0.0247321
0.0922453
0.251114
0.599426
1
1
1
1
1
0.989009
0.646077
0.536491
0.515662
0.495455
0.469202
0.435938
0.400693
0.364714
0.254426
0.0908475
0.00318488
0.001
0.001
0.001
0.001
0.001
0.001
0.00351738
0.0908719
0.250668
0.355532
0.387223
0.419037
0.44963
0.474918
0.490274
0.541551
0.758735
1
1
1
1
1
0.729726
0.335626
0.143847
0.0499238
0.00680536
0.001
0.001
0.001
0.0053003
0.03649
0.10744
0.194656
0.307791
0.533526
0.874446
1
1
1
1
0.837935
0.509285
0.372779
0.35528
0.338962
0.313924
0.230505
0.0956138
0.0102442
0.001
0.001
0.001
0.001
0.001
0.001
0.0102442
0.0956138
0.230505
0.313924
0.338962
0.35528
0.372779
0.509285
0.837935
1
1
1
1
0.874446
0.533526
0.307791
0.194656
0.10744
0.03649
0.0053003
0.001
0.001
0.001
0.00680536
0.0499238
0.143847
0.335626
0.729726
1
1
1
1
1
0.758735
0.541551
0.490274
0.474918
0.44963
0.419037
0.387223
0.355532
0.250668
0.0908719
0.00351738
0.001
0.001
0.001
0.001
0.001
0.001
0.00361613
0.0869662
0.238886
0.338494
0.366199
0.391545
0.417189
0.43602
0.458804
0.576546
0.919532
1
1
1
1
0.84904
0.430213
0.210384
0.0941668
0.0261426
0.00209885
0.001
0.001
0.001
0.0117593
0.0563762
0.135655
0.222692
0.328889
0.524269
0.791121
1
1
1
1
0.88634
0.556529
0.387023
0.349472
0.335459
0.312071
0.233719
0.102242
0.0138086
0.001
0.001
0.001
0.001
0.001
0.001
0.0138086
0.102242
0.233719
0.312071
0.335459
0.349472
0.387023
0.556529
0.88634
1
1
1
1
0.791121
0.524269
0.328889
0.222692
0.135655
0.0563762
0.0117593
0.001
0.001
0.001
0.00209885
0.0261426
0.0941668
0.210384
0.430213
0.84904
1
1
1
1
0.919532
0.576546
0.458804
0.43602
0.417189
0.391545
0.366199
0.338494
0.238886
0.0869662
0.00361613
0.001
0.001
0.001
0.001
0.001
0.001
0.00364193
0.0813418
0.223294
0.317591
0.342329
0.361988
0.382086
0.393746
0.454337
0.686369
1
1
1
1
0.9546
0.52995
0.282739
0.157998
0.0705281
0.0141143
0.001
0.001
0.001
0.00223872
0.023051
0.0820661
0.167061
0.254331
0.367682
0.551706
0.768876
0.951333
1
1
1
0.934547
0.635555
0.425001
0.349803
0.3324
0.310606
0.23711
0.109946
0.0184458
0.001
0.001
0.001
0.001
0.001
0.001
0.0184458
0.109946
0.23711
0.310606
0.3324
0.349803
0.425001
0.635555
0.934547
1
1
1
0.951333
0.768876
0.551706
0.367682
0.254331
0.167061
0.0820661
0.023051
0.00223872
0.001
0.001
0.001
0.0141143
0.0705281
0.157998
0.282739
0.52995
0.9546
1
1
1
1
0.686369
0.454337
0.393746
0.382086
0.361988
0.342329
0.317591
0.223294
0.0813418
0.00364193
0.001
0.001
0.001
0.001
0.001
0.001
0.00384831
0.076413
0.208493
0.297273
0.320428
0.33724
0.350515
0.375213
0.511063
0.85798
1
1
1
1
0.64525
0.372032
0.231758
0.138791
0.0544715
0.00866063
0.001
0.001
0.001
0.00579125
0.0398321
0.112191
0.199889
0.291733
0.424431
0.614761
0.80107
0.910491
0.957276
1
1
0.988841
0.754917
0.502671
0.366951
0.330731
0.309281
0.241292
0.11932
0.0243908
0.001
0.001
0.001
0.001
0.001
0.001
0.0243908
0.11932
0.241292
0.309281
0.330731
0.366951
0.502671
0.754917
0.988841
1
1
0.957276
0.910491
0.80107
0.614761
0.424431
0.291733
0.199889
0.112191
0.0398321
0.00579125
0.001
0.001
0.001
0.00866063
0.0544715
0.138791
0.231758
0.372032
0.64525
1
1
1
1
0.85798
0.511063
0.375213
0.350515
0.33724
0.320428
0.297273
0.208493
0.076413
0.00384831
0.001
0.001
0.001
0.001
0.001
0.001
0.00466962
0.0748364
0.199436
0.282717
0.30576
0.321016
0.333232
0.408601
0.655357
0.990655
1
1
1
0.760507
0.496927
0.327929
0.22181
0.127463
0.046049
0.00607989
0.001
0.001
0.001
0.012739
0.0617409
0.144525
0.233913
0.33829
0.497684
0.696442
0.853731
0.904431
0.874544
0.884673
0.978269
1
0.89138
0.628473
0.418103
0.335824
0.307621
0.246194
0.130544
0.0317273
0.001
0.001
0.001
0.001
0.001
0.001
0.0317273
0.130544
0.246194
0.307621
0.335824
0.418103
0.628473
0.89138
1
0.978269
0.884673
0.874544
0.904431
0.853731
0.696442
0.497684
0.33829
0.233913
0.144525
0.0617409
0.012739
0.001
0.001
0.001
0.00607989
0.046049
0.127463
0.22181
0.327929
0.496927
0.760507
1
1
1
0.990655
0.655357
0.408601
0.333232
0.321016
0.30576
0.282717
0.199436
0.0748364
0.00466962
0.001
0.001
0.001
0.001
0.001
0.001
0.00716156
0.0795368
0.2003
0.278316
0.30146
0.316436
0.358909
0.525463
0.849321
1
1
1
0.823393
0.634234
0.467999
0.330321
0.223111
0.123782
0.0431081
0.00519738
0.001
0.001
0.00190154
0.0241656
0.0878925
0.177423
0.271271
0.396991
0.581297
0.775456
0.894369
0.891579
0.805501
0.761426
0.8589
1
0.992978
0.783023
0.518475
0.361968
0.307659
0.251367
0.143382
0.0404073
0.00116922
0.001
0.001
0.001
0.001
0.00116922
0.0404073
0.143382
0.251367
0.307659
0.361968
0.518475
0.783023
0.992978
1
0.8589
0.761426
0.805501
0.891579
0.894369
0.775456
0.581297
0.396991
0.271271
0.177423
0.0878925
0.0241656
0.00190154
0.001
0.001
0.00519738
0.0431081
0.123782
0.223111
0.330321
0.467999
0.634234
0.823393
1
1
1
0.849321
0.525463
0.358909
0.316436
0.30146
0.278316
0.2003
0.0795368
0.00716156
0.001
0.001
0.001
0.001
0.001
0.001
0.0142213
0.0947241
0.213552
0.284916
0.307557
0.342623
0.468862
0.729234
0.984114
1
0.968274
0.806127
0.711413
0.619354
0.488453
0.351549
0.233272
0.127725
0.0446499
0.00541908
0.001
0.001
0.00485847
0.0404477
0.117399
0.211442
0.315991
0.46737
0.663256
0.831842
0.891735
0.846571
0.723613
0.638979
0.707437
0.895794
1
0.917692
0.661668
0.429027
0.318678
0.257338
0.157544
0.0505953
0.00240441
0.001
0.001
0.001
0.001
0.00240441
0.0505953
0.157544
0.257338
0.318678
0.429027
0.661668
0.917692
1
0.895794
0.707437
0.638979
0.723613
0.846571
0.891735
0.831842
0.663256
0.46737
0.315991
0.211442
0.117399
0.0404477
0.00485847
0.001
0.001
0.00541908
0.0446499
0.127725
0.233272
0.351549
0.488453
0.619354
0.711413
0.806127
0.968274
1
0.984114
0.729234
0.468862
0.342623
0.307557
0.284916
0.213552
0.0947241
0.0142213
0.001
0.001
0.001
0.001
0.001
0.001
0.0308805
0.12678
0.239697
0.299753
0.336027
0.441738
0.674817
0.934807
1
0.906946
0.74455
0.689089
0.692905
0.644608
0.527887
0.38432
0.252754
0.138531
0.0502049
0.00668785
0.001
0.001
0.010962
0.0615393
0.149966
0.24978
0.371481
0.542566
0.727412
0.849557
0.859482
0.767559
0.631695
0.532717
0.560702
0.737928
0.937437
0.979897
0.807903
0.543997
0.358577
0.268847
0.173482
0.063258
0.00502892
0.001
0.001
0.001
0.001
0.00502892
0.063258
0.173482
0.268847
0.358577
0.543997
0.807903
0.979897
0.937437
0.737928
0.560702
0.532717
0.631695
0.767559
0.859482
0.849557
0.727412
0.542566
0.371481
0.24978
0.149966
0.0615393
0.010962
0.001
0.001
0.00668785
0.0502049
0.138531
0.252754
0.38432
0.527887
0.644608
0.692905
0.689089
0.74455
0.906946
1
0.934807
0.674817
0.441738
0.336027
0.299753
0.239697
0.12678
0.0308805
0.001
0.001
0.001
0.001
0.001
0.00481823
0.0606279
0.176126
0.275234
0.330327
0.421998
0.629069
0.89064
1
0.900984
0.6952
0.603033
0.641159
0.688603
0.667356
0.567829
0.42394
0.28109
0.15665
0.0600465
0.00945459
0.001
0.00134541
0.0221335
0.0882324
0.187067
0.296906
0.436488
0.609129
0.757754
0.820601
0.779377
0.666579
0.53913
0.449679
0.447917
0.574878
0.788169
0.940577
0.899119
0.680807
0.441522
0.298004
0.19388
0.0805566
0.0107718
0.001
0.001
0.001
0.001
0.0107718
0.0805566
0.19388
0.298004
0.441522
0.680807
0.899119
0.940577
0.788169
0.574878
0.447917
0.449679
0.53913
0.666579
0.779377
0.820601
0.757754
0.609129
0.436488
0.296906
0.187067
0.0882324
0.0221335
0.00134541
0.001
0.00945459
0.0600465
0.15665
0.28109
0.42394
0.567829
0.667356
0.688603
0.641159
0.603033
0.6952
0.900984
1
0.89064
0.629069
0.421998
0.330327
0.275234
0.176126
0.0606279
0.00481823
0.001
0.001
0.001
0.001
0.0215473
0.108871
0.233575
0.319094
0.403158
0.579317
0.825582
0.977775
0.909684
0.690428
0.529217
0.521765
0.596483
0.66092
0.666141
0.594212
0.463515
0.317823
0.183562
0.0755473
0.0148556
0.001
0.00421637
0.0402919
0.123389
0.232958
0.355227
0.502135
0.650668
0.744197
0.748668
0.674176
0.562489
0.458198
0.389799
0.376251
0.447294
0.616343
0.811394
0.8931
0.784038
0.555516
0.358543
0.226111
0.106426
0.022847
0.001
0.001
0.001
0.001
0.022847
0.106426
0.226111
0.358543
0.555516
0.784038
0.8931
0.811394
0.616343
0.447294
0.376251
0.389799
0.458198
0.562489
0.674176
0.748668
0.744197
0.650668
0.502135
0.355227
0.232958
0.123389
0.0402919
0.00421637
0.001
0.0148556
0.0755473
0.183562
0.317823
0.463515
0.594212
0.666141
0.66092
0.596483
0.521765
0.529217
0.690428
0.909684
0.977775
0.825582
0.579317
0.403158
0.319094
0.233575
0.108871
0.0215473
0.001
0.001
0.001
0.00328619
0.0560817
0.176477
0.293366
0.38292
0.525383
0.739999
0.904768
0.887921
0.700342
0.50544
0.430278
0.462443
0.535423
0.604413
0.633617
0.596599
0.495193
0.360404
0.221062
0.0998214
0.0249403
0.00162258
0.0119388
0.0679088
0.170878
0.291717
0.420024
0.552766
0.654128
0.687633
0.649129
0.565428
0.472943
0.397213
0.349459
0.335779
0.369559
0.474518
0.643106
0.790551
0.8031
0.655749
0.448546
0.281635
0.147331
0.0438976
0.00190608
0.001
0.001
0.00190608
0.0438976
0.147331
0.281635
0.448546
0.655749
0.8031
0.790551
0.643106
0.474518
0.369559
0.335779
0.349459
0.397213
0.472943
0.565428
0.649129
0.687633
0.654128
0.552766
0.420024
0.291717
0.170878
0.0679088
0.0119388
0.00162258
0.0249403
0.0998214
0.221062
0.360404
0.495193
0.596599
0.633617
0.604413
0.535423
0.462443
0.430278
0.50544
0.700342
0.887921
0.904768
0.739999
0.525383
0.38292
0.293366
0.176477
0.0560817
0.00328619
0.001
0.001
0.0147742
0.104334
0.247059
0.356705
0.46739
0.639529
0.797812
0.826216
0.69485
0.510866
0.396538
0.37515
0.408225
0.466756
0.530971
0.574801
0.572093
0.510454
0.402139
0.268922
0.136335
0.0421183
0.00481233
0.0283699
0.109399
0.233004
0.35993
0.477093
0.572622
0.617321
0.60254
0.545272
0.473378
0.407816
0.356919
0.323737
0.312753
0.329812
0.385864
0.494863
0.635752
0.727078
0.689622
0.536601
0.361785
0.207021
0.0757096
0.0085473
0.001
0.001
0.0085473
0.0757096
0.207021
0.361785
0.536601
0.689622
0.727078
0.635752
0.494863
0.385864
0.329812
0.312753
0.323737
0.356919
0.407816
0.473378
0.545272
0.60254
0.617321
0.572622
0.477093
0.35993
0.233004
0.109399
0.0283699
0.00481233
0.0421183
0.136335
0.268922
0.402139
0.510454
0.572093
0.574801
0.530971
0.466756
0.408225
0.37515
0.396538
0.510866
0.69485
0.826216
0.797812
0.639529
0.46739
0.356705
0.247059
0.104334
0.0147742
0.001
0.001
0.0332492
0.154499
0.305024
0.416484
0.535645
0.670139
0.725596
0.657987
0.517402
0.399085
0.344206
0.338573
0.362525
0.405728
0.457272
0.502248
0.521399
0.497197
0.426782
0.316356
0.180786
0.0652877
0.0108332
0.0522352
0.161611
0.299632
0.415965
0.501108
0.549907
0.54971
0.511909
0.459307
0.409186
0.367073
0.332706
0.308145
0.299087
0.309895
0.341427
0.399751
0.492924
0.596264
0.642878
0.582097
0.446821
0.285511
0.127445
0.0268051
0.001
0.001
0.0268051
0.127445
0.285511
0.446821
0.582097
0.642878
0.596264
0.492924
0.399751
0.341427
0.309895
0.299087
0.308145
0.332706
0.367073
0.409186
0.459307
0.511909
0.54971
0.549907
0.501108
0.415965
0.299632
0.161611
0.0522352
0.0108332
0.0652877
0.180786
0.316356
0.426782
0.497197
0.521399
0.502248
0.457272
0.405728
0.362525
0.338573
0.344206
0.399085
0.517402
0.657987
0.725596
0.670139
0.535645
0.416484
0.305024
0.154499
0.0332492
0.001
0.001
0.0400477
0.180175
0.342899
0.4509
0.539929
0.607674
0.590142
0.504845
0.408924
0.343274
0.312601
0.308827
0.325611
0.355683
0.391964
0.427728
0.453742
0.458261
0.430788
0.349142
0.211417
0.0781692
0.0141249
0.0657987
0.2001
0.352265
0.446526
0.482166
0.486875
0.464246
0.428198
0.393128
0.363754
0.337893
0.314149
0.295654
0.288307
0.295867
0.316479
0.347137
0.393842
0.463344
0.53468
0.551106
0.488689
0.362606
0.194776
0.0531797
0.001
0.001
0.0531797
0.194776
0.362606
0.488689
0.551106
0.53468
0.463344
0.393842
0.347137
0.316479
0.295867
0.288307
0.295654
0.314149
0.337893
0.363754
0.393128
0.428198
0.464246
0.486875
0.482166
0.446526
0.352265
0.2001
0.0657987
0.0141249
0.0781692
0.211417
0.349142
0.430788
0.458261
0.453742
0.427728
0.391964
0.355683
0.325611
0.308827
0.312601
0.343274
0.408924
0.504845
0.590142
0.607674
0.539929
0.4509
0.342899
0.180175
0.0400477
0.001
0.001
0.0253927
0.153717
0.342176
0.450835
0.48795
0.498187
0.463137
0.404399
0.35032
0.312083
0.291978
0.290491
0.304634
0.32825
0.355885
0.383936
0.407602
0.415938
0.390827
0.306661
0.172482
0.0589216
0.0102004
0.0496272
0.16635
0.321746
0.423889
0.451234
0.438259
0.410392
0.383091
0.361417
0.343105
0.3248
0.306395
0.291565
0.285466
0.290999
0.306255
0.326016
0.348545
0.381554
0.432757
0.48011
0.492571
0.415549
0.234244
0.0606652
0.001
0.001
0.0606652
0.234244
0.415549
0.492571
0.48011
0.432757
0.381554
0.348545
0.326016
0.306255
0.290999
0.285466
0.291565
0.306395
0.3248
0.343105
0.361417
0.383091
0.410392
0.438259
0.451234
0.423889
0.321746
0.16635
0.0496272
0.0102004
0.0589216
0.172482
0.306661
0.390827
0.415938
0.407602
0.383936
0.355885
0.32825
0.304634
0.290491
0.291978
0.312083
0.35032
0.404399
0.463137
0.498187
0.48795
0.450835
0.342176
0.153717
0.0253927
0.001
0.001
0.00692022
0.0831721
0.247183
0.390104
0.435641
0.429534
0.397693
0.358863
0.318841
0.280773
0.252648
0.241125
0.245272
0.259049
0.276619
0.293703
0.304371
0.295228
0.248635
0.164473
0.0779201
0.0227534
0.00333551
0.0186729
0.0759358
0.176336
0.278367
0.329475
0.332669
0.317358
0.30054
0.285752
0.271495
0.256496
0.241762
0.230397
0.226054
0.2307
0.243195
0.260129
0.278726
0.300967
0.334653
0.376425
0.406473
0.344736
0.172455
0.036855
0.001
0.001
0.036855
0.172455
0.344736
0.406473
0.376425
0.334653
0.300967
0.278726
0.260129
0.243195
0.2307
0.226054
0.230397
0.241762
0.256496
0.271495
0.285752
0.30054
0.317358
0.332669
0.329475
0.278367
0.176336
0.0759358
0.0186729
0.00333551
0.0227534
0.0779201
0.164473
0.248635
0.295228
0.304371
0.293703
0.276619
0.259049
0.245272
0.241125
0.252648
0.280773
0.318841
0.358863
0.397693
0.429534
0.435641
0.390104
0.247183
0.0831721
0.00692022
0.001
0.001
0.001
0.0210165
0.099048
0.223253
0.313713
0.327718
0.304322
0.272014
0.232685
0.189356
0.152059
0.129299
0.120602
0.120272
0.123001
0.124793
0.121437
0.106679
0.0758217
0.038571
0.01196
0.00177275
0.001
0.001339
0.0116462
0.0423243
0.086688
0.122363
0.137235
0.139262
0.135449
0.12895
0.121099
0.112758
0.105099
0.099694
0.0981154
0.101298
0.109177
0.121086
0.136659
0.156419
0.1808
0.202476
0.202646
0.14691
0.0628388
0.00898816
0.001
0.001
0.00898816
0.0628388
0.14691
0.202646
0.202476
0.1808
0.156419
0.136659
0.121086
0.109177
0.101298
0.0981154
0.099694
0.105099
0.112758
0.121099
0.12895
0.135449
0.139262
0.137235
0.122363
0.086688
0.0423243
0.0116462
0.001339
0.001
0.00177275
0.01196
0.038571
0.0758217
0.106679
0.121437
0.124793
0.123001
0.120272
0.120602
0.129299
0.152059
0.189356
0.232685
0.272014
0.304322
0.327718
0.313713
0.223253
0.099048
0.0210165
0.001
0.001
0.001
0.001
0.001
0.0130691
0.0586737
0.112987
0.137936
0.131519
0.112343
0.0882837
0.0638761
0.0433052
0.0295288
0.0218962
0.0177119
0.0146772
0.0114523
0.00769245
0.00407028
0.00154455
0.001
0.001
0.001
0.001
0.001
0.001
0.001
0.00196816
0.00531978
0.00979067
0.0135503
0.0153345
0.0152737
0.0141337
0.0126448
0.0113381
0.0105757
0.0106152
0.0116749
0.0139889
0.0178492
0.0236162
0.031417
0.039573
0.0423085
0.0324122
0.0150905
0.00313813
0.001
0.001
0.001
0.001
0.00313813
0.0150905
0.0324122
0.0423085
0.039573
0.031417
0.0236162
0.0178492
0.0139889
0.0116749
0.0106152
0.0105757
0.0113381
0.0126448
0.0141337
0.0152737
0.0153345
0.0135503
0.00979067
0.00531978
0.00196816
0.001
0.001
0.001
0.001
0.001
0.001
0.001
0.00154455
0.00407028
0.00769245
0.0114523
0.0146772
0.0177119
0.0218962
0.0295288
0.0433052
0.0638761
0.0882837
0.112343
0.131519
0.137936
0.112987
0.0586737
0.0130691
0.001
0.001
0.001
0.001
0.001
0.001
0.001
0.00144167
0.00446733
0.00943953
0.0113378
0.00837654
0.00431351
0.00170573
0.001
0.001
0.001
0.001
0.001
0.001
0.001
0.001
0.001
0.001
0.001
0.001
0.001
0.001
0.001
0.001
0.001
0.001
0.001
0.001
0.001
0.001
0.001
0.001
0.001
0.001
0.001
0.001
0.001
0.001
0.001
0.001
0.001
0.001
0.001
0.001
0.001
0.001
0.001
0.001
0.001
0.001
0.001
0.001
0.001
0.001
0.001
0.001
0.001
0.001
0.001
0.001
0.001
0.001
0.001
0.001
0.001
0.001
0.001
0.001
0.001
0.001
0.001
0.001
0.001
0.001
0.001
0.001
0.001
0.001
0.001
0.001
0.001
0.001
0.001
0.001
0.001
0.001
0.00170573
0.00431351
0.00837654
0.0113378
0.00943953
0.00446733
0.00144167
0.001
0.001
0.001
0.001
0.001
0.001
0.001
0.001
0.001
0.001
0.001
0.001
0.001
0.001
0.001
0.001
0.001
0.001
0.001
0.001
0.001
0.001
0.001
0.001
0.001
0.001
0.001
0.001
0.001
0.001
0.001
0.001
0.001
0.001
0.001
0.001
0.001
0.001
0.001
0.001
0.001
0.001
0.001
0.001
0.001
0.001
0.001
0.001
0.001
0.001
0.001
0.001
0.001
0.001
0.001
0.001
0.001
0.001
0.001
0.001
0.001
0.001
0.001
0.001
0.001
0.001
0.001
0.001
0.001
0.001
0.001
0.001
0.001
0.001
0.001
0.001
0.001
0.001
0.001
0.001
0.001
0.001
0.001
0.001
0.001
0.001
0.001
0.001
0.001
0.001
0.001
0.001
0.001
0.001
0.001
0.001
0.001
0.001
0.001
0.001
0.001
0.001
0.001
0.001
0.001
0.001
0.001
0.001
0.001
0.001
0.001
0.001
0.001
0.001
0.001
0.001
0.001
0.001
0.001
0.001
0.001
0.001
0.001
0.001
0.001
0.001
0.001
0.001
0.001
0.001
0.001
0.001
0.001
0.001
0.001
0.001
0.001
0.001
0.001
0.001
0.001
0.001
0.001
0.001
0.001
0.001
0.001
0.001
0.001
0.001
0.001
0.001
0.001
0.001
0.001
0.001
0.001
0.001
0.001
0.001
0.001
0.001
0.001
0.001
0.001
0.001
0.001
0.001
0.001
0.001
0.001
0.001
0.001
0.001
0.001
0.001
0.001
0.001
0.001
0.001
0.001
0.001
0.001
0.001
0.001
0.001
0.001
0.001
0.001
0.001
0.001
0.001
0.001
0.001
0.001
0.001
0.001
0.001
0.001
0.001
0.001
0.001
0.001
0.001
0.001
0.001
0.001
0.001
0.001
0.001
0.001
0.001
0.001
0.001
0.001
0.001
0.001
0.001
0.001
0.001
0.001
0.001
0.001
0.001
0.001
0.001
0.001
0.001
0.001
0.001
0.001
0.001
0.001
0.001
0.001
0.001
0.001
0.001
0.001
0.001
0.001
0.001
0.001
0.001
0.001
0.001
0.001
0.001
0.001
0.001
0.001
0.001
0.001
0.001
0.001
0.001
0.001
0.001
0.001
0.001
0.001
0.001
0.001
0.001
0.001
0.001
0.001
0.001
0.001
0.001
0.001
0.001
0.001
0.001
0.001
0.001
0.001
0.001
0.001
0.001
0.001
0.001
0.001
0.001
0.001
0.001
0.001
0.001
0.001
0.001
0.001
0.001
0.001
0.001
0.001
0.001
0.001
0.001
0.001
0.001
0.001
0.001
0.001
0.001
0.001
0.001
0.001
0.001
0.001
0.001
0.001
0.001
0.001
0.001
0.001
0.001
0.001
0.001
0.001
0.001
0.001
0.001
0.001
0.001
0.001
0.001
0.001
0.001
0.001
0.001
0.001
0.001
0.001
0.001
0.001
0.001
0.001
0.001
0.001
0.001
0.001
0.001
0.001
0.001
0.001
0.001
0.001
0.001
0.001
0.001
0.001
0.001
0.001
0.001
0.001
0.001
0.001
0.001
0.001
0.001
0.001
0.001
0.001
0.001
0.001
0.001
0.001
0.001
0.001
0.001
0.001
0.001
0.001
0.001
0.001
0.001
0.001
0.001
0.001
0.001
0.001
0.001
0.001
0.001
0.001
0.001
0.001
0.001
0.001
0.001
0.001
0.001
0.001
0.001
0.001
0.001
0.001
0.001
0.001
0.001
0.001
0.001
0.001
0.001
0.001
0.001
0.001
0.001
0.00144167
0.00446733
0.00943953
0.0113378
0.00837654
0.00431351
0.00170573
0.001
0.001
0.001
0.001
0.001
0.001
0.001
0.001
0.001
0.001
0.001
0.001
0.001
0.001
0.001
0.001
0.001
0.001
0.001
0.001
0.001
0.001
0.001
0.001
0.001
0.001
0.001
0.001
0.001
0.001
0.001
0.001
0.001
0.001
0.001
0.001
0.001
0.001
0.001
0.001
0.001
0.001
0.001
0.001
0.001
0.001
0.001
0.001
0.001
0.001
0.001
0.001
0.001
0.001
0.001
0.001
0.001
0.001
0.001
0.001
0.001
0.001
0.001
0.001
0.001
0.001
0.001
0.001
0.001
0.001
0.001
0.001
0.001
0.001
0.001
0.001
0.001
0.001
0.00170573
0.00431351
0.00837654
0.0113378
0.00943953
0.00446733
0.00144167
0.001
0.001
0.001
0.001
0.001
0.001
0.001
0.0130691
0.0586737
0.112987
0.137936
0.131519
0.112343
0.0882837
0.0638761
0.0433052
0.0295288
0.0218962
0.0177119
0.0146772
0.0114523
0.00769245
0.00407028
0.00154455
0.001
0.001
0.001
0.001
0.001
0.001
0.001
0.00196816
0.00531978
0.00979067
0.0135503
0.0153345
0.0152737
0.0141337
0.0126448
0.0113381
0.0105757
0.0106152
0.0116749
0.0139889
0.0178492
0.0236162
0.031417
0.039573
0.0423085
0.0324122
0.0150905
0.00313813
0.001
0.001
0.001
0.001
0.00313813
0.0150905
0.0324122
0.0423085
0.039573
0.031417
0.0236162
0.0178492
0.0139889
0.0116749
0.0106152
0.0105757
0.0113381
0.0126448
0.0141337
0.0152737
0.0153345
0.0135503
0.00979067
0.00531978
0.00196816
0.001
0.001
0.001
0.001
0.001
0.001
0.001
0.00154455
0.00407028
0.00769245
0.0114523
0.0146772
0.0177119
0.0218962
0.0295288
0.0433052
0.0638761
0.0882837
0.112343
0.131519
0.137936
0.112987
0.0586737
0.0130691
0.001
0.001
0.001
0.001
0.001
0.0210165
0.099048
0.223253
0.313713
0.327718
0.304322
0.272014
0.232685
0.189356
0.152059
0.129299
0.120602
0.120272
0.123001
0.124793
0.121437
0.106679
0.0758217
0.038571
0.01196
0.00177275
0.001
0.001339
0.0116462
0.0423243
0.086688
0.122363
0.137235
0.139262
0.135449
0.12895
0.121099
0.112758
0.105099
0.099694
0.0981154
0.101298
0.109177
0.121086
0.136659
0.156419
0.1808
0.202476
0.202646
0.14691
0.0628388
0.00898816
0.001
0.001
0.00898816
0.0628388
0.14691
0.202646
0.202476
0.1808
0.156419
0.136659
0.121086
0.109177
0.101298
0.0981154
0.099694
0.105099
0.112758
0.121099
0.12895
0.135449
0.139262
0.137235
0.122363
0.086688
0.0423243
0.0116462
0.001339
0.001
0.00177275
0.01196
0.038571
0.0758217
0.106679
0.121437
0.124793
0.123001
0.120272
0.120602
0.129299
0.152059
0.189356
0.232685
0.272014
0.304322
0.327718
0.313713
0.223253
0.099048
0.0210165
0.001
0.001
0.001
0.00692022
0.0831721
0.247183
0.390104
0.435641
0.429534
0.397693
0.358863
0.318841
0.280773
0.252648
0.241125
0.245272
0.259049
0.276619
0.293703
0.304371
0.295228
0.248635
0.164473
0.0779201
0.0227534
0.00333551
0.0186729
0.0759358
0.176336
0.278367
0.329475
0.332669
0.317358
0.30054
0.285752
0.271495
0.256496
0.241762
0.230397
0.226054
0.2307
0.243195
0.260129
0.278726
0.300967
0.334653
0.376425
0.406473
0.344736
0.172455
0.036855
0.001
0.001
0.036855
0.172455
0.344736
0.406473
0.376425
0.334653
0.300967
0.278726
0.260129
0.243195
0.2307
0.226054
0.230397
0.241762
0.256496
0.271495
0.285752
0.30054
0.317358
0.332669
0.329475
0.278367
0.176336
0.0759358
0.0186729
0.00333551
0.0227534
0.0779201
0.164473
0.248635
0.295228
0.304371
0.293703
0.276619
0.259049
0.245272
0.241125
0.252648
0.280773
0.318841
0.358863
0.397693
0.429534
0.435641
0.390104
0.247183
0.0831721
0.00692022
0.001
0.001
0.0253927
0.153717
0.342176
0.450835
0.48795
0.498187
0.463137
0.404399
0.35032
0.312083
0.291978
0.290491
0.304634
0.32825
0.355885
0.383936
0.407602
0.415938
0.390827
0.306661
0.172482
0.0589216
0.0102004
0.0496272
0.16635
0.321746
0.423889
0.451234
0.438259
0.410392
0.383091
0.361417
0.343105
0.3248
0.306395
0.291565
0.285466
0.290999
0.306255
0.326016
0.348545
0.381554
0.432757
0.48011
0.492571
0.415549
0.234244
0.0606652
0.001
0.001
0.0606652
0.234244
0.415549
0.492571
0.48011
0.432757
0.381554
0.348545
0.326016
0.306255
0.290999
0.285466
0.291565
0.306395
0.3248
0.343105
0.361417
0.383091
0.410392
0.438259
0.451234
0.423889
0.321746
0.16635
0.0496272
0.0102004
0.0589216
0.172482
0.306661
0.390827
0.415938
0.407602
0.383936
0.355885
0.32825
0.304634
0.290491
0.291978
0.312083
0.35032
0.404399
0.463137
0.498187
0.48795
0.450835
0.342176
0.153717
0.0253927
0.001
0.001
0.0400477
0.180175
0.342899
0.4509
0.539929
0.607674
0.590142
0.504845
0.408924
0.343274
0.312601
0.308827
0.325611
0.355683
0.391964
0.427728
0.453742
0.458261
0.430788
0.349142
0.211417
0.0781692
0.0141249
0.0657987
0.2001
0.352265
0.446526
0.482166
0.486875
0.464246
0.428198
0.393128
0.363754
0.337893
0.314149
0.295654
0.288307
0.295867
0.316479
0.347137
0.393842
0.463344
0.53468
0.551106
0.488689
0.362606
0.194776
0.0531797
0.001
0.001
0.0531797
0.194776
0.362606
0.488689
0.551106
0.53468
0.463344
0.393842
0.347137
0.316479
0.295867
0.288307
0.295654
0.314149
0.337893
0.363754
0.393128
0.428198
0.464246
0.486875
0.482166
0.446526
0.352265
0.2001
0.0657987
0.0141249
0.0781692
0.211417
0.349142
0.430788
0.458261
0.453742
0.427728
0.391964
0.355683
0.325611
0.308827
0.312601
0.343274
0.408924
0.504845
0.590142
0.607674
0.539929
0.4509
0.342899
0.180175
0.0400477
0.001
0.001
0.0332492
0.154499
0.305024
0.416484
0.535645
0.670139
0.725596
0.657987
0.517402
0.399085
0.344206
0.338573
0.362525
0.405728
0.457272
0.502248
0.521399
0.497197
0.426782
0.316356
0.180786
0.0652877
0.0108332
0.0522352
0.161611
0.299632
0.415965
0.501108
0.549907
0.54971
0.511909
0.459307
0.409186
0.367073
0.332706
0.308145
0.299087
0.309895
0.341427
0.399751
0.492924
0.596264
0.642878
0.582097
0.446821
0.285511
0.127445
0.0268051
0.001
0.001
0.0268051
0.127445
0.285511
0.446821
0.582097
0.642878
0.596264
0.492924
0.399751
0.341427
0.309895
0.299087
0.308145
0.332706
0.367073
0.409186
0.459307
0.511909
0.54971
0.549907
0.501108
0.415965
0.299632
0.161611
0.0522352
0.0108332
0.0652877
0.180786
0.316356
0.426782
0.497197
0.521399
0.502248
0.457272
0.405728
0.362525
0.338573
0.344206
0.399085
0.517402
0.657987
0.725596
0.670139
0.535645
0.416484
0.305024
0.154499
0.0332492
0.001
0.001
0.0147742
0.104334
0.247059
0.356705
0.46739
0.639529
0.797812
0.826216
0.69485
0.510866
0.396538
0.37515
0.408225
0.466756
0.530971
0.574801
0.572093
0.510454
0.402139
0.268922
0.136335
0.0421183
0.00481233
0.0283699
0.109399
0.233004
0.35993
0.477093
0.572622
0.617321
0.60254
0.545272
0.473378
0.407816
0.356919
0.323737
0.312753
0.329812
0.385864
0.494863
0.635752
0.727078
0.689622
0.536601
0.361785
0.207021
0.0757096
0.0085473
0.001
0.001
0.0085473
0.0757096
0.207021
0.361785
0.536601
0.689622
0.727078
0.635752
0.494863
0.385864
0.329812
0.312753
0.323737
0.356919
0.407816
0.473378
0.545272
0.60254
0.617321
0.572622
0.477093
0.35993
0.233004
0.109399
0.0283699
0.00481233
0.0421183
0.136335
0.268922
0.402139
0.510454
0.572093
0.574801
0.530971
0.466756
0.408225
0.37515
0.396538
0.510866
0.69485
0.826216
0.797812
0.639529
0.46739
0.356705
0.247059
0.104334
0.0147742
0.001
0.001
0.00328619
0.0560817
0.176477
0.293366
0.38292
0.525383
0.739999
0.904768
0.887921
0.700342
0.50544
0.430278
0.462443
0.535423
0.604413
0.633617
0.596599
0.495193
0.360404
0.221062
0.0998214
0.0249403
0.00162258
0.0119388
0.0679088
0.170878
0.291717
0.420024
0.552766
0.654128
0.687633
0.649129
0.565428
0.472943
0.397213
0.349459
0.335779
0.369559
0.474518
0.643106
0.790551
0.8031
0.655749
0.448546
0.281635
0.147331
0.0438976
0.00190608
0.001
0.001
0.00190608
0.0438976
0.147331
0.281635
0.448546
0.655749
0.8031
0.790551
0.643106
0.474518
0.369559
0.335779
0.349459
0.397213
0.472943
0.565428
0.649129
0.687633
0.654128
0.552766
0.420024
0.291717
0.170878
0.0679088
0.0119388
0.00162258
0.0249403
0.0998214
0.221062
0.360404
0.495193
0.596599
0.633617
0.604413
0.535423
0.462443
0.430278
0.50544
0.700342
0.887921
0.904768
0.739999
0.525383
0.38292
0.293366
0.176477
0.0560817
0.00328619
0.001
0.001
0.001
0.0215473
0.108871
0.233575
0.319094
0.403158
0.579317
0.825582
0.977775
0.909684
0.690428
0.529217
0.521765
0.596483
0.66092
0.666141
0.594212
0.463515
0.317823
0.183562
0.0755473
0.0148556
0.001
0.00421637
0.0402919
0.123389
0.232958
0.355227
0.502135
0.650668
0.744197
0.748668
0.674176
0.562489
0.458198
0.389799
0.376251
0.447294
0.616343
0.811394
0.8931
0.784038
0.555516
0.358543
0.226111
0.106426
0.022847
0.001
0.001
0.001
0.001
0.022847
0.106426
0.226111
0.358543
0.555516
0.784038
0.8931
0.811394
0.616343
0.447294
0.376251
0.389799
0.458198
0.562489
0.674176
0.748668
0.744197
0.650668
0.502135
0.355227
0.232958
0.123389
0.0402919
0.00421637
0.001
0.0148556
0.0755473
0.183562
0.317823
0.463515
0.594212
0.666141
0.66092
0.596483
0.521765
0.529217
0.690428
0.909684
0.977775
0.825582
0.579317
0.403158
0.319094
0.233575
0.108871
0.0215473
0.001
0.001
0.001
0.001
0.00481823
0.0606279
0.176126
0.275234
0.330327
0.421998
0.629069
0.89064
1
0.900984
0.6952
0.603033
0.641159
0.688603
0.667356
0.567829
0.42394
0.28109
0.15665
0.0600465
0.00945459
0.001
0.00134541
0.0221335
0.0882324
0.187067
0.296906
0.436488
0.609129
0.757754
0.820601
0.779377
0.666579
0.53913
0.449679
0.447917
0.574878
0.788169
0.940577
0.899119
0.680807
0.441522
0.298004
0.19388
0.0805566
0.0107718
0.001
0.001
0.001
0.001
0.0107718
0.0805566
0.19388
0.298004
0.441522
0.680807
0.899119
0.940577
0.788169
0.574878
0.447917
0.449679
0.53913
0.666579
0.779377
0.820601
0.757754
0.609129
0.436488
0.296906
0.187067
0.0882324
0.0221335
0.00134541
0.001
0.00945459
0.0600465
0.15665
0.28109
0.42394
0.567829
0.667356
0.688603
0.641159
0.603033
0.6952
0.900984
1
0.89064
0.629069
0.421998
0.330327
0.275234
0.176126
0.0606279
0.00481823
0.001
0.001
0.001
0.001
0.001
0.0308805
0.12678
0.239697
0.299753
0.336027
0.441738
0.674817
0.934807
1
0.906946
0.74455
0.689089
0.692905
0.644608
0.527887
0.38432
0.252754
0.138531
0.0502049
0.00668785
0.001
0.001
0.010962
0.0615393
0.149966
0.24978
0.371481
0.542566
0.727412
0.849557
0.859482
0.767559
0.631695
0.532717
0.560702
0.737928
0.937437
0.979897
0.807903
0.543997
0.358577
0.268847
0.173482
0.063258
0.00502892
0.001
0.001
0.001
0.001
0.00502892
0.063258
0.173482
0.268847
0.358577
0.543997
0.807903
0.979897
0.937437
0.737928
0.560702
0.532717
0.631695
0.767559
0.859482
0.849557
0.727412
0.542566
0.371481
0.24978
0.149966
0.0615393
0.010962
0.001
0.001
0.00668785
0.0502049
0.138531
0.252754
0.38432
0.527887
0.644608
0.692905
0.689089
0.74455
0.906946
1
0.934807
0.674817
0.441738
0.336027
0.299753
0.239697
0.12678
0.0308805
0.001
0.001
0.001
0.001
0.001
0.001
0.0142213
0.0947241
0.213552
0.284916
0.307557
0.342623
0.468862
0.729234
0.984114
1
0.968274
0.806127
0.711413
0.619354
0.488453
0.351549
0.233272
0.127725
0.0446499
0.00541908
0.001
0.001
0.00485847
0.0404477
0.117399
0.211442
0.315991
0.46737
0.663256
0.831842
0.891735
0.846571
0.723613
0.638979
0.707437
0.895794
1
0.917692
0.661668
0.429027
0.318678
0.257338
0.157544
0.0505953
0.00240441
0.001
0.001
0.001
0.001
0.00240441
0.0505953
0.157544
0.257338
0.318678
0.429027
0.661668
0.917692
1
0.895794
0.707437
0.638979
0.723613
0.846571
0.891735
0.831842
0.663256
0.46737
0.315991
0.211442
0.117399
0.0404477
0.00485847
0.001
0.001
0.00541908
0.0446499
0.127725
0.233272
0.351549
0.488453
0.619354
0.711413
0.806127
0.968274
1
0.984114
0.729234
0.468862
0.342623
0.307557
0.284916
0.213552
0.0947241
0.0142213
0.001
0.001
0.001
0.001
0.001
0.001
0.00716156
0.0795368
0.2003
0.278316
0.30146
0.316436
0.358909
0.525463
0.849321
1
1
1
0.823393
0.634234
0.467999
0.330321
0.223111
0.123782
0.0431081
0.00519738
0.001
0.001
0.00190154
0.0241656
0.0878925
0.177423
0.271271
0.396991
0.581297
0.775456
0.894369
0.891579
0.805501
0.761426
0.8589
1
0.992978
0.783023
0.518475
0.361968
0.307659
0.251367
0.143382
0.0404073
0.00116922
0.001
0.001
0.001
0.001
0.00116922
0.0404073
0.143382
0.251367
0.307659
0.361968
0.518475
0.783023
0.992978
1
0.8589
0.761426
0.805501
0.891579
0.894369
0.775456
0.581297
0.396991
0.271271
0.177423
0.0878925
0.0241656
0.00190154
0.001
0.001
0.00519738
0.0431081
0.123782
0.223111
0.330321
0.467999
0.634234
0.823393
1
1
1
0.849321
0.525463
0.358909
0.316436
0.30146
0.278316
0.2003
0.0795368
0.00716156
0.001
0.001
0.001
0.001
0.001
0.001
0.00466962
0.0748364
0.199436
0.282717
0.30576
0.321016
0.333232
0.408601
0.655357
0.990655
1
1
1
0.760507
0.496927
0.327929
0.22181
0.127463
0.046049
0.00607989
0.001
0.001
0.001
0.012739
0.0617409
0.144525
0.233913
0.33829
0.497684
0.696442
0.853731
0.904431
0.874544
0.884673
0.978269
1
0.89138
0.628473
0.418103
0.335824
0.307621
0.246194
0.130544
0.0317273
0.001
0.001
0.001
0.001
0.001
0.001
0.0317273
0.130544
0.246194
0.307621
0.335824
0.418103
0.628473
0.89138
1
0.978269
0.884673
0.874544
0.904431
0.853731
0.696442
0.497684
0.33829
0.233913
0.144525
0.0617409
0.012739
0.001
0.001
0.001
0.00607989
0.046049
0.127463
0.22181
0.327929
0.496927
0.760507
1
1
1
0.990655
0.655357
0.408601
0.333232
0.321016
0.30576
0.282717
0.199436
0.0748364
0.00466962
0.001
0.001
0.001
0.001
0.001
0.001
0.00384831
0.076413
0.208493
0.297273
0.320428
0.33724
0.350515
0.375213
0.511063
0.85798
1
1
1
1
0.64525
0.372032
0.231758
0.138791
0.0544715
0.00866063
0.001
0.001
0.001
0.00579125
0.0398321
0.112191
0.199889
0.291733
0.424431
0.614761
0.80107
0.910491
0.957276
1
1
0.988841
0.754917
0.502671
0.366951
0.330731
0.309281
0.241292
0.11932
0.0243908
0.001
0.001
0.001
0.001
0.001
0.001
0.0243908
0.11932
0.241292
0.309281
0.330731
0.366951
0.502671
0.754917
0.988841
1
1
0.957276
0.910491
0.80107
0.614761
0.424431
0.291733
0.199889
0.112191
0.0398321
0.00579125
0.001
0.001
0.001
0.00866063
0.0544715
0.138791
0.231758
0.372032
0.64525
1
1
1
1
0.85798
0.511063
0.375213
0.350515
0.33724
0.320428
0.297273
0.208493
0.076413
0.00384831
0.001
0.001
0.001
0.001
0.001
0.001
0.00364193
0.0813418
0.223294
0.317591
0.342329
0.361988
0.382086
0.393746
0.454337
0.686369
1
1
1
1
0.9546
0.52995
0.282739
0.157998
0.0705281
0.0141143
0.001
0.001
0.001
0.00223872
0.023051
0.0820661
0.167061
0.254331
0.367682
0.551706
0.768876
0.951333
1
1
1
0.934547
0.635555
0.425001
0.349803
0.3324
0.310606
0.23711
0.109946
0.0184458
0.001
0.001
0.001
0.001
0.001
0.001
0.0184458
0.109946
0.23711
0.310606
0.3324
0.349803
0.425001
0.635555
0.934547
1
1
1
0.951333
0.768876
0.551706
0.367682
0.254331
0.167061
0.0820661
0.023051
0.00223872
0.001
0.001
0.001
0.0141143
0.0705281
0.157998
0.282739
0.52995
0.9546
1
1
1
1
0.686369
0.454337
0.393746
0.382086
0.361988
0.342329
0.317591
0.223294
0.0813418
0.00364193
0.001
0.001
0.001
0.001
0.001
0.001
0.00361613
0.0869662
0.238886
0.338494
0.366199
0.391545
0.417189
0.43602
0.458804
0.576546
0.919532
1
1
1
1
0.84904
0.430213
0.210384
0.0941668
0.0261426
0.00209885
0.001
0.001
0.001
0.0117593
0.0563762
0.135655
0.222692
0.328889
0.524269
0.791121
1
1
1
1
0.88634
0.556529
0.387023
0.349472
0.335459
0.312071
0.233719
0.102242
0.0138086
0.001
0.001
0.001
0.001
0.001
0.001
0.0138086
0.102242
0.233719
0.312071
0.335459
0.349472
0.387023
0.556529
0.88634
1
1
1
1
0.791121
0.524269
0.328889
0.222692
0.135655
0.0563762
0.0117593
0.001
0.001
0.001
0.00209885
0.0261426
0.0941668
0.210384
0.430213
0.84904
1
1
1
1
0.919532
0.576546
0.458804
0.43602
0.417189
0.391545
0.366199
0.338494
0.238886
0.0869662
0.00361613
0.001
0.001
0.001
0.001
0.001
0.001
0.00351738
0.0908719
0.250668
0.355532
0.387223
0.419037
0.44963
0.474918
0.490274
0.541551
0.758735
1
1
1
1
1
0.729726
0.335626
0.143847
0.0499238
0.00680536
0.001
0.001
0.001
0.0053003
0.03649
0.10744
0.194656
0.307791
0.533526
0.874446
1
1
1
1
0.837935
0.509285
0.372779
0.35528
0.338962
0.313924
0.230505
0.0956138
0.0102442
0.001
0.001
0.001
0.001
0.001
0.001
0.0102442
0.0956138
0.230505
0.313924
0.338962
0.35528
0.372779
0.509285
0.837935
1
1
1
1
0.874446
0.533526
0.307791
0.194656
0.10744
0.03649
0.0053003
0.001
0.001
0.001
0.00680536
0.0499238
0.143847
0.335626
0.729726
1
1
1
1
1
0.758735
0.541551
0.490274
0.474918
0.44963
0.419037
0.387223
0.355532
0.250668
0.0908719
0.00351738
0.001
0.001
0.001
0.001
0.001
0.001
0.00318488
0.0908475
0.254426
0.364714
0.400693
0.435938
0.469202
0.495455
0.515662
0.536491
0.646077
0.989009
1
1
1
1
1
0.599426
0.251114
0.0922453
0.0247321
0.00139407
0.001
0.001
0.00217995
0.0225531
0.0843327
0.170325
0.309293
0.582242
1
1
1
1
1
0.78348
0.479461
0.371898
0.362049
0.342646
0.315402
0.226264
0.0892183
0.00748649
0.001
0.001
0.001
0.001
0.001
0.001
0.00748649
0.0892183
0.226264
0.315402
0.342646
0.362049
0.371898
0.479461
0.78348
1
1
1
1
1
0.582242
0.309293
0.170325
0.0843327
0.0225531
0.00217995
0.001
0.001
0.00139407
0.0247321
0.0922453
0.251114
0.599426
1
1
1
1
1
0.989009
0.646077
0.536491
0.515662
0.495455
0.469202
0.435938
0.400693
0.364714
0.254426
0.0908475
0.00318488
0.001
0.001
0.001
0.001
0.001
0.001
0.00257865
0.0848208
0.245535
0.360858
0.400283
0.432539
0.462965
0.485848
0.506203
0.519788
0.572046
0.798323
1
1
1
1
1
1
0.487331
0.189475
0.0555808
0.00976122
0.001
0.001
0.001
0.0137573
0.067535
0.152793
0.337528
0.684051
1
1
1
1
1
0.721702
0.456561
0.377043
0.367021
0.345567
0.314963
0.21953
0.0822111
0.00533332
0.001
0.001
0.001
0.001
0.001
0.001
0.00533332
0.0822111
0.21953
0.314963
0.345567
0.367021
0.377043
0.456561
0.721702
1
1
1
1
1
0.684051
0.337528
0.152793
0.067535
0.0137573
0.001
0.001
0.001
0.00976122
0.0555808
0.189475
0.487331
1
1
1
1
1
1
0.798323
0.572046
0.519788
0.506203
0.485848
0.462965
0.432539
0.400283
0.360858
0.245535
0.0848208
0.00257865
0.001
0.001
0.001
0.001
0.001
0.001
0.00180894
0.0715496
0.219411
0.336652
0.377314
0.399514
0.421146
0.437703
0.453736
0.469596
0.496017
0.626604
1
1
1
1
1
1
0.887955
0.394721
0.134177
0.0308851
0.00266726
0.001
0.001
0.00877562
0.0576407
0.148781
0.383128
0.821431
1
1
1
1
1
0.65905
0.436541
0.382349
0.368318
0.346158
0.311007
0.20918
0.0740586
0.00366953
0.001
0.001
0.001
0.001
0.001
0.001
0.00366953
0.0740586
0.20918
0.311007
0.346158
0.368318
0.382349
0.436541
0.65905
1
1
1
1
1
0.821431
0.383128
0.148781
0.0576407
0.00877562
0.001
0.001
0.00266726
0.0308851
0.134177
0.394721
0.887955
1
1
1
1
1
1
0.626604
0.496017
0.469596
0.453736
0.437703
0.421146
0.399514
0.377314
0.336652
0.219411
0.0715496
0.00180894
0.001
0.001
0.001
0.001
0.001
0.001
0.00107986
0.0525826
0.175605
0.285826
0.323487
0.331991
0.342475
0.352515
0.364791
0.381547
0.400676
0.47533
0.7412
1
1
1
1
1
1
0.744822
0.29459
0.0855937
0.0173082
0.001
0.001
0.00632823
0.0540508
0.170295
0.452873
0.966186
1
1
1
1
1
0.605919
0.418633
0.383325
0.364586
0.342961
0.302779
0.19523
0.0648618
0.00243554
0.001
0.001
0.001
0.001
0.001
0.001
0.00243554
0.0648618
0.19523
0.302779
0.342961
0.364586
0.383325
0.418633
0.605919
1
1
1
1
1
0.966186
0.452873
0.170295
0.0540508
0.00632823
0.001
0.001
0.0173082
0.0855937
0.29459
0.744822
1
1
1
1
1
1
0.7412
0.47533
0.400676
0.381547
0.364791
0.352515
0.342475
0.331991
0.323487
0.285826
0.175605
0.0525826
0.00107986
0.001
0.001
0.001
0.001
0.001
0.001
0.001
0.0331491
0.12352
0.213592
0.241951
0.237242
0.237938
0.24386
0.255234
0.272593
0.29492
0.338174
0.505138
0.931982
1
1
1
1
1
1
0.581763
0.203759
0.0494188
0.00833102
0.001
0.00562247
0.0541086
0.219799
0.572504
1
1
1
1
1
1
0.568455
0.402215
0.377504
0.355402
0.335587
0.291155
0.17937
0.0554989
0.00158181
0.001
0.001
0.001
0.001
0.001
0.001
0.00158181
0.0554989
0.17937
0.291155
0.335587
0.355402
0.377504
0.402215
0.568455
1
1
1
1
1
1
0.572504
0.219799
0.0541086
0.00562247
0.001
0.00833102
0.0494188
0.203759
0.581763
1
1
1
1
1
1
0.931982
0.505138
0.338174
0.29492
0.272593
0.255234
0.24386
0.237938
0.237242
0.241951
0.213592
0.12352
0.0331491
0.001
0.001
0.001
0.001
0.001
0.001
0.001
0.001
0.0195224
0.0821697
0.147686
0.162362
0.144567
0.135196
0.136991
0.147357
0.164842
0.189489
0.220777
0.319178
0.619152
1
1
1
1
1
1
0.991413
0.444423
0.141072
0.0274304
0.00350119
0.00653116
0.05681
0.278777
0.723794
1
1
1
1
1
0.96148
0.540933
0.385296
0.364765
0.341958
0.32561
0.279028
0.164824
0.0474048
0.00104325
0.001
0.001
0.001
0.001
0.001
0.001
0.00104325
0.0474048
0.164824
0.279028
0.32561
0.341958
0.364765
0.385296
0.540933
0.96148
1
1
1
1
1
0.723794
0.278777
0.05681
0.00653116
0.00350119
0.0274304
0.141072
0.444423
0.991413
1
1
1
1
1
1
0.619152
0.319178
0.220777
0.189489
0.164842
0.147357
0.136991
0.135196
0.144567
0.162362
0.147686
0.0821697
0.0195224
0.001
0.001
0.001
0.001
0.001
0.001
0.001
0.001
0.017096
0.0765399
0.137987
0.142547
0.104738
0.0741175
0.0624626
0.065987
0.0788318
0.0997214
0.128025
0.181526
0.369572
0.823708
1
1
1
1
1
1
0.823294
0.333295
0.0918596
0.0164528
0.0101354
0.0670209
0.330098
0.857454
1
1
1
1
1
0.907012
0.51259
0.36643
0.347658
0.327677
0.316998
0.271067
0.155511
0.042081
0.001
0.001
0.001
0.001
0.001
0.001
0.001
0.001
0.042081
0.155511
0.271067
0.316998
0.327677
0.347658
0.36643
0.51259
0.907012
1
1
1
1
1
0.857454
0.330098
0.0670209
0.0101354
0.0164528
0.0918596
0.333295
0.823294
1
1
1
1
1
1
0.823708
0.369572
0.181526
0.128025
0.0997214
0.0788318
0.065987
0.0624626
0.0741175
0.104738
0.142547
0.137987
0.0765399
0.017096
0.001
0.001
0.001
0.001
0.001
0.001
0.001
0.001
0.0321429
0.123343
0.209977
0.210756
0.150427
0.0909094
0.0496463
0.0304766
0.0295406
0.0403104
0.0600476
0.0928636
0.20011
0.504486
1
1
1
1
1
1
1
0.64419
0.230431
0.0568895
0.0225518
0.0975835
0.392386
0.970505
1
1
1
1
1
0.85013
0.481353
0.347317
0.331349
0.318011
0.315293
0.272454
0.154914
0.040661
0.001
0.001
0.001
0.001
0.001
0.001
0.001
0.001
0.040661
0.154914
0.272454
0.315293
0.318011
0.331349
0.347317
0.481353
0.85013
1
1
1
1
1
0.970505
0.392386
0.0975835
0.0225518
0.0568895
0.230431
0.64419
1
1
1
1
1
1
1
0.504486
0.20011
0.0928636
0.0600476
0.0403104
0.0295406
0.0304766
0.0496463
0.0909094
0.150427
0.210756
0.209977
0.123343
0.0321429
0.001
0.001
0.001
0.001
0.001
0.001
0.001
0.00199008
0.0669166
0.212711
0.326243
0.319412
0.245399
0.163085
0.0957299
0.0517915
0.0269235
0.0176455
0.0226065
0.0411845
0.0896011
0.277823
0.734656
1
1
1
1
1
1
1
0.493143
0.174255
0.0612935
0.157695
0.491383
1
1
1
1
1
1
0.799243
0.45203
0.33233
0.322381
0.318814
0.325058
0.28637
0.164799
0.0436337
0.001
0.001
0.001
0.001
0.001
0.001
0.001
0.001
0.0436337
0.164799
0.28637
0.325058
0.318814
0.322381
0.33233
0.45203
0.799243
1
1
1
1
1
1
0.491383
0.157695
0.0612935
0.174255
0.493143
1
1
1
1
1
1
1
0.734656
0.277823
0.0896011
0.0411845
0.0226065
0.0176455
0.0269235
0.0517915
0.0957299
0.163085
0.245399
0.319412
0.326243
0.212711
0.0669166
0.00199008
0.001
0.001
0.001
0.001
0.001
0.001
0.00639231
0.113085
0.309876
0.428771
0.416768
0.350653
0.261181
0.17623
0.110547
0.0644096
0.0349699
0.0192948
0.0178745
0.0398141
0.1405
0.444224
1
1
1
1
1
1
1
0.851172
0.399155
0.170501
0.246208
0.608453
1
1
1
1
1
1
0.763745
0.432402
0.32693
0.326473
0.333652
0.346913
0.311464
0.183894
0.0504859
0.001
0.001
0.001
0.001
0.001
0.001
0.001
0.001
0.0504859
0.183894
0.311464
0.346913
0.333652
0.326473
0.32693
0.432402
0.763745
1
1
1
1
1
1
0.608453
0.246208
0.170501
0.399155
0.851172
1
1
1
1
1
1
1
0.444224
0.1405
0.0398141
0.0178745
0.0192948
0.0349699
0.0644096
0.110547
0.17623
0.261181
0.350653
0.416768
0.428771
0.309876
0.113085
0.00639231
0.001
0.001
0.001
0.001
0.001
0.001
0.0159339
0.155106
0.368598
0.479599
0.482115
0.447265
0.369408
0.279672
0.199069
0.134048
0.0850013
0.0506607
0.0292564
0.0243148
0.0600907
0.250464
0.701605
1
1
1
1
1
1
1
0.707768
0.366185
0.366233
0.703527
1
1
1
1
1
1
0.753035
0.430749
0.336035
0.34633
0.361813
0.376805
0.341586
0.207246
0.0592872
0.001
0.001
0.001
0.001
0.001
0.001
0.001
0.001
0.0592872
0.207246
0.341586
0.376805
0.361813
0.34633
0.336035
0.430749
0.753035
1
1
1
1
1
1
0.703527
0.366233
0.366185
0.707768
1
1
1
1
1
1
1
0.701605
0.250464
0.0600907
0.0243148
0.0292564
0.0506607
0.0850013
0.134048
0.199069
0.279672
0.369408
0.447265
0.482115
0.479599
0.368598
0.155106
0.0159339
0.001
0.001
0.001
0.001
0.001
0.001
0.0310418
0.186415
0.38142
0.48269
0.520915
0.531841
0.48581
0.40765
0.319672
0.237566
0.168511
0.114728
0.0761728
0.0511778
0.0485546
0.144603
0.451909
1
1
1
1
1
1
1
1
0.631756
0.52801
0.772091
1
1
1
1
1
1
0.775805
0.453439
0.361988
0.380365
0.398357
0.407952
0.368214
0.227232
0.0667963
0.001
0.001
0.001
0.001
0.001
0.001
0.001
0.001
0.0667963
0.227232
0.368214
0.407952
0.398357
0.380365
0.361988
0.453439
0.775805
1
1
1
1
1
1
0.772091
0.52801
0.631756
1
1
1
1
1
1
1
1
0.451909
0.144603
0.0485546
0.0511778
0.0761728
0.114728
0.168511
0.237566
0.319672
0.40765
0.48581
0.531841
0.520915
0.48269
0.38142
0.186415
0.0310418
0.001
0.001
0.001
0.001
0.001
0.001
0.0491108
0.213086
0.375919
0.46075
0.531975
0.591839
0.600031
0.564028
0.494062
0.407053
0.318574
0.240156
0.177256
0.129257
0.0974221
0.114129
0.313445
0.735712
1
1
1
1
1
1
1
0.887326
0.707737
0.833767
1
1
1
1
1
1
0.834957
0.500862
0.402796
0.422855
0.435768
0.433423
0.383704
0.236222
0.0694676
0.001
0.001
0.001
0.001
0.001
0.001
0.001
0.001
0.0694676
0.236222
0.383704
0.433423
0.435768
0.422855
0.402796
0.500862
0.834957
1
1
1
1
1
1
0.833767
0.707737
0.887326
1
1
1
1
1
1
1
0.735712
0.313445
0.114129
0.0974221
0.129257
0.177256
0.240156
0.318574
0.407053
0.494062
0.564028
0.600031
0.591839
0.531975
0.46075
0.375919
0.213086
0.0491108
0.001
0.001
0.001
0.001
0.001
0.001
0.0653583
0.236869
0.372853
0.434861
0.518327
0.613063
0.681186
0.714893
0.705557
0.658025
0.584027
0.498939
0.418879
0.351496
0.293551
0.250405
0.316569
0.566655
0.973692
1
1
1
1
1
1
1
0.892799
0.931999
1
1
1
1
1
1
0.922113
0.564449
0.452815
0.465934
0.466535
0.448308
0.383836
0.22946
0.064889
0.001
0.001
0.001
0.001
0.001
0.001
0.001
0.001
0.064889
0.22946
0.383836
0.448308
0.466535
0.465934
0.452815
0.564449
0.922113
1
1
1
1
1
1
0.931999
0.892799
1
1
1
1
1
1
1
0.973692
0.566655
0.316569
0.250405
0.293551
0.351496
0.418879
0.498939
0.584027
0.658025
0.705557
0.714893
0.681186
0.613063
0.518327
0.434861
0.372853
0.236869
0.0653583
0.001
0.001
0.001
0.001
0.001
0.001
0.0735725
0.251313
0.378165
0.425372
0.500632
0.599846
0.698328
0.787605
0.848355
0.871497
0.856219
0.816153
0.768589
0.7165
0.646646
0.561593
0.507558
0.577025
0.815368
1
1
1
1
1
1
1
1
1
1
1
1
1
1
1
1
0.639119
0.50932
0.503777
0.486108
0.45121
0.369183
0.207003
0.0529833
0.001
0.001
0.001
0.001
0.001
0.001
0.001
0.001
0.0529833
0.207003
0.369183
0.45121
0.486108
0.503777
0.50932
0.639119
1
1
1
1
1
1
1
1
1
1
1
1
1
1
1
1
0.815368
0.577025
0.507558
0.561593
0.646646
0.7165
0.768589
0.816153
0.856219
0.871497
0.848355
0.787605
0.698328
0.599846
0.500632
0.425372
0.378165
0.251313
0.0735725
0.001
0.001
0.001
0.001
0.001
0.001
0.0665062
0.243194
0.383486
0.433334
0.487063
0.561446
0.643191
0.736306
0.825598
0.897671
0.943427
0.967427
0.965126
0.964719
0.955563
0.930516
0.858191
0.793394
0.83869
1
1
1
1
1
1
1
1
1
1
1
1
1
1
1
1
0.739395
0.575423
0.534181
0.493178
0.442962
0.343863
0.174055
0.0365653
0.001
0.001
0.001
0.001
0.001
0.001
0.001
0.001
0.0365653
0.174055
0.343863
0.442962
0.493178
0.534181
0.575423
0.739395
1
1
1
1
1
1
1
1
1
1
1
1
1
1
1
1
0.83869
0.793394
0.858191
0.930516
0.955563
0.964719
0.965126
0.967427
0.943427
0.897671
0.825598
0.736306
0.643191
0.561446
0.487063
0.433334
0.383486
0.243194
0.0665062
0.001
0.001
0.001
0.001
0.001
0.001
0.0427368
0.202678
0.373421
0.437253
0.455093
0.486029
0.520702
0.571538
0.634922
0.703046
0.76778
0.829672
0.90006
0.954999
1
1
1
1
1
1
1
1
1
1
1
1
1
1
1
1
1
1
1
1
1
0.874621
0.645887
0.553617
0.486517
0.422241
0.30958
0.137509
0.0204501
0.001
0.001
0.001
0.001
0.001
0.001
0.001
0.001
0.0204501
0.137509
0.30958
0.422241
0.486517
0.553617
0.645887
0.874621
1
1
1
1
1
1
1
1
1
1
1
1
1
1
1
1
1
1
1
1
1
0.954999
0.90006
0.829672
0.76778
0.703046
0.634922
0.571538
0.520702
0.486029
0.455093
0.437253
0.373421
0.202678
0.0427368
0.001
0.001
0.001
0.001
0.001
0.001
0.0163968
0.12458
0.290304
0.371945
0.374825
0.368158
0.360027
0.363508
0.381698
0.413027
0.454337
0.504964
0.576361
0.675543
0.790352
0.914139
1
1
1
1
1
1
1
1
1
1
1
1
1
1
1
1
1
1
1
1
0.709929
0.559887
0.46593
0.384777
0.260541
0.0997577
0.00880569
0.001
0.001
0.001
0.001
0.001
0.001
0.001
0.001
0.00880569
0.0997577
0.260541
0.384777
0.46593
0.559887
0.709929
1
1
1
1
1
1
1
1
1
1
1
1
1
1
1
1
1
1
1
1
0.914139
0.790352
0.675543
0.576361
0.504964
0.454337
0.413027
0.381698
0.363508
0.360027
0.368158
0.374825
0.371945
0.290304
0.12458
0.0163968
0.001
0.001
0.001
0.001
0.001
0.001
0.00249817
0.0457468
0.134112
0.210337
0.225374
0.210791
0.191692
0.178911
0.174877
0.179105
0.191028
0.212368
0.247398
0.299915
0.375849
0.499201
0.698978
0.968348
1
1
1
1
1
1
1
1
1
1
1
1
1
1
1
1
1
1
0.784646
0.563228
0.435554
0.331588
0.195108
0.06146
0.00273698
0.001
0.001
0.001
0.001
0.001
0.001
0.001
0.001
0.00273698
0.06146
0.195108
0.331588
0.435554
0.563228
0.784646
1
1
1
1
1
1
1
1
1
1
1
1
1
1
1
1
1
1
0.968348
0.698978
0.499201
0.375849
0.299915
0.247398
0.212368
0.191028
0.179105
0.174877
0.178911
0.191692
0.210791
0.225374
0.210337
0.134112
0.0457468
0.00249817
0.001
0.001
0.001
0.001
0.001
0.001
0.001
0.00453684
0.0258265
0.0553933
0.0705388
0.0669446
0.0596876
0.0546487
0.0527724
0.0533531
0.0555193
0.0587765
0.0646876
0.0798834
0.114925
0.180308
0.30544
0.558539
0.967146
1
1
1
1
1
1
1
1
1
1
1
1
1
1
1
1
1
0.898127
0.571846
0.395963
0.269801
0.128291
0.0290412
0.001
0.001
0.001
0.001
0.001
0.001
0.001
0.001
0.001
0.001
0.0290412
0.128291
0.269801
0.395963
0.571846
0.898127
1
1
1
1
1
1
1
1
1
1
1
1
1
1
1
1
1
0.967146
0.558539
0.30544
0.180308
0.114925
0.0798834
0.0646876
0.0587765
0.0555193
0.0533531
0.0527724
0.0546487
0.0596876
0.0669446
0.0705388
0.0553933
0.0258265
0.00453684
0.001
0.001
0.001
0.001
0.001
0.001
0.001
0.001
0.001
0.001
0.001
0.00170836
0.00210975
0.00205026
0.00197007
0.00208812
0.00247959
0.00329101
0.00490444
0.00815332
0.0142614
0.0235617
0.0363824
0.0777703
0.217267
0.544259
1
1
1
1
1
1
1
1
1
1
1
1
1
1
1
1
1
1
0.577332
0.341999
0.202883
0.0756162
0.00964984
0.001
0.001
0.001
0.001
0.001
0.001
0.001
0.001
0.001
0.001
0.00964984
0.0756162
0.202883
0.341999
0.577332
1
1
1
1
1
1
1
1
1
1
1
1
1
1
1
1
1
1
0.544259
0.217267
0.0777703
0.0363824
0.0235617
0.0142614
0.00815332
0.00490444
0.00329101
0.00247959
0.00208812
0.00197007
0.00205026
0.00210975
0.00170836
0.001
0.001
0.001
0.001
0.001
0.001
0.001
0.001
0.001
0.001
0.001
0.001
0.001
0.001
0.001
0.001
0.001
0.001
0.001
0.001
0.001
0.001
0.001
0.001
0.001
0.00205403
0.0111979
0.0528113
0.227372
0.671769
1
1
1
1
1
1
1
1
1
1
1
1
1
1
1
1
1
0.598443
0.289003
0.137153
0.0389547
0.0022572
0.001
0.001
0.001
0.001
0.001
0.001
0.001
0.001
0.001
0.001
0.0022572
0.0389547
0.137153
0.289003
0.598443
1
1
1
1
1
1
1
1
1
1
1
1
1
1
1
1
1
0.671769
0.227372
0.0528113
0.0111979
0.00205403
0.001
0.001
0.001
0.001
0.001
0.001
0.001
0.001
0.001
0.001
0.001
0.001
0.001
0.001
0.001
0.001
0.001
0.001
0.001
0.001
0.001
0.001
0.001
0.001
0.001
0.001
0.001
0.001
0.001
0.001
0.001
0.001
0.001
0.001
0.001
0.001
0.001
0.001
0.0081708
0.0704776
0.336673
0.937972
1
1
1
1
1
1
1
1
1
1
1
1
1
1
1
1
0.691912
0.277446
0.0895962
0.0163846
0.001
0.001
0.001
0.001
0.001
0.001
0.001
0.001
0.001
0.001
0.001
0.001
0.0163846
0.0895962
0.277446
0.691912
1
1
1
1
1
1
1
1
1
1
1
1
1
1
1
1
0.937972
0.336673
0.0704776
0.0081708
0.001
0.001
0.001
0.001
0.001
0.001
0.001
0.001
0.001
0.001
0.001
0.001
0.001
0.001
0.001
0.001
0.001
0.001
0.001
0.001
0.001
0.001
0.001
0.00116171
0.00733296
0.0206739
0.0264308
0.0170275
0.00509286
0.001
0.001
0.001
0.001
0.001
0.001
0.001
0.001
0.001
0.001
0.001
0.001
0.0129777
0.133199
0.542148
1
1
1
1
1
1
1
1
1
1
1
1
1
1
1
1
0.869897
0.315615
0.0666902
0.00626413
0.001
0.001
0.001
0.00188231
0.00970398
0.0191709
0.0191709
0.00970398
0.00188231
0.001
0.001
0.001
0.00626413
0.0666902
0.315615
0.869897
1
1
1
1
1
1
1
1
1
1
1
1
1
1
1
1
0.542148
0.133199
0.0129777
0.001
0.001
0.001
0.001
0.001
0.001
0.001
0.001
0.001
0.001
0.001
0.001
0.00509286
0.0170275
0.0264308
0.0206739
0.00733296
0.00116171
0.001
0.001
0.001
0.001
0.001
0.00438183
0.038325
0.100733
0.150351
0.150546
0.110041
0.0562781
0.0182572
0.00282687
0.001
0.001
0.001
0.001
0.001
0.001
0.001
0.001
0.001
0.001
0.00143244
0.0348503
0.266323
0.858572
1
1
1
1
1
1
1
1
1
1
1
1
1
1
1
1
0.367976
0.0613634
0.0037131
0.001
0.001
0.00347853
0.0355572
0.0988032
0.155006
0.155006
0.0988032
0.0355572
0.00347853
0.001
0.001
0.0037131
0.0613634
0.367976
1
1
1
1
1
1
1
1
1
1
1
1
1
1
1
1
0.858572
0.266323
0.0348503
0.00143244
0.001
0.001
0.001
0.001
0.001
0.001
0.001
0.001
0.001
0.001
0.00282687
0.0182572
0.0562781
0.110041
0.150546
0.150351
0.100733
0.038325
0.00438183
0.001
0.001
0.001
0.00467153
0.0479047
0.155942
0.282717
0.335615
0.31918
0.259288
0.169911
0.0908179
0.0503363
0.038132
0.0370328
0.039777
0.0425502
0.0434964
0.0422366
0.0391725
0.034825
0.0295699
0.0237431
0.0180902
0.0203732
0.126325
0.491135
1
1
1
1
1
1
1
1
1
1
1
1
1
1
1
1
0.499851
0.104314
0.00532883
0.001
0.00103142
0.0206982
0.110518
0.259943
0.367333
0.367333
0.259943
0.110518
0.0206982
0.00103142
0.001
0.00532883
0.104314
0.499851
1
1
1
1
1
1
1
1
1
1
1
1
1
1
1
1
0.491135
0.126325
0.0203732
0.0180902
0.0237431
0.0295699
0.034825
0.0391725
0.0422366
0.0434964
0.0425502
0.039777
0.0370328
0.038132
0.0503363
0.0908179
0.169911
0.259288
0.31918
0.335615
0.282717
0.155942
0.0479047
0.00467153
0.001
0.00116837
0.0362995
0.145799
0.297686
0.390991
0.425771
0.419823
0.374146
0.298802
0.229511
0.19279
0.186982
0.19825
0.215633
0.231868
0.243449
0.249792
0.251747
0.250326
0.246244
0.240098
0.234505
0.234493
0.271655
0.437154
0.8558
1
1
1
1
1
1
1
1
1
1
1
1
1
1
1
0.655586
0.156357
0.02352
0.0266635
0.0234384
0.0525056
0.175903
0.335656
0.432717
0.432717
0.335656
0.175903
0.0525056
0.0234384
0.0266635
0.02352
0.156357
0.655586
1
1
1
1
1
1
1
1
1
1
1
1
1
1
1
0.8558
0.437154
0.271655
0.234493
0.234505
0.240098
0.246244
0.250326
0.251747
0.249792
0.243449
0.231868
0.215633
0.19825
0.186982
0.19279
0.229511
0.298802
0.374146
0.419823
0.425771
0.390991
0.297686
0.145799
0.0362995
0.00116837
0.00706083
0.0938688
0.265905
0.38926
0.449983
0.509907
0.559908
0.583273
0.592469
0.613612
0.6478
0.68316
0.718053
0.752218
0.784699
0.815084
0.843579
0.870544
0.896095
0.920115
0.942424
0.965925
0.985106
0.999614
1
1
1
1
1
1
1
1
1
1
1
1
1
1
1
1
1
1
1
0.985655
0.262345
0.0639312
0.0992529
0.281003
0.534939
0.72429
0.72429
0.534939
0.281003
0.0992529
0.0639312
0.262345
0.985655
1
1
1
1
1
1
1
1
1
1
1
1
1
1
1
1
1
1
1
0.999614
0.985106
0.965925
0.942424
0.920115
0.896095
0.870544
0.843579
0.815084
0.784699
0.752218
0.718053
0.68316
0.6478
0.613612
0.592469
0.583273
0.559908
0.509907
0.449983
0.38926
0.265905
0.0938688
0.00706083
0.0138146
0.134989
0.331656
0.447815
0.523081
0.629085
0.733887
0.832051
0.931971
1
1
1
1
1
1
1
1
1
1
1
1
1
1
1
1
1
1
1
1
1
1
1
1
1
1
1
1
1
1
1
1
1
1
1
0.533688
0.0927024
0.134072
0.400809
0.851075
1
1
0.851075
0.400809
0.134072
0.0927024
0.533688
1
1
1
1
1
1
1
1
1
1
1
1
1
1
1
1
1
1
1
1
1
1
1
1
1
1
1
1
1
1
1
1
1
1
1
0.931971
0.832051
0.733887
0.629085
0.523081
0.447815
0.331656
0.134989
0.0138146
