0.001
0.001
0.269245
0.987562
0.998535
1
1
1
1
1
1
1
1
1
1
1
1
1
1
1
1
1
1
1
0.392784
0.392467
1
1
1
1
1
1
1
1
1
1
1
1
1
1
1
1
1
1
1
0.998535
0.987562
0.26783
0.001
0.001
0.001
0.001
0.253387
0.748436
0.837763
0.994677
0.888132
0.847186
0.900491
0.918234
0.939318
0.99076
1
1
1
1
1
1
1
1
1
1
1
0.700667
0.207878
0.2078
0.700165
1
1
1
1
1
1
1
1
1
1
1
0.990758
0.939318
0.918236
0.900494
0.847187
0.888132
0.994677
0.837763
0.748435
0.251979
0.001
0.001
0.001
0.001
0.120419
0.294258
0.300699
0.220142
0.238748
0.22934
0.159431
0.14638
0.178044
0.460126
1
1
1
1
1
1
1
1
0.648632
0.0836583
0.0367555
0.0579568
0.0334428
0.033494
0.0580441
0.0368009
0.0833343
0.647083
1
1
1
1
1
1
1
1
0.460951
0.179513
0.148054
0.160594
0.229121
0.237648
0.218781
0.298861
0.292489
0.119715
0.001
0.001
0.001
0.001
0.001
0.001
0.001
0.001
0.001
0.001
0.001
0.001
0.074478
0.640598
1
1
1
1
1
1
1
1
0.401519
0.0227958
0.001
0.001
0.001
0.001
0.001
0.001
0.0226425
0.400546
1
1
1
1
1
1
1
1
0.640081
0.0742117
0.001
0.001
0.001
0.001
0.001
0.001
0.001
0.001
0.001
0.001
0.001
0.001
0.001
0.001
0.001
0.001
0.001
0.001
0.001
0.0407032
0.294377
1
1
1
1
1
1
1
1
1
0.242496
0.00121695
0.001
0.001
0.001
0.001
0.001
0.001
0.00120482
0.241791
1
1
1
1
1
1
1
1
1
0.293993
0.0404951
0.001
0.001
0.001
0.001
0.001
0.001
0.001
0.001
0.001
0.001
0.001
0.001
0.001
0.001
0.001
0.001
0.001
0.00843976
0.165485
0.741405
1
1
1
1
1
1
1
1
0.802079
0.179567
0.001
0.001
0.001
0.001
0.001
0.001
0.001
0.001
0.17877
0.799688
1
1
1
1
1
1
1
1
0.740717
0.164617
0.00819259
0.001
0.001
0.001
0.001
0.001
0.001
0.001
0.001
0.001
0.001
0.001
0.001
0.001
0.093529
0.252937
0.288841
0.241498
0.492356
1
1
1
1
1
1
1
1
1
0.679105
0.137176
0.001
0.001
0.001
0.001
0.001
0.001
0.001
0.001
0.136398
0.676704
1
1
1
1
1
1
1
1
1
0.49245
0.244748
0.279769
0.236173
0.0850201
0.001
0.001
0.001
0.001
0.001
0.001
0.001
0.001
0.001
0.001
0.239401
0.707942
0.788611
0.711106
0.978958
1
1
1
1
1
1
1
1
1
0.739106
0.150264
0.001
0.001
0.001
0.001
0.001
0.001
0.001
0.001
0.149757
0.73715
1
1
1
1
1
1
1
1
1
0.982481
0.721721
0.789698
0.736969
0.227916
0.001
0.001
0.001
0.001
0.001
0.001
0.001
0.001
0.001
0.001
0.228759
0.74085
0.875085
0.984839
1
1
1
1
1
1
0.579518
1
1
1
0.96639
0.214223
0.001
0.001
0.001
0.001
0.001
0.001
0.001
0.001
0.214205
0.965403
1
1
1
0.579761
1
1
1
1
1
1
0.984519
0.875085
0.753368
0.226577
0.001
0.001
0.001
0.001
0.001
0.001
0.001
0.001
0.001
0.001
0.0785056
0.363884
0.812961
1
1
1
1
1
1
0.458568
0.188716
0.644817
1
1
1
0.28058
0.00433925
0.001
0.001
0.001
0.001
0.001
0.001
0.00427854
0.280505
1
1
1
0.644004
0.188497
0.458967
1
1
1
1
1
1
0.811663
0.376443
0.083163
0.001
0.001
0.001
0.001
0.001
0.001
0.001
0.001
0.001
0.001
0.00638228
0.224852
0.669361
1
1
1
1
1
0.625119
0.110251
0.011297
0.34173
1
1
1
0.431989
0.050318
0.001
0.001
0.001
0.001
0.001
0.001
0.0502295
0.431085
1
1
1
0.3409
0.0110729
0.11048
0.625708
1
1
1
1
1
0.672627
0.226906
0.0063239
0.001
0.001
0.001
0.001
0.001
0.001
0.001
0.001
0.001
0.0127142
0.160143
0.545727
1
1
1
1
1
0.885988
0.240704
0.0147484
0.001
0.209926
0.986775
1
1
0.716233
0.13834
0.001
0.001
0.001
0.001
0.001
0.001
0.13803
0.714773
1
1
0.985754
0.209899
0.001
0.0147715
0.240704
0.885888
1
1
1
1
1
0.545698
0.15972
0.0125899
0.001
0.001
0.001
0.001
0.001
0.095444
0.26938
0.358513
0.396684
0.615372
0.964414
1
1
1
1
1
0.493824
0.0652767
0.001
0.001
0.114216
0.690822
1
1
0.871594
0.194923
0.00147907
0.001
0.001
0.001
0.001
0.00152949
0.194443
0.869878
1
1
0.690791
0.114142
0.001
0.001
0.0651976
0.493858
1
1
1
1
1
0.964414
0.61511
0.398732
0.360121
0.269091
0.0946659
0.001
0.001
0.250426
0.757453
0.899837
0.995628
1
1
1
1
1
1
1
0.419723
0.00479634
0.001
0.001
0.0309043
0.404454
1
1
0.909659
0.300421
0.0244196
0.001
0.001
0.001
0.001
0.0247175
0.30097
0.907891
1
1
0.406345
0.0306865
0.001
0.001
0.00476552
0.419772
1
1
1
1
1
1
1
0.995416
0.899875
0.770431
0.247775
0.001
0.001
0.244399
0.731833
0.901327
1
0.936806
0.906406
1
1
1
1
1
0.415382
0.001
0.001
0.001
0.0067359
0.251279
0.8
0.945377
0.828401
0.46639
0.110078
0.00502263
0.001
0.001
0.00463567
0.107244
0.468382
0.825912
0.943087
0.8
0.253394
0.00659101
0.001
0.001
0.001
0.415168
1
1
1
1
1
0.906406
0.936806
1
0.901636
0.749215
0.24141
0.001
0.001
0.0868939
0.246184
0.33321
0.441199
0.619552
0.897607
1
1
1
1
1
0.331931
0.001
0.001
0.001
0.0616134
0.316193
0.8
0.8
0.8
0.792245
0.358475
0.183017
0.0527772
0.0564075
0.182051
0.34884
0.792245
0.8
0.8
0.8
0.316854
0.0613342
0.001
0.001
0.001
0.331663
1
1
1
1
1
0.898565
0.619264
0.443419
0.333871
0.244769
0.0856567
0.001
0.001
0.001
0.001
0.001
0.0336105
0.243715
0.690873
1
1
1
1
1
0.306896
0.0121559
0.001
0.001
0.1721
0.562321
0.660639
0.743307
0.8
0.8
0.730653
0.534258
0.196088
0.215489
0.561638
0.730653
0.8
0.8
0.743307
0.660363
0.563867
0.170695
0.001
0.001
0.0121178
0.306629
1
1
1
1
1
0.690351
0.243452
0.0335751
0.001
0.001
0.001
0.001
0.001
0.001
0.001
0.00259115
0.116004
0.428821
0.782003
0.8
0.770601
0.8
0.758137
0.8
0.40698
0.111573
0.00165261
0.001
0.185546
0.570261
0.599756
0.720535
0.596629
0.710426
0.756644
0.58247
0.222435
0.253816
0.626335
0.756644
0.710426
0.596629
0.720535
0.599836
0.56587
0.183968
0.001
0.001653
0.111564
0.406693
0.8
0.758056
0.8
0.770601
0.8
0.782003
0.428948
0.115612
0.00257144
0.001
0.001
0.001
0.001
0.001
0.001
0.0441391
0.259894
0.706595
0.8
0.8
0.705848
0.701664
0.694181
0.773609
0.596423
0.263802
0.0436288
0.001
0.0784899
0.222017
0.243381
0.151896
0.124367
0.148847
0.211982
0.205287
0.0938749
0.112666
0.236686
0.230624
0.145408
0.124162
0.151171
0.2413
0.220051
0.0778757
0.001
0.0435874
0.263781
0.596423
0.773609
0.694164
0.701664
0.705848
0.8
0.8
0.706595
0.259173
0.043956
0.001
0.001
0.001
0.001
0.001
0.001
0.093842
0.653651
0.8
0.8
0.660168
0.249084
0.412732
0.640188
0.715271
0.788045
0.612137
0.158611
0.001
0.001
0.00202829
0.00261015
0.00210552
0.00121439
0.00195807
0.00226459
0.00172269
0.001
0.001
0.00161734
0.0020924
0.00179382
0.00113968
0.0020897
0.00259632
0.00202287
0.001
0.001
0.158727
0.61221
0.78803
0.715271
0.639911
0.412526
0.248682
0.660168
0.8
0.8
0.653651
0.0936179
0.001
0.001
0.001
0.001
0.001
0.001
0.15026
0.770005
0.781108
0.658156
0.200601
0.067418
0.182979
0.470217
0.668246
0.734403
0.59539
0.19364
0.00124085
0.001
0.001
0.001
0.001
0.001
0.001
0.001
0.001
0.001
0.001
0.001
0.001
0.001
0.001
0.001
0.001
0.001
0.001
0.00124758
0.193935
0.595122
0.734339
0.668246
0.470013
0.182895
0.0673172
0.200351
0.658156
0.781108
0.770005
0.150078
0.001
0.001
0.001
0.001
0.001
0.001
0.141395
0.65184
0.667491
0.173097
0.0386847
0.00102694
0.0441843
0.121394
0.146373
0.183449
0.196783
0.0923032
0.001
0.001
0.001
0.001
0.001
0.001
0.001
0.001
0.001
0.001
0.001
0.001
0.001
0.001
0.001
0.001
0.001
0.001
0.001
0.001
0.0925117
0.197155
0.183676
0.146267
0.121281
0.0441724
0.00102374
0.0386426
0.172943
0.667492
0.65184
0.141264
0.001
0.001
0.001
0.001
0.001
0.001
0.0643434
0.145338
0.12557
0.0365855
0.001
0.001
0.001
0.001
0.00113102
0.00194013
0.00200696
0.00128171
0.001
0.001
0.001
0.001
0.001
0.001
0.001
0.001
0.001
0.001
0.001
0.001
0.001
0.001
0.001
0.001
0.001
0.001
0.001
0.001
0.00128968
0.00201823
0.00195
0.0011357
0.001
0.001
0.001
0.001
0.0365617
0.125476
0.145221
0.0642872
0.001
0.001
0.001
0.001
0.001
0.001
0.001
0.001
0.001
0.001
0.001
0.001
0.001
0.001
0.001
0.001
0.001
0.001
0.001
0.001
0.001
0.001
0.001
0.001
0.001
0.001
0.001
0.001
0.001
0.001
0.001
0.001
0.001
0.001
0.001
0.001
0.001
0.001
0.001
0.001
0.001
0.001
0.001
0.001
0.001
0.001
0.001
0.001
0.001
0.001
0.001
0.001
0.001
0.001
0.001
0.001
0.001
0.001
0.001
0.001
0.001
0.001
0.001
0.001
0.001
0.001
0.001
0.001
0.001
0.001
0.001
0.001
0.001
0.001
0.001
0.001
0.001
0.001
0.001
0.001
0.001
0.001
0.001
0.001
0.001
0.001
0.001
0.001
0.001
0.001
0.001
0.001
0.001
0.001
0.001
0.001
0.001
0.001
0.001
0.001
0.001
0.001
0.001
0.001
0.001
0.001
0.001
0.001
0.001
0.001
0.001
0.001
0.001
0.001
0.001
0.001
0.001
0.001
0.001
0.001
0.001
0.001
0.001
0.001
0.001
0.001
0.001
0.001
0.001
0.001
0.001
0.001
0.001
0.001
0.001
0.001
0.001
0.001
0.001
0.001
0.001
0.001
0.001
0.001
0.001
0.001
0.001
0.001
0.001
0.001
0.001
0.001
0.001
0.001
0.001
0.001
0.001
0.001
0.001
0.001
0.001
0.001
0.001
0.001
0.001
0.001
0.001
0.001
0.001
0.001
0.001
0.001
0.001
0.001
0.001
0.001
0.001
0.001
0.001
0.001
0.001
0.001
0.001
0.001
0.001
0.001
0.001
0.001
0.001
0.001
0.001
0.001
0.001
0.001
0.001
0.001
0.001
0.001
0.001
0.001
0.001
0.001
0.001
0.001
0.001
0.001
0.0643258
0.145302
0.125541
0.0365776
0.001
0.001
0.001
0.001
0.00113615
0.00195036
0.00201832
0.00128948
0.001
0.001
0.001
0.001
0.001
0.001
0.001
0.001
0.001
0.001
0.001
0.001
0.001
0.001
0.001
0.001
0.001
0.001
0.001
0.001
0.00129559
0.00202697
0.00195795
0.00113978
0.001
0.001
0.001
0.001
0.0365712
0.125511
0.145263
0.0643058
0.001
0.001
0.001
0.001
0.001
0.001
0.141353
0.65184
0.667491
0.173041
0.0386652
0.00102603
0.0441818
0.121391
0.146387
0.183718
0.197178
0.0925186
0.001
0.001
0.001
0.001
0.001
0.001
0.001
0.001
0.001
0.001
0.001
0.001
0.001
0.001
0.001
0.001
0.001
0.001
0.001
0.001
0.0927471
0.197604
0.184011
0.146392
0.121372
0.044179
0.00102403
0.038653
0.172993
0.667491
0.65184
0.141306
0.001
0.001
0.001
0.001
0.001
0.001
0.150199
0.770005
0.781108
0.658156
0.200493
0.0673909
0.182983
0.470177
0.668246
0.734329
0.595095
0.193929
0.00124624
0.001
0.001
0.001
0.001
0.001
0.001
0.001
0.001
0.001
0.001
0.001
0.001
0.001
0.001
0.001
0.001
0.001
0.001
0.00125091
0.194288
0.594844
0.734268
0.668246
0.470237
0.182989
0.067347
0.2004
0.658156
0.781108
0.770005
0.150131
0.001
0.001
0.001
0.001
0.001
0.001
0.0937036
0.653651
0.8
0.8
0.660168
0.248927
0.412781
0.640095
0.715271
0.788027
0.612217
0.158711
0.001
0.001
0.00202411
0.00260034
0.00209254
0.00114423
0.00223876
0.00284231
0.00234853
0.00101191
0.001
0.00186301
0.002328
0.00191733
0.00112905
0.00208235
0.00258154
0.0020047
0.001
0.001
0.158894
0.612287
0.788013
0.715271
0.639907
0.412597
0.248727
0.660168
0.8
0.8
0.653651
0.0936759
0.001
0.001
0.001
0.001
0.001
0.001
0.0439828
0.25945
0.706595
0.8
0.8
0.705848
0.701664
0.694156
0.773609
0.596423
0.263705
0.0435786
0.001
0.0782591
0.22107
0.242191
0.151237
0.124342
0.152039
0.203916
0.188609
0.0833586
0.0945109
0.204288
0.20872
0.146313
0.123433
0.151411
0.243242
0.222259
0.0787295
0.001
0.0435605
0.263799
0.596423
0.773609
0.694141
0.701664
0.705848
0.8
0.8
0.706595
0.259364
0.0440017
0.001
0.001
0.001
0.001
0.001
0.001
0.00257743
0.115804
0.428986
0.782003
0.8
0.770601
0.8
0.758058
0.8
0.406849
0.111559
0.00165175
0.001
0.184833
0.568034
0.599858
0.720535
0.596629
0.710426
0.756644
0.575676
0.198114
0.221308
0.559355
0.756644
0.710426
0.596629
0.720535
0.599939
0.571068
0.185874
0.001
0.00165202
0.111616
0.406571
0.8
0.757982
0.8
0.770601
0.8
0.782003
0.429101
0.115726
0.00257631
0.001
0.001
0.001
0.001
0.001
0.001
0.001
0.0337369
0.243813
0.690876
1
1
1
1
1
0.306723
0.0121399
0.001
0.001
0.17141
0.561834
0.660369
0.743307
0.8
0.8
0.730653
0.491185
0.177115
0.194004
0.519409
0.730653
0.8
0.8
0.743307
0.660099
0.562896
0.172146
0.001
0.001
0.0121199
0.30654
1
1
1
1
1
0.690854
0.243658
0.0334686
0.001
0.001
0.001
0.001
0.001
0.0887226
0.250762
0.3379
0.444104
0.619368
0.898772
1
1
1
1
1
0.331772
0.001
0.001
0.001
0.0614736
0.31748
0.8
0.8
0.8
0.792245
0.350013
0.173749
0.0518412
0.0531079
0.177021
0.346603
0.792245
0.8
0.8
0.8
0.316386
0.0614769
0.001
0.001
0.001
0.331581
1
1
1
1
1
0.899672
0.618712
0.443012
0.33302
0.244562
0.0858833
0.001
0.001
0.246204
0.743798
0.901571
1
0.936806
0.906406
1
1
1
1
1
0.415276
0.001
0.001
0.001
0.00673708
0.253948
0.8
0.95057
0.832222
0.466522
0.10789
0.00479675
0.001
0.001
0.00475942
0.106887
0.468482
0.823806
0.941571
0.8
0.251812
0.00655487
0.001
0.001
0.001
0.415055
1
1
1
1
1
0.906406
0.936806
1
0.902162
0.747209
0.242435
0.001
0.001
0.249332
0.773709
0.899965
0.99537
1
1
1
1
1
1
1
0.41979
0.00478833
0.001
0.001
0.0310913
0.407586
1
1
0.912733
0.301687
0.0239952
0.001
0.001
0.001
0.001
0.0243575
0.299201
0.905782
1
1
0.404561
0.0306021
0.001
0.001
0.00479676
0.419563
1
1
1
1
1
1
1
0.995092
0.899977
0.769719
0.249153
0.001
0.001
0.0931184
0.266026
0.358123
0.399401
0.615417
0.964414
1
1
1
1
1
0.4939
0.0652501
0.001
0.001
0.114608
0.69362
1
1
0.874608
0.195668
0.00150819
0.001
0.001
0.001
0.001
0.00150418
0.193956
0.868118
1
1
0.689096
0.113903
0.001
0.001
0.0652892
0.493792
1
1
1
1
1
0.964414
0.615535
0.400292
0.361756
0.270591
0.0954082
0.001
0.001
0.001
0.001
0.001
0.0127354
0.160229
0.546223
1
1
1
1
1
0.885908
0.240686
0.0147712
0.001
0.210607
0.989938
1
1
0.717395
0.138403
0.001
0.001
0.001
0.001
0.001
0.001
0.137666
0.713407
1
1
0.983839
0.209473
0.001
0.0147609
0.240759
0.88607
1
1
1
1
1
0.546707
0.160537
0.0127844
0.001
0.001
0.001
0.001
0.001
0.001
0.001
0.001
0.001
0.00633948
0.22524
0.670022
1
1
1
1
1
0.625171
0.110315
0.0112999
0.342678
1
1
1
0.432368
0.0501609
0.001
0.001
0.001
0.001
0.001
0.001
0.0500977
0.430466
1
1
1
0.34033
0.0111061
0.110352
0.625385
1
1
1
1
1
0.669562
0.224997
0.00644662
0.001
0.001
0.001
0.001
0.001
0.001
0.001
0.001
0.001
0.001
0.0787033
0.363835
0.812986
1
1
1
1
1
1
0.458597
0.188851
0.646306
1
1
1
0.280984
0.0043382
0.001
0.001
0.001
0.001
0.001
0.001
0.00429086
0.280153
1
1
1
0.64289
0.188417
0.45869
1
1
1
1
1
1
0.812005
0.363094
0.0780853
0.001
0.001
0.001
0.001
0.001
0.001
0.001
0.001
0.001
0.001
0.221104
0.741025
0.875085
0.984494
1
1
1
1
1
1
0.579894
1
1
1
0.967978
0.214372
0.001
0.001
0.001
0.001
0.001
0.001
0.001
0.001
0.213993
0.964157
1
1
1
0.579275
1
1
1
1
1
1
0.984975
0.875085
0.740542
0.22695
0.001
0.001
0.001
0.001
0.001
0.001
0.001
0.001
0.001
0.001
0.226417
0.679035
0.788286
0.708468
0.979076
1
1
1
1
1
1
1
1
1
0.739941
0.150222
0.001
0.001
0.001
0.001
0.001
0.001
0.001
0.001
0.149776
0.736635
1
1
1
1
1
1
1
1
1
0.978787
0.710789
0.789572
0.70357
0.237198
0.001
0.001
0.001
0.001
0.001
0.001
0.001
0.001
0.001
0.001
0.0860467
0.238024
0.278577
0.240655
0.492552
1
1
1
1
1
1
1
1
1
0.679418
0.136912
0.001
0.001
0.001
0.001
0.001
0.001
0.001
0.001
0.136638
0.676635
1
1
1
1
1
1
1
1
1
0.491855
0.241332
0.287477
0.251018
0.0925413
0.001
0.001
0.001
0.001
0.001
0.001
0.001
0.001
0.001
0.001
0.001
0.001
0.001
0.00838728
0.165422
0.741517
1
1
1
1
1
1
1
1
0.802242
0.179275
0.001
0.001
0.001
0.001
0.001
0.001
0.001
0.001
0.179064
0.799749
1
1
1
1
1
1
1
1
0.740715
0.165034
0.00834915
0.001
0.001
0.001
0.001
0.001
0.001
0.001
0.001
0.001
0.001
0.001
0.001
0.001
0.001
0.001
0.001
0.001
0.0406913
0.294402
1
1
1
1
1
1
1
1
1
0.242334
0.00120615
0.001
0.001
0.001
0.001
0.001
0.001
0.00121463
0.241978
1
1
1
1
1
1
1
1
1
0.29397
0.0405774
0.001
0.001
0.001
0.001
0.001
0.001
0.001
0.001
0.001
0.001
0.001
0.001
0.001
0.001
0.001
0.001
0.001
0.001
0.001
0.0744532
0.640863
1
1
1
1
1
1
1
1
0.401453
0.0226919
0.001
0.001
0.001
0.001
0.001
0.001
0.0227409
0.400679
1
1
1
1
1
1
1
1
0.639643
0.0742429
0.001
0.001
0.001
0.001
0.001
0.001
0.001
0.001
0.001
0.001
0.001
0.001
0.120313
0.294002
0.300443
0.219969
0.238763
0.229766
0.160353
0.14748
0.179091
0.461089
1
1
1
1
1
1
1
1
0.64864
0.0835155
0.0367697
0.0579855
0.0334598
0.0334262
0.0579281
0.0367351
0.0834802
0.647226
1
1
1
1
1
1
1
1
0.459808
0.178204
0.146624
0.159625
0.229376
0.23867
0.220013
0.300505
0.294064
0.120339
0.001
0.001
0.001
0.001
0.253173
0.748436
0.837763
0.994677
0.888132
0.847199
0.900508
0.918248
0.939318
0.990767
1
1
1
1
1
1
1
1
1
1
1
0.700482
0.20783
0.207725
0.700053
1
1
1
1
1
1
1
1
1
1
1
0.990765
0.939318
0.918251
0.900511
0.847201
0.888132
0.994677
0.837763
0.748435
0.253226
0.001
0.001
0.001
0.001
0.26902
0.987562
0.998535
1
1
1
1
1
1
1
1
1
1
1
1
1
1
1
1
1
1
1
0.392629
0.392465
1
1
1
1
1
1
1
1
1
1
1
1
1
1
1
1
1
1
1
0.998535
0.987562
0.26908
0.001
0.001
