0.001
0.001
0.269022
0.987562
0.998535
1
1
1
1
1
1
1
1
1
1
1
1
1
1
1
1
1
1
1
0.392757
0.392566
1
1
1
1
1
1
1
1
1
1
1
1
1
1
1
1
1
1
1
0.998535
0.987562
0.26901
0.001
0.001
0.001
0.001
0.253176
0.748436
0.837763
0.994677
0.888132
0.847186
0.900491
0.918234
0.939318
0.99076
1
1
1
1
1
1
1
1
1
1
1
0.700797
0.207933
0.207822
0.700327
1
1
1
1
1
1
1
1
1
1
1
0.990758
0.939318
0.918236
0.900494
0.847187
0.888132
0.994677
0.837763
0.748435
0.253157
0.001
0.001
0.001
0.001
0.120312
0.293994
0.30043
0.219948
0.238875
0.230184
0.161132
0.148432
0.180097
0.462009
1
1
1
1
1
1
1
1
0.649051
0.0836171
0.0368152
0.0580592
0.0335029
0.0334737
0.0580093
0.0367845
0.0835536
0.647528
1
1
1
1
1
1
1
1
0.461183
0.179811
0.148148
0.160869
0.229997
0.238778
0.219914
0.300399
0.29397
0.120304
0.001
0.001
0.001
0.001
0.001
0.001
0.001
0.001
0.001
0.001
0.001
0.001
0.0745062
0.641169
1
1
1
1
1
1
1
1
0.401719
0.0227423
0.001
0.001
0.001
0.001
0.001
0.001
0.0227772
0.400907
1
1
1
1
1
1
1
1
0.640061
0.0743753
0.001
0.001
0.001
0.001
0.001
0.001
0.001
0.001
0.001
0.001
0.001
0.001
0.001
0.001
0.001
0.001
0.001
0.001
0.001
0.0407289
0.294555
1
1
1
1
1
1
1
1
1
0.242501
0.00121113
0.001
0.001
0.001
0.001
0.001
0.001
0.00121893
0.24216
1
1
1
1
1
1
1
1
1
0.294204
0.0406598
0.001
0.001
0.001
0.001
0.001
0.001
0.001
0.001
0.001
0.001
0.001
0.001
0.001
0.001
0.001
0.001
0.001
0.00837263
0.165535
0.741883
1
1
1
1
1
1
1
1
0.802771
0.179433
0.001
0.001
0.001
0.001
0.001
0.001
0.001
0.001
0.179221
0.800212
1
1
1
1
1
1
1
1
0.740858
0.165091
0.00832882
0.001
0.001
0.001
0.001
0.001
0.001
0.001
0.001
0.001
0.001
0.001
0.001
0.001
0.0787396
0.224271
0.269897
0.240935
0.493368
1
1
1
1
1
1
1
1
1
0.679922
0.13704
0.001
0.001
0.001
0.001
0.001
0.001
0.001
0.001
0.136755
0.677085
1
1
1
1
1
1
1
1
1
0.492321
0.241405
0.275579
0.233187
0.0836249
0.001
0.001
0.001
0.001
0.001
0.001
0.001
0.001
0.001
0.001
0.213819
0.65629
0.788611
0.708186
0.979929
1
1
1
1
1
1
1
1
1
0.740594
0.150366
0.001
0.001
0.001
0.001
0.001
0.001
0.001
0.001
0.149897
0.737207
1
1
1
1
1
1
1
1
1
0.980122
0.711104
0.788758
0.682688
0.222103
0.001
0.001
0.001
0.001
0.001
0.001
0.001
0.001
0.001
0.001
0.21379
0.73367
0.875085
0.984839
1
1
1
1
1
1
0.580113
1
1
1
0.968885
0.214565
0.001
0.001
0.001
0.001
0.001
0.001
0.001
0.001
0.214165
0.964906
1
1
1
0.579517
1
1
1
1
1
1
0.984519
0.875085
0.73999
0.218832
0.001
0.001
0.001
0.001
0.001
0.001
0.001
0.001
0.001
0.001
0.0789604
0.364442
0.813224
1
1
1
1
1
1
0.458608
0.18889
0.646683
1
1
1
0.281203
0.00434722
0.001
0.001
0.001
0.001
0.001
0.001
0.00429639
0.280396
1
1
1
0.643358
0.188535
0.458669
1
1
1
1
1
1
0.813228
0.36559
0.079079
0.001
0.001
0.001
0.001
0.001
0.001
0.001
0.001
0.001
0.001
0.0062834
0.225535
0.670668
1
1
1
1
1
0.624999
0.110265
0.0112689
0.342927
1
1
1
0.432683
0.0501946
0.001
0.001
0.001
0.001
0.001
0.001
0.0501284
0.430828
1
1
1
0.340574
0.011117
0.110285
0.625156
1
1
1
1
1
0.670219
0.225337
0.00634599
0.001
0.001
0.001
0.001
0.001
0.001
0.001
0.001
0.001
0.0126574
0.160164
0.547036
1
1
1
1
1
0.886003
0.240593
0.0147536
0.001
0.210855
0.991052
1
1
0.718093
0.13856
0.001
0.001
0.001
0.001
0.001
0.001
0.137763
0.71399
1
1
0.984566
0.209585
0.001
0.0147345
0.240581
0.885965
1
1
1
1
1
0.54723
0.160194
0.0126418
0.001
0.001
0.001
0.001
0.001
0.0969245
0.273365
0.362649
0.3991
0.615372
0.964414
1
1
1
1
1
0.494371
0.0652411
0.001
0.001
0.114725
0.694541
1
1
0.875771
0.196024
0.00152451
0.001
0.001
0.001
0.001
0.0014982
0.194068
0.868825
1
1
0.689531
0.113912
0.001
0.001
0.0652132
0.494297
1
1
1
1
1
0.964414
0.61511
0.398228
0.359622
0.269488
0.0951854
0.001
0.001
0.26055
0.769299
0.899837
0.995628
1
1
1
1
1
1
1
0.420352
0.00479543
0.001
0.001
0.0311254
0.408656
1
1
0.913861
0.302581
0.0240304
0.001
0.001
0.001
0.001
0.0243376
0.299262
0.906474
1
1
0.404798
0.0305685
0.001
0.001
0.00477913
0.420256
1
1
1
1
1
1
1
0.995416
0.899875
0.764218
0.254133
0.001
0.001
0.258108
0.766235
0.901327
1
0.936806
0.906406
1
1
1
1
1
0.415663
0.001
0.001
0.001
0.00671
0.254988
0.8
0.951856
0.833408
0.46639
0.10783
0.00475066
0.001
0.001
0.00486997
0.107054
0.468382
0.824311
0.942407
0.8
0.252174
0.00652198
0.001
0.001
0.001
0.415452
1
1
1
1
1
0.906406
0.936806
1
0.901636
0.749922
0.250798
0.001
0.001
0.0934981
0.2608
0.345037
0.444192
0.619552
0.897607
1
1
1
1
1
0.331964
0.001
0.001
0.001
0.0616347
0.318472
0.8
0.8
0.8
0.792245
0.350257
0.174199
0.0520536
0.0535354
0.177498
0.346886
0.792245
0.8
0.8
0.8
0.317127
0.0615863
0.001
0.001
0.001
0.331759
1
1
1
1
1
0.898565
0.619264
0.442484
0.338644
0.253444
0.0904761
0.001
0.001
0.001
0.001
0.001
0.0334782
0.243476
0.6905
1
1
1
1
1
0.306882
0.0121346
0.001
0.001
0.169572
0.563532
0.660639
0.743307
0.8
0.8
0.730653
0.492555
0.177677
0.196549
0.524583
0.730653
0.8
0.8
0.743307
0.660363
0.56416
0.168148
0.001
0.001
0.0120883
0.306723
1
1
1
1
1
0.691289
0.243845
0.0335547
0.001
0.001
0.001
0.001
0.001
0.001
0.001
0.00258794
0.115788
0.428821
0.782003
0.8
0.770601
0.8
0.758137
0.8
0.40698
0.111442
0.00164577
0.001
0.181652
0.560369
0.599756
0.720535
0.596629
0.710426
0.756644
0.576178
0.19856
0.225341
0.568366
0.756644
0.710426
0.596629
0.720535
0.599836
0.554956
0.179237
0.001
0.0016384
0.111341
0.406693
0.8
0.758056
0.8
0.770601
0.8
0.782003
0.428948
0.115865
0.0025835
0.001
0.001
0.001
0.001
0.001
0.001
0.0440962
0.259589
0.706595
0.8
0.8
0.705848
0.701664
0.694181
0.773609
0.596423
0.263567
0.0435729
0.001
0.0765131
0.217388
0.239755
0.151345
0.124275
0.152148
0.20427
0.188906
0.0834362
0.0968475
0.208253
0.211154
0.146033
0.123337
0.151554
0.238237
0.214712
0.0751351
0.001
0.043469
0.263321
0.596423
0.773609
0.694164
0.701664
0.705848
0.8
0.8
0.706595
0.259671
0.0440729
0.001
0.001
0.001
0.001
0.001
0.001
0.0937535
0.653651
0.8
0.8
0.660168
0.2491
0.412732
0.640188
0.715271
0.788045
0.612137
0.158509
0.001
0.001
0.00207542
0.00265242
0.0021217
0.00113379
0.00224437
0.00285785
0.00236651
0.00102399
0.001
0.00177411
0.00224432
0.00187462
0.00112526
0.00215051
0.00269864
0.00211861
0.001
0.001
0.158481
0.61221
0.78803
0.715271
0.639911
0.412526
0.249037
0.660168
0.8
0.8
0.653651
0.0937824
0.001
0.001
0.001
0.001
0.001
0.001
0.150174
0.770005
0.781108
0.658156
0.200512
0.0674702
0.183313
0.471107
0.668246
0.734403
0.59539
0.193546
0.00123789
0.001
0.001
0.001
0.001
0.001
0.001
0.001
0.001
0.001
0.001
0.001
0.001
0.001
0.001
0.001
0.001
0.001
0.001
0.00123749
0.193675
0.595122
0.734339
0.668246
0.471178
0.183369
0.0674518
0.200567
0.658156
0.781108
0.770005
0.150253
0.001
0.001
0.001
0.001
0.001
0.001
0.141348
0.65184
0.667491
0.173046
0.0386759
0.00102808
0.0441941
0.121724
0.1467
0.18341
0.196711
0.092263
0.001
0.001
0.001
0.001
0.001
0.001
0.001
0.001
0.001
0.001
0.001
0.001
0.001
0.001
0.001
0.001
0.001
0.001
0.001
0.001
0.0923856
0.196916
0.183505
0.146676
0.121755
0.0442409
0.00102596
0.0386822
0.173111
0.667492
0.65184
0.141407
0.001
0.001
0.001
0.001
0.001
0.001
0.0643249
0.145302
0.125543
0.0365807
0.001
0.001
0.001
0.001
0.00112896
0.00193706
0.00200381
0.00127959
0.001
0.001
0.001
0.001
0.001
0.001
0.001
0.001
0.001
0.001
0.001
0.001
0.001
0.001
0.001
0.001
0.001
0.001
0.001
0.001
0.00128157
0.00200617
0.00193871
0.00112927
0.001
0.001
0.001
0.001
0.0365924
0.125592
0.145359
0.0643505
0.001
0.001
0.001
0.001
0.001
0.001
0.001
0.001
0.001
0.001
0.001
0.001
0.001
0.001
0.001
0.001
0.001
0.001
0.001
0.001
0.001
0.001
0.001
0.001
0.001
0.001
0.001
0.001
0.001
0.001
0.001
0.001
0.001
0.001
0.001
0.001
0.001
0.001
0.001
0.001
0.001
0.001
0.001
0.001
0.001
0.001
0.001
0.001
0.001
0.001
0.001
0.001
0.001
0.001
0.001
0.001
0.001
0.001
0.001
0.001
0.001
0.001
0.001
0.001
0.001
0.001
0.001
0.001
0.001
0.001
0.001
0.001
0.001
0.001
0.001
0.001
0.001
0.001
0.001
0.001
0.001
0.001
0.001
0.001
0.001
0.001
0.001
0.001
0.001
0.001
0.001
0.001
0.001
0.001
0.001
0.001
0.001
0.001
0.001
0.001
0.001
0.001
0.001
0.001
0.001
0.001
0.001
0.001
0.001
0.001
0.001
0.001
0.001
0.001
0.001
0.001
0.001
0.001
0.001
0.001
0.001
0.001
0.001
0.001
0.001
0.001
0.001
0.001
0.001
0.001
0.001
0.001
0.001
0.001
0.001
0.001
0.001
0.001
0.001
0.001
0.001
0.001
0.001
0.001
0.001
0.001
0.001
0.001
0.001
0.001
0.001
0.001
0.001
0.001
0.001
0.001
0.001
0.001
0.001
0.001
0.001
0.001
0.001
0.001
0.001
0.001
0.001
0.001
0.001
0.001
0.001
0.001
0.001
0.001
0.001
0.001
0.001
0.001
0.001
0.001
0.001
0.001
0.001
0.001
0.001
0.001
0.001
0.001
0.001
0.001
0.001
0.001
0.001
0.001
0.001
0.001
0.001
0.001
0.001
0.001
0.001
0.001
0.001
0.001
0.001
0.001
0.0643479
0.145351
0.125585
0.0365923
0.001
0.001
0.001
0.001
0.00113286
0.00194479
0.00201242
0.00128552
0.001
0.001
0.001
0.001
0.001
0.001
0.001
0.001
0.001
0.001
0.001
0.001
0.001
0.001
0.001
0.001
0.001
0.001
0.001
0.001
0.00128501
0.00201134
0.00194346
0.00113172
0.001
0.001
0.001
0.001
0.0365832
0.125562
0.145326
0.0643361
0.001
0.001
0.001
0.001
0.001
0.001
0.141401
0.65184
0.667491
0.173108
0.0386881
0.00102735
0.0442212
0.121722
0.146686
0.183639
0.197061
0.0924573
0.001
0.001
0.001
0.001
0.001
0.001
0.001
0.001
0.001
0.001
0.001
0.001
0.001
0.001
0.001
0.001
0.001
0.001
0.001
0.001
0.0924772
0.197063
0.183582
0.14671
0.121841
0.0442845
0.00102517
0.0386718
0.17307
0.667491
0.65184
0.141376
0.001
0.001
0.001
0.001
0.001
0.001
0.150245
0.770005
0.781108
0.658156
0.200569
0.0674708
0.183311
0.47101
0.668246
0.734329
0.595095
0.193794
0.00124136
0.001
0.001
0.001
0.001
0.001
0.001
0.001
0.001
0.001
0.001
0.001
0.001
0.001
0.001
0.001
0.001
0.001
0.001
0.00123692
0.193692
0.594844
0.734268
0.668246
0.471117
0.183397
0.0674441
0.200501
0.658156
0.781108
0.770005
0.150222
0.001
0.001
0.001
0.001
0.001
0.001
0.0938379
0.653651
0.8
0.8
0.660168
0.249065
0.412781
0.640095
0.715271
0.788027
0.612217
0.158548
0.001
0.001
0.00216491
0.00275051
0.00218787
0.00114918
0.00173112
0.00195948
0.00147151
0.001
0.001
0.00167811
0.00220043
0.00190568
0.00119084
0.00233242
0.00296873
0.00235778
0.001
0.001
0.158319
0.612287
0.788013
0.715271
0.639907
0.412597
0.248904
0.660168
0.8
0.8
0.653651
0.0937672
0.001
0.001
0.001
0.001
0.001
0.001
0.044162
0.259854
0.706595
0.8
0.8
0.705848
0.701664
0.694156
0.773609
0.596423
0.263286
0.0434682
0.001
0.0734003
0.211583
0.236621
0.152248
0.124264
0.144331
0.240259
0.249903
0.119692
0.0968919
0.209901
0.214249
0.14837
0.12408
0.15341
0.232708
0.203095
0.0683207
0.001
0.0433024
0.2627
0.596423
0.773609
0.694141
0.701664
0.705848
0.8
0.8
0.706595
0.259619
0.0440674
0.001
0.001
0.001
0.001
0.001
0.001
0.00259283
0.115938
0.428986
0.782003
0.8
0.770601
0.8
0.758058
0.8
0.406849
0.111318
0.00163793
0.001
0.176358
0.549195
0.599858
0.720535
0.596629
0.710426
0.756644
0.651322
0.264382
0.228231
0.592358
0.756644
0.710426
0.596629
0.720535
0.599939
0.563238
0.168102
0.001
0.00162466
0.111064
0.406571
0.8
0.757982
0.8
0.770601
0.8
0.782003
0.429101
0.115838
0.00258275
0.001
0.001
0.001
0.001
0.001
0.001
0.001
0.0335139
0.243829
0.691161
1
1
1
1
1
0.306705
0.0120985
0.001
0.001
0.16681
0.564143
0.660369
0.743307
0.8
0.8
0.730653
0.57082
0.220267
0.199956
0.53898
0.730653
0.8
0.8
0.743307
0.660099
0.565707
0.162923
0.001
0.001
0.012032
0.306389
1
1
1
1
1
0.691723
0.243961
0.0334144
0.001
0.001
0.001
0.001
0.001
0.0913807
0.255201
0.339652
0.44192
0.619368
0.898772
1
1
1
1
1
0.331736
0.001
0.001
0.001
0.0620078
0.31863
0.8
0.8
0.8
0.792245
0.345948
0.179852
0.055518
0.0526012
0.183638
0.359039
0.792245
0.8
0.8
0.8
0.321144
0.0628986
0.001
0.001
0.001
0.33135
1
1
1
1
1
0.899672
0.618712
0.440962
0.336563
0.251725
0.0899328
0.001
0.001
0.252414
0.750592
0.901571
1
0.936806
0.906406
1
1
1
1
1
0.415351
0.001
0.001
0.001
0.00658352
0.253194
0.8
0.942053
0.825204
0.466522
0.107461
0.00461238
0.001
0.001
0.00495419
0.110287
0.468482
0.831118
0.948395
0.8
0.253579
0.00676437
0.001
0.001
0.001
0.41506
1
1
1
1
1
0.906406
0.936806
1
0.902162
0.746719
0.249733
0.001
0.001
0.255101
0.763594
0.899965
0.99537
1
1
1
1
1
1
1
0.420114
0.00477709
0.001
0.001
0.0306479
0.40582
1
1
0.907174
0.300822
0.0246104
0.001
0.001
0.001
0.001
0.0248756
0.302613
0.912563
1
1
0.406467
0.0309346
0.001
0.001
0.00474619
0.420188
1
1
1
1
1
1
1
0.995092
0.899977
0.764672
0.253412
0.001
0.001
0.0951768
0.269205
0.359055
0.397718
0.615417
0.964414
1
1
1
1
1
0.494224
0.0652385
0.001
0.001
0.11405
0.690178
1
1
0.869289
0.194375
0.00152092
0.001
0.001
0.001
0.001
0.00151791
0.195829
0.874629
1
1
0.692825
0.114403
0.001
0.001
0.0650813
0.494149
1
1
1
1
1
0.964414
0.615535
0.398294
0.359584
0.269253
0.0951385
0.001
0.001
0.001
0.001
0.001
0.0126725
0.160046
0.546503
1
1
1
1
1
0.886224
0.240784
0.0147845
0.001
0.209757
0.985003
1
1
0.714554
0.138111
0.001
0.001
0.001
0.001
0.001
0.001
0.138784
0.718152
1
1
0.989462
0.210439
0.001
0.0147136
0.240308
0.885283
1
1
1
1
1
0.547624
0.160196
0.0127131
0.001
0.001
0.001
0.001
0.001
0.001
0.001
0.001
0.001
0.00631172
0.225053
0.6696
1
1
1
1
1
0.625802
0.110496
0.0110697
0.340682
1
1
1
0.430923
0.0502976
0.001
0.001
0.001
0.001
0.001
0.001
0.0504405
0.432976
1
1
1
0.342544
0.0113063
0.110167
0.62467
1
1
1
1
1
0.671832
0.226321
0.00635518
0.001
0.001
0.001
0.001
0.001
0.001
0.001
0.001
0.001
0.001
0.0806269
0.369317
0.813914
1
1
1
1
1
1
0.458998
0.188445
0.643618
1
1
1
0.280314
0.00428157
0.001
0.001
0.001
0.001
0.001
0.001
0.00437997
0.281175
1
1
1
0.646117
0.188918
0.458536
1
1
1
1
1
1
0.812105
0.37065
0.0806226
0.001
0.001
0.001
0.001
0.001
0.001
0.001
0.001
0.001
0.001
0.222386
0.743635
0.875085
0.984494
1
1
1
1
1
1
0.579648
1
1
1
0.964936
0.214115
0.001
0.001
0.001
0.001
0.001
0.001
0.001
0.001
0.214598
0.968432
1
1
1
0.580017
1
1
1
1
1
1
0.984975
0.875085
0.744892
0.223142
0.001
0.001
0.001
0.001
0.001
0.001
0.001
0.001
0.001
0.001
0.225411
0.703453
0.788286
0.714668
0.980585
1
1
1
1
1
1
1
1
1
0.736925
0.149757
0.001
0.001
0.001
0.001
0.001
0.001
0.001
0.001
0.150548
0.740668
1
1
1
1
1
1
1
1
1
0.980974
0.716197
0.789572
0.714946
0.226295
0.001
0.001
0.001
0.001
0.001
0.001
0.001
0.001
0.001
0.001
0.0848545
0.235454
0.277638
0.242376
0.4914
1
1
1
1
1
1
1
1
1
0.676556
0.136422
0.001
0.001
0.001
0.001
0.001
0.001
0.001
0.001
0.137393
0.680289
1
1
1
1
1
1
1
1
1
0.492048
0.242701
0.278342
0.236306
0.0851685
0.001
0.001
0.001
0.001
0.001
0.001
0.001
0.001
0.001
0.001
0.001
0.001
0.001
0.00814887
0.164243
0.739971
1
1
1
1
1
1
1
1
0.799545
0.178798
0.001
0.001
0.001
0.001
0.001
0.001
0.001
0.001
0.179793
0.803158
1
1
1
1
1
1
1
1
0.740992
0.164985
0.0082665
0.001
0.001
0.001
0.001
0.001
0.001
0.001
0.001
0.001
0.001
0.001
0.001
0.001
0.001
0.001
0.001
0.001
0.040446
0.293824
1
1
1
1
1
1
1
1
1
0.241809
0.00120758
0.001
0.001
0.001
0.001
0.001
0.001
0.00121972
0.242752
1
1
1
1
1
1
1
1
1
0.294442
0.0406836
0.001
0.001
0.001
0.001
0.001
0.001
0.001
0.001
0.001
0.001
0.001
0.001
0.001
0.001
0.001
0.001
0.001
0.001
0.001
0.0741526
0.639663
1
1
1
1
1
1
1
1
0.400542
0.0226595
0.001
0.001
0.001
0.001
0.001
0.001
0.0228282
0.401906
1
1
1
1
1
1
1
1
0.64105
0.0745296
0.001
0.001
0.001
0.001
0.001
0.001
0.001
0.001
0.001
0.001
0.001
0.001
0.12018
0.293659
0.300075
0.219668
0.23852
0.229791
0.160792
0.148098
0.179606
0.460918
1
1
1
1
1
1
1
1
0.647045
0.0833555
0.0368556
0.058136
0.0335477
0.0334943
0.0580449
0.0368093
0.0837473
0.649228
1
1
1
1
1
1
1
1
0.461668
0.179833
0.148189
0.160826
0.229663
0.23831
0.219437
0.29976
0.293358
0.120063
0.001
0.001
0.001
0.001
0.252907
0.748436
0.837763
0.994677
0.888132
0.847199
0.900508
0.918248
0.939318
0.990767
1
1
1
1
1
1
1
1
1
1
1
0.700381
0.207893
0.20801
0.70108
1
1
1
1
1
1
1
1
1
1
1
0.990765
0.939318
0.918251
0.900511
0.847201
0.888132
0.994677
0.837763
0.748435
0.252676
0.001
0.001
0.001
0.001
0.268765
0.987562
0.998535
1
1
1
1
1
1
1
1
1
1
1
1
1
1
1
1
1
1
1
0.392543
0.39296
1
1
1
1
1
1
1
1
1
1
1
1
1
1
1
1
1
1
1
0.998535
0.987562
0.268533
0.001
0.001
