0.00379532
0.11559
0.424102
0.546257
0.668131
0.777479
0.816118
0.856239
0.88212
0.907619
0.923189
0.930689
1
1
1
1
1
1
1
1
1
1
1
1
0.419324
0.419324
1
1
1
1
1
1
1
1
1
1
1
1
0.930689
0.923189
0.907619
0.88212
0.856239
0.816118
0.777479
0.668131
0.546257
0.424102
0.11559
0.00379532
0.00396828
0.158828
0.422187
0.535912
0.545987
0.534168
0.52818
0.579889
0.617343
0.642058
0.667417
0.698441
0.967852
1
1
1
1
1
1
1
1
1
1
0.728193
0.186164
0.186164
0.728193
1
1
1
1
1
1
1
1
1
1
0.967852
0.698441
0.667417
0.642058
0.617343
0.579889
0.52818
0.534168
0.545987
0.535912
0.422187
0.158828
0.00396828
0.00248797
0.145065
0.380613
0.442294
0.339775
0.206717
0.116856
0.106019
0.113716
0.123716
0.170259
0.389817
0.93739
1
1
1
1
1
1
1
0.9115
0.300412
0.0312822
0.00734488
0.0049615
0.0049615
0.00734488
0.0312822
0.300412
0.9115
1
1
1
1
1
1
1
0.93739
0.389817
0.170259
0.123716
0.113716
0.106019
0.116856
0.206717
0.339775
0.442294
0.380613
0.145065
0.00248797
0.001
0.0626058
0.148625
0.166643
0.103404
0.0420059
0.00472914
0.001
0.001
0.00789151
0.123108
0.582925
1
1
1
1
1
1
1
1
0.745084
0.201554
0.00649393
0.001
0.001
0.001
0.001
0.00649393
0.201554
0.745084
1
1
1
1
1
1
1
1
0.582925
0.123108
0.00789151
0.001
0.001
0.00472914
0.0420059
0.103404
0.166643
0.148625
0.0626058
0.001
0.001
0.001
0.00179843
0.00216056
0.00117338
0.001
0.001
0.001
0.00194998
0.0682668
0.345287
0.966469
1
1
1
1
1
1
1
1
0.528856
0.111286
0.00103539
0.001
0.001
0.001
0.001
0.00103539
0.111286
0.528856
1
1
1
1
1
1
1
1
0.966469
0.345287
0.0682668
0.00194998
0.001
0.001
0.001
0.00117338
0.00216056
0.00179843
0.001
0.001
0.001
0.001
0.001
0.001
0.001
0.001
0.001
0.001
0.027253
0.234414
0.767647
1
1
1
1
1
1
1
1
1
0.432146
0.0776044
0.001
0.001
0.001
0.001
0.001
0.001
0.0776044
0.432146
1
1
1
1
1
1
1
1
1
0.767647
0.234414
0.027253
0.001
0.001
0.001
0.001
0.001
0.001
0.001
0.001
0.001
0.001
0.001
0.001
0.001
0.001
0.001
0.0136617
0.128774
0.557972
1
1
1
1
1
0.764908
0.939077
1
1
1
0.426976
0.0824869
0.001
0.001
0.001
0.001
0.001
0.001
0.0824869
0.426976
1
1
1
0.939077
0.764908
1
1
1
1
1
0.557972
0.128774
0.0136617
0.001
0.001
0.001
0.001
0.001
0.001
0.001
0.001
0.00655608
0.0512897
0.1047
0.112086
0.0819572
0.0632348
0.136043
0.425418
0.987307
1
1
1
1
0.685704
0.480624
0.87964
1
1
1
0.456326
0.0908942
0.001
0.001
0.001
0.001
0.001
0.001
0.0908942
0.456326
1
1
1
0.87964
0.480624
0.685704
1
1
1
1
0.987307
0.425418
0.136043
0.0632348
0.0819572
0.112086
0.1047
0.0512897
0.00655608
0.001
0.001
0.0660469
0.218168
0.36248
0.382462
0.356477
0.329298
0.452005
0.862012
1
1
1
1
0.751417
0.279307
0.266284
0.781857
1
1
1
0.490127
0.0956511
0.001
0.001
0.001
0.001
0.001
0.001
0.0956511
0.490127
1
1
1
0.781857
0.266284
0.279307
0.751417
1
1
1
1
0.862012
0.452005
0.329298
0.356477
0.382462
0.36248
0.218168
0.0660469
0.001
0.00184072
0.158535
0.430065
0.563076
0.594599
0.612312
0.613701
0.775165
1
1
1
1
0.816252
0.313109
0.0651604
0.129379
0.62373
1
1
1
0.512524
0.0975398
0.001
0.001
0.001
0.001
0.001
0.001
0.0975398
0.512524
1
1
1
0.62373
0.129379
0.0651604
0.313109
0.816252
1
1
1
1
0.775165
0.613701
0.612312
0.594599
0.563076
0.430065
0.158535
0.00184072
0.00182979
0.159076
0.431603
0.558966
0.602876
0.634899
0.66009
0.833137
1
1
1
0.864657
0.365864
0.0902837
0.0058082
0.0669835
0.485155
1
1
1
0.51364
0.0983766
0.001
0.001
0.001
0.001
0.001
0.001
0.0983766
0.51364
1
1
1
0.485155
0.0669835
0.0058082
0.0902837
0.365864
0.864657
1
1
1
0.833137
0.66009
0.634899
0.602876
0.558966
0.431603
0.159076
0.00182979
0.001
0.065751
0.210665
0.348468
0.396896
0.475692
0.56031
0.840344
1
1
0.910636
0.41439
0.107691
0.0129467
0.001
0.0472035
0.411736
1
1
1
0.495983
0.0994003
0.001
0.001
0.001
0.001
0.001
0.001
0.0994003
0.495983
1
1
1
0.411736
0.0472035
0.001
0.0129467
0.107691
0.41439
0.910636
1
1
0.840344
0.56031
0.475692
0.396896
0.348468
0.210665
0.065751
0.001
0.001
0.00393197
0.0412745
0.0946955
0.132885
0.239068
0.534726
0.931516
1
0.984317
0.549585
0.147184
0.0155692
0.001
0.001
0.0509323
0.381159
1
1
1
0.470347
0.100728
0.001
0.001
0.001
0.001
0.001
0.001
0.100728
0.470347
1
1
1
0.381159
0.0509323
0.001
0.001
0.0155692
0.147184
0.549585
0.984317
1
0.931516
0.534726
0.239068
0.132885
0.0946955
0.0412745
0.00393197
0.001
0.001
0.001
0.001
0.001
0.0237075
0.198136
0.674337
1
1
0.816539
0.269088
0.0407836
0.001
0.001
0.001
0.0591907
0.37161
0.977863
1
0.996172
0.447707
0.0997991
0.001
0.001
0.001
0.001
0.001
0.001
0.0997991
0.447707
0.996172
1
0.977863
0.37161
0.0591907
0.001
0.001
0.001
0.0407836
0.269088
0.816539
1
1
0.674337
0.198136
0.0237075
0.001
0.001
0.001
0.001
0.001
0.001
0.001
0.00124815
0.0631908
0.33847
0.877212
1
0.971005
0.507668
0.116066
0.00765265
0.001
0.001
0.001
0.0687562
0.375669
0.91545
1
0.932086
0.432605
0.0974193
0.001
0.001
0.001
0.001
0.001
0.001
0.0974193
0.432605
0.932086
1
0.91545
0.375669
0.0687562
0.001
0.001
0.001
0.00765265
0.116066
0.507668
0.971005
1
0.877212
0.33847
0.0631908
0.00124815
0.001
0.001
0.001
0.001
0.001
0.001
0.0396953
0.195408
0.570935
0.965169
1
0.792344
0.270654
0.0403397
0.001
0.001
0.001
0.001
0.0802233
0.395002
0.878463
1
0.904633
0.443447
0.102901
0.001
0.001
0.001
0.001
0.001
0.001
0.102901
0.443447
0.904633
1
0.878463
0.395002
0.0802233
0.001
0.001
0.001
0.001
0.0403397
0.270654
0.792344
1
0.965169
0.570935
0.195408
0.0396953
0.001
0.001
0.001
0.001
0.001
0.0383525
0.190912
0.478804
0.855585
1
0.981645
0.537981
0.136513
0.00844331
0.001
0.001
0.001
0.00156269
0.120564
0.499616
0.945338
1
0.992122
0.586089
0.190009
0.0219051
0.001
0.001
0.001
0.001
0.0219051
0.190009
0.586089
0.992122
1
0.945338
0.499616
0.120564
0.00156269
0.001
0.001
0.001
0.00844331
0.136513
0.537981
0.981645
1
0.855585
0.478804
0.190912
0.0383525
0.001
0.001
0.001
0.00384658
0.118154
0.443592
0.788103
1
1
0.952395
0.513944
0.129204
0.00211363
0.001
0.001
0.001
0.0333763
0.254326
0.702545
0.935406
1
0.954914
0.790853
0.397736
0.0924029
0.00228688
0.001
0.001
0.00228688
0.0924029
0.397736
0.790853
0.954914
1
0.935406
0.702545
0.254326
0.0333763
0.001
0.001
0.001
0.00211363
0.129204
0.513944
0.952395
1
1
0.788103
0.443592
0.118154
0.00384658
0.001
0.001
0.0371169
0.254732
0.682066
0.830638
0.912655
0.904293
0.842297
0.708966
0.266077
0.0360848
0.001
0.001
0.00838865
0.141017
0.521372
0.814664
0.879591
0.867194
0.873482
0.830611
0.675807
0.248903
0.0354377
0.001
0.001
0.0354377
0.248903
0.675807
0.830611
0.873482
0.867194
0.879591
0.814664
0.521372
0.141017
0.00838865
0.001
0.001
0.0360848
0.266077
0.708966
0.842297
0.904293
0.912655
0.830638
0.682066
0.254732
0.0371169
0.001
0.001
0.107679
0.423142
0.752657
0.816705
0.806932
0.751394
0.760713
0.759576
0.447692
0.11567
0.001
0.001
0.0634622
0.312461
0.72385
0.8137
0.778968
0.727242
0.774347
0.803201
0.752327
0.42583
0.108229
0.001
0.001
0.108229
0.42583
0.752327
0.803201
0.774347
0.727242
0.778968
0.8137
0.72385
0.312461
0.0634622
0.001
0.001
0.11567
0.447692
0.759576
0.760713
0.751394
0.806932
0.816705
0.752657
0.423142
0.107679
0.001
0.00404524
0.181852
0.544423
0.824269
0.767563
0.677122
0.532033
0.684078
0.784784
0.581297
0.20548
0.00270349
0.0016446
0.164856
0.509305
0.805511
0.789628
0.633731
0.427595
0.575551
0.761509
0.821365
0.561347
0.197267
0.00264555
0.00264555
0.197267
0.561347
0.821365
0.761509
0.575551
0.427595
0.633731
0.789628
0.805511
0.509305
0.164856
0.0016446
0.00270349
0.20548
0.581297
0.784784
0.684078
0.532033
0.677122
0.767563
0.824269
0.544423
0.181852
0.00404524
0.00648202
0.222626
0.579833
0.716264
0.546418
0.291096
0.182711
0.311774
0.521453
0.480534
0.184809
0.00275382
0.00213077
0.177275
0.47839
0.603947
0.484258
0.265324
0.127073
0.241846
0.454078
0.588112
0.485017
0.185744
0.00276545
0.00276545
0.185744
0.485017
0.588112
0.454078
0.241846
0.127073
0.265324
0.484258
0.603947
0.47839
0.177275
0.00213077
0.00275382
0.184809
0.480534
0.521453
0.311774
0.182711
0.291096
0.546418
0.716264
0.579833
0.222626
0.00648202
0.00436518
0.168136
0.427893
0.435356
0.211063
0.0609658
0.0174348
0.0770356
0.180038
0.181171
0.0747344
0.00105613
0.00104731
0.0787855
0.198374
0.237897
0.15096
0.0559948
0.00672305
0.0503382
0.140475
0.228074
0.195909
0.0803811
0.00110005
0.00110005
0.0803811
0.195909
0.228074
0.140475
0.0503382
0.00672305
0.0559948
0.15096
0.237897
0.198374
0.0787855
0.00104731
0.00105613
0.0747344
0.181171
0.180038
0.0770356
0.0174348
0.0609658
0.211063
0.435356
0.427893
0.168136
0.00436518
0.001
0.060467
0.143617
0.132075
0.0445639
0.00176821
0.001
0.001
0.00286448
0.003044
0.00122393
0.001
0.001
0.00296817
0.0111679
0.0137275
0.00669027
0.001
0.001
0.001
0.00439247
0.00919805
0.00761658
0.00209768
0.001
0.001
0.00209768
0.00761658
0.00919805
0.00439247
0.001
0.001
0.001
0.00669027
0.0137275
0.0111679
0.00296817
0.001
0.001
0.00122393
0.003044
0.00286448
0.001
0.001
0.00176821
0.0445639
0.132075
0.143617
0.060467
0.001
0.001
0.001
0.001
0.001
0.001
0.001
0.001
0.001
0.001
0.001
0.001
0.001
0.001
0.001
0.001
0.001
0.001
0.001
0.001
0.001
0.001
0.001
0.001
0.001
0.001
0.001
0.001
0.001
0.001
0.001
0.001
0.001
0.001
0.001
0.001
0.001
0.001
0.001
0.001
0.001
0.001
0.001
0.001
0.001
0.001
0.001
0.001
0.001
0.001
0.001
0.001
0.001
0.001
0.001
0.001
0.001
0.001
0.001
0.001
0.001
0.001
0.001
0.001
0.001
0.001
0.001
0.001
0.001
0.001
0.001
0.001
0.001
0.001
0.001
0.001
0.001
0.001
0.001
0.001
0.001
0.001
0.001
0.001
0.001
0.001
0.001
0.001
0.001
0.001
0.001
0.001
0.001
0.001
0.001
0.001
0.001
0.001
0.001
0.001
0.001
0.001
0.060467
0.143617
0.132075
0.0445639
0.00176821
0.001
0.001
0.00286448
0.003044
0.00122393
0.001
0.001
0.00296817
0.0111679
0.0137275
0.00669027
0.001
0.001
0.001
0.00439247
0.00919805
0.00761658
0.00209768
0.001
0.001
0.00209768
0.00761658
0.00919805
0.00439247
0.001
0.001
0.001
0.00669027
0.0137275
0.0111679
0.00296817
0.001
0.001
0.00122393
0.003044
0.00286448
0.001
0.001
0.00176821
0.0445639
0.132075
0.143617
0.060467
0.001
0.00436518
0.168136
0.427893
0.435356
0.211063
0.0609658
0.0174348
0.0770356
0.180038
0.181171
0.0747344
0.00105613
0.00104731
0.0787855
0.198374
0.237897
0.15096
0.0559948
0.00672305
0.0503382
0.140475
0.228074
0.195909
0.0803811
0.00110005
0.00110005
0.0803811
0.195909
0.228074
0.140475
0.0503382
0.00672305
0.0559948
0.15096
0.237897
0.198374
0.0787855
0.00104731
0.00105613
0.0747344
0.181171
0.180038
0.0770356
0.0174348
0.0609658
0.211063
0.435356
0.427893
0.168136
0.00436518
0.00648202
0.222626
0.579833
0.716264
0.546418
0.291096
0.182711
0.311774
0.521453
0.480534
0.184809
0.00275382
0.00213077
0.177275
0.47839
0.603947
0.484258
0.265324
0.127073
0.241846
0.454078
0.588112
0.485017
0.185744
0.00276545
0.00276545
0.185744
0.485017
0.588112
0.454078
0.241846
0.127073
0.265324
0.484258
0.603947
0.47839
0.177275
0.00213077
0.00275382
0.184809
0.480534
0.521453
0.311774
0.182711
0.291096
0.546418
0.716264
0.579833
0.222626
0.00648202
0.00404524
0.181852
0.544423
0.824269
0.767563
0.677122
0.532033
0.684078
0.784784
0.581297
0.20548
0.00270349
0.0016446
0.164856
0.509305
0.805511
0.789628
0.633731
0.427595
0.575551
0.761509
0.821365
0.561347
0.197267
0.00264555
0.00264555
0.197267
0.561347
0.821365
0.761509
0.575551
0.427595
0.633731
0.789628
0.805511
0.509305
0.164856
0.0016446
0.00270349
0.20548
0.581297
0.784784
0.684078
0.532033
0.677122
0.767563
0.824269
0.544423
0.181852
0.00404524
0.001
0.107679
0.423142
0.752657
0.816705
0.806932
0.751394
0.760713
0.759576
0.447692
0.11567
0.001
0.001
0.0634622
0.312461
0.72385
0.8137
0.778968
0.727242
0.774347
0.803201
0.752327
0.42583
0.108229
0.001
0.001
0.108229
0.42583
0.752327
0.803201
0.774347
0.727242
0.778968
0.8137
0.72385
0.312461
0.0634622
0.001
0.001
0.11567
0.447692
0.759576
0.760713
0.751394
0.806932
0.816705
0.752657
0.423142
0.107679
0.001
0.001
0.0371169
0.254732
0.682066
0.830638
0.912655
0.904293
0.842297
0.708966
0.266077
0.0360848
0.001
0.001
0.00838865
0.141017
0.521372
0.814664
0.879591
0.867194
0.873482
0.830611
0.675807
0.248903
0.0354377
0.001
0.001
0.0354377
0.248903
0.675807
0.830611
0.873482
0.867194
0.879591
0.814664
0.521372
0.141017
0.00838865
0.001
0.001
0.0360848
0.266077
0.708966
0.842297
0.904293
0.912655
0.830638
0.682066
0.254732
0.0371169
0.001
0.001
0.00384658
0.118154
0.443592
0.788103
1
1
0.952395
0.513944
0.129204
0.00211363
0.001
0.001
0.001
0.0333763
0.254326
0.702545
0.935406
1
0.954914
0.790853
0.397736
0.0924029
0.00228688
0.001
0.001
0.00228688
0.0924029
0.397736
0.790853
0.954914
1
0.935406
0.702545
0.254326
0.0333763
0.001
0.001
0.001
0.00211363
0.129204
0.513944
0.952395
1
1
0.788103
0.443592
0.118154
0.00384658
0.001
0.001
0.001
0.0383525
0.190912
0.478804
0.855585
1
0.981645
0.537981
0.136513
0.00844331
0.001
0.001
0.001
0.00156269
0.120564
0.499616
0.945338
1
0.992122
0.586089
0.190009
0.0219051
0.001
0.001
0.001
0.001
0.0219051
0.190009
0.586089
0.992122
1
0.945338
0.499616
0.120564
0.00156269
0.001
0.001
0.001
0.00844331
0.136513
0.537981
0.981645
1
0.855585
0.478804
0.190912
0.0383525
0.001
0.001
0.001
0.001
0.001
0.0396953
0.195408
0.570935
0.965169
1
0.792344
0.270654
0.0403397
0.001
0.001
0.001
0.001
0.0802233
0.395002
0.878463
1
0.904633
0.443447
0.102901
0.001
0.001
0.001
0.001
0.001
0.001
0.102901
0.443447
0.904633
1
0.878463
0.395002
0.0802233
0.001
0.001
0.001
0.001
0.0403397
0.270654
0.792344
1
0.965169
0.570935
0.195408
0.0396953
0.001
0.001
0.001
0.001
0.001
0.001
0.00124815
0.0631908
0.33847
0.877212
1
0.971005
0.507668
0.116066
0.00765265
0.001
0.001
0.001
0.0687562
0.375669
0.91545
1
0.932086
0.432605
0.0974193
0.001
0.001
0.001
0.001
0.001
0.001
0.0974193
0.432605
0.932086
1
0.91545
0.375669
0.0687562
0.001
0.001
0.001
0.00765265
0.116066
0.507668
0.971005
1
0.877212
0.33847
0.0631908
0.00124815
0.001
0.001
0.001
0.001
0.001
0.001
0.001
0.0237075
0.198136
0.674337
1
1
0.816539
0.269088
0.0407836
0.001
0.001
0.001
0.0591907
0.37161
0.977863
1
0.996172
0.447707
0.0997991
0.001
0.001
0.001
0.001
0.001
0.001
0.0997991
0.447707
0.996172
1
0.977863
0.37161
0.0591907
0.001
0.001
0.001
0.0407836
0.269088
0.816539
1
1
0.674337
0.198136
0.0237075
0.001
0.001
0.001
0.001
0.001
0.00393197
0.0412745
0.0946955
0.132885
0.239068
0.534726
0.931516
1
0.984317
0.549585
0.147184
0.0155692
0.001
0.001
0.0509323
0.381159
1
1
1
0.470347
0.100728
0.001
0.001
0.001
0.001
0.001
0.001
0.100728
0.470347
1
1
1
0.381159
0.0509323
0.001
0.001
0.0155692
0.147184
0.549585
0.984317
1
0.931516
0.534726
0.239068
0.132885
0.0946955
0.0412745
0.00393197
0.001
0.001
0.065751
0.210665
0.348468
0.396896
0.475692
0.56031
0.840344
1
1
0.910636
0.41439
0.107691
0.0129467
0.001
0.0472035
0.411736
1
1
1
0.495983
0.0994003
0.001
0.001
0.001
0.001
0.001
0.001
0.0994003
0.495983
1
1
1
0.411736
0.0472035
0.001
0.0129467
0.107691
0.41439
0.910636
1
1
0.840344
0.56031
0.475692
0.396896
0.348468
0.210665
0.065751
0.001
0.00182979
0.159076
0.431603
0.558966
0.602876
0.634899
0.66009
0.833137
1
1
1
0.864657
0.365864
0.0902837
0.0058082
0.0669835
0.485155
1
1
1
0.51364
0.0983766
0.001
0.001
0.001
0.001
0.001
0.001
0.0983766
0.51364
1
1
1
0.485155
0.0669835
0.0058082
0.0902837
0.365864
0.864657
1
1
1
0.833137
0.66009
0.634899
0.602876
0.558966
0.431603
0.159076
0.00182979
0.00184072
0.158535
0.430065
0.563076
0.594599
0.612312
0.613701
0.775165
1
1
1
1
0.816252
0.313109
0.0651604
0.129379
0.62373
1
1
1
0.512524
0.0975398
0.001
0.001
0.001
0.001
0.001
0.001
0.0975398
0.512524
1
1
1
0.62373
0.129379
0.0651604
0.313109
0.816252
1
1
1
1
0.775165
0.613701
0.612312
0.594599
0.563076
0.430065
0.158535
0.00184072
0.001
0.0660469
0.218168
0.36248
0.382462
0.356477
0.329298
0.452005
0.862012
1
1
1
1
0.751417
0.279307
0.266284
0.781857
1
1
1
0.490127
0.0956511
0.001
0.001
0.001
0.001
0.001
0.001
0.0956511
0.490127
1
1
1
0.781857
0.266284
0.279307
0.751417
1
1
1
1
0.862012
0.452005
0.329298
0.356477
0.382462
0.36248
0.218168
0.0660469
0.001
0.001
0.00655608
0.0512897
0.1047
0.112086
0.0819572
0.0632348
0.136043
0.425418
0.987307
1
1
1
1
0.685704
0.480624
0.87964
1
1
1
0.456326
0.0908942
0.001
0.001
0.001
0.001
0.001
0.001
0.0908942
0.456326
1
1
1
0.87964
0.480624
0.685704
1
1
1
1
0.987307
0.425418
0.136043
0.0632348
0.0819572
0.112086
0.1047
0.0512897
0.00655608
0.001
0.001
0.001
0.001
0.001
0.001
0.001
0.001
0.0136617
0.128774
0.557972
1
1
1
1
1
0.764908
0.939077
1
1
1
0.426976
0.0824869
0.001
0.001
0.001
0.001
0.001
0.001
0.0824869
0.426976
1
1
1
0.939077
0.764908
1
1
1
1
1
0.557972
0.128774
0.0136617
0.001
0.001
0.001
0.001
0.001
0.001
0.001
0.001
0.001
0.001
0.001
0.001
0.001
0.001
0.001
0.027253
0.234414
0.767647
1
1
1
1
1
1
1
1
1
0.432146
0.0776044
0.001
0.001
0.001
0.001
0.001
0.001
0.0776044
0.432146
1
1
1
1
1
1
1
1
1
0.767647
0.234414
0.027253
0.001
0.001
0.001
0.001
0.001
0.001
0.001
0.001
0.001
0.001
0.00179843
0.00216056
0.00117338
0.001
0.001
0.001
0.00194998
0.0682668
0.345287
0.966469
1
1
1
1
1
1
1
1
0.528856
0.111286
0.00103539
0.001
0.001
0.001
0.001
0.00103539
0.111286
0.528856
1
1
1
1
1
1
1
1
0.966469
0.345287
0.0682668
0.00194998
0.001
0.001
0.001
0.00117338
0.00216056
0.00179843
0.001
0.001
0.001
0.0626058
0.148625
0.166643
0.103404
0.0420059
0.00472914
0.001
0.001
0.00789151
0.123108
0.582925
1
1
1
1
1
1
1
1
0.745084
0.201554
0.00649393
0.001
0.001
0.001
0.001
0.00649393
0.201554
0.745084
1
1
1
1
1
1
1
1
0.582925
0.123108
0.00789151
0.001
0.001
0.00472914
0.0420059
0.103404
0.166643
0.148625
0.0626058
0.001
0.00248797
0.145065
0.380613
0.442294
0.339775
0.206717
0.116856
0.106019
0.113716
0.123716
0.170259
0.389817
0.93739
1
1
1
1
1
1
1
0.9115
0.300412
0.0312822
0.00734488
0.0049615
0.0049615
0.00734488
0.0312822
0.300412
0.9115
1
1
1
1
1
1
1
0.93739
0.389817
0.170259
0.123716
0.113716
0.106019
0.116856
0.206717
0.339775
0.442294
0.380613
0.145065
0.00248797
0.00396828
0.158828
0.422187
0.535912
0.545987
0.534168
0.52818
0.579889
0.617343
0.642058
0.667417
0.698441
0.967852
1
1
1
1
1
1
1
1
1
1
0.728193
0.186164
0.186164
0.728193
1
1
1
1
1
1
1
1
1
1
0.967852
0.698441
0.667417
0.642058
0.617343
0.579889
0.52818
0.534168
0.545987
0.535912
0.422187
0.158828
0.00396828
0.00379532
0.11559
0.424102
0.546257
0.668131
0.777479
0.816118
0.856239
0.88212
0.907619
0.923189
0.930689
1
1
1
1
1
1
1
1
1
1
1
1
0.419324
0.419324
1
1
1
1
1
1
1
1
1
1
1
1
0.930689
0.923189
0.907619
0.88212
0.856239
0.816118
0.777479
0.668131
0.546257
0.424102
0.11559
0.00379532
