0.00208912
0.188107
0.624102
0.746257
0.868131
0.977479
1
1
1
1
1
1
1
1
1
1
1
1
1
1
1
1
1
1
0.437118
0.437118
1
1
1
1
1
1
1
1
1
1
1
1
1
1
1
1
1
1
0.977479
0.868131
0.746257
0.624102
0.188107
0.00208912
0.00248294
0.209992
0.603903
0.73875
0.745987
0.734168
0.72818
0.779889
0.817343
0.842058
0.867417
0.907397
1
1
1
1
1
1
1
1
1
1
1
0.755161
0.194619
0.194619
0.755161
1
1
1
1
1
1
1
1
1
1
1
0.907397
0.867417
0.842058
0.817343
0.779889
0.72818
0.734168
0.745987
0.73875
0.603903
0.209992
0.00248294
0.00175091
0.162074
0.457271
0.574645
0.449642
0.271217
0.161453
0.145067
0.149919
0.16281
0.254814
0.540869
1
1
1
1
1
1
1
1
0.956072
0.312997
0.0311117
0.0085991
0.0056633
0.0056633
0.0085991
0.0311117
0.312997
0.956072
1
1
1
1
1
1
1
1
0.540869
0.254814
0.16281
0.149919
0.145067
0.161453
0.271217
0.449642
0.574645
0.457271
0.162074
0.00175091
0.001
0.0630874
0.163094
0.190617
0.115578
0.0387119
0.00269185
0.001
0.001
0.0237029
0.245157
0.828583
1
1
1
1
1
1
1
1
0.776176
0.210188
0.00622583
0.001
0.001
0.001
0.001
0.00622583
0.210188
0.776176
1
1
1
1
1
1
1
1
0.828583
0.245157
0.0237029
0.001
0.001
0.00269185
0.0387119
0.115578
0.190617
0.163094
0.0630874
0.001
0.001
0.001
0.00132087
0.00153091
0.001
0.001
0.001
0.001
0.0161848
0.129763
0.567515
1
1
1
1
1
1
1
1
1
0.551415
0.114067
0.001
0.001
0.001
0.001
0.001
0.001
0.114067
0.551415
1
1
1
1
1
1
1
1
1
0.567515
0.129763
0.0161848
0.001
0.001
0.001
0.001
0.00153091
0.00132087
0.001
0.001
0.001
0.001
0.001
0.001
0.001
0.001
0.001
0.00814368
0.0984706
0.405724
1
1
1
1
1
1
1
1
1
1
0.465369
0.0831311
0.001
0.001
0.001
0.001
0.001
0.001
0.0831311
0.465369
1
1
1
1
1
1
1
1
1
1
0.405724
0.0984706
0.00814368
0.001
0.001
0.001
0.001
0.001
0.001
0.001
0.001
0.001
0.001
0.001
0.001
0.001
0.0010518
0.0503827
0.299188
0.863848
1
1
1
1
1
0.692146
1
1
1
1
0.469717
0.090663
0.001
0.001
0.001
0.001
0.001
0.001
0.090663
0.469717
1
1
1
1
0.692146
1
1
1
1
1
0.863848
0.299188
0.0503827
0.0010518
0.001
0.001
0.001
0.001
0.001
0.001
0.001
0.00631101
0.0586538
0.127654
0.139954
0.0961164
0.0716476
0.193643
0.663253
1
1
1
1
1
0.472158
0.404497
0.961253
1
1
1
0.501921
0.100557
0.001
0.001
0.001
0.001
0.001
0.001
0.100557
0.501921
1
1
1
0.961253
0.404497
0.472158
1
1
1
1
1
0.663253
0.193643
0.0716476
0.0961164
0.139954
0.127654
0.0586538
0.00631101
0.001
0.001
0.0719844
0.261241
0.477604
0.545579
0.490221
0.417664
0.571692
1
1
1
1
1
0.479418
0.113942
0.235837
0.848527
1
1
1
0.53422
0.106006
0.001
0.001
0.001
0.001
0.001
0.001
0.106006
0.53422
1
1
1
0.848527
0.235837
0.113942
0.479418
1
1
1
1
1
0.571692
0.417664
0.490221
0.545579
0.477604
0.261241
0.0719844
0.001
0.0015555
0.171322
0.5165
0.761906
0.794599
0.812312
0.827218
1
1
1
1
1
0.528831
0.122563
0.0105238
0.150644
0.694784
1
1
1
0.555175
0.107741
0.001
0.001
0.001
0.001
0.001
0.001
0.107741
0.555175
1
1
1
0.694784
0.150644
0.0105238
0.122563
0.528831
1
1
1
1
1
0.827218
0.812312
0.794599
0.761906
0.5165
0.171322
0.0015555
0.00152911
0.168165
0.495436
0.737821
0.802876
0.834899
0.907527
1
1
1
1
0.60364
0.149536
0.0147867
0.001
0.086086
0.547401
1
1
1
0.556752
0.108374
0.001
0.001
0.001
0.001
0.001
0.001
0.108374
0.556752
1
1
1
0.547401
0.086086
0.001
0.0147867
0.149536
0.60364
1
1
1
1
0.907527
0.834899
0.802876
0.737821
0.495436
0.168165
0.00152911
0.001
0.0660295
0.217731
0.392277
0.541218
0.675692
0.879939
1
1
1
0.765429
0.226423
0.0250874
0.001
0.001
0.0596449
0.462198
1
1
1
0.539294
0.109418
0.001
0.001
0.001
0.001
0.001
0.001
0.109418
0.539294
1
1
1
0.462198
0.0596449
0.001
0.001
0.0250874
0.226423
0.765429
1
1
1
0.879939
0.675692
0.541218
0.392277
0.217731
0.0660295
0.001
0.001
0.00253431
0.0310353
0.0852218
0.187488
0.42119
0.887608
1
1
1
0.397309
0.0754892
0.00182325
0.001
0.001
0.0612569
0.424252
1
1
1
0.510865
0.110291
0.001
0.001
0.001
0.001
0.001
0.001
0.110291
0.510865
1
1
1
0.424252
0.0612569
0.001
0.001
0.00182325
0.0754892
0.397309
1
1
1
0.887608
0.42119
0.187488
0.0852218
0.0310353
0.00253431
0.001
0.001
0.001
0.001
0.001
0.0699372
0.403097
1
1
1
0.70383
0.185369
0.0165484
0.001
0.001
0.001
0.0667537
0.416683
1
1
1
0.493323
0.108031
0.001
0.001
0.001
0.001
0.001
0.001
0.108031
0.493323
1
1
1
0.416683
0.0667537
0.001
0.001
0.001
0.0165484
0.185369
0.70383
1
1
1
0.403097
0.0699372
0.001
0.001
0.001
0.001
0.001
0.001
0.001
0.00414679
0.115788
0.566941
1
1
1
0.43052
0.0719164
0.001
0.001
0.001
0.001
0.0720065
0.432386
1
1
1
0.493778
0.102617
0.001
0.001
0.001
0.001
0.001
0.001
0.102617
0.493778
1
1
1
0.432386
0.0720065
0.001
0.001
0.001
0.001
0.0719164
0.43052
1
1
1
0.566941
0.115788
0.00414679
0.001
0.001
0.001
0.001
0.001
0.00135251
0.0402676
0.238999
0.757723
1
1
0.78249
0.228528
0.0218844
0.001
0.001
0.001
0.001
0.0771387
0.433145
0.992701
1
1
0.48064
0.0995613
0.00111055
0.001
0.001
0.001
0.001
0.00111055
0.0995613
0.48064
1
1
0.992701
0.433145
0.0771387
0.001
0.001
0.001
0.001
0.0218844
0.228528
0.78249
1
1
0.757723
0.238999
0.0402676
0.00135251
0.001
0.001
0.001
0.001
0.0395772
0.1694
0.438075
0.85832
1
1
0.503947
0.109884
0.00167343
0.001
0.001
0.001
0.00416143
0.105098
0.444354
0.883291
1
0.91594
0.510695
0.165174
0.0263651
0.001
0.001
0.001
0.001
0.0263651
0.165174
0.510695
0.91594
1
0.883291
0.444354
0.105098
0.00416143
0.001
0.001
0.001
0.00167343
0.109884
0.503947
1
1
0.85832
0.438075
0.1694
0.0395772
0.001
0.001
0.001
0.00529309
0.106638
0.352528
0.595005
0.8
0.880029
0.77691
0.398633
0.0940651
0.00331516
0.001
0.001
0.001
0.0362911
0.205348
0.516888
0.741668
0.816497
0.754914
0.590853
0.310351
0.0852178
0.00386016
0.001
0.001
0.00386016
0.0852178
0.310351
0.590853
0.754914
0.816497
0.741668
0.516888
0.205348
0.0362911
0.001
0.001
0.001
0.00331516
0.0940651
0.398633
0.77691
0.880029
0.8
0.595005
0.352528
0.106638
0.00529309
0.001
0.001
0.0426289
0.214153
0.486711
0.630638
0.712655
0.704293
0.642297
0.508966
0.201556
0.0383619
0.001
0.001
0.016422
0.129678
0.391002
0.614664
0.679591
0.667194
0.673482
0.630611
0.47652
0.207684
0.0415647
0.001
0.001
0.0415647
0.207684
0.47652
0.630611
0.673482
0.667194
0.679591
0.614664
0.391002
0.129678
0.016422
0.001
0.001
0.0383619
0.201556
0.508966
0.642297
0.704293
0.712655
0.630638
0.486711
0.214153
0.0426289
0.001
0.00106552
0.106944
0.346961
0.553961
0.616705
0.606932
0.551394
0.560713
0.559576
0.359405
0.110418
0.00117102
0.001
0.0787033
0.287546
0.53593
0.6137
0.578968
0.527242
0.574347
0.603201
0.555867
0.357144
0.111608
0.00112562
0.00112562
0.111608
0.357144
0.555867
0.603201
0.574347
0.527242
0.578968
0.6137
0.53593
0.287546
0.0787033
0.001
0.00117102
0.110418
0.359405
0.559576
0.560713
0.551394
0.606932
0.616705
0.553961
0.346961
0.106944
0.00106552
0.00497368
0.169063
0.453163
0.624269
0.567563
0.477122
0.361938
0.48404
0.623046
0.514232
0.197232
0.00307482
0.00202763
0.182853
0.49451
0.663273
0.589628
0.441823
0.305656
0.410408
0.561509
0.651116
0.503766
0.195738
0.00311924
0.00311924
0.195738
0.503766
0.651116
0.561509
0.410408
0.305656
0.441823
0.589628
0.663273
0.49451
0.182853
0.00202763
0.00307482
0.197232
0.514232
0.623046
0.48404
0.361938
0.477122
0.567563
0.624269
0.453163
0.169063
0.00497368
0.00777363
0.214538
0.531892
0.608963
0.429737
0.224293
0.147084
0.270136
0.480112
0.463645
0.183169
0.00305015
0.00252677
0.191657
0.492238
0.567998
0.414099
0.219371
0.10659
0.205167
0.389197
0.531394
0.46561
0.185157
0.00321851
0.00321851
0.185157
0.46561
0.531394
0.389197
0.205167
0.10659
0.219371
0.414099
0.567998
0.492238
0.191657
0.00252677
0.00305015
0.183169
0.463645
0.480112
0.270136
0.147084
0.224293
0.429737
0.608963
0.531892
0.214538
0.00777363
0.00509089
0.17285
0.433495
0.42761
0.199277
0.0594088
0.0246355
0.0827661
0.184105
0.184169
0.0775173
0.00112937
0.00120089
0.0865693
0.211191
0.244756
0.151338
0.0580338
0.00940982
0.0532794
0.140016
0.22577
0.196298
0.0825347
0.00125959
0.00125959
0.0825347
0.196298
0.22577
0.140016
0.0532794
0.00940982
0.0580338
0.151338
0.244756
0.211191
0.0865693
0.00120089
0.00112937
0.0775173
0.184169
0.184105
0.0827661
0.0246355
0.0594088
0.199277
0.42761
0.433495
0.17285
0.00509089
0.001
0.0652362
0.154308
0.141817
0.0481369
0.00230759
0.001
0.00100535
0.002951
0.0031251
0.00125108
0.001
0.001
0.00324766
0.012353
0.0152602
0.00747327
0.001
0.001
0.001
0.00503255
0.0104623
0.00860635
0.00233902
0.001
0.001
0.00233902
0.00860635
0.0104623
0.00503255
0.001
0.001
0.001
0.00747327
0.0152602
0.012353
0.00324766
0.001
0.001
0.00125108
0.0031251
0.002951
0.00100535
0.001
0.00230759
0.0481369
0.141817
0.154308
0.0652362
0.001
0.001
0.001
0.001
0.001
0.001
0.001
0.001
0.001
0.001
0.001
0.001
0.001
0.001
0.001
0.001
0.001
0.001
0.001
0.001
0.001
0.001
0.001
0.001
0.001
0.001
0.001
0.001
0.001
0.001
0.001
0.001
0.001
0.001
0.001
0.001
0.001
0.001
0.001
0.001
0.001
0.001
0.001
0.001
0.001
0.001
0.001
0.001
0.001
0.001
0.001
0.001
0.001
0.001
0.001
0.001
0.001
0.001
0.001
0.001
0.001
0.001
0.001
0.001
0.001
0.001
0.001
0.001
0.001
0.001
0.001
0.001
0.001
0.001
0.001
0.001
0.001
0.001
0.001
0.001
0.001
0.001
0.001
0.001
0.001
0.001
0.001
0.001
0.001
0.001
0.001
0.001
0.001
0.001
0.001
0.001
0.001
0.001
0.001
0.001
0.001
0.001
0.0652362
0.154308
0.141817
0.0481369
0.00230759
0.001
0.00100535
0.002951
0.0031251
0.00125108
0.001
0.001
0.00324766
0.012353
0.0152602
0.00747327
0.001
0.001
0.001
0.00503255
0.0104623
0.00860635
0.00233902
0.001
0.001
0.00233902
0.00860635
0.0104623
0.00503255
0.001
0.001
0.001
0.00747327
0.0152602
0.012353
0.00324766
0.001
0.001
0.00125108
0.0031251
0.002951
0.00100535
0.001
0.00230759
0.0481369
0.141817
0.154308
0.0652362
0.001
0.00509089
0.17285
0.433495
0.42761
0.199277
0.0594088
0.0246355
0.0827661
0.184105
0.184169
0.0775173
0.00112937
0.00120089
0.0865693
0.211191
0.244756
0.151338
0.0580338
0.00940982
0.0532794
0.140016
0.22577
0.196298
0.0825347
0.00125959
0.00125959
0.0825347
0.196298
0.22577
0.140016
0.0532794
0.00940982
0.0580338
0.151338
0.244756
0.211191
0.0865693
0.00120089
0.00112937
0.0775173
0.184169
0.184105
0.0827661
0.0246355
0.0594088
0.199277
0.42761
0.433495
0.17285
0.00509089
0.00777363
0.214538
0.531892
0.608963
0.429737
0.224293
0.147084
0.270136
0.480112
0.463645
0.183169
0.00305015
0.00252677
0.191657
0.492238
0.567998
0.414099
0.219371
0.10659
0.205167
0.389197
0.531394
0.46561
0.185157
0.00321851
0.00321851
0.185157
0.46561
0.531394
0.389197
0.205167
0.10659
0.219371
0.414099
0.567998
0.492238
0.191657
0.00252677
0.00305015
0.183169
0.463645
0.480112
0.270136
0.147084
0.224293
0.429737
0.608963
0.531892
0.214538
0.00777363
0.00497368
0.169063
0.453163
0.624269
0.567563
0.477122
0.361938
0.48404
0.623046
0.514232
0.197232
0.00307482
0.00202763
0.182853
0.49451
0.663273
0.589628
0.441823
0.305656
0.410408
0.561509
0.651116
0.503766
0.195738
0.00311924
0.00311924
0.195738
0.503766
0.651116
0.561509
0.410408
0.305656
0.441823
0.589628
0.663273
0.49451
0.182853
0.00202763
0.00307482
0.197232
0.514232
0.623046
0.48404
0.361938
0.477122
0.567563
0.624269
0.453163
0.169063
0.00497368
0.00106552
0.106944
0.346961
0.553961
0.616705
0.606932
0.551394
0.560713
0.559576
0.359405
0.110418
0.00117102
0.001
0.0787033
0.287546
0.53593
0.6137
0.578968
0.527242
0.574347
0.603201
0.555867
0.357144
0.111608
0.00112562
0.00112562
0.111608
0.357144
0.555867
0.603201
0.574347
0.527242
0.578968
0.6137
0.53593
0.287546
0.0787033
0.001
0.00117102
0.110418
0.359405
0.559576
0.560713
0.551394
0.606932
0.616705
0.553961
0.346961
0.106944
0.00106552
0.001
0.0426289
0.214153
0.486711
0.630638
0.712655
0.704293
0.642297
0.508966
0.201556
0.0383619
0.001
0.001
0.016422
0.129678
0.391002
0.614664
0.679591
0.667194
0.673482
0.630611
0.47652
0.207684
0.0415647
0.001
0.001
0.0415647
0.207684
0.47652
0.630611
0.673482
0.667194
0.679591
0.614664
0.391002
0.129678
0.016422
0.001
0.001
0.0383619
0.201556
0.508966
0.642297
0.704293
0.712655
0.630638
0.486711
0.214153
0.0426289
0.001
0.001
0.00529309
0.106638
0.352528
0.595005
0.8
0.880029
0.77691
0.398633
0.0940651
0.00331516
0.001
0.001
0.001
0.0362911
0.205348
0.516888
0.741668
0.816497
0.754914
0.590853
0.310351
0.0852178
0.00386016
0.001
0.001
0.00386016
0.0852178
0.310351
0.590853
0.754914
0.816497
0.741668
0.516888
0.205348
0.0362911
0.001
0.001
0.001
0.00331516
0.0940651
0.398633
0.77691
0.880029
0.8
0.595005
0.352528
0.106638
0.00529309
0.001
0.001
0.001
0.0395772
0.1694
0.438075
0.85832
1
1
0.503947
0.109884
0.00167343
0.001
0.001
0.001
0.00416143
0.105098
0.444354
0.883291
1
0.91594
0.510695
0.165174
0.0263651
0.001
0.001
0.001
0.001
0.0263651
0.165174
0.510695
0.91594
1
0.883291
0.444354
0.105098
0.00416143
0.001
0.001
0.001
0.00167343
0.109884
0.503947
1
1
0.85832
0.438075
0.1694
0.0395772
0.001
0.001
0.001
0.001
0.00135251
0.0402676
0.238999
0.757723
1
1
0.78249
0.228528
0.0218844
0.001
0.001
0.001
0.001
0.0771387
0.433145
0.992701
1
1
0.48064
0.0995613
0.00111055
0.001
0.001
0.001
0.001
0.00111055
0.0995613
0.48064
1
1
0.992701
0.433145
0.0771387
0.001
0.001
0.001
0.001
0.0218844
0.228528
0.78249
1
1
0.757723
0.238999
0.0402676
0.00135251
0.001
0.001
0.001
0.001
0.001
0.00414679
0.115788
0.566941
1
1
1
0.43052
0.0719164
0.001
0.001
0.001
0.001
0.0720065
0.432386
1
1
1
0.493778
0.102617
0.001
0.001
0.001
0.001
0.001
0.001
0.102617
0.493778
1
1
1
0.432386
0.0720065
0.001
0.001
0.001
0.001
0.0719164
0.43052
1
1
1
0.566941
0.115788
0.00414679
0.001
0.001
0.001
0.001
0.001
0.001
0.001
0.0699372
0.403097
1
1
1
0.70383
0.185369
0.0165484
0.001
0.001
0.001
0.0667537
0.416683
1
1
1
0.493323
0.108031
0.001
0.001
0.001
0.001
0.001
0.001
0.108031
0.493323
1
1
1
0.416683
0.0667537
0.001
0.001
0.001
0.0165484
0.185369
0.70383
1
1
1
0.403097
0.0699372
0.001
0.001
0.001
0.001
0.001
0.00253431
0.0310353
0.0852218
0.187488
0.42119
0.887608
1
1
1
0.397309
0.0754892
0.00182325
0.001
0.001
0.0612569
0.424252
1
1
1
0.510865
0.110291
0.001
0.001
0.001
0.001
0.001
0.001
0.110291
0.510865
1
1
1
0.424252
0.0612569
0.001
0.001
0.00182325
0.0754892
0.397309
1
1
1
0.887608
0.42119
0.187488
0.0852218
0.0310353
0.00253431
0.001
0.001
0.0660295
0.217731
0.392277
0.541218
0.675692
0.879939
1
1
1
0.765429
0.226423
0.0250874
0.001
0.001
0.0596449
0.462198
1
1
1
0.539294
0.109418
0.001
0.001
0.001
0.001
0.001
0.001
0.109418
0.539294
1
1
1
0.462198
0.0596449
0.001
0.001
0.0250874
0.226423
0.765429
1
1
1
0.879939
0.675692
0.541218
0.392277
0.217731
0.0660295
0.001
0.00152911
0.168165
0.495436
0.737821
0.802876
0.834899
0.907527
1
1
1
1
0.60364
0.149536
0.0147867
0.001
0.086086
0.547401
1
1
1
0.556752
0.108374
0.001
0.001
0.001
0.001
0.001
0.001
0.108374
0.556752
1
1
1
0.547401
0.086086
0.001
0.0147867
0.149536
0.60364
1
1
1
1
0.907527
0.834899
0.802876
0.737821
0.495436
0.168165
0.00152911
0.0015555
0.171322
0.5165
0.761906
0.794599
0.812312
0.827218
1
1
1
1
1
0.528831
0.122563
0.0105238
0.150644
0.694784
1
1
1
0.555175
0.107741
0.001
0.001
0.001
0.001
0.001
0.001
0.107741
0.555175
1
1
1
0.694784
0.150644
0.0105238
0.122563
0.528831
1
1
1
1
1
0.827218
0.812312
0.794599
0.761906
0.5165
0.171322
0.0015555
0.001
0.0719844
0.261241
0.477604
0.545579
0.490221
0.417664
0.571692
1
1
1
1
1
0.479418
0.113942
0.235837
0.848527
1
1
1
0.53422
0.106006
0.001
0.001
0.001
0.001
0.001
0.001
0.106006
0.53422
1
1
1
0.848527
0.235837
0.113942
0.479418
1
1
1
1
1
0.571692
0.417664
0.490221
0.545579
0.477604
0.261241
0.0719844
0.001
0.001
0.00631101
0.0586538
0.127654
0.139954
0.0961164
0.0716476
0.193643
0.663253
1
1
1
1
1
0.472158
0.404497
0.961253
1
1
1
0.501921
0.100557
0.001
0.001
0.001
0.001
0.001
0.001
0.100557
0.501921
1
1
1
0.961253
0.404497
0.472158
1
1
1
1
1
0.663253
0.193643
0.0716476
0.0961164
0.139954
0.127654
0.0586538
0.00631101
0.001
0.001
0.001
0.001
0.001
0.001
0.001
0.0010518
0.0503827
0.299188
0.863848
1
1
1
1
1
0.692146
1
1
1
1
0.469717
0.090663
0.001
0.001
0.001
0.001
0.001
0.001
0.090663
0.469717
1
1
1
1
0.692146
1
1
1
1
1
0.863848
0.299188
0.0503827
0.0010518
0.001
0.001
0.001
0.001
0.001
0.001
0.001
0.001
0.001
0.001
0.001
0.001
0.001
0.00814368
0.0984706
0.405724
1
1
1
1
1
1
1
1
1
1
0.465369
0.0831311
0.001
0.001
0.001
0.001
0.001
0.001
0.0831311
0.465369
1
1
1
1
1
1
1
1
1
1
0.405724
0.0984706
0.00814368
0.001
0.001
0.001
0.001
0.001
0.001
0.001
0.001
0.001
0.00132087
0.00153091
0.001
0.001
0.001
0.001
0.0161848
0.129763
0.567515
1
1
1
1
1
1
1
1
1
0.551415
0.114067
0.001
0.001
0.001
0.001
0.001
0.001
0.114067
0.551415
1
1
1
1
1
1
1
1
1
0.567515
0.129763
0.0161848
0.001
0.001
0.001
0.001
0.00153091
0.00132087
0.001
0.001
0.001
0.0630874
0.163094
0.190617
0.115578
0.0387119
0.00269185
0.001
0.001
0.0237029
0.245157
0.828583
1
1
1
1
1
1
1
1
0.776176
0.210188
0.00622583
0.001
0.001
0.001
0.001
0.00622583
0.210188
0.776176
1
1
1
1
1
1
1
1
0.828583
0.245157
0.0237029
0.001
0.001
0.00269185
0.0387119
0.115578
0.190617
0.163094
0.0630874
0.001
0.00175091
0.162074
0.457271
0.574645
0.449642
0.271217
0.161453
0.145067
0.149919
0.16281
0.254814
0.540869
1
1
1
1
1
1
1
1
0.956072
0.312997
0.0311117
0.0085991
0.0056633
0.0056633
0.0085991
0.0311117
0.312997
0.956072
1
1
1
1
1
1
1
1
0.540869
0.254814
0.16281
0.149919
0.145067
0.161453
0.271217
0.449642
0.574645
0.457271
0.162074
0.00175091
0.00248294
0.209992
0.603903
0.73875
0.745987
0.734168
0.72818
0.779889
0.817343
0.842058
0.867417
0.907397
1
1
1
1
1
1
1
1
1
1
1
0.755161
0.194619
0.194619
0.755161
1
1
1
1
1
1
1
1
1
1
1
0.907397
0.867417
0.842058
0.817343
0.779889
0.72818
0.734168
0.745987
0.73875
0.603903
0.209992
0.00248294
0.00208912
0.188107
0.624102
0.746257
0.868131
0.977479
1
1
1
1
1
1
1
1
1
1
1
1
1
1
1
1
1
1
0.437118
0.437118
1
1
1
1
1
1
1
1
1
1
1
1
1
1
1
1
1
1
0.977479
0.868131
0.746257
0.624102
0.188107
0.00208912
