0.001
0.001
0.163819
0.787562
0.798535
0.8
0.8
0.918516
0.959364
0.969436
0.972562
0.988426
1
1
1
1
1
1
1
1
1
1
1
1
0.37692
0.377121
1
1
1
1
1
1
1
1
1
1
1
1
0.987035
0.971179
0.968003
0.957909
0.917119
0.8
0.8
0.798535
0.787562
0.16371
0.001
0.001
0.001
0.001
0.170377
0.548436
0.637763
0.794677
0.688132
0.647186
0.700491
0.718234
0.739318
0.79076
1
1
1
1
1
1
1
1
1
1
1
0.666959
0.196381
0.196353
0.667108
1
1
1
1
1
1
1
1
1
1
1
0.790758
0.739318
0.718236
0.700494
0.647187
0.688132
0.794677
0.637763
0.548435
0.170257
0.001
0.001
0.001
0.001
0.087844
0.197925
0.183145
0.110236
0.128944
0.149329
0.131534
0.129993
0.153263
0.420605
1
1
1
1
1
1
1
1
0.625458
0.0818436
0.0325168
0.0508966
0.029329
0.029225
0.0507192
0.0324195
0.0822495
0.626021
1
1
1
1
1
1
1
1
0.419374
0.152268
0.129081
0.130781
0.148897
0.12874
0.11014
0.183014
0.19779
0.0877855
0.001
0.001
0.001
0.001
0.001
0.00112588
0.00108917
0.001
0.001
0.001
0.001
0.001
0.072074
0.611422
1
1
1
1
1
1
1
1
0.384472
0.0229709
0.001
0.001
0.001
0.001
0.001
0.001
0.023235
0.384993
1
1
1
1
1
1
1
1
0.610476
0.071854
0.001
0.001
0.001
0.001
0.001
0.00109355
0.00113064
0.001
0.001
0.001
0.001
0.001
0.001
0.001
0.001
0.001
0.001
0.001
0.001
0.0391244
0.281681
1
1
1
1
1
1
1
1
0.95209
0.22892
0.00130042
0.001
0.001
0.001
0.001
0.001
0.001
0.00132634
0.229496
0.950955
1
1
1
1
1
1
1
1
0.281158
0.0388894
0.001
0.001
0.001
0.001
0.001
0.001
0.001
0.001
0.001
0.001
0.001
0.001
0.001
0.001
0.001
0.001
0.001
0.00598023
0.158673
0.713559
1
1
1
1
1
1
1
1
0.767337
0.17217
0.001
0.001
0.001
0.001
0.001
0.001
0.001
0.001
0.173007
0.767873
1
1
1
1
1
1
1
1
0.712827
0.158114
0.00593406
0.001
0.001
0.001
0.001
0.001
0.001
0.001
0.001
0.001
0.001
0.001
0.001
0.001
0.0863438
0.204815
0.207116
0.182862
0.479516
1
1
1
1
1
1
1
1
1
0.653367
0.136188
0.001
0.001
0.001
0.001
0.001
0.001
0.001
0.001
0.137039
0.6537
1
1
1
1
1
1
1
1
1
0.480218
0.187997
0.200411
0.187061
0.0754858
0.001
0.001
0.001
0.001
0.001
0.001
0.001
0.001
0.001
0.001
0.204374
0.53769
0.589987
0.541134
0.9484
1
1
1
1
1
0.99606
1
1
1
0.68136
0.137568
0.001
0.001
0.001
0.001
0.001
0.001
0.001
0.001
0.137687
0.679789
1
1
1
0.994474
1
1
1
1
1
0.949124
0.549618
0.589698
0.528407
0.189402
0.001
0.001
0.001
0.001
0.001
0.001
0.001
0.001
0.001
0.001
0.182473
0.553985
0.675085
0.784839
1
1
1
1
1
0.965597
0.52803
0.901026
1
1
0.860267
0.186513
0.001
0.001
0.001
0.001
0.001
0.001
0.001
0.001
0.185452
0.855187
1
1
0.894047
0.526965
0.966161
1
1
1
1
1
0.784519
0.675085
0.537039
0.179323
0.001
0.001
0.001
0.001
0.001
0.001
0.001
0.001
0.001
0.001
0.0555664
0.225705
0.612961
0.873298
1
1
1
1
1
0.432698
0.164357
0.580265
1
1
0.971487
0.252711
0.00532793
0.001
0.001
0.001
0.001
0.001
0.001
0.00545208
0.251243
0.964432
1
1
0.576395
0.164034
0.432851
1
1
1
1
1
0.871039
0.611663
0.236216
0.0614497
0.001
0.001
0.001
0.001
0.001
0.001
0.001
0.001
0.001
0.001
0.0096404
0.162601
0.550344
1
1
1
1
1
0.594393
0.107325
0.0128195
0.315926
1
1
1
0.399134
0.0497943
0.001
0.001
0.001
0.001
0.001
0.001
0.0498394
0.397416
1
1
1
0.313915
0.0129532
0.10731
0.594344
1
1
1
1
1
0.546646
0.160439
0.00969176
0.001
0.001
0.001
0.001
0.001
0.001
0.001
0.00139132
0.00237146
0.0185125
0.124212
0.382814
0.8
1
1
1
1
0.827583
0.227863
0.01451
0.001
0.185996
0.885586
1
1
0.64771
0.129481
0.001
0.001
0.001
0.001
0.001
0.001
0.1289
0.643425
1
1
0.877535
0.184198
0.001
0.0145133
0.227827
0.827481
1
1
1
1
0.8
0.381913
0.124145
0.0184941
0.00233017
0.00133638
0.001
0.001
0.001
0.0708205
0.190813
0.240322
0.262039
0.415372
0.764414
0.828193
0.986654
1
1
0.982277
0.434868
0.0638687
0.001
0.001
0.103544
0.628245
1
1
0.805866
0.191092
0.001
0.001
0.001
0.001
0.001
0.001
0.189446
0.798467
1
1
0.62136
0.102639
0.001
0.001
0.0638087
0.43467
0.982234
1
1
0.98669
0.827811
0.764414
0.41511
0.261584
0.238011
0.187878
0.0694568
0.001
0.001
0.193032
0.565772
0.699837
0.795628
0.8
0.8
0.8
0.851273
0.959313
0.974915
0.8
0.288943
0.00797182
0.001
0.001
0.0321699
0.441683
1
1
1
0.397494
0.0208892
0.001
0.001
0.001
0.001
0.0212409
0.391171
1
1
1
0.433948
0.032207
0.001
0.001
0.00792977
0.288679
0.8
0.97489
0.959294
0.851205
0.8
0.8
0.8
0.795416
0.699875
0.566538
0.196891
0.001
0.001
0.193808
0.5576
0.701327
0.8
0.736806
0.706406
0.8
0.8
0.811449
0.803558
0.8
0.227921
0.00271807
0.001
0.001
0.00400164
0.360384
1
1
1
0.66639
0.142061
0.00190709
0.001
0.001
0.002256
0.142226
0.668382
1
1
1
0.353199
0.00409606
0.001
0.001
0.00270203
0.227618
0.8
0.803473
0.811364
0.8
0.8
0.706406
0.736806
0.8
0.701636
0.563483
0.202558
0.001
0.001
0.0718947
0.18885
0.237092
0.286362
0.419552
0.697607
0.8
0.8
0.8
0.8
0.8
0.176762
0.00194503
0.001
0.001
0.0721541
0.47108
1
1
1
0.992245
0.533506
0.218749
0.0535266
0.045614
0.200883
0.517571
0.992245
1
1
1
0.467892
0.0726033
0.001
0.001
0.00193302
0.176572
0.8
0.8
0.8
0.8
0.8
0.698565
0.419264
0.285377
0.242252
0.198404
0.0774406
0.001
0.001
0.001
0.00101856
0.00275698
0.0317599
0.296401
0.847248
1
1
0.951861
1
0.886533
0.270266
0.00999846
0.001
0.001
0.202082
0.762811
0.860639
0.943307
1
1
0.930653
0.691097
0.225154
0.207628
0.638745
0.930653
1
1
0.943307
0.860363
0.764018
0.197374
0.001
0.001
0.00992827
0.270032
0.886454
1
0.951783
1
1
0.848259
0.296969
0.0317784
0.00271493
0.001
0.001
0.001
0.001
0.001
0.001
0.001
0.144853
0.628821
0.982003
1
0.970601
1
0.958137
1
0.60698
0.166361
0.001
0.001
0.212981
0.746967
0.799756
0.920535
0.796629
0.910426
0.956644
0.784214
0.27826
0.258174
0.734355
0.956644
0.910426
0.796629
0.920535
0.799836
0.738111
0.204349
0.001
0.001
0.1661
0.606693
1
0.958056
1
0.970601
1
0.982003
0.628948
0.145044
0.001
0.001
0.001
0.001
0.001
0.001
0.001
0.0662873
0.415143
0.906595
1
1
0.905848
0.901664
0.894181
0.973609
0.796423
0.427092
0.06528
0.001
0.0861122
0.282315
0.350438
0.272695
0.252345
0.283692
0.34491
0.299337
0.129736
0.119569
0.274994
0.323574
0.284569
0.253331
0.274515
0.34473
0.272427
0.081207
0.001
0.0650933
0.426453
0.796423
0.973609
0.894164
0.901664
0.905848
1
1
0.906595
0.415554
0.0663502
0.001
0.001
0.001
0.001
0.001
0.001
0.159783
0.853651
1
1
0.860168
0.403654
0.612732
0.840188
0.915271
0.988045
0.812137
0.248065
0.001
0.001
0.001
0.001
0.001
0.001
0.001
0.001
0.001
0.001
0.001
0.001
0.001
0.001
0.001
0.001
0.001
0.001
0.001
0.001
0.247762
0.81221
0.98803
0.915271
0.839911
0.612526
0.403709
0.860168
1
1
0.853651
0.159932
0.001
0.001
0.001
0.001
0.001
0.001
0.266069
0.970005
0.981108
0.858156
0.354799
0.0961964
0.204039
0.659614
0.868246
0.934403
0.79539
0.303383
0.001
0.001
0.001
0.001
0.001
0.001
0.001
0.001
0.001
0.001
0.001
0.001
0.001
0.001
0.001
0.001
0.001
0.001
0.001
0.001
0.303204
0.795122
0.934339
0.868246
0.6598
0.204174
0.0962204
0.354989
0.858156
0.981108
0.970005
0.266264
0.001
0.001
0.001
0.001
0.001
0.001
0.249085
0.85184
0.867491
0.304448
0.0663125
0.001
0.0341664
0.138
0.224517
0.317452
0.315132
0.14289
0.001
0.001
0.001
0.001
0.001
0.001
0.001
0.001
0.001
0.001
0.001
0.001
0.001
0.001
0.001
0.001
0.001
0.001
0.001
0.001
0.14288
0.315067
0.317318
0.224528
0.138134
0.0342581
0.001
0.0663405
0.304602
0.867492
0.85184
0.249232
0.001
0.001
0.001
0.001
0.001
0.001
0.112645
0.254
0.218524
0.0626363
0.001
0.001
0.001
0.001
0.001
0.001
0.001
0.001
0.001
0.001
0.001
0.001
0.001
0.001
0.001
0.001
0.001
0.001
0.001
0.001
0.001
0.001
0.001
0.001
0.001
0.001
0.001
0.001
0.001
0.001
0.001
0.001
0.001
0.001
0.001
0.001
0.0626607
0.218631
0.254135
0.112708
0.001
0.001
0.001
0.001
0.001
0.001
0.001
0.001
0.001
0.001
0.001
0.001
0.001
0.001
0.001
0.001
0.001
0.001
0.001
0.001
0.001
0.001
0.001
0.001
0.001
0.001
0.001
0.001
0.001
0.001
0.001
0.001
0.001
0.001
0.001
0.001
0.001
0.001
0.001
0.001
0.001
0.001
0.001
0.001
0.001
0.001
0.001
0.001
0.001
0.001
0.001
0.001
0.001
0.001
0.001
0.001
0.001
0.001
0.001
0.001
0.001
0.001
0.001
0.001
0.001
0.001
0.001
0.001
0.001
0.001
0.001
0.001
0.001
0.001
0.001
0.001
0.001
0.001
0.001
0.001
0.001
0.001
0.001
0.001
0.001
0.001
0.001
0.001
0.001
0.001
0.001
0.001
0.001
0.001
0.001
0.001
0.001
0.001
0.001
0.001
0.001
0.001
0.001
0.001
0.001
0.001
0.001
0.001
0.001
0.001
0.001
0.001
0.001
0.001
0.001
0.001
0.001
0.001
0.001
0.001
0.001
0.001
0.001
0.001
0.001
0.001
0.001
0.001
0.001
0.001
0.001
0.001
0.001
0.001
0.001
0.001
0.001
0.001
0.001
0.001
0.001
0.001
0.001
0.001
0.001
0.001
0.001
0.001
0.001
0.001
0.001
0.001
0.001
0.001
0.001
0.001
0.001
0.001
0.001
0.001
0.001
0.001
0.001
0.001
0.001
0.001
0.001
0.001
0.001
0.001
0.001
0.001
0.001
0.001
0.001
0.001
0.001
0.001
0.001
0.001
0.001
0.001
0.001
0.001
0.001
0.001
0.001
0.001
0.001
0.001
0.001
0.001
0.001
0.001
0.001
0.001
0.001
0.001
0.001
0.001
0.001
0.001
0.001
0.001
0.001
0.001
0.112656
0.254025
0.218546
0.0626431
0.001
0.001
0.001
0.001
0.001
0.001
0.001
0.001
0.001
0.001
0.001
0.001
0.001
0.001
0.001
0.001
0.001
0.001
0.001
0.001
0.001
0.001
0.001
0.001
0.001
0.001
0.001
0.001
0.001
0.001
0.001
0.001
0.001
0.001
0.001
0.001
0.0626558
0.21863
0.25414
0.112713
0.001
0.001
0.001
0.001
0.001
0.001
0.249111
0.85184
0.867491
0.304478
0.0663193
0.001
0.0341906
0.138106
0.224642
0.317651
0.315416
0.143042
0.001
0.001
0.001
0.001
0.001
0.001
0.001
0.001
0.001
0.001
0.001
0.001
0.001
0.001
0.001
0.001
0.001
0.001
0.001
0.001
0.143116
0.315526
0.317701
0.224464
0.13801
0.0341892
0.001
0.0663377
0.304611
0.867491
0.85184
0.249247
0.001
0.001
0.001
0.001
0.001
0.001
0.266098
0.970005
0.981108
0.858156
0.35481
0.0962131
0.204158
0.65987
0.868246
0.934329
0.795095
0.303563
0.001
0.001
0.001
0.001
0.001
0.001
0.001
0.001
0.001
0.001
0.001
0.001
0.001
0.001
0.001
0.001
0.001
0.001
0.001
0.001
0.303551
0.794844
0.934268
0.868246
0.65935
0.203999
0.0962117
0.35501
0.858156
0.981108
0.970005
0.266312
0.001
0.001
0.001
0.001
0.001
0.001
0.159823
0.853651
1
1
0.860168
0.4036
0.612781
0.840095
0.915271
0.988027
0.812217
0.248061
0.001
0.001
0.001
0.001
0.001
0.001
0.001
0.001
0.001
0.001
0.001
0.001
0.001
0.001
0.001
0.001
0.001
0.001
0.001
0.001
0.247941
0.812287
0.988013
0.915271
0.839907
0.612597
0.403676
0.860168
1
1
0.853651
0.159961
0.001
0.001
0.001
0.001
0.001
0.001
0.066322
0.415262
0.906595
1
1
0.905848
0.901664
0.894156
0.973609
0.796423
0.426788
0.0651719
0.001
0.081109
0.272622
0.345159
0.275142
0.254854
0.28573
0.314598
0.260232
0.111988
0.113734
0.26605
0.320428
0.289534
0.254633
0.274091
0.353461
0.285481
0.08736
0.001
0.065099
0.426614
0.796423
0.973609
0.894141
0.901664
0.905848
1
1
0.906595
0.415636
0.0663398
0.001
0.001
0.001
0.001
0.001
0.001
0.001
0.144911
0.628986
0.982003
1
0.970601
1
0.958058
1
0.606849
0.166236
0.001
0.001
0.203919
0.734639
0.799858
0.920535
0.796629
0.910426
0.956644
0.685732
0.239378
0.239225
0.726495
0.956644
0.910426
0.796629
0.920535
0.799939
0.756345
0.215907
0.001
0.001
0.166253
0.606571
1
0.957982
1
0.970601
1
0.982003
0.629101
0.14511
0.001
0.001
0.001
0.001
0.001
0.001
0.00101823
0.00274219
0.0316799
0.296685
0.84778
1
1
0.952044
1
0.886968
0.270181
0.00996244
0.001
0.001
0.196679
0.762799
0.860369
0.943307
1
1
0.930653
0.5956
0.190833
0.186624
0.592615
0.930653
1
1
0.943307
0.860099
0.76294
0.204751
0.001
0.001
0.00992837
0.269902
0.886045
1
0.951579
1
1
0.848758
0.297198
0.0316242
0.00265976
0.001
0.001
0.001
0.001
0.0726756
0.190009
0.237361
0.285591
0.419368
0.698772
0.8
0.8
0.8
0.8
0.8
0.176609
0.00193512
0.001
0.001
0.0721171
0.468794
1
1
1
0.992245
0.500627
0.187164
0.0411436
0.0357892
0.183378
0.507011
0.992245
1
1
1
0.469781
0.0730442
0.001
0.001
0.00193942
0.17659
0.8
0.8
0.8
0.8
0.8
0.699672
0.418712
0.28417
0.244943
0.203658
0.080379
0.001
0.001
0.195286
0.555869
0.701571
0.8
0.736806
0.706406
0.8
0.8
0.811373
0.803518
0.8
0.22769
0.00270712
0.001
0.001
0.0040049
0.356298
1
1
1
0.666522
0.13941
0.0019286
0.001
0.001
0.00196828
0.141691
0.668482
1
1
1
0.354527
0.00417104
0.001
0.001
0.00271316
0.227757
0.8
0.803191
0.811119
0.8
0.8
0.706406
0.736806
0.8
0.702162
0.576156
0.208048
0.001
0.001
0.194002
0.564525
0.699965
0.79537
0.8
0.8
0.8
0.851211
0.959219
0.974778
0.8
0.288744
0.00794813
0.001
0.001
0.0320264
0.437128
1
1
1
0.392306
0.0207131
0.001
0.001
0.001
0.001
0.0212238
0.392342
1
1
1
0.435953
0.0324799
0.001
0.001
0.0079523
0.288949
0.8
0.974601
0.959019
0.851072
0.8
0.8
0.8
0.795092
0.699977
0.566063
0.200189
0.001
0.001
0.0708795
0.190612
0.239883
0.261581
0.415417
0.764414
0.827954
0.986528
1
1
0.982124
0.434723
0.0638394
0.001
0.001
0.102877
0.623349
1
1
0.79961
0.18965
0.001
0.001
0.001
0.001
0.001
0.001
0.190124
0.801725
1
1
0.62423
0.103107
0.001
0.001
0.0638108
0.434815
0.981906
1
1
0.98639
0.827809
0.764414
0.415535
0.261452
0.237565
0.187338
0.0692686
0.001
0.001
0.001
0.00135965
0.0023421
0.0184384
0.123994
0.382467
0.8
1
1
1
1
0.82741
0.227786
0.0144929
0.001
0.184707
0.879225
1
1
0.643835
0.128908
0.001
0.001
0.001
0.001
0.001
0.001
0.129166
0.645487
1
1
0.881167
0.184912
0.001
0.014565
0.22783
0.827233
1
1
1
1
0.8
0.382518
0.124167
0.0185379
0.00232381
0.00132689
0.001
0.001
0.001
0.001
0.001
0.001
0.001
0.00966483
0.16246
0.549974
1
1
1
1
1
0.594266
0.107285
0.0128054
0.313913
1
1
1
0.39717
0.0497416
0.001
0.001
0.001
0.001
0.001
0.001
0.0498144
0.398476
1
1
1
0.315223
0.0129932
0.107495
0.594565
1
1
1
1
1
0.548668
0.161857
0.00975184
0.001
0.001
0.001
0.001
0.001
0.001
0.001
0.001
0.001
0.001
0.0582013
0.231057
0.612986
0.872955
1
1
1
1
1
0.432867
0.163948
0.576468
1
1
0.965441
0.251275
0.00538455
0.001
0.001
0.001
0.001
0.001
0.001
0.00540913
0.252019
0.967915
1
1
0.578967
0.164298
0.432914
1
1
1
1
1
0.870852
0.612005
0.233103
0.0595892
0.001
0.001
0.001
0.001
0.001
0.001
0.001
0.001
0.001
0.001
0.176296
0.550194
0.675085
0.784494
1
1
1
1
1
0.966313
0.52717
0.895637
1
1
0.855565
0.185579
0.001
0.001
0.001
0.001
0.001
0.001
0.001
0.001
0.185942
0.858059
1
1
0.897386
0.527568
0.965552
1
1
1
1
1
0.784975
0.675085
0.543315
0.178959
0.001
0.001
0.001
0.001
0.001
0.001
0.001
0.001
0.001
0.001
0.190041
0.523106
0.588286
0.5457
0.949036
1
1
1
1
1
0.995013
1
1
1
0.678998
0.137362
0.001
0.001
0.001
0.001
0.001
0.001
0.001
0.001
0.137768
0.681321
1
1
1
0.995064
1
1
1
1
1
0.948779
0.547136
0.589572
0.527705
0.192142
0.001
0.001
0.001
0.001
0.001
0.001
0.001
0.001
0.001
0.001
0.0773971
0.18904
0.199236
0.185309
0.479745
1
1
1
1
1
1
1
1
1
0.652329
0.136421
0.001
0.001
0.001
0.001
0.001
0.001
0.001
0.001
0.136844
0.654468
1
1
1
1
1
1
1
1
1
0.479307
0.186369
0.20154
0.190829
0.0779476
0.001
0.001
0.001
0.001
0.001
0.001
0.001
0.001
0.001
0.001
0.001
0.001
0.001
0.00593003
0.158368
0.713186
1
1
1
1
1
1
1
1
0.766558
0.172417
0.001
0.001
0.001
0.001
0.001
0.001
0.001
0.001
0.172785
0.768463
1
1
1
1
1
1
1
1
0.712605
0.157583
0.00575509
0.001
0.001
0.001
0.001
0.001
0.001
0.001
0.001
0.001
0.001
0.001
0.001
0.001
0.001
0.001
0.001
0.001
0.0389998
0.281361
1
1
1
1
1
1
1
1
0.950586
0.228969
0.0013169
0.001
0.001
0.001
0.001
0.001
0.001
0.00131196
0.229408
0.951952
1
1
1
1
1
1
1
1
0.281064
0.0387548
0.001
0.001
0.001
0.001
0.001
0.001
0.001
0.001
0.001
0.001
0.001
0.001
0.00112172
0.00108492
0.001
0.001
0.001
0.001
0.001
0.071923
0.610698
1
1
1
1
1
1
1
1
0.384382
0.0231022
0.001
0.001
0.001
0.001
0.001
0.001
0.0231238
0.385042
1
1
1
1
1
1
1
1
0.610775
0.0718478
0.001
0.001
0.001
0.001
0.001
0.0010795
0.00111607
0.001
0.001
0.001
0.001
0.001
0.0876934
0.197576
0.182815
0.110034
0.128685
0.148951
0.131056
0.129461
0.152674
0.419776
1
1
1
1
1
1
1
1
0.625201
0.0819983
0.0324828
0.0508358
0.0292934
0.0292917
0.050833
0.0324843
0.0821182
0.62624
1
1
1
1
1
1
1
1
0.420682
0.153576
0.130419
0.131839
0.149333
0.12881
0.110069
0.182881
0.197651
0.0877283
0.001
0.001
0.001
0.001
0.170094
0.548436
0.637763
0.794677
0.688132
0.647199
0.700508
0.718248
0.739318
0.790767
1
1
1
1
1
1
1
1
1
1
1
0.666865
0.196341
0.196408
0.667195
1
1
1
1
1
1
1
1
1
1
1
0.790765
0.739318
0.718251
0.700511
0.647201
0.688132
0.794677
0.637763
0.548435
0.170165
0.001
0.001
0.001
0.001
0.163555
0.787562
0.798535
0.8
0.8
0.917024
0.95782
0.967937
0.971136
0.987056
1
1
1
1
1
1
1
1
1
1
1
1
0.376925
0.377077
1
1
1
1
1
1
1
1
1
1
1
1
0.987857
0.972032
0.968883
0.958803
0.917996
0.8
0.8
0.798535
0.787562
0.163622
0.001
0.001
