0.001
0.001
0.26841
0.987562
0.998535
1
1
1
1
1
1
1
1
1
1
1
1
1
1
1
1
1
1
1
0.391583
0.391403
1
1
1
1
1
1
1
1
1
1
1
1
1
1
1
1
1
1
1
0.998535
0.987562
0.26827
0.001
0.001
0.001
0.001
0.252579
0.748436
0.837763
0.994677
0.888132
0.847186
0.900491
0.918234
0.939318
0.99076
1
1
1
1
1
1
1
1
1
1
1
0.698635
0.207298
0.207292
0.698449
1
1
1
1
1
1
1
1
1
1
1
0.990758
0.939318
0.918236
0.900494
0.847187
0.888132
0.994677
0.837763
0.748435
0.252454
0.001
0.001
0.001
0.001
0.120032
0.293309
0.29973
0.219424
0.23805
0.228918
0.159578
0.146832
0.178637
0.45964
1
1
1
1
1
1
1
1
0.646391
0.0835469
0.0366719
0.057818
0.0333625
0.033427
0.0579281
0.0367319
0.0832787
0.645791
1
1
1
1
1
1
1
1
0.461448
0.180705
0.148868
0.161304
0.229839
0.238263
0.219317
0.299585
0.293166
0.119972
0.001
0.001
0.001
0.001
0.001
0.001
0.001
0.001
0.001
0.001
0.001
0.001
0.0743225
0.638824
1
1
1
1
1
1
1
1
0.400453
0.0228319
0.001
0.001
0.001
0.001
0.001
0.001
0.0226653
0.399997
1
1
1
1
1
1
1
1
0.639331
0.074408
0.001
0.001
0.001
0.001
0.001
0.001
0.001
0.001
0.001
0.001
0.001
0.001
0.001
0.001
0.001
0.001
0.001
0.001
0.001
0.0406339
0.293749
1
1
1
1
1
1
1
1
0.99948
0.242227
0.00122565
0.001
0.001
0.001
0.001
0.001
0.001
0.00120877
0.241743
0.999679
1
1
1
1
1
1
1
1
0.294013
0.0408048
0.001
0.001
0.001
0.001
0.001
0.001
0.001
0.001
0.001
0.001
0.001
0.001
0.001
0.001
0.001
0.001
0.001
0.00843522
0.164923
0.739315
1
1
1
1
1
1
1
1
0.799441
0.179399
0.001
0.001
0.001
0.001
0.001
0.001
0.001
0.001
0.178701
0.79854
1
1
1
1
1
1
1
1
0.739779
0.165332
0.00846101
0.001
0.001
0.001
0.001
0.001
0.001
0.001
0.001
0.001
0.001
0.001
0.001
0.001
0.0981385
0.263106
0.296143
0.241462
0.490455
1
1
1
1
1
1
1
1
1
0.676814
0.136889
0.001
0.001
0.001
0.001
0.001
0.001
0.001
0.001
0.136182
0.67597
1
1
1
1
1
1
1
1
1
0.489533
0.235852
0.278978
0.243912
0.0895769
0.001
0.001
0.001
0.001
0.001
0.001
0.001
0.001
0.001
0.001
0.248419
0.728702
0.788611
0.711357
0.975937
1
1
1
1
1
1
1
1
1
0.737457
0.149964
0.001
0.001
0.001
0.001
0.001
0.001
0.001
0.001
0.149853
0.737727
1
1
1
1
1
1
1
1
1
0.974882
0.701287
0.789698
0.684303
0.233271
0.001
0.001
0.001
0.001
0.001
0.001
0.001
0.001
0.001
0.001
0.235187
0.738209
0.875085
0.984839
1
1
1
1
1
1
0.579337
1
1
1
0.965222
0.214346
0.001
0.001
0.001
0.001
0.001
0.001
0.001
0.001
0.214737
0.96738
1
1
1
0.579534
1
1
1
1
1
1
0.984519
0.875085
0.753368
0.224954
0.001
0.001
0.001
0.001
0.001
0.001
0.001
0.001
0.001
0.001
0.0793677
0.365465
0.812961
1
1
1
1
1
1
0.457505
0.189011
0.643361
1
1
1
0.280902
0.00432593
0.001
0.001
0.001
0.001
0.001
0.001
0.00422695
0.281177
1
1
1
0.645269
0.188847
0.457127
1
1
1
1
1
1
0.811663
0.363623
0.0777975
0.001
0.001
0.001
0.001
0.001
0.001
0.001
0.001
0.001
0.001
0.00633215
0.223862
0.667226
1
1
1
1
1
0.622822
0.109786
0.0111645
0.340287
1
1
1
0.431475
0.0502384
0.001
0.001
0.001
0.001
0.001
0.001
0.0500843
0.43168
1
1
1
0.341426
0.0110227
0.109657
0.622156
1
1
1
1
1
0.673842
0.227518
0.0063144
0.001
0.001
0.001
0.001
0.001
0.001
0.001
0.001
0.001
0.0127104
0.160433
0.547587
1
1
1
1
1
0.883665
0.239709
0.0147442
0.001
0.209098
0.983388
1
1
0.713923
0.137652
0.001
0.001
0.001
0.001
0.001
0.001
0.137928
0.71573
1
1
0.98769
0.210245
0.001
0.0146953
0.239346
0.882891
1
1
1
1
1
0.548773
0.160063
0.0126
0.001
0.001
0.001
0.001
0.001
0.0943922
0.268201
0.358819
0.398286
0.615372
0.964414
1
1
1
1
1
0.494127
0.0648783
0.001
0.001
0.113574
0.688083
1
1
0.867419
0.193159
0.00141642
0.001
0.001
0.001
0.001
0.00152254
0.194572
0.871498
1
1
0.691983
0.114242
0.001
0.001
0.0647734
0.49427
1
1
1
1
1
0.964414
0.61511
0.397013
0.357875
0.267731
0.0944378
0.001
0.001
0.25518
0.767443
0.899837
0.995628
1
1
1
1
1
1
1
0.420722
0.00475202
0.001
0.001
0.0303537
0.40171
1
1
0.905879
0.297012
0.0241543
0.001
0.001
0.001
0.001
0.0246067
0.301086
0.910188
1
1
0.406883
0.0306154
0.001
0.001
0.00473485
0.421073
1
1
1
1
1
1
1
0.995416
0.899875
0.766096
0.25175
0.001
0.001
0.253591
0.756391
0.901327
1
0.936806
0.906406
1
1
1
1
1
0.415193
0.001
0.001
0.001
0.00648275
0.248789
0.8
0.941103
0.823838
0.46639
0.108627
0.00493666
0.001
0.001
0.00455591
0.106985
0.468382
0.828273
0.946094
0.8
0.253981
0.0066992
0.001
0.001
0.001
0.415227
1
1
1
1
1
0.906406
0.936806
1
0.901636
0.7434
0.248132
0.001
0.001
0.0921982
0.257632
0.342286
0.443068
0.619552
0.897607
1
1
1
1
1
0.331354
0.001
0.001
0.001
0.0612135
0.313987
0.8
0.8
0.8
0.792245
0.35169
0.179433
0.0524004
0.0570468
0.183526
0.351342
0.792245
0.8
0.8
0.8
0.318539
0.0619541
0.001
0.001
0.001
0.331167
1
1
1
1
1
0.898565
0.619264
0.441205
0.336555
0.250991
0.0893261
0.001
0.001
0.001
0.001
0.001
0.0335662
0.243354
0.690208
1
1
1
1
1
0.3066
0.0120984
0.001
0.001
0.171747
0.5611
0.660639
0.743307
0.8
0.8
0.730653
0.533774
0.199917
0.209855
0.551443
0.730653
0.8
0.8
0.743307
0.660363
0.563048
0.168255
0.001
0.001
0.0120413
0.306356
1
1
1
1
1
0.690772
0.243634
0.0334984
0.001
0.001
0.001
0.001
0.001
0.001
0.001
0.00256753
0.115373
0.428821
0.782003
0.8
0.770601
0.8
0.758137
0.8
0.40698
0.111051
0.00163122
0.001
0.185384
0.569217
0.599756
0.720535
0.596629
0.710426
0.756644
0.592099
0.230864
0.242228
0.600814
0.756644
0.710426
0.596629
0.720535
0.599836
0.55842
0.178892
0.001
0.00162259
0.110888
0.406693
0.8
0.758056
0.8
0.770601
0.8
0.782003
0.428948
0.115453
0.00256559
0.001
0.001
0.001
0.001
0.001
0.001
0.0438861
0.258674
0.706595
0.8
0.8
0.705848
0.701664
0.694181
0.773609
0.596423
0.262671
0.0434063
0.001
0.0784325
0.22148
0.242577
0.151358
0.12385
0.14662
0.215683
0.213952
0.0996832
0.105114
0.223236
0.221788
0.146763
0.123792
0.151136
0.237351
0.213976
0.0748315
0.001
0.0432846
0.262331
0.596423
0.773609
0.694164
0.701664
0.705848
0.8
0.8
0.706595
0.25874
0.0438806
0.001
0.001
0.001
0.001
0.001
0.001
0.093441
0.653651
0.8
0.8
0.660168
0.24834
0.412732
0.640188
0.715271
0.788045
0.612137
0.157992
0.001
0.001
0.00201121
0.00258509
0.0020841
0.00119269
0.00186829
0.00214383
0.00162882
0.001
0.001
0.00177432
0.00223818
0.00186446
0.00112575
0.00205782
0.00254816
0.00197832
0.001
0.001
0.157928
0.61221
0.78803
0.715271
0.639911
0.412526
0.248166
0.660168
0.8
0.8
0.653651
0.093452
0.001
0.001
0.001
0.001
0.001
0.001
0.149763
0.770005
0.781108
0.658156
0.199909
0.0672824
0.183152
0.470445
0.668246
0.734403
0.59539
0.192909
0.0012244
0.001
0.001
0.001
0.001
0.001
0.001
0.001
0.001
0.001
0.001
0.001
0.001
0.001
0.001
0.001
0.001
0.001
0.001
0.00122481
0.193004
0.595122
0.734339
0.668246
0.47028
0.183102
0.0672328
0.199879
0.658156
0.781108
0.770005
0.149765
0.001
0.001
0.001
0.001
0.001
0.001
0.140957
0.65184
0.667491
0.172555
0.0385463
0.00101913
0.044291
0.121707
0.146467
0.182783
0.196025
0.0919368
0.001
0.001
0.001
0.001
0.001
0.001
0.001
0.001
0.001
0.001
0.001
0.001
0.001
0.001
0.001
0.001
0.001
0.001
0.001
0.001
0.0920451
0.196195
0.182839
0.14637
0.12165
0.0442946
0.00101701
0.0385376
0.17253
0.667492
0.65184
0.140939
0.001
0.001
0.001
0.001
0.001
0.001
0.0641463
0.144903
0.125198
0.0364748
0.001
0.001
0.001
0.001
0.00111742
0.00191708
0.00198305
0.00126627
0.001
0.001
0.001
0.001
0.001
0.001
0.001
0.001
0.001
0.001
0.001
0.001
0.001
0.001
0.001
0.001
0.001
0.001
0.001
0.001
0.00126885
0.00198618
0.00191934
0.00111797
0.001
0.001
0.001
0.001
0.036465
0.125172
0.144877
0.0641357
0.001
0.001
0.001
0.001
0.001
0.001
0.001
0.001
0.001
0.001
0.001
0.001
0.001
0.001
0.001
0.001
0.001
0.001
0.001
0.001
0.001
0.001
0.001
0.001
0.001
0.001
0.001
0.001
0.001
0.001
0.001
0.001
0.001
0.001
0.001
0.001
0.001
0.001
0.001
0.001
0.001
0.001
0.001
0.001
0.001
0.001
0.001
0.001
0.001
0.001
0.001
0.001
0.001
0.001
0.001
0.001
0.001
0.001
0.001
0.001
0.001
0.001
0.001
0.001
0.001
0.001
0.001
0.001
0.001
0.001
0.001
0.001
0.001
0.001
0.001
0.001
0.001
0.001
0.001
0.001
0.001
0.001
0.001
0.001
0.001
0.001
0.001
0.001
0.001
0.001
0.001
0.001
0.001
0.001
0.001
0.001
0.001
0.001
0.001
0.001
0.001
0.001
0.001
0.001
0.001
0.001
0.001
0.001
0.001
0.001
0.001
0.001
0.001
0.001
0.001
0.001
0.001
0.001
0.001
0.001
0.001
0.001
0.001
0.001
0.001
0.001
0.001
0.001
0.001
0.001
0.001
0.001
0.001
0.001
0.001
0.001
0.001
0.001
0.001
0.001
0.001
0.001
0.001
0.001
0.001
0.001
0.001
0.001
0.001
0.001
0.001
0.001
0.001
0.001
0.001
0.001
0.001
0.001
0.001
0.001
0.001
0.001
0.001
0.001
0.001
0.001
0.001
0.001
0.001
0.001
0.001
0.001
0.001
0.001
0.001
0.001
0.001
0.001
0.001
0.001
0.001
0.001
0.001
0.001
0.001
0.001
0.001
0.001
0.001
0.001
0.001
0.001
0.001
0.001
0.001
0.001
0.001
0.001
0.001
0.001
0.001
0.001
0.001
0.001
0.001
0.001
0.0641378
0.144882
0.125177
0.0364677
0.001
0.001
0.001
0.001
0.00112355
0.00192917
0.00199644
0.00127544
0.001
0.001
0.001
0.001
0.001
0.001
0.001
0.001
0.001
0.001
0.001
0.001
0.001
0.001
0.001
0.001
0.001
0.001
0.001
0.001
0.00127647
0.00199758
0.00192985
0.00112349
0.001
0.001
0.001
0.001
0.0364795
0.125211
0.144917
0.0641523
0.001
0.001
0.001
0.001
0.001
0.001
0.140942
0.65184
0.667491
0.172534
0.0385414
0.00101777
0.0442722
0.121618
0.146408
0.183065
0.196445
0.0921656
0.001
0.001
0.001
0.001
0.001
0.001
0.001
0.001
0.001
0.001
0.001
0.001
0.001
0.001
0.001
0.001
0.001
0.001
0.001
0.001
0.0923263
0.196738
0.183257
0.14649
0.121731
0.0443225
0.00101902
0.0385487
0.172566
0.667491
0.65184
0.14097
0.001
0.001
0.001
0.001
0.001
0.001
0.149762
0.770005
0.781108
0.658156
0.199883
0.0672555
0.183073
0.470202
0.668246
0.734329
0.595095
0.19323
0.00123167
0.001
0.001
0.001
0.001
0.001
0.001
0.001
0.001
0.001
0.001
0.001
0.001
0.001
0.001
0.001
0.001
0.001
0.001
0.00123043
0.193457
0.594844
0.734268
0.668246
0.470507
0.183206
0.0672591
0.199875
0.658156
0.781108
0.770005
0.149773
0.001
0.001
0.001
0.001
0.001
0.001
0.0934752
0.653651
0.8
0.8
0.660168
0.248229
0.412781
0.640095
0.715271
0.788027
0.612217
0.15813
0.001
0.001
0.00195538
0.00251922
0.00203093
0.00109391
0.00237335
0.00304895
0.002502
0.00100715
0.001
0.0017898
0.00225714
0.00187743
0.00111848
0.00206757
0.00257309
0.00200547
0.001
0.001
0.15819
0.612287
0.788013
0.715271
0.639907
0.412597
0.248121
0.660168
0.8
0.8
0.653651
0.0934694
0.001
0.001
0.001
0.001
0.001
0.001
0.0439242
0.258814
0.706595
0.8
0.8
0.705848
0.701664
0.694156
0.773609
0.596423
0.262663
0.0433823
0.001
0.0784773
0.221523
0.242364
0.150836
0.123414
0.152047
0.20615
0.186633
0.080083
0.093853
0.203105
0.207741
0.145931
0.123022
0.150722
0.241342
0.220288
0.0780416
0.001
0.0433017
0.262539
0.596423
0.773609
0.694141
0.701664
0.705848
0.8
0.8
0.706595
0.25874
0.0439258
0.001
0.001
0.001
0.001
0.001
0.001
0.00257012
0.115476
0.428986
0.782003
0.8
0.770601
0.8
0.758058
0.8
0.406849
0.111072
0.00163385
0.001
0.185674
0.57141
0.599858
0.720535
0.596629
0.710426
0.756644
0.579526
0.189069
0.219366
0.555997
0.756644
0.710426
0.596629
0.720535
0.599939
0.56693
0.18451
0.001
0.00162648
0.111043
0.406571
0.8
0.757982
0.8
0.770601
0.8
0.782003
0.429101
0.115385
0.00257107
0.001
0.001
0.001
0.001
0.001
0.001
0.001
0.0335795
0.24359
0.690517
1
1
1
1
1
0.306519
0.0120862
0.001
0.001
0.172556
0.563732
0.660369
0.743307
0.8
0.8
0.730653
0.491468
0.168835
0.192249
0.516387
0.730653
0.8
0.8
0.743307
0.660099
0.561261
0.171024
0.001
0.001
0.0120594
0.306212
1
1
1
1
1
0.690946
0.243619
0.0333826
0.001
0.001
0.001
0.001
0.001
0.0909726
0.254854
0.339887
0.441992
0.619368
0.898772
1
1
1
1
1
0.331356
0.001
0.001
0.001
0.0621563
0.319491
0.8
0.8
0.8
0.792245
0.349553
0.172134
0.0502398
0.0530879
0.176563
0.347006
0.792245
0.8
0.8
0.8
0.313886
0.0610351
0.001
0.001
0.001
0.330883
1
1
1
1
1
0.899672
0.618712
0.440835
0.339553
0.255765
0.0918364
0.001
0.001
0.250284
0.746842
0.901571
1
0.936806
0.906406
1
1
1
1
1
0.415353
0.001
0.001
0.001
0.00681514
0.255488
0.8
0.949359
0.83136
0.466522
0.10821
0.00465015
0.001
0.001
0.0051245
0.107102
0.468482
0.822249
0.940943
0.8
0.248828
0.00638024
0.001
0.001
0.001
0.414615
1
1
1
1
1
0.906406
0.936806
1
0.902162
0.752086
0.252862
0.001
0.001
0.251777
0.77145
0.899965
0.99537
1
1
1
1
1
1
1
0.421117
0.00472976
0.001
0.001
0.0311354
0.408657
1
1
0.911567
0.302957
0.0240618
0.001
0.001
0.001
0.001
0.023965
0.295578
0.904917
1
1
0.401603
0.0300755
0.001
0.001
0.00474919
0.420223
1
1
1
1
1
1
1
0.995092
0.899977
0.76647
0.254771
0.001
0.001
0.0930304
0.265156
0.356276
0.397197
0.615417
0.964414
1
1
1
1
1
0.494438
0.0648302
0.001
0.001
0.114589
0.693127
1
1
0.873719
0.195793
0.00156725
0.001
0.001
0.001
0.001
0.00141103
0.19252
0.866336
1
1
0.687671
0.113396
0.001
0.001
0.0648757
0.49378
1
1
1
1
1
0.964414
0.615535
0.398547
0.358753
0.268056
0.0945027
0.001
0.001
0.001
0.001
0.001
0.0126161
0.159678
0.547053
1
1
1
1
1
0.883684
0.239706
0.0147655
0.001
0.210509
0.988761
1
1
0.715972
0.138116
0.001
0.001
0.001
0.001
0.001
0.001
0.137136
0.713002
1
1
0.982938
0.209002
0.001
0.0147397
0.239724
0.883579
1
1
1
1
1
0.547723
0.160727
0.0127412
0.001
0.001
0.001
0.001
0.001
0.001
0.001
0.001
0.001
0.00618846
0.225159
0.669686
1
1
1
1
1
0.62316
0.109944
0.011176
0.342046
1
1
1
0.431183
0.0499552
0.001
0.001
0.001
0.001
0.001
0.001
0.0500255
0.431206
1
1
1
0.339876
0.0110576
0.109781
0.622898
1
1
1
1
1
0.670226
0.225458
0.00644755
0.001
0.001
0.001
0.001
0.001
0.001
0.001
0.001
0.001
0.001
0.0814146
0.370998
0.812986
1
1
1
1
1
1
0.457766
0.188651
0.645204
1
1
1
0.280401
0.00427956
0.001
0.001
0.001
0.001
0.001
0.001
0.00428321
0.281207
1
1
1
0.643157
0.189076
0.457569
1
1
1
1
1
1
0.812005
0.376128
0.0841413
0.001
0.001
0.001
0.001
0.001
0.001
0.001
0.001
0.001
0.001
0.223371
0.746843
0.875085
0.984494
1
1
1
1
1
1
0.579255
1
1
1
0.966697
0.214141
0.001
0.001
0.001
0.001
0.001
0.001
0.001
0.001
0.21458
0.965363
1
1
1
0.579632
1
1
1
1
1
1
0.984975
0.875085
0.752807
0.250335
0.001
0.001
0.001
0.001
0.001
0.001
0.001
0.001
0.001
0.001
0.225794
0.713749
0.788286
0.7149
0.978575
1
1
1
1
1
1
1
1
1
0.738315
0.149913
0.001
0.001
0.001
0.001
0.001
0.001
0.001
0.001
0.149826
0.736834
1
1
1
1
1
1
1
1
1
0.975546
0.713744
0.789572
0.760645
0.263526
0.001
0.001
0.001
0.001
0.001
0.001
0.001
0.001
0.001
0.001
0.084765
0.235168
0.277848
0.242774
0.491291
1
1
1
1
1
1
1
1
1
0.67715
0.136328
0.001
0.001
0.001
0.001
0.001
0.001
0.001
0.001
0.136676
0.675847
1
1
1
1
1
1
1
1
1
0.48911
0.241016
0.30451
0.274828
0.103133
0.001
0.001
0.001
0.001
0.001
0.001
0.001
0.001
0.001
0.001
0.001
0.001
0.001
0.00825832
0.164602
0.739509
1
1
1
1
1
1
1
1
0.799781
0.178757
0.001
0.001
0.001
0.001
0.001
0.001
0.001
0.001
0.179299
0.798583
1
1
1
1
1
1
1
1
0.738675
0.164499
0.00841351
0.001
0.001
0.001
0.001
0.001
0.001
0.001
0.001
0.001
0.001
0.001
0.001
0.001
0.001
0.001
0.001
0.001
0.0405869
0.293793
1
1
1
1
1
1
1
1
1
0.24181
0.00120279
0.001
0.001
0.001
0.001
0.001
0.001
0.00122787
0.242164
0.998691
1
1
1
1
1
1
1
1
0.29359
0.0405108
0.001
0.001
0.001
0.001
0.001
0.001
0.001
0.001
0.001
0.001
0.001
0.001
0.001
0.001
0.001
0.001
0.001
0.001
0.001
0.0742611
0.639638
1
1
1
1
1
1
1
1
0.400398
0.0226421
0.001
0.001
0.001
0.001
0.001
0.001
0.0228325
0.400186
1
1
1
1
1
1
1
1
0.638265
0.0742569
0.001
0.001
0.001
0.001
0.001
0.001
0.001
0.001
0.001
0.001
0.001
0.001
0.119611
0.29225
0.298624
0.218584
0.237666
0.229747
0.161981
0.149802
0.181436
0.462234
1
1
1
1
1
1
1
1
0.646707
0.0833094
0.0367219
0.0579105
0.0334169
0.0333264
0.0577563
0.0366349
0.0835068
0.645798
1
1
1
1
1
1
1
1
0.45764
0.176437
0.144713
0.157775
0.227856
0.237663
0.21934
0.299585
0.293165
0.119974
0.001
0.001
0.001
0.001
0.251731
0.748436
0.837763
0.994677
0.888132
0.847199
0.900508
0.918248
0.939318
0.990767
1
1
1
1
1
1
1
1
1
1
1
0.698521
0.207282
0.207187
0.698274
1
1
1
1
1
1
1
1
1
1
1
0.990765
0.939318
0.918251
0.900511
0.847201
0.888132
0.994677
0.837763
0.748435
0.252473
0.001
0.001
0.001
0.001
0.267547
0.987562
0.998535
1
1
1
1
1
1
1
1
1
1
1
1
1
1
1
1
1
1
1
0.391412
0.391409
1
1
1
1
1
1
1
1
1
1
1
1
1
1
1
1
1
1
1
0.998535
0.987562
0.268318
0.001
0.001
