0.001
0.001
0.268867
0.987562
0.998535
1
1
1
1
1
1
1
1
1
1
1
1
1
1
1
1
1
1
1
0.391875
0.392235
1
1
1
1
1
1
1
1
1
1
1
1
1
1
1
1
1
1
1
0.998535
0.987562
0.268613
0.001
0.001
0.001
0.001
0.253024
0.748436
0.837763
0.994677
0.888132
0.847186
0.900491
0.918234
0.939318
0.99076
1
1
1
1
1
1
1
1
1
1
1
0.699195
0.207523
0.207633
0.699818
1
1
1
1
1
1
1
1
1
1
1
0.990758
0.939318
0.918236
0.900494
0.847187
0.888132
0.994677
0.837763
0.748435
0.252766
0.001
0.001
0.001
0.001
0.12025
0.293854
0.300291
0.219833
0.238557
0.229543
0.1602
0.147434
0.179162
0.460205
1
1
1
1
1
1
1
1
0.646055
0.0833932
0.0367672
0.0579843
0.0334595
0.0334205
0.057918
0.0367342
0.0837216
0.647988
1
1
1
1
1
1
1
1
0.459452
0.177538
0.145738
0.158739
0.228604
0.238122
0.21961
0.299937
0.293507
0.120113
0.001
0.001
0.001
0.001
0.001
0.001
0.001
0.001
0.001
0.001
0.001
0.001
0.0742364
0.63904
1
1
1
1
1
1
1
1
0.400138
0.0227362
0.001
0.001
0.001
0.001
0.001
0.001
0.022872
0.401341
1
1
1
1
1
1
1
1
0.640127
0.0745052
0.001
0.001
0.001
0.001
0.001
0.001
0.001
0.001
0.001
0.001
0.001
0.001
0.001
0.001
0.001
0.001
0.001
0.001
0.001
0.0406554
0.293831
1
1
1
1
1
1
1
1
0.999502
0.241809
0.00121769
0.001
0.001
0.001
0.001
0.001
0.001
0.0012271
0.242618
1
1
1
1
1
1
1
1
1
0.294268
0.040797
0.001
0.001
0.001
0.001
0.001
0.001
0.001
0.001
0.001
0.001
0.001
0.001
0.001
0.001
0.001
0.001
0.001
0.00840898
0.164945
0.739701
1
1
1
1
1
1
1
1
0.798391
0.178847
0.001
0.001
0.001
0.001
0.001
0.001
0.001
0.001
0.179671
0.801572
1
1
1
1
1
1
1
1
0.740314
0.165356
0.00848085
0.001
0.001
0.001
0.001
0.001
0.001
0.001
0.001
0.001
0.001
0.001
0.001
0.001
0.0945829
0.254441
0.287733
0.238634
0.490119
1
1
1
1
1
1
1
1
1
0.67557
0.136353
0.001
0.001
0.001
0.001
0.001
0.001
0.001
0.001
0.137137
0.67883
1
1
1
1
1
1
1
1
1
0.488915
0.237103
0.297675
0.270066
0.102039
0.001
0.001
0.001
0.001
0.001
0.001
0.001
0.001
0.001
0.001
0.241276
0.704807
0.788611
0.706236
0.976367
1
1
1
1
1
1
1
1
1
0.736387
0.149682
0.001
0.001
0.001
0.001
0.001
0.001
0.001
0.001
0.150397
0.739809
1
1
1
1
1
1
1
1
1
0.975351
0.706633
0.788758
0.742507
0.257172
0.001
0.001
0.001
0.001
0.001
0.001
0.001
0.001
0.001
0.001
0.229607
0.742822
0.875085
0.984839
1
1
1
1
1
1
0.579451
1
1
1
0.964827
0.214289
0.001
0.001
0.001
0.001
0.001
0.001
0.001
0.001
0.214801
0.968319
1
1
1
0.579878
1
1
1
1
1
1
0.984519
0.875085
0.746687
0.240999
0.001
0.001
0.001
0.001
0.001
0.001
0.001
0.001
0.001
0.001
0.0780879
0.363107
0.813224
1
1
1
1
1
1
0.458087
0.188657
0.643238
1
1
1
0.280578
0.00425761
0.001
0.001
0.001
0.001
0.001
0.001
0.00432684
0.281378
1
1
1
0.645695
0.189051
0.457798
1
1
1
1
1
1
0.813228
0.365547
0.0786009
0.001
0.001
0.001
0.001
0.001
0.001
0.001
0.001
0.001
0.001
0.00628767
0.224972
0.669524
1
1
1
1
1
0.624065
0.110105
0.0110185
0.340163
1
1
1
0.43085
0.0502249
0.001
0.001
0.001
0.001
0.001
0.001
0.0503275
0.432714
1
1
1
0.341985
0.0111991
0.109853
0.62328
1
1
1
1
1
0.673559
0.227343
0.00638566
0.001
0.001
0.001
0.001
0.001
0.001
0.001
0.001
0.001
0.0126973
0.16025
0.547406
1
1
1
1
1
0.884751
0.240165
0.0147745
0.001
0.209428
0.983776
1
1
0.713738
0.137766
0.001
0.001
0.001
0.001
0.001
0.001
0.138407
0.717236
1
1
0.988415
0.210234
0.001
0.0147195
0.239862
0.884068
1
1
1
1
1
0.548182
0.160443
0.012628
0.001
0.001
0.001
0.001
0.001
0.0953757
0.26967
0.359188
0.397422
0.615372
0.964414
1
1
1
1
1
0.494303
0.0650279
0.001
0.001
0.113779
0.688992
1
1
0.867625
0.193558
0.00148313
0.001
0.001
0.001
0.001
0.00149982
0.195096
0.872993
1
1
0.691962
0.114246
0.001
0.001
0.0649459
0.493951
1
1
1
1
1
0.964414
0.61511
0.398262
0.359133
0.268702
0.0947196
0.001
0.001
0.255384
0.762478
0.899837
0.995628
1
1
1
1
1
1
1
0.420679
0.00476125
0.001
0.001
0.0303885
0.404165
1
1
0.905878
0.299063
0.0244531
0.001
0.001
0.001
0.001
0.0247947
0.301367
0.911396
1
1
0.405515
0.0307348
0.001
0.001
0.00474937
0.420328
1
1
1
1
1
1
1
0.995416
0.899875
0.765864
0.25554
0.001
0.001
0.252579
0.751232
0.901327
1
0.936806
0.906406
1
1
1
1
1
0.415502
0.001
0.001
0.001
0.00645716
0.25135
0.8
0.94059
0.823649
0.46639
0.107586
0.00475624
0.001
0.001
0.00497961
0.110022
0.468382
0.829672
0.946988
0.8
0.252235
0.00664676
0.001
0.001
0.001
0.415034
1
1
1
1
1
0.906406
0.936806
1
0.901636
0.755676
0.253726
0.001
0.001
0.0914098
0.255377
0.339916
0.442026
0.619552
0.897607
1
1
1
1
1
0.331705
0.001
0.001
0.001
0.0611833
0.315431
0.8
0.8
0.8
0.792245
0.346161
0.179883
0.0555586
0.0533718
0.184369
0.358816
0.792245
0.8
0.8
0.8
0.317534
0.0617797
0.001
0.001
0.001
0.331268
1
1
1
1
1
0.898565
0.619264
0.442174
0.341334
0.257158
0.0921916
0.001
0.001
0.001
0.001
0.001
0.0335214
0.243535
0.690672
1
1
1
1
1
0.306821
0.0121136
0.001
0.001
0.170694
0.562968
0.660639
0.743307
0.8
0.8
0.730653
0.571167
0.220412
0.201753
0.541761
0.730653
0.8
0.8
0.743307
0.660363
0.563006
0.167621
0.001
0.001
0.012063
0.306417
1
1
1
1
1
0.690883
0.243598
0.0334692
0.001
0.001
0.001
0.001
0.001
0.001
0.001
0.0025819
0.115686
0.428821
0.782003
0.8
0.770601
0.8
0.758137
0.8
0.40698
0.11123
0.00163748
0.001
0.183986
0.5658
0.599756
0.720535
0.596629
0.710426
0.756644
0.651846
0.2647
0.230378
0.59538
0.756644
0.710426
0.596629
0.720535
0.599836
0.552422
0.177973
0.001
0.00163104
0.11111
0.406693
0.8
0.758056
0.8
0.770601
0.8
0.782003
0.428948
0.115548
0.00257681
0.001
0.001
0.001
0.001
0.001
0.001
0.0440633
0.259343
0.706595
0.8
0.8
0.705848
0.701664
0.694181
0.773609
0.596423
0.263116
0.0434968
0.001
0.0778341
0.220184
0.241747
0.15159
0.124327
0.144169
0.240493
0.2503
0.119912
0.097908
0.211576
0.215067
0.147855
0.124054
0.151984
0.237666
0.213355
0.0743273
0.001
0.0433901
0.262822
0.596423
0.773609
0.694164
0.701664
0.705848
0.8
0.8
0.706595
0.259087
0.0439929
0.001
0.001
0.001
0.001
0.001
0.001
0.0936615
0.653651
0.8
0.8
0.660168
0.248762
0.412732
0.640188
0.715271
0.788045
0.612137
0.158271
0.001
0.001
0.00204569
0.00262393
0.00211036
0.00115591
0.00172368
0.00194528
0.00145718
0.001
0.001
0.00164523
0.00215868
0.00187213
0.00117903
0.00217539
0.00273292
0.00214821
0.001
0.001
0.15821
0.61221
0.78803
0.715271
0.639911
0.412526
0.248561
0.660168
0.8
0.8
0.653651
0.0935861
0.001
0.001
0.001
0.001
0.001
0.001
0.149991
0.770005
0.781108
0.658156
0.200233
0.0673926
0.183332
0.471026
0.668246
0.734403
0.59539
0.193249
0.00123037
0.001
0.001
0.001
0.001
0.001
0.001
0.001
0.001
0.001
0.001
0.001
0.001
0.001
0.001
0.001
0.001
0.001
0.001
0.00123119
0.193348
0.595122
0.734339
0.668246
0.471077
0.18337
0.0673641
0.20015
0.658156
0.781108
0.770005
0.149938
0.001
0.001
0.001
0.001
0.001
0.001
0.141164
0.65184
0.667491
0.172812
0.0386124
0.00102174
0.0442595
0.121811
0.146674
0.183109
0.196384
0.0921074
0.001
0.001
0.001
0.001
0.001
0.001
0.001
0.001
0.001
0.001
0.001
0.001
0.001
0.001
0.001
0.001
0.001
0.001
0.001
0.001
0.0922295
0.19659
0.18321
0.146665
0.121836
0.0442755
0.00102247
0.0386032
0.172766
0.667492
0.65184
0.141122
0.001
0.001
0.001
0.001
0.001
0.001
0.0642396
0.145111
0.125376
0.0365276
0.001
0.001
0.001
0.001
0.00112196
0.00192534
0.00199181
0.00127198
0.001
0.001
0.001
0.001
0.001
0.001
0.001
0.001
0.001
0.001
0.001
0.001
0.001
0.001
0.001
0.001
0.001
0.001
0.001
0.001
0.00127604
0.00199747
0.00193017
0.00112405
0.001
0.001
0.001
0.001
0.0365206
0.125345
0.145071
0.0642215
0.001
0.001
0.001
0.001
0.001
0.001
0.001
0.001
0.001
0.001
0.001
0.001
0.001
0.001
0.001
0.001
0.001
0.001
0.001
0.001
0.001
0.001
0.001
0.001
0.001
0.001
0.001
0.001
0.001
0.001
0.001
0.001
0.001
0.001
0.001
0.001
0.001
0.001
0.001
0.001
0.001
0.001
0.001
0.001
0.001
0.001
0.001
0.001
0.001
0.001
0.001
0.001
0.001
0.001
0.001
0.001
0.001
0.001
0.001
0.001
0.001
0.001
0.001
0.001
0.001
0.001
0.001
0.001
0.001
0.001
0.001
0.001
0.001
0.001
0.001
0.001
0.001
0.001
0.001
0.001
0.001
0.001
0.001
0.001
0.001
0.001
0.001
0.001
0.001
0.001
0.001
0.001
0.001
0.001
0.001
0.001
0.001
0.001
0.001
0.001
0.001
0.001
0.001
0.001
0.001
0.001
0.001
0.001
0.001
0.001
0.001
0.001
0.001
0.001
0.001
0.001
0.001
0.001
0.001
0.001
0.001
0.001
0.001
0.001
0.001
0.001
0.001
0.001
0.001
0.001
0.001
0.001
0.001
0.001
0.001
0.001
0.001
0.001
0.001
0.001
0.001
0.001
0.001
0.001
0.001
0.001
0.001
0.001
0.001
0.001
0.001
0.001
0.001
0.001
0.001
0.001
0.001
0.001
0.001
0.001
0.001
0.001
0.001
0.001
0.001
0.001
0.001
0.001
0.001
0.001
0.001
0.001
0.001
0.001
0.001
0.001
0.001
0.001
0.001
0.001
0.001
0.001
0.001
0.001
0.001
0.001
0.001
0.001
0.001
0.001
0.001
0.001
0.001
0.001
0.001
0.001
0.001
0.001
0.001
0.001
0.001
0.001
0.001
0.001
0.001
0.001
0.0642385
0.145106
0.12537
0.0365234
0.001
0.001
0.001
0.001
0.00112177
0.0019252
0.00199172
0.00127193
0.001
0.001
0.001
0.001
0.001
0.001
0.001
0.001
0.001
0.001
0.001
0.001
0.001
0.001
0.001
0.001
0.001
0.001
0.001
0.001
0.00128585
0.00201196
0.00194339
0.0011309
0.001
0.001
0.001
0.001
0.0365144
0.12532
0.145043
0.0642092
0.001
0.001
0.001
0.001
0.001
0.001
0.141165
0.65184
0.667491
0.17281
0.0386064
0.00101898
0.0443154
0.121906
0.146674
0.183045
0.196374
0.092122
0.001
0.001
0.001
0.001
0.001
0.001
0.001
0.001
0.001
0.001
0.001
0.001
0.001
0.001
0.001
0.001
0.001
0.001
0.001
0.001
0.092502
0.197106
0.183587
0.146661
0.121773
0.0442511
0.0010226
0.0385975
0.172731
0.667491
0.65184
0.141094
0.001
0.001
0.001
0.001
0.001
0.001
0.150015
0.770005
0.781108
0.658156
0.200227
0.0673891
0.183374
0.470954
0.668246
0.734329
0.595095
0.19311
0.00122571
0.001
0.001
0.001
0.001
0.001
0.001
0.001
0.001
0.001
0.001
0.001
0.001
0.001
0.001
0.001
0.001
0.001
0.001
0.00123964
0.193779
0.594844
0.734268
0.668246
0.470937
0.183314
0.0673457
0.200093
0.658156
0.781108
0.770005
0.149902
0.001
0.001
0.001
0.001
0.001
0.001
0.0936711
0.653651
0.8
0.8
0.660168
0.2487
0.412781
0.640095
0.715271
0.788027
0.612217
0.157966
0.001
0.001
0.00220467
0.00279115
0.00220628
0.00110626
0.00187784
0.00226544
0.00180063
0.001
0.00103348
0.00251286
0.00304999
0.00237196
0.00109737
0.00205592
0.00256495
0.00200234
0.001
0.001
0.158458
0.612287
0.788013
0.715271
0.639907
0.412597
0.248453
0.660168
0.8
0.8
0.653651
0.0935954
0.001
0.001
0.001
0.001
0.001
0.001
0.0440398
0.259406
0.706595
0.8
0.8
0.705848
0.701664
0.694156
0.773609
0.596423
0.262298
0.0432643
0.001
0.0720924
0.209187
0.235207
0.151914
0.122793
0.145708
0.208543
0.204409
0.0945928
0.0795612
0.185339
0.205102
0.152559
0.123649
0.150278
0.240747
0.220088
0.0781104
0.001
0.0434117
0.262997
0.596423
0.773609
0.694141
0.701664
0.705848
0.8
0.8
0.706595
0.259137
0.0440362
0.001
0.001
0.001
0.001
0.001
0.001
0.00257736
0.115782
0.428986
0.782003
0.8
0.770601
0.8
0.758058
0.8
0.406849
0.11088
0.00161881
0.001
0.174225
0.55016
0.599858
0.720535
0.596629
0.710426
0.756644
0.559064
0.220902
0.188197
0.582764
0.756644
0.710426
0.596629
0.720535
0.599939
0.566046
0.1843
0.001
0.00163706
0.111224
0.406571
0.8
0.757982
0.8
0.770601
0.8
0.782003
0.429101
0.115569
0.00258118
0.001
0.001
0.001
0.001
0.001
0.001
0.001
0.0336278
0.243935
0.691455
1
1
1
1
1
0.306569
0.0120484
0.001
0.001
0.165531
0.563802
0.660369
0.743307
0.8
0.8
0.730653
0.518184
0.193335
0.168289
0.493608
0.730653
0.8
0.8
0.743307
0.660099
0.563494
0.170946
0.001
0.001
0.0120693
0.306407
1
1
1
1
1
0.690816
0.243563
0.0332666
0.001
0.001
0.001
0.001
0.001
0.0861045
0.244773
0.332528
0.441566
0.619368
0.898772
1
1
1
1
1
0.331378
0.001
0.001
0.001
0.0617616
0.316858
0.8
0.8
0.8
0.792245
0.346819
0.176795
0.0530243
0.0500873
0.172016
0.350376
0.792245
0.8
0.8
0.8
0.31869
0.0615103
0.001
0.001
0.001
0.331325
1
1
1
1
1
0.899672
0.618712
0.442063
0.342525
0.259094
0.0931672
0.001
0.001
0.242548
0.731873
0.901571
1
0.936806
0.906406
1
1
1
1
1
0.415239
0.001
0.001
0.001
0.0064085
0.250521
0.8
0.942417
0.823767
0.466522
0.107022
0.00505836
0.001
0.001
0.00478225
0.108639
0.468482
0.832579
0.950869
0.8
0.255961
0.00677506
0.001
0.001
0.001
0.415214
1
1
1
1
1
0.906406
0.936806
1
0.902162
0.764306
0.257948
0.001
0.001
0.248664
0.761584
0.899965
0.99537
1
1
1
1
1
1
1
0.420826
0.00473062
0.001
0.001
0.0302471
0.403097
1
1
0.906043
0.297046
0.0238559
0.001
0.001
0.001
0.001
0.024352
0.303756
0.913027
1
1
0.409282
0.0311848
0.001
0.001
0.00472864
0.420642
1
1
1
1
1
1
1
0.995092
0.899977
0.769797
0.26105
0.001
0.001
0.0947726
0.268129
0.358093
0.397364
0.615417
0.964414
1
1
1
1
1
0.494411
0.0649211
0.001
0.001
0.11362
0.688685
1
1
0.867754
0.193236
0.00143657
0.001
0.001
0.001
0.001
0.0015788
0.196249
0.875363
1
1
0.694081
0.114689
0.001
0.001
0.064915
0.494248
1
1
1
1
1
0.964414
0.615535
0.399414
0.363528
0.274332
0.0975405
0.001
0.001
0.001
0.001
0.001
0.0127319
0.16019
0.547668
1
1
1
1
1
0.884392
0.239976
0.0147697
0.001
0.209329
0.984001
1
1
0.713649
0.137436
0.001
0.001
0.001
0.001
0.001
0.001
0.138389
0.717207
1
1
0.990202
0.210741
0.001
0.0147093
0.239801
0.884132
1
1
1
1
1
0.54824
0.160248
0.012704
0.001
0.001
0.001
0.001
0.001
0.001
0.001
0.001
0.001
0.00627
0.223539
0.666909
1
1
1
1
1
0.623769
0.110061
0.0110704
0.340267
1
1
1
0.431092
0.0500482
0.001
0.001
0.001
0.001
0.001
0.001
0.0500698
0.431957
1
1
1
0.342554
0.0112227
0.109858
0.623205
1
1
1
1
1
0.670029
0.22526
0.00625769
0.001
0.001
0.001
0.001
0.001
0.001
0.001
0.001
0.001
0.001
0.0779585
0.362428
0.813914
1
1
1
1
1
1
0.457903
0.188766
0.643408
1
1
1
0.280906
0.00427537
0.001
0.001
0.001
0.001
0.001
0.001
0.00432983
0.280778
1
1
1
0.645901
0.188759
0.45777
1
1
1
1
1
1
0.812105
0.36483
0.0787494
0.001
0.001
0.001
0.001
0.001
0.001
0.001
0.001
0.001
0.001
0.215898
0.725916
0.875085
0.984494
1
1
1
1
1
1
0.579431
1
1
1
0.965436
0.214464
0.001
0.001
0.001
0.001
0.001
0.001
0.001
0.001
0.21436
0.967951
1
1
1
0.579502
1
1
1
1
1
1
0.984975
0.875085
0.74008
0.218146
0.001
0.001
0.001
0.001
0.001
0.001
0.001
0.001
0.001
0.001
0.219283
0.669213
0.788286
0.70839
0.977617
1
1
1
1
1
1
1
1
1
0.737081
0.149871
0.001
0.001
0.001
0.001
0.001
0.001
0.001
0.001
0.150226
0.739711
1
1
1
1
1
1
1
1
1
0.978756
0.709469
0.789572
0.681174
0.221554
0.001
0.001
0.001
0.001
0.001
0.001
0.001
0.001
0.001
0.001
0.0826408
0.23206
0.274939
0.240763
0.491163
1
1
1
1
1
1
1
1
1
0.676361
0.1367
0.001
0.001
0.001
0.001
0.001
0.001
0.001
0.001
0.136802
0.678751
1
1
1
1
1
1
1
1
1
0.492792
0.24104
0.275046
0.232821
0.0834768
0.001
0.001
0.001
0.001
0.001
0.001
0.001
0.001
0.001
0.001
0.001
0.001
0.001
0.00831659
0.1647
0.739352
1
1
1
1
1
1
1
1
0.799259
0.179281
0.001
0.001
0.001
0.001
0.001
0.001
0.001
0.001
0.179255
0.801485
1
1
1
1
1
1
1
1
0.741342
0.165877
0.00851071
0.001
0.001
0.001
0.001
0.001
0.001
0.001
0.001
0.001
0.001
0.001
0.001
0.001
0.001
0.001
0.001
0.001
0.0406295
0.293779
1
1
1
1
1
1
1
1
0.999847
0.242184
0.00122715
0.001
0.001
0.001
0.001
0.001
0.001
0.00121408
0.242297
1
1
1
1
1
1
1
1
1
0.294593
0.0409051
0.001
0.001
0.001
0.001
0.001
0.001
0.001
0.001
0.001
0.001
0.001
0.001
0.001
0.001
0.001
0.001
0.001
0.001
0.001
0.0742848
0.63898
1
1
1
1
1
1
1
1
0.400519
0.0228366
0.001
0.001
0.001
0.001
0.001
0.001
0.0227556
0.4012
1
1
1
1
1
1
1
1
0.640823
0.0746196
0.001
0.001
0.001
0.001
0.001
0.001
0.001
0.001
0.001
0.001
0.001
0.001
0.120253
0.293859
0.300291
0.219809
0.238752
0.230266
0.161524
0.148996
0.180751
0.461371
1
1
1
1
1
1
1
1
0.646546
0.0835671
0.0366948
0.0578563
0.0333846
0.0334333
0.0579394
0.0367436
0.0835622
0.648034
1
1
1
1
1
1
1
1
0.462286
0.180907
0.14914
0.161577
0.230038
0.238379
0.219392
0.299707
0.293294
0.120029
0.001
0.001
0.001
0.001
0.253022
0.748436
0.837763
0.994677
0.888132
0.847199
0.900508
0.918248
0.939318
0.990767
1
1
1
1
1
1
1
1
1
1
1
0.699107
0.207442
0.207558
0.699554
1
1
1
1
1
1
1
1
1
1
1
0.990765
0.939318
0.918251
0.900511
0.847201
0.888132
0.994677
0.837763
0.748435
0.252582
0.001
0.001
0.001
0.001
0.268858
0.987562
0.998535
1
1
1
1
1
1
1
1
1
1
1
1
1
1
1
1
1
1
1
0.391876
0.392032
1
1
1
1
1
1
1
1
1
1
1
1
1
1
1
1
1
1
1
0.998535
0.987562
0.268413
0.001
0.001
