0.00208304
0.188085
0.624102
0.746257
0.868131
0.977479
1
1
1
1
1
1
1
1
1
1
1
1
1
1
1
1
1
1
0.436674
0.436674
1
1
1
1
1
1
1
1
1
1
1
1
1
1
1
1
1
1
0.977479
0.868131
0.746257
0.624102
0.188085
0.00208304
0.00247963
0.210064
0.604316
0.738577
0.745987
0.734168
0.72818
0.779889
0.817343
0.842058
0.867417
0.907397
1
1
1
1
1
1
1
1
1
1
1
0.754457
0.194437
0.194437
0.754457
1
1
1
1
1
1
1
1
1
1
1
0.907397
0.867417
0.842058
0.817343
0.779889
0.72818
0.734168
0.745987
0.738577
0.604316
0.210064
0.00247963
0.00175149
0.16223
0.457856
0.576017
0.451821
0.272782
0.161716
0.144629
0.149343
0.161999
0.252746
0.536758
1
1
1
1
1
1
1
1
0.95541
0.312696
0.0310618
0.00861939
0.0056704
0.0056704
0.00861939
0.0310618
0.312696
0.95541
1
1
1
1
1
1
1
1
0.536758
0.252746
0.161999
0.149343
0.144629
0.161716
0.272782
0.451821
0.576017
0.457856
0.16223
0.00175149
0.001
0.0631905
0.163378
0.191271
0.116451
0.0393396
0.00280439
0.001
0.001
0.0226668
0.241393
0.8227
1
1
1
1
1
1
1
1
0.775476
0.20994
0.00620255
0.001
0.001
0.001
0.001
0.00620255
0.20994
0.775476
1
1
1
1
1
1
1
1
0.8227
0.241393
0.0226668
0.001
0.001
0.00280439
0.0393396
0.116451
0.191271
0.163378
0.0631905
0.001
0.001
0.001
0.00134132
0.00155894
0.001
0.001
0.001
0.001
0.0152098
0.125215
0.558159
1
1
1
1
1
1
1
1
1
0.550755
0.113847
0.001
0.001
0.001
0.001
0.001
0.001
0.113847
0.550755
1
1
1
1
1
1
1
1
1
0.558159
0.125215
0.0152098
0.001
0.001
0.001
0.001
0.00155894
0.00134132
0.001
0.001
0.001
0.001
0.001
0.001
0.001
0.001
0.001
0.00638485
0.0925438
0.393761
1
1
1
1
1
1
1
1
1
1
0.46492
0.0829948
0.001
0.001
0.001
0.001
0.001
0.001
0.0829948
0.46492
1
1
1
1
1
1
1
1
1
1
0.393761
0.0925438
0.00638485
0.001
0.001
0.001
0.001
0.001
0.001
0.001
0.001
0.001
0.001
0.001
0.001
0.001
0.001
0.044025
0.284886
0.849912
1
1
1
1
1
0.693879
1
1
1
1
0.469574
0.0905614
0.001
0.001
0.001
0.001
0.001
0.001
0.0905614
0.469574
1
1
1
1
0.693879
1
1
1
1
1
0.849912
0.284886
0.044025
0.001
0.001
0.001
0.001
0.001
0.001
0.001
0.001
0.00618345
0.0575978
0.12567
0.138563
0.0960786
0.0698415
0.180697
0.641478
1
1
1
1
1
0.475211
0.404762
0.958646
1
1
1
0.502128
0.100436
0.001
0.001
0.001
0.001
0.001
0.001
0.100436
0.502128
1
1
1
0.958646
0.404762
0.475211
1
1
1
1
1
0.641478
0.180697
0.0698415
0.0960786
0.138563
0.12567
0.0575978
0.00618345
0.001
0.001
0.0722413
0.259988
0.472692
0.540524
0.491718
0.419624
0.558029
1
1
1
1
1
0.486328
0.114533
0.234331
0.844831
1
1
1
0.534654
0.105861
0.001
0.001
0.001
0.001
0.001
0.001
0.105861
0.534654
1
1
1
0.844831
0.234331
0.114533
0.486328
1
1
1
1
1
0.558029
0.419624
0.491718
0.540524
0.472692
0.259988
0.0722413
0.001
0.00155445
0.171352
0.514327
0.761906
0.794599
0.812312
0.823484
0.999011
1
1
1
1
0.54507
0.126342
0.0107049
0.14798
0.689582
1
1
1
0.555448
0.107592
0.001
0.001
0.001
0.001
0.001
0.001
0.107592
0.555448
1
1
1
0.689582
0.14798
0.0107049
0.126342
0.54507
1
1
1
1
0.999011
0.823484
0.812312
0.794599
0.761906
0.514327
0.171352
0.00155445
0.00152176
0.167887
0.495571
0.739074
0.802876
0.834899
0.90014
1
1
1
1
0.63325
0.161737
0.015876
0.001
0.0840694
0.543178
1
1
1
0.55656
0.108245
0.001
0.001
0.001
0.001
0.001
0.001
0.108245
0.55656
1
1
1
0.543178
0.0840694
0.001
0.015876
0.161737
0.63325
1
1
1
1
0.90014
0.834899
0.802876
0.739074
0.495571
0.167887
0.00152176
0.001
0.0660422
0.222662
0.406076
0.555418
0.675692
0.866774
1
1
1
0.808839
0.251534
0.0316314
0.001
0.001
0.0586392
0.459467
1
1
1
0.538756
0.109318
0.001
0.001
0.001
0.001
0.001
0.001
0.109318
0.538756
1
1
1
0.459467
0.0586392
0.001
0.001
0.0316314
0.251534
0.808839
1
1
1
0.866774
0.675692
0.555418
0.406076
0.222662
0.0660422
0.001
0.001
0.00293797
0.0353244
0.0944931
0.189508
0.403221
0.855052
1
1
1
0.440813
0.0887707
0.0031174
0.001
0.001
0.0604537
0.422124
1
1
1
0.510353
0.110216
0.001
0.001
0.001
0.001
0.001
0.001
0.110216
0.510353
1
1
1
0.422124
0.0604537
0.001
0.001
0.0031174
0.0887707
0.440813
1
1
1
0.855052
0.403221
0.189508
0.0944931
0.0353244
0.00293797
0.001
0.001
0.001
0.001
0.001
0.0601493
0.370403
1
1
1
0.756144
0.211821
0.0206805
0.001
0.001
0.001
0.0659397
0.414964
1
1
1
0.493137
0.107962
0.001
0.001
0.001
0.001
0.001
0.001
0.107962
0.493137
1
1
1
0.414964
0.0659397
0.001
0.001
0.001
0.0206805
0.211821
0.756144
1
1
1
0.370403
0.0601493
0.001
0.001
0.001
0.001
0.001
0.001
0.001
0.00322207
0.105418
0.5391
1
1
1
0.460239
0.0823638
0.00115173
0.001
0.001
0.001
0.0713214
0.431144
1
1
1
0.493927
0.102549
0.001
0.001
0.001
0.001
0.001
0.001
0.102549
0.493927
1
1
1
0.431144
0.0713214
0.001
0.001
0.001
0.00115173
0.0823638
0.460239
1
1
1
0.5391
0.105418
0.00322207
0.001
0.001
0.001
0.001
0.001
0.00133131
0.0386969
0.228139
0.736818
1
1
0.802469
0.243074
0.0245235
0.001
0.001
0.001
0.001
0.07663
0.432134
0.991263
1
1
0.480805
0.09949
0.001109
0.001
0.001
0.001
0.001
0.001109
0.09949
0.480805
1
1
0.991263
0.432134
0.07663
0.001
0.001
0.001
0.001
0.0245235
0.243074
0.802469
1
1
0.736818
0.228139
0.0386969
0.00133131
0.001
0.001
0.001
0.001
0.0398763
0.168783
0.430549
0.848671
1
1
0.508667
0.113921
0.00231939
0.001
0.001
0.001
0.00385315
0.103823
0.442803
0.882092
1
0.915654
0.510645
0.165039
0.026315
0.001
0.001
0.001
0.001
0.026315
0.165039
0.510645
0.915654
1
0.882092
0.442803
0.103823
0.00385315
0.001
0.001
0.001
0.00231939
0.113921
0.508667
1
1
0.848671
0.430549
0.168783
0.0398763
0.001
0.001
0.001
0.00540334
0.10729
0.353294
0.593707
0.8
0.883701
0.781542
0.399559
0.0943191
0.0033085
0.001
0.001
0.001
0.0354327
0.202872
0.51493
0.740814
0.816199
0.754914
0.590853
0.310144
0.0851384
0.00385191
0.001
0.001
0.00385191
0.0851384
0.310144
0.590853
0.754914
0.816199
0.740814
0.51493
0.202872
0.0354327
0.001
0.001
0.001
0.0033085
0.0943191
0.399559
0.781542
0.883701
0.8
0.593707
0.353294
0.10729
0.00540334
0.001
0.001
0.0428868
0.214724
0.486885
0.630638
0.712655
0.704293
0.642297
0.508966
0.201319
0.0382087
0.001
0.001
0.015607
0.127571
0.38828
0.614664
0.679591
0.667194
0.673482
0.630611
0.476211
0.207559
0.0414792
0.001
0.001
0.0414792
0.207559
0.476211
0.630611
0.673482
0.667194
0.679591
0.614664
0.38828
0.127571
0.015607
0.001
0.001
0.0382087
0.201319
0.508966
0.642297
0.704293
0.712655
0.630638
0.486885
0.214724
0.0428868
0.001
0.00107059
0.107152
0.346978
0.553951
0.616705
0.606932
0.551394
0.560713
0.559576
0.358894
0.110144
0.00117275
0.001
0.0772653
0.284483
0.53419
0.6137
0.578968
0.527242
0.574347
0.603201
0.555303
0.35674
0.111376
0.00112523
0.00112523
0.111376
0.35674
0.555303
0.603201
0.574347
0.527242
0.578968
0.6137
0.53419
0.284483
0.0772653
0.001
0.00117275
0.110144
0.358894
0.559576
0.560713
0.551394
0.606932
0.616705
0.553951
0.346978
0.107152
0.00107059
0.00498673
0.169021
0.45279
0.624269
0.567563
0.477122
0.361781
0.483671
0.622194
0.513553
0.196936
0.00308198
0.00196586
0.181712
0.492739
0.662305
0.589628
0.442559
0.306079
0.410102
0.561509
0.650262
0.502966
0.195359
0.00310963
0.00310963
0.195359
0.502966
0.650262
0.561509
0.410102
0.306079
0.442559
0.589628
0.662305
0.492739
0.181712
0.00196586
0.00308198
0.196936
0.513553
0.622194
0.483671
0.361781
0.477122
0.567563
0.624269
0.45279
0.169021
0.00498673
0.00778191
0.214359
0.531354
0.608334
0.429437
0.224288
0.146861
0.269549
0.479459
0.463138
0.182967
0.00305891
0.00246415
0.191217
0.491645
0.567734
0.414206
0.219809
0.10677
0.204846
0.388562
0.530572
0.464887
0.18484
0.0032097
0.0032097
0.18484
0.464887
0.530572
0.388562
0.204846
0.10677
0.219809
0.414206
0.567734
0.491645
0.191217
0.00246415
0.00305891
0.182967
0.463138
0.479459
0.269549
0.146861
0.224288
0.429437
0.608334
0.531354
0.214359
0.00778191
0.00509059
0.17271
0.433137
0.427226
0.199098
0.0593728
0.0245187
0.0825319
0.183808
0.183953
0.0774302
0.00113342
0.00117709
0.086355
0.210843
0.244459
0.151277
0.0581422
0.00949209
0.0531572
0.139774
0.225448
0.196035
0.0824143
0.00125667
0.00125667
0.0824143
0.196035
0.225448
0.139774
0.0531572
0.00949209
0.0581422
0.151277
0.244459
0.210843
0.086355
0.00117709
0.00113342
0.0774302
0.183953
0.183808
0.0825319
0.0245187
0.0593728
0.199098
0.427226
0.433137
0.17271
0.00509059
0.001
0.0651844
0.154175
0.141686
0.0480887
0.00230539
0.001
0.00100576
0.00295244
0.00312944
0.00125417
0.001
0.001
0.00321806
0.0122891
0.0152098
0.00746385
0.001
0.001
0.001
0.00502697
0.0104534
0.00860056
0.0023381
0.001
0.001
0.0023381
0.00860056
0.0104534
0.00502697
0.001
0.001
0.001
0.00746385
0.0152098
0.0122891
0.00321806
0.001
0.001
0.00125417
0.00312944
0.00295244
0.00100576
0.001
0.00230539
0.0480887
0.141686
0.154175
0.0651844
0.001
0.001
0.001
0.001
0.001
0.001
0.001
0.001
0.001
0.001
0.001
0.001
0.001
0.001
0.001
0.001
0.001
0.001
0.001
0.001
0.001
0.001
0.001
0.001
0.001
0.001
0.001
0.001
0.001
0.001
0.001
0.001
0.001
0.001
0.001
0.001
0.001
0.001
0.001
0.001
0.001
0.001
0.001
0.001
0.001
0.001
0.001
0.001
0.001
0.001
0.001
0.001
0.001
0.001
0.001
0.001
0.001
0.001
0.001
0.001
0.001
0.001
0.001
0.001
0.001
0.001
0.001
0.001
0.001
0.001
0.001
0.001
0.001
0.001
0.001
0.001
0.001
0.001
0.001
0.001
0.001
0.001
0.001
0.001
0.001
0.001
0.001
0.001
0.001
0.001
0.001
0.001
0.001
0.001
0.001
0.001
0.001
0.001
0.001
0.001
0.001
0.001
0.0651844
0.154175
0.141686
0.0480887
0.00230539
0.001
0.00100576
0.00295244
0.00312944
0.00125417
0.001
0.001
0.00321806
0.0122891
0.0152098
0.00746385
0.001
0.001
0.001
0.00502697
0.0104534
0.00860056
0.0023381
0.001
0.001
0.0023381
0.00860056
0.0104534
0.00502697
0.001
0.001
0.001
0.00746385
0.0152098
0.0122891
0.00321806
0.001
0.001
0.00125417
0.00312944
0.00295244
0.00100576
0.001
0.00230539
0.0480887
0.141686
0.154175
0.0651844
0.001
0.00509059
0.17271
0.433137
0.427226
0.199098
0.0593728
0.0245187
0.0825319
0.183808
0.183953
0.0774302
0.00113342
0.00117709
0.086355
0.210843
0.244459
0.151277
0.0581422
0.00949209
0.0531572
0.139774
0.225448
0.196035
0.0824143
0.00125667
0.00125667
0.0824143
0.196035
0.225448
0.139774
0.0531572
0.00949209
0.0581422
0.151277
0.244459
0.210843
0.086355
0.00117709
0.00113342
0.0774302
0.183953
0.183808
0.0825319
0.0245187
0.0593728
0.199098
0.427226
0.433137
0.17271
0.00509059
0.00778191
0.214359
0.531354
0.608334
0.429437
0.224288
0.146861
0.269549
0.479459
0.463138
0.182967
0.00305891
0.00246415
0.191217
0.491645
0.567734
0.414206
0.219809
0.10677
0.204846
0.388562
0.530572
0.464887
0.18484
0.0032097
0.0032097
0.18484
0.464887
0.530572
0.388562
0.204846
0.10677
0.219809
0.414206
0.567734
0.491645
0.191217
0.00246415
0.00305891
0.182967
0.463138
0.479459
0.269549
0.146861
0.224288
0.429437
0.608334
0.531354
0.214359
0.00778191
0.00498673
0.169021
0.45279
0.624269
0.567563
0.477122
0.361781
0.483671
0.622194
0.513553
0.196936
0.00308198
0.00196586
0.181712
0.492739
0.662305
0.589628
0.442559
0.306079
0.410102
0.561509
0.650262
0.502966
0.195359
0.00310963
0.00310963
0.195359
0.502966
0.650262
0.561509
0.410102
0.306079
0.442559
0.589628
0.662305
0.492739
0.181712
0.00196586
0.00308198
0.196936
0.513553
0.622194
0.483671
0.361781
0.477122
0.567563
0.624269
0.45279
0.169021
0.00498673
0.00107059
0.107152
0.346978
0.553951
0.616705
0.606932
0.551394
0.560713
0.559576
0.358894
0.110144
0.00117275
0.001
0.0772653
0.284483
0.53419
0.6137
0.578968
0.527242
0.574347
0.603201
0.555303
0.35674
0.111376
0.00112523
0.00112523
0.111376
0.35674
0.555303
0.603201
0.574347
0.527242
0.578968
0.6137
0.53419
0.284483
0.0772653
0.001
0.00117275
0.110144
0.358894
0.559576
0.560713
0.551394
0.606932
0.616705
0.553951
0.346978
0.107152
0.00107059
0.001
0.0428868
0.214724
0.486885
0.630638
0.712655
0.704293
0.642297
0.508966
0.201319
0.0382087
0.001
0.001
0.015607
0.127571
0.38828
0.614664
0.679591
0.667194
0.673482
0.630611
0.476211
0.207559
0.0414792
0.001
0.001
0.0414792
0.207559
0.476211
0.630611
0.673482
0.667194
0.679591
0.614664
0.38828
0.127571
0.015607
0.001
0.001
0.0382087
0.201319
0.508966
0.642297
0.704293
0.712655
0.630638
0.486885
0.214724
0.0428868
0.001
0.001
0.00540334
0.10729
0.353294
0.593707
0.8
0.883701
0.781542
0.399559
0.0943191
0.0033085
0.001
0.001
0.001
0.0354327
0.202872
0.51493
0.740814
0.816199
0.754914
0.590853
0.310144
0.0851384
0.00385191
0.001
0.001
0.00385191
0.0851384
0.310144
0.590853
0.754914
0.816199
0.740814
0.51493
0.202872
0.0354327
0.001
0.001
0.001
0.0033085
0.0943191
0.399559
0.781542
0.883701
0.8
0.593707
0.353294
0.10729
0.00540334
0.001
0.001
0.001
0.0398763
0.168783
0.430549
0.848671
1
1
0.508667
0.113921
0.00231939
0.001
0.001
0.001
0.00385315
0.103823
0.442803
0.882092
1
0.915654
0.510645
0.165039
0.026315
0.001
0.001
0.001
0.001
0.026315
0.165039
0.510645
0.915654
1
0.882092
0.442803
0.103823
0.00385315
0.001
0.001
0.001
0.00231939
0.113921
0.508667
1
1
0.848671
0.430549
0.168783
0.0398763
0.001
0.001
0.001
0.001
0.00133131
0.0386969
0.228139
0.736818
1
1
0.802469
0.243074
0.0245235
0.001
0.001
0.001
0.001
0.07663
0.432134
0.991263
1
1
0.480805
0.09949
0.001109
0.001
0.001
0.001
0.001
0.001109
0.09949
0.480805
1
1
0.991263
0.432134
0.07663
0.001
0.001
0.001
0.001
0.0245235
0.243074
0.802469
1
1
0.736818
0.228139
0.0386969
0.00133131
0.001
0.001
0.001
0.001
0.001
0.00322207
0.105418
0.5391
1
1
1
0.460239
0.0823638
0.00115173
0.001
0.001
0.001
0.0713214
0.431144
1
1
1
0.493927
0.102549
0.001
0.001
0.001
0.001
0.001
0.001
0.102549
0.493927
1
1
1
0.431144
0.0713214
0.001
0.001
0.001
0.00115173
0.0823638
0.460239
1
1
1
0.5391
0.105418
0.00322207
0.001
0.001
0.001
0.001
0.001
0.001
0.001
0.0601493
0.370403
1
1
1
0.756144
0.211821
0.0206805
0.001
0.001
0.001
0.0659397
0.414964
1
1
1
0.493137
0.107962
0.001
0.001
0.001
0.001
0.001
0.001
0.107962
0.493137
1
1
1
0.414964
0.0659397
0.001
0.001
0.001
0.0206805
0.211821
0.756144
1
1
1
0.370403
0.0601493
0.001
0.001
0.001
0.001
0.001
0.00293797
0.0353244
0.0944931
0.189508
0.403221
0.855052
1
1
1
0.440813
0.0887707
0.0031174
0.001
0.001
0.0604537
0.422124
1
1
1
0.510353
0.110216
0.001
0.001
0.001
0.001
0.001
0.001
0.110216
0.510353
1
1
1
0.422124
0.0604537
0.001
0.001
0.0031174
0.0887707
0.440813
1
1
1
0.855052
0.403221
0.189508
0.0944931
0.0353244
0.00293797
0.001
0.001
0.0660422
0.222662
0.406076
0.555418
0.675692
0.866774
1
1
1
0.808839
0.251534
0.0316314
0.001
0.001
0.0586392
0.459467
1
1
1
0.538756
0.109318
0.001
0.001
0.001
0.001
0.001
0.001
0.109318
0.538756
1
1
1
0.459467
0.0586392
0.001
0.001
0.0316314
0.251534
0.808839
1
1
1
0.866774
0.675692
0.555418
0.406076
0.222662
0.0660422
0.001
0.00152176
0.167887
0.495571
0.739074
0.802876
0.834899
0.90014
1
1
1
1
0.63325
0.161737
0.015876
0.001
0.0840694
0.543178
1
1
1
0.55656
0.108245
0.001
0.001
0.001
0.001
0.001
0.001
0.108245
0.55656
1
1
1
0.543178
0.0840694
0.001
0.015876
0.161737
0.63325
1
1
1
1
0.90014
0.834899
0.802876
0.739074
0.495571
0.167887
0.00152176
0.00155445
0.171352
0.514327
0.761906
0.794599
0.812312
0.823484
0.999011
1
1
1
1
0.54507
0.126342
0.0107049
0.14798
0.689582
1
1
1
0.555448
0.107592
0.001
0.001
0.001
0.001
0.001
0.001
0.107592
0.555448
1
1
1
0.689582
0.14798
0.0107049
0.126342
0.54507
1
1
1
1
0.999011
0.823484
0.812312
0.794599
0.761906
0.514327
0.171352
0.00155445
0.001
0.0722413
0.259988
0.472692
0.540524
0.491718
0.419624
0.558029
1
1
1
1
1
0.486328
0.114533
0.234331
0.844831
1
1
1
0.534654
0.105861
0.001
0.001
0.001
0.001
0.001
0.001
0.105861
0.534654
1
1
1
0.844831
0.234331
0.114533
0.486328
1
1
1
1
1
0.558029
0.419624
0.491718
0.540524
0.472692
0.259988
0.0722413
0.001
0.001
0.00618345
0.0575978
0.12567
0.138563
0.0960786
0.0698415
0.180697
0.641478
1
1
1
1
1
0.475211
0.404762
0.958646
1
1
1
0.502128
0.100436
0.001
0.001
0.001
0.001
0.001
0.001
0.100436
0.502128
1
1
1
0.958646
0.404762
0.475211
1
1
1
1
1
0.641478
0.180697
0.0698415
0.0960786
0.138563
0.12567
0.0575978
0.00618345
0.001
0.001
0.001
0.001
0.001
0.001
0.001
0.001
0.044025
0.284886
0.849912
1
1
1
1
1
0.693879
1
1
1
1
0.469574
0.0905614
0.001
0.001
0.001
0.001
0.001
0.001
0.0905614
0.469574
1
1
1
1
0.693879
1
1
1
1
1
0.849912
0.284886
0.044025
0.001
0.001
0.001
0.001
0.001
0.001
0.001
0.001
0.001
0.001
0.001
0.001
0.001
0.001
0.00638485
0.0925438
0.393761
1
1
1
1
1
1
1
1
1
1
0.46492
0.0829948
0.001
0.001
0.001
0.001
0.001
0.001
0.0829948
0.46492
1
1
1
1
1
1
1
1
1
1
0.393761
0.0925438
0.00638485
0.001
0.001
0.001
0.001
0.001
0.001
0.001
0.001
0.001
0.00134132
0.00155894
0.001
0.001
0.001
0.001
0.0152098
0.125215
0.558159
1
1
1
1
1
1
1
1
1
0.550755
0.113847
0.001
0.001
0.001
0.001
0.001
0.001
0.113847
0.550755
1
1
1
1
1
1
1
1
1
0.558159
0.125215
0.0152098
0.001
0.001
0.001
0.001
0.00155894
0.00134132
0.001
0.001
0.001
0.0631905
0.163378
0.191271
0.116451
0.0393396
0.00280439
0.001
0.001
0.0226668
0.241393
0.8227
1
1
1
1
1
1
1
1
0.775476
0.20994
0.00620255
0.001
0.001
0.001
0.001
0.00620255
0.20994
0.775476
1
1
1
1
1
1
1
1
0.8227
0.241393
0.0226668
0.001
0.001
0.00280439
0.0393396
0.116451
0.191271
0.163378
0.0631905
0.001
0.00175149
0.16223
0.457856
0.576017
0.451821
0.272782
0.161716
0.144629
0.149343
0.161999
0.252746
0.536758
1
1
1
1
1
1
1
1
0.95541
0.312696
0.0310618
0.00861939
0.0056704
0.0056704
0.00861939
0.0310618
0.312696
0.95541
1
1
1
1
1
1
1
1
0.536758
0.252746
0.161999
0.149343
0.144629
0.161716
0.272782
0.451821
0.576017
0.457856
0.16223
0.00175149
0.00247963
0.210064
0.604316
0.738577
0.745987
0.734168
0.72818
0.779889
0.817343
0.842058
0.867417
0.907397
1
1
1
1
1
1
1
1
1
1
1
0.754457
0.194437
0.194437
0.754457
1
1
1
1
1
1
1
1
1
1
1
0.907397
0.867417
0.842058
0.817343
0.779889
0.72818
0.734168
0.745987
0.738577
0.604316
0.210064
0.00247963
0.00208304
0.188085
0.624102
0.746257
0.868131
0.977479
1
1
1
1
1
1
1
1
1
1
1
1
1
1
1
1
1
1
0.436674
0.436674
1
1
1
1
1
1
1
1
1
1
1
1
1
1
1
1
1
1
0.977479
0.868131
0.746257
0.624102
0.188085
0.00208304
