0.001
0.001
0.269339
0.987562
0.998535
1
1
1
1
1
1
1
1
1
1
1
1
1
1
1
1
1
1
1
0.392344
0.39231
1
1
1
1
1
1
1
1
1
1
1
1
1
1
1
1
1
1
1
0.998535
0.987562
0.268534
0.001
0.001
0.001
0.001
0.253484
0.748436
0.837763
0.994677
0.888132
0.847186
0.900491
0.918234
0.939318
0.99076
1
1
1
1
1
1
1
1
1
1
1
0.700315
0.207865
0.207783
0.700072
1
1
1
1
1
1
1
1
1
1
1
0.990758
0.939318
0.918236
0.900494
0.847187
0.888132
0.994677
0.837763
0.748435
0.252686
0.001
0.001
0.001
0.001
0.120473
0.294402
0.300852
0.220241
0.239099
0.23028
0.161026
0.148288
0.179908
0.461565
1
1
1
1
1
1
1
1
0.648041
0.0833957
0.0369017
0.0582122
0.0335927
0.0335276
0.0581011
0.0368387
0.08352
0.647195
1
1
1
1
1
1
1
1
0.462171
0.181109
0.149378
0.161788
0.230212
0.238492
0.219457
0.299792
0.293386
0.120071
0.001
0.001
0.001
0.001
0.001
0.001
0.001
0.001
0.001
0.001
0.001
0.001
0.0742326
0.640283
1
1
1
1
1
1
1
1
0.401149
0.0226304
0.001
0.001
0.001
0.001
0.001
0.001
0.0227648
0.400864
1
1
1
1
1
1
1
1
0.639992
0.0743282
0.001
0.001
0.001
0.001
0.001
0.001
0.001
0.001
0.001
0.001
0.001
0.001
0.001
0.001
0.001
0.001
0.001
0.001
0.001
0.0405731
0.294052
1
1
1
1
1
1
1
1
1
0.242176
0.00120032
0.001
0.001
0.001
0.001
0.001
0.001
0.00121799
0.242329
1
1
1
1
1
1
1
1
1
0.294113
0.0406047
0.001
0.001
0.001
0.001
0.001
0.001
0.001
0.001
0.001
0.001
0.001
0.001
0.001
0.001
0.001
0.001
0.001
0.00831871
0.16465
0.740173
1
1
1
1
1
1
1
1
0.801382
0.178979
0.001
0.001
0.001
0.001
0.001
0.001
0.001
0.001
0.179297
0.800162
1
1
1
1
1
1
1
1
0.740233
0.164583
0.00822148
0.001
0.001
0.001
0.001
0.001
0.001
0.001
0.001
0.001
0.001
0.001
0.001
0.001
0.0881252
0.242221
0.279818
0.238585
0.490485
1
1
1
1
1
1
1
1
1
0.67851
0.136522
0.001
0.001
0.001
0.001
0.001
0.001
0.001
0.001
0.136709
0.677137
1
1
1
1
1
1
1
1
1
0.490809
0.240295
0.276023
0.23549
0.085162
0.001
0.001
0.001
0.001
0.001
0.001
0.001
0.001
0.001
0.001
0.229729
0.678973
0.788611
0.70551
0.977579
1
1
1
1
1
1
1
1
1
0.73966
0.150182
0.001
0.001
0.001
0.001
0.001
0.001
0.001
0.001
0.15001
0.738067
1
1
1
1
1
1
1
1
1
0.979738
0.711458
0.788758
0.701714
0.225826
0.001
0.001
0.001
0.001
0.001
0.001
0.001
0.001
0.001
0.001
0.222477
0.739753
0.875085
0.984839
1
1
1
1
1
1
0.579835
1
1
1
0.968152
0.214319
0.001
0.001
0.001
0.001
0.001
0.001
0.001
0.001
0.214773
0.966966
1
1
1
0.580356
1
1
1
1
1
1
0.984519
0.875085
0.746687
0.222211
0.001
0.001
0.001
0.001
0.001
0.001
0.001
0.001
0.001
0.001
0.077987
0.362898
0.813224
1
1
1
1
1
1
0.458474
0.188684
0.646351
1
1
1
0.280574
0.00430047
0.001
0.001
0.001
0.001
0.001
0.001
0.00427206
0.281361
1
1
1
0.644608
0.189005
0.458571
1
1
1
1
1
1
0.813228
0.368953
0.0800253
0.001
0.001
0.001
0.001
0.001
0.001
0.001
0.001
0.001
0.001
0.00626343
0.224903
0.66971
1
1
1
1
1
0.624454
0.110123
0.01121
0.342874
1
1
1
0.431817
0.0500665
0.001
0.001
0.001
0.001
0.001
0.001
0.0500859
0.431761
1
1
1
0.340896
0.0110773
0.110148
0.624559
1
1
1
1
1
0.672317
0.226357
0.00625353
0.001
0.001
0.001
0.001
0.001
0.001
0.001
0.001
0.001
0.0127208
0.160228
0.547663
1
1
1
1
1
0.885452
0.240306
0.0147557
0.001
0.210998
0.990996
1
1
0.717602
0.138545
0.001
0.001
0.001
0.001
0.001
0.001
0.13759
0.714768
1
1
0.985803
0.209732
0.001
0.0147318
0.240192
0.885508
1
1
1
1
1
0.548306
0.16002
0.0126136
0.001
0.001
0.001
0.001
0.001
0.095296
0.269064
0.358299
0.396776
0.615372
0.964414
1
1
1
1
1
0.49467
0.0650538
0.001
0.001
0.114854
0.694843
1
1
0.876193
0.196636
0.00159253
0.001
0.001
0.001
0.001
0.00144779
0.193548
0.869232
1
1
0.690018
0.113882
0.001
0.001
0.0649742
0.494972
1
1
1
1
1
0.964414
0.61511
0.397249
0.35819
0.268128
0.0946723
0.001
0.001
0.249961
0.758164
0.899837
0.995628
1
1
1
1
1
1
1
0.420957
0.00473754
0.001
0.001
0.031277
0.410375
1
1
0.913716
0.304507
0.0241409
0.001
0.001
0.001
0.001
0.0240882
0.297606
0.907593
1
1
0.403852
0.0303478
0.001
0.001
0.00471204
0.421267
1
1
1
1
1
1
1
0.995416
0.899875
0.763384
0.248579
0.001
0.001
0.243837
0.730652
0.901327
1
0.936806
0.906406
1
1
1
1
1
0.415781
0.001
0.001
0.001
0.00674852
0.257063
0.8
0.951846
0.833483
0.46639
0.10844
0.00471381
0.001
0.001
0.00506353
0.107252
0.468382
0.825055
0.94391
0.8
0.250687
0.00644191
0.001
0.001
0.001
0.415817
1
1
1
1
1
0.906406
0.936806
1
0.901636
0.734712
0.242596
0.001
0.001
0.0866102
0.245721
0.332997
0.441362
0.619552
0.897607
1
1
1
1
1
0.331933
0.001
0.001
0.001
0.0624035
0.321459
0.8
0.8
0.8
0.792245
0.349925
0.172297
0.0502712
0.0529695
0.176498
0.347614
0.792245
0.8
0.8
0.8
0.315138
0.0611314
0.001
0.001
0.001
0.331825
1
1
1
1
1
0.898565
0.619264
0.441546
0.332676
0.244987
0.0861985
0.001
0.001
0.001
0.001
0.001
0.0336205
0.243915
0.6917
1
1
1
1
1
0.307009
0.0120833
0.001
0.001
0.166874
0.562968
0.660639
0.743307
0.8
0.8
0.730653
0.490911
0.169133
0.189896
0.512345
0.730653
0.8
0.8
0.743307
0.660363
0.562553
0.170855
0.001
0.001
0.0120868
0.306994
1
1
1
1
1
0.69216
0.244035
0.0335754
0.001
0.001
0.001
0.001
0.001
0.001
0.001
0.00257796
0.115922
0.428821
0.782003
0.8
0.770601
0.8
0.758137
0.8
0.40698
0.111076
0.00162704
0.001
0.175916
0.547795
0.599756
0.720535
0.596629
0.710426
0.756644
0.578724
0.189557
0.215648
0.548401
0.756644
0.710426
0.596629
0.720535
0.599836
0.566204
0.184217
0.001
0.00163086
0.111272
0.406693
0.8
0.758056
0.8
0.770601
0.8
0.782003
0.428948
0.11575
0.00256629
0.001
0.001
0.001
0.001
0.001
0.001
0.0440741
0.25971
0.706595
0.8
0.8
0.705848
0.701664
0.694181
0.773609
0.596423
0.262817
0.0434015
0.001
0.0730626
0.211021
0.236242
0.151766
0.12331
0.152077
0.206436
0.187092
0.0803664
0.0917888
0.199912
0.20623
0.14663
0.123182
0.151031
0.241475
0.220164
0.0779203
0.001
0.0434304
0.263148
0.596423
0.773609
0.694164
0.701664
0.705848
0.8
0.8
0.706595
0.25938
0.0439658
0.001
0.001
0.001
0.001
0.001
0.001
0.093781
0.653651
0.8
0.8
0.660168
0.249141
0.412732
0.640188
0.715271
0.788045
0.612137
0.158093
0.001
0.001
0.002188
0.00277001
0.0021873
0.00108167
0.00236837
0.00304142
0.00249427
0.00100157
0.001
0.00187244
0.0023372
0.00191861
0.00110967
0.00208714
0.00260439
0.00203358
0.001
0.001
0.158377
0.61221
0.78803
0.715271
0.639911
0.412526
0.248951
0.660168
0.8
0.8
0.653651
0.0936844
0.001
0.001
0.001
0.001
0.001
0.001
0.150205
0.770005
0.781108
0.658156
0.2005
0.0674691
0.183541
0.471505
0.668246
0.734403
0.59539
0.193081
0.00122545
0.001
0.001
0.001
0.001
0.001
0.001
0.001
0.001
0.001
0.001
0.001
0.001
0.001
0.001
0.001
0.001
0.001
0.001
0.00122804
0.193528
0.595122
0.734339
0.668246
0.471739
0.183624
0.0674345
0.200419
0.658156
0.781108
0.770005
0.150167
0.001
0.001
0.001
0.001
0.001
0.001
0.141335
0.65184
0.667491
0.173015
0.0386466
0.00101919
0.0443202
0.122003
0.146822
0.183016
0.196244
0.0920335
0.001
0.001
0.001
0.001
0.001
0.001
0.001
0.001
0.001
0.001
0.001
0.001
0.001
0.001
0.001
0.001
0.001
0.001
0.001
0.001
0.092291
0.196728
0.183348
0.146855
0.122019
0.0443337
0.00101727
0.038633
0.172987
0.667492
0.65184
0.141313
0.001
0.001
0.001
0.001
0.001
0.001
0.0643144
0.145278
0.125516
0.0365629
0.001
0.001
0.001
0.001
0.00112015
0.00192138
0.00198721
0.00126868
0.001
0.001
0.001
0.001
0.001
0.001
0.001
0.001
0.001
0.001
0.001
0.001
0.001
0.001
0.001
0.001
0.001
0.001
0.001
0.001
0.00127215
0.00199159
0.00192472
0.00112118
0.001
0.001
0.001
0.001
0.0365603
0.125506
0.145263
0.0643055
0.001
0.001
0.001
0.001
0.001
0.001
0.001
0.001
0.001
0.001
0.001
0.001
0.001
0.001
0.001
0.001
0.001
0.001
0.001
0.001
0.001
0.001
0.001
0.001
0.001
0.001
0.001
0.001
0.001
0.001
0.001
0.001
0.001
0.001
0.001
0.001
0.001
0.001
0.001
0.001
0.001
0.001
0.001
0.001
0.001
0.001
0.001
0.001
0.001
0.001
0.001
0.001
0.001
0.001
0.001
0.001
0.001
0.001
0.001
0.001
0.001
0.001
0.001
0.001
0.001
0.001
0.001
0.001
0.001
0.001
0.001
0.001
0.001
0.001
0.001
0.001
0.001
0.001
0.001
0.001
0.001
0.001
0.001
0.001
0.001
0.001
0.001
0.001
0.001
0.001
0.001
0.001
0.001
0.001
0.001
0.001
0.001
0.001
0.001
0.001
0.001
0.001
0.001
0.001
0.001
0.001
0.001
0.001
0.001
0.001
0.001
0.001
0.001
0.001
0.001
0.001
0.001
0.001
0.001
0.001
0.001
0.001
0.001
0.001
0.001
0.001
0.001
0.001
0.001
0.001
0.001
0.001
0.001
0.001
0.001
0.001
0.001
0.001
0.001
0.001
0.001
0.001
0.001
0.001
0.001
0.001
0.001
0.001
0.001
0.001
0.001
0.001
0.001
0.001
0.001
0.001
0.001
0.001
0.001
0.001
0.001
0.001
0.001
0.001
0.001
0.001
0.001
0.001
0.001
0.001
0.001
0.001
0.001
0.001
0.001
0.001
0.001
0.001
0.001
0.001
0.001
0.001
0.001
0.001
0.001
0.001
0.001
0.001
0.001
0.001
0.001
0.001
0.001
0.001
0.001
0.001
0.001
0.001
0.001
0.001
0.001
0.001
0.001
0.001
0.001
0.001
0.0643101
0.145274
0.125519
0.0365686
0.001
0.001
0.001
0.001
0.00112528
0.00193185
0.00199904
0.00127698
0.001
0.001
0.001
0.001
0.001
0.001
0.001
0.001
0.001
0.001
0.001
0.001
0.001
0.001
0.001
0.001
0.001
0.001
0.001
0.001
0.00127688
0.00199866
0.0019312
0.00112452
0.001
0.001
0.001
0.001
0.0365591
0.125494
0.145244
0.0642944
0.001
0.001
0.001
0.001
0.001
0.001
0.141316
0.65184
0.667491
0.17299
0.0386419
0.00102158
0.0442927
0.121975
0.146893
0.183593
0.197006
0.0924268
0.001
0.001
0.001
0.001
0.001
0.001
0.001
0.001
0.001
0.001
0.001
0.001
0.001
0.001
0.001
0.001
0.001
0.001
0.001
0.001
0.0924256
0.196965
0.183503
0.146948
0.122132
0.0443608
0.00101628
0.0386193
0.172947
0.667491
0.65184
0.141282
0.001
0.001
0.001
0.001
0.001
0.001
0.150137
0.770005
0.781108
0.658156
0.200393
0.0674619
0.183587
0.471669
0.668246
0.734329
0.595095
0.193798
0.00123353
0.001
0.001
0.001
0.001
0.001
0.001
0.001
0.001
0.001
0.001
0.001
0.001
0.001
0.001
0.001
0.001
0.001
0.001
0.00122902
0.193636
0.594844
0.734268
0.668246
0.47185
0.1837
0.067428
0.200316
0.658156
0.781108
0.770005
0.150103
0.001
0.001
0.001
0.001
0.001
0.001
0.0936845
0.653651
0.8
0.8
0.660168
0.248959
0.412781
0.640095
0.715271
0.788027
0.612217
0.158588
0.001
0.001
0.0019661
0.00253126
0.00204452
0.00112633
0.00178053
0.00208522
0.00161762
0.001
0.001
0.00169112
0.00222489
0.00192477
0.00118473
0.00222318
0.00281251
0.00222322
0.001
0.001
0.158291
0.612287
0.788013
0.715271
0.639907
0.412597
0.248818
0.660168
0.8
0.8
0.653651
0.0935993
0.001
0.001
0.001
0.001
0.001
0.001
0.044018
0.259335
0.706595
0.8
0.8
0.705848
0.701664
0.694156
0.773609
0.596423
0.263369
0.0434842
0.001
0.0781591
0.220571
0.241483
0.150938
0.124021
0.145218
0.230036
0.236128
0.112418
0.0935835
0.204688
0.211345
0.148432
0.123847
0.152342
0.235742
0.209661
0.0722551
0.001
0.0432857
0.262637
0.596423
0.773609
0.694141
0.701664
0.705848
0.8
0.8
0.706595
0.259087
0.0439066
0.001
0.001
0.001
0.001
0.001
0.001
0.00257548
0.115649
0.428986
0.782003
0.8
0.770601
0.8
0.758058
0.8
0.406849
0.111376
0.00163479
0.001
0.184654
0.568853
0.599858
0.720535
0.596629
0.710426
0.756644
0.62545
0.253509
0.221967
0.582508
0.756644
0.710426
0.596629
0.720535
0.599939
0.550338
0.174548
0.001
0.00161856
0.111036
0.406571
0.8
0.757982
0.8
0.770601
0.8
0.782003
0.429101
0.115568
0.00255979
0.001
0.001
0.001
0.001
0.001
0.001
0.001
0.0334799
0.243782
0.691498
1
1
1
1
1
0.306885
0.0121206
0.001
0.001
0.171243
0.562981
0.660369
0.743307
0.8
0.8
0.730653
0.561259
0.215408
0.195882
0.534709
0.730653
0.8
0.8
0.743307
0.660099
0.563494
0.165919
0.001
0.001
0.0120365
0.30659
1
1
1
1
1
0.692118
0.243918
0.0334365
0.001
0.001
0.001
0.001
0.001
0.0925306
0.25816
0.34248
0.443131
0.619368
0.898772
1
1
1
1
1
0.331704
0.001
0.001
0.001
0.0613967
0.316948
0.8
0.8
0.8
0.792245
0.348417
0.181999
0.0564477
0.0529469
0.182988
0.358033
0.792245
0.8
0.8
0.8
0.318487
0.0620732
0.001
0.001
0.001
0.331378
1
1
1
1
1
0.899672
0.618712
0.442983
0.333045
0.244574
0.0858695
0.001
0.001
0.255739
0.760357
0.901571
1
0.936806
0.906406
1
1
1
1
1
0.415382
0.001
0.001
0.001
0.00654425
0.253408
0.8
0.944156
0.826786
0.466522
0.106896
0.00459299
0.001
0.001
0.0049951
0.109959
0.468482
0.829546
0.947187
0.8
0.252208
0.00668296
0.001
0.001
0.001
0.415213
1
1
1
1
1
0.906406
0.936806
1
0.902162
0.747843
0.242312
0.001
0.001
0.258505
0.767143
0.899965
0.99537
1
1
1
1
1
1
1
0.42039
0.00475043
0.001
0.001
0.030554
0.406534
1
1
0.908792
0.300565
0.0244339
0.001
0.001
0.001
0.001
0.0247127
0.301201
0.911452
1
1
0.405448
0.0308286
0.001
0.001
0.00471134
0.420657
1
1
1
1
1
1
1
0.995092
0.899977
0.769797
0.248951
0.001
0.001
0.0964273
0.272071
0.361689
0.399242
0.615417
0.964414
1
1
1
1
1
0.494463
0.0651481
0.001
0.001
0.114204
0.691473
1
1
0.870357
0.194287
0.00151001
0.001
0.001
0.001
0.001
0.00149627
0.195263
0.873342
1
1
0.692108
0.114332
0.001
0.001
0.0649474
0.49447
1
1
1
1
1
0.964414
0.615535
0.400336
0.361521
0.270316
0.0952775
0.001
0.001
0.001
0.001
0.001
0.0127272
0.160738
0.547584
1
1
1
1
1
0.886172
0.240566
0.0147619
0.001
0.210152
0.986813
1
1
0.715303
0.137998
0.001
0.001
0.001
0.001
0.001
0.001
0.138458
0.717447
1
1
0.98871
0.210315
0.001
0.0146795
0.239954
0.884964
1
1
1
1
1
0.548828
0.160737
0.0127799
0.001
0.001
0.001
0.001
0.001
0.001
0.001
0.001
0.001
0.00637656
0.224417
0.668901
1
1
1
1
1
0.625004
0.110198
0.0109997
0.341152
1
1
1
0.43141
0.0501879
0.001
0.001
0.001
0.001
0.001
0.001
0.0503195
0.432725
1
1
1
0.34222
0.0112315
0.109812
0.623555
1
1
1
1
1
0.670697
0.225442
0.0063556
0.001
0.001
0.001
0.001
0.001
0.001
0.001
0.001
0.001
0.001
0.0817094
0.370602
0.813914
1
1
1
1
1
1
0.458736
0.188873
0.644927
1
1
1
0.280962
0.00422555
0.001
0.001
0.001
0.001
0.001
0.001
0.004323
0.28126
1
1
1
0.645963
0.189103
0.458114
1
1
1
1
1
1
0.812105
0.363636
0.0781093
0.001
0.001
0.001
0.001
0.001
0.001
0.001
0.001
0.001
0.001
0.241425
0.74342
0.875085
0.984494
1
1
1
1
1
1
0.580386
1
1
1
0.966753
0.21462
0.001
0.001
0.001
0.001
0.001
0.001
0.001
0.001
0.214777
0.968496
1
1
1
0.580173
1
1
1
1
1
1
0.984975
0.875085
0.74008
0.231458
0.001
0.001
0.001
0.001
0.001
0.001
0.001
0.001
0.001
0.001
0.254282
0.74122
0.788286
0.714551
0.978676
1
1
1
1
1
1
1
1
1
0.737331
0.149768
0.001
0.001
0.001
0.001
0.001
0.001
0.001
0.001
0.150479
0.740132
1
1
1
1
1
1
1
1
1
0.97831
0.710384
0.789572
0.719017
0.244243
0.001
0.001
0.001
0.001
0.001
0.001
0.001
0.001
0.001
0.001
0.0999977
0.267071
0.299118
0.242072
0.490603
1
1
1
1
1
1
1
1
1
0.675949
0.136095
0.001
0.001
0.001
0.001
0.001
0.001
0.001
0.001
0.137169
0.679257
1
1
1
1
1
1
1
1
1
0.491769
0.240671
0.291909
0.258525
0.0962779
0.001
0.001
0.001
0.001
0.001
0.001
0.001
0.001
0.001
0.001
0.001
0.001
0.001
0.00831994
0.164427
0.739911
1
1
1
1
1
1
1
1
0.798847
0.178589
0.001
0.001
0.001
0.001
0.001
0.001
0.001
0.001
0.179679
0.802125
1
1
1
1
1
1
1
1
0.741355
0.165602
0.00851262
0.001
0.001
0.001
0.001
0.001
0.001
0.001
0.001
0.001
0.001
0.001
0.001
0.001
0.001
0.001
0.001
0.001
0.0404522
0.293715
1
1
1
1
1
1
1
1
1
0.241752
0.00120067
0.001
0.001
0.001
0.001
0.001
0.001
0.00121925
0.242685
1
1
1
1
1
1
1
1
1
0.294526
0.0407901
0.001
0.001
0.001
0.001
0.001
0.001
0.001
0.001
0.001
0.001
0.001
0.001
0.001
0.001
0.001
0.001
0.001
0.001
0.001
0.0740201
0.639393
1
1
1
1
1
1
1
1
0.400253
0.0225916
0.001
0.001
0.001
0.001
0.001
0.001
0.0228178
0.401563
1
1
1
1
1
1
1
1
0.640761
0.0745313
0.001
0.001
0.001
0.001
0.001
0.001
0.001
0.001
0.001
0.001
0.001
0.001
0.120312
0.293993
0.300432
0.219961
0.238466
0.228878
0.158844
0.145792
0.177377
0.459199
1
1
1
1
1
1
1
1
0.646375
0.0832245
0.0369357
0.0582749
0.0336293
0.033552
0.0581433
0.0368666
0.083686
0.648466
1
1
1
1
1
1
1
1
0.461023
0.17915
0.147357
0.160156
0.229568
0.238624
0.21988
0.300327
0.293894
0.120273
0.001
0.001
0.001
0.001
0.253178
0.748436
0.837763
0.994677
0.888132
0.847199
0.900508
0.918248
0.939318
0.990767
1
1
1
1
1
1
1
1
1
1
1
0.700014
0.207843
0.207944
0.700688
1
1
1
1
1
1
1
1
1
1
1
0.990765
0.939318
0.918251
0.900511
0.847201
0.888132
0.994677
0.837763
0.748435
0.253098
0.001
0.001
0.001
0.001
0.269046
0.987562
0.998535
1
1
1
1
1
1
1
1
1
1
1
1
1
1
1
1
1
1
1
0.392192
0.392631
1
1
1
1
1
1
1
1
1
1
1
1
1
1
1
1
1
1
1
0.998535
0.987562
0.268953
0.001
0.001
