0.001
0.001
0.164164
0.787562
0.798535
0.8
0.8
0.91894
0.959745
0.969726
0.97273
0.988195
1
1
1
1
1
1
1
1
1
1
1
1
0.376918
0.376864
1
1
1
1
1
1
1
1
1
1
1
1
0.986131
0.970336
0.967195
0.957127
0.916371
0.8
0.8
0.798535
0.787562
0.163558
0.001
0.001
0.001
0.001
0.170743
0.548436
0.637763
0.794677
0.688132
0.647186
0.700491
0.718234
0.739318
0.79076
1
1
1
1
1
1
1
1
1
1
1
0.666647
0.196173
0.196117
0.666445
1
1
1
1
1
1
1
1
1
1
1
0.790758
0.739318
0.718236
0.700494
0.647187
0.688132
0.794677
0.637763
0.548435
0.170098
0.001
0.001
0.001
0.001
0.0880451
0.19839
0.183581
0.110481
0.129182
0.14957
0.131676
0.130068
0.153346
0.420293
1
1
1
1
1
1
1
1
0.625963
0.0821366
0.0323309
0.0505709
0.0291383
0.0291105
0.0505234
0.0323025
0.0821598
0.625332
1
1
1
1
1
1
1
1
0.419637
0.152693
0.129418
0.131036
0.148947
0.128686
0.110044
0.182835
0.197593
0.0876985
0.001
0.001
0.001
0.001
0.001
0.00114364
0.00110651
0.001
0.001
0.001
0.001
0.001
0.0721428
0.610936
1
1
1
1
1
1
1
1
0.384853
0.0231483
0.001
0.001
0.001
0.001
0.001
0.001
0.0232083
0.384549
1
1
1
1
1
1
1
1
0.610673
0.0720851
0.001
0.001
0.001
0.001
0.001
0.00109204
0.00112899
0.001
0.001
0.001
0.001
0.001
0.001
0.001
0.001
0.001
0.001
0.001
0.001
0.0391235
0.281592
1
1
1
1
1
1
1
1
0.95073
0.229254
0.00131298
0.001
0.001
0.001
0.001
0.001
0.001
0.00132534
0.229179
0.949788
1
1
1
1
1
1
1
1
0.281575
0.0391531
0.001
0.001
0.001
0.001
0.001
0.001
0.001
0.001
0.001
0.001
0.001
0.001
0.001
0.001
0.001
0.001
0.001
0.00603484
0.158893
0.713627
1
1
1
1
1
1
1
1
0.76781
0.172676
0.001
0.001
0.001
0.001
0.001
0.001
0.001
0.001
0.172709
0.76675
1
1
1
1
1
1
1
1
0.713815
0.158989
0.00600798
0.001
0.001
0.001
0.001
0.001
0.001
0.001
0.001
0.001
0.001
0.001
0.001
0.001
0.0892012
0.212195
0.214611
0.185078
0.48036
1
1
1
1
1
1
1
1
1
0.653772
0.136744
0.001
0.001
0.001
0.001
0.001
0.001
0.001
0.001
0.136719
0.652577
1
1
1
1
1
1
1
1
1
0.480086
0.184543
0.203251
0.196165
0.0814871
0.001
0.001
0.001
0.001
0.001
0.001
0.001
0.001
0.001
0.001
0.211932
0.55928
0.589987
0.54292
0.947219
1
1
1
1
1
0.993331
1
1
1
0.680346
0.137664
0.001
0.001
0.001
0.001
0.001
0.001
0.001
0.001
0.137393
0.678771
1
1
1
0.993205
1
1
1
1
1
0.947752
0.543692
0.589698
0.52288
0.196107
0.001
0.001
0.001
0.001
0.001
0.001
0.001
0.001
0.001
0.001
0.189903
0.538672
0.675085
0.784839
1
1
1
1
1
0.963986
0.526569
0.895698
1
1
0.856472
0.18556
0.001
0.001
0.001
0.001
0.001
0.001
0.001
0.001
0.185352
0.854516
1
1
0.893671
0.526578
0.964597
1
1
1
1
1
0.784519
0.675085
0.552216
0.178413
0.001
0.001
0.001
0.001
0.001
0.001
0.001
0.001
0.001
0.001
0.0581439
0.228616
0.61201
0.869901
1
1
1
1
1
0.432375
0.163925
0.577985
1
1
0.966041
0.251234
0.00538527
0.001
0.001
0.001
0.001
0.001
0.001
0.00542736
0.251147
0.963835
1
1
0.575811
0.163845
0.432514
1
1
1
1
1
0.871561
0.611663
0.227979
0.0567432
0.001
0.001
0.001
0.001
0.001
0.001
0.001
0.001
0.001
0.001
0.0096909
0.161185
0.54768
1
1
1
1
1
0.594025
0.107375
0.0129938
0.314757
1
1
1
0.397391
0.0496951
0.001
0.001
0.001
0.001
0.001
0.001
0.0497568
0.397021
1
1
1
0.31353
0.0128604
0.10733
0.593933
1
1
1
1
1
0.549822
0.162536
0.00964543
0.001
0.001
0.001
0.001
0.001
0.001
0.001
0.00134454
0.00233017
0.0185979
0.124463
0.382392
0.8
1
1
1
1
0.826717
0.227676
0.0145561
0.001
0.184537
0.87901
1
1
0.643912
0.128932
0.001
0.001
0.001
0.001
0.001
0.001
0.128732
0.642974
1
1
0.877648
0.18427
0.001
0.014529
0.227592
0.826512
1
1
1
1
0.8
0.382168
0.123986
0.0184997
0.00242244
0.00143585
0.001
0.001
0.001
0.0720751
0.192261
0.240154
0.261108
0.415372
0.764414
0.827346
0.985777
1
1
0.981335
0.434415
0.0637511
0.001
0.001
0.103044
0.622642
1
1
0.799806
0.189935
0.001
0.001
0.001
0.001
0.001
0.001
0.189187
0.798128
1
1
0.622017
0.102641
0.001
0.001
0.0637443
0.434285
0.98089
1
1
0.985176
0.826995
0.764414
0.41511
0.26243
0.240057
0.189638
0.0700344
0.001
0.001
0.204672
0.569945
0.699837
0.795628
0.8
0.8
0.8
0.85047
0.958467
0.974154
0.8
0.288736
0.00795502
0.001
0.001
0.0327215
0.434692
1
1
1
0.391137
0.0207274
0.001
0.001
0.001
0.001
0.0210955
0.391422
1
1
1
0.435651
0.0320104
0.001
0.001
0.00795511
0.288571
0.8
0.973637
0.957967
0.850097
0.8
0.8
0.8
0.795416
0.699875
0.568846
0.189935
0.001
0.001
0.210632
0.580113
0.701327
0.8
0.736806
0.706406
0.8
0.8
0.810706
0.802804
0.8
0.227782
0.00271622
0.001
0.001
0.00429347
0.353636
1
1
1
0.66639
0.141639
0.0019783
0.001
0.001
0.00197708
0.140039
0.668382
1
1
1
0.354732
0.00398882
0.001
0.001
0.00271129
0.227573
0.8
0.802451
0.810278
0.8
0.8
0.706406
0.736806
0.8
0.701636
0.562561
0.190088
0.001
0.001
0.0804849
0.204184
0.24587
0.285058
0.419552
0.697607
0.8
0.8
0.8
0.8
0.8
0.176718
0.00194756
0.001
0.001
0.0721792
0.466506
1
1
1
0.992245
0.507917
0.183945
0.0361382
0.0394496
0.185123
0.500607
0.992245
1
1
1
0.466591
0.071744
0.001
0.001
0.00194142
0.176548
0.8
0.8
0.8
0.8
0.8
0.698565
0.419264
0.286203
0.235196
0.185821
0.0702238
0.001
0.001
0.001
0.001
0.00269407
0.0318203
0.296882
0.847698
1
1
0.950735
1
0.885506
0.270091
0.00998942
0.001
0.001
0.198857
0.76362
0.860639
0.943307
1
1
0.930653
0.596053
0.18455
0.188551
0.59144
0.930653
1
1
0.943307
0.860363
0.763095
0.198119
0.001
0.001
0.00995092
0.269945
0.885705
1
0.950572
1
1
0.846688
0.296351
0.0317196
0.00277028
0.00103748
0.001
0.001
0.001
0.001
0.001
0.001
0.145101
0.628821
0.982003
1
0.970601
1
0.958137
1
0.60698
0.166219
0.001
0.001
0.207809
0.734351
0.799756
0.920535
0.796629
0.910426
0.956644
0.728175
0.236216
0.23811
0.691887
0.956644
0.910426
0.796629
0.920535
0.799836
0.733351
0.207025
0.001
0.001
0.166266
0.606693
1
0.958056
1
0.970601
1
0.982003
0.628948
0.144776
0.001
0.001
0.001
0.001
0.001
0.001
0.001
0.0663694
0.415651
0.906595
1
1
0.905848
0.901664
0.894181
0.973609
0.796423
0.426766
0.065238
0.001
0.0833647
0.276851
0.347067
0.273594
0.254304
0.289992
0.322356
0.265794
0.112479
0.111985
0.260437
0.314511
0.28579
0.254507
0.273819
0.346611
0.276068
0.0829627
0.001
0.0651907
0.426835
0.796423
0.973609
0.894164
0.901664
0.905848
1
1
0.906595
0.414894
0.0662646
0.001
0.001
0.001
0.001
0.001
0.001
0.159962
0.853651
1
1
0.860168
0.403851
0.612732
0.840188
0.915271
0.988045
0.812137
0.247875
0.001
0.001
0.001
0.001
0.001
0.001
0.001
0.001
0.001
0.001
0.001
0.001
0.001
0.001
0.001
0.001
0.001
0.001
0.001
0.001
0.247986
0.81221
0.98803
0.915271
0.839911
0.612526
0.403288
0.860168
1
1
0.853651
0.159678
0.001
0.001
0.001
0.001
0.001
0.001
0.266248
0.970005
0.981108
0.858156
0.354971
0.0962328
0.204293
0.6599
0.868246
0.934403
0.79539
0.303155
0.001
0.001
0.001
0.001
0.001
0.001
0.001
0.001
0.001
0.001
0.001
0.001
0.001
0.001
0.001
0.001
0.001
0.001
0.001
0.001
0.30342
0.795122
0.934339
0.868246
0.660098
0.204369
0.0961335
0.354549
0.858156
0.981108
0.970005
0.265874
0.001
0.001
0.001
0.001
0.001
0.001
0.249178
0.85184
0.867491
0.304527
0.0663302
0.001
0.0343808
0.138243
0.224569
0.317227
0.314914
0.142792
0.001
0.001
0.001
0.001
0.001
0.001
0.001
0.001
0.001
0.001
0.001
0.001
0.001
0.001
0.001
0.001
0.001
0.001
0.001
0.001
0.142962
0.31523
0.317424
0.224581
0.138273
0.0344094
0.001
0.0662776
0.304251
0.867492
0.85184
0.248915
0.001
0.001
0.001
0.001
0.001
0.001
0.112681
0.254062
0.21856
0.0626365
0.001
0.001
0.001
0.001
0.001
0.001
0.001
0.001
0.001
0.001
0.001
0.001
0.001
0.001
0.001
0.001
0.001
0.001
0.001
0.001
0.001
0.001
0.001
0.001
0.001
0.001
0.001
0.001
0.001
0.001
0.001
0.001
0.001
0.001
0.001
0.001
0.0625997
0.218382
0.25383
0.112569
0.001
0.001
0.001
0.001
0.001
0.001
0.001
0.001
0.001
0.001
0.001
0.001
0.001
0.001
0.001
0.001
0.001
0.001
0.001
0.001
0.001
0.001
0.001
0.001
0.001
0.001
0.001
0.001
0.001
0.001
0.001
0.001
0.001
0.001
0.001
0.001
0.001
0.001
0.001
0.001
0.001
0.001
0.001
0.001
0.001
0.001
0.001
0.001
0.001
0.001
0.001
0.001
0.001
0.001
0.001
0.001
0.001
0.001
0.001
0.001
0.001
0.001
0.001
0.001
0.001
0.001
0.001
0.001
0.001
0.001
0.001
0.001
0.001
0.001
0.001
0.001
0.001
0.001
0.001
0.001
0.001
0.001
0.001
0.001
0.001
0.001
0.001
0.001
0.001
0.001
0.001
0.001
0.001
0.001
0.001
0.001
0.001
0.001
0.001
0.001
0.001
0.001
0.001
0.001
0.001
0.001
0.001
0.001
0.001
0.001
0.001
0.001
0.001
0.001
0.001
0.001
0.001
0.001
0.001
0.001
0.001
0.001
0.001
0.001
0.001
0.001
0.001
0.001
0.001
0.001
0.001
0.001
0.001
0.001
0.001
0.001
0.001
0.001
0.001
0.001
0.001
0.001
0.001
0.001
0.001
0.001
0.001
0.001
0.001
0.001
0.001
0.001
0.001
0.001
0.001
0.001
0.001
0.001
0.001
0.001
0.001
0.001
0.001
0.001
0.001
0.001
0.001
0.001
0.001
0.001
0.001
0.001
0.001
0.001
0.001
0.001
0.001
0.001
0.001
0.001
0.001
0.001
0.001
0.001
0.001
0.001
0.001
0.001
0.001
0.001
0.001
0.001
0.001
0.001
0.001
0.001
0.001
0.001
0.001
0.001
0.001
0.001
0.001
0.001
0.001
0.001
0.11267
0.254042
0.218547
0.0626346
0.001
0.001
0.001
0.001
0.001
0.001
0.001
0.001
0.001
0.001
0.001
0.001
0.001
0.001
0.001
0.001
0.001
0.001
0.001
0.001
0.001
0.001
0.001
0.001
0.001
0.001
0.001
0.001
0.001
0.001
0.001
0.001
0.001
0.001
0.001
0.001
0.0626086
0.218423
0.253881
0.112592
0.001
0.001
0.001
0.001
0.001
0.001
0.24915
0.85184
0.867491
0.304492
0.0663182
0.001
0.0343762
0.138222
0.224546
0.317466
0.31523
0.14296
0.001
0.001
0.001
0.001
0.001
0.001
0.001
0.001
0.001
0.001
0.001
0.001
0.001
0.001
0.001
0.001
0.001
0.001
0.001
0.001
0.143061
0.315403
0.317566
0.224586
0.138322
0.0344446
0.001
0.0662786
0.304302
0.867491
0.85184
0.248966
0.001
0.001
0.001
0.001
0.001
0.001
0.266199
0.970005
0.981108
0.858156
0.354879
0.09621
0.204262
0.659732
0.868246
0.934329
0.795095
0.303375
0.001
0.001
0.001
0.001
0.001
0.001
0.001
0.001
0.001
0.001
0.001
0.001
0.001
0.001
0.001
0.001
0.001
0.001
0.001
0.001
0.303454
0.794844
0.934268
0.868246
0.659892
0.20435
0.0961379
0.354585
0.858156
0.981108
0.970005
0.265942
0.001
0.001
0.001
0.001
0.001
0.001
0.159896
0.853651
1
1
0.860168
0.403677
0.612781
0.840095
0.915271
0.988027
0.812217
0.247919
0.001
0.001
0.001
0.001
0.001
0.001
0.001
0.001
0.001
0.001
0.001
0.001
0.001
0.001
0.001
0.001
0.001
0.001
0.001
0.001
0.247859
0.812287
0.988013
0.915271
0.839907
0.612597
0.403278
0.860168
1
1
0.853651
0.159687
0.001
0.001
0.001
0.001
0.001
0.001
0.0663218
0.415478
0.906595
1
1
0.905848
0.901664
0.894156
0.973609
0.796423
0.42666
0.0651575
0.001
0.0855687
0.280413
0.348161
0.271531
0.251863
0.283096
0.345375
0.298851
0.128878
0.118287
0.272448
0.32167
0.284707
0.253491
0.272802
0.348193
0.279351
0.0848373
0.001
0.0650639
0.426426
0.796423
0.973609
0.894141
0.901664
0.905848
1
1
0.906595
0.414899
0.0662281
0.001
0.001
0.001
0.001
0.001
0.001
0.001
0.145054
0.628986
0.982003
1
0.970601
1
0.958058
1
0.606849
0.166235
0.001
0.001
0.212081
0.744407
0.799858
0.920535
0.796629
0.910426
0.956644
0.783711
0.276578
0.256461
0.730399
0.956644
0.910426
0.796629
0.920535
0.799939
0.741573
0.210648
0.001
0.001
0.166163
0.606571
1
0.957982
1
0.970601
1
0.982003
0.629101
0.144804
0.001
0.001
0.001
0.001
0.001
0.001
0.001
0.00271594
0.0319032
0.297047
0.847791
1
1
0.950493
1
0.885315
0.269942
0.00997532
0.001
0.001
0.20169
0.764819
0.860369
0.943307
1
1
0.930653
0.691464
0.224083
0.206937
0.637243
0.930653
1
1
0.943307
0.860099
0.764082
0.200705
0.001
0.001
0.00992297
0.269647
0.885128
1
0.950246
1
1
0.847206
0.296682
0.0317901
0.00271268
0.001
0.001
0.001
0.001
0.0793082
0.202211
0.245065
0.285955
0.419368
0.698772
0.8
0.8
0.8
0.8
0.8
0.176647
0.00194663
0.001
0.001
0.0723795
0.471489
1
1
1
0.992245
0.533692
0.219232
0.0536054
0.0457712
0.201004
0.517847
0.992245
1
1
1
0.465654
0.0722346
0.001
0.001
0.00193059
0.176336
0.8
0.8
0.8
0.8
0.8
0.699672
0.418712
0.285696
0.236959
0.18981
0.0728115
0.001
0.001
0.205424
0.571744
0.701571
0.8
0.736806
0.706406
0.8
0.8
0.81062
0.802727
0.8
0.227743
0.00271678
0.001
0.001
0.00406981
0.360465
1
1
1
0.666522
0.142045
0.0018603
0.001
0.001
0.00231715
0.142299
0.668482
1
1
1
0.351426
0.00408782
0.001
0.001
0.00269288
0.227201
0.8
0.802112
0.809941
0.8
0.8
0.706406
0.736806
0.8
0.702162
0.55156
0.193397
0.001
0.001
0.197805
0.568506
0.699965
0.79537
0.8
0.8
0.8
0.850668
0.958541
0.974199
0.8
0.28882
0.00796243
0.001
0.001
0.0322253
0.441291
1
1
1
0.397449
0.0209422
0.001
0.001
0.001
0.001
0.0212153
0.389698
1
1
1
0.432223
0.0322126
0.001
0.001
0.00791037
0.288132
0.8
0.973381
0.957638
0.849748
0.8
0.8
0.8
0.795092
0.699977
0.569684
0.190372
0.001
0.001
0.0685413
0.186277
0.237236
0.2624
0.415417
0.764414
0.827843
0.986014
1
1
0.981424
0.434542
0.0637676
0.001
0.001
0.103458
0.627451
1
1
0.804965
0.190974
0.001
0.001
0.001
0.001
0.001
0.001
0.18903
0.79689
1
1
0.619876
0.102413
0.001
0.001
0.063673
0.433886
0.980637
1
1
0.984731
0.82636
0.764414
0.415535
0.262724
0.238426
0.186817
0.0685653
0.001
0.001
0.001
0.00134122
0.00235058
0.0186932
0.124829
0.38326
0.8
1
1
1
1
0.826824
0.227749
0.0145957
0.001
0.185777
0.884518
1
1
0.646963
0.129355
0.001
0.001
0.001
0.001
0.001
0.001
0.128754
0.642479
1
1
0.875768
0.183757
0.001
0.0145548
0.227658
0.826489
1
1
1
1
0.8
0.381373
0.124067
0.0186501
0.00241522
0.00139616
0.001
0.001
0.001
0.001
0.001
0.001
0.001
0.00978018
0.162017
0.548837
1
1
1
1
1
0.594252
0.107492
0.0128347
0.315665
1
1
1
0.398639
0.0497365
0.001
0.001
0.001
0.001
0.001
0.001
0.0498654
0.397154
1
1
1
0.313475
0.0129878
0.107419
0.594275
1
1
1
1
0.999398
0.547721
0.161523
0.00984925
0.001
0.001
0.001
0.001
0.001
0.001
0.001
0.001
0.001
0.001
0.0575797
0.226903
0.612986
0.869673
1
1
1
1
1
0.43239
0.164096
0.579746
1
1
0.970408
0.252357
0.00531294
0.001
0.001
0.001
0.001
0.001
0.001
0.00549621
0.251024
0.962767
1
1
0.575605
0.16389
0.432746
1
1
1
1
1
0.870022
0.610487
0.236917
0.0613417
0.001
0.001
0.001
0.001
0.001
0.001
0.001
0.001
0.001
0.001
0.194455
0.542777
0.675085
0.784494
1
1
1
1
1
0.963625
0.527288
0.899895
1
1
0.85934
0.186309
0.001
0.001
0.001
0.001
0.001
0.001
0.001
0.001
0.185213
0.854059
1
1
0.892066
0.52646
0.964825
1
1
1
1
1
0.784975
0.675085
0.544682
0.173651
0.001
0.001
0.001
0.001
0.001
0.001
0.001
0.001
0.001
0.001
0.219097
0.57585
0.588286
0.540763
0.946686
1
1
1
1
1
0.994291
1
1
1
0.680749
0.137489
0.001
0.001
0.001
0.001
0.001
0.001
0.001
0.001
0.137728
0.679496
1
1
1
0.992897
1
1
1
1
1
0.948119
0.54938
0.589572
0.545582
0.179981
0.001
0.001
0.001
0.001
0.001
0.001
0.001
0.001
0.001
0.001
0.0925879
0.219535
0.21957
0.184202
0.479859
1
1
1
1
1
1
1
1
1
0.652992
0.13617
0.001
0.001
0.001
0.001
0.001
0.001
0.001
0.001
0.137313
0.65387
1
1
1
1
1
1
1
1
1
0.479618
0.187577
0.194784
0.177533
0.0701076
0.001
0.001
0.001
0.001
0.001
0.001
0.001
0.001
0.001
0.001
0.001
0.001
0.001
0.00601305
0.158563
0.713153
1
1
1
1
1
1
1
1
0.766927
0.172111
0.001
0.001
0.001
0.001
0.001
0.001
0.001
0.001
0.1733
0.768045
1
1
1
1
1
1
1
1
0.712774
0.158137
0.00589694
0.001
0.001
0.001
0.001
0.001
0.001
0.001
0.001
0.001
0.001
0.001
0.001
0.001
0.001
0.001
0.001
0.001
0.0390123
0.281291
1
1
1
1
1
1
1
1
0.951106
0.228781
0.00130013
0.001
0.001
0.001
0.001
0.001
0.001
0.00133609
0.229728
0.950158
1
1
1
1
1
1
1
1
0.281145
0.0389027
0.001
0.001
0.001
0.001
0.001
0.001
0.001
0.001
0.001
0.001
0.001
0.001
0.00114285
0.00110599
0.001
0.001
0.001
0.001
0.001
0.0719178
0.610509
1
1
1
1
1
1
1
1
0.384318
0.0229997
0.001
0.001
0.001
0.001
0.001
0.001
0.023329
0.38516
1
1
1
1
1
1
1
1
0.610299
0.0719145
0.001
0.001
0.001
0.001
0.001
0.00109659
0.00113387
0.001
0.001
0.001
0.001
0.001
0.0881513
0.198635
0.183817
0.110636
0.129399
0.149896
0.132104
0.130549
0.153733
0.420512
1
1
1
1
1
1
1
1
0.625264
0.0818745
0.0323605
0.050629
0.0291723
0.0290464
0.0504143
0.0322432
0.082387
0.626111
1
1
1
1
1
1
1
1
0.418469
0.15134
0.128146
0.130007
0.148391
0.128447
0.109941
0.182681
0.197429
0.0876253
0.001
0.001
0.001
0.001
0.17095
0.548436
0.637763
0.794677
0.688132
0.647199
0.700508
0.718248
0.739318
0.790767
1
1
1
1
1
1
1
1
1
1
1
0.666452
0.196156
0.196133
0.666685
1
1
1
1
1
1
1
1
1
1
1
0.790765
0.739318
0.718251
0.700511
0.647201
0.688132
0.794677
0.637763
0.548435
0.169947
0.001
0.001
0.001
0.001
0.164356
0.787562
0.798535
0.8
0.8
0.920407
0.961255
0.971219
0.974186
0.989546
1
1
1
1
1
1
1
1
1
1
1
1
0.376788
0.377056
1
1
1
1
1
1
1
1
1
1
1
1
0.984872
0.96889
0.965656
0.955538
0.914835
0.8
0.8
0.798535
0.787562
0.163423
0.001
0.001
