0.001
0.001
0.268563
0.987562
0.998535
1
1
1
1
1
1
1
1
1
1
1
1
1
1
1
1
1
1
1
0.392212
0.391838
1
1
1
1
1
1
1
1
1
1
1
1
1
1
1
1
1
1
1
0.998535
0.987562
0.268883
0.001
0.001
0.001
0.001
0.252732
0.748436
0.837763
0.994677
0.888132
0.847186
0.900491
0.918234
0.939318
0.99076
1
1
1
1
1
1
1
1
1
1
1
0.699706
0.207594
0.207541
0.699218
1
1
1
1
1
1
1
1
1
1
1
0.990758
0.939318
0.918236
0.900494
0.847187
0.888132
0.994677
0.837763
0.748435
0.253037
0.001
0.001
0.001
0.001
0.120105
0.29349
0.299912
0.219546
0.23849
0.230021
0.161359
0.14884
0.180483
0.461341
1
1
1
1
1
1
1
1
0.647761
0.0837217
0.0367085
0.057875
0.0333954
0.0334931
0.0580417
0.0367983
0.0832595
0.64624
1
1
1
1
1
1
1
1
0.459433
0.178069
0.146481
0.159425
0.229142
0.238464
0.219861
0.300307
0.293865
0.120255
0.001
0.001
0.001
0.001
0.001
0.001
0.001
0.001
0.001
0.001
0.001
0.001
0.0741523
0.639082
1
1
1
1
1
1
1
1
0.401219
0.0228906
0.001
0.001
0.001
0.001
0.001
0.001
0.0226287
0.400159
1
1
1
1
1
1
1
1
0.638803
0.0740067
0.001
0.001
0.001
0.001
0.001
0.001
0.001
0.001
0.001
0.001
0.001
0.001
0.001
0.001
0.001
0.001
0.001
0.001
0.001
0.0404463
0.293553
1
1
1
1
1
1
1
1
1
0.242616
0.00123137
0.001
0.001
0.001
0.001
0.001
0.001
0.00120425
0.241702
1
1
1
1
1
1
1
1
1
0.293428
0.0404281
0.001
0.001
0.001
0.001
0.001
0.001
0.001
0.001
0.001
0.001
0.001
0.001
0.001
0.001
0.001
0.001
0.001
0.00816988
0.164119
0.739024
1
1
1
1
1
1
1
1
0.801267
0.179788
0.001
0.001
0.001
0.001
0.001
0.001
0.001
0.001
0.178642
0.798843
1
1
1
1
1
1
1
1
0.738815
0.16409
0.00823753
0.001
0.001
0.001
0.001
0.001
0.001
0.001
0.001
0.001
0.001
0.001
0.001
0.001
0.0830828
0.232019
0.274446
0.240537
0.490614
1
1
1
1
1
1
1
1
1
0.678458
0.137291
0.001
0.001
0.001
0.001
0.001
0.001
0.001
0.001
0.136185
0.676078
1
1
1
1
1
1
1
1
1
0.488598
0.238248
0.292123
0.261088
0.0978956
0.001
0.001
0.001
0.001
0.001
0.001
0.001
0.001
0.001
0.001
0.220904
0.677433
0.788611
0.70884
0.977656
1
1
1
1
1
1
1
1
1
0.738748
0.150249
0.001
0.001
0.001
0.001
0.001
0.001
0.001
0.001
0.149764
0.737313
1
1
1
1
1
1
1
1
1
0.975624
0.706719
0.787337
0.719791
0.247506
0.001
0.001
0.001
0.001
0.001
0.001
0.001
0.001
0.001
0.001
0.218008
0.732358
0.875085
0.984839
1
1
1
1
1
1
0.579517
1
1
1
0.966235
0.214446
0.001
0.001
0.001
0.001
0.001
0.001
0.001
0.001
0.214492
0.966444
1
1
1
0.579772
1
1
1
1
1
1
0.984519
0.875085
0.739011
0.23381
0.001
0.001
0.001
0.001
0.001
0.001
0.001
0.001
0.001
0.001
0.0791231
0.363606
0.816686
1
1
1
1
1
1
0.458268
0.188836
0.643886
1
1
1
0.281021
0.00436681
0.001
0.001
0.001
0.001
0.001
0.001
0.00423679
0.280841
1
1
1
0.644745
0.188705
0.458322
1
1
1
1
1
1
0.816528
0.363055
0.0784618
0.001
0.001
0.001
0.001
0.001
0.001
0.001
0.001
0.001
0.001
0.00619471
0.222116
0.664279
1
1
1
1
1
0.624479
0.110238
0.0111977
0.340858
1
1
1
0.432021
0.0503448
0.001
0.001
0.001
0.001
0.001
0.001
0.0501451
0.431344
1
1
1
0.341187
0.01104
0.110244
0.624654
1
1
1
1
1
0.66763
0.224024
0.0063443
0.001
0.001
0.001
0.001
0.001
0.001
0.001
0.001
0.001
0.0126953
0.15997
0.5462
1
1
1
1
1
0.884981
0.240308
0.0148002
0.001
0.209488
0.985155
1
1
0.715263
0.138049
0.001
0.001
0.001
0.001
0.001
0.001
0.137974
0.715248
1
1
0.986803
0.210119
0.001
0.0147977
0.240433
0.885179
1
1
1
1
1
0.546941
0.160336
0.0126608
0.001
0.001
0.001
0.001
0.001
0.093052
0.265613
0.357092
0.398178
0.615372
0.964414
1
1
1
1
1
0.494369
0.065066
0.001
0.001
0.113817
0.689476
1
1
0.869585
0.19397
0.00144208
0.001
0.001
0.001
0.001
0.00153008
0.194516
0.870682
1
1
0.69148
0.114237
0.001
0.001
0.065142
0.494154
1
1
1
1
1
0.964414
0.61511
0.398291
0.359934
0.269982
0.0954301
0.001
0.001
0.250097
0.772719
0.899837
0.995628
1
1
1
1
1
1
1
0.420718
0.00477209
0.001
0.001
0.0305275
0.403101
1
1
0.907828
0.298629
0.0242752
0.001
0.001
0.001
0.001
0.0247063
0.301148
0.909095
1
1
0.406687
0.0306714
0.001
0.001
0.00479233
0.42037
1
1
1
1
1
1
1
0.995416
0.899875
0.764049
0.256013
0.001
0.001
0.247533
0.742822
0.901327
1
0.936806
0.906406
1
1
1
1
1
0.415499
0.001
0.001
0.001
0.00649868
0.250074
0.8
0.943321
0.82606
0.46639
0.109119
0.00495285
0.001
0.001
0.00454098
0.107088
0.468382
0.827185
0.94453
0.8
0.253566
0.00664348
0.001
0.001
0.001
0.415319
1
1
1
1
1
0.906406
0.936806
1
0.901636
0.754595
0.253415
0.001
0.001
0.089457
0.252246
0.338803
0.443568
0.619552
0.897607
1
1
1
1
1
0.3317
0.001
0.001
0.001
0.0611402
0.314858
0.8
0.8
0.8
0.792245
0.353869
0.180625
0.0524519
0.0570053
0.183386
0.350503
0.792245
0.8
0.8
0.8
0.317131
0.0615324
0.001
0.001
0.001
0.331578
1
1
1
1
1
0.898565
0.619264
0.442156
0.340466
0.256119
0.0917712
0.001
0.001
0.001
0.001
0.001
0.033732
0.243617
0.690561
1
1
1
1
1
0.306783
0.0120977
0.001
0.001
0.169237
0.5638
0.660639
0.743307
0.8
0.8
0.730653
0.535167
0.199988
0.213957
0.559129
0.730653
0.8
0.8
0.743307
0.660363
0.562467
0.171863
0.001
0.001
0.0121052
0.306632
1
1
1
1
1
0.69054
0.243527
0.0334839
0.001
0.001
0.001
0.001
0.001
0.001
0.001
0.0025709
0.115655
0.428821
0.782003
0.8
0.770601
0.8
0.758137
0.8
0.40698
0.111116
0.00163301
0.001
0.181559
0.560029
0.599756
0.720535
0.596629
0.710426
0.756644
0.592122
0.230236
0.249613
0.616811
0.756644
0.710426
0.596629
0.720535
0.599836
0.570139
0.185489
0.001
0.00164313
0.111362
0.406693
0.8
0.758056
0.8
0.770601
0.8
0.782003
0.428948
0.115583
0.00257582
0.001
0.001
0.001
0.001
0.001
0.001
0.0439337
0.259128
0.706595
0.8
0.8
0.705848
0.701664
0.694181
0.773609
0.596423
0.262849
0.0434299
0.001
0.0764724
0.217321
0.239788
0.151451
0.123992
0.147212
0.215319
0.212891
0.0989717
0.109628
0.231237
0.227065
0.146183
0.124155
0.151153
0.242459
0.221664
0.0785851
0.001
0.0435063
0.263332
0.596423
0.773609
0.694164
0.701664
0.705848
0.8
0.8
0.706595
0.259112
0.0439819
0.001
0.001
0.001
0.001
0.001
0.001
0.0935823
0.653651
0.8
0.8
0.660168
0.248747
0.412732
0.640188
0.715271
0.788045
0.612137
0.158106
0.001
0.001
0.0020793
0.00265785
0.00212914
0.00119379
0.0018825
0.00216295
0.00164499
0.001
0.001
0.0016819
0.00215292
0.00182428
0.00113696
0.00206376
0.00255483
0.00198377
0.001
0.001
0.158487
0.61221
0.78803
0.715271
0.639911
0.412526
0.24859
0.660168
0.8
0.8
0.653651
0.0935889
0.001
0.001
0.001
0.001
0.001
0.001
0.149984
0.770005
0.781108
0.658156
0.200215
0.06737
0.183249
0.470793
0.668246
0.734403
0.59539
0.193071
0.00122831
0.001
0.001
0.001
0.001
0.001
0.001
0.001
0.001
0.001
0.001
0.001
0.001
0.001
0.001
0.001
0.001
0.001
0.001
0.00123731
0.193634
0.595122
0.734339
0.668246
0.47097
0.183288
0.0673456
0.200164
0.658156
0.781108
0.770005
0.149952
0.001
0.001
0.001
0.001
0.001
0.001
0.141143
0.65184
0.667491
0.172787
0.0386023
0.00102112
0.0442527
0.121765
0.146596
0.182966
0.196215
0.092026
0.001
0.001
0.001
0.001
0.001
0.001
0.001
0.001
0.001
0.001
0.001
0.001
0.001
0.001
0.001
0.001
0.001
0.001
0.001
0.001
0.0923516
0.196834
0.183406
0.14662
0.12172
0.0442266
0.00102184
0.0386
0.172772
0.667492
0.65184
0.141129
0.001
0.001
0.001
0.001
0.001
0.001
0.0642292
0.145086
0.125354
0.0365199
0.001
0.001
0.001
0.001
0.00112118
0.00192358
0.00198974
0.00127048
0.001
0.001
0.001
0.001
0.001
0.001
0.001
0.001
0.001
0.001
0.001
0.001
0.001
0.001
0.001
0.001
0.001
0.001
0.001
0.001
0.00127989
0.00200303
0.00193517
0.00112662
0.001
0.001
0.001
0.001
0.0365201
0.125349
0.145077
0.0642237
0.001
0.001
0.001
0.001
0.001
0.001
0.001
0.001
0.001
0.001
0.001
0.001
0.001
0.001
0.001
0.001
0.001
0.001
0.001
0.001
0.001
0.001
0.001
0.001
0.001
0.001
0.001
0.001
0.001
0.001
0.001
0.001
0.001
0.001
0.001
0.001
0.001
0.001
0.001
0.001
0.001
0.001
0.001
0.001
0.001
0.001
0.001
0.001
0.001
0.001
0.001
0.001
0.001
0.001
0.001
0.001
0.001
0.001
0.001
0.001
0.001
0.001
0.001
0.001
0.001
0.001
0.001
0.001
0.001
0.001
0.001
0.001
0.001
0.001
0.001
0.001
0.001
0.001
0.001
0.001
0.001
0.001
0.001
0.001
0.001
0.001
0.001
0.001
0.001
0.001
0.001
0.001
0.001
0.001
0.001
0.001
0.001
0.001
0.001
0.001
0.001
0.001
0.001
0.001
0.001
0.001
0.001
0.001
0.001
0.001
0.001
0.001
0.001
0.001
0.001
0.001
0.001
0.001
0.001
0.001
0.001
0.001
0.001
0.001
0.001
0.001
0.001
0.001
0.001
0.001
0.001
0.001
0.001
0.001
0.001
0.001
0.001
0.001
0.001
0.001
0.001
0.001
0.001
0.001
0.001
0.001
0.001
0.001
0.001
0.001
0.001
0.001
0.001
0.001
0.001
0.001
0.001
0.001
0.001
0.001
0.001
0.001
0.001
0.001
0.001
0.001
0.001
0.001
0.001
0.001
0.001
0.001
0.001
0.001
0.001
0.001
0.001
0.001
0.001
0.001
0.001
0.001
0.001
0.001
0.001
0.001
0.001
0.001
0.001
0.001
0.001
0.001
0.001
0.001
0.001
0.001
0.001
0.001
0.001
0.001
0.001
0.001
0.001
0.001
0.001
0.001
0.0642298
0.14509
0.125359
0.0365236
0.001
0.001
0.001
0.001
0.00112739
0.00193595
0.00200349
0.00127993
0.001
0.001
0.001
0.001
0.001
0.001
0.001
0.001
0.001
0.001
0.001
0.001
0.001
0.001
0.001
0.001
0.001
0.001
0.001
0.001
0.00128062
0.00200434
0.00193653
0.00112745
0.001
0.001
0.001
0.001
0.0365023
0.12529
0.145005
0.0641884
0.001
0.001
0.001
0.001
0.001
0.001
0.14114
0.65184
0.667491
0.17278
0.0386024
0.0010223
0.0442269
0.121749
0.146654
0.183417
0.196825
0.0923447
0.001
0.001
0.001
0.001
0.001
0.001
0.001
0.001
0.001
0.001
0.001
0.001
0.001
0.001
0.001
0.001
0.001
0.001
0.001
0.001
0.0923359
0.196765
0.183303
0.1466
0.121804
0.0442885
0.00101578
0.0385565
0.172664
0.667491
0.65184
0.141047
0.001
0.001
0.001
0.001
0.001
0.001
0.149959
0.770005
0.781108
0.658156
0.200159
0.0673684
0.183285
0.470898
0.668246
0.734329
0.595095
0.193602
0.00123656
0.001
0.001
0.001
0.001
0.001
0.001
0.001
0.001
0.001
0.001
0.001
0.001
0.001
0.001
0.001
0.001
0.001
0.001
0.00123305
0.193421
0.594844
0.734268
0.668246
0.470771
0.183278
0.0672835
0.199973
0.658156
0.781108
0.770005
0.149845
0.001
0.001
0.001
0.001
0.001
0.001
0.0935876
0.653651
0.8
0.8
0.660168
0.24861
0.412781
0.640095
0.715271
0.788027
0.612217
0.15844
0.001
0.001
0.00195751
0.00251932
0.00203118
0.00111256
0.00232667
0.00299306
0.00248336
0.00106041
0.001
0.00177675
0.00224808
0.00187536
0.00111732
0.00222665
0.0028186
0.00222752
0.001
0.001
0.158113
0.612287
0.788013
0.715271
0.639907
0.412597
0.24834
0.660168
0.8
0.8
0.653651
0.0933416
0.001
0.001
0.001
0.001
0.001
0.001
0.04398
0.259088
0.706595
0.8
0.8
0.705848
0.701664
0.694156
0.773609
0.596423
0.263179
0.043476
0.001
0.0790556
0.222332
0.242436
0.150442
0.123876
0.152405
0.203583
0.185112
0.0802155
0.0956861
0.206322
0.209905
0.145803
0.122917
0.15216
0.235501
0.209269
0.07205
0.001
0.0432525
0.262369
0.596423
0.773609
0.694141
0.701664
0.705848
0.8
0.8
0.706595
0.258327
0.043691
0.001
0.001
0.001
0.001
0.001
0.001
0.00257602
0.115559
0.428986
0.782003
0.8
0.770601
0.8
0.758058
0.8
0.406849
0.111312
0.00164049
0.001
0.186343
0.571575
0.599858
0.720535
0.596629
0.710426
0.756644
0.583415
0.190601
0.22276
0.563122
0.756644
0.710426
0.596629
0.720535
0.599939
0.550524
0.174169
0.001
0.00162254
0.110933
0.406571
0.8
0.757982
0.8
0.770601
0.8
0.782003
0.429101
0.11524
0.00254353
0.001
0.001
0.001
0.001
0.001
0.001
0.001
0.0334345
0.243583
0.69072
1
1
1
1
1
0.306525
0.0121174
0.001
0.001
0.172408
0.563663
0.660369
0.743307
0.8
0.8
0.730653
0.490296
0.170778
0.194527
0.52068
0.730653
0.8
0.8
0.743307
0.660099
0.563253
0.165572
0.001
0.001
0.0120256
0.306242
1
1
1
1
1
0.690766
0.243559
0.0336124
0.001
0.001
0.001
0.001
0.001
0.0914483
0.255472
0.339911
0.441778
0.619368
0.898772
1
1
1
1
1
0.331403
0.001
0.001
0.001
0.0615929
0.318057
0.8
0.8
0.8
0.792245
0.34964
0.172209
0.0506027
0.0533351
0.176778
0.346413
0.792245
0.8
0.8
0.8
0.317319
0.0618625
0.001
0.001
0.001
0.331083
1
1
1
1
1
0.899672
0.618712
0.443989
0.331568
0.24131
0.0840359
0.001
0.001
0.253128
0.75405
0.901571
1
0.936806
0.906406
1
1
1
1
1
0.415093
0.001
0.001
0.001
0.00673818
0.254997
0.8
0.950564
0.832338
0.466522
0.108046
0.00476085
0.001
0.001
0.0050054
0.107011
0.468482
0.823271
0.941766
0.8
0.250848
0.00645911
0.001
0.001
0.001
0.414903
1
1
1
1
1
0.906406
0.936806
1
0.902162
0.746594
0.236848
0.001
0.001
0.256257
0.764644
0.899965
0.99537
1
1
1
1
1
1
1
0.420135
0.00478602
0.001
0.001
0.0310832
0.408428
1
1
0.912625
0.302488
0.0239964
0.001
0.001
0.001
0.001
0.0241676
0.297666
0.905705
1
1
0.403437
0.0303562
0.001
0.001
0.00472657
0.420523
1
1
1
1
1
1
1
0.995092
0.899977
0.776235
0.243084
0.001
0.001
0.0958685
0.270698
0.360267
0.398112
0.615417
0.964414
1
1
1
1
1
0.49391
0.0650917
0.001
0.001
0.114605
0.693707
1
1
0.874613
0.195797
0.00153793
0.001
0.001
0.001
0.001
0.00146121
0.193411
0.867688
1
1
0.688632
0.113671
0.001
0.001
0.0649005
0.494147
1
1
1
1
1
0.964414
0.615535
0.400514
0.359649
0.266371
0.0928872
0.001
0.001
0.001
0.001
0.001
0.0127094
0.160494
0.54723
1
1
1
1
1
0.884699
0.240168
0.0147395
0.001
0.210631
0.989803
1
1
0.717001
0.138308
0.001
0.001
0.001
0.001
0.001
0.001
0.13745
0.71341
1
1
0.983731
0.209306
0.001
0.0147642
0.239965
0.88422
1
1
1
1
1
0.546945
0.159974
0.0127486
0.001
0.001
0.001
0.001
0.001
0.001
0.001
0.001
0.001
0.00641611
0.225635
0.67047
1
1
1
1
1
0.623834
0.10997
0.0112135
0.342405
1
1
1
0.432032
0.0500851
0.001
0.001
0.001
0.001
0.001
0.001
0.0500454
0.430853
1
1
1
0.340205
0.0110813
0.11014
0.624012
1
1
1
1
1
0.670543
0.225712
0.00624785
0.001
0.001
0.001
0.001
0.001
0.001
0.001
0.001
0.001
0.001
0.0796033
0.366288
0.813914
1
1
1
1
1
1
0.45807
0.188877
0.64584
1
1
1
0.280915
0.00432844
0.001
0.001
0.001
0.001
0.001
0.001
0.00428102
0.280664
1
1
1
0.643119
0.188694
0.458198
1
1
1
1
1
1
0.812674
0.374465
0.0826986
0.001
0.001
0.001
0.001
0.001
0.001
0.001
0.001
0.001
0.001
0.240359
0.742299
0.875085
0.984494
1
1
1
1
1
1
0.579754
1
1
1
0.967902
0.214403
0.001
0.001
0.001
0.001
0.001
0.001
0.001
0.001
0.214298
0.96493
1
1
1
0.579454
1
1
1
1
1
1
0.984975
0.875085
0.751295
0.22574
0.001
0.001
0.001
0.001
0.001
0.001
0.001
0.001
0.001
0.001
0.255244
0.742361
0.788286
0.710761
0.97646
1
1
1
1
1
1
1
1
1
0.739575
0.150178
0.001
0.001
0.001
0.001
0.001
0.001
0.001
0.001
0.149826
0.736886
1
1
1
1
1
1
1
1
1
0.980045
0.71817
0.789572
0.729781
0.227468
0.001
0.001
0.001
0.001
0.001
0.001
0.001
0.001
0.001
0.001
0.101001
0.269044
0.299369
0.24002
0.489958
1
1
1
1
1
1
1
1
1
0.678565
0.136742
0.001
0.001
0.001
0.001
0.001
0.001
0.001
0.001
0.13666
0.676356
1
1
1
1
1
1
1
1
1
0.491407
0.243514
0.278623
0.235845
0.0850704
0.001
0.001
0.001
0.001
0.001
0.001
0.001
0.001
0.001
0.001
0.001
0.001
0.001
0.00842732
0.165013
0.740176
1
1
1
1
1
1
1
1
0.801239
0.179171
0.001
0.001
0.001
0.001
0.001
0.001
0.001
0.001
0.179198
0.799287
1
1
1
1
1
1
1
1
0.73948
0.16435
0.00819144
0.001
0.001
0.001
0.001
0.001
0.001
0.001
0.001
0.001
0.001
0.001
0.001
0.001
0.001
0.001
0.001
0.001
0.0406249
0.29396
1
1
1
1
1
1
1
1
1
0.242214
0.00120921
0.001
0.001
0.001
0.001
0.001
0.001
0.00122162
0.242101
0.999957
1
1
1
1
1
1
1
1
0.293649
0.040489
0.001
0.001
0.001
0.001
0.001
0.001
0.001
0.001
0.001
0.001
0.001
0.001
0.001
0.001
0.001
0.001
0.001
0.001
0.001
0.0742567
0.63991
1
1
1
1
1
1
1
1
0.401039
0.0227065
0.001
0.001
0.001
0.001
0.001
0.001
0.0227823
0.400452
1
1
1
1
1
1
1
1
0.639175
0.0741807
0.001
0.001
0.001
0.001
0.001
0.001
0.001
0.001
0.001
0.001
0.001
0.001
0.12017
0.293646
0.300077
0.219707
0.23817
0.22853
0.158498
0.145411
0.177036
0.459111
1
1
1
1
1
1
1
1
0.647775
0.0834747
0.0367535
0.0579592
0.0334449
0.0334016
0.0578852
0.03671
0.0834849
0.646512
1
1
1
1
1
1
1
1
0.461559
0.180899
0.149294
0.161545
0.229442
0.2375
0.218467
0.29844
0.292075
0.119545
0.001
0.001
0.001
0.001
0.252882
0.748436
0.837763
0.994677
0.888132
0.847199
0.900508
0.918248
0.939318
0.990767
1
1
1
1
1
1
1
1
1
1
1
0.699507
0.207557
0.207455
0.699116
1
1
1
1
1
1
1
1
1
1
1
0.990765
0.939318
0.918251
0.900511
0.847201
0.888132
0.994677
0.837763
0.748435
0.251619
0.001
0.001
0.001
0.001
0.268731
0.987562
0.998535
1
1
1
1
1
1
1
1
1
1
1
1
1
1
1
1
1
1
1
0.392003
0.391869
1
1
1
1
1
1
1
1
1
1
1
1
1
1
1
1
1
1
1
0.998535
0.987562
0.267448
0.001
0.001
