0.00741393
0.127289
0.335334
0.514668
0.672058
0.847818
1
1
1
1
1
1
1
1
1
1
1
1
1
1
1
1
1
1
0.445811
0.445811
1
1
1
1
1
1
1
1
1
1
1
1
1
1
1
1
1
1
0.847818
0.672058
0.514668
0.335334
0.127289
0.00741393
0.0128117
0.148891
0.376297
0.525991
0.557091
0.567733
0.569499
0.61906
0.673773
0.71342
0.743244
0.770221
1
1
1
1
1
1
1
1
1
1
1
0.74091
0.204914
0.204914
0.74091
1
1
1
1
1
1
1
1
1
1
1
0.770221
0.743244
0.71342
0.673773
0.61906
0.569499
0.567733
0.557091
0.525991
0.376297
0.148891
0.0128117
0.0172563
0.189132
0.454956
0.533878
0.406361
0.23727
0.113349
0.0853591
0.0993858
0.122423
0.221063
0.489359
1
1
1
1
1
1
1
1
0.953711
0.344176
0.0480232
0.0083742
0.0111484
0.0111484
0.0083742
0.0480232
0.344176
0.953711
1
1
1
1
1
1
1
1
0.489359
0.221063
0.122423
0.0993858
0.0853591
0.113349
0.23727
0.406361
0.533878
0.454956
0.189132
0.0172563
0.0122186
0.15677
0.375117
0.379451
0.203118
0.0735406
0.0132891
0.001
0.001
0.0270086
0.238292
0.765952
1
1
1
1
1
1
1
1
0.791777
0.251258
0.024601
0.001
0.001
0.001
0.001
0.024601
0.251258
0.791777
1
1
1
1
1
1
1
1
0.765952
0.238292
0.0270086
0.001
0.001
0.0132891
0.0735406
0.203118
0.379451
0.375117
0.15677
0.0122186
0.00313854
0.0602133
0.136144
0.127709
0.050102
0.00729357
0.001
0.001
0.0143077
0.124691
0.526949
1
1
1
1
1
1
1
1
1
0.569362
0.142483
0.00969067
0.001
0.001
0.001
0.001
0.00969067
0.142483
0.569362
1
1
1
1
1
1
1
1
1
0.526949
0.124691
0.0143077
0.001
0.001
0.00729357
0.050102
0.127709
0.136144
0.0602133
0.00313854
0.001
0.001
0.00184321
0.00151297
0.001
0.001
0.001
0.0129408
0.0985395
0.380853
0.959979
1
1
1
1
1
1
1
1
1
0.44754
0.0852547
0.00123099
0.001
0.001
0.001
0.001
0.00123099
0.0852547
0.44754
1
1
1
1
1
1
1
1
1
0.959979
0.380853
0.0985395
0.0129408
0.001
0.001
0.001
0.00151297
0.00184321
0.001
0.001
0.001
0.001
0.001
0.001
0.001
0.001
0.00246209
0.057259
0.290788
0.798769
1
1
1
1
0.961597
0.676397
0.970689
1
1
1
0.42267
0.077974
0.001
0.001
0.001
0.001
0.001
0.001
0.077974
0.42267
1
1
1
0.970689
0.676397
0.961597
1
1
1
1
0.798769
0.290788
0.057259
0.00246209
0.001
0.001
0.001
0.001
0.001
0.001
0.001
0.0135256
0.0593862
0.105111
0.106311
0.0783652
0.0718015
0.190228
0.609761
1
1
1
1
1
0.468275
0.418529
0.929654
1
1
1
0.440162
0.0849094
0.001
0.001
0.001
0.001
0.001
0.001
0.0849094
0.440162
1
1
1
0.929654
0.418529
0.468275
1
1
1
1
1
0.609761
0.190228
0.0718015
0.0783652
0.106311
0.105111
0.0593862
0.0135256
0.001
0.00132589
0.0694749
0.221568
0.350961
0.364286
0.331368
0.333338
0.520689
1
1
1
1
1
0.459435
0.123902
0.263206
0.846756
1
1
1
0.463512
0.0899021
0.001
0.001
0.001
0.001
0.001
0.001
0.0899021
0.463512
1
1
1
0.846756
0.263206
0.123902
0.459435
1
1
1
1
1
0.520689
0.333338
0.331368
0.364286
0.350961
0.221568
0.0694749
0.00132589
0.0058186
0.13449
0.37126
0.517074
0.565569
0.596018
0.636306
0.884857
1
1
1
1
0.51358
0.125143
0.0158212
0.187124
0.722282
1
1
1
0.484218
0.0928102
0.001
0.001
0.001
0.001
0.001
0.001
0.0928102
0.484218
1
1
1
0.722282
0.187124
0.0158212
0.125143
0.51358
1
1
1
1
0.884857
0.636306
0.596018
0.565569
0.517074
0.37126
0.13449
0.0058186
0.00842321
0.168172
0.418867
0.549889
0.590221
0.657555
0.736949
1
1
1
1
0.602387
0.169125
0.019054
0.00152653
0.118622
0.576815
1
1
1
0.49373
0.0943239
0.001
0.001
0.001
0.001
0.001
0.001
0.0943239
0.49373
1
1
1
0.576815
0.118622
0.00152653
0.019054
0.169125
0.602387
1
1
1
1
0.736949
0.657555
0.590221
0.549889
0.418867
0.168172
0.00842321
0.005294
0.127886
0.337327
0.435878
0.454413
0.539811
0.709009
1
1
1
0.727859
0.264244
0.0481448
0.00151952
0.001
0.0708957
0.46269
1
1
1
0.485765
0.0949602
0.001
0.001
0.001
0.001
0.001
0.001
0.0949602
0.485765
1
1
1
0.46269
0.0708957
0.001
0.00151952
0.0481448
0.264244
0.727859
1
1
1
0.709009
0.539811
0.454413
0.435878
0.337327
0.127886
0.005294
0.00100187
0.0516118
0.135169
0.188693
0.224779
0.397509
0.774609
1
1
0.911383
0.382875
0.0988327
0.0110666
0.001
0.001
0.0582341
0.404561
1
1
1
0.46357
0.0952012
0.001
0.001
0.001
0.001
0.001
0.001
0.0952012
0.46357
1
1
1
0.404561
0.0582341
0.001
0.001
0.0110666
0.0988327
0.382875
0.911383
1
1
0.774609
0.397509
0.224779
0.188693
0.135169
0.0516118
0.00100187
0.001
0.00105364
0.00663321
0.0175826
0.0788227
0.355568
0.918559
1
1
0.599981
0.176234
0.022185
0.001
0.001
0.001
0.0618973
0.380431
1
1
1
0.439147
0.0950421
0.001
0.001
0.001
0.001
0.001
0.001
0.0950421
0.439147
1
1
1
0.380431
0.0618973
0.001
0.001
0.001
0.022185
0.176234
0.599981
1
1
0.918559
0.355568
0.0788227
0.0175826
0.00663321
0.00105364
0.001
0.001
0.001
0.001
0.0169051
0.122378
0.48226
1
1
0.931998
0.367081
0.0743681
0.00264453
0.001
0.001
0.001
0.0680985
0.384842
0.987739
1
1
0.436789
0.0956193
0.001
0.001
0.001
0.001
0.001
0.001
0.0956193
0.436789
1
1
0.987739
0.384842
0.0680985
0.001
0.001
0.001
0.00264453
0.0743681
0.367081
0.931998
1
1
0.48226
0.122378
0.0169051
0.001
0.001
0.001
0.001
0.001
0.00419613
0.0594545
0.255048
0.674609
1
1
0.664917
0.203656
0.0273541
0.001
0.001
0.001
0.00105784
0.0847046
0.432623
0.994443
1
1
0.493928
0.124432
0.00852604
0.001
0.001
0.001
0.001
0.00852604
0.124432
0.493928
1
1
0.994443
0.432623
0.0847046
0.00105784
0.001
0.001
0.001
0.0273541
0.203656
0.664917
1
1
0.674609
0.255048
0.0594545
0.00419613
0.001
0.001
0.001
0.001
0.037241
0.158413
0.407304
0.785906
0.979319
0.892384
0.435884
0.101406
0.00508767
0.001
0.001
0.001
0.0193221
0.165615
0.558896
0.987837
1
1
0.633623
0.236752
0.0461924
0.001
0.001
0.001
0.001
0.0461924
0.236752
0.633623
1
1
0.987837
0.558896
0.165615
0.0193221
0.001
0.001
0.001
0.00508767
0.101406
0.435884
0.892384
0.979319
0.785906
0.407304
0.158413
0.037241
0.001
0.001
0.001
0.0141603
0.106975
0.29964
0.525328
0.763241
0.820867
0.696681
0.345501
0.0816957
0.00295885
0.001
0.001
0.00179872
0.0731745
0.34074
0.72623
0.912868
0.990255
0.925471
0.777658
0.428324
0.126204
0.00884532
0.001
0.001
0.00884532
0.126204
0.428324
0.777658
0.925471
0.990255
0.912868
0.72623
0.34074
0.0731745
0.00179872
0.001
0.001
0.00295885
0.0816957
0.345501
0.696681
0.820867
0.763241
0.525328
0.29964
0.106975
0.0141603
0.001
0.001
0.0532232
0.212189
0.414198
0.609958
0.710491
0.696928
0.622429
0.406189
0.164787
0.0299068
0.001
0.001
0.024316
0.183442
0.551114
0.787775
0.835616
0.808305
0.835132
0.802102
0.622301
0.253461
0.043329
0.001
0.001
0.043329
0.253461
0.622301
0.802102
0.835132
0.808305
0.835616
0.787775
0.551114
0.183442
0.024316
0.001
0.001
0.0299068
0.164787
0.406189
0.622429
0.696928
0.710491
0.609958
0.414198
0.212189
0.0532232
0.001
0.00291053
0.10166
0.315165
0.499281
0.623314
0.594351
0.548371
0.559117
0.519474
0.310718
0.089948
0.001
0.0014394
0.0794503
0.335731
0.703816
0.799056
0.754495
0.680813
0.724349
0.779014
0.721268
0.399083
0.105165
0.00121985
0.00121985
0.105165
0.399083
0.721268
0.779014
0.724349
0.680813
0.754495
0.799056
0.703816
0.335731
0.0794503
0.0014394
0.001
0.089948
0.310718
0.519474
0.559117
0.548371
0.594351
0.623314
0.499281
0.315165
0.10166
0.00291053
0.0118679
0.147229
0.390344
0.537074
0.544998
0.440386
0.435187
0.533899
0.599936
0.446509
0.159549
0.00210877
0.0102777
0.153371
0.45474
0.722302
0.749168
0.55096
0.390198
0.528467
0.712174
0.747137
0.502191
0.169365
0.00575613
0.00575613
0.169365
0.502191
0.747137
0.712174
0.528467
0.390198
0.55096
0.749168
0.722302
0.45474
0.153371
0.0102777
0.00210877
0.159549
0.446509
0.599936
0.533899
0.435187
0.440386
0.544998
0.537074
0.390344
0.147229
0.0118679
0.0179105
0.188834
0.451727
0.531475
0.419752
0.313019
0.300806
0.391032
0.485925
0.39909
0.147074
0.00214272
0.0188749
0.208532
0.500309
0.612816
0.475168
0.260027
0.141473
0.2491
0.477833
0.639358
0.522332
0.202394
0.00881388
0.00881388
0.202394
0.522332
0.639358
0.477833
0.2491
0.141473
0.260027
0.475168
0.612816
0.500309
0.208532
0.0188749
0.00214272
0.147074
0.39909
0.485925
0.391032
0.300806
0.313019
0.419752
0.531475
0.451727
0.188834
0.0179105
0.012163
0.152579
0.366504
0.386719
0.243653
0.13527
0.110515
0.154583
0.205767
0.1657
0.0629104
0.001
0.0147599
0.165179
0.381584
0.389727
0.210605
0.0708116
0.0173909
0.0612239
0.198076
0.38294
0.36826
0.146569
0.00586218
0.00586218
0.146569
0.36826
0.38294
0.198076
0.0612239
0.0173909
0.0708116
0.210605
0.389727
0.381584
0.165179
0.0147599
0.001
0.0629104
0.1657
0.205767
0.154583
0.110515
0.13527
0.243653
0.386719
0.366504
0.152579
0.012163
0.00273927
0.0582445
0.133762
0.138044
0.0701122
0.0201683
0.00327393
0.00996262
0.0156707
0.01092
0.00244043
0.001
0.00401574
0.0611417
0.135374
0.128666
0.0533565
0.00888786
0.001
0.00447037
0.0436029
0.11461
0.120534
0.0508862
0.00117881
0.00117881
0.0508862
0.120534
0.11461
0.0436029
0.00447037
0.001
0.00888786
0.0533565
0.128666
0.135374
0.0611417
0.00401574
0.001
0.00244043
0.01092
0.0156707
0.00996262
0.00327393
0.0201683
0.0701122
0.138044
0.133762
0.0582445
0.00273927
0.001
0.001
0.0019418
0.00188667
0.001
0.001
0.001
0.001
0.001
0.001
0.001
0.001
0.001
0.00114022
0.00257541
0.00224133
0.001
0.001
0.001
0.001
0.001
0.001
0.001
0.001
0.001
0.001
0.001
0.001
0.001
0.001
0.001
0.001
0.001
0.001
0.00224133
0.00257541
0.00114022
0.001
0.001
0.001
0.001
0.001
0.001
0.001
0.001
0.001
0.00188667
0.0019418
0.001
0.001
0.001
0.001
0.0019418
0.00188667
0.001
0.001
0.001
0.001
0.001
0.001
0.001
0.001
0.001
0.00114022
0.00257541
0.00224133
0.001
0.001
0.001
0.001
0.001
0.001
0.001
0.001
0.001
0.001
0.001
0.001
0.001
0.001
0.001
0.001
0.001
0.001
0.00224133
0.00257541
0.00114022
0.001
0.001
0.001
0.001
0.001
0.001
0.001
0.001
0.001
0.00188667
0.0019418
0.001
0.001
0.00273927
0.0582445
0.133762
0.138044
0.0701122
0.0201683
0.00327393
0.00996262
0.0156707
0.01092
0.00244043
0.001
0.00401574
0.0611417
0.135374
0.128666
0.0533565
0.00888786
0.001
0.00447037
0.0436029
0.11461
0.120534
0.0508862
0.00117881
0.00117881
0.0508862
0.120534
0.11461
0.0436029
0.00447037
0.001
0.00888786
0.0533565
0.128666
0.135374
0.0611417
0.00401574
0.001
0.00244043
0.01092
0.0156707
0.00996262
0.00327393
0.0201683
0.0701122
0.138044
0.133762
0.0582445
0.00273927
0.012163
0.152579
0.366504
0.386719
0.243653
0.13527
0.110515
0.154583
0.205767
0.1657
0.0629104
0.001
0.0147599
0.165179
0.381584
0.389727
0.210605
0.0708116
0.0173909
0.0612239
0.198076
0.38294
0.36826
0.146569
0.00586218
0.00586218
0.146569
0.36826
0.38294
0.198076
0.0612239
0.0173909
0.0708116
0.210605
0.389727
0.381584
0.165179
0.0147599
0.001
0.0629104
0.1657
0.205767
0.154583
0.110515
0.13527
0.243653
0.386719
0.366504
0.152579
0.012163
0.0179105
0.188834
0.451727
0.531475
0.419752
0.313019
0.300806
0.391032
0.485925
0.39909
0.147074
0.00214272
0.0188749
0.208532
0.500309
0.612816
0.475168
0.260027
0.141473
0.2491
0.477833
0.639358
0.522332
0.202394
0.00881388
0.00881388
0.202394
0.522332
0.639358
0.477833
0.2491
0.141473
0.260027
0.475168
0.612816
0.500309
0.208532
0.0188749
0.00214272
0.147074
0.39909
0.485925
0.391032
0.300806
0.313019
0.419752
0.531475
0.451727
0.188834
0.0179105
0.0118679
0.147229
0.390344
0.537074
0.544998
0.440386
0.435187
0.533899
0.599936
0.446509
0.159549
0.00210877
0.0102777
0.153371
0.45474
0.722302
0.749168
0.55096
0.390198
0.528467
0.712174
0.747137
0.502191
0.169365
0.00575613
0.00575613
0.169365
0.502191
0.747137
0.712174
0.528467
0.390198
0.55096
0.749168
0.722302
0.45474
0.153371
0.0102777
0.00210877
0.159549
0.446509
0.599936
0.533899
0.435187
0.440386
0.544998
0.537074
0.390344
0.147229
0.0118679
0.00291053
0.10166
0.315165
0.499281
0.623314
0.594351
0.548371
0.559117
0.519474
0.310718
0.089948
0.001
0.0014394
0.0794503
0.335731
0.703816
0.799056
0.754495
0.680813
0.724349
0.779014
0.721268
0.399083
0.105165
0.00121985
0.00121985
0.105165
0.399083
0.721268
0.779014
0.724349
0.680813
0.754495
0.799056
0.703816
0.335731
0.0794503
0.0014394
0.001
0.089948
0.310718
0.519474
0.559117
0.548371
0.594351
0.623314
0.499281
0.315165
0.10166
0.00291053
0.001
0.0532232
0.212189
0.414198
0.609958
0.710491
0.696928
0.622429
0.406189
0.164787
0.0299068
0.001
0.001
0.024316
0.183442
0.551114
0.787775
0.835616
0.808305
0.835132
0.802102
0.622301
0.253461
0.043329
0.001
0.001
0.043329
0.253461
0.622301
0.802102
0.835132
0.808305
0.835616
0.787775
0.551114
0.183442
0.024316
0.001
0.001
0.0299068
0.164787
0.406189
0.622429
0.696928
0.710491
0.609958
0.414198
0.212189
0.0532232
0.001
0.001
0.0141603
0.106975
0.29964
0.525328
0.763241
0.820867
0.696681
0.345501
0.0816957
0.00295885
0.001
0.001
0.00179872
0.0731745
0.34074
0.72623
0.912868
0.990255
0.925471
0.777658
0.428324
0.126204
0.00884532
0.001
0.001
0.00884532
0.126204
0.428324
0.777658
0.925471
0.990255
0.912868
0.72623
0.34074
0.0731745
0.00179872
0.001
0.001
0.00295885
0.0816957
0.345501
0.696681
0.820867
0.763241
0.525328
0.29964
0.106975
0.0141603
0.001
0.001
0.001
0.037241
0.158413
0.407304
0.785906
0.979319
0.892384
0.435884
0.101406
0.00508767
0.001
0.001
0.001
0.0193221
0.165615
0.558896
0.987837
1
1
0.633623
0.236752
0.0461924
0.001
0.001
0.001
0.001
0.0461924
0.236752
0.633623
1
1
0.987837
0.558896
0.165615
0.0193221
0.001
0.001
0.001
0.00508767
0.101406
0.435884
0.892384
0.979319
0.785906
0.407304
0.158413
0.037241
0.001
0.001
0.001
0.001
0.00419613
0.0594545
0.255048
0.674609
1
1
0.664917
0.203656
0.0273541
0.001
0.001
0.001
0.00105784
0.0847046
0.432623
0.994443
1
1
0.493928
0.124432
0.00852604
0.001
0.001
0.001
0.001
0.00852604
0.124432
0.493928
1
1
0.994443
0.432623
0.0847046
0.00105784
0.001
0.001
0.001
0.0273541
0.203656
0.664917
1
1
0.674609
0.255048
0.0594545
0.00419613
0.001
0.001
0.001
0.001
0.001
0.0169051
0.122378
0.48226
1
1
0.931998
0.367081
0.0743681
0.00264453
0.001
0.001
0.001
0.0680985
0.384842
0.987739
1
1
0.436789
0.0956193
0.001
0.001
0.001
0.001
0.001
0.001
0.0956193
0.436789
1
1
0.987739
0.384842
0.0680985
0.001
0.001
0.001
0.00264453
0.0743681
0.367081
0.931998
1
1
0.48226
0.122378
0.0169051
0.001
0.001
0.001
0.001
0.00105364
0.00663321
0.0175826
0.0788227
0.355568
0.918559
1
1
0.599981
0.176234
0.022185
0.001
0.001
0.001
0.0618973
0.380431
1
1
1
0.439147
0.0950421
0.001
0.001
0.001
0.001
0.001
0.001
0.0950421
0.439147
1
1
1
0.380431
0.0618973
0.001
0.001
0.001
0.022185
0.176234
0.599981
1
1
0.918559
0.355568
0.0788227
0.0175826
0.00663321
0.00105364
0.001
0.00100187
0.0516118
0.135169
0.188693
0.224779
0.397509
0.774609
1
1
0.911383
0.382875
0.0988327
0.0110666
0.001
0.001
0.0582341
0.404561
1
1
1
0.46357
0.0952012
0.001
0.001
0.001
0.001
0.001
0.001
0.0952012
0.46357
1
1
1
0.404561
0.0582341
0.001
0.001
0.0110666
0.0988327
0.382875
0.911383
1
1
0.774609
0.397509
0.224779
0.188693
0.135169
0.0516118
0.00100187
0.005294
0.127886
0.337327
0.435878
0.454413
0.539811
0.709009
1
1
1
0.727859
0.264244
0.0481448
0.00151952
0.001
0.0708957
0.46269
1
1
1
0.485765
0.0949602
0.001
0.001
0.001
0.001
0.001
0.001
0.0949602
0.485765
1
1
1
0.46269
0.0708957
0.001
0.00151952
0.0481448
0.264244
0.727859
1
1
1
0.709009
0.539811
0.454413
0.435878
0.337327
0.127886
0.005294
0.00842321
0.168172
0.418867
0.549889
0.590221
0.657555
0.736949
1
1
1
1
0.602387
0.169125
0.019054
0.00152653
0.118622
0.576815
1
1
1
0.49373
0.0943239
0.001
0.001
0.001
0.001
0.001
0.001
0.0943239
0.49373
1
1
1
0.576815
0.118622
0.00152653
0.019054
0.169125
0.602387
1
1
1
1
0.736949
0.657555
0.590221
0.549889
0.418867
0.168172
0.00842321
0.0058186
0.13449
0.37126
0.517074
0.565569
0.596018
0.636306
0.884857
1
1
1
1
0.51358
0.125143
0.0158212
0.187124
0.722282
1
1
1
0.484218
0.0928102
0.001
0.001
0.001
0.001
0.001
0.001
0.0928102
0.484218
1
1
1
0.722282
0.187124
0.0158212
0.125143
0.51358
1
1
1
1
0.884857
0.636306
0.596018
0.565569
0.517074
0.37126
0.13449
0.0058186
0.00132589
0.0694749
0.221568
0.350961
0.364286
0.331368
0.333338
0.520689
1
1
1
1
1
0.459435
0.123902
0.263206
0.846756
1
1
1
0.463512
0.0899021
0.001
0.001
0.001
0.001
0.001
0.001
0.0899021
0.463512
1
1
1
0.846756
0.263206
0.123902
0.459435
1
1
1
1
1
0.520689
0.333338
0.331368
0.364286
0.350961
0.221568
0.0694749
0.00132589
0.001
0.0135256
0.0593862
0.105111
0.106311
0.0783652
0.0718015
0.190228
0.609761
1
1
1
1
1
0.468275
0.418529
0.929654
1
1
1
0.440162
0.0849094
0.001
0.001
0.001
0.001
0.001
0.001
0.0849094
0.440162
1
1
1
0.929654
0.418529
0.468275
1
1
1
1
1
0.609761
0.190228
0.0718015
0.0783652
0.106311
0.105111
0.0593862
0.0135256
0.001
0.001
0.001
0.001
0.001
0.001
0.001
0.00246209
0.057259
0.290788
0.798769
1
1
1
1
0.961597
0.676397
0.970689
1
1
1
0.42267
0.077974
0.001
0.001
0.001
0.001
0.001
0.001
0.077974
0.42267
1
1
1
0.970689
0.676397
0.961597
1
1
1
1
0.798769
0.290788
0.057259
0.00246209
0.001
0.001
0.001
0.001
0.001
0.001
0.001
0.001
0.00184321
0.00151297
0.001
0.001
0.001
0.0129408
0.0985395
0.380853
0.959979
1
1
1
1
1
1
1
1
1
0.44754
0.0852547
0.00123099
0.001
0.001
0.001
0.001
0.00123099
0.0852547
0.44754
1
1
1
1
1
1
1
1
1
0.959979
0.380853
0.0985395
0.0129408
0.001
0.001
0.001
0.00151297
0.00184321
0.001
0.001
0.00313854
0.0602133
0.136144
0.127709
0.050102
0.00729357
0.001
0.001
0.0143077
0.124691
0.526949
1
1
1
1
1
1
1
1
1
0.569362
0.142483
0.00969067
0.001
0.001
0.001
0.001
0.00969067
0.142483
0.569362
1
1
1
1
1
1
1
1
1
0.526949
0.124691
0.0143077
0.001
0.001
0.00729357
0.050102
0.127709
0.136144
0.0602133
0.00313854
0.0122186
0.15677
0.375117
0.379451
0.203118
0.0735406
0.0132891
0.001
0.001
0.0270086
0.238292
0.765952
1
1
1
1
1
1
1
1
0.791777
0.251258
0.024601
0.001
0.001
0.001
0.001
0.024601
0.251258
0.791777
1
1
1
1
1
1
1
1
0.765952
0.238292
0.0270086
0.001
0.001
0.0132891
0.0735406
0.203118
0.379451
0.375117
0.15677
0.0122186
0.0172563
0.189132
0.454956
0.533878
0.406361
0.23727
0.113349
0.0853591
0.0993858
0.122423
0.221063
0.489359
1
1
1
1
1
1
1
1
0.953711
0.344176
0.0480232
0.0083742
0.0111484
0.0111484
0.0083742
0.0480232
0.344176
0.953711
1
1
1
1
1
1
1
1
0.489359
0.221063
0.122423
0.0993858
0.0853591
0.113349
0.23727
0.406361
0.533878
0.454956
0.189132
0.0172563
0.0128117
0.148891
0.376297
0.525991
0.557091
0.567733
0.569499
0.61906
0.673773
0.71342
0.743244
0.770221
1
1
1
1
1
1
1
1
1
1
1
0.74091
0.204914
0.204914
0.74091
1
1
1
1
1
1
1
1
1
1
1
0.770221
0.743244
0.71342
0.673773
0.61906
0.569499
0.567733
0.557091
0.525991
0.376297
0.148891
0.0128117
0.00741393
0.127289
0.335334
0.514668
0.672058
0.847818
1
1
1
1
1
1
1
1
1
1
1
1
1
1
1
1
1
1
0.445811
0.445811
1
1
1
1
1
1
1
1
1
1
1
1
1
1
1
1
1
1
0.847818
0.672058
0.514668
0.335334
0.127289
0.00741393
