0.001
0.0328395
0.146614
0.279886
0.343768
0.357874
0.365185
0.366713
0.380301
0.439662
0.556151
0.685721
0.809255
0.900128
1
1
1
1
1
1
1
1
1
1
1
0.33055
0.0345553
0.001
0.001
0.001
0.001
0.001
0.001
0.0345553
0.33055
1
1
1
1
1
1
1
1
1
1
1
0.900128
0.809255
0.685721
0.556151
0.439662
0.380301
0.366713
0.365185
0.357874
0.343768
0.279886
0.146614
0.0328395
0.001
0.001
0.0239465
0.121587
0.250814
0.327002
0.354887
0.373799
0.39696
0.458337
0.57701
0.714647
0.800962
0.832797
0.847344
0.916884
1
1
1
1
1
1
1
1
1
0.989827
0.329366
0.0401333
0.001
0.001
0.001
0.001
0.001
0.001
0.0401333
0.329366
0.989827
1
1
1
1
1
1
1
1
1
0.916884
0.847344
0.832797
0.800962
0.714647
0.57701
0.458337
0.39696
0.373799
0.354887
0.327002
0.250814
0.121587
0.0239465
0.001
0.001
0.0127827
0.0915232
0.215993
0.307425
0.355273
0.406723
0.495283
0.637312
0.789129
0.868498
0.837535
0.7413
0.67038
0.704866
0.991494
1
1
1
1
1
1
1
1
0.910846
0.326659
0.0528992
0.00249442
0.001
0.001
0.001
0.001
0.00249442
0.0528992
0.326659
0.910846
1
1
1
1
1
1
1
1
0.991494
0.704866
0.67038
0.7413
0.837535
0.868498
0.789129
0.637312
0.495283
0.406723
0.355273
0.307425
0.215993
0.0915232
0.0127827
0.001
0.001
0.00961265
0.0845972
0.21018
0.311775
0.390411
0.506916
0.669105
0.820533
0.875392
0.802236
0.643331
0.48882
0.458297
0.610095
0.972573
1
1
1
1
1
1
1
1
0.809455
0.333174
0.0842265
0.0136294
0.001
0.001
0.001
0.001
0.0136294
0.0842265
0.333174
0.809455
1
1
1
1
1
1
1
1
0.972573
0.610095
0.458297
0.48882
0.643331
0.802236
0.875392
0.820533
0.669105
0.506916
0.390411
0.311775
0.21018
0.0845972
0.00961265
0.001
0.001
0.0182531
0.107257
0.244092
0.365331
0.496359
0.667136
0.805531
0.828499
0.714757
0.51686
0.332109
0.235224
0.344946
0.685203
1
1
1
1
1
1
1
1
1
0.693879
0.351906
0.147614
0.0426628
0.00203528
0.001
0.001
0.00203528
0.0426628
0.147614
0.351906
0.693879
1
1
1
1
1
1
1
1
1
0.685203
0.344946
0.235224
0.332109
0.51686
0.714757
0.828499
0.805531
0.667136
0.496359
0.365331
0.244092
0.107257
0.0182531
0.001
0.001
0.0420716
0.162237
0.318986
0.47099
0.633252
0.752491
0.747249
0.604775
0.393619
0.211561
0.108742
0.136282
0.394467
0.876944
1
1
1
1
1
1
1
1
1
0.597512
0.376473
0.22679
0.0856368
0.00892079
0.001
0.001
0.00892079
0.0856368
0.22679
0.376473
0.597512
1
1
1
1
1
1
1
1
1
0.876944
0.394467
0.136282
0.108742
0.211561
0.393619
0.604775
0.747249
0.752491
0.633252
0.47099
0.318986
0.162237
0.0420716
0.001
0.00336001
0.0778373
0.243876
0.419749
0.569513
0.667783
0.645912
0.496304
0.295846
0.134604
0.0489584
0.0407156
0.191041
0.586344
1
1
1
1
1
1
1
1
1
0.885359
0.535017
0.392388
0.286386
0.127444
0.0209612
0.001
0.001
0.0209612
0.127444
0.286386
0.392388
0.535017
0.885359
1
1
1
1
1
1
1
1
1
0.586344
0.191041
0.0407156
0.0489584
0.134604
0.295846
0.496304
0.645912
0.667783
0.569513
0.419749
0.243876
0.0778373
0.00336001
0.00820083
0.11552
0.32212
0.492089
0.563341
0.535734
0.395394
0.221517
0.0896015
0.0250566
0.014393
0.0830033
0.351424
0.871859
1
1
1
1
1
1
1
1
1
0.776777
0.486671
0.390125
0.312426
0.153421
0.0315655
0.001
0.001
0.0315655
0.153421
0.312426
0.390125
0.486671
0.776777
1
1
1
1
1
1
1
1
1
0.871859
0.351424
0.0830033
0.014393
0.0250566
0.0896015
0.221517
0.395394
0.535734
0.563341
0.492089
0.32212
0.11552
0.00820083
0.00991912
0.128793
0.342778
0.463038
0.427591
0.30629
0.160789
0.0598032
0.0145618
0.00409816
0.0333449
0.196908
0.616966
1
1
1
1
1
0.855458
1
1
1
1
0.685442
0.432418
0.368087
0.306195
0.154454
0.0327779
0.001
0.001
0.0327779
0.154454
0.306195
0.368087
0.432418
0.685442
1
1
1
1
0.855458
1
1
1
1
1
0.616966
0.196908
0.0333449
0.00409816
0.0145618
0.0598032
0.160789
0.30629
0.427591
0.463038
0.342778
0.128793
0.00991912
0.00591001
0.0898896
0.239719
0.298833
0.221167
0.111738
0.0368622
0.00756991
0.001
0.017976
0.113731
0.408877
0.959357
1
1
1
1
0.772275
0.663811
0.975617
1
1
1
0.622
0.378681
0.327439
0.267031
0.127783
0.0236986
0.001
0.001
0.0236986
0.127783
0.267031
0.327439
0.378681
0.622
1
1
1
0.975617
0.663811
0.772275
1
1
1
1
0.959357
0.408877
0.113731
0.017976
0.001
0.00756991
0.0368622
0.111738
0.221167
0.298833
0.239719
0.0898896
0.00591001
0.00123219
0.0307293
0.081647
0.0978839
0.0606515
0.0203749
0.00246595
0.001
0.0125681
0.0666556
0.267384
0.723508
1
1
1
1
0.860378
0.46218
0.492352
0.960242
1
1
1
0.593548
0.341967
0.278376
0.204941
0.0857259
0.0115092
0.001
0.001
0.0115092
0.0857259
0.204941
0.278376
0.341967
0.593548
1
1
1
0.960242
0.492352
0.46218
0.860378
1
1
1
1
0.723508
0.267384
0.0666556
0.0125681
0.001
0.00246595
0.0203749
0.0606515
0.0978839
0.081647
0.0307293
0.00123219
0.001
0.001
0.00324552
0.00524631
0.00599439
0.00730765
0.0118091
0.0241152
0.0598882
0.188044
0.517334
1
1
1
1
0.990969
0.468129
0.201376
0.357853
0.916342
1
1
1
0.596843
0.333848
0.24507
0.151429
0.0505521
0.003663
0.001
0.001
0.003663
0.0505521
0.151429
0.24507
0.333848
0.596843
1
1
1
0.916342
0.357853
0.201376
0.468129
0.990969
1
1
1
1
0.517334
0.188044
0.0598882
0.0241152
0.0118091
0.00730765
0.00599439
0.00524631
0.00324552
0.001
0.001
0.001
0.00258993
0.0247979
0.0620843
0.0888907
0.0965729
0.103505
0.12308
0.187803
0.393608
0.846214
1
1
1
1
0.572812
0.186656
0.0637246
0.281636
0.836425
1
1
1
0.619914
0.353288
0.247513
0.136394
0.0372731
0.00117341
0.001
0.001
0.00117341
0.0372731
0.136394
0.247513
0.353288
0.619914
1
1
1
0.836425
0.281636
0.0637246
0.186656
0.572812
1
1
1
1
0.846214
0.393608
0.187803
0.12308
0.103505
0.0965729
0.0888907
0.0620843
0.0247979
0.00258993
0.001
0.001
0.0208961
0.0983379
0.20441
0.266165
0.282646
0.291548
0.306192
0.389914
0.667601
1
1
1
1
0.712956
0.263211
0.0574079
0.0260329
0.231895
0.730207
1
1
1
0.646621
0.384605
0.27905
0.159359
0.045024
0.00117669
0.001
0.001
0.00117669
0.045024
0.159359
0.27905
0.384605
0.646621
1
1
1
0.730207
0.231895
0.0260329
0.0574079
0.263211
0.712956
1
1
1
1
0.667601
0.389914
0.306192
0.291548
0.282646
0.266165
0.20441
0.0983379
0.0208961
0.001
0.001
0.0506014
0.189162
0.337479
0.416423
0.452235
0.472338
0.488003
0.590759
0.915059
1
1
1
0.837509
0.354011
0.0951433
0.0115994
0.018745
0.179281
0.604737
1
1
1
0.664435
0.408366
0.313831
0.196837
0.0624101
0.00216434
0.001
0.001
0.00216434
0.0624101
0.196837
0.313831
0.408366
0.664435
1
1
1
0.604737
0.179281
0.018745
0.0115994
0.0951433
0.354011
0.837509
1
1
1
0.915059
0.590759
0.488003
0.472338
0.452235
0.416423
0.337479
0.189162
0.0506014
0.001
0.001
0.0666036
0.226345
0.377709
0.459898
0.513658
0.545546
0.579999
0.724974
1
1
1
0.948939
0.449381
0.146367
0.0253955
0.00127644
0.013696
0.122292
0.480206
1
1
1
0.670386
0.414553
0.329725
0.222702
0.0768684
0.0034551
0.001
0.001
0.0034551
0.0768684
0.222702
0.329725
0.414553
0.670386
1
1
1
0.480206
0.122292
0.013696
0.00127644
0.0253955
0.146367
0.449381
0.948939
1
1
1
0.724974
0.579999
0.545546
0.513658
0.459898
0.377709
0.226345
0.0666036
0.001
0.001
0.0546872
0.196528
0.342062
0.423152
0.474008
0.506507
0.577644
0.815901
1
1
1
0.56631
0.214222
0.0536516
0.00669059
0.001
0.00874653
0.0826807
0.393979
1
1
1
0.672527
0.407351
0.320213
0.222978
0.0796144
0.00409532
0.001
0.001
0.00409532
0.0796144
0.222978
0.320213
0.407351
0.672527
1
1
1
0.393979
0.0826807
0.00874653
0.001
0.00669059
0.0536516
0.214222
0.56631
1
1
1
0.815901
0.577644
0.506507
0.474008
0.423152
0.342062
0.196528
0.0546872
0.001
0.001
0.0302317
0.13438
0.265371
0.342905
0.379156
0.424611
0.570843
0.909934
1
1
0.713881
0.307294
0.0952763
0.0182904
0.001
0.001
0.00837962
0.0732209
0.360191
0.910109
1
1
0.681003
0.40009
0.296251
0.203071
0.0715161
0.00368212
0.001
0.001
0.00368212
0.0715161
0.203071
0.296251
0.40009
0.681003
1
1
0.910109
0.360191
0.0732209
0.00837962
0.001
0.001
0.0182904
0.0952763
0.307294
0.713881
1
1
0.909934
0.570843
0.424611
0.379156
0.342905
0.265371
0.13438
0.0302317
0.001
0.001
0.0113545
0.0785416
0.186365
0.266026
0.305524
0.403062
0.654345
0.977336
1
0.867609
0.439621
0.158554
0.0369399
0.00244613
0.001
0.001
0.0179035
0.0955042
0.365864
0.809655
1
0.978576
0.694757
0.410741
0.27987
0.181245
0.0614216
0.00290266
0.001
0.001
0.00290266
0.0614216
0.181245
0.27987
0.410741
0.694757
0.978576
1
0.809655
0.365864
0.0955042
0.0179035
0.001
0.001
0.00244613
0.0369399
0.158554
0.439621
0.867609
1
0.977336
0.654345
0.403062
0.305524
0.266026
0.186365
0.0785416
0.0113545
0.001
0.001
0.00420689
0.0531572
0.149914
0.238729
0.314737
0.493647
0.797638
0.996044
0.953826
0.63338
0.28731
0.0863112
0.0146364
0.001
0.001
0.00115583
0.0397782
0.154106
0.411283
0.745998
0.942425
0.925648
0.719949
0.459823
0.293638
0.175587
0.0591765
0.00280301
0.001
0.001
0.00280301
0.0591765
0.175587
0.293638
0.459823
0.719949
0.925648
0.942425
0.745998
0.411283
0.154106
0.0397782
0.00115583
0.001
0.001
0.0146364
0.0863112
0.28731
0.63338
0.953826
0.996044
0.797638
0.493647
0.314737
0.238729
0.149914
0.0531572
0.00420689
0.001
0.001
0.00476439
0.0600431
0.167657
0.277849
0.416619
0.656621
0.893843
0.95146
0.785514
0.501948
0.237587
0.069482
0.00494899
0.001
0.001
0.00764847
0.0752068
0.244169
0.504234
0.741922
0.848232
0.849197
0.756182
0.553209
0.351116
0.197049
0.0692643
0.00436225
0.001
0.001
0.00436225
0.0692643
0.197049
0.351116
0.553209
0.756182
0.849197
0.848232
0.741922
0.504234
0.244169
0.0752068
0.00764847
0.001
0.001
0.00494899
0.069482
0.237587
0.501948
0.785514
0.95146
0.893843
0.656621
0.416619
0.277849
0.167657
0.0600431
0.00476439
0.001
0.001
0.0116688
0.0880368
0.222289
0.374536
0.575775
0.791016
0.880334
0.826751
0.685319
0.480207
0.247903
0.0755296
0.00480451
0.001
0.001
0.0276184
0.13827
0.359105
0.618132
0.758541
0.754629
0.753033
0.768664
0.66
0.449542
0.249287
0.0911314
0.0102332
0.001
0.001
0.0102332
0.0911314
0.249287
0.449542
0.66
0.768664
0.753033
0.754629
0.758541
0.618132
0.359105
0.13827
0.0276184
0.001
0.001
0.00480451
0.0755296
0.247903
0.480207
0.685319
0.826751
0.880334
0.791016
0.575775
0.374536
0.222289
0.0880368
0.0116688
0.001
0.001
0.0299898
0.136046
0.306045
0.507021
0.713029
0.809727
0.76335
0.69564
0.643517
0.511324
0.289141
0.0943566
0.00886002
0.001
0.00408827
0.0638585
0.235646
0.489722
0.701168
0.732163
0.630833
0.616521
0.716694
0.723932
0.56211
0.332161
0.134337
0.0262734
0.001
0.001
0.0262734
0.134337
0.332161
0.56211
0.723932
0.716694
0.616521
0.630833
0.732163
0.701168
0.489722
0.235646
0.0638585
0.00408827
0.001
0.00886002
0.0943566
0.289141
0.511324
0.643517
0.69564
0.76335
0.809727
0.713029
0.507021
0.306045
0.136046
0.0299898
0.001
0.00303418
0.0606102
0.210284
0.414471
0.622256
0.743701
0.701795
0.592526
0.57808
0.610925
0.541215
0.341119
0.128656
0.0187105
0.001
0.0204853
0.127079
0.350134
0.593197
0.706621
0.633925
0.486167
0.464813
0.596216
0.700204
0.635219
0.43274
0.207286
0.0541354
0.00115633
0.00115633
0.0541354
0.207286
0.43274
0.635219
0.700204
0.596216
0.464813
0.486167
0.633925
0.706621
0.593197
0.350134
0.127079
0.0204853
0.001
0.0187105
0.128656
0.341119
0.541215
0.610925
0.57808
0.592526
0.701795
0.743701
0.622256
0.414471
0.210284
0.0606102
0.00303418
0.0134085
0.103664
0.297971
0.509461
0.64584
0.646484
0.52396
0.432736
0.466275
0.54368
0.533121
0.385304
0.173648
0.0343323
0.001
0.0542564
0.218471
0.450454
0.615334
0.620842
0.49006
0.35579
0.336932
0.447457
0.5891
0.622515
0.506732
0.289906
0.0917531
0.00520234
0.00520234
0.0917531
0.289906
0.506732
0.622515
0.5891
0.447457
0.336932
0.35579
0.49006
0.620842
0.615334
0.450454
0.218471
0.0542564
0.001
0.0343323
0.173648
0.385304
0.533121
0.54368
0.466275
0.432736
0.52396
0.646484
0.64584
0.509461
0.297971
0.103664
0.0134085
0.0332581
0.154589
0.367324
0.528852
0.561245
0.479852
0.359396
0.309431
0.360607
0.447554
0.484838
0.399259
0.20672
0.0470898
0.00325042
0.0955532
0.302161
0.491992
0.55024
0.484113
0.352963
0.248827
0.233852
0.31663
0.445363
0.53165
0.510307
0.347809
0.131067
0.012475
0.012475
0.131067
0.347809
0.510307
0.53165
0.445363
0.31663
0.233852
0.248827
0.352963
0.484113
0.55024
0.491992
0.302161
0.0955532
0.00325042
0.0470898
0.20672
0.399259
0.484838
0.447554
0.360607
0.309431
0.359396
0.479852
0.561245
0.528852
0.367324
0.154589
0.0332581
0.042042
0.177054
0.375173
0.463945
0.412453
0.306464
0.213244
0.187474
0.236807
0.320704
0.381857
0.338554
0.179801
0.0400303
0.00436741
0.109133
0.314973
0.448571
0.431424
0.335652
0.222282
0.140373
0.12808
0.19184
0.299443
0.399419
0.44077
0.339414
0.139115
0.0144965
0.0144965
0.139115
0.339414
0.44077
0.399419
0.299443
0.19184
0.12808
0.140373
0.222282
0.335652
0.431424
0.448571
0.314973
0.109133
0.00436741
0.0400303
0.179801
0.338554
0.381857
0.320704
0.236807
0.187474
0.213244
0.306464
0.412453
0.463945
0.375173
0.177054
0.042042
0.0266315
0.122514
0.261251
0.298586
0.230241
0.142156
0.0819045
0.0686242
0.0991234
0.15977
0.211974
0.188106
0.0923025
0.0175611
0.00262775
0.0716211
0.208101
0.29196
0.25873
0.173294
0.0930465
0.0461929
0.0394314
0.0739441
0.144552
0.228925
0.278545
0.220844
0.0888338
0.00801971
0.00801971
0.0888338
0.220844
0.278545
0.228925
0.144552
0.0739441
0.0394314
0.0461929
0.0930465
0.173294
0.25873
0.29196
0.208101
0.0716211
0.00262775
0.0175611
0.0923025
0.188106
0.211974
0.15977
0.0991234
0.0686242
0.0819045
0.142156
0.230241
0.298586
0.261251
0.122514
0.0266315
0.00628218
0.0403863
0.0884315
0.10072
0.069194
0.0331636
0.0107174
0.00589634
0.0155736
0.0371868
0.0562066
0.0481873
0.0204161
0.00191875
0.001
0.0212669
0.0654011
0.0956692
0.0820933
0.0459106
0.0163869
0.00342511
0.00213044
0.0101598
0.0342593
0.0686151
0.0896911
0.0690124
0.0264008
0.00130266
0.00130266
0.0264008
0.0690124
0.0896911
0.0686151
0.0342593
0.0101598
0.00213044
0.00342511
0.0163869
0.0459106
0.0820933
0.0956692
0.0654011
0.0212669
0.001
0.00191875
0.0204161
0.0481873
0.0562066
0.0371868
0.0155736
0.00589634
0.0107174
0.0331636
0.069194
0.10072
0.0884315
0.0403863
0.00628218
0.001
0.001
0.00258274
0.00288888
0.00151894
0.001
0.001
0.001
0.001
0.001
0.001
0.001
0.001
0.001
0.001
0.001
0.00124229
0.00207211
0.00162473
0.001
0.001
0.001
0.001
0.001
0.001
0.00108032
0.00163569
0.00117627
0.001
0.001
0.001
0.001
0.00117627
0.00163569
0.00108032
0.001
0.001
0.001
0.001
0.001
0.001
0.00162473
0.00207211
0.00124229
0.001
0.001
0.001
0.001
0.001
0.001
0.001
0.001
0.001
0.001
0.001
0.00151894
0.00288888
0.00258274
0.001
0.001
0.001
0.001
0.00258274
0.00288888
0.00151894
0.001
0.001
0.001
0.001
0.001
0.001
0.001
0.001
0.001
0.001
0.001
0.00124229
0.00207211
0.00162473
0.001
0.001
0.001
0.001
0.001
0.001
0.00108032
0.00163569
0.00117627
0.001
0.001
0.001
0.001
0.00117627
0.00163569
0.00108032
0.001
0.001
0.001
0.001
0.001
0.001
0.00162473
0.00207211
0.00124229
0.001
0.001
0.001
0.001
0.001
0.001
0.001
0.001
0.001
0.001
0.001
0.00151894
0.00288888
0.00258274
0.001
0.001
0.00628218
0.0403863
0.0884315
0.10072
0.069194
0.0331636
0.0107174
0.00589634
0.0155736
0.0371868
0.0562066
0.0481873
0.0204161
0.00191875
0.001
0.0212669
0.0654011
0.0956692
0.0820933
0.0459106
0.0163869
0.00342511
0.00213044
0.0101598
0.0342593
0.0686151
0.0896911
0.0690124
0.0264008
0.00130266
0.00130266
0.0264008
0.0690124
0.0896911
0.0686151
0.0342593
0.0101598
0.00213044
0.00342511
0.0163869
0.0459106
0.0820933
0.0956692
0.0654011
0.0212669
0.001
0.00191875
0.0204161
0.0481873
0.0562066
0.0371868
0.0155736
0.00589634
0.0107174
0.0331636
0.069194
0.10072
0.0884315
0.0403863
0.00628218
0.0266315
0.122514
0.261251
0.298586
0.230241
0.142156
0.0819045
0.0686242
0.0991234
0.15977
0.211974
0.188106
0.0923025
0.0175611
0.00262775
0.0716211
0.208101
0.29196
0.25873
0.173294
0.0930465
0.0461929
0.0394314
0.0739441
0.144552
0.228925
0.278545
0.220844
0.0888338
0.00801971
0.00801971
0.0888338
0.220844
0.278545
0.228925
0.144552
0.0739441
0.0394314
0.0461929
0.0930465
0.173294
0.25873
0.29196
0.208101
0.0716211
0.00262775
0.0175611
0.0923025
0.188106
0.211974
0.15977
0.0991234
0.0686242
0.0819045
0.142156
0.230241
0.298586
0.261251
0.122514
0.0266315
0.042042
0.177054
0.375173
0.463945
0.412453
0.306464
0.213244
0.187474
0.236807
0.320704
0.381857
0.338554
0.179801
0.0400303
0.00436741
0.109133
0.314973
0.448571
0.431424
0.335652
0.222282
0.140373
0.12808
0.19184
0.299443
0.399419
0.44077
0.339414
0.139115
0.0144965
0.0144965
0.139115
0.339414
0.44077
0.399419
0.299443
0.19184
0.12808
0.140373
0.222282
0.335652
0.431424
0.448571
0.314973
0.109133
0.00436741
0.0400303
0.179801
0.338554
0.381857
0.320704
0.236807
0.187474
0.213244
0.306464
0.412453
0.463945
0.375173
0.177054
0.042042
0.0332581
0.154589
0.367324
0.528852
0.561245
0.479852
0.359396
0.309431
0.360607
0.447554
0.484838
0.399259
0.20672
0.0470898
0.00325042
0.0955532
0.302161
0.491992
0.55024
0.484113
0.352963
0.248827
0.233852
0.31663
0.445363
0.53165
0.510307
0.347809
0.131067
0.012475
0.012475
0.131067
0.347809
0.510307
0.53165
0.445363
0.31663
0.233852
0.248827
0.352963
0.484113
0.55024
0.491992
0.302161
0.0955532
0.00325042
0.0470898
0.20672
0.399259
0.484838
0.447554
0.360607
0.309431
0.359396
0.479852
0.561245
0.528852
0.367324
0.154589
0.0332581
0.0134085
0.103664
0.297971
0.509461
0.64584
0.646484
0.52396
0.432736
0.466275
0.54368
0.533121
0.385304
0.173648
0.0343323
0.001
0.0542564
0.218471
0.450454
0.615334
0.620842
0.49006
0.35579
0.336932
0.447457
0.5891
0.622515
0.506732
0.289906
0.0917531
0.00520234
0.00520234
0.0917531
0.289906
0.506732
0.622515
0.5891
0.447457
0.336932
0.35579
0.49006
0.620842
0.615334
0.450454
0.218471
0.0542564
0.001
0.0343323
0.173648
0.385304
0.533121
0.54368
0.466275
0.432736
0.52396
0.646484
0.64584
0.509461
0.297971
0.103664
0.0134085
0.00303418
0.0606102
0.210284
0.414471
0.622256
0.743701
0.701795
0.592526
0.57808
0.610925
0.541215
0.341119
0.128656
0.0187105
0.001
0.0204853
0.127079
0.350134
0.593197
0.706621
0.633925
0.486167
0.464813
0.596216
0.700204
0.635219
0.43274
0.207286
0.0541354
0.00115633
0.00115633
0.0541354
0.207286
0.43274
0.635219
0.700204
0.596216
0.464813
0.486167
0.633925
0.706621
0.593197
0.350134
0.127079
0.0204853
0.001
0.0187105
0.128656
0.341119
0.541215
0.610925
0.57808
0.592526
0.701795
0.743701
0.622256
0.414471
0.210284
0.0606102
0.00303418
0.001
0.0299898
0.136046
0.306045
0.507021
0.713029
0.809727
0.76335
0.69564
0.643517
0.511324
0.289141
0.0943566
0.00886002
0.001
0.00408827
0.0638585
0.235646
0.489722
0.701168
0.732163
0.630833
0.616521
0.716694
0.723932
0.56211
0.332161
0.134337
0.0262734
0.001
0.001
0.0262734
0.134337
0.332161
0.56211
0.723932
0.716694
0.616521
0.630833
0.732163
0.701168
0.489722
0.235646
0.0638585
0.00408827
0.001
0.00886002
0.0943566
0.289141
0.511324
0.643517
0.69564
0.76335
0.809727
0.713029
0.507021
0.306045
0.136046
0.0299898
0.001
0.001
0.0116688
0.0880368
0.222289
0.374536
0.575775
0.791016
0.880334
0.826751
0.685319
0.480207
0.247903
0.0755296
0.00480451
0.001
0.001
0.0276184
0.13827
0.359105
0.618132
0.758541
0.754629
0.753033
0.768664
0.66
0.449542
0.249287
0.0911314
0.0102332
0.001
0.001
0.0102332
0.0911314
0.249287
0.449542
0.66
0.768664
0.753033
0.754629
0.758541
0.618132
0.359105
0.13827
0.0276184
0.001
0.001
0.00480451
0.0755296
0.247903
0.480207
0.685319
0.826751
0.880334
0.791016
0.575775
0.374536
0.222289
0.0880368
0.0116688
0.001
0.001
0.00476439
0.0600431
0.167657
0.277849
0.416619
0.656621
0.893843
0.95146
0.785514
0.501948
0.237587
0.069482
0.00494899
0.001
0.001
0.00764847
0.0752068
0.244169
0.504234
0.741922
0.848232
0.849197
0.756182
0.553209
0.351116
0.197049
0.0692643
0.00436225
0.001
0.001
0.00436225
0.0692643
0.197049
0.351116
0.553209
0.756182
0.849197
0.848232
0.741922
0.504234
0.244169
0.0752068
0.00764847
0.001
0.001
0.00494899
0.069482
0.237587
0.501948
0.785514
0.95146
0.893843
0.656621
0.416619
0.277849
0.167657
0.0600431
0.00476439
0.001
0.001
0.00420689
0.0531572
0.149914
0.238729
0.314737
0.493647
0.797638
0.996044
0.953826
0.63338
0.28731
0.0863112
0.0146364
0.001
0.001
0.00115583
0.0397782
0.154106
0.411283
0.745998
0.942425
0.925648
0.719949
0.459823
0.293638
0.175587
0.0591765
0.00280301
0.001
0.001
0.00280301
0.0591765
0.175587
0.293638
0.459823
0.719949
0.925648
0.942425
0.745998
0.411283
0.154106
0.0397782
0.00115583
0.001
0.001
0.0146364
0.0863112
0.28731
0.63338
0.953826
0.996044
0.797638
0.493647
0.314737
0.238729
0.149914
0.0531572
0.00420689
0.001
0.001
0.0113545
0.0785416
0.186365
0.266026
0.305524
0.403062
0.654345
0.977336
1
0.867609
0.439621
0.158554
0.0369399
0.00244613
0.001
0.001
0.0179035
0.0955042
0.365864
0.809655
1
0.978576
0.694757
0.410741
0.27987
0.181245
0.0614216
0.00290266
0.001
0.001
0.00290266
0.0614216
0.181245
0.27987
0.410741
0.694757
0.978576
1
0.809655
0.365864
0.0955042
0.0179035
0.001
0.001
0.00244613
0.0369399
0.158554
0.439621
0.867609
1
0.977336
0.654345
0.403062
0.305524
0.266026
0.186365
0.0785416
0.0113545
0.001
0.001
0.0302317
0.13438
0.265371
0.342905
0.379156
0.424611
0.570843
0.909934
1
1
0.713881
0.307294
0.0952763
0.0182904
0.001
0.001
0.00837962
0.0732209
0.360191
0.910109
1
1
0.681003
0.40009
0.296251
0.203071
0.0715161
0.00368212
0.001
0.001
0.00368212
0.0715161
0.203071
0.296251
0.40009
0.681003
1
1
0.910109
0.360191
0.0732209
0.00837962
0.001
0.001
0.0182904
0.0952763
0.307294
0.713881
1
1
0.909934
0.570843
0.424611
0.379156
0.342905
0.265371
0.13438
0.0302317
0.001
0.001
0.0546872
0.196528
0.342062
0.423152
0.474008
0.506507
0.577644
0.815901
1
1
1
0.56631
0.214222
0.0536516
0.00669059
0.001
0.00874653
0.0826807
0.393979
1
1
1
0.672527
0.407351
0.320213
0.222978
0.0796144
0.00409532
0.001
0.001
0.00409532
0.0796144
0.222978
0.320213
0.407351
0.672527
1
1
1
0.393979
0.0826807
0.00874653
0.001
0.00669059
0.0536516
0.214222
0.56631
1
1
1
0.815901
0.577644
0.506507
0.474008
0.423152
0.342062
0.196528
0.0546872
0.001
0.001
0.0666036
0.226345
0.377709
0.459898
0.513658
0.545546
0.579999
0.724974
1
1
1
0.948939
0.449381
0.146367
0.0253955
0.00127644
0.013696
0.122292
0.480206
1
1
1
0.670386
0.414553
0.329725
0.222702
0.0768684
0.0034551
0.001
0.001
0.0034551
0.0768684
0.222702
0.329725
0.414553
0.670386
1
1
1
0.480206
0.122292
0.013696
0.00127644
0.0253955
0.146367
0.449381
0.948939
1
1
1
0.724974
0.579999
0.545546
0.513658
0.459898
0.377709
0.226345
0.0666036
0.001
0.001
0.0506014
0.189162
0.337479
0.416423
0.452235
0.472338
0.488003
0.590759
0.915059
1
1
1
0.837509
0.354011
0.0951433
0.0115994
0.018745
0.179281
0.604737
1
1
1
0.664435
0.408366
0.313831
0.196837
0.0624101
0.00216434
0.001
0.001
0.00216434
0.0624101
0.196837
0.313831
0.408366
0.664435
1
1
1
0.604737
0.179281
0.018745
0.0115994
0.0951433
0.354011
0.837509
1
1
1
0.915059
0.590759
0.488003
0.472338
0.452235
0.416423
0.337479
0.189162
0.0506014
0.001
0.001
0.0208961
0.0983379
0.20441
0.266165
0.282646
0.291548
0.306192
0.389914
0.667601
1
1
1
1
0.712956
0.263211
0.0574079
0.0260329
0.231895
0.730207
1
1
1
0.646621
0.384605
0.27905
0.159359
0.045024
0.00117669
0.001
0.001
0.00117669
0.045024
0.159359
0.27905
0.384605
0.646621
1
1
1
0.730207
0.231895
0.0260329
0.0574079
0.263211
0.712956
1
1
1
1
0.667601
0.389914
0.306192
0.291548
0.282646
0.266165
0.20441
0.0983379
0.0208961
0.001
0.001
0.00258993
0.0247979
0.0620843
0.0888907
0.0965729
0.103505
0.12308
0.187803
0.393608
0.846214
1
1
1
1
0.572812
0.186656
0.0637246
0.281636
0.836425
1
1
1
0.619914
0.353288
0.247513
0.136394
0.0372731
0.00117341
0.001
0.001
0.00117341
0.0372731
0.136394
0.247513
0.353288
0.619914
1
1
1
0.836425
0.281636
0.0637246
0.186656
0.572812
1
1
1
1
0.846214
0.393608
0.187803
0.12308
0.103505
0.0965729
0.0888907
0.0620843
0.0247979
0.00258993
0.001
0.001
0.001
0.00324552
0.00524631
0.00599439
0.00730765
0.0118091
0.0241152
0.0598882
0.188044
0.517334
1
1
1
1
0.990969
0.468129
0.201376
0.357853
0.916342
1
1
1
0.596843
0.333848
0.24507
0.151429
0.0505521
0.003663
0.001
0.001
0.003663
0.0505521
0.151429
0.24507
0.333848
0.596843
1
1
1
0.916342
0.357853
0.201376
0.468129
0.990969
1
1
1
1
0.517334
0.188044
0.0598882
0.0241152
0.0118091
0.00730765
0.00599439
0.00524631
0.00324552
0.001
0.001
0.00123219
0.0307293
0.081647
0.0978839
0.0606515
0.0203749
0.00246595
0.001
0.0125681
0.0666556
0.267384
0.723508
1
1
1
1
0.860378
0.46218
0.492352
0.960242
1
1
1
0.593548
0.341967
0.278376
0.204941
0.0857259
0.0115092
0.001
0.001
0.0115092
0.0857259
0.204941
0.278376
0.341967
0.593548
1
1
1
0.960242
0.492352
0.46218
0.860378
1
1
1
1
0.723508
0.267384
0.0666556
0.0125681
0.001
0.00246595
0.0203749
0.0606515
0.0978839
0.081647
0.0307293
0.00123219
0.00591001
0.0898896
0.239719
0.298833
0.221167
0.111738
0.0368622
0.00756991
0.001
0.017976
0.113731
0.408877
0.959357
1
1
1
1
0.772275
0.663811
0.975617
1
1
1
0.622
0.378681
0.327439
0.267031
0.127783
0.0236986
0.001
0.001
0.0236986
0.127783
0.267031
0.327439
0.378681
0.622
1
1
1
0.975617
0.663811
0.772275
1
1
1
1
0.959357
0.408877
0.113731
0.017976
0.001
0.00756991
0.0368622
0.111738
0.221167
0.298833
0.239719
0.0898896
0.00591001
0.00991912
0.128793
0.342778
0.463038
0.427591
0.30629
0.160789
0.0598032
0.0145618
0.00409816
0.0333449
0.196908
0.616966
1
1
1
1
1
0.855458
1
1
1
1
0.685442
0.432418
0.368087
0.306195
0.154454
0.0327779
0.001
0.001
0.0327779
0.154454
0.306195
0.368087
0.432418
0.685442
1
1
1
1
0.855458
1
1
1
1
1
0.616966
0.196908
0.0333449
0.00409816
0.0145618
0.0598032
0.160789
0.30629
0.427591
0.463038
0.342778
0.128793
0.00991912
0.00820083
0.11552
0.32212
0.492089
0.563341
0.535734
0.395394
0.221517
0.0896015
0.0250566
0.014393
0.0830033
0.351424
0.871859
1
1
1
1
1
1
1
1
1
0.776777
0.486671
0.390125
0.312426
0.153421
0.0315655
0.001
0.001
0.0315655
0.153421
0.312426
0.390125
0.486671
0.776777
1
1
1
1
1
1
1
1
1
0.871859
0.351424
0.0830033
0.014393
0.0250566
0.0896015
0.221517
0.395394
0.535734
0.563341
0.492089
0.32212
0.11552
0.00820083
0.00336001
0.0778373
0.243876
0.419749
0.569513
0.667783
0.645912
0.496304
0.295846
0.134604
0.0489584
0.0407156
0.191041
0.586344
1
1
1
1
1
1
1
1
1
0.885359
0.535017
0.392388
0.286386
0.127444
0.0209612
0.001
0.001
0.0209612
0.127444
0.286386
0.392388
0.535017
0.885359
1
1
1
1
1
1
1
1
1
0.586344
0.191041
0.0407156
0.0489584
0.134604
0.295846
0.496304
0.645912
0.667783
0.569513
0.419749
0.243876
0.0778373
0.00336001
0.001
0.0420716
0.162237
0.318986
0.47099
0.633252
0.752491
0.747249
0.604775
0.393619
0.211561
0.108742
0.136282
0.394467
0.876944
1
1
1
1
1
1
1
1
1
0.597512
0.376473
0.22679
0.0856368
0.00892079
0.001
0.001
0.00892079
0.0856368
0.22679
0.376473
0.597512
1
1
1
1
1
1
1
1
1
0.876944
0.394467
0.136282
0.108742
0.211561
0.393619
0.604775
0.747249
0.752491
0.633252
0.47099
0.318986
0.162237
0.0420716
0.001
0.001
0.0182531
0.107257
0.244092
0.365331
0.496359
0.667136
0.805531
0.828499
0.714757
0.51686
0.332109
0.235224
0.344946
0.685203
1
1
1
1
1
1
1
1
1
0.693879
0.351906
0.147614
0.0426628
0.00203528
0.001
0.001
0.00203528
0.0426628
0.147614
0.351906
0.693879
1
1
1
1
1
1
1
1
1
0.685203
0.344946
0.235224
0.332109
0.51686
0.714757
0.828499
0.805531
0.667136
0.496359
0.365331
0.244092
0.107257
0.0182531
0.001
0.001
0.00961265
0.0845972
0.21018
0.311775
0.390411
0.506916
0.669105
0.820533
0.875392
0.802236
0.643331
0.48882
0.458297
0.610095
0.972573
1
1
1
1
1
1
1
1
0.809455
0.333174
0.0842265
0.0136294
0.001
0.001
0.001
0.001
0.0136294
0.0842265
0.333174
0.809455
1
1
1
1
1
1
1
1
0.972573
0.610095
0.458297
0.48882
0.643331
0.802236
0.875392
0.820533
0.669105
0.506916
0.390411
0.311775
0.21018
0.0845972
0.00961265
0.001
0.001
0.0127827
0.0915232
0.215993
0.307425
0.355273
0.406723
0.495283
0.637312
0.789129
0.868498
0.837535
0.7413
0.67038
0.704866
0.991494
1
1
1
1
1
1
1
1
0.910846
0.326659
0.0528992
0.00249442
0.001
0.001
0.001
0.001
0.00249442
0.0528992
0.326659
0.910846
1
1
1
1
1
1
1
1
0.991494
0.704866
0.67038
0.7413
0.837535
0.868498
0.789129
0.637312
0.495283
0.406723
0.355273
0.307425
0.215993
0.0915232
0.0127827
0.001
0.001
0.0239465
0.121587
0.250814
0.327002
0.354887
0.373799
0.39696
0.458337
0.57701
0.714647
0.800962
0.832797
0.847344
0.916884
1
1
1
1
1
1
1
1
1
0.989827
0.329366
0.0401333
0.001
0.001
0.001
0.001
0.001
0.001
0.0401333
0.329366
0.989827
1
1
1
1
1
1
1
1
1
0.916884
0.847344
0.832797
0.800962
0.714647
0.57701
0.458337
0.39696
0.373799
0.354887
0.327002
0.250814
0.121587
0.0239465
0.001
0.001
0.0328395
0.146614
0.279886
0.343768
0.357874
0.365185
0.366713
0.380301
0.439662
0.556151
0.685721
0.809255
0.900128
1
1
1
1
1
1
1
1
1
1
1
0.33055
0.0345553
0.001
0.001
0.001
0.001
0.001
0.001
0.0345553
0.33055
1
1
1
1
1
1
1
1
1
1
1
0.900128
0.809255
0.685721
0.556151
0.439662
0.380301
0.366713
0.365185
0.357874
0.343768
0.279886
0.146614
0.0328395
0.001
