-5.58907
-7.70465
-8.16848
-7.06691
-6.13623
-6.93348
-10.9967
-17.1417
-25.1384
-35.5666
-49.3568
-68.0794
-94.5526
-134.34
-200.194
-330.476
-726.658
-1093.55
-900.682
-535.406
-379.595
-303.278
-259.103
-230.975
-212.026
-198.883
-189.727
-183.522
-179.662
-177.808
-177.808
-179.662
-183.522
-189.727
-198.883
-212.026
-230.975
-259.103
-303.278
-379.595
-535.406
-900.682
-1093.55
-726.658
-330.476
-200.194
-134.34
-94.5526
-68.0794
-49.3568
-35.5666
-25.1384
-17.1417
-10.9967
-6.93348
-6.13623
-7.06691
-8.16848
-7.70465
-5.58907
-4.96632
-7.13387
-7.90093
-7.13882
-6.41324
-7.27995
-11.3264
-17.3652
-25.1738
-35.3163
-48.6388
-66.5304
-91.383
-127.623
-184.368
-284.344
-518.854
-701.299
-625.092
-433.232
-336.068
-279.995
-244.204
-220.076
-203.255
-191.336
-182.921
-177.167
-173.568
-171.835
-171.835
-173.568
-177.167
-182.921
-191.336
-203.255
-220.076
-244.204
-279.995
-336.068
-433.232
-625.092
-701.299
-518.854
-284.344
-184.368
-127.623
-91.383
-66.5304
-48.6388
-35.3163
-25.1738
-17.3652
-11.3264
-7.27995
-6.41324
-7.13882
-7.90093
-7.13387
-4.96632
-4.06051
-6.39815
-7.70059
-7.49654
-7.09082
-8.0321
-12.0273
-17.827
-25.2371
-34.7878
-47.1642
-63.4284
-85.2545
-115.334
-157.998
-219.553
-302.686
-361.001
-355.022
-312.017
-273.817
-242.718
-219.012
-201.293
-188.122
-178.395
-171.338
-166.426
-163.319
-161.813
-161.813
-163.319
-166.426
-171.338
-178.395
-188.122
-201.293
-219.012
-242.718
-273.817
-312.017
-355.022
-361.001
-302.686
-219.553
-157.998
-115.334
-85.2545
-63.4284
-47.1642
-34.7878
-25.2371
-17.827
-12.0273
-8.0321
-7.09082
-7.49654
-7.70059
-6.39815
-4.06051
-3.37519
-5.82441
-7.71813
-8.13586
-8.07134
-9.07367
-12.9639
-18.4216
-25.2885
-34.0524
-45.2143
-59.4927
-77.8891
-101.717
-132.405
-170.41
-211.592
-241.203
-248.142
-238.102
-222.683
-206.737
-192.508
-180.679
-171.222
-163.88
-158.365
-154.436
-151.912
-150.679
-150.679
-151.912
-154.436
-158.365
-163.88
-171.222
-180.679
-192.508
-206.737
-222.683
-238.102
-248.142
-241.203
-211.592
-170.41
-132.405
-101.717
-77.8891
-59.4927
-45.2143
-34.0524
-25.2885
-18.4216
-12.9639
-9.07367
-8.07134
-8.13586
-7.71813
-5.82441
-3.37519
-2.90779
-5.40286
-7.82092
-8.85401
-9.14275
-10.2079
-13.9525
-19.0049
-25.244
-33.1151
-42.9502
-55.1806
-70.3175
-88.8548
-110.974
-135.841
-160.437
-179.15
-187.944
-187.88
-182.709
-175.294
-167.453
-160.167
-153.871
-148.705
-144.671
-141.716
-139.785
-138.832
-138.832
-139.785
-141.716
-144.671
-148.705
-153.871
-160.167
-167.453
-175.294
-182.709
-187.88
-187.944
-179.15
-160.437
-135.841
-110.974
-88.8548
-70.3175
-55.1806
-42.9502
-33.1151
-25.244
-19.0049
-13.9525
-10.2079
-9.14275
-8.85401
-7.82092
-5.40286
-2.90779
-2.67462
-5.13967
-7.93117
-9.49785
-10.1244
-11.2502
-14.8215
-19.4451
-25.0302
-31.9844
-40.506
-50.8206
-63.1366
-77.5442
-93.8142
-111.082
-127.554
-140.758
-148.923
-152.09
-151.564
-148.799
-144.965
-140.866
-136.989
-133.603
-130.839
-128.752
-127.36
-126.665
-126.665
-127.36
-128.752
-130.839
-133.603
-136.989
-140.866
-144.965
-148.799
-151.564
-152.09
-148.923
-140.758
-127.554
-111.082
-93.8142
-77.5442
-63.1366
-50.8206
-40.506
-31.9844
-25.0302
-19.4451
-14.8215
-11.2502
-10.1244
-9.49785
-7.93117
-5.13967
-2.67462
-2.67069
-5.03651
-8.02635
-9.99442
-10.9095
-12.0717
-15.4502
-19.6518
-24.6022
-30.677
-37.9793
-46.6035
-56.5934
-67.8711
-80.1278
-92.705
-104.554
-114.444
-121.486
-125.525
-127.031
-126.716
-125.276
-123.275
-121.12
-119.08
-117.322
-115.945
-115.005
-114.529
-114.529
-115.005
-115.945
-117.322
-119.08
-121.12
-123.275
-125.276
-126.716
-127.031
-125.525
-121.486
-114.444
-104.554
-92.705
-80.1278
-67.8711
-56.5934
-46.6035
-37.9793
-30.677
-24.6022
-19.6518
-15.4502
-12.0717
-10.9095
-9.99442
-8.02635
-5.03651
-2.67069
-2.86556
-5.08482
-8.1193
-10.343
-11.4713
-12.6136
-15.7799
-19.5839
-23.9479
-29.2182
-35.4358
-42.6191
-50.7333
-59.647
-69.0809
-78.5705
-87.4847
-95.1521
-101.077
-105.102
-107.392
-108.296
-108.218
-107.528
-106.527
-105.441
-104.429
-103.596
-103.009
-102.706
-102.706
-103.009
-103.596
-104.429
-105.441
-106.527
-107.528
-108.218
-108.296
-107.392
-105.102
-101.077
-95.1521
-87.4847
-78.5705
-69.0809
-59.647
-50.7333
-42.6191
-35.4358
-29.2182
-23.9479
-19.5839
-15.7799
-12.6136
-11.4713
-10.343
-8.1193
-5.08482
-2.86556
-3.22444
-5.27394
-8.24119
-10.5934
-11.8438
-12.8661
-15.7903
-19.2365
-23.0841
-27.6426
-32.9203
-38.8981
-45.5106
-52.6231
-60.0107
-67.3511
-74.2506
-80.315
-85.2484
-88.9259
-91.3984
-92.8396
-93.4813
-93.5609
-93.2904
-92.8427
-92.3499
-91.9074
-91.5797
-91.4065
-91.4065
-91.5797
-91.9074
-92.3499
-92.8427
-93.2904
-93.5609
-93.4813
-92.8396
-91.3984
-88.9259
-85.2484
-80.315
-74.2506
-67.3511
-60.0107
-52.6231
-45.5106
-38.8981
-32.9203
-27.6426
-23.0841
-19.2365
-15.7903
-12.8661
-11.8438
-10.5934
-8.24119
-5.27394
-3.22444
-3.72222
-5.59805
-8.43054
-10.8121
-12.1158
-12.8967
-15.5279
-18.6459
-22.0561
-25.992
-30.4652
-35.4417
-40.85
-46.5707
-52.4306
-58.2053
-63.6404
-68.4917
-72.5732
-75.7933
-78.1604
-79.7626
-80.7343
-81.2264
-81.3843
-81.3348
-81.181
-81.0017
-80.8526
-80.7695
-80.7695
-80.8526
-81.0017
-81.181
-81.3348
-81.3843
-81.2264
-80.7343
-79.7626
-78.1604
-75.7933
-72.5732
-68.4917
-63.6404
-58.2053
-52.4306
-46.5707
-40.85
-35.4417
-30.4652
-25.992
-22.0561
-18.6459
-15.5279
-12.8967
-12.1158
-10.8121
-8.43054
-5.59805
-3.72222
-4.34826
-6.05871
-8.72254
-11.0526
-12.3666
-13.0249
-15.0995
-17.8906
-20.9229
-24.3088
-28.094
-32.2386
-36.6746
-41.3027
-45.9915
-50.5833
-54.9087
-58.8102
-62.1667
-64.9129
-67.0432
-68.6032
-69.6726
-70.3479
-70.7279
-70.9035
-70.9524
-70.9365
-70.9011
-70.8761
-70.8761
-70.9011
-70.9365
-70.9524
-70.9035
-70.7279
-70.3479
-69.6726
-68.6032
-67.0432
-64.9129
-62.1667
-58.8102
-54.9087
-50.5833
-45.9915
-41.3027
-36.6746
-32.2386
-28.094
-24.3088
-20.9229
-17.8906
-15.0995
-13.0249
-12.3666
-11.0526
-8.72254
-6.05871
-4.34826
-5.10739
-6.66722
-9.15013
-11.3664
-12.6583
-13.187
-14.5977
-17.0347
-19.7246
-22.6255
-25.8219
-29.2724
-32.9163
-36.6731
-40.4436
-44.1154
-47.5734
-50.7126
-53.4529
-55.7481
-57.5898
-59.0025
-60.0352
-60.7507
-61.2165
-61.4973
-61.6508
-61.7241
-61.7531
-61.7617
-61.7617
-61.7531
-61.7241
-61.6508
-61.4973
-61.2165
-60.7507
-60.0352
-59.0025
-57.5898
-55.7481
-53.4529
-50.7126
-47.5734
-44.1154
-40.4436
-36.6731
-32.9163
-29.2724
-25.8219
-22.6255
-19.7246
-17.0347
-14.5977
-13.187
-12.6583
-11.3664
-9.15013
-6.66722
-5.10739
-6.02025
-7.44795
-9.75535
-11.8329
-13.0823
-13.4654
-14.0933
-16.1141
-18.4761
-20.9651
-23.6576
-26.5262
-29.5187
-32.5704
-35.6066
-38.5465
-41.3103
-43.8269
-46.0422
-47.9247
-49.4669
-50.6833
-51.6053
-52.2753
-52.74
-53.0462
-53.2363
-53.3463
-53.404
-53.4281
-53.4281
-53.404
-53.3463
-53.2363
-53.0462
-52.74
-52.2753
-51.6053
-50.6833
-49.4669
-47.9247
-46.0422
-43.8269
-41.3103
-38.5465
-35.6066
-32.5704
-29.5187
-26.5262
-23.6576
-20.9651
-18.4761
-16.1141
-14.0933
-13.4654
-13.0823
-11.8329
-9.75535
-7.44795
-6.02025
-7.12294
-8.43895
-10.5913
-12.5431
-13.7486
-14.0234
-13.9269
-15.2203
-17.196
-19.3448
-21.6063
-23.9844
-26.436
-28.9098
-31.3494
-33.6963
-35.8946
-37.8956
-39.6629
-41.1754
-42.4281
-43.431
-44.2056
-44.7817
-45.1928
-45.4734
-45.6554
-45.7663
-45.8279
-45.855
-45.855
-45.8279
-45.7663
-45.6554
-45.4734
-45.1928
-44.7817
-44.2056
-43.431
-42.4281
-41.1754
-39.6629
-37.8956
-35.8946
-33.6963
-31.3494
-28.9098
-26.436
-23.9844
-21.6063
-19.3448
-17.196
-15.2203
-13.9269
-14.0234
-13.7486
-12.5431
-10.5913
-8.43895
-7.12294
-8.46561
-9.68956
-11.713
-13.5659
-14.7231
-14.9552
-14.5432
-14.5643
-15.9824
-17.7747
-19.6723
-21.6335
-23.6322
-25.6269
-27.5751
-29.4347
-31.1662
-32.7363
-34.1205
-35.3054
-36.289
-37.0793
-37.6923
-38.1502
-38.4782
-38.7027
-38.8484
-38.9373
-38.9866
-39.0082
-39.0082
-38.9866
-38.9373
-38.8484
-38.7027
-38.4782
-38.1502
-37.6923
-37.0793
-36.289
-35.3054
-34.1205
-32.7363
-31.1662
-29.4347
-27.5751
-25.6269
-23.6322
-21.6335
-19.6723
-17.7747
-15.9824
-14.5643
-14.5432
-14.9552
-14.7231
-13.5659
-11.713
-9.68956
-8.46561
-10.1113
-11.2594
-13.1769
-14.9527
-16.0601
-16.2817
-15.7017
-14.8757
-15.0659
-16.3143
-17.852
-19.4616
-21.079
-22.6725
-24.2115
-25.6664
-27.009
-28.2166
-29.2729
-30.1703
-30.9095
-31.4982
-31.9493
-32.2801
-32.5107
-32.6624
-32.7557
-32.8086
-32.8355
-32.8464
-32.8464
-32.8355
-32.8086
-32.7557
-32.6624
-32.5107
-32.2801
-31.9493
-31.4982
-30.9095
-30.1703
-29.2729
-28.2166
-27.009
-25.6664
-24.2115
-22.6725
-21.079
-19.4616
-17.852
-16.3143
-15.0659
-14.8757
-15.7017
-16.2817
-16.0601
-14.9527
-13.1769
-11.2594
-10.1113
-12.1349
-13.2186
-15.0465
-16.7582
-17.8265
-18.032
-17.4091
-16.251
-15.1532
-15.2337
-16.2075
-17.4559
-18.7556
-20.0096
-21.2038
-22.3205
-23.3372
-24.2392
-25.0149
-25.6612
-26.1822
-26.5859
-26.883
-27.0874
-27.2162
-27.2878
-27.3204
-27.3299
-27.3288
-27.3261
-27.3261
-27.3288
-27.3299
-27.3204
-27.2878
-27.2162
-27.0874
-26.883
-26.5859
-26.1822
-25.6612
-25.0149
-24.2392
-23.3372
-22.3205
-21.2038
-20.0096
-18.7556
-17.4559
-16.2075
-15.2337
-15.1532
-16.251
-17.4091
-18.032
-17.8265
-16.7582
-15.0465
-13.2186
-12.1349
-14.6207
-15.6457
-17.3922
-19.0456
-20.0804
-20.2659
-19.632
-18.3543
-16.7906
-15.4496
-15.109
-15.7213
-16.6235
-17.593
-18.5088
-19.3441
-20.0864
-20.7319
-21.2678
-21.6954
-22.0242
-22.2625
-22.4185
-22.5032
-22.5316
-22.5217
-22.4907
-22.4536
-22.4222
-22.4044
-22.4044
-22.4222
-22.4536
-22.4907
-22.5217
-22.5316
-22.5032
-22.4185
-22.2625
-22.0242
-21.6954
-21.2678
-20.7319
-20.0864
-19.3441
-18.5088
-17.593
-16.6235
-15.7213
-15.109
-15.4496
-16.7906
-18.3543
-19.632
-20.2659
-20.0804
-19.0456
-17.3922
-15.6457
-14.6207
-17.6532
-18.6196
-20.2843
-21.8754
-22.8677
-23.0197
-22.3519
-21.0324
-19.2884
-17.4484
-15.8525
-14.8176
-14.9916
-15.4687
-16.0623
-16.6641
-17.1979
-17.6427
-17.9733
-18.2086
-18.37
-18.465
-18.4966
-18.4714
-18.4043
-18.3148
-18.2207
-18.1369
-18.0747
-18.0416
-18.0416
-18.0747
-18.1369
-18.2207
-18.3148
-18.4043
-18.4714
-18.4966
-18.465
-18.37
-18.2086
-17.9733
-17.6427
-17.1979
-16.6641
-16.0623
-15.4687
-14.9916
-14.8176
-15.8525
-17.4484
-19.2884
-21.0324
-22.3519
-23.0197
-22.8677
-21.8754
-20.2843
-18.6196
-17.6532
-21.2962
-22.1985
-23.7742
-25.2919
-26.2236
-26.3168
-25.5834
-24.1881
-22.3545
-20.3182
-18.272
-16.465
-15.0757
-14.2411
-14.2414
-14.4106
-14.6429
-14.8716
-15.026
-15.1103
-15.1486
-15.1382
-15.0709
-14.9483
-14.7911
-14.6253
-14.4709
-14.3422
-14.2503
-14.2024
-14.2024
-14.2503
-14.3422
-14.4709
-14.6253
-14.7911
-14.9483
-15.0709
-15.1382
-15.1486
-15.1103
-15.026
-14.8716
-14.6429
-14.4106
-14.2414
-14.2411
-15.0757
-16.465
-18.272
-20.3182
-22.3545
-24.1881
-25.5834
-26.3168
-26.2236
-25.2919
-23.7742
-22.1985
-21.2962
-25.5417
-26.3722
-27.8504
-29.285
-30.1384
-30.1465
-29.3129
-27.8001
-25.8347
-23.6445
-21.4053
-19.2567
-17.3101
-15.6877
-14.4441
-13.5267
-12.985
-12.8203
-12.6842
-12.5445
-12.4003
-12.2424
-12.0605
-11.8476
-11.6159
-11.3912
-11.1915
-11.0293
-10.9151
-10.8561
-10.8561
-10.9151
-11.0293
-11.1915
-11.3912
-11.6159
-11.8476
-12.0605
-12.2424
-12.4003
-12.5445
-12.6842
-12.8203
-12.985
-13.5267
-14.4441
-15.6877
-17.3101
-19.2567
-21.4053
-23.6445
-25.8347
-27.8001
-29.3129
-30.1465
-30.1384
-29.285
-27.8504
-26.3722
-25.5417
-30.2063
-30.9623
-32.3485
-33.7089
-34.4857
-34.3998
-33.4464
-31.7864
-29.6498
-27.2656
-24.8225
-22.4639
-20.2739
-18.3038
-16.5945
-15.1468
-13.9451
-12.9713
-12.1784
-11.5068
-10.9178
-10.3913
-10.0024
-9.66947
-9.35471
-9.0709
-8.82824
-8.63565
-8.50176
-8.43307
-8.43307
-8.50176
-8.63565
-8.82824
-9.0709
-9.35471
-9.66947
-10.0024
-10.3913
-10.9178
-11.5068
-12.1784
-12.9713
-13.9451
-15.1468
-16.5945
-18.3038
-20.2739
-22.4639
-24.8225
-27.2656
-29.6498
-31.7864
-33.4464
-34.3998
-34.4857
-33.7089
-32.3485
-30.9623
-30.2063
-34.7433
-35.4435
-36.7861
-38.1325
-38.8882
-38.7504
-37.7039
-35.9088
-33.6022
-31.022
-28.3671
-25.7848
-23.3719
-21.1881
-19.2555
-17.5529
-16.0554
-14.7637
-13.6672
-12.7269
-11.8955
-11.1486
-10.4863
-9.91117
-9.416
-8.99805
-8.65722
-8.39611
-8.21891
-8.12927
-8.12927
-8.21891
-8.39611
-8.65722
-8.99805
-9.416
-9.91117
-10.4863
-11.1486
-11.8955
-12.7269
-13.6672
-14.7637
-16.0554
-17.5529
-19.2555
-21.1881
-23.3719
-25.7848
-28.3671
-31.022
-33.6022
-35.9088
-37.7039
-38.7504
-38.8882
-38.1325
-36.7861
-35.4435
-34.7433
-37.9924
-38.7036
-40.1351
-41.6249
-42.5162
-42.4695
-41.45
-39.6163
-37.2161
-34.503
-31.6899
-28.9349
-26.3421
-23.9724
-21.8509
-19.9755
-18.3346
-16.9142
-15.6895
-14.6256
-13.6857
-12.8425
-12.089
-11.4307
-10.8691
-10.4008
-10.0239
-9.73852
-9.54665
-9.45015
-9.45015
-9.54665
-9.73852
-10.0239
-10.4008
-10.8691
-11.4307
-12.089
-12.8425
-13.6857
-14.6256
-15.6895
-16.9142
-18.3346
-19.9755
-21.8509
-23.9724
-26.3421
-28.9349
-31.6899
-34.503
-37.2161
-39.6163
-41.45
-42.4695
-42.5162
-41.6249
-40.1351
-38.7036
-37.9924
-38.1092
-38.963
-40.7156
-42.6179
-43.9288
-44.2533
-43.5182
-41.8705
-39.5699
-36.8906
-34.0665
-31.272
-28.6232
-26.1879
-23.9971
-22.0564
-20.3568
-18.8822
-17.6089
-16.5086
-15.5529
-14.7196
-13.9962
-13.3765
-12.8553
-12.4273
-12.0883
-11.8354
-11.6672
-11.5832
-11.5832
-11.6672
-11.8354
-12.0883
-12.4273
-12.8553
-13.3765
-13.9962
-14.7196
-15.5529
-16.5086
-17.6089
-18.8822
-20.3568
-22.0564
-23.9971
-26.1879
-28.6232
-31.272
-34.0665
-36.8906
-39.5699
-41.8705
-43.5182
-44.2533
-43.9288
-42.6179
-40.7156
-38.963
-38.1092
-33.3204
-34.4664
-36.7566
-39.3156
-41.3462
-42.3902
-42.2949
-41.1688
-39.2744
-36.9044
-34.3167
-31.7076
-29.2105
-26.9052
-24.8317
-23.0027
-21.4135
-20.0496
-18.8901
-17.9104
-17.0861
-16.3958
-15.8231
-15.3559
-14.9833
-14.6943
-14.4779
-14.3243
-14.2263
-14.1786
-14.1786
-14.2263
-14.3243
-14.4779
-14.6943
-14.9833
-15.3559
-15.8231
-16.3958
-17.0861
-17.9104
-18.8901
-20.0496
-21.4135
-23.0027
-24.8317
-26.9052
-29.2105
-31.7076
-34.3167
-36.9044
-39.2744
-41.1688
-42.2949
-42.3902
-41.3462
-39.3156
-36.7566
-34.4664
-33.3204
-24.8217
-26.0572
-28.3898
-31.1933
-33.8637
-35.7806
-36.55
-36.2152
-35.0139
-33.2338
-31.1469
-28.9695
-26.8533
-24.8929
-23.1396
-21.6144
-20.3189
-19.2428
-18.3688
-17.6755
-17.1403
-16.7409
-16.457
-16.2701
-16.162
-16.1128
-16.1011
-16.108
-16.1203
-16.129
-16.129
-16.1203
-16.108
-16.1011
-16.1128
-16.162
-16.2701
-16.457
-16.7409
-17.1403
-17.6755
-18.3688
-19.2428
-20.3189
-21.6144
-23.1396
-24.8929
-26.8533
-28.9695
-31.1469
-33.2338
-35.0139
-36.2152
-36.55
-35.7806
-33.8637
-31.1933
-28.3898
-26.0572
-24.8217
-13.0668
-14.4758
-17.2445
-20.895
-23.3638
-25.5759
-26.9517
-27.3518
-26.8728
-25.7602
-24.2743
-22.6358
-21.0062
-19.4904
-18.1484
-17.0086
-16.0786
-15.3529
-14.818
-14.4552
-14.2423
-14.1545
-14.1659
-14.251
-14.3851
-14.5403
-14.6878
-14.8073
-14.8916
-14.9371
-14.9371
-14.8916
-14.8073
-14.6878
-14.5403
-14.3851
-14.251
-14.1659
-14.1545
-14.2423
-14.4552
-14.818
-15.3529
-16.0786
-17.0086
-18.1484
-19.4904
-21.0062
-22.6358
-24.2743
-25.7602
-26.8728
-27.3518
-26.9517
-25.5759
-23.3638
-20.895
-17.2445
-14.4758
-13.0668
-5.61083
-6.44937
-8.01886
-10.1903
-12.9974
-15.4673
-16.7884
-17.5004
-17.4537
-16.7937
-15.746
-14.5162
-13.2607
-12.0838
-11.047
-10.1806
-9.49485
-8.98685
-8.64592
-8.45595
-8.39645
-8.44286
-8.56787
-8.74776
-8.96798
-9.20872
-9.4374
-9.62658
-9.76813
-9.81984
-9.81984
-9.76813
-9.62658
-9.4374
-9.20872
-8.96798
-8.74776
-8.56787
-8.44286
-8.39645
-8.45595
-8.64592
-8.98685
-9.49485
-10.1806
-11.047
-12.0838
-13.2607
-14.5162
-15.746
-16.7937
-17.4537
-17.5004
-16.7884
-15.4673
-12.9974
-10.1903
-8.01886
-6.44937
-5.61083
-2.00623
-2.72273
-4.00281
-5.51025
-7.12536
-8.94996
-10.3422
-11.0028
-11.0685
-10.5667
-9.69278
-8.63376
-7.53508
-6.49462
-5.56983
-4.78871
-4.15966
-3.67897
-3.33547
-3.11307
-2.99166
-2.9473
-2.95383
-2.99583
-2.99784
-2.80167
-2.62357
-2.45899
-2.33423
-2.26958
-2.26958
-2.33423
-2.45899
-2.62357
-2.80167
-2.99784
-2.99583
-2.95383
-2.9473
-2.99166
-3.11307
-3.33547
-3.67897
-4.15966
-4.78871
-5.56983
-6.49462
-7.53508
-8.63376
-9.69278
-10.5667
-11.0685
-11.0028
-10.3422
-8.94996
-7.12536
-5.51025
-4.00281
-2.72273
-2.00623
-2.00623
-2.72273
-4.00281
-5.51025
-7.12536
-8.94996
-10.3422
-11.0028
-11.0685
-10.5667
-9.69278
-8.63376
-7.53508
-6.49462
-5.56983
-4.78871
-4.15966
-3.67897
-3.33547
-3.11307
-2.99166
-2.9473
-2.95383
-2.99583
-2.99784
-2.80167
-2.62357
-2.45899
-2.33423
-2.26958
-2.26958
-2.33423
-2.45899
-2.62357
-2.80167
-2.99784
-2.99583
-2.95383
-2.9473
-2.99166
-3.11307
-3.33547
-3.67897
-4.15966
-4.78871
-5.56983
-6.49462
-7.53508
-8.63376
-9.69278
-10.5667
-11.0685
-11.0028
-10.3422
-8.94996
-7.12536
-5.51025
-4.00281
-2.72273
-2.00623
-5.61083
-6.44937
-8.01886
-10.1903
-12.9974
-15.4673
-16.7884
-17.5004
-17.4537
-16.7937
-15.746
-14.5162
-13.2607
-12.0838
-11.047
-10.1806
-9.49485
-8.98685
-8.64592
-8.45595
-8.39645
-8.44286
-8.56787
-8.74776
-8.96798
-9.20872
-9.4374
-9.62658
-9.76813
-9.81984
-9.81984
-9.76813
-9.62658
-9.4374
-9.20872
-8.96798
-8.74776
-8.56787
-8.44286
-8.39645
-8.45595
-8.64592
-8.98685
-9.49485
-10.1806
-11.047
-12.0838
-13.2607
-14.5162
-15.746
-16.7937
-17.4537
-17.5004
-16.7884
-15.4673
-12.9974
-10.1903
-8.01886
-6.44937
-5.61083
-13.0668
-14.4758
-17.2445
-20.895
-23.3638
-25.5759
-26.9517
-27.3518
-26.8728
-25.7602
-24.2743
-22.6358
-21.0062
-19.4904
-18.1484
-17.0086
-16.0786
-15.3529
-14.818
-14.4552
-14.2423
-14.1545
-14.1659
-14.251
-14.3851
-14.5403
-14.6878
-14.8073
-14.8916
-14.9371
-14.9371
-14.8916
-14.8073
-14.6878
-14.5403
-14.3851
-14.251
-14.1659
-14.1545
-14.2423
-14.4552
-14.818
-15.3529
-16.0786
-17.0086
-18.1484
-19.4904
-21.0062
-22.6358
-24.2743
-25.7602
-26.8728
-27.3518
-26.9517
-25.5759
-23.3638
-20.895
-17.2445
-14.4758
-13.0668
-24.8217
-26.0572
-28.3898
-31.1933
-33.8637
-35.7806
-36.55
-36.2152
-35.0139
-33.2338
-31.1469
-28.9695
-26.8533
-24.8929
-23.1396
-21.6144
-20.3189
-19.2428
-18.3688
-17.6755
-17.1403
-16.7409
-16.457
-16.2701
-16.162
-16.1128
-16.1011
-16.108
-16.1203
-16.129
-16.129
-16.1203
-16.108
-16.1011
-16.1128
-16.162
-16.2701
-16.457
-16.7409
-17.1403
-17.6755
-18.3688
-19.2428
-20.3189
-21.6144
-23.1396
-24.8929
-26.8533
-28.9695
-31.1469
-33.2338
-35.0139
-36.2152
-36.55
-35.7806
-33.8637
-31.1933
-28.3898
-26.0572
-24.8217
-33.3204
-34.4664
-36.7566
-39.3156
-41.3462
-42.3902
-42.2949
-41.1688
-39.2744
-36.9044
-34.3167
-31.7076
-29.2105
-26.9052
-24.8317
-23.0027
-21.4135
-20.0496
-18.8901
-17.9104
-17.0861
-16.3958
-15.8231
-15.3559
-14.9833
-14.6943
-14.4779
-14.3243
-14.2263
-14.1786
-14.1786
-14.2263
-14.3243
-14.4779
-14.6943
-14.9833
-15.3559
-15.8231
-16.3958
-17.0861
-17.9104
-18.8901
-20.0496
-21.4135
-23.0027
-24.8317
-26.9052
-29.2105
-31.7076
-34.3167
-36.9044
-39.2744
-41.1688
-42.2949
-42.3902
-41.3462
-39.3156
-36.7566
-34.4664
-33.3204
-38.1092
-38.963
-40.7156
-42.6179
-43.9288
-44.2533
-43.5182
-41.8705
-39.5699
-36.8906
-34.0665
-31.272
-28.6232
-26.1879
-23.9971
-22.0564
-20.3568
-18.8822
-17.6089
-16.5086
-15.5529
-14.7196
-13.9962
-13.3765
-12.8553
-12.4273
-12.0883
-11.8354
-11.6672
-11.5832
-11.5832
-11.6672
-11.8354
-12.0883
-12.4273
-12.8553
-13.3765
-13.9962
-14.7196
-15.5529
-16.5086
-17.6089
-18.8822
-20.3568
-22.0564
-23.9971
-26.1879
-28.6232
-31.272
-34.0665
-36.8906
-39.5699
-41.8705
-43.5182
-44.2533
-43.9288
-42.6179
-40.7156
-38.963
-38.1092
-37.9924
-38.7036
-40.1351
-41.6249
-42.5162
-42.4695
-41.45
-39.6163
-37.2161
-34.503
-31.6899
-28.9349
-26.3421
-23.9724
-21.8509
-19.9755
-18.3346
-16.9142
-15.6895
-14.6256
-13.6857
-12.8425
-12.089
-11.4307
-10.8691
-10.4008
-10.0239
-9.73852
-9.54665
-9.45015
-9.45015
-9.54665
-9.73852
-10.0239
-10.4008
-10.8691
-11.4307
-12.089
-12.8425
-13.6857
-14.6256
-15.6895
-16.9142
-18.3346
-19.9755
-21.8509
-23.9724
-26.3421
-28.9349
-31.6899
-34.503
-37.2161
-39.6163
-41.45
-42.4695
-42.5162
-41.6249
-40.1351
-38.7036
-37.9924
-34.7433
-35.4435
-36.7861
-38.1325
-38.8882
-38.7504
-37.7039
-35.9088
-33.6022
-31.022
-28.3671
-25.7848
-23.3719
-21.1881
-19.2555
-17.5529
-16.0554
-14.7637
-13.6672
-12.7269
-11.8955
-11.1486
-10.4863
-9.91117
-9.416
-8.99805
-8.65722
-8.39611
-8.21891
-8.12927
-8.12927
-8.21891
-8.39611
-8.65722
-8.99805
-9.416
-9.91117
-10.4863
-11.1486
-11.8955
-12.7269
-13.6672
-14.7637
-16.0554
-17.5529
-19.2555
-21.1881
-23.3719
-25.7848
-28.3671
-31.022
-33.6022
-35.9088
-37.7039
-38.7504
-38.8882
-38.1325
-36.7861
-35.4435
-34.7433
-30.2063
-30.9623
-32.3485
-33.7089
-34.4857
-34.3998
-33.4464
-31.7864
-29.6498
-27.2656
-24.8225
-22.4639
-20.2739
-18.3038
-16.5945
-15.1468
-13.9451
-12.9713
-12.1784
-11.5068
-10.9178
-10.3913
-10.0024
-9.66947
-9.35471
-9.0709
-8.82824
-8.63565
-8.50176
-8.43307
-8.43307
-8.50176
-8.63565
-8.82824
-9.0709
-9.35471
-9.66947
-10.0024
-10.3913
-10.9178
-11.5068
-12.1784
-12.9713
-13.9451
-15.1468
-16.5945
-18.3038
-20.2739
-22.4639
-24.8225
-27.2656
-29.6498
-31.7864
-33.4464
-34.3998
-34.4857
-33.7089
-32.3485
-30.9623
-30.2063
-25.5417
-26.3722
-27.8504
-29.285
-30.1384
-30.1465
-29.3129
-27.8001
-25.8347
-23.6445
-21.4053
-19.2567
-17.3101
-15.6877
-14.4441
-13.5267
-12.985
-12.8203
-12.6842
-12.5445
-12.4003
-12.2424
-12.0605
-11.8476
-11.6159
-11.3912
-11.1915
-11.0293
-10.9151
-10.8561
-10.8561
-10.9151
-11.0293
-11.1915
-11.3912
-11.6159
-11.8476
-12.0605
-12.2424
-12.4003
-12.5445
-12.6842
-12.8203
-12.985
-13.5267
-14.4441
-15.6877
-17.3101
-19.2567
-21.4053
-23.6445
-25.8347
-27.8001
-29.3129
-30.1465
-30.1384
-29.285
-27.8504
-26.3722
-25.5417
-21.2962
-22.1985
-23.7742
-25.2919
-26.2236
-26.3168
-25.5834
-24.1881
-22.3545
-20.3182
-18.272
-16.465
-15.0757
-14.2411
-14.2414
-14.4106
-14.6429
-14.8716
-15.026
-15.1103
-15.1486
-15.1382
-15.0709
-14.9483
-14.7911
-14.6253
-14.4709
-14.3422
-14.2503
-14.2024
-14.2024
-14.2503
-14.3422
-14.4709
-14.6253
-14.7911
-14.9483
-15.0709
-15.1382
-15.1486
-15.1103
-15.026
-14.8716
-14.6429
-14.4106
-14.2414
-14.2411
-15.0757
-16.465
-18.272
-20.3182
-22.3545
-24.1881
-25.5834
-26.3168
-26.2236
-25.2919
-23.7742
-22.1985
-21.2962
-17.6532
-18.6196
-20.2843
-21.8754
-22.8677
-23.0197
-22.3519
-21.0324
-19.2884
-17.4484
-15.8525
-14.8176
-14.9916
-15.4687
-16.0623
-16.6641
-17.1979
-17.6427
-17.9733
-18.2086
-18.37
-18.465
-18.4966
-18.4714
-18.4043
-18.3148
-18.2207
-18.1369
-18.0747
-18.0416
-18.0416
-18.0747
-18.1369
-18.2207
-18.3148
-18.4043
-18.4714
-18.4966
-18.465
-18.37
-18.2086
-17.9733
-17.6427
-17.1979
-16.6641
-16.0623
-15.4687
-14.9916
-14.8176
-15.8525
-17.4484
-19.2884
-21.0324
-22.3519
-23.0197
-22.8677
-21.8754
-20.2843
-18.6196
-17.6532
-14.6207
-15.6457
-17.3922
-19.0456
-20.0804
-20.2659
-19.632
-18.3543
-16.7906
-15.4496
-15.109
-15.7213
-16.6235
-17.593
-18.5088
-19.3441
-20.0864
-20.7319
-21.2678
-21.6954
-22.0242
-22.2625
-22.4185
-22.5032
-22.5316
-22.5217
-22.4907
-22.4536
-22.4222
-22.4044
-22.4044
-22.4222
-22.4536
-22.4907
-22.5217
-22.5316
-22.5032
-22.4185
-22.2625
-22.0242
-21.6954
-21.2678
-20.7319
-20.0864
-19.3441
-18.5088
-17.593
-16.6235
-15.7213
-15.109
-15.4496
-16.7906
-18.3543
-19.632
-20.2659
-20.0804
-19.0456
-17.3922
-15.6457
-14.6207
-12.1349
-13.2186
-15.0465
-16.7582
-17.8265
-18.032
-17.4091
-16.251
-15.1532
-15.2337
-16.2075
-17.4559
-18.7556
-20.0096
-21.2038
-22.3205
-23.3372
-24.2392
-25.0149
-25.6612
-26.1822
-26.5859
-26.883
-27.0874
-27.2162
-27.2878
-27.3204
-27.3299
-27.3288
-27.3261
-27.3261
-27.3288
-27.3299
-27.3204
-27.2878
-27.2162
-27.0874
-26.883
-26.5859
-26.1822
-25.6612
-25.0149
-24.2392
-23.3372
-22.3205
-21.2038
-20.0096
-18.7556
-17.4559
-16.2075
-15.2337
-15.1532
-16.251
-17.4091
-18.032
-17.8265
-16.7582
-15.0465
-13.2186
-12.1349
-10.1113
-11.2594
-13.1769
-14.9527
-16.0601
-16.2817
-15.7017
-14.8757
-15.0659
-16.3143
-17.852
-19.4616
-21.079
-22.6725
-24.2115
-25.6664
-27.009
-28.2166
-29.2729
-30.1703
-30.9095
-31.4982
-31.9493
-32.2801
-32.5107
-32.6624
-32.7557
-32.8086
-32.8355
-32.8464
-32.8464
-32.8355
-32.8086
-32.7557
-32.6624
-32.5107
-32.2801
-31.9493
-31.4982
-30.9095
-30.1703
-29.2729
-28.2166
-27.009
-25.6664
-24.2115
-22.6725
-21.079
-19.4616
-17.852
-16.3143
-15.0659
-14.8757
-15.7017
-16.2817
-16.0601
-14.9527
-13.1769
-11.2594
-10.1113
-8.46561
-9.68956
-11.713
-13.5659
-14.7231
-14.9552
-14.5432
-14.5643
-15.9824
-17.7747
-19.6723
-21.6335
-23.6322
-25.6269
-27.5751
-29.4347
-31.1662
-32.7363
-34.1205
-35.3054
-36.289
-37.0793
-37.6923
-38.1502
-38.4782
-38.7027
-38.8484
-38.9373
-38.9866
-39.0082
-39.0082
-38.9866
-38.9373
-38.8484
-38.7027
-38.4782
-38.1502
-37.6923
-37.0793
-36.289
-35.3054
-34.1205
-32.7363
-31.1662
-29.4347
-27.5751
-25.6269
-23.6322
-21.6335
-19.6723
-17.7747
-15.9824
-14.5643
-14.5432
-14.9552
-14.7231
-13.5659
-11.713
-9.68956
-8.46561
-7.12294
-8.43895
-10.5913
-12.5431
-13.7486
-14.0234
-13.9269
-15.2203
-17.196
-19.3448
-21.6063
-23.9844
-26.436
-28.9098
-31.3494
-33.6963
-35.8946
-37.8956
-39.6629
-41.1754
-42.4281
-43.431
-44.2056
-44.7817
-45.1928
-45.4734
-45.6554
-45.7663
-45.8279
-45.855
-45.855
-45.8279
-45.7663
-45.6554
-45.4734
-45.1928
-44.7817
-44.2056
-43.431
-42.4281
-41.1754
-39.6629
-37.8956
-35.8946
-33.6963
-31.3494
-28.9098
-26.436
-23.9844
-21.6063
-19.3448
-17.196
-15.2203
-13.9269
-14.0234
-13.7486
-12.5431
-10.5913
-8.43895
-7.12294
-6.02025
-7.44795
-9.75535
-11.8329
-13.0823
-13.4654
-14.0933
-16.1141
-18.4761
-20.9651
-23.6576
-26.5262
-29.5187
-32.5704
-35.6066
-38.5465
-41.3103
-43.8269
-46.0422
-47.9247
-49.4669
-50.6833
-51.6053
-52.2753
-52.74
-53.0462
-53.2363
-53.3463
-53.404
-53.4281
-53.4281
-53.404
-53.3463
-53.2363
-53.0462
-52.74
-52.2753
-51.6053
-50.6833
-49.4669
-47.9247
-46.0422
-43.8269
-41.3103
-38.5465
-35.6066
-32.5704
-29.5187
-26.5262
-23.6576
-20.9651
-18.4761
-16.1141
-14.0933
-13.4654
-13.0823
-11.8329
-9.75535
-7.44795
-6.02025
-5.10739
-6.66722
-9.15013
-11.3664
-12.6583
-13.187
-14.5977
-17.0347
-19.7246
-22.6255
-25.8219
-29.2724
-32.9163
-36.6731
-40.4436
-44.1154
-47.5734
-50.7126
-53.4529
-55.7481
-57.5898
-59.0025
-60.0352
-60.7507
-61.2165
-61.4973
-61.6508
-61.7241
-61.7531
-61.7617
-61.7617
-61.7531
-61.7241
-61.6508
-61.4973
-61.2165
-60.7507
-60.0352
-59.0025
-57.5898
-55.7481
-53.4529
-50.7126
-47.5734
-44.1154
-40.4436
-36.6731
-32.9163
-29.2724
-25.8219
-22.6255
-19.7246
-17.0347
-14.5977
-13.187
-12.6583
-11.3664
-9.15013
-6.66722
-5.10739
-4.34826
-6.05871
-8.72254
-11.0526
-12.3666
-13.0249
-15.0995
-17.8906
-20.9229
-24.3088
-28.094
-32.2386
-36.6746
-41.3027
-45.9915
-50.5833
-54.9087
-58.8102
-62.1667
-64.9129
-67.0432
-68.6032
-69.6726
-70.3479
-70.7279
-70.9035
-70.9524
-70.9365
-70.9011
-70.8761
-70.8761
-70.9011
-70.9365
-70.9524
-70.9035
-70.7279
-70.3479
-69.6726
-68.6032
-67.0432
-64.9129
-62.1667
-58.8102
-54.9087
-50.5833
-45.9915
-41.3027
-36.6746
-32.2386
-28.094
-24.3088
-20.9229
-17.8906
-15.0995
-13.0249
-12.3666
-11.0526
-8.72254
-6.05871
-4.34826
-3.72222
-5.59805
-8.43054
-10.8121
-12.1158
-12.8967
-15.5279
-18.6459
-22.0561
-25.992
-30.4652
-35.4417
-40.85
-46.5707
-52.4306
-58.2053
-63.6404
-68.4917
-72.5732
-75.7933
-78.1604
-79.7626
-80.7343
-81.2264
-81.3843
-81.3348
-81.181
-81.0017
-80.8526
-80.7695
-80.7695
-80.8526
-81.0017
-81.181
-81.3348
-81.3843
-81.2264
-80.7343
-79.7626
-78.1604
-75.7933
-72.5732
-68.4917
-63.6404
-58.2053
-52.4306
-46.5707
-40.85
-35.4417
-30.4652
-25.992
-22.0561
-18.6459
-15.5279
-12.8967
-12.1158
-10.8121
-8.43054
-5.59805
-3.72222
-3.22444
-5.27394
-8.24119
-10.5934
-11.8438
-12.8661
-15.7903
-19.2365
-23.0841
-27.6426
-32.9203
-38.8981
-45.5106
-52.6231
-60.0107
-67.3511
-74.2506
-80.315
-85.2484
-88.9259
-91.3984
-92.8396
-93.4813
-93.5609
-93.2904
-92.8427
-92.3499
-91.9074
-91.5797
-91.4065
-91.4065
-91.5797
-91.9074
-92.3499
-92.8427
-93.2904
-93.5609
-93.4813
-92.8396
-91.3984
-88.9259
-85.2484
-80.315
-74.2506
-67.3511
-60.0107
-52.6231
-45.5106
-38.8981
-32.9203
-27.6426
-23.0841
-19.2365
-15.7903
-12.8661
-11.8438
-10.5934
-8.24119
-5.27394
-3.22444
-2.86556
-5.08482
-8.1193
-10.343
-11.4713
-12.6136
-15.7799
-19.5839
-23.9479
-29.2182
-35.4358
-42.6191
-50.7333
-59.647
-69.0809
-78.5705
-87.4847
-95.1521
-101.077
-105.102
-107.392
-108.296
-108.218
-107.528
-106.527
-105.441
-104.429
-103.596
-103.009
-102.706
-102.706
-103.009
-103.596
-104.429
-105.441
-106.527
-107.528
-108.218
-108.296
-107.392
-105.102
-101.077
-95.1521
-87.4847
-78.5705
-69.0809
-59.647
-50.7333
-42.6191
-35.4358
-29.2182
-23.9479
-19.5839
-15.7799
-12.6136
-11.4713
-10.343
-8.1193
-5.08482
-2.86556
-2.67069
-5.03651
-8.02635
-9.99442
-10.9095
-12.0717
-15.4502
-19.6518
-24.6022
-30.677
-37.9793
-46.6035
-56.5934
-67.8711
-80.1278
-92.705
-104.554
-114.444
-121.486
-125.525
-127.031
-126.716
-125.276
-123.275
-121.12
-119.08
-117.322
-115.945
-115.005
-114.529
-114.529
-115.005
-115.945
-117.322
-119.08
-121.12
-123.275
-125.276
-126.716
-127.031
-125.525
-121.486
-114.444
-104.554
-92.705
-80.1278
-67.8711
-56.5934
-46.6035
-37.9793
-30.677
-24.6022
-19.6518
-15.4502
-12.0717
-10.9095
-9.99442
-8.02635
-5.03651
-2.67069
-2.67462
-5.13967
-7.93117
-9.49785
-10.1244
-11.2502
-14.8215
-19.4451
-25.0302
-31.9844
-40.506
-50.8206
-63.1366
-77.5442
-93.8142
-111.082
-127.554
-140.758
-148.923
-152.09
-151.564
-148.799
-144.965
-140.866
-136.989
-133.603
-130.839
-128.752
-127.36
-126.665
-126.665
-127.36
-128.752
-130.839
-133.603
-136.989
-140.866
-144.965
-148.799
-151.564
-152.09
-148.923
-140.758
-127.554
-111.082
-93.8142
-77.5442
-63.1366
-50.8206
-40.506
-31.9844
-25.0302
-19.4451
-14.8215
-11.2502
-10.1244
-9.49785
-7.93117
-5.13967
-2.67462
-2.90779
-5.40286
-7.82092
-8.85401
-9.14275
-10.2079
-13.9525
-19.0049
-25.244
-33.1151
-42.9502
-55.1806
-70.3175
-88.8548
-110.974
-135.841
-160.437
-179.15
-187.944
-187.88
-182.709
-175.294
-167.453
-160.167
-153.871
-148.705
-144.671
-141.716
-139.785
-138.832
-138.832
-139.785
-141.716
-144.671
-148.705
-153.871
-160.167
-167.453
-175.294
-182.709
-187.88
-187.944
-179.15
-160.437
-135.841
-110.974
-88.8548
-70.3175
-55.1806
-42.9502
-33.1151
-25.244
-19.0049
-13.9525
-10.2079
-9.14275
-8.85401
-7.82092
-5.40286
-2.90779
-3.37519
-5.82441
-7.71813
-8.13586
-8.07134
-9.07367
-12.9639
-18.4216
-25.2885
-34.0524
-45.2143
-59.4927
-77.8891
-101.717
-132.405
-170.41
-211.592
-241.203
-248.142
-238.102
-222.683
-206.737
-192.508
-180.679
-171.222
-163.88
-158.365
-154.436
-151.912
-150.679
-150.679
-151.912
-154.436
-158.365
-163.88
-171.222
-180.679
-192.508
-206.737
-222.683
-238.102
-248.142
-241.203
-211.592
-170.41
-132.405
-101.717
-77.8891
-59.4927
-45.2143
-34.0524
-25.2885
-18.4216
-12.9639
-9.07367
-8.07134
-8.13586
-7.71813
-5.82441
-3.37519
-4.06051
-6.39815
-7.70059
-7.49654
-7.09082
-8.0321
-12.0273
-17.827
-25.2371
-34.7878
-47.1642
-63.4284
-85.2545
-115.334
-157.998
-219.553
-302.686
-361.001
-355.022
-312.017
-273.817
-242.718
-219.012
-201.293
-188.122
-178.395
-171.338
-166.426
-163.319
-161.813
-161.813
-163.319
-166.426
-171.338
-178.395
-188.122
-201.293
-219.012
-242.718
-273.817
-312.017
-355.022
-361.001
-302.686
-219.553
-157.998
-115.334
-85.2545
-63.4284
-47.1642
-34.7878
-25.2371
-17.827
-12.0273
-8.0321
-7.09082
-7.49654
-7.70059
-6.39815
-4.06051
-4.96632
-7.13387
-7.90093
-7.13882
-6.41324
-7.27995
-11.3264
-17.3652
-25.1738
-35.3163
-48.6388
-66.5304
-91.383
-127.623
-184.368
-284.344
-518.854
-701.299
-625.092
-433.232
-336.068
-279.995
-244.204
-220.076
-203.255
-191.336
-182.921
-177.167
-173.568
-171.835
-171.835
-173.568
-177.167
-182.921
-191.336
-203.255
-220.076
-244.204
-279.995
-336.068
-433.232
-625.092
-701.299
-518.854
-284.344
-184.368
-127.623
-91.383
-66.5304
-48.6388
-35.3163
-25.1738
-17.3652
-11.3264
-7.27995
-6.41324
-7.13882
-7.90093
-7.13387
-4.96632
-5.58907
-7.70465
-8.16848
-7.06691
-6.13623
-6.93348
-10.9967
-17.1417
-25.1384
-35.5666
-49.3568
-68.0794
-94.5526
-134.34
-200.194
-330.476
-726.658
-1093.55
-900.682
-535.406
-379.595
-303.278
-259.103
-230.975
-212.026
-198.883
-189.727
-183.522
-179.662
-177.808
-177.808
-179.662
-183.522
-189.727
-198.883
-212.026
-230.975
-259.103
-303.278
-379.595
-535.406
-900.682
-1093.55
-726.658
-330.476
-200.194
-134.34
-94.5526
-68.0794
-49.3568
-35.5666
-25.1384
-17.1417
-10.9967
-6.93348
-6.13623
-7.06691
-8.16848
-7.70465
-5.58907
