-0.00117609
-1.52664
-11.8432
-19.286
-25.5351
-27.8555
-25.5641
-23.1509
-25.792
-39.7816
-55.3191
-59.0137
-50.8831
-40.1111
-35.4178
-45.4334
-109.454
-180.63
-162.022
-108.512
-84.1216
-71.3998
-63.4732
-51.3891
-28.9443
-24.772
-20.32
-0.0199087
-4.83648e-09
-5.54783e-09
-5.54783e-09
-4.83648e-09
-0.0199087
-20.32
-24.772
-28.9443
-51.3891
-63.4732
-71.3998
-84.1216
-108.512
-162.022
-180.63
-109.454
-45.4334
-35.4178
-40.1111
-50.8831
-59.0137
-55.3191
-39.7816
-25.792
-23.1509
-25.5641
-27.8555
-25.5351
-19.286
-11.8432
-1.52664
-0.00117609
-0.000586967
-1.43375
-11.9092
-20.2727
-28.4679
-32.694
-30.8022
-28.6695
-32.9713
-44.779
-56.76
-60.4172
-53.154
-38.7733
-28.6985
-34.651
-75.596
-117.171
-116.358
-91.0831
-76.7493
-67.5019
-60.3207
-48.1403
-27.1387
-24.9348
-23.8384
-0.0819214
-3.62051e-09
-4.01276e-09
-4.01276e-09
-3.62051e-09
-0.0819214
-23.8384
-24.9348
-27.1387
-48.1403
-60.3207
-67.5019
-76.7493
-91.0831
-116.358
-117.171
-75.596
-34.651
-28.6985
-38.7733
-53.154
-60.4172
-56.76
-44.779
-32.9713
-28.6695
-30.8022
-32.694
-28.4679
-20.2727
-11.9092
-1.43375
-0.000586967
-6.83578e-05
-1.25438
-11.8611
-22.171
-32.5253
-37.5441
-35.2452
-33.6505
-37.6044
-45.3123
-52.9215
-56.3904
-49.0944
-35.0096
-25.3749
-24.5767
-45.6105
-66.093
-73.3957
-71.0815
-66.5786
-61.7692
-55.5127
-43.2205
-25.5143
-25.5341
-26.9687
-0.770879
-3.28062e-06
-2.30693e-09
-2.30693e-09
-3.28062e-06
-0.770879
-26.9687
-25.5341
-25.5143
-43.2205
-55.5127
-61.7692
-66.5786
-71.0815
-73.3957
-66.093
-45.6105
-24.5767
-25.3749
-35.0096
-49.0944
-56.3904
-52.9215
-45.3123
-37.6044
-33.6505
-35.2452
-37.5441
-32.5253
-22.171
-11.8611
-1.25438
-6.83578e-05
-0.000190992
-1.86524
-14.223
-25.1074
-34.9067
-37.9918
-34.8725
-34.3198
-36.6405
-40.6768
-45.1461
-45.8765
-38.8156
-26.2893
-22.912
-25.755
-42.5249
-54.5012
-59.0003
-59.7718
-58.6663
-56.8788
-51.2008
-38.4024
-25.7757
-26.1162
-25.1689
-2.25535
-0.00618907
-1.43112e-09
-1.43112e-09
-0.00618907
-2.25535
-25.1689
-26.1162
-25.7757
-38.4024
-51.2008
-56.8788
-58.6663
-59.7718
-59.0003
-54.5012
-42.5249
-25.755
-22.912
-26.2893
-38.8156
-45.8765
-45.1461
-40.6768
-36.6405
-34.3198
-34.8725
-37.9918
-34.9067
-25.1074
-14.223
-1.86524
-0.000190992
-0.0523507
-5.89304
-20.6657
-30.1588
-36.551
-36.1081
-33.538
-32.6497
-33.1119
-33.9991
-34.5475
-31.9608
-22.2428
-19.5057
-23.9715
-32.2491
-45.6235
-50.8452
-51.5503
-52.0793
-52.4103
-52.5343
-47.064
-33.4075
-25.9733
-25.7691
-21.0954
-6.96976
-0.544865
-2.87516e-07
-2.87516e-07
-0.544865
-6.96976
-21.0954
-25.7691
-25.9733
-33.4075
-47.064
-52.5343
-52.4103
-52.0793
-51.5503
-50.8452
-45.6235
-32.2491
-23.9715
-19.5057
-22.2428
-31.9608
-34.5475
-33.9991
-33.1119
-32.6497
-33.538
-36.1081
-36.551
-30.1588
-20.6657
-5.89304
-0.0523507
-1.9057
-15.5397
-26.8463
-35.5895
-38.0093
-35.5824
-32.6083
-30.4689
-28.1358
-25.5593
-21.1749
-11.7804
-13.8193
-21.9226
-25.4797
-39.1369
-46.9957
-46.8965
-45.2926
-45.4943
-46.9897
-48.0294
-42.3184
-28.3694
-25.9809
-26.1628
-21.8221
-12.9554
-1.75832
-9.4511e-05
-9.4511e-05
-1.75832
-12.9554
-21.8221
-26.1628
-25.9809
-28.3694
-42.3184
-48.0294
-46.9897
-45.4943
-45.2926
-46.8965
-46.9957
-39.1369
-25.4797
-21.9226
-13.8193
-11.7804
-21.1749
-25.5593
-28.1358
-30.4689
-32.6083
-35.5824
-38.0093
-35.5895
-26.8463
-15.5397
-1.9057
-4.35751
-24.7805
-32.7595
-38.6734
-39.087
-35.5296
-31.7031
-26.9407
-21.6357
-15.9361
-9.00828
-14.0124
-20.3405
-23.8525
-30.8385
-44.3153
-46.2841
-41.8188
-38.27
-38.6653
-42.2775
-43.863
-37.4075
-26.1354
-27.0563
-29.0301
-25.9788
-17.9003
-2.87942
-0.00193978
-0.00193978
-2.87942
-17.9003
-25.9788
-29.0301
-27.0563
-26.1354
-37.4075
-43.863
-42.2775
-38.6653
-38.27
-41.8188
-46.2841
-44.3153
-30.8385
-23.8525
-20.3405
-14.0124
-9.00828
-15.9361
-21.6357
-26.9407
-31.7031
-35.5296
-39.087
-38.6734
-32.7595
-24.7805
-4.35751
-5.75427
-30.1038
-36.2742
-39.4602
-38.5713
-34.6254
-28.9953
-21.8492
-13.6897
-8.14074
-6.41806
-20.647
-23.744
-25.663
-39.7535
-47.7515
-44.4222
-36.1458
-30.3416
-32.1332
-39.1834
-41.5644
-33.6649
-26.4366
-29.0124
-32.4091
-29.1518
-20.2835
-3.64686
-0.00571781
-0.00571781
-3.64686
-20.2835
-29.1518
-32.4091
-29.0124
-26.4366
-33.6649
-41.5644
-39.1834
-32.1332
-30.3416
-36.1458
-44.4222
-47.7515
-39.7535
-25.663
-23.744
-20.647
-6.41806
-8.14074
-13.6897
-21.8492
-28.9953
-34.6254
-38.5713
-39.4602
-36.2742
-30.1038
-5.75427
-6.14913
-28.2854
-33.291
-35.4172
-34.7437
-30.4003
-23.8189
-14.6229
-4.74025
-2.44935
-18.2562
-22.4384
-25.1807
-33.6191
-47.5542
-49.3537
-41.5145
-29.7883
-26.2822
-28.1581
-39.4274
-42.3047
-31.8136
-26.5125
-30.0591
-32.9477
-28.4627
-19.6176
-3.77682
-0.00646858
-0.00646858
-3.77682
-19.6176
-28.4627
-32.9477
-30.0591
-26.5125
-31.8136
-42.3047
-39.4274
-28.1581
-26.2822
-29.7883
-41.5145
-49.3537
-47.5542
-33.6191
-25.1807
-22.4384
-18.2562
-2.44935
-4.74025
-14.6229
-23.8189
-30.4003
-34.7437
-35.4172
-33.291
-28.2854
-6.14913
-6.0073
-23.8012
-26.7323
-28.2673
-26.6352
-22.3474
-15.1908
-2.38554
-0.208493
-19.9153
-23.8828
-24.9096
-26.108
-43.4897
-51.7805
-47.8727
-35.3742
-26.6825
-25.4059
-27.2152
-42.7007
-45.2973
-31.6842
-26.1571
-28.9873
-29.4332
-23.6301
-16.3576
-3.24318
-0.00305522
-0.00305522
-3.24318
-16.3576
-23.6301
-29.4332
-28.9873
-26.1571
-31.6842
-45.2973
-42.7007
-27.2152
-25.4059
-26.6825
-35.3742
-47.8727
-51.7805
-43.4897
-26.108
-24.9096
-23.8828
-19.9153
-0.208493
-2.38554
-15.1908
-22.3474
-26.6352
-28.2673
-26.7323
-23.8012
-6.0073
-4.41203
-18.2146
-20.5249
-20.301
-17.3276
-8.85424
-1.62287
-0.0302162
-7.21741
-19.1219
-24.7869
-26.3612
-37.536
-50.5931
-51.4777
-40.5304
-26.6526
-24.0665
-23.8384
-26.9988
-45.308
-47.9955
-32.6325
-26.0706
-26.8309
-23.7338
-16.5423
-10.9308
-2.02399
-0.000275919
-0.000275919
-2.02399
-10.9308
-16.5423
-23.7338
-26.8309
-26.0706
-32.6325
-47.9955
-45.308
-26.9988
-23.8384
-24.0665
-26.6526
-40.5304
-51.4777
-50.5931
-37.536
-26.3612
-24.7869
-19.1219
-7.21741
-0.0302162
-1.62287
-8.85424
-17.3276
-20.301
-20.5249
-18.2146
-4.41203
-0.0203153
-2.08754
-2.64082
-2.29471
-1.60656
-0.84335
-0.81386
-3.61029
-13.9347
-21.4067
-25.4124
-30.8851
-47.5763
-53.0801
-45.1323
-27.6808
-24.1237
-18.781
-23.1704
-26.5973
-44.7093
-48.8714
-34.0135
-26.598
-26.0465
-20.3681
-11.4518
-4.68982
-0.708876
-1.39017e-06
-1.39017e-06
-0.708876
-4.68982
-11.4518
-20.3681
-26.0465
-26.598
-34.0135
-48.8714
-44.7093
-26.5973
-23.1704
-18.781
-24.1237
-27.6808
-45.1323
-53.0801
-47.5763
-30.8851
-25.4124
-21.4067
-13.9347
-3.61029
-0.81386
-0.84335
-1.60656
-2.29471
-2.64082
-2.08754
-0.0203153
-0.000732211
-1.9202
-7.14695
-11.5242
-15.3015
-17.7622
-17.7509
-17.2242
-20.4545
-24.5059
-26.4622
-41.0866
-51.4271
-47.9166
-32.3411
-24.932
-20.6426
-12.3784
-23.925
-26.2597
-42.1018
-48.6857
-35.5151
-27.4647
-27.6308
-22.7182
-13.5829
-3.30816
-0.04722
-6.56406e-10
-6.56406e-10
-0.04722
-3.30816
-13.5829
-22.7182
-27.6308
-27.4647
-35.5151
-48.6857
-42.1018
-26.2597
-23.925
-12.3784
-20.6426
-24.932
-32.3411
-47.9166
-51.4271
-41.0866
-26.4622
-24.5059
-20.4545
-17.2242
-17.7509
-17.7622
-15.3015
-11.5242
-7.14695
-1.9202
-0.000732211
-0.182764
-9.31237
-17.9332
-23.5854
-28.6354
-31.1476
-30.83
-27.9589
-25.3285
-26.0622
-33.6542
-47.0812
-47.9443
-35.6523
-25.8421
-23.5699
-18.3093
-10.9271
-22.5393
-25.5679
-39.0828
-48.4734
-36.7623
-28.1885
-30.2198
-27.7389
-19.2808
-8.5918
-0.509646
-7.23864e-10
-7.23864e-10
-0.509646
-8.5918
-19.2808
-27.7389
-30.2198
-28.1885
-36.7623
-48.4734
-39.0828
-25.5679
-22.5393
-10.9271
-18.3093
-23.5699
-25.8421
-35.6523
-47.9443
-47.0812
-33.6542
-26.0622
-25.3285
-27.9589
-30.83
-31.1476
-28.6354
-23.5854
-17.9332
-9.31237
-0.182764
-1.42678
-13.884
-22.947
-31.8897
-37.9301
-39.7376
-38.6612
-34.0327
-28.304
-27.2038
-40.5488
-46.4846
-37.9534
-26.2403
-25.1801
-22.85
-16.6215
-7.71527
-19.3331
-24.5522
-35.8574
-47.7725
-37.0427
-28.4481
-32.2852
-31.7411
-23.8787
-14.3711
-2.282
-5.96654e-09
-5.96654e-09
-2.282
-14.3711
-23.8787
-31.7411
-32.2852
-28.4481
-37.0427
-47.7725
-35.8574
-24.5522
-19.3331
-7.71527
-16.6215
-22.85
-25.1801
-26.2403
-37.9534
-46.4846
-40.5488
-27.2038
-28.304
-34.0327
-38.6612
-39.7376
-37.9301
-31.8897
-22.947
-13.884
-1.42678
-2.43387
-15.7453
-25.5473
-35.3838
-42.2801
-43.824
-42.5169
-36.6394
-30.0992
-32.4888
-42.6239
-39.7707
-26.2662
-24.5415
-22.1138
-18.6635
-1.47635
-3.89491
-17.7215
-24.5769
-32.2629
-45.4747
-35.9279
-28.1885
-32.9424
-33.2281
-25.9826
-17.4716
-2.58042
-1.78641e-08
-1.78641e-08
-2.58042
-17.4716
-25.9826
-33.2281
-32.9424
-28.1885
-35.9279
-45.4747
-32.2629
-24.5769
-17.7215
-3.89491
-1.47635
-18.6635
-22.1138
-24.5415
-26.2662
-39.7707
-42.6239
-32.4888
-30.0992
-36.6394
-42.5169
-43.824
-42.2801
-35.3838
-25.5473
-15.7453
-2.43387
-1.71459
-14.8319
-23.8914
-33.2488
-40.3652
-43.4181
-42.5658
-36.3502
-30.7095
-36.3907
-40.0297
-29.1072
-24.7101
-20.3179
-13.5421
-3.71226
-0.000791364
-1.17952
-21.4119
-26.3644
-29.0559
-42.1044
-34.1376
-27.7685
-31.9389
-31.8039
-24.4447
-16.4779
-2.34789
-2.12668e-08
-2.12668e-08
-2.34789
-16.4779
-24.4447
-31.8039
-31.9389
-27.7685
-34.1376
-42.1044
-29.0559
-26.3644
-21.4119
-1.17952
-0.000791364
-3.71226
-13.5421
-20.3179
-24.7101
-29.1072
-40.0297
-36.3907
-30.7095
-36.3502
-42.5658
-43.4181
-40.3652
-33.2488
-23.8914
-14.8319
-1.71459
-0.357486
-10.1403
-18.8871
-26.1743
-33.1737
-38.4129
-38.1373
-33.1536
-30.7602
-38.1679
-33.5029
-26.819
-23.2202
-17.1621
-8.60854
-0.0597198
-3.24836e-06
-0.49693
-25.5066
-28.3842
-29.1678
-38.9173
-32.819
-27.9749
-30.0634
-27.823
-19.7813
-11.9267
-1.68734
-1.10914e-08
-1.10914e-08
-1.68734
-11.9267
-19.7813
-27.823
-30.0634
-27.9749
-32.819
-38.9173
-29.1678
-28.3842
-25.5066
-0.49693
-3.24836e-06
-0.0597198
-8.60854
-17.1621
-23.2202
-26.819
-33.5029
-38.1679
-30.7602
-33.1536
-38.1373
-38.4129
-33.1737
-26.1743
-18.8871
-10.1403
-0.357486
-0.0061977
-3.14235
-10.546
-15.149
-21.179
-27.9675
-31.236
-31.1494
-32.5133
-36.398
-29.3922
-25.9457
-21.1711
-15.4743
-1.464
-0.000133967
-0.00212604
-1.31306
-23.3178
-30.0584
-31.3616
-36.5584
-32.9158
-30.4714
-29.6757
-23.9402
-15.1457
-6.59437
-0.712203
-1.79773e-09
-1.79773e-09
-0.712203
-6.59437
-15.1457
-23.9402
-29.6757
-30.4714
-32.9158
-36.5584
-31.3616
-30.0584
-23.3178
-1.31306
-0.00212604
-0.000133967
-1.464
-15.4743
-21.1711
-25.9457
-29.3922
-36.398
-32.5133
-31.1494
-31.236
-27.9675
-21.179
-15.149
-10.546
-3.14235
-0.0061977
-2.45797e-06
-0.252778
-2.30634
-8.21585
-15.4441
-23.6876
-30.1694
-32.6612
-35.1197
-32.2818
-28.728
-22.8496
-15.9519
-3.08269
-0.00505611
-7.17816e-08
-0.173911
-5.96368
-20.1424
-31.3557
-34.7886
-36.4948
-36.2736
-35.1334
-32.1383
-24.3155
-14.6362
-4.51812
-0.298568
-1.31438e-09
-1.31438e-09
-0.298568
-4.51812
-14.6362
-24.3155
-32.1383
-35.1334
-36.2736
-36.4948
-34.7886
-31.3557
-20.1424
-5.96368
-0.173911
-7.17816e-08
-0.00505611
-3.08269
-15.9519
-22.8496
-28.728
-32.2818
-35.1197
-32.6612
-30.1694
-23.6876
-15.4441
-8.21585
-2.30634
-0.252778
-2.45797e-06
-2.81901e-06
-0.68561
-6.0523
-13.9006
-20.8725
-26.632
-30.9112
-33.3944
-33.858
-32.1617
-27.0402
-18.5374
-12.0319
-0.67922
-5.08065e-06
-0.000562343
-2.19857
-13.4588
-22.4989
-31.9648
-36.983
-38.8637
-39.348
-38.0019
-34.3363
-27.4716
-17.8517
-8.53654
-0.91133
-8.06426e-07
-8.06426e-07
-0.91133
-8.53654
-17.8517
-27.4716
-34.3363
-38.0019
-39.348
-38.8637
-36.983
-31.9648
-22.4989
-13.4588
-2.19857
-0.000562343
-5.08065e-06
-0.67922
-12.0319
-18.5374
-27.0402
-32.1617
-33.858
-33.3944
-30.9112
-26.632
-20.8725
-13.9006
-6.0523
-0.68561
-2.81901e-06
-0.00342094
-3.01279
-15.6427
-21.7226
-26.2292
-28.0406
-30.1343
-31.9206
-32.4052
-30.7766
-26.1175
-18.6686
-11.9936
-0.708831
-3.44834e-08
-0.120211
-9.18602
-18.6267
-26.159
-31.8703
-35.6723
-37.9926
-38.5566
-36.9528
-34.1871
-29.6918
-23.4421
-16.8019
-2.60747
-0.000740254
-0.000740254
-2.60747
-16.8019
-23.4421
-29.6918
-34.1871
-36.9528
-38.5566
-37.9926
-35.6723
-31.8703
-26.159
-18.6267
-9.18602
-0.120211
-3.44834e-08
-0.708831
-11.9936
-18.6686
-26.1175
-30.7766
-32.4052
-31.9206
-30.1343
-28.0406
-26.2292
-21.7226
-15.6427
-3.01279
-0.00342094
-0.273124
-9.57433
-22.1795
-28.0225
-28.828
-28.5018
-28.8523
-29.8567
-30.5951
-30.2015
-27.6938
-23.4284
-18.0108
-1.39235
-0.000228412
-3.16703
-18.249
-24.3868
-28.8199
-31.6241
-33.1625
-34.1545
-34.765
-34.5133
-33.2679
-31.6245
-29.0117
-22.5964
-8.09827
-0.0703219
-0.0703219
-8.09827
-22.5964
-29.0117
-31.6245
-33.2679
-34.5133
-34.765
-34.1545
-33.1625
-31.6241
-28.8199
-24.3868
-18.249
-3.16703
-0.000228412
-1.39235
-18.0108
-23.4284
-27.6938
-30.2015
-30.5951
-29.8567
-28.8523
-28.5018
-28.828
-28.0225
-22.1795
-9.57433
-0.273124
-2.40753
-19.102
-27.6065
-31.9266
-31.3456
-29.4606
-28.6057
-28.9377
-31.0285
-32.1874
-31.6953
-29.3522
-23.6746
-3.12344
-0.0738437
-11.0493
-24.6215
-30.107
-31.8499
-31.9989
-31.6602
-30.3786
-30.6847
-32.5609
-33.3272
-34.0115
-32.9001
-27.2977
-17.4502
-1.47481
-1.47481
-17.4502
-27.2977
-32.9001
-34.0115
-33.3272
-32.5609
-30.6847
-30.3786
-31.6602
-31.9989
-31.8499
-30.107
-24.6215
-11.0493
-0.0738437
-3.12344
-23.6746
-29.3522
-31.6953
-32.1874
-31.0285
-28.9377
-28.6057
-29.4606
-31.3456
-31.9266
-27.6065
-19.102
-2.40753
-4.14695
-27.0765
-33.7671
-35.9129
-34.4774
-31.8683
-29.5958
-29.8722
-33.2957
-35.6308
-36.1642
-33.791
-26.1099
-5.85191
-2.25776
-20.5812
-29.5891
-34.6332
-35.3258
-33.8029
-31.0802
-26.5398
-25.7942
-31.0112
-34.6314
-36.662
-36.554
-33.0237
-26.1607
-2.99626
-2.99626
-26.1607
-33.0237
-36.554
-36.662
-34.6314
-31.0112
-25.7942
-26.5398
-31.0802
-33.8029
-35.3258
-34.6332
-29.5891
-20.5812
-2.25776
-5.85191
-26.1099
-33.791
-36.1642
-35.6308
-33.2957
-29.8722
-29.5958
-31.8683
-34.4774
-35.9129
-33.7671
-27.0765
-4.14695
-5.69885
-29.5583
-37.5839
-39.5891
-37.7205
-33.9529
-29.1838
-27.4113
-32.4474
-36.8956
-38.3096
-34.8996
-25.6537
-6.76385
-3.63618
-26.9907
-33.3229
-37.3625
-38.1332
-35.3106
-29.5789
-20.3182
-18.5327
-27.922
-35.1474
-38.9126
-39.383
-36.6041
-30.008
-3.66573
-3.66573
-30.008
-36.6041
-39.383
-38.9126
-35.1474
-27.922
-18.5327
-20.3182
-29.5789
-35.3106
-38.1332
-37.3625
-33.3229
-26.9907
-3.63618
-6.76385
-25.6537
-34.8996
-38.3096
-36.8956
-32.4474
-27.4113
-29.1838
-33.9529
-37.7205
-39.5891
-37.5839
-29.5583
-5.69885
-5.97751
-26.5096
-34.8779
-37.7953
-36.7114
-31.9241
-23.7095
-19.485
-25.852
-32.1678
-33.7822
-30.3593
-22.4666
-6.49435
-3.84894
-26.4924
-32.019
-35.5751
-36.5672
-32.6842
-24.1077
-13.2168
-10.7653
-21.8282
-31.2921
-36.227
-36.2962
-33.2094
-26.7692
-3.81585
-3.81585
-26.7692
-33.2094
-36.2962
-36.227
-31.2921
-21.8282
-10.7653
-13.2168
-24.1077
-32.6842
-36.5672
-35.5751
-32.019
-26.4924
-3.84894
-6.49435
-22.4666
-30.3593
-33.7822
-32.1678
-25.852
-19.485
-23.7095
-31.9241
-36.7114
-37.7953
-34.8779
-26.5096
-5.97751
-5.54391
-22.7207
-28.608
-31.4079
-29.6302
-24.2853
-15.3714
-9.07045
-17.1459
-22.4178
-23.5597
-21.3939
-17.5433
-5.1969
-3.82926
-22.1866
-26.5771
-30.274
-30.2521
-24.9299
-17.0523
-6.4566
-3.27341
-15.1153
-23.1297
-28.1402
-28.9191
-25.8191
-21.3243
-3.66165
-3.66165
-21.3243
-25.8191
-28.9191
-28.1402
-23.1297
-15.1153
-3.27341
-6.4566
-17.0523
-24.9299
-30.2521
-30.274
-26.5771
-22.1866
-3.82926
-5.1969
-17.5433
-21.3939
-23.5597
-22.4178
-17.1459
-9.07045
-15.3714
-24.2853
-29.6302
-31.4079
-28.608
-22.7207
-5.54391
-3.2796
-18.1786
-22.519
-23.5976
-20.7441
-12.8364
-3.50765
-1.15996
-4.57982
-9.1703
-10.3045
-9.80566
-7.57746
-1.66701
-1.20204
-15.3319
-20.9898
-23.9632
-22.9546
-16.0301
-6.58883
-1.06799
-0.214948
-3.97166
-12.8493
-19.4591
-20.7953
-18.7895
-14.0185
-2.1735
-2.1735
-14.0185
-18.7895
-20.7953
-19.4591
-12.8493
-3.97166
-0.214948
-1.06799
-6.58883
-16.0301
-22.9546
-23.9632
-20.9898
-15.3319
-1.20204
-1.66701
-7.57746
-9.80566
-10.3045
-9.1703
-4.57982
-1.15996
-3.50765
-12.8364
-20.7441
-23.5976
-22.519
-18.1786
-3.2796
-0.0318468
-2.23681
-3.04254
-3.21309
-3.1474
-0.448573
-0.00513218
-3.32212e-05
-0.0110228
-0.163834
-0.31681
-0.244715
-0.0587267
-0.000321462
-0.00205336
-0.775219
-3.91299
-3.92511
-3.66514
-1.57002
-0.0482939
-6.36125e-05
-2.18466e-06
-0.00802957
-0.532831
-3.08311
-3.21299
-3.07962
-0.667219
-0.00291549
-0.00291549
-0.667219
-3.07962
-3.21299
-3.08311
-0.532831
-0.00802957
-2.18466e-06
-6.36125e-05
-0.0482939
-1.57002
-3.66514
-3.92511
-3.91299
-0.775219
-0.00205336
-0.000321462
-0.0587267
-0.244715
-0.31681
-0.163834
-0.0110228
-3.32212e-05
-0.00513218
-0.448573
-3.1474
-3.21309
-3.04254
-2.23681
-0.0318468
-0.0318468
-2.23681
-3.04254
-3.21309
-3.1474
-0.448573
-0.00513218
-3.32212e-05
-0.0110228
-0.163834
-0.31681
-0.244715
-0.0587267
-0.000321462
-0.00205336
-0.775219
-3.91299
-3.92511
-3.66514
-1.57002
-0.0482939
-6.36125e-05
-2.18466e-06
-0.00802957
-0.532831
-3.08311
-3.21299
-3.07962
-0.667219
-0.00291549
-0.00291549
-0.667219
-3.07962
-3.21299
-3.08311
-0.532831
-0.00802957
-2.18466e-06
-6.36125e-05
-0.0482939
-1.57002
-3.66514
-3.92511
-3.91299
-0.775219
-0.00205336
-0.000321462
-0.0587267
-0.244715
-0.31681
-0.163834
-0.0110228
-3.32212e-05
-0.00513218
-0.448573
-3.1474
-3.21309
-3.04254
-2.23681
-0.0318468
-3.2796
-18.1786
-22.519
-23.5976
-20.7441
-12.8364
-3.50765
-1.15996
-4.57982
-9.1703
-10.3045
-9.80566
-7.57746
-1.66701
-1.20204
-15.3319
-20.9898
-23.9632
-22.9546
-16.0301
-6.58883
-1.06799
-0.214948
-3.97166
-12.8493
-19.4591
-20.7953
-18.7895
-14.0185
-2.1735
-2.1735
-14.0185
-18.7895
-20.7953
-19.4591
-12.8493
-3.97166
-0.214948
-1.06799
-6.58883
-16.0301
-22.9546
-23.9632
-20.9898
-15.3319
-1.20204
-1.66701
-7.57746
-9.80566
-10.3045
-9.1703
-4.57982
-1.15996
-3.50765
-12.8364
-20.7441
-23.5976
-22.519
-18.1786
-3.2796
-5.54391
-22.7207
-28.608
-31.4079
-29.6302
-24.2853
-15.3714
-9.07045
-17.1459
-22.4178
-23.5597
-21.3939
-17.5433
-5.1969
-3.82926
-22.1866
-26.5771
-30.274
-30.2521
-24.9299
-17.0523
-6.4566
-3.27341
-15.1153
-23.1297
-28.1402
-28.9191
-25.8191
-21.3243
-3.66165
-3.66165
-21.3243
-25.8191
-28.9191
-28.1402
-23.1297
-15.1153
-3.27341
-6.4566
-17.0523
-24.9299
-30.2521
-30.274
-26.5771
-22.1866
-3.82926
-5.1969
-17.5433
-21.3939
-23.5597
-22.4178
-17.1459
-9.07045
-15.3714
-24.2853
-29.6302
-31.4079
-28.608
-22.7207
-5.54391
-5.97751
-26.5096
-34.8779
-37.7953
-36.7114
-31.9241
-23.7095
-19.485
-25.852
-32.1678
-33.7822
-30.3593
-22.4666
-6.49435
-3.84894
-26.4924
-32.019
-35.5751
-36.5672
-32.6842
-24.1077
-13.2168
-10.7653
-21.8282
-31.2921
-36.227
-36.2962
-33.2094
-26.7692
-3.81585
-3.81585
-26.7692
-33.2094
-36.2962
-36.227
-31.2921
-21.8282
-10.7653
-13.2168
-24.1077
-32.6842
-36.5672
-35.5751
-32.019
-26.4924
-3.84894
-6.49435
-22.4666
-30.3593
-33.7822
-32.1678
-25.852
-19.485
-23.7095
-31.9241
-36.7114
-37.7953
-34.8779
-26.5096
-5.97751
-5.69885
-29.5583
-37.5839
-39.5891
-37.7205
-33.9529
-29.1838
-27.4113
-32.4474
-36.8956
-38.3096
-34.8996
-25.6537
-6.76385
-3.63618
-26.9907
-33.3229
-37.3625
-38.1332
-35.3106
-29.5789
-20.3182
-18.5327
-27.922
-35.1474
-38.9126
-39.383
-36.6041
-30.008
-3.66573
-3.66573
-30.008
-36.6041
-39.383
-38.9126
-35.1474
-27.922
-18.5327
-20.3182
-29.5789
-35.3106
-38.1332
-37.3625
-33.3229
-26.9907
-3.63618
-6.76385
-25.6537
-34.8996
-38.3096
-36.8956
-32.4474
-27.4113
-29.1838
-33.9529
-37.7205
-39.5891
-37.5839
-29.5583
-5.69885
-4.14695
-27.0765
-33.7671
-35.9129
-34.4774
-31.8683
-29.5958
-29.8722
-33.2957
-35.6308
-36.1642
-33.791
-26.1099
-5.85191
-2.25776
-20.5812
-29.5891
-34.6332
-35.3258
-33.8029
-31.0802
-26.5398
-25.7942
-31.0112
-34.6314
-36.662
-36.554
-33.0237
-26.1607
-2.99626
-2.99626
-26.1607
-33.0237
-36.554
-36.662
-34.6314
-31.0112
-25.7942
-26.5398
-31.0802
-33.8029
-35.3258
-34.6332
-29.5891
-20.5812
-2.25776
-5.85191
-26.1099
-33.791
-36.1642
-35.6308
-33.2957
-29.8722
-29.5958
-31.8683
-34.4774
-35.9129
-33.7671
-27.0765
-4.14695
-2.40753
-19.102
-27.6065
-31.9266
-31.3456
-29.4606
-28.6057
-28.9377
-31.0285
-32.1874
-31.6953
-29.3522
-23.6746
-3.12344
-0.0738437
-11.0493
-24.6215
-30.107
-31.8499
-31.9989
-31.6602
-30.3786
-30.6847
-32.5609
-33.3272
-34.0115
-32.9001
-27.2977
-17.4502
-1.47481
-1.47481
-17.4502
-27.2977
-32.9001
-34.0115
-33.3272
-32.5609
-30.6847
-30.3786
-31.6602
-31.9989
-31.8499
-30.107
-24.6215
-11.0493
-0.0738437
-3.12344
-23.6746
-29.3522
-31.6953
-32.1874
-31.0285
-28.9377
-28.6057
-29.4606
-31.3456
-31.9266
-27.6065
-19.102
-2.40753
-0.273124
-9.57433
-22.1795
-28.0225
-28.828
-28.5018
-28.8523
-29.8567
-30.5951
-30.2015
-27.6938
-23.4284
-18.0108
-1.39235
-0.000228412
-3.16703
-18.249
-24.3868
-28.8199
-31.6241
-33.1625
-34.1545
-34.765
-34.5133
-33.2679
-31.6245
-29.0117
-22.5964
-8.09827
-0.0703219
-0.0703219
-8.09827
-22.5964
-29.0117
-31.6245
-33.2679
-34.5133
-34.765
-34.1545
-33.1625
-31.6241
-28.8199
-24.3868
-18.249
-3.16703
-0.000228412
-1.39235
-18.0108
-23.4284
-27.6938
-30.2015
-30.5951
-29.8567
-28.8523
-28.5018
-28.828
-28.0225
-22.1795
-9.57433
-0.273124
-0.00342094
-3.01279
-15.6427
-21.7226
-26.2292
-28.0406
-30.1343
-31.9206
-32.4052
-30.7766
-26.1175
-18.6686
-11.9936
-0.708831
-3.44834e-08
-0.120211
-9.18602
-18.6267
-26.159
-31.8703
-35.6723
-37.9926
-38.5566
-36.9528
-34.1871
-29.6918
-23.4421
-16.8019
-2.60747
-0.000740254
-0.000740254
-2.60747
-16.8019
-23.4421
-29.6918
-34.1871
-36.9528
-38.5566
-37.9926
-35.6723
-31.8703
-26.159
-18.6267
-9.18602
-0.120211
-3.44834e-08
-0.708831
-11.9936
-18.6686
-26.1175
-30.7766
-32.4052
-31.9206
-30.1343
-28.0406
-26.2292
-21.7226
-15.6427
-3.01279
-0.00342094
-2.81901e-06
-0.68561
-6.0523
-13.9006
-20.8725
-26.632
-30.9112
-33.3944
-33.858
-32.1617
-27.0402
-18.5374
-12.0319
-0.67922
-5.08065e-06
-0.000562343
-2.19857
-13.4588
-22.4989
-31.9648
-36.983
-38.8637
-39.348
-38.0019
-34.3363
-27.4716
-17.8517
-8.53654
-0.91133
-8.06426e-07
-8.06426e-07
-0.91133
-8.53654
-17.8517
-27.4716
-34.3363
-38.0019
-39.348
-38.8637
-36.983
-31.9648
-22.4989
-13.4588
-2.19857
-0.000562343
-5.08065e-06
-0.67922
-12.0319
-18.5374
-27.0402
-32.1617
-33.858
-33.3944
-30.9112
-26.632
-20.8725
-13.9006
-6.0523
-0.68561
-2.81901e-06
-2.45797e-06
-0.252778
-2.30634
-8.21585
-15.4441
-23.6876
-30.1694
-32.6612
-35.1197
-32.2818
-28.728
-22.8496
-15.9519
-3.08269
-0.00505611
-7.17816e-08
-0.173911
-5.96368
-20.1424
-31.3557
-34.7886
-36.4948
-36.2736
-35.1334
-32.1383
-24.3155
-14.6362
-4.51812
-0.298568
-1.31438e-09
-1.31438e-09
-0.298568
-4.51812
-14.6362
-24.3155
-32.1383
-35.1334
-36.2736
-36.4948
-34.7886
-31.3557
-20.1424
-5.96368
-0.173911
-7.17816e-08
-0.00505611
-3.08269
-15.9519
-22.8496
-28.728
-32.2818
-35.1197
-32.6612
-30.1694
-23.6876
-15.4441
-8.21585
-2.30634
-0.252778
-2.45797e-06
-0.0061977
-3.14235
-10.546
-15.149
-21.179
-27.9675
-31.236
-31.1494
-32.5133
-36.398
-29.3922
-25.9457
-21.1711
-15.4743
-1.464
-0.000133967
-0.00212604
-1.31306
-23.3178
-30.0584
-31.3616
-36.5584
-32.9158
-30.4714
-29.6757
-23.9402
-15.1457
-6.59437
-0.712203
-1.79773e-09
-1.79773e-09
-0.712203
-6.59437
-15.1457
-23.9402
-29.6757
-30.4714
-32.9158
-36.5584
-31.3616
-30.0584
-23.3178
-1.31306
-0.00212604
-0.000133967
-1.464
-15.4743
-21.1711
-25.9457
-29.3922
-36.398
-32.5133
-31.1494
-31.236
-27.9675
-21.179
-15.149
-10.546
-3.14235
-0.0061977
-0.357486
-10.1403
-18.8871
-26.1743
-33.1737
-38.4129
-38.1373
-33.1536
-30.7602
-38.1679
-33.5029
-26.819
-23.2202
-17.1621
-8.60854
-0.0597198
-3.24836e-06
-0.49693
-25.5066
-28.3842
-29.1678
-38.9173
-32.819
-27.9749
-30.0634
-27.823
-19.7813
-11.9267
-1.68734
-1.10914e-08
-1.10914e-08
-1.68734
-11.9267
-19.7813
-27.823
-30.0634
-27.9749
-32.819
-38.9173
-29.1678
-28.3842
-25.5066
-0.49693
-3.24836e-06
-0.0597198
-8.60854
-17.1621
-23.2202
-26.819
-33.5029
-38.1679
-30.7602
-33.1536
-38.1373
-38.4129
-33.1737
-26.1743
-18.8871
-10.1403
-0.357486
-1.71459
-14.8319
-23.8914
-33.2488
-40.3652
-43.4181
-42.5658
-36.3502
-30.7095
-36.3907
-40.0297
-29.1072
-24.7101
-20.3179
-13.5421
-3.71226
-0.000791364
-1.17952
-21.4119
-26.3644
-29.0559
-42.1044
-34.1376
-27.7685
-31.9389
-31.8039
-24.4447
-16.4779
-2.34789
-2.12668e-08
-2.12668e-08
-2.34789
-16.4779
-24.4447
-31.8039
-31.9389
-27.7685
-34.1376
-42.1044
-29.0559
-26.3644
-21.4119
-1.17952
-0.000791364
-3.71226
-13.5421
-20.3179
-24.7101
-29.1072
-40.0297
-36.3907
-30.7095
-36.3502
-42.5658
-43.4181
-40.3652
-33.2488
-23.8914
-14.8319
-1.71459
-2.43387
-15.7453
-25.5473
-35.3838
-42.2801
-43.824
-42.5169
-36.6394
-30.0992
-32.4888
-42.6239
-39.7707
-26.2662
-24.5415
-22.1138
-18.6635
-1.47635
-3.89491
-17.7215
-24.5769
-32.2629
-45.4747
-35.9279
-28.1885
-32.9424
-33.2281
-25.9826
-17.4716
-2.58042
-1.78641e-08
-1.78641e-08
-2.58042
-17.4716
-25.9826
-33.2281
-32.9424
-28.1885
-35.9279
-45.4747
-32.2629
-24.5769
-17.7215
-3.89491
-1.47635
-18.6635
-22.1138
-24.5415
-26.2662
-39.7707
-42.6239
-32.4888
-30.0992
-36.6394
-42.5169
-43.824
-42.2801
-35.3838
-25.5473
-15.7453
-2.43387
-1.42678
-13.884
-22.947
-31.8897
-37.9301
-39.7376
-38.6612
-34.0327
-28.304
-27.2038
-40.5488
-46.4846
-37.9534
-26.2403
-25.1801
-22.85
-16.6215
-7.71527
-19.3331
-24.5522
-35.8574
-47.7725
-37.0427
-28.4481
-32.2852
-31.7411
-23.8787
-14.3711
-2.282
-5.96654e-09
-5.96654e-09
-2.282
-14.3711
-23.8787
-31.7411
-32.2852
-28.4481
-37.0427
-47.7725
-35.8574
-24.5522
-19.3331
-7.71527
-16.6215
-22.85
-25.1801
-26.2403
-37.9534
-46.4846
-40.5488
-27.2038
-28.304
-34.0327
-38.6612
-39.7376
-37.9301
-31.8897
-22.947
-13.884
-1.42678
-0.182764
-9.31237
-17.9332
-23.5854
-28.6354
-31.1476
-30.83
-27.9589
-25.3285
-26.0622
-33.6542
-47.0812
-47.9443
-35.6523
-25.8421
-23.5699
-18.3093
-10.9271
-22.5393
-25.5679
-39.0828
-48.4734
-36.7623
-28.1885
-30.2198
-27.7389
-19.2808
-8.5918
-0.509646
-7.23864e-10
-7.23864e-10
-0.509646
-8.5918
-19.2808
-27.7389
-30.2198
-28.1885
-36.7623
-48.4734
-39.0828
-25.5679
-22.5393
-10.9271
-18.3093
-23.5699
-25.8421
-35.6523
-47.9443
-47.0812
-33.6542
-26.0622
-25.3285
-27.9589
-30.83
-31.1476
-28.6354
-23.5854
-17.9332
-9.31237
-0.182764
-0.000732211
-1.9202
-7.14695
-11.5242
-15.3015
-17.7622
-17.7509
-17.2242
-20.4545
-24.5059
-26.4622
-41.0866
-51.4271
-47.9166
-32.3411
-24.932
-20.6426
-12.3784
-23.925
-26.2597
-42.1018
-48.6857
-35.5151
-27.4647
-27.6308
-22.7182
-13.5829
-3.30816
-0.04722
-6.56406e-10
-6.56406e-10
-0.04722
-3.30816
-13.5829
-22.7182
-27.6308
-27.4647
-35.5151
-48.6857
-42.1018
-26.2597
-23.925
-12.3784
-20.6426
-24.932
-32.3411
-47.9166
-51.4271
-41.0866
-26.4622
-24.5059
-20.4545
-17.2242
-17.7509
-17.7622
-15.3015
-11.5242
-7.14695
-1.9202
-0.000732211
-0.0203153
-2.08754
-2.64082
-2.29471
-1.60656
-0.84335
-0.81386
-3.61029
-13.9347
-21.4067
-25.4124
-30.8851
-47.5763
-53.0801
-45.1323
-27.6808
-24.1237
-18.781
-23.1704
-26.5973
-44.7093
-48.8714
-34.0135
-26.598
-26.0465
-20.3681
-11.4518
-4.68982
-0.708876
-1.39017e-06
-1.39017e-06
-0.708876
-4.68982
-11.4518
-20.3681
-26.0465
-26.598
-34.0135
-48.8714
-44.7093
-26.5973
-23.1704
-18.781
-24.1237
-27.6808
-45.1323
-53.0801
-47.5763
-30.8851
-25.4124
-21.4067
-13.9347
-3.61029
-0.81386
-0.84335
-1.60656
-2.29471
-2.64082
-2.08754
-0.0203153
-4.41203
-18.2146
-20.5249
-20.301
-17.3276
-8.85424
-1.62287
-0.0302162
-7.21741
-19.1219
-24.7869
-26.3612
-37.536
-50.5931
-51.4777
-40.5304
-26.6526
-24.0665
-23.8384
-26.9988
-45.308
-47.9955
-32.6325
-26.0706
-26.8309
-23.7338
-16.5423
-10.9308
-2.02399
-0.000275919
-0.000275919
-2.02399
-10.9308
-16.5423
-23.7338
-26.8309
-26.0706
-32.6325
-47.9955
-45.308
-26.9988
-23.8384
-24.0665
-26.6526
-40.5304
-51.4777
-50.5931
-37.536
-26.3612
-24.7869
-19.1219
-7.21741
-0.0302162
-1.62287
-8.85424
-17.3276
-20.301
-20.5249
-18.2146
-4.41203
-6.0073
-23.8012
-26.7323
-28.2673
-26.6352
-22.3474
-15.1908
-2.38554
-0.208493
-19.9153
-23.8828
-24.9096
-26.108
-43.4897
-51.7805
-47.8727
-35.3742
-26.6825
-25.4059
-27.2152
-42.7007
-45.2973
-31.6842
-26.1571
-28.9873
-29.4332
-23.6301
-16.3576
-3.24318
-0.00305522
-0.00305522
-3.24318
-16.3576
-23.6301
-29.4332
-28.9873
-26.1571
-31.6842
-45.2973
-42.7007
-27.2152
-25.4059
-26.6825
-35.3742
-47.8727
-51.7805
-43.4897
-26.108
-24.9096
-23.8828
-19.9153
-0.208493
-2.38554
-15.1908
-22.3474
-26.6352
-28.2673
-26.7323
-23.8012
-6.0073
-6.14913
-28.2854
-33.291
-35.4172
-34.7437
-30.4003
-23.8189
-14.6229
-4.74025
-2.44935
-18.2562
-22.4384
-25.1807
-33.6191
-47.5542
-49.3537
-41.5145
-29.7883
-26.2822
-28.1581
-39.4274
-42.3047
-31.8136
-26.5125
-30.0591
-32.9477
-28.4627
-19.6176
-3.77682
-0.00646858
-0.00646858
-3.77682
-19.6176
-28.4627
-32.9477
-30.0591
-26.5125
-31.8136
-42.3047
-39.4274
-28.1581
-26.2822
-29.7883
-41.5145
-49.3537
-47.5542
-33.6191
-25.1807
-22.4384
-18.2562
-2.44935
-4.74025
-14.6229
-23.8189
-30.4003
-34.7437
-35.4172
-33.291
-28.2854
-6.14913
-5.75427
-30.1038
-36.2742
-39.4602
-38.5713
-34.6254
-28.9953
-21.8492
-13.6897
-8.14074
-6.41806
-20.647
-23.744
-25.663
-39.7535
-47.7515
-44.4222
-36.1458
-30.3416
-32.1332
-39.1834
-41.5644
-33.6649
-26.4366
-29.0124
-32.4091
-29.1518
-20.2835
-3.64686
-0.00571781
-0.00571781
-3.64686
-20.2835
-29.1518
-32.4091
-29.0124
-26.4366
-33.6649
-41.5644
-39.1834
-32.1332
-30.3416
-36.1458
-44.4222
-47.7515
-39.7535
-25.663
-23.744
-20.647
-6.41806
-8.14074
-13.6897
-21.8492
-28.9953
-34.6254
-38.5713
-39.4602
-36.2742
-30.1038
-5.75427
-4.35751
-24.7805
-32.7595
-38.6734
-39.087
-35.5296
-31.7031
-26.9407
-21.6357
-15.9361
-9.00828
-14.0124
-20.3405
-23.8525
-30.8385
-44.3153
-46.2841
-41.8188
-38.27
-38.6653
-42.2775
-43.863
-37.4075
-26.1354
-27.0563
-29.0301
-25.9788
-17.9003
-2.87942
-0.00193978
-0.00193978
-2.87942
-17.9003
-25.9788
-29.0301
-27.0563
-26.1354
-37.4075
-43.863
-42.2775
-38.6653
-38.27
-41.8188
-46.2841
-44.3153
-30.8385
-23.8525
-20.3405
-14.0124
-9.00828
-15.9361
-21.6357
-26.9407
-31.7031
-35.5296
-39.087
-38.6734
-32.7595
-24.7805
-4.35751
-1.9057
-15.5397
-26.8463
-35.5895
-38.0093
-35.5824
-32.6083
-30.4689
-28.1358
-25.5593
-21.1749
-11.7804
-13.8193
-21.9226
-25.4797
-39.1369
-46.9957
-46.8965
-45.2926
-45.4943
-46.9897
-48.0294
-42.3184
-28.3694
-25.9809
-26.1628
-21.8221
-12.9554
-1.75832
-9.4511e-05
-9.4511e-05
-1.75832
-12.9554
-21.8221
-26.1628
-25.9809
-28.3694
-42.3184
-48.0294
-46.9897
-45.4943
-45.2926
-46.8965
-46.9957
-39.1369
-25.4797
-21.9226
-13.8193
-11.7804
-21.1749
-25.5593
-28.1358
-30.4689
-32.6083
-35.5824
-38.0093
-35.5895
-26.8463
-15.5397
-1.9057
-0.0523507
-5.89304
-20.6657
-30.1588
-36.551
-36.1081
-33.538
-32.6497
-33.1119
-33.9991
-34.5475
-31.9608
-22.2428
-19.5057
-23.9715
-32.2491
-45.6235
-50.8452
-51.5503
-52.0793
-52.4103
-52.5343
-47.064
-33.4075
-25.9733
-25.7691
-21.0954
-6.96976
-0.544865
-2.87516e-07
-2.87516e-07
-0.544865
-6.96976
-21.0954
-25.7691
-25.9733
-33.4075
-47.064
-52.5343
-52.4103
-52.0793
-51.5503
-50.8452
-45.6235
-32.2491
-23.9715
-19.5057
-22.2428
-31.9608
-34.5475
-33.9991
-33.1119
-32.6497
-33.538
-36.1081
-36.551
-30.1588
-20.6657
-5.89304
-0.0523507
-0.000190992
-1.86524
-14.223
-25.1074
-34.9067
-37.9918
-34.8725
-34.3198
-36.6405
-40.6768
-45.1461
-45.8765
-38.8156
-26.2893
-22.912
-25.755
-42.5249
-54.5012
-59.0003
-59.7718
-58.6663
-56.8788
-51.2008
-38.4024
-25.7757
-26.1162
-25.1689
-2.25535
-0.00618907
-1.43112e-09
-1.43112e-09
-0.00618907
-2.25535
-25.1689
-26.1162
-25.7757
-38.4024
-51.2008
-56.8788
-58.6663
-59.7718
-59.0003
-54.5012
-42.5249
-25.755
-22.912
-26.2893
-38.8156
-45.8765
-45.1461
-40.6768
-36.6405
-34.3198
-34.8725
-37.9918
-34.9067
-25.1074
-14.223
-1.86524
-0.000190992
-6.83578e-05
-1.25438
-11.8611
-22.171
-32.5253
-37.5441
-35.2452
-33.6505
-37.6044
-45.3123
-52.9215
-56.3904
-49.0944
-35.0096
-25.3749
-24.5767
-45.6105
-66.093
-73.3957
-71.0815
-66.5786
-61.7692
-55.5127
-43.2205
-25.5143
-25.5341
-26.9687
-0.770879
-3.28062e-06
-2.30693e-09
-2.30693e-09
-3.28062e-06
-0.770879
-26.9687
-25.5341
-25.5143
-43.2205
-55.5127
-61.7692
-66.5786
-71.0815
-73.3957
-66.093
-45.6105
-24.5767
-25.3749
-35.0096
-49.0944
-56.3904
-52.9215
-45.3123
-37.6044
-33.6505
-35.2452
-37.5441
-32.5253
-22.171
-11.8611
-1.25438
-6.83578e-05
-0.000586967
-1.43375
-11.9092
-20.2727
-28.4679
-32.694
-30.8022
-28.6695
-32.9713
-44.779
-56.76
-60.4172
-53.154
-38.7733
-28.6985
-34.651
-75.596
-117.171
-116.358
-91.0831
-76.7493
-67.5019
-60.3207
-48.1403
-27.1387
-24.9348
-23.8384
-0.0819214
-3.62051e-09
-4.01276e-09
-4.01276e-09
-3.62051e-09
-0.0819214
-23.8384
-24.9348
-27.1387
-48.1403
-60.3207
-67.5019
-76.7493
-91.0831
-116.358
-117.171
-75.596
-34.651
-28.6985
-38.7733
-53.154
-60.4172
-56.76
-44.779
-32.9713
-28.6695
-30.8022
-32.694
-28.4679
-20.2727
-11.9092
-1.43375
-0.000586967
-0.00117609
-1.52664
-11.8432
-19.286
-25.5351
-27.8555
-25.5641
-23.1509
-25.792
-39.7816
-55.3191
-59.0137
-50.8831
-40.1111
-35.4178
-45.4334
-109.454
-180.63
-162.022
-108.512
-84.1216
-71.3998
-63.4732
-51.3891
-28.9443
-24.772
-20.32
-0.0199087
-4.83648e-09
-5.54783e-09
-5.54783e-09
-4.83648e-09
-0.0199087
-20.32
-24.772
-28.9443
-51.3891
-63.4732
-71.3998
-84.1216
-108.512
-162.022
-180.63
-109.454
-45.4334
-35.4178
-40.1111
-50.8831
-59.0137
-55.3191
-39.7816
-25.792
-23.1509
-25.5641
-27.8555
-25.5351
-19.286
-11.8432
-1.52664
-0.00117609
