313.779
310.875
302.364
301.635
300.991
300.393
299.882
299.32
298.746
298.169
297.586
297.005
296.446
295.859
294.906
293
293
293
293
293
293
293
293
293
293
293
293
293
293
293
293
293
293
293
293
293
294.906
295.859
296.446
297.005
297.586
298.169
298.746
299.32
299.882
300.393
300.991
301.635
302.364
310.875
313.779
314.683
311.734
302.896
301.937
301.256
300.546
299.939
299.319
298.742
298.167
297.578
296.987
296.455
296.036
295.376
294.519
294.17
293.99
293.867
293.747
293.597
293.402
293.206
293.163
293.287
294.7
293.287
293.163
293.206
293.402
293.597
293.747
293.867
293.99
294.17
294.519
295.376
296.036
296.455
296.987
297.578
298.167
298.742
299.319
299.939
300.546
301.256
301.937
302.896
311.734
314.683
317.485
314.633
305.772
302.913
301.933
300.922
300.194
299.526
298.877
298.259
297.638
296.983
296.501
296.441
296.03
295.519
295.159
294.912
294.717
294.512
294.225
293.794
293.247
293.379
297.485
300.489
297.485
293.379
293.247
293.794
294.225
294.512
294.717
294.912
295.159
295.519
296.03
296.441
296.501
296.983
297.638
298.259
298.877
299.526
300.194
300.922
301.933
302.913
305.772
314.633
317.485
321.992
319.715
312.608
306.671
305.387
307.13
308.268
307.711
306.181
304.011
301.25
297.999
297.569
297.186
296.772
296.356
296.02
295.771
295.565
295.345
295.038
295.123
299.885
303.697
306.935
308.439
306.935
303.697
299.885
295.123
295.038
295.345
295.565
295.771
296.02
296.356
296.772
297.186
297.569
297.999
301.25
304.011
306.181
307.711
308.268
307.13
305.387
306.671
312.608
319.715
321.992
327.052
325.664
321.975
318.292
316.254
315.497
314.646
312.906
310.148
306.386
301.725
298.638
298.427
297.95
297.504
297.1
296.783
296.575
296.416
296.253
296.023
296.786
304.986
310.587
314.119
315.397
314.119
310.587
304.986
296.786
296.023
296.253
296.416
296.575
296.783
297.1
297.504
297.95
298.427
298.638
301.725
306.386
310.148
312.906
314.646
315.497
316.254
318.292
321.975
325.664
327.052
330.888
329.914
327.377
324.401
321.914
319.96
317.915
315.117
311.122
305.661
300.519
299.799
299.197
298.669
298.183
297.746
297.424
297.317
297.258
297.214
297.217
299.25
308.868
315.548
319.557
320.912
319.557
315.548
308.868
299.25
297.217
297.214
297.258
297.317
297.424
297.746
298.183
298.669
299.197
299.799
300.519
305.661
311.122
315.117
317.915
319.96
321.914
324.401
327.377
329.914
330.888
332.67
331.727
329.219
326.02
323.041
320.513
317.938
314.524
309.561
303.365
300.873
300.418
299.879
299.336
298.799
298.263
297.839
297.997
298.072
298.118
298.169
301.122
311.693
319.179
323.648
325.138
323.648
319.179
311.693
301.122
298.169
298.118
298.072
297.997
297.839
298.263
298.799
299.336
299.879
300.418
300.873
303.365
309.561
314.524
317.938
320.513
323.041
326.02
329.219
331.727
332.67
332.339
331.106
327.75
323.42
319.716
317.115
314.798
311.481
305.975
301.976
301.638
301.108
300.553
299.984
299.401
298.542
298.6
298.75
298.903
299.002
299.07
301.95
313.607
321.828
326.718
328.342
326.718
321.828
313.607
301.95
299.07
299.002
298.903
298.75
298.6
298.542
299.401
299.984
300.553
301.108
301.638
301.976
305.975
311.481
314.798
317.115
319.716
323.42
327.75
331.106
332.339
330.473
328.608
323.256
316.202
311.305
309.438
308.661
306.679
303.631
303.002
302.387
301.811
301.229
300.632
300.533
300.508
299.588
299.571
299.777
299.906
299.984
302.328
314.958
323.808
329.055
330.794
329.055
323.808
314.958
302.328
299.984
299.906
299.777
299.571
299.588
300.508
300.533
300.632
301.229
301.811
302.387
303.002
303.631
306.679
308.661
309.438
311.305
316.202
323.256
328.608
330.473
328.334
325.599
317.091
310.244
308.489
307.455
306.374
305.293
304.244
303.658
303.083
302.506
301.909
301.943
303.861
304.049
300.644
300.488
300.716
300.847
300.927
302.818
316.093
325.391
330.9
332.725
330.9
325.391
316.093
302.818
300.927
300.847
300.716
300.488
300.644
304.049
303.861
301.943
301.909
302.506
303.083
303.658
304.244
305.293
306.374
307.455
308.489
310.244
317.091
325.599
328.334
327.668
324.401
313.688
309.245
308.223
307.192
306.188
305.328
304.795
304.289
303.771
303.208
303.089
305.922
308.521
307.366
302.294
301.622
301.739
301.828
301.897
303.618
317.213
326.762
332.428
334.307
332.428
326.762
317.213
303.618
301.897
301.828
301.739
301.622
302.294
307.366
308.521
305.922
303.089
303.208
303.771
304.289
304.795
305.328
306.188
307.192
308.223
309.245
313.688
324.401
327.668
329.537
326.717
317.967
310.704
308.289
307.063
306.08
305.611
305.306
304.921
304.49
304.287
307.322
311.712
312.94
310.615
304.514
302.779
302.776
302.816
302.873
304.737
318.387
328.015
333.744
335.646
333.744
328.015
318.387
304.737
302.873
302.816
302.776
302.779
304.514
310.615
312.94
311.712
307.322
304.287
304.49
304.921
305.306
305.611
306.08
307.063
308.289
310.704
317.967
326.717
329.537
333.046
331.004
325.197
317.483
311.318
307.612
306.151
306.072
305.885
305.586
305.289
307.001
313.162
316.696
316.911
313.64
306.784
303.793
303.759
303.776
303.828
306.101
319.59
329.167
334.887
336.79
334.887
329.167
319.59
306.101
303.828
303.776
303.759
303.793
306.784
313.64
316.911
316.696
313.162
307.001
305.289
305.586
305.885
306.072
306.151
307.612
311.318
317.483
325.197
331.004
333.046
336.636
335.058
330.626
324.347
317.552
310.587
306.897
306.838
306.562
306.238
306.333
311.73
318.158
320.998
320.37
316.248
308.621
304.721
304.678
304.688
304.744
307.466
320.712
330.175
335.848
337.738
335.848
330.175
320.712
307.466
304.744
304.688
304.678
304.721
308.621
316.248
320.37
320.998
318.158
311.73
306.333
306.238
306.562
306.838
306.897
310.587
317.552
324.347
330.626
335.058
336.636
339.384
337.966
333.902
327.729
320.054
311.023
307.569
307.486
307.274
307.075
308.947
317.304
322.743
324.769
323.324
318.361
309.82
305.582
305.532
305.541
305.603
308.552
321.625
330.973
336.592
338.468
336.592
330.973
321.625
308.552
305.603
305.541
305.532
305.582
309.82
318.361
323.324
324.769
322.743
317.304
308.947
307.075
307.274
307.486
307.569
311.023
320.054
327.729
333.902
337.966
339.384
340.968
339.518
335.289
328.612
319.913
309.661
308.495
308.249
307.963
308.033
313.801
322.025
326.74
328.009
325.798
320.052
310.659
306.368
306.314
306.33
306.39
309.456
322.271
331.498
337.079
338.949
337.079
331.498
322.271
309.456
306.39
306.33
306.314
306.368
310.659
320.052
325.798
328.009
326.74
322.025
313.801
308.033
307.963
308.249
308.495
309.661
319.913
328.612
335.289
339.518
340.968
341.451
339.85
335.124
327.516
317.597
309.659
309.336
309.042
308.788
310.005
319.144
326.254
330.186
330.728
327.806
321.39
311.416
307.143
307.033
307.063
307.195
310.112
322.507
331.67
337.279
339.168
337.279
331.67
322.507
310.112
307.195
307.063
307.033
307.143
311.416
321.39
327.806
330.728
330.186
326.254
319.144
310.005
308.788
309.042
309.336
309.659
317.597
327.516
335.124
339.85
341.451
341.137
339.306
333.839
324.781
314.951
310.816
310.146
309.783
309.893
313.398
323.02
329.66
333.02
332.914
329.306
322.29
312.137
308.551
307.949
307.941
308.66
310.937
322.02
331.394
337.2
339.165
337.2
331.394
322.02
310.937
308.66
307.941
307.949
308.551
312.137
322.29
329.306
332.914
333.02
329.66
323.02
313.398
309.893
309.783
310.146
310.816
314.951
324.781
333.839
339.306
341.137
340.483
338.4
332.149
321.91
315.169
312.724
311.48
311.223
312.517
316.545
325.881
332.347
335.322
334.599
330.215
322.438
314.043
311.555
309.955
309.814
311.209
313.482
320.832
330.686
336.961
339.091
336.961
330.686
320.832
313.482
311.209
309.814
309.955
311.555
314.043
322.438
330.215
334.599
335.322
332.347
325.881
316.545
312.517
311.223
311.48
312.724
315.169
321.91
332.149
338.4
340.483
339.995
337.661
330.634
321.257
317.894
315.293
313.595
313.871
316.444
319.287
327.695
334.525
337.322
335.946
330.523
322.373
317.532
314.671
312.413
312.188
314.144
316.921
320.591
329.697
336.869
339.278
336.869
329.697
320.591
316.921
314.144
312.188
312.413
314.671
317.532
322.373
330.523
335.946
337.322
334.525
327.695
319.287
316.444
313.871
313.595
315.293
317.894
321.257
330.634
337.661
339.995
340.174
337.619
329.895
323.774
321.461
318.595
316.613
317.747
321.174
323.936
329.058
336.738
339.495
337.34
330.226
324.041
321.447
318.563
315.722
315.275
317.894
320.858
323.411
329.21
337.54
340.284
337.54
329.21
323.411
320.858
317.894
315.275
315.722
318.563
321.447
324.041
330.226
337.34
339.495
336.738
329.058
323.936
321.174
317.747
316.613
318.595
321.461
323.774
329.895
337.619
340.174
341.465
338.771
330.469
327.055
325.057
322.775
322.963
324.015
325.242
327.301
331.256
339.918
342.58
339.722
330.516
326.322
324.27
322.931
323.474
323.611
323.048
323.967
326.086
330.492
339.855
342.777
339.855
330.492
326.086
323.967
323.048
323.611
323.474
322.931
324.27
326.322
330.516
339.722
342.58
339.918
331.256
327.301
325.242
324.015
322.963
322.775
325.057
327.055
330.469
338.771
341.465
344.143
341.654
333.857
330.307
329.569
331.359
333.856
334.649
333.56
333.072
338.494
345.23
347.183
344.555
336.701
330.04
329.405
331.975
334.336
334.545
332.643
330.254
330.86
337.262
344.746
347.113
344.746
337.262
330.86
330.254
332.643
334.545
334.336
331.975
329.405
330.04
336.701
344.555
347.183
345.23
338.494
333.072
333.56
334.649
333.856
331.359
329.569
330.307
333.857
341.654
344.143
347.8
346.024
340.684
336.903
338.011
340.755
342.74
343.869
344.391
345.432
348.308
351.399
352.368
350.714
346.834
343.256
342.123
342.748
343.59
343.744
343.195
342.758
343.894
347.253
350.833
352.182
350.833
347.253
343.894
342.758
343.195
343.744
343.59
342.748
342.123
343.256
346.834
350.714
352.368
351.399
348.308
345.432
344.391
343.869
342.74
340.755
338.011
336.903
340.684
346.024
347.8
351.011
349.999
347.481
345.583
345.708
347.032
348.481
349.697
350.762
352.102
353.987
355.689
356.176
355.098
352.857
350.654
349.496
349.324
349.531
349.648
349.648
349.942
351.092
353.146
355.151
355.949
355.151
353.146
351.092
349.942
349.648
349.648
349.531
349.324
349.496
350.654
352.857
355.098
356.176
355.689
353.987
352.102
350.762
349.697
348.481
347.032
345.708
345.583
347.481
349.999
351.011
352.245
351.48
349.676
348.264
348.216
349.184
350.456
351.677
352.857
354.227
355.849
357.193
357.548
356.647
354.842
353.008
351.88
351.523
351.563
351.666
351.808
352.269
353.385
355.088
356.675
357.312
356.675
355.088
353.385
352.269
351.808
351.666
351.563
351.523
351.88
353.008
354.842
356.647
357.548
357.193
355.849
354.227
352.857
351.677
350.456
349.184
348.216
348.264
349.676
351.48
352.245
351.011
349.999
347.481
345.583
345.708
347.032
348.481
349.697
350.762
352.102
353.987
355.689
356.176
355.098
352.857
350.654
349.496
349.324
349.531
349.648
349.648
349.942
351.092
353.146
355.151
355.949
355.151
353.146
351.092
349.942
349.648
349.648
349.531
349.324
349.496
350.654
352.857
355.098
356.176
355.689
353.987
352.102
350.762
349.697
348.481
347.032
345.708
345.583
347.481
349.999
351.011
347.8
346.024
340.684
336.903
338.011
340.755
342.74
343.869
344.391
345.432
348.308
351.399
352.368
350.714
346.834
343.256
342.123
342.748
343.59
343.744
343.195
342.758
343.894
347.253
350.833
352.182
350.833
347.253
343.894
342.758
343.195
343.744
343.59
342.748
342.123
343.256
346.834
350.714
352.368
351.399
348.308
345.432
344.391
343.869
342.74
340.755
338.011
336.903
340.684
346.024
347.8
344.143
341.654
333.857
330.307
329.569
331.359
333.856
334.649
333.56
333.072
338.494
345.23
347.183
344.555
336.701
330.04
329.405
331.975
334.336
334.545
332.643
330.254
330.86
337.262
344.746
347.113
344.746
337.262
330.86
330.254
332.643
334.545
334.336
331.975
329.405
330.04
336.701
344.555
347.183
345.23
338.494
333.072
333.56
334.649
333.856
331.359
329.569
330.307
333.857
341.654
344.143
341.465
338.771
330.469
327.055
325.057
322.775
322.963
324.015
325.242
327.301
331.256
339.918
342.58
339.722
330.516
326.322
324.27
322.931
323.474
323.611
323.048
323.967
326.086
330.492
339.855
342.777
339.855
330.492
326.086
323.967
323.048
323.611
323.474
322.931
324.27
326.322
330.516
339.722
342.58
339.918
331.256
327.301
325.242
324.015
322.963
322.775
325.057
327.055
330.469
338.771
341.465
340.174
337.619
329.895
323.774
321.461
318.595
316.613
317.747
321.174
323.936
329.058
336.738
339.495
337.34
330.226
324.041
321.447
318.563
315.722
315.275
317.894
320.858
323.411
329.21
337.54
340.284
337.54
329.21
323.411
320.858
317.894
315.275
315.722
318.563
321.447
324.041
330.226
337.34
339.495
336.738
329.058
323.936
321.174
317.747
316.613
318.595
321.461
323.774
329.895
337.619
340.174
339.995
337.661
330.634
321.257
317.894
315.293
313.595
313.871
316.444
319.287
327.695
334.525
337.322
335.946
330.523
322.373
317.532
314.671
312.413
312.188
314.144
316.921
320.591
329.697
336.869
339.278
336.869
329.697
320.591
316.921
314.144
312.188
312.413
314.671
317.532
322.373
330.523
335.946
337.322
334.525
327.695
319.287
316.444
313.871
313.595
315.293
317.894
321.257
330.634
337.661
339.995
340.483
338.4
332.149
321.91
315.169
312.724
311.48
311.223
312.517
316.545
325.881
332.347
335.322
334.599
330.215
322.438
314.043
311.555
309.955
309.814
311.209
313.482
320.832
330.686
336.961
339.091
336.961
330.686
320.832
313.482
311.209
309.814
309.955
311.555
314.043
322.438
330.215
334.599
335.322
332.347
325.881
316.545
312.517
311.223
311.48
312.724
315.169
321.91
332.149
338.4
340.483
341.137
339.306
333.839
324.781
314.951
310.816
310.146
309.783
309.893
313.398
323.02
329.66
333.02
332.914
329.306
322.29
312.137
308.551
307.949
307.941
308.66
310.937
322.02
331.394
337.2
339.165
337.2
331.394
322.02
310.937
308.66
307.941
307.949
308.551
312.137
322.29
329.306
332.914
333.02
329.66
323.02
313.398
309.893
309.783
310.146
310.816
314.951
324.781
333.839
339.306
341.137
341.451
339.85
335.124
327.516
317.597
309.659
309.336
309.042
308.788
310.005
319.144
326.254
330.186
330.728
327.806
321.39
311.416
307.143
307.033
307.063
307.195
310.112
322.507
331.67
337.279
339.168
337.279
331.67
322.507
310.112
307.195
307.063
307.033
307.143
311.416
321.39
327.806
330.728
330.186
326.254
319.144
310.005
308.788
309.042
309.336
309.659
317.597
327.516
335.124
339.85
341.451
340.968
339.518
335.289
328.612
319.913
309.661
308.495
308.249
307.963
308.033
313.801
322.025
326.74
328.009
325.798
320.052
310.659
306.368
306.314
306.33
306.39
309.456
322.271
331.498
337.079
338.949
337.079
331.498
322.271
309.456
306.39
306.33
306.314
306.368
310.659
320.052
325.798
328.009
326.74
322.025
313.801
308.033
307.963
308.249
308.495
309.661
319.913
328.612
335.289
339.518
340.968
339.384
337.966
333.902
327.729
320.054
311.023
307.569
307.486
307.274
307.075
308.947
317.304
322.743
324.769
323.324
318.361
309.82
305.582
305.532
305.541
305.603
308.552
321.625
330.973
336.592
338.468
336.592
330.973
321.625
308.552
305.603
305.541
305.532
305.582
309.82
318.361
323.324
324.769
322.743
317.304
308.947
307.075
307.274
307.486
307.569
311.023
320.054
327.729
333.902
337.966
339.384
336.636
335.058
330.626
324.347
317.552
310.587
306.897
306.838
306.562
306.238
306.333
311.73
318.158
320.998
320.37
316.248
308.621
304.721
304.678
304.688
304.744
307.466
320.712
330.175
335.848
337.738
335.848
330.175
320.712
307.466
304.744
304.688
304.678
304.721
308.621
316.248
320.37
320.998
318.158
311.73
306.333
306.238
306.562
306.838
306.897
310.587
317.552
324.347
330.626
335.058
336.636
333.046
331.004
325.197
317.483
311.318
307.612
306.151
306.072
305.885
305.586
305.289
307.001
313.162
316.696
316.911
313.64
306.784
303.793
303.759
303.776
303.828
306.101
319.59
329.167
334.887
336.79
334.887
329.167
319.59
306.101
303.828
303.776
303.759
303.793
306.784
313.64
316.911
316.696
313.162
307.001
305.289
305.586
305.885
306.072
306.151
307.612
311.318
317.483
325.197
331.004
333.046
329.537
326.717
317.967
310.704
308.289
307.063
306.08
305.611
305.306
304.921
304.49
304.287
307.322
311.712
312.94
310.615
304.514
302.779
302.776
302.816
302.873
304.737
318.387
328.015
333.744
335.646
333.744
328.015
318.387
304.737
302.873
302.816
302.776
302.779
304.514
310.615
312.94
311.712
307.322
304.287
304.49
304.921
305.306
305.611
306.08
307.063
308.289
310.704
317.967
326.717
329.537
327.668
324.401
313.688
309.245
308.223
307.192
306.188
305.328
304.795
304.289
303.771
303.208
303.089
305.922
308.521
307.366
302.294
301.622
301.739
301.828
301.897
303.618
317.213
326.762
332.428
334.307
332.428
326.762
317.213
303.618
301.897
301.828
301.739
301.622
302.294
307.366
308.521
305.922
303.089
303.208
303.771
304.289
304.795
305.328
306.188
307.192
308.223
309.245
313.688
324.401
327.668
328.334
325.599
317.091
310.244
308.489
307.455
306.374
305.293
304.244
303.658
303.083
302.506
301.909
301.943
303.861
304.049
300.644
300.488
300.716
300.847
300.927
302.818
316.093
325.391
330.9
332.725
330.9
325.391
316.093
302.818
300.927
300.847
300.716
300.488
300.644
304.049
303.861
301.943
301.909
302.506
303.083
303.658
304.244
305.293
306.374
307.455
308.489
310.244
317.091
325.599
328.334
330.473
328.608
323.256
316.202
311.305
309.438
308.661
306.679
303.631
303.002
302.387
301.811
301.229
300.632
300.533
300.508
299.588
299.571
299.777
299.906
299.984
302.328
314.958
323.808
329.055
330.794
329.055
323.808
314.958
302.328
299.984
299.906
299.777
299.571
299.588
300.508
300.533
300.632
301.229
301.811
302.387
303.002
303.631
306.679
308.661
309.438
311.305
316.202
323.256
328.608
330.473
332.339
331.106
327.75
323.42
319.716
317.115
314.798
311.481
305.975
301.976
301.638
301.108
300.553
299.984
299.401
298.542
298.6
298.75
298.903
299.002
299.07
301.95
313.607
321.828
326.718
328.342
326.718
321.828
313.607
301.95
299.07
299.002
298.903
298.75
298.6
298.542
299.401
299.984
300.553
301.108
301.638
301.976
305.975
311.481
314.798
317.115
319.716
323.42
327.75
331.106
332.339
332.67
331.727
329.219
326.02
323.041
320.513
317.938
314.524
309.561
303.365
300.873
300.418
299.879
299.336
298.799
298.263
297.839
297.997
298.072
298.118
298.169
301.122
311.693
319.179
323.648
325.138
323.648
319.179
311.693
301.122
298.169
298.118
298.072
297.997
297.839
298.263
298.799
299.336
299.879
300.418
300.873
303.365
309.561
314.524
317.938
320.513
323.041
326.02
329.219
331.727
332.67
330.888
329.914
327.377
324.401
321.914
319.96
317.915
315.117
311.122
305.661
300.519
299.799
299.197
298.669
298.183
297.746
297.424
297.317
297.258
297.214
297.217
299.25
308.868
315.548
319.557
320.912
319.557
315.548
308.868
299.25
297.217
297.214
297.258
297.317
297.424
297.746
298.183
298.669
299.197
299.799
300.519
305.661
311.122
315.117
317.915
319.96
321.914
324.401
327.377
329.914
330.888
327.052
325.664
321.975
318.292
316.254
315.497
314.646
312.906
310.148
306.386
301.725
298.638
298.427
297.95
297.504
297.1
296.783
296.575
296.416
296.253
296.023
296.786
304.986
310.587
314.119
315.397
314.119
310.587
304.986
296.786
296.023
296.253
296.416
296.575
296.783
297.1
297.504
297.95
298.427
298.638
301.725
306.386
310.148
312.906
314.646
315.497
316.254
318.292
321.975
325.664
327.052
321.992
319.715
312.608
306.671
305.387
307.13
308.268
307.711
306.181
304.011
301.25
297.999
297.569
297.186
296.772
296.356
296.02
295.771
295.565
295.345
295.038
295.123
299.885
303.697
306.935
308.439
306.935
303.697
299.885
295.123
295.038
295.345
295.565
295.771
296.02
296.356
296.772
297.186
297.569
297.999
301.25
304.011
306.181
307.711
308.268
307.13
305.387
306.671
312.608
319.715
321.992
317.485
314.633
305.772
302.913
301.933
300.922
300.194
299.526
298.877
298.259
297.638
296.983
296.501
296.441
296.03
295.519
295.159
294.912
294.717
294.512
294.225
293.794
293.247
293.379
297.485
300.489
297.485
293.379
293.247
293.794
294.225
294.512
294.717
294.912
295.159
295.519
296.03
296.441
296.501
296.983
297.638
298.259
298.877
299.526
300.194
300.922
301.933
302.913
305.772
314.633
317.485
314.683
311.734
302.896
301.937
301.256
300.546
299.939
299.319
298.742
298.167
297.578
296.987
296.455
296.036
295.376
294.519
294.17
293.99
293.867
293.747
293.597
293.402
293.206
293.163
293.287
294.7
293.287
293.163
293.206
293.402
293.597
293.747
293.867
293.99
294.17
294.519
295.376
296.036
296.455
296.987
297.578
298.167
298.742
299.319
299.939
300.546
301.256
301.937
302.896
311.734
314.683
313.779
310.875
302.364
301.635
300.991
300.393
299.882
299.32
298.746
298.169
297.586
297.005
296.446
295.859
294.906
293
293
293
293
293
293
293
293
293
293
293
293
293
293
293
293
293
293
293
293
293
294.906
295.859
296.446
297.005
297.586
298.169
298.746
299.32
299.882
300.393
300.991
301.635
302.364
310.875
313.779
