332.348
328.938
318.462
300.473
300.381
300.062
299.756
299.303
298.719
298.16
297.601
297.051
296.533
295.946
294.976
293
293
293
293
293
293
293
293
293
293
293
293
293
293
293
293
293
293
293
293
293
294.976
295.946
296.532
297.05
297.598
298.156
298.714
299.297
299.749
300.054
300.373
300.464
318.429
328.891
332.296
333.758
330.471
320.223
301.58
300.499
300.051
299.824
299.362
298.701
298.154
297.589
297.029
296.561
296.132
295.472
294.6
294.245
294.056
293.913
293.753
293.519
293.248
293.151
293.14
293.902
296.855
293.899
293.141
293.151
293.249
293.519
293.753
293.913
294.056
294.246
294.601
295.472
296.132
296.561
297.028
297.587
298.15
298.696
299.356
299.816
300.043
300.491
301.57
320.185
330.419
333.701
337.742
334.964
326.388
310.965
301.791
300.278
299.934
299.546
298.864
298.245
297.65
297.061
296.56
296.538
296.166
295.672
295.312
295.053
294.831
294.567
294.061
293.312
293.203
294.338
299.239
302.807
299.234
294.332
293.203
293.313
294.062
294.568
294.832
295.054
295.313
295.673
296.167
296.538
296.56
297.059
297.647
298.241
298.859
299.539
299.926
300.27
301.779
310.934
326.333
334.898
337.672
343.282
341.257
335.403
326.807
319.769
315.562
312.654
310.245
307.966
305.631
302.985
299.751
297.342
297.279
296.972
296.597
296.267
296
295.779
295.611
295.598
298.816
303.562
307.02
310.296
311.901
310.293
307.015
303.556
298.806
295.599
295.612
295.781
296.001
296.268
296.598
296.972
297.28
297.344
299.743
302.971
305.607
307.927
310.19
312.587
315.489
319.695
326.728
335.317
341.167
343.191
348.873
347.379
343.159
337.108
330.946
325.557
320.877
316.816
313.125
309.327
304.909
299.789
298.849
298.252
297.832
297.464
297.148
296.886
296.663
296.487
296.524
304.724
311.208
315.884
319.024
320.207
319.021
315.879
311.201
304.716
296.527
296.489
296.665
296.888
297.149
297.465
297.833
298.253
298.85
299.778
304.889
309.287
313.055
316.709
320.744
325.417
330.812
336.983
343.039
347.264
348.758
353.449
352.229
348.744
343.521
337.35
330.844
324.482
319.016
314.393
309.643
303.539
299.612
299.45
299.036
298.629
298.266
297.963
297.722
297.489
297.136
297.409
308.585
316.663
322.285
325.709
326.882
325.706
322.278
316.654
308.575
297.406
297.141
297.492
297.723
297.964
298.267
298.63
299.037
299.451
299.615
303.525
309.596
314.296
318.848
324.261
330.625
337.155
343.351
348.594
352.09
353.314
356.466
355.344
352.069
346.881
340.091
331.986
323.191
316.374
311.786
307.313
301.396
300.886
300.289
299.802
299.369
298.995
298.705
298.535
298.424
298.304
299.481
311.546
320.575
326.883
330.647
331.904
330.643
326.873
320.56
311.525
299.446
298.302
298.425
298.537
298.706
298.996
299.371
299.803
300.289
300.886
301.389
307.278
311.684
316.126
322.827
331.665
339.832
346.673
351.895
355.19
356.317
357.725
356.613
353.306
347.843
340.146
329.816
315.925
307.509
305.065
303.579
302.1
301.546
301.004
300.503
300.039
299.627
299.313
299.28
299.354
299.474
300.907
313.544
323.207
330.024
334.092
335.445
334.087
330.013
323.19
313.519
300.866
299.479
299.356
299.281
299.314
299.628
300.04
300.504
301.005
301.547
302.101
303.582
305.039
307.151
315.259
329.376
339.837
347.613
353.123
356.456
357.576
357.208
356.077
352.698
347.04
338.835
327.208
309.749
305.34
304.304
303.251
302.702
302.183
301.667
301.152
300.645
300.149
299.627
299.904
300.227
300.674
301.228
314.518
324.683
331.915
336.253
337.697
336.246
331.903
324.665
314.497
301.207
300.676
300.228
299.905
299.629
300.15
300.647
301.154
301.668
302.185
302.704
303.254
304.31
305.35
308.951
326.743
338.527
346.819
352.528
355.936
357.075
354.952
353.791
350.368
344.783
336.945
326.435
312.585
304.639
303.988
303.664
303.257
302.805
302.315
301.783
301.229
301.551
300.904
300.468
300.965
301.275
301.343
314.616
325.093
332.701
337.307
338.845
337.299
332.685
325.073
314.596
301.337
301.27
300.964
300.469
300.894
301.547
301.23
301.784
302.317
302.807
303.259
303.669
303.997
304.68
312.206
326.12
336.708
344.608
350.236
353.683
354.852
351.018
349.766
346.202
340.779
333.728
325.001
314.927
305.389
304.194
304.142
303.843
303.453
302.994
302.422
303.398
305.589
304.156
301.864
301.876
302.013
302.063
313.516
324.372
332.488
337.428
339.079
337.417
332.467
324.344
313.486
302.061
302.011
301.875
301.861
304.135
305.581
303.401
302.424
302.995
303.455
303.845
304.146
304.2
305.353
314.762
324.823
333.578
340.668
346.124
349.709
350.967
345.586
344.054
339.894
334.403
328.186
320.915
312.805
306.177
305.319
304.856
304.507
304.158
303.772
303.81
307.2
309.636
307.958
302.687
302.652
302.826
302.949
309.554
322.391
331.451
336.839
338.624
336.824
331.421
322.35
309.502
302.951
302.824
302.653
302.687
307.937
309.622
307.199
303.812
303.773
304.16
304.508
304.858
305.319
306.144
312.739
320.832
328.114
334.361
339.885
344.061
345.599
339.22
336.969
330.918
324.751
319.7
313.669
308.364
306.129
305.781
305.445
305.158
304.888
304.568
307.297
312.199
313.798
311.381
304.215
303.255
303.678
304.012
305.265
320.188
330.084
335.854
337.755
335.834
330.044
320.133
305.198
304.012
303.668
303.242
304.144
311.337
313.771
312.187
307.296
304.57
304.89
305.159
305.445
305.781
306.128
308.356
313.65
319.687
324.777
330.993
337.053
339.305
333.357
329.683
318.067
310.12
308.519
307.969
306.923
306.508
306.217
305.972
305.779
305.657
305.686
311.675
316.503
317.976
315.555
308.825
304.579
304.606
304.818
305.03
319.013
328.843
334.738
336.708
334.713
328.787
318.941
304.985
304.793
304.581
304.549
308.742
315.497
317.938
316.483
311.67
305.687
305.658
305.779
305.972
306.217
306.507
306.922
307.965
308.514
310.184
318.264
329.852
333.515
330.842
326.342
311.219
309.373
308.414
307.947
307.2
306.755
306.595
306.435
306.315
306.263
306.302
314.643
320.162
322.047
320.036
314.157
305.584
305.337
305.65
306.017
318.004
327.535
333.549
335.625
333.522
327.452
317.873
305.926
305.6
305.3
305.543
314.073
319.97
322.003
320.136
314.632
306.302
306.263
306.316
306.435
306.595
306.755
307.197
307.943
308.408
309.357
311.554
326.578
331.052
333.328
329.63
318.002
310.124
308.511
307.981
307.185
307.035
306.961
306.846
306.773
306.765
306.809
316.907
323.454
326.016
324.384
318.437
308.287
307.765
308.18
310.571
316.453
325.744
332.297
334.722
332.299
325.626
316.221
310.276
307.944
307.606
308.134
318.328
324.308
325.966
323.424
316.894
306.809
306.766
306.773
306.846
306.961
307.035
307.184
307.977
308.508
310.276
318.286
329.857
333.538
339.208
336.851
330.526
324.015
318.613
312.805
307.985
307.35
307.354
307.204
307.151
307.205
307.256
319.044
326.731
330.179
329.047
322.933
313.294
310.492
311.365
313.238
315.511
322.742
331.173
334.667
331.325
322.587
315.274
312.99
311.138
310.302
313.117
322.809
328.969
330.13
326.702
319.031
307.256
307.205
307.151
307.204
307.354
307.35
307.982
312.824
318.672
324.138
330.704
337.031
339.385
345.803
344.041
339.241
332.871
325.881
318.482
310.614
309.408
307.89
307.454
307.408
307.636
308.062
321.329
330.247
334.922
334.692
328.418
320.5
315.277
314.052
315.377
318.247
321.472
332.413
337.45
332.589
321.313
318.022
315.138
313.833
315.075
320.268
328.313
334.629
334.881
330.223
321.319
308.062
307.635
307.408
307.454
307.889
309.405
310.608
318.501
325.933
332.962
339.364
344.176
345.941
351.924
350.267
345.527
338.347
329.559
320.812
315.069
312.968
311.034
309.496
309.939
312.034
313.785
324.188
334.007
340.57
342.382
338.149
330.479
323.009
321.313
321.756
321.448
329.254
340.971
346.129
340.518
328.596
321.179
321.52
321.105
322.831
330.401
338.149
342.352
340.544
333.991
324.183
313.785
312.035
309.939
309.496
311.034
312.968
315.071
320.824
329.596
338.413
345.616
350.368
352.028
357.358
355.576
350.253
341.431
329.197
321.272
318.678
316.088
313.573
311.89
314.333
318.43
322.427
327.528
337.023
346.971
352.116
352.805
350.776
348.309
347.571
348.186
349.788
354.108
359.333
361.577
359.108
353.78
349.545
347.984
347.401
348.174
350.695
352.766
352.087
346.951
337.015
327.527
322.427
318.43
314.33
311.89
313.574
316.09
318.682
321.278
329.218
341.477
350.318
355.651
357.437
362.356
360.426
354.479
343.926
327.35
324.074
321.635
320.043
322.57
325.345
324.925
324.748
326.99
329.631
339.444
354.173
362.308
366.179
367.516
367.88
368.476
369.627
371.413
374.058
376.675
377.74
376.556
373.874
371.236
369.47
368.342
367.772
367.441
366.132
362.278
354.158
339.444
329.63
326.991
324.755
324.931
325.349
322.573
320.047
321.64
324.081
327.361
343.959
354.527
360.483
362.415
367.214
365.293
359.312
348.445
330.605
326.74
325.785
329.759
335.596
338.314
337.944
334.448
331.32
336.724
349.745
363.971
372.763
378.087
381.227
383.218
384.827
386.435
388.179
390.036
391.569
392.152
391.501
389.924
388.056
386.317
384.723
383.133
381.163
378.043
372.736
363.959
349.75
336.733
331.323
334.452
337.949
338.319
335.602
329.764
325.792
326.748
330.615
348.471
359.349
365.337
367.26
371.913
370.22
365.03
355.937
341.913
333.724
337.074
343.355
347.744
350.369
351.419
351.533
352.669
357.547
365.932
375.204
382.685
388.179
392.089
394.938
397.181
399.105
400.832
402.337
403.414
403.798
403.372
402.265
400.747
399.019
397.102
394.871
392.037
388.142
382.662
375.193
365.931
357.551
352.674
351.539
351.426
350.376
347.751
343.363
337.083
333.734
341.927
355.96
365.061
370.256
371.951
375.999
374.643
370.651
364.359
356.873
352.149
352.262
354.844
357.655
360
361.831
363.597
366.276
370.863
377.233
384.229
390.594
395.855
400.011
403.263
405.854
407.971
409.708
411.065
411.952
412.255
411.925
411.017
409.648
407.908
405.796
403.213
399.971
395.827
390.576
384.22
377.232
370.867
366.282
363.604
361.838
360.009
357.664
354.854
352.273
352.163
356.891
364.382
370.679
374.674
376.032
378.799
377.701
374.572
369.976
365.071
361.737
360.98
362.104
364.031
366.147
368.305
370.749
373.975
378.398
383.907
389.885
395.607
400.637
404.836
408.249
411.002
413.216
414.965
416.263
417.074
417.345
417.054
416.229
414.922
413.171
410.96
408.213
404.808
400.618
395.596
389.88
383.908
378.403
373.982
370.757
368.315
366.157
364.042
362.116
360.994
361.753
365.09
370
374.599
377.73
378.829
379.795
378.79
375.96
371.903
367.698
364.747
363.817
364.561
366.218
368.252
370.494
373.117
376.478
380.846
386.112
391.796
397.311
402.252
406.446
409.896
412.689
414.926
416.673
417.949
418.735
418.996
418.719
417.922
416.64
414.892
412.66
409.872
406.429
402.242
397.308
391.797
386.118
380.854
376.488
373.128
370.506
368.264
366.231
364.574
363.832
364.765
367.719
371.927
375.986
378.819
379.825
378.802
377.704
374.574
369.978
365.072
361.737
360.98
362.103
364.03
366.146
368.304
370.747
373.973
378.395
383.901
389.874
395.59
400.613
404.8
408.199
410.934
413.126
414.851
416.126
416.92
417.186
416.904
416.1
414.822
413.1
410.914
408.187
404.794
400.613
395.596
389.883
383.912
378.407
373.986
370.76
368.317
366.16
364.044
362.118
360.996
361.755
365.093
370.002
374.602
377.733
378.832
376.006
374.649
370.656
364.362
356.874
352.149
352.261
354.843
357.654
359.999
361.829
363.595
366.273
370.859
377.223
384.211
390.564
395.808
399.942
403.166
405.72
407.792
409.478
410.785
411.634
411.924
411.612
410.752
409.448
407.771
405.711
403.166
399.949
395.82
390.578
384.227
377.241
370.876
366.29
363.611
361.844
360.014
357.668
354.858
352.278
352.167
356.895
364.387
370.684
374.68
376.038
371.924
370.229
365.038
355.942
341.914
333.724
337.073
343.354
347.742
350.367
351.417
351.53
352.666
357.543
365.923
375.181
382.645
388.116
391.994
394.802
396.991
398.844
400.486
401.9
402.907
403.264
402.868
401.848
400.447
398.826
396.992
394.816
392.016
388.14
382.67
375.207
365.949
357.567
352.686
351.548
351.433
350.383
347.757
343.369
337.089
333.741
341.934
355.968
365.069
370.264
371.96
367.23
365.308
359.324
348.452
330.605
326.739
325.784
329.757
335.594
338.311
337.94
334.443
331.316
336.727
349.743
363.947
372.718
378.015
381.118
383.057
384.596
386.106
387.721
389.424
390.83
391.357
390.746
389.326
387.665
386.095
384.615
383.092
381.158
378.055
372.755
363.983
349.779
336.757
331.338
334.463
337.958
338.327
335.609
329.772
325.799
326.755
330.623
348.48
359.36
365.349
367.272
362.38
360.448
354.498
343.937
327.351
324.073
321.633
320.041
322.567
325.343
324.923
324.746
326.984
329.623
339.437
354.148
362.263
366.109
367.406
367.712
368.23
369.264
370.867
373.246
375.63
376.588
375.435
373.044
370.792
369.275
368.281
367.777
367.469
366.166
362.313
354.19
339.47
329.643
327.003
324.767
324.942
325.358
322.581
320.055
321.648
324.089
327.369
343.971
354.541
360.498
362.431
357.392
355.609
350.281
341.449
329.203
321.271
318.676
316.085
313.57
311.887
314.329
318.427
322.422
327.522
337.01
346.945
352.078
352.753
350.683
348.156
347.349
347.853
349.238
353.062
357.858
359.929
357.362
352.622
349.185
347.93
347.459
348.266
350.776
352.827
352.141
346.994
337.044
327.544
322.44
318.443
314.341
311.899
313.582
316.098
318.689
321.286
329.229
341.492
350.336
355.671
357.457
351.972
350.313
345.568
338.376
329.574
320.813
315.066
312.964
311.031
309.494
309.937
312.032
313.782
324.18
333.989
340.543
342.351
338.143
330.42
322.88
321.159
321.559
321.171
327.907
338.81
343.909
337.466
326.901
321.4
321.801
321.357
323.055
330.544
338.226
342.429
340.603
334.031
324.206
313.798
312.047
309.949
309.505
311.042
312.976
315.078
320.833
329.611
338.434
345.64
350.393
352.054
345.868
344.105
339.3
332.914
325.904
318.487
310.603
309.402
307.887
307.452
307.406
307.633
308.06
321.318
330.226
334.888
334.64
328.329
320.331
315.148
313.915
315.229
318.115
321.501
330.763
335.436
329.766
322.268
318.519
315.525
314.128
315.347
320.553
328.5
334.745
334.959
330.273
321.347
308.071
307.644
307.417
307.463
307.897
309.412
310.612
318.512
325.951
332.991
339.398
344.208
345.973
339.292
336.937
330.614
324.075
318.642
312.812
307.978
307.347
307.352
307.202
307.148
307.203
307.254
319.032
326.708
330.142
328.99
322.847
313.191
310.376
311.228
313.088
315.363
322.486
330.098
333.304
329.764
322.903
315.679
313.351
311.436
310.541
313.342
322.991
329.092
330.213
326.757
319.062
307.265
307.214
307.159
307.213
307.362
307.357
307.989
312.838
318.692
324.181
330.752
337.069
339.42
333.424
329.739
318.148
310.199
308.504
307.974
307.181
307.033
306.958
306.844
306.77
306.763
306.807
316.897
323.433
325.982
324.334
318.367
308.194
307.669
308.044
310.399
316.259
325.388
331.631
333.92
331.597
325.565
316.477
310.632
308.22
307.806
308.328
318.478
324.42
326.046
323.478
316.925
306.818
306.775
306.781
306.855
306.969
307.044
307.191
307.983
308.513
310.341
318.361
329.897
333.568
330.928
326.448
311.398
309.357
308.406
307.94
307.195
306.752
306.593
306.433
306.314
306.261
306.3
314.635
320.144
322.018
319.995
314.108
305.547
305.302
305.608
305.952
317.833
327.241
333.118
335.147
333.14
327.334
317.946
306.051
305.689
305.375
305.621
314.184
320.063
322.073
320.184
314.662
306.311
306.272
306.325
306.444
306.603
306.763
307.204
307.948
308.413
309.357
311.603
326.592
331.057
333.393
329.731
318.153
310.15
308.511
307.962
306.919
306.505
306.215
305.97
305.777
305.656
305.685
311.672
316.49
317.952
315.52
308.779
304.55
304.579
304.791
304.991
318.877
328.624
334.454
336.411
334.48
328.685
318.955
305.062
304.855
304.641
304.613
308.842
315.576
317.997
316.524
311.696
305.696
305.667
305.788
305.981
306.225
306.515
306.929
307.97
308.518
310.148
318.236
329.816
333.475
339.181
336.932
330.885
324.699
319.632
313.616
308.344
306.126
305.778
305.444
305.157
304.888
304.568
307.296
312.191
313.78
311.353
304.174
303.236
303.66
303.998
305.201
320.075
329.924
335.662
337.564
335.685
329.97
320.14
305.282
304.048
303.71
303.284
304.229
311.4
313.818
312.218
307.313
304.58
304.899
305.168
305.455
305.789
306.136
308.344
313.603
319.613
324.688
330.903
336.962
339.213
345.467
343.932
339.762
334.25
328.015
320.75
312.692
306.138
305.317
304.856
304.507
304.158
303.772
303.81
307.2
309.625
307.939
302.676
302.641
302.813
302.939
309.49
322.3
331.333
336.707
338.498
336.726
331.37
322.353
309.559
302.98
302.855
302.681
302.716
307.978
309.655
307.219
303.822
303.783
304.17
304.519
304.868
305.328
306.117
312.649
320.692
327.958
334.204
339.733
343.915
345.454
350.825
349.566
345.981
340.522
333.43
324.678
314.647
305.343
304.199
304.145
303.844
303.453
302.994
302.422
303.4
305.58
304.136
301.852
301.866
302.002
302.052
313.465
324.301
332.402
337.336
338.993
337.351
332.432
324.344
313.517
302.089
302.038
301.901
301.888
304.171
305.604
303.414
302.433
303.005
303.465
303.856
304.158
304.215
305.321
314.545
324.56
333.323
340.435
345.912
349.51
350.772
354.699
353.528
350.072
344.429
336.504
325.883
311.954
304.687
303.997
303.668
303.258
302.806
302.315
301.782
301.228
301.543
300.891
300.462
300.956
301.263
301.33
314.577
325.039
332.638
337.241
338.786
337.254
332.662
325.074
314.617
301.364
301.296
300.985
300.486
300.918
301.56
301.239
301.794
302.327
302.817
303.271
303.682
304.011
304.714
311.733
325.677
336.34
344.3
349.97
353.44
354.617
356.916
355.773
352.353
346.617
338.275
326.395
308.393
305.372
304.307
303.253
302.703
302.183
301.666
301.152
300.644
300.147
299.624
299.899
300.222
300.668
301.202
314.482
324.64
331.868
336.206
337.657
336.217
331.89
324.671
314.521
301.247
300.694
300.245
299.919
299.641
300.159
300.656
301.163
301.678
302.195
302.716
303.268
304.324
305.405
307.866
326.078
338.059
346.457
352.226
355.665
356.813
357.42
356.295
352.948
347.41
339.584
329.032
314.742
306.855
304.996
303.571
302.1
301.546
301.003
300.502
300.038
299.625
299.31
299.276
299.351
299.472
300.863
313.508
323.171
329.988
334.059
335.417
334.068
330.007
323.2
313.55
300.927
299.489
299.368
299.292
299.324
299.637
300.049
300.512
301.014
301.556
302.11
303.578
304.972
306.555
314.241
328.713
339.361
347.243
352.814
356.178
357.308
356.172
355.041
351.735
346.492
339.619
331.409
322.538
315.922
311.593
307.243
301.387
300.884
300.287
299.801
299.368
298.993
298.703
298.533
298.421
298.298
299.443
311.516
320.547
326.856
330.623
331.885
330.631
326.872
320.572
311.552
299.498
298.315
298.435
298.546
298.714
299.004
299.378
299.811
300.297
300.894
301.393
307.223
311.515
315.725
322.263
331.173
339.431
346.34
351.607
354.927
356.062
353.186
351.96
348.458
343.204
336.992
330.446
324.082
318.709
314.213
309.556
303.514
299.612
299.449
299.035
298.628
298.264
297.962
297.72
297.489
297.138
297.403
308.568
316.644
322.266
325.692
326.868
325.699
322.278
316.662
308.589
297.417
297.142
297.497
297.73
297.971
298.274
298.637
299.044
299.458
299.622
303.513
309.527
314.142
318.581
323.916
330.285
336.85
343.08
348.348
351.859
353.087
348.652
347.157
342.932
336.873
330.7
325.302
320.634
316.621
312.995
309.253
304.876
299.779
298.848
298.251
297.831
297.463
297.147
296.885
296.663
296.487
296.525
304.712
311.195
315.871
319.012
320.198
319.017
315.88
311.208
304.728
296.53
296.492
296.669
296.892
297.154
297.47
297.839
298.259
298.856
299.788
304.871
309.229
312.946
316.542
320.535
325.2
330.603
336.783
342.846
347.074
348.569
343.107
341.085
335.239
326.658
319.631
315.428
312.53
310.144
307.894
305.586
302.962
299.742
297.342
297.278
296.97
296.596
296.266
295.999
295.779
295.611
295.597
298.804
303.553
307.01
310.287
311.895
310.292
307.018
303.562
298.821
295.603
295.615
295.784
296.004
296.272
296.601
296.976
297.284
297.347
299.75
302.96
305.574
307.869
310.105
312.483
315.377
319.579
326.602
335.178
341.021
343.042
337.607
334.836
326.282
310.906
301.767
300.261
299.918
299.531
298.852
298.236
297.643
297.056
296.558
296.536
296.165
295.671
295.312
295.052
294.831
294.567
294.062
293.312
293.203
294.329
299.23
302.804
299.237
294.336
293.203
293.312
294.063
294.569
294.834
295.056
295.315
295.675
296.169
296.54
296.561
297.058
297.645
298.237
298.852
299.529
299.916
300.258
301.762
310.887
326.244
334.79
337.558
333.649
330.371
320.151
301.559
300.482
300.035
299.808
299.349
298.69
298.145
297.583
297.025
296.558
296.13
295.47
294.6
294.245
294.056
293.913
293.753
293.519
293.249
293.151
293.14
293.897
296.854
293.901
293.14
293.151
293.249
293.519
293.754
293.914
294.057
294.247
294.602
295.473
296.134
296.561
297.027
297.584
298.146
298.69
299.347
299.807
300.033
300.479
301.555
320.126
330.335
333.61
332.248
328.847
318.398
300.456
300.364
300.046
299.741
299.29
298.708
298.151
297.594
297.046
296.53
295.944
294.974
293
293
293
293
293
293
293
293
293
293
293
293
293
293
293
293
293
293
293
293
293
294.977
295.947
296.533
297.049
297.595
298.152
298.708
299.289
299.739
300.043
300.361
300.453
318.377
328.815
332.213
