309.551
308.997
307.381
304.846
301.624
301.432
301.272
301.112
300.929
300.683
300.387
300.095
299.811
299.538
299.274
299.016
298.76
298.502
298.237
297.961
297.675
297.38
297.076
296.766
296.455
296.163
295.87
295.513
295.032
294.313
293
293
293
293
293
293
293
293
293
293
293
293
293
293
293
293
293
293
293
293
293
293
293
293
293
293
293
293
293
293
293
293
293
293
293
293
293
293
293
293
293
294.313
295.032
295.513
295.87
296.163
296.455
296.766
297.076
297.38
297.675
297.961
298.237
298.502
298.76
299.016
299.274
299.538
299.811
300.095
300.387
300.683
300.929
301.112
301.272
301.432
301.624
304.846
307.381
308.997
309.551
309.605
309.028
307.34
304.698
301.71
301.552
301.347
301.157
300.958
300.707
300.384
300.089
299.804
299.532
299.269
299.014
298.76
298.504
298.24
297.965
297.678
297.383
297.078
296.764
296.444
296.162
295.9
295.573
295.15
294.608
293.982
293.728
293.604
293.534
293.488
293.456
293.431
293.411
293.393
293.375
293.356
293.333
293.302
293.253
293.174
293.085
293.062
293.1
293.756
293.348
293.055
293.348
293.756
293.1
293.062
293.085
293.174
293.253
293.302
293.333
293.356
293.375
293.393
293.411
293.431
293.456
293.488
293.534
293.604
293.728
293.982
294.608
295.15
295.573
295.9
296.162
296.444
296.764
297.078
297.383
297.678
297.965
298.24
298.504
298.76
299.014
299.269
299.532
299.804
300.089
300.384
300.707
300.958
301.157
301.347
301.552
301.71
304.698
307.34
309.028
309.605
309.812
309.171
307.253
304.124
302.003
301.849
301.595
301.338
301.025
300.767
300.454
300.143
299.845
299.562
299.293
299.032
298.775
298.517
298.252
297.976
297.688
297.391
297.085
296.767
296.392
296.139
295.991
295.727
295.383
294.985
294.588
294.323
294.153
294.039
293.96
293.901
293.854
293.816
293.782
293.749
293.713
293.672
293.617
293.532
293.357
293.1
293.124
294.556
295.908
295.399
294.418
295.399
295.908
294.556
293.124
293.1
293.357
293.532
293.617
293.672
293.713
293.749
293.782
293.816
293.854
293.901
293.96
294.039
294.153
294.323
294.588
294.985
295.383
295.727
295.991
296.139
296.392
296.767
297.085
297.391
297.688
297.976
298.252
298.517
298.775
299.032
299.293
299.562
299.845
300.143
300.454
300.767
301.025
301.338
301.595
301.849
302.003
304.124
307.253
309.171
309.812
310.303
309.589
307.381
303.513
302.452
302.184
301.92
302.001
302.967
303.878
304.091
303.995
303.748
303.416
303.029
302.601
302.138
301.642
301.104
300.512
299.853
299.114
298.272
297.254
296.437
296.388
296.198
295.955
295.669
295.358
295.06
294.821
294.641
294.508
294.407
294.33
294.267
294.214
294.166
294.121
294.074
294.021
293.96
293.899
293.901
294.995
296.504
297.922
298.966
299.214
299.094
299.214
298.966
297.922
296.504
294.995
293.901
293.899
293.96
294.021
294.074
294.121
294.166
294.214
294.267
294.33
294.407
294.508
294.641
294.821
295.06
295.358
295.669
295.955
296.198
296.388
296.437
297.254
298.272
299.114
299.853
300.512
301.104
301.642
302.138
302.601
303.029
303.416
303.748
303.995
304.091
303.878
302.967
302.001
301.92
302.184
302.452
303.513
307.381
309.589
310.303
311.22
310.502
308.228
304.044
302.975
302.502
303.063
304.483
305.947
306.753
307.049
307.017
306.774
306.386
305.892
305.312
304.656
303.927
303.117
302.213
301.198
300.053
298.77
297.408
296.818
296.655
296.454
296.225
295.974
295.716
295.469
295.255
295.08
294.941
294.83
294.74
294.666
294.603
294.546
294.492
294.437
294.375
294.301
294.198
294.223
296.766
298.974
300.662
301.822
302.396
302.533
302.396
301.822
300.662
298.974
296.766
294.223
294.198
294.301
294.375
294.437
294.492
294.546
294.603
294.666
294.74
294.83
294.941
295.08
295.255
295.469
295.716
295.974
296.225
296.454
296.655
296.818
297.408
298.77
300.053
301.198
302.213
303.117
303.927
304.656
305.312
305.892
306.386
306.774
307.017
307.049
306.753
305.947
304.483
303.063
302.502
302.975
304.044
308.228
310.502
311.22
312.574
311.971
310.102
306.778
304.669
305.249
306.575
307.699
308.595
309.137
309.335
309.25
308.944
308.463
307.841
307.098
306.248
305.292
304.225
303.026
301.671
300.131
298.391
297.285
297.157
296.945
296.733
296.513
296.286
296.058
295.841
295.647
295.481
295.342
295.227
295.132
295.052
294.983
294.921
294.861
294.802
294.74
294.668
294.571
294.717
298.278
300.964
302.93
304.266
305.013
305.246
305.013
304.266
302.93
300.964
298.278
294.717
294.571
294.668
294.74
294.802
294.861
294.921
294.983
295.052
295.132
295.227
295.342
295.481
295.647
295.841
296.058
296.286
296.513
296.733
296.945
297.157
297.285
298.391
300.131
301.671
303.026
304.225
305.292
306.248
307.098
307.841
308.463
308.944
309.25
309.335
309.137
308.595
307.699
306.575
305.249
304.669
306.778
310.102
311.971
312.574
314.135
313.705
312.474
310.717
309.446
309.244
309.628
310.143
310.597
310.867
310.903
310.703
310.288
309.682
308.91
307.993
306.945
305.77
304.463
302.996
301.328
299.411
297.899
297.692
297.452
297.232
297.019
296.806
296.594
296.386
296.189
296.009
295.851
295.716
295.602
295.506
295.425
295.353
295.288
295.227
295.168
295.11
295.058
295.026
295.783
299.731
302.676
304.827
306.297
307.147
307.423
307.147
306.297
304.827
302.676
299.731
295.783
295.026
295.058
295.11
295.168
295.227
295.288
295.353
295.425
295.506
295.602
295.716
295.851
296.009
296.189
296.386
296.594
296.806
297.019
297.232
297.452
297.692
297.899
299.411
301.328
302.996
304.463
305.77
306.945
307.993
308.91
309.682
310.288
310.703
310.903
310.867
310.597
310.143
309.628
309.244
309.446
310.717
312.474
313.705
314.135
315.556
315.241
314.371
313.198
312.192
311.666
311.55
311.646
311.784
311.831
311.707
311.373
310.822
310.066
309.125
308.019
306.768
305.38
303.862
302.166
300.235
298.691
298.188
297.95
297.723
297.509
297.3
297.096
296.895
296.7
296.515
296.346
296.196
296.066
295.956
295.863
295.783
295.713
295.649
295.589
295.529
295.471
295.424
295.433
297.346
301.196
304.179
306.405
307.948
308.854
309.152
308.854
307.948
306.405
304.179
301.196
297.346
295.433
295.424
295.471
295.529
295.589
295.649
295.713
295.783
295.863
295.956
296.066
296.196
296.346
296.515
296.7
296.895
297.096
297.3
297.509
297.723
297.95
298.188
298.691
300.235
302.166
303.862
305.38
306.768
308.019
309.125
310.066
310.822
311.373
311.707
311.831
311.784
311.646
311.55
311.666
312.192
313.198
314.371
315.241
315.556
316.607
316.332
315.572
314.513
313.458
312.679
312.259
312.109
312.062
311.967
311.72
311.259
310.563
309.637
308.503
307.189
305.729
304.121
302.439
300.574
299.187
298.652
298.418
298.194
297.98
297.775
297.576
297.379
297.187
297
296.824
296.661
296.516
296.393
296.29
296.203
296.13
296.064
296.004
295.946
295.886
295.818
295.732
295.758
298.924
302.529
305.44
307.667
309.236
310.169
310.478
310.169
309.236
307.667
305.44
302.529
298.924
295.758
295.732
295.818
295.886
295.946
296.004
296.064
296.13
296.203
296.29
296.393
296.516
296.661
296.824
297
297.187
297.379
297.576
297.775
297.98
298.194
298.418
298.652
299.187
300.574
302.439
304.121
305.729
307.189
308.503
309.637
310.563
311.259
311.72
311.967
312.062
312.109
312.259
312.679
313.458
314.513
315.572
316.332
316.607
317.206
316.91
316.069
314.825
313.447
312.332
311.701
311.466
311.388
311.257
310.945
310.38
309.534
308.414
307.064
305.504
303.837
301.936
300.386
299.633
299.134
298.872
298.634
298.423
298.225
298.034
297.844
297.656
297.47
297.288
297.115
296.954
296.813
296.696
296.603
296.528
296.464
296.407
296.354
296.301
296.247
296.18
296.081
296.185
300.1
303.556
306.385
308.587
310.161
311.106
311.422
311.106
310.161
308.587
306.385
303.556
300.1
296.185
296.081
296.18
296.247
296.301
296.354
296.407
296.464
296.528
296.603
296.696
296.813
296.954
297.115
297.288
297.47
297.656
297.844
298.034
298.225
298.423
298.634
298.872
299.134
299.633
300.386
301.936
303.837
305.504
307.064
308.414
309.534
310.38
310.945
311.257
311.388
311.466
311.701
312.332
313.447
314.825
316.069
316.91
317.206
317.395
317.034
315.97
314.273
312.171
310.502
309.745
309.668
309.766
309.727
309.425
308.782
307.778
306.421
304.834
302.927
301.302
300.497
299.982
299.679
299.344
299.063
298.82
298.636
298.462
298.287
298.108
297.927
297.745
297.565
297.39
297.226
297.082
296.971
296.897
296.839
296.789
296.743
296.699
296.657
296.616
296.574
296.527
296.947
300.892
304.21
306.958
309.135
310.715
311.674
311.996
311.674
310.715
309.135
306.958
304.21
300.892
296.947
296.527
296.574
296.616
296.657
296.699
296.743
296.789
296.839
296.897
296.971
297.082
297.226
297.39
297.565
297.745
297.927
298.108
298.287
298.462
298.636
298.82
299.063
299.344
299.679
299.982
300.497
301.302
302.927
304.834
306.421
307.778
308.782
309.425
309.727
309.766
309.668
309.745
310.502
312.171
314.273
315.97
317.034
317.395
317.306
316.862
315.503
313.125
309.487
306.82
306.143
306.696
307.281
307.461
307.244
306.544
305.376
303.66
302.074
301.317
300.824
300.498
300.154
299.838
299.497
299.212
298.946
298.835
298.697
298.54
298.372
298.196
298.015
297.832
297.651
297.475
297.315
297.207
297.17
297.14
297.108
297.074
297.039
297.008
296.983
296.968
296.971
297.778
301.321
304.433
307.104
309.278
310.889
311.88
312.215
311.88
310.889
309.278
307.104
304.433
301.321
297.778
296.971
296.968
296.983
297.008
297.039
297.074
297.108
297.14
297.17
297.207
297.315
297.475
297.651
297.832
298.015
298.196
298.372
298.54
298.697
298.835
298.946
299.212
299.497
299.838
300.154
300.498
300.824
301.317
302.074
303.66
305.376
306.544
307.244
307.461
307.281
306.696
306.143
306.82
309.487
313.125
315.503
316.862
317.306
317.104
316.605
315.055
312.251
307.653
305.624
304.98
304.52
304.381
304.594
304.547
303.775
302.698
302.121
301.644
301.314
300.978
300.652
300.295
300.019
299.592
299.228
299.095
299.061
298.948
298.803
298.64
298.466
298.284
298.096
297.903
297.706
297.494
297.379
297.433
297.439
297.425
297.401
297.374
297.35
297.336
297.341
297.364
298.156
301.183
304.096
306.745
308.985
310.683
311.742
312.102
311.742
310.683
308.985
306.745
304.096
301.183
298.156
297.364
297.341
297.336
297.35
297.374
297.401
297.425
297.439
297.433
297.379
297.494
297.706
297.903
298.096
298.284
298.466
298.64
298.803
298.948
299.061
299.095
299.228
299.592
300.019
300.295
300.652
300.978
301.314
301.644
302.121
302.698
303.775
304.547
304.594
304.381
304.52
304.98
305.624
307.653
312.251
315.055
316.605
317.104
316.9
316.398
314.862
312.194
308.203
305.227
304.68
304.332
303.978
303.556
303.214
302.921
302.459
302.124
301.799
301.454
301.118
300.835
300.353
300.049
299.712
299.465
299.481
299.361
299.229
299.08
298.916
298.741
298.556
298.361
298.157
297.956
297.601
297.678
297.74
297.756
297.748
297.729
297.703
297.679
297.667
297.692
297.802
298.198
300.164
303.023
305.797
308.232
310.117
311.304
311.708
311.304
310.117
308.232
305.797
303.023
300.164
298.198
297.802
297.692
297.667
297.679
297.703
297.729
297.748
297.756
297.74
297.678
297.601
297.956
298.157
298.361
298.556
298.741
298.916
299.08
299.229
299.361
299.481
299.465
299.712
300.049
300.353
300.835
301.118
301.454
301.799
302.124
302.459
302.921
303.214
303.556
303.978
304.332
304.68
305.227
308.203
312.194
314.862
316.398
316.9
316.701
316.224
314.802
312.468
309.353
306.065
304.355
304.097
303.778
303.454
303.186
302.935
302.609
302.253
301.969
301.584
301.145
300.94
301.069
301.007
300.392
299.83
299.809
299.671
299.525
299.368
299.201
299.023
298.834
298.631
298.406
298.3
298.038
298.081
298.091
298.093
298.081
298.059
298.028
297.992
297.959
297.956
298.087
298.333
298.984
301.045
304.189
307.029
309.249
310.648
311.124
310.648
309.249
307.029
304.189
301.045
298.984
298.333
298.087
297.956
297.959
297.992
298.028
298.059
298.081
298.093
298.091
298.081
298.038
298.3
298.406
298.631
298.834
299.023
299.201
299.368
299.525
299.671
299.809
299.83
300.392
301.007
301.069
300.94
301.145
301.584
301.969
302.253
302.609
302.935
303.186
303.454
303.778
304.097
304.355
306.065
309.353
312.468
314.802
316.224
316.701
316.454
315.997
314.653
312.523
309.812
306.87
304.232
303.915
303.678
303.46
303.27
303.044
302.787
302.304
302.013
302.062
302.519
302.714
302.422
301.719
300.585
300.286
300.138
299.985
299.828
299.664
299.492
299.313
299.125
298.921
298.861
299.097
298.933
298.451
298.447
298.439
298.422
298.395
298.355
298.298
298.219
298.134
298.282
298.523
298.778
299.454
301.908
305.446
308.204
309.914
310.49
309.914
308.204
305.446
301.908
299.454
298.778
298.523
298.282
298.134
298.219
298.298
298.355
298.395
298.422
298.439
298.447
298.451
298.933
299.097
298.861
298.921
299.125
299.313
299.492
299.664
299.828
299.985
300.138
300.286
300.585
301.719
302.422
302.714
302.519
302.062
302.013
302.304
302.787
303.044
303.27
303.46
303.678
303.915
304.232
306.87
309.812
312.523
314.653
315.997
316.454
316.124
315.655
314.29
312.16
309.502
306.612
304.326
304.005
303.789
303.578
303.387
303.147
302.993
303.533
304.208
304.497
304.455
304.042
303.186
301.87
300.683
300.645
300.468
300.301
300.134
299.964
299.789
299.608
299.427
299.304
299.723
300.127
299.654
298.81
298.803
298.791
298.771
298.741
298.695
298.622
298.499
298.409
298.375
298.744
298.988
299.297
300.2
303.659
307.207
309.314
310.01
309.314
307.207
303.659
300.2
299.297
298.988
298.744
298.375
298.409
298.499
298.622
298.695
298.741
298.771
298.791
298.803
298.81
299.654
300.127
299.723
299.304
299.427
299.608
299.789
299.964
300.134
300.301
300.468
300.645
300.683
301.87
303.186
304.042
304.455
304.497
304.208
303.533
302.993
303.147
303.387
303.578
303.789
304.005
304.326
306.612
309.502
312.16
314.29
315.655
316.124
315.73
315.21
313.691
311.325
308.425
305.647
304.522
304.235
303.991
303.747
303.535
304.222
305.265
306.048
306.38
306.279
305.762
304.814
303.411
301.621
301.105
300.953
300.784
300.613
300.442
300.267
300.087
299.901
299.715
300.025
300.917
301.052
300.248
299.169
299.161
299.147
299.128
299.1
299.058
298.994
298.883
298.936
299.377
299.3
299.185
299.548
299.925
302.261
306.652
309.125
309.921
309.125
306.652
302.261
299.925
299.548
299.185
299.3
299.377
298.936
298.883
298.994
299.058
299.1
299.128
299.147
299.161
299.169
300.248
301.052
300.917
300.025
299.715
299.901
300.087
300.267
300.442
300.613
300.784
300.953
301.105
301.621
303.411
304.814
305.762
306.279
306.38
306.048
305.265
304.222
303.535
303.747
303.991
304.235
304.522
305.647
308.425
311.325
313.691
315.21
315.73
315.378
314.763
312.938
310.026
306.729
305.001
304.732
304.466
304.219
304.054
305.109
306.649
307.578
308.018
307.982
307.477
306.502
305.039
303.047
301.506
301.457
301.274
301.098
300.924
300.749
300.571
300.389
300.19
300.215
301.223
302.078
301.917
300.779
299.53
299.52
299.507
299.49
299.469
299.441
299.41
299.384
299.659
300.746
300.872
300.262
299.923
300.607
302.284
307.052
309.614
310.423
309.614
307.052
302.284
300.607
299.923
300.262
300.872
300.746
299.659
299.384
299.41
299.441
299.469
299.49
299.507
299.52
299.53
300.779
301.917
302.078
301.223
300.215
300.19
300.389
300.571
300.749
300.924
301.098
301.274
301.457
301.506
303.047
305.039
306.502
307.477
307.982
308.018
307.578
306.649
305.109
304.054
304.219
304.466
304.732
305.001
306.729
310.026
312.938
314.763
315.378
315.257
314.525
312.271
308.343
305.639
305.245
304.96
304.702
304.711
305.934
307.655
308.791
309.379
309.464
309.055
308.146
306.728
304.794
302.479
301.932
301.763
301.586
301.409
301.232
301.055
300.878
300.706
300.615
301.422
302.785
303.255
302.759
301.284
299.89
299.88
299.868
299.854
299.84
299.826
299.816
299.822
300.447
302.076
302.859
302.847
302.284
302.343
304.965
308.727
310.855
311.544
310.855
308.727
304.965
302.343
302.284
302.847
302.859
302.076
300.447
299.822
299.816
299.826
299.84
299.854
299.868
299.88
299.89
301.284
302.759
303.255
302.785
301.422
300.615
300.706
300.878
301.055
301.232
301.409
301.586
301.763
301.932
302.479
304.794
306.728
308.146
309.055
309.464
309.379
308.791
307.655
305.934
304.711
304.702
304.96
305.245
305.639
308.343
312.271
314.525
315.257
315.599
314.81
312.294
307.488
305.955
305.499
305.175
305.917
307.279
308.718
309.817
310.483
310.683
310.405
309.627
308.325
306.468
304.001
302.307
302.252
302.073
301.894
301.716
301.537
301.358
301.175
300.993
301.42
303.149
304.25
304.399
303.579
301.779
300.249
300.237
300.226
300.216
300.208
300.203
300.204
300.215
301.157
303.251
304.642
305.503
306.13
307.088
308.915
311.07
312.535
313.042
312.535
311.07
308.915
307.088
306.13
305.503
304.642
303.251
301.157
300.215
300.204
300.203
300.208
300.216
300.226
300.237
300.249
301.779
303.579
304.399
304.25
303.149
301.42
300.993
301.175
301.358
301.537
301.716
301.894
302.073
302.252
302.307
304.001
306.468
308.325
309.627
310.405
310.683
310.483
309.817
308.718
307.279
305.917
305.175
305.499
305.955
307.488
312.294
314.81
315.599
316.518
315.823
313.649
309.691
306.879
306.431
307.512
308.945
310.005
310.846
311.414
311.638
311.466
310.844
309.724
308.057
305.82
303.22
302.758
302.564
302.381
302.2
302.02
301.841
301.66
301.469
301.498
303.002
304.849
305.668
305.51
304.38
302.269
300.603
300.591
300.581
300.574
300.57
300.572
300.579
300.591
301.723
304.128
305.956
307.393
308.657
310.004
311.568
313.102
314.174
314.554
314.174
313.102
311.568
310.004
308.657
307.393
305.956
304.128
301.723
300.591
300.579
300.572
300.57
300.574
300.581
300.591
300.603
302.269
304.38
305.51
305.668
304.849
303.002
301.498
301.469
301.66
301.841
302.02
302.2
302.381
302.564
302.758
303.22
305.82
308.057
309.724
310.844
311.466
311.638
311.414
310.846
310.005
308.945
307.512
306.431
306.879
309.691
313.649
315.823
316.518
317.827
317.314
315.823
313.611
311.778
311.013
311.104
311.536
311.951
312.249
312.352
312.192
311.696
310.784
309.365
307.361
304.715
303.107
303.04
302.864
302.682
302.5
302.32
302.142
301.971
301.872
302.933
305.152
306.577
307.063
306.594
305.161
302.756
300.952
300.939
300.929
300.924
300.925
300.932
300.946
300.959
302.071
304.584
306.66
308.455
310.103
311.702
313.251
314.595
315.506
315.827
315.506
314.595
313.251
311.702
310.103
308.455
306.66
304.584
302.071
300.959
300.946
300.932
300.925
300.924
300.929
300.939
300.952
302.756
305.161
306.594
307.063
306.577
305.152
302.933
301.872
301.971
302.142
302.32
302.5
302.682
302.864
303.04
303.107
304.715
307.361
309.365
310.784
311.696
312.192
312.352
312.249
311.951
311.536
311.104
311.013
311.778
313.611
315.823
317.314
317.827
319.162
318.783
317.718
316.227
314.815
313.852
313.357
313.144
313.014
312.845
312.555
312.081
311.345
310.229
308.594
306.307
303.853
303.58
303.359
303.166
302.98
302.797
302.615
302.432
302.253
302.739
305.09
307.136
308.244
308.414
307.641
305.916
303.231
301.294
301.28
301.27
301.266
301.269
301.283
301.31
301.341
302.106
304.476
306.647
308.664
310.596
312.449
314.141
315.521
316.427
316.742
316.427
315.521
314.141
312.449
310.596
308.664
306.647
304.476
302.106
301.341
301.31
301.283
301.269
301.266
301.27
301.28
301.294
303.231
305.916
307.641
308.414
308.244
307.136
305.09
302.739
302.253
302.432
302.615
302.797
302.98
303.166
303.359
303.58
303.853
306.307
308.594
310.229
311.345
312.081
312.555
312.845
313.014
313.144
313.357
313.852
314.815
316.227
317.718
318.783
319.162
320.256
319.936
319.04
317.762
316.403
315.224
314.329
313.667
313.117
312.562
311.942
311.233
310.372
309.192
307.473
305.133
303.949
303.829
303.646
303.458
303.273
303.09
302.908
302.716
302.756
304.654
307.337
309.059
309.848
309.709
308.639
306.63
303.677
301.628
301.613
301.602
301.597
301.6
301.617
301.667
301.798
302.128
303.574
305.787
307.958
310.17
312.356
314.342
315.923
316.938
317.287
316.938
315.923
314.342
312.356
310.17
307.958
305.787
303.574
302.128
301.798
301.667
301.617
301.6
301.597
301.602
301.613
301.628
303.677
306.63
308.639
309.709
309.848
309.059
307.337
304.654
302.756
302.716
302.908
303.09
303.273
303.458
303.646
303.829
303.949
305.133
307.473
309.192
310.372
311.233
311.942
312.562
313.117
313.667
314.329
315.224
316.403
317.762
319.04
319.936
320.256
320.99
320.666
319.745
318.379
316.811
315.311
314.066
313.08
312.223
311.344
310.418
309.535
308.719
307.695
306.021
304.458
304.336
304.128
303.934
303.745
303.56
303.379
303.206
303.115
304.332
307.296
309.546
310.914
311.38
310.936
309.575
307.288
304.067
301.955
301.939
301.927
301.917
301.912
301.915
301.94
302.063
302.267
302.691
304.031
306.213
308.769
311.464
313.947
315.891
317.114
317.531
317.114
315.891
313.947
311.464
308.769
306.213
304.031
302.691
302.267
302.063
301.94
301.915
301.912
301.917
301.927
301.939
301.955
304.067
307.288
309.575
310.936
311.38
310.914
309.546
307.296
304.332
303.115
303.206
303.379
303.56
303.745
303.934
304.128
304.336
304.458
306.021
307.695
308.719
309.535
310.418
311.344
312.223
313.08
314.066
315.311
316.811
318.379
319.745
320.666
320.99
321.372
320.993
319.894
318.199
316.15
314.143
312.546
311.364
310.352
309.174
307.849
306.772
306.274
305.863
305.252
304.824
304.61
304.408
304.215
304.026
303.838
303.656
303.502
304.165
306.868
309.721
311.639
312.671
312.821
312.08
310.438
307.878
304.384
302.275
302.258
302.244
302.231
302.214
302.187
302.122
302.213
302.434
302.708
303.051
303.977
306.24
309.785
313.092
315.579
317.098
317.607
317.098
315.579
313.092
309.785
306.24
303.977
303.051
302.708
302.434
302.213
302.122
302.187
302.214
302.231
302.244
302.258
302.275
304.384
307.878
310.438
312.08
312.821
312.671
311.639
309.721
306.868
304.165
303.502
303.656
303.838
304.026
304.215
304.408
304.61
304.824
305.252
305.863
306.274
306.772
307.849
309.174
310.352
311.364
312.546
314.143
316.15
318.199
319.894
320.993
321.372
321.513
321.041
319.638
317.372
314.449
311.563
309.612
308.478
307.68
307.01
306.618
306.314
306.029
305.712
305.314
305.074
304.868
304.677
304.489
304.302
304.109
303.907
304.188
306.529
309.701
312.08
313.619
314.312
314.151
313.126
311.218
308.405
304.648
302.59
302.572
302.558
302.544
302.525
302.492
302.417
302.275
302.569
302.846
303.132
303.465
304.295
307.456
312.054
315.237
317.092
317.7
317.092
315.237
312.054
307.456
304.295
303.465
303.132
302.846
302.569
302.275
302.417
302.492
302.525
302.544
302.558
302.572
302.59
304.648
308.405
311.218
313.126
314.151
314.312
313.619
312.08
309.701
306.529
304.188
303.907
304.109
304.302
304.489
304.677
304.868
305.074
305.314
305.712
306.029
306.314
306.618
307.01
307.68
308.478
309.612
311.563
314.449
317.372
319.638
321.041
321.513
321.599
321.018
319.246
316.203
311.844
309.019
308.087
307.649
307.288
306.889
306.604
306.302
306.003
305.726
305.473
305.284
305.11
304.937
304.761
304.58
304.386
304.406
306.398
309.669
312.335
314.279
315.444
315.806
315.347
314.053
311.905
308.875
304.909
302.898
302.879
302.869
302.858
302.847
302.835
302.832
303.013
303.104
302.943
303.297
303.639
304.057
305.759
311.448
315.224
317.331
318.01
317.331
315.224
311.448
305.759
304.057
303.639
303.297
302.943
303.104
303.013
302.832
302.835
302.847
302.858
302.869
302.879
302.898
304.909
308.875
311.905
314.053
315.347
315.806
315.444
314.279
312.335
309.669
306.398
304.406
304.386
304.58
304.761
304.937
305.11
305.284
305.473
305.726
306.003
306.302
306.604
306.889
307.288
307.649
308.087
309.019
311.844
316.203
319.246
321.018
321.599
321.848
321.185
319.125
315.402
309.964
308.43
307.987
307.617
307.311
306.955
306.651
306.335
306.019
305.757
305.565
305.476
305.347
305.197
305.035
304.869
304.781
306.146
309.52
312.425
314.692
316.256
317.074
317.12
316.377
314.834
312.475
309.28
305.202
303.21
303.188
303.178
303.169
303.165
303.167
303.173
304.042
304.529
304.256
303.738
303.899
304.629
306.268
312.049
315.88
317.998
318.68
317.998
315.88
312.049
306.268
304.629
303.899
303.738
304.256
304.529
304.042
303.173
303.167
303.165
303.169
303.178
303.188
303.21
305.202
309.28
312.475
314.834
316.377
317.12
317.074
316.256
314.692
312.425
309.52
306.146
304.781
304.869
305.035
305.197
305.347
305.476
305.565
305.757
306.019
306.335
306.651
306.955
307.311
307.617
307.987
308.43
309.964
315.402
319.125
321.185
321.848
322.421
321.752
319.665
315.873
310.371
308.781
308.123
307.664
307.338
307.007
306.706
306.379
306.043
305.776
305.735
305.706
305.603
305.466
305.311
305.173
305.854
308.856
312.199
314.818
316.751
317.979
318.476
318.223
317.209
315.429
312.882
309.569
305.488
303.522
303.5
303.483
303.472
303.477
303.491
303.499
304.682
305.777
306.337
306.411
306.173
306.454
309.365
314.033
317.247
319.103
319.711
319.103
317.247
314.033
309.365
306.454
306.173
306.411
306.337
305.777
304.682
303.499
303.491
303.477
303.472
303.483
303.5
303.522
305.488
309.569
312.882
315.429
317.209
318.223
318.476
317.979
316.751
314.818
312.199
308.856
305.854
305.173
305.311
305.466
305.603
305.706
305.735
305.776
306.043
306.379
306.706
307.007
307.338
307.664
308.123
308.781
310.371
315.873
319.665
321.752
322.421
323.332
322.736
320.912
317.747
313.164
310.113
308.884
308.308
307.843
307.49
307.341
307.165
306.668
306.124
306.115
306.007
305.889
305.749
305.567
305.68
308.107
311.651
314.602
316.897
318.515
319.433
319.628
319.088
317.807
315.791
313.055
309.627
305.545
303.844
303.822
303.778
303.756
303.775
303.817
303.843
304.805
306.56
307.907
308.967
309.957
311.332
313.679
316.6
318.973
320.457
320.958
320.457
318.973
316.6
313.679
311.332
309.957
308.967
307.907
306.56
304.805
303.843
303.817
303.775
303.756
303.778
303.822
303.844
305.545
309.627
313.055
315.791
317.807
319.088
319.628
319.433
318.515
316.897
314.602
311.651
308.107
305.68
305.567
305.749
305.889
306.007
306.115
306.124
306.668
307.165
307.341
307.49
307.843
308.308
308.884
310.113
313.164
317.747
320.912
322.736
323.332
324.435
323.947
322.499
320.175
317.286
314.847
313.187
311.988
310.984
310.092
309.269
308.389
307.298
306.462
306.439
306.316
306.194
306.07
306.026
307.448
310.907
314.048
316.66
318.654
319.981
320.608
320.516
319.693
318.14
315.872
312.92
309.34
305.194
304.175
304.125
304.048
303.995
304.047
304.158
304.325
304.628
306.75
308.763
310.595
312.365
314.27
316.458
318.716
320.586
321.793
322.207
321.793
320.586
318.716
316.458
314.27
312.365
310.595
308.763
306.75
304.628
304.325
304.158
304.047
303.995
304.048
304.125
304.175
305.194
309.34
312.92
315.872
318.14
319.693
320.516
320.608
319.981
318.654
316.66
314.048
310.907
307.448
306.026
306.07
306.194
306.316
306.439
306.462
307.298
308.389
309.269
310.092
310.984
311.988
313.187
314.847
317.286
320.175
322.499
323.947
324.435
325.516
325.118
323.961
322.168
320.003
317.897
316.069
314.474
313.015
311.625
310.254
308.823
307.288
306.887
306.748
306.621
306.497
306.333
306.505
309.656
313.054
315.972
318.337
320.078
321.145
321.504
321.135
320.028
318.188
315.635
312.415
308.624
304.865
304.632
304.453
304.291
304.126
304.258
304.439
304.619
304.693
306.155
308.8
311.284
313.637
315.927
318.165
320.219
321.865
322.921
323.284
322.921
321.865
320.219
318.165
315.927
313.637
311.284
308.8
306.155
304.693
304.619
304.439
304.258
304.126
304.291
304.453
304.632
304.865
308.624
312.415
315.635
318.188
320.028
321.135
321.504
321.145
320.078
318.337
315.972
313.054
309.656
306.505
306.333
306.497
306.621
306.748
306.887
307.288
308.823
310.254
311.625
313.015
314.474
316.069
317.897
320.003
322.168
323.961
325.118
325.516
326.391
326.049
325.06
323.534
321.66
319.671
317.717
315.826
313.976
312.139
310.298
308.45
307.355
307.218
307.041
306.92
306.839
306.81
307.732
311.403
314.679
317.451
319.638
321.176
322.016
322.128
321.49
320.097
317.95
315.067
311.479
307.215
304.975
304.921
304.761
304.602
304.296
304.586
304.717
304.924
305.144
305.413
308
311.105
313.973
316.637
319.056
321.132
322.733
323.742
324.087
323.742
322.733
321.132
319.056
316.637
313.973
311.105
308
305.413
305.144
304.924
304.717
304.586
304.296
304.602
304.761
304.921
304.975
307.215
311.479
315.067
317.95
320.097
321.49
322.128
322.016
321.176
319.638
317.451
314.679
311.403
307.732
306.81
306.839
306.92
307.041
307.218
307.355
308.45
310.298
312.139
313.976
315.826
317.717
319.671
321.66
323.534
325.06
326.049
326.391
326.949
326.628
325.696
324.247
322.431
320.411
318.301
316.138
313.923
311.657
309.363
307.959
307.703
307.472
307.276
307.176
307.124
307.149
308.861
312.551
315.808
318.515
320.589
321.971
322.617
322.5
321.603
319.918
317.447
314.202
310.222
305.914
305.398
305.237
305.064
305.052
305.356
305.378
305.083
305.214
305.393
305.521
306.785
310.163
313.514
316.59
319.289
321.52
323.192
324.228
324.58
324.228
323.192
321.52
319.289
316.59
313.514
310.163
306.785
305.521
305.393
305.214
305.083
305.378
305.356
305.052
305.064
305.237
305.398
305.914
310.222
314.202
317.447
319.918
321.603
322.5
322.617
321.971
320.589
318.515
315.808
312.551
308.861
307.149
307.124
307.176
307.276
307.472
307.703
307.959
309.363
311.657
313.923
316.138
318.301
320.411
322.431
324.247
325.696
326.628
326.949
327.15
326.817
325.848
324.329
322.404
320.241
317.939
315.503
312.92
310.209
308.521
308.197
307.943
307.687
307.412
307.379
307.508
307.599
309.241
313.132
316.488
319.212
321.232
322.5
322.981
322.653
321.503
319.526
316.718
313.073
308.556
305.784
305.725
305.563
305.449
305.972
306.945
306.873
305.906
305.496
305.68
305.886
306.014
308.347
312.328
315.922
318.991
321.466
323.286
324.4
324.775
324.4
323.286
321.466
318.991
315.922
312.328
308.347
306.014
305.886
305.68
305.496
305.906
306.873
306.945
305.972
305.449
305.563
305.725
305.784
308.556
313.073
316.718
319.526
321.503
322.653
322.981
322.5
321.232
319.212
316.488
313.132
309.241
307.599
307.508
307.379
307.412
307.687
307.943
308.197
308.521
310.209
312.92
315.503
317.939
320.241
322.404
324.329
325.848
326.817
327.15
327.016
326.643
325.549
323.818
321.616
319.211
316.71
314.013
311.051
309.076
308.694
308.441
308.181
307.859
307.545
307.89
308.157
308.411
309.197
313.25
316.799
319.611
321.629
322.817
323.154
322.627
321.231
318.964
315.827
311.819
307.071
306.108
306.011
305.839
305.892
307.419
308.605
308.625
307.464
306.065
305.941
306.156
306.339
306.891
310.545
314.777
318.287
321.068
323.086
324.31
324.721
324.31
323.086
321.068
318.287
314.777
310.545
306.891
306.339
306.156
305.941
306.065
307.464
308.625
308.605
307.419
305.892
305.839
306.011
306.108
307.071
311.819
315.827
318.964
321.231
322.627
323.154
322.817
321.629
319.611
316.799
313.25
309.197
308.411
308.157
307.89
307.545
307.859
308.181
308.441
308.694
309.076
311.051
314.013
316.71
319.211
321.616
323.818
325.549
326.643
327.016
326.628
326.19
324.888
322.777
320.03
317.278
314.676
311.795
309.667
309.171
308.931
308.688
308.383
308.78
308.889
308.895
308.993
309.294
309.58
312.999
316.846
319.805
321.855
322.985
323.191
322.471
320.829
318.272
314.806
310.419
306.682
306.522
306.368
306.278
307.038
309.234
310.432
310.56
309.617
307.658
306.404
306.453
306.648
306.756
308.714
313.355
317.313
320.432
322.679
324.034
324.488
324.034
322.679
320.432
317.313
313.355
308.714
306.756
306.648
306.453
306.404
307.658
309.617
310.56
310.432
309.234
307.038
306.278
306.368
306.522
306.682
310.419
314.806
318.272
320.829
322.471
323.191
322.985
321.855
319.805
316.846
312.999
309.58
309.294
308.993
308.895
308.889
308.78
308.383
308.688
308.931
309.171
309.667
311.795
314.676
317.278
320.03
322.777
324.888
326.19
326.628
326.117
325.6
324.037
321.372
317.475
314.278
312.032
310.257
309.605
309.392
309.169
308.996
309.969
311.036
310.967
310.002
309.833
310.19
310.438
312.579
316.783
319.907
322
323.079
323.154
322.237
320.343
317.49
313.706
309.146
307.108
306.911
306.712
306.774
308.755
311.061
312.328
312.567
311.787
310.035
307.573
306.82
306.978
307.195
307.702
311.694
316.179
319.668
322.163
323.661
324.161
323.661
322.163
319.668
316.179
311.694
307.702
307.195
306.978
306.82
307.573
310.035
311.787
312.567
312.328
311.061
308.755
306.774
306.712
306.911
307.108
309.146
313.706
317.49
320.343
322.237
323.154
323.079
322
319.907
316.783
312.579
310.438
310.19
309.833
310.002
310.967
311.036
309.969
308.996
309.169
309.392
309.605
310.257
312.032
314.278
317.475
321.372
324.037
325.6
326.117
325.639
325.058
323.287
320.215
315.558
312.869
311.356
310.204
309.897
309.618
309.67
311.006
312.73
313.456
313.111
311.657
311.002
311.17
311.474
312.482
316.802
320.041
322.158
323.175
323.11
321.981
319.814
316.639
312.489
308.781
308.014
307.65
307.473
307.787
310.68
312.929
314.253
314.591
313.929
312.271
309.604
307.576
307.517
307.836
308.238
310.415
315.045
318.899
321.643
323.287
323.834
323.287
321.643
318.899
315.045
310.415
308.238
307.836
307.517
307.576
309.604
312.271
313.929
314.591
314.253
312.929
310.68
307.787
307.473
307.65
308.014
308.781
312.489
316.639
319.814
321.981
323.11
323.175
322.158
320.041
316.802
312.482
311.474
311.17
311.002
311.657
313.111
313.456
312.73
311.006
309.67
309.618
309.897
310.204
311.356
312.869
315.558
320.215
323.287
325.058
325.639
325.323
324.705
322.838
319.683
315.171
312.361
311.354
310.707
310.3
310.28
311.821
314.087
315.495
315.945
315.369
313.718
312.317
312.267
312.602
313.098
316.971
320.296
322.417
323.354
323.129
321.763
319.293
315.768
311.651
309.56
308.92
308.492
308.585
309.184
312.348
314.721
316.164
316.617
316.065
314.518
312.013
308.884
308.446
308.732
309.216
310.199
314.027
318.24
321.223
323.008
323.603
323.008
321.223
318.24
314.027
310.199
309.216
308.732
308.446
308.884
312.013
314.518
316.065
316.617
316.164
314.721
312.348
309.184
308.585
308.492
308.92
309.56
311.651
315.768
319.293
321.763
323.129
323.354
322.417
320.296
316.971
313.098
312.602
312.267
312.317
313.718
315.369
315.945
315.495
314.087
311.821
310.28
310.3
310.707
311.354
312.361
315.171
319.683
322.838
324.705
325.323
325.244
324.6
322.677
319.532
315.408
313.018
312.193
311.573
311.175
312.19
314.966
317.03
318.217
318.461
317.704
315.902
313.741
313.519
313.749
314.174
317.325
320.753
322.86
323.696
323.287
321.651
318.825
314.941
311.938
310.696
309.869
309.512
310.068
310.84
313.848
316.442
318.064
318.649
318.197
316.721
314.231
310.745
309.923
309.881
310.39
311.285
313.509
317.813
321.001
322.921
323.561
322.921
321.001
317.813
313.509
311.285
310.39
309.881
309.923
310.745
314.231
316.721
318.197
318.649
318.064
316.442
313.848
310.84
310.068
309.512
309.869
310.696
311.938
314.941
318.825
321.651
323.287
323.696
322.86
320.753
317.325
314.174
313.749
313.519
313.741
315.902
317.704
318.461
318.217
317.03
314.966
312.19
311.175
311.573
312.193
313.018
315.408
319.532
322.677
324.6
325.244
325.452
324.773
322.74
319.397
315.766
314.281
313.315
312.728
312.935
314.999
317.895
319.85
320.884
320.976
320.084
318.153
315.453
315.003
315.115
315.626
318.112
321.533
323.575
324.283
323.672
321.727
318.445
314.71
313.203
311.982
311.023
310.837
311.78
312.821
315.08
318.134
320
320.719
320.354
318.937
316.466
312.893
311.52
311.244
311.651
312.688
313.889
317.593
321.048
323.113
323.797
323.113
321.048
317.593
313.889
312.688
311.651
311.244
311.52
312.893
316.466
318.937
320.354
320.719
320
318.134
315.08
312.821
311.78
310.837
311.023
311.982
313.203
314.71
318.445
321.727
323.672
324.283
323.575
321.533
318.112
315.626
315.115
315.003
315.453
318.153
320.084
320.976
320.884
319.85
317.895
314.999
312.935
312.728
313.315
314.281
315.766
319.397
322.74
324.773
325.452
326.017
325.303
323.112
319.328
316.673
315.535
314.618
314.396
315.08
317.937
320.765
322.592
323.493
323.476
322.502
320.5
317.526
316.91
316.946
317.514
319.364
322.693
324.623
325.19
324.392
322.14
318.295
315.683
314.657
313.598
312.675
312.567
313.405
314.407
316.292
320.023
322.083
322.872
322.562
321.208
318.809
315.425
314.126
313.417
313.381
314.217
315.234
317.672
321.485
323.687
324.403
323.687
321.485
317.672
315.234
314.217
313.381
313.417
314.126
315.425
318.809
321.208
322.562
322.872
322.083
320.023
316.292
314.407
313.405
312.567
312.675
313.598
314.657
315.683
318.295
322.14
324.392
325.19
324.623
322.693
319.364
317.514
316.946
316.91
317.526
320.5
322.502
323.476
323.493
322.592
320.765
317.937
315.08
314.396
314.618
315.535
316.673
319.328
323.112
325.303
326.017
327.01
326.308
324.099
320.022
317.919
316.731
315.991
316.29
317.794
321.05
323.639
325.259
326.019
325.932
324.948
322.936
319.697
318.381
318.16
318.954
320.941
324.261
326.033
326.463
325.565
323.173
318.866
316.886
315.902
315.536
315.915
316.294
316.291
316.778
319.354
322.624
324.438
325.124
324.814
323.523
321.16
317.486
315.781
314.928
314.705
315.434
316.533
318.546
322.558
324.745
325.441
324.745
322.558
318.546
316.533
315.434
314.705
314.928
315.781
317.486
321.16
323.523
324.814
325.124
324.438
322.624
319.354
316.778
316.291
316.294
315.915
315.536
315.902
316.886
318.866
323.173
325.565
326.463
326.033
324.261
320.941
318.954
318.16
318.381
319.697
322.936
324.948
325.932
326.019
325.259
323.639
321.05
317.794
316.29
315.991
316.731
317.919
320.022
324.099
326.308
327.01
328.408
327.822
326.001
322.73
320.119
319.226
319.083
319.724
321.735
324.467
326.483
327.786
328.392
328.286
327.424
325.702
322.879
320.705
320.131
321.304
323.739
326.397
327.786
328.063
327.232
325.181
321.633
318.953
318.638
319.525
320.469
321.06
321.542
322.359
323.927
325.716
326.919
327.373
327.046
325.91
323.883
320.746
318.423
317.828
317.886
318.034
318.813
321.318
324.508
326.294
326.872
326.294
324.508
321.318
318.813
318.034
317.886
317.828
318.423
320.746
323.883
325.91
327.046
327.373
326.919
325.716
323.927
322.359
321.542
321.06
320.469
319.525
318.638
318.953
321.633
325.181
327.232
328.063
327.786
326.397
323.739
321.304
320.131
320.705
322.879
325.702
327.424
328.286
328.392
327.786
326.483
324.467
321.735
319.724
319.083
319.226
320.119
322.73
326.001
327.822
328.408
329.979
329.569
328.378
326.608
325.07
324.31
324.216
324.771
326.03
327.643
329.039
330.012
330.476
330.396
329.759
328.596
327.064
325.85
325.491
326.115
327.419
328.811
329.652
329.771
329.119
327.723
325.789
324.231
323.712
323.942
324.427
324.94
325.511
326.281
327.321
328.395
329.149
329.404
329.088
328.187
326.741
324.922
323.45
322.756
322.622
322.865
323.644
325.149
326.883
328.053
328.457
328.053
326.883
325.149
323.644
322.865
322.622
322.756
323.45
324.922
326.741
328.187
329.088
329.404
329.149
328.395
327.321
326.281
325.511
324.94
324.427
323.942
323.712
324.231
325.789
327.723
329.119
329.771
329.652
328.811
327.419
326.115
325.491
325.85
327.064
328.596
329.759
330.396
330.476
330.012
329.039
327.643
326.03
324.771
324.216
324.31
325.07
326.608
328.378
329.569
329.979
331.37
331.097
330.335
329.287
328.341
327.797
327.729
328.141
328.979
330.035
331.02
331.744
332.106
332.061
331.621
330.859
329.956
329.25
329.019
329.333
330.026
330.775
331.241
331.249
330.749
329.805
328.627
327.637
327.141
327.108
327.358
327.761
328.282
328.932
329.682
330.392
330.877
331.005
330.715
330.011
328.97
327.776
326.765
326.169
325.997
326.208
326.814
327.777
328.822
329.578
329.849
329.578
328.822
327.777
326.814
326.208
325.997
326.169
326.765
327.776
328.97
330.011
330.715
331.005
330.877
330.392
329.682
328.932
328.282
327.761
327.358
327.108
327.141
327.637
328.627
329.805
330.749
331.249
331.241
330.775
330.026
329.333
329.019
329.25
329.956
330.859
331.621
332.061
332.106
331.744
331.02
330.035
328.979
328.141
327.729
327.797
328.341
329.287
330.335
331.097
331.37
332.308
332.113
331.579
330.866
330.208
329.808
329.762
330.083
330.711
331.499
332.26
332.84
333.141
333.124
332.803
332.262
331.651
331.176
331.003
331.171
331.578
332.021
332.287
332.235
331.825
331.118
330.279
329.547
329.107
328.991
329.135
329.463
329.924
330.483
331.082
331.616
331.962
332.024
331.756
331.172
330.352
329.448
328.664
328.159
327.989
328.154
328.628
329.322
330.049
330.587
330.784
330.587
330.049
329.322
328.628
328.154
327.989
328.159
328.664
329.448
330.352
331.172
331.756
332.024
331.962
331.616
331.082
330.483
329.924
329.463
329.135
328.991
329.107
329.547
330.279
331.118
331.825
332.235
332.287
332.021
331.578
331.171
331.003
331.176
331.651
332.262
332.803
333.124
333.141
332.84
332.26
331.499
330.711
330.083
329.762
329.808
330.208
330.866
331.579
332.113
332.308
332.637
332.467
332.003
331.388
330.817
330.465
330.427
330.719
331.283
331.991
332.681
333.214
333.496
333.488
333.208
332.735
332.21
331.802
331.644
331.77
332.093
332.446
332.65
332.58
332.199
331.564
330.822
330.166
329.749
329.615
329.729
330.031
330.469
330.996
331.547
332.028
332.331
332.373
332.114
331.569
330.818
330
329.285
328.812
328.646
328.794
329.22
329.833
330.467
330.938
331.111
330.938
330.467
329.833
329.22
328.794
328.646
328.812
329.285
330
330.818
331.569
332.114
332.373
332.331
332.028
331.547
330.996
330.469
330.031
329.729
329.615
329.749
330.166
330.822
331.564
332.199
332.58
332.65
332.446
332.093
331.77
331.644
331.802
332.21
332.735
333.208
333.488
333.496
333.214
332.681
331.991
331.283
330.719
330.427
330.465
330.817
331.388
332.003
332.467
332.637
332.308
332.113
331.579
330.866
330.208
329.808
329.762
330.083
330.711
331.499
332.26
332.84
333.141
333.124
332.803
332.262
331.651
331.176
331.003
331.171
331.578
332.021
332.287
332.235
331.825
331.118
330.279
329.547
329.107
328.991
329.135
329.463
329.924
330.483
331.082
331.616
331.962
332.024
331.756
331.172
330.352
329.448
328.664
328.159
327.989
328.154
328.628
329.322
330.049
330.587
330.784
330.587
330.049
329.322
328.628
328.154
327.989
328.159
328.664
329.448
330.352
331.172
331.756
332.024
331.962
331.616
331.082
330.483
329.924
329.463
329.135
328.991
329.107
329.547
330.279
331.118
331.825
332.235
332.287
332.021
331.578
331.171
331.003
331.176
331.651
332.262
332.803
333.124
333.141
332.84
332.26
331.499
330.711
330.083
329.762
329.808
330.208
330.866
331.579
332.113
332.308
331.37
331.097
330.335
329.287
328.341
327.797
327.729
328.141
328.979
330.035
331.02
331.744
332.106
332.061
331.621
330.859
329.956
329.25
329.019
329.333
330.026
330.775
331.241
331.249
330.749
329.805
328.627
327.637
327.141
327.108
327.358
327.761
328.282
328.932
329.682
330.392
330.877
331.005
330.715
330.011
328.97
327.776
326.765
326.169
325.997
326.208
326.814
327.777
328.822
329.578
329.849
329.578
328.822
327.777
326.814
326.208
325.997
326.169
326.765
327.776
328.97
330.011
330.715
331.005
330.877
330.392
329.682
328.932
328.282
327.761
327.358
327.108
327.141
327.637
328.627
329.805
330.749
331.249
331.241
330.775
330.026
329.333
329.019
329.25
329.956
330.859
331.621
332.061
332.106
331.744
331.02
330.035
328.979
328.141
327.729
327.797
328.341
329.287
330.335
331.097
331.37
329.979
329.569
328.378
326.608
325.07
324.31
324.216
324.771
326.03
327.643
329.039
330.012
330.476
330.396
329.759
328.596
327.064
325.85
325.491
326.115
327.419
328.811
329.652
329.771
329.119
327.723
325.789
324.231
323.712
323.942
324.427
324.94
325.511
326.281
327.321
328.395
329.149
329.404
329.088
328.187
326.741
324.922
323.45
322.756
322.622
322.865
323.644
325.149
326.883
328.053
328.457
328.053
326.883
325.149
323.644
322.865
322.622
322.756
323.45
324.922
326.741
328.187
329.088
329.404
329.149
328.395
327.321
326.281
325.511
324.94
324.427
323.942
323.712
324.231
325.789
327.723
329.119
329.771
329.652
328.811
327.419
326.115
325.491
325.85
327.064
328.596
329.759
330.396
330.476
330.012
329.039
327.643
326.03
324.771
324.216
324.31
325.07
326.608
328.378
329.569
329.979
328.408
327.822
326.001
322.73
320.119
319.226
319.083
319.724
321.735
324.467
326.483
327.786
328.392
328.286
327.424
325.702
322.879
320.705
320.131
321.304
323.739
326.397
327.786
328.063
327.232
325.181
321.633
318.953
318.638
319.525
320.469
321.06
321.542
322.359
323.927
325.716
326.919
327.373
327.046
325.91
323.883
320.746
318.423
317.828
317.886
318.034
318.813
321.318
324.508
326.294
326.872
326.294
324.508
321.318
318.813
318.034
317.886
317.828
318.423
320.746
323.883
325.91
327.046
327.373
326.919
325.716
323.927
322.359
321.542
321.06
320.469
319.525
318.638
318.953
321.633
325.181
327.232
328.063
327.786
326.397
323.739
321.304
320.131
320.705
322.879
325.702
327.424
328.286
328.392
327.786
326.483
324.467
321.735
319.724
319.083
319.226
320.119
322.73
326.001
327.822
328.408
327.01
326.308
324.099
320.022
317.919
316.731
315.991
316.29
317.794
321.05
323.639
325.259
326.019
325.932
324.948
322.936
319.697
318.381
318.16
318.954
320.941
324.261
326.033
326.463
325.565
323.173
318.866
316.886
315.902
315.536
315.915
316.294
316.291
316.778
319.354
322.624
324.438
325.124
324.814
323.523
321.16
317.486
315.781
314.928
314.705
315.434
316.533
318.546
322.558
324.745
325.441
324.745
322.558
318.546
316.533
315.434
314.705
314.928
315.781
317.486
321.16
323.523
324.814
325.124
324.438
322.624
319.354
316.778
316.291
316.294
315.915
315.536
315.902
316.886
318.866
323.173
325.565
326.463
326.033
324.261
320.941
318.954
318.16
318.381
319.697
322.936
324.948
325.932
326.019
325.259
323.639
321.05
317.794
316.29
315.991
316.731
317.919
320.022
324.099
326.308
327.01
326.017
325.303
323.112
319.328
316.673
315.535
314.618
314.396
315.08
317.937
320.765
322.592
323.493
323.476
322.502
320.5
317.526
316.91
316.946
317.514
319.364
322.693
324.623
325.19
324.392
322.14
318.295
315.683
314.657
313.598
312.675
312.567
313.405
314.407
316.292
320.023
322.083
322.872
322.562
321.208
318.809
315.425
314.126
313.417
313.381
314.217
315.234
317.672
321.485
323.687
324.403
323.687
321.485
317.672
315.234
314.217
313.381
313.417
314.126
315.425
318.809
321.208
322.562
322.872
322.083
320.023
316.292
314.407
313.405
312.567
312.675
313.598
314.657
315.683
318.295
322.14
324.392
325.19
324.623
322.693
319.364
317.514
316.946
316.91
317.526
320.5
322.502
323.476
323.493
322.592
320.765
317.937
315.08
314.396
314.618
315.535
316.673
319.328
323.112
325.303
326.017
325.452
324.773
322.74
319.397
315.766
314.281
313.315
312.728
312.935
314.999
317.895
319.85
320.884
320.976
320.084
318.153
315.453
315.003
315.115
315.626
318.112
321.533
323.575
324.283
323.672
321.727
318.445
314.71
313.203
311.982
311.023
310.837
311.78
312.821
315.08
318.134
320
320.719
320.354
318.937
316.466
312.893
311.52
311.244
311.651
312.688
313.889
317.593
321.048
323.113
323.797
323.113
321.048
317.593
313.889
312.688
311.651
311.244
311.52
312.893
316.466
318.937
320.354
320.719
320
318.134
315.08
312.821
311.78
310.837
311.023
311.982
313.203
314.71
318.445
321.727
323.672
324.283
323.575
321.533
318.112
315.626
315.115
315.003
315.453
318.153
320.084
320.976
320.884
319.85
317.895
314.999
312.935
312.728
313.315
314.281
315.766
319.397
322.74
324.773
325.452
325.244
324.6
322.677
319.532
315.408
313.018
312.193
311.573
311.175
312.19
314.966
317.03
318.217
318.461
317.704
315.902
313.741
313.519
313.749
314.174
317.325
320.753
322.86
323.696
323.287
321.651
318.825
314.941
311.938
310.696
309.869
309.512
310.068
310.84
313.848
316.442
318.064
318.649
318.197
316.721
314.231
310.745
309.923
309.881
310.39
311.285
313.509
317.813
321.001
322.921
323.561
322.921
321.001
317.813
313.509
311.285
310.39
309.881
309.923
310.745
314.231
316.721
318.197
318.649
318.064
316.442
313.848
310.84
310.068
309.512
309.869
310.696
311.938
314.941
318.825
321.651
323.287
323.696
322.86
320.753
317.325
314.174
313.749
313.519
313.741
315.902
317.704
318.461
318.217
317.03
314.966
312.19
311.175
311.573
312.193
313.018
315.408
319.532
322.677
324.6
325.244
325.323
324.705
322.838
319.683
315.171
312.361
311.354
310.707
310.3
310.28
311.821
314.087
315.495
315.945
315.369
313.718
312.317
312.267
312.602
313.098
316.971
320.296
322.417
323.354
323.129
321.763
319.293
315.768
311.651
309.56
308.92
308.492
308.585
309.184
312.348
314.721
316.164
316.617
316.065
314.518
312.013
308.884
308.446
308.732
309.216
310.199
314.027
318.24
321.223
323.008
323.603
323.008
321.223
318.24
314.027
310.199
309.216
308.732
308.446
308.884
312.013
314.518
316.065
316.617
316.164
314.721
312.348
309.184
308.585
308.492
308.92
309.56
311.651
315.768
319.293
321.763
323.129
323.354
322.417
320.296
316.971
313.098
312.602
312.267
312.317
313.718
315.369
315.945
315.495
314.087
311.821
310.28
310.3
310.707
311.354
312.361
315.171
319.683
322.838
324.705
325.323
325.639
325.058
323.287
320.215
315.558
312.869
311.356
310.204
309.897
309.618
309.67
311.006
312.73
313.456
313.111
311.657
311.002
311.17
311.474
312.482
316.802
320.041
322.158
323.175
323.11
321.981
319.814
316.639
312.489
308.781
308.014
307.65
307.473
307.787
310.68
312.929
314.253
314.591
313.929
312.271
309.604
307.576
307.517
307.836
308.238
310.415
315.045
318.899
321.643
323.287
323.834
323.287
321.643
318.899
315.045
310.415
308.238
307.836
307.517
307.576
309.604
312.271
313.929
314.591
314.253
312.929
310.68
307.787
307.473
307.65
308.014
308.781
312.489
316.639
319.814
321.981
323.11
323.175
322.158
320.041
316.802
312.482
311.474
311.17
311.002
311.657
313.111
313.456
312.73
311.006
309.67
309.618
309.897
310.204
311.356
312.869
315.558
320.215
323.287
325.058
325.639
326.117
325.6
324.037
321.372
317.475
314.278
312.032
310.257
309.605
309.392
309.169
308.996
309.969
311.036
310.967
310.002
309.833
310.19
310.438
312.579
316.783
319.907
322
323.079
323.154
322.237
320.343
317.49
313.706
309.146
307.108
306.911
306.712
306.774
308.755
311.061
312.328
312.567
311.787
310.035
307.573
306.82
306.978
307.195
307.702
311.694
316.179
319.668
322.163
323.661
324.161
323.661
322.163
319.668
316.179
311.694
307.702
307.195
306.978
306.82
307.573
310.035
311.787
312.567
312.328
311.061
308.755
306.774
306.712
306.911
307.108
309.146
313.706
317.49
320.343
322.237
323.154
323.079
322
319.907
316.783
312.579
310.438
310.19
309.833
310.002
310.967
311.036
309.969
308.996
309.169
309.392
309.605
310.257
312.032
314.278
317.475
321.372
324.037
325.6
326.117
326.628
326.19
324.888
322.777
320.03
317.278
314.676
311.795
309.667
309.171
308.931
308.688
308.383
308.78
308.889
308.895
308.993
309.294
309.58
312.999
316.846
319.805
321.855
322.985
323.191
322.471
320.829
318.272
314.806
310.419
306.682
306.522
306.368
306.278
307.038
309.234
310.432
310.56
309.617
307.658
306.404
306.453
306.648
306.756
308.714
313.355
317.313
320.432
322.679
324.034
324.488
324.034
322.679
320.432
317.313
313.355
308.714
306.756
306.648
306.453
306.404
307.658
309.617
310.56
310.432
309.234
307.038
306.278
306.368
306.522
306.682
310.419
314.806
318.272
320.829
322.471
323.191
322.985
321.855
319.805
316.846
312.999
309.58
309.294
308.993
308.895
308.889
308.78
308.383
308.688
308.931
309.171
309.667
311.795
314.676
317.278
320.03
322.777
324.888
326.19
326.628
327.016
326.643
325.549
323.818
321.616
319.211
316.71
314.013
311.051
309.076
308.694
308.441
308.181
307.859
307.545
307.89
308.157
308.411
309.197
313.25
316.799
319.611
321.629
322.817
323.154
322.627
321.231
318.964
315.827
311.819
307.071
306.108
306.011
305.839
305.892
307.419
308.605
308.625
307.464
306.065
305.941
306.156
306.339
306.891
310.545
314.777
318.287
321.068
323.086
324.31
324.721
324.31
323.086
321.068
318.287
314.777
310.545
306.891
306.339
306.156
305.941
306.065
307.464
308.625
308.605
307.419
305.892
305.839
306.011
306.108
307.071
311.819
315.827
318.964
321.231
322.627
323.154
322.817
321.629
319.611
316.799
313.25
309.197
308.411
308.157
307.89
307.545
307.859
308.181
308.441
308.694
309.076
311.051
314.013
316.71
319.211
321.616
323.818
325.549
326.643
327.016
327.15
326.817
325.848
324.329
322.404
320.241
317.939
315.503
312.92
310.209
308.521
308.197
307.943
307.687
307.412
307.379
307.508
307.599
309.241
313.132
316.488
319.212
321.232
322.5
322.981
322.653
321.503
319.526
316.718
313.073
308.556
305.784
305.725
305.563
305.449
305.972
306.945
306.873
305.906
305.496
305.68
305.886
306.014
308.347
312.328
315.922
318.991
321.466
323.286
324.4
324.775
324.4
323.286
321.466
318.991
315.922
312.328
308.347
306.014
305.886
305.68
305.496
305.906
306.873
306.945
305.972
305.449
305.563
305.725
305.784
308.556
313.073
316.718
319.526
321.503
322.653
322.981
322.5
321.232
319.212
316.488
313.132
309.241
307.599
307.508
307.379
307.412
307.687
307.943
308.197
308.521
310.209
312.92
315.503
317.939
320.241
322.404
324.329
325.848
326.817
327.15
326.949
326.628
325.696
324.247
322.431
320.411
318.301
316.138
313.923
311.657
309.363
307.959
307.703
307.472
307.276
307.176
307.124
307.149
308.861
312.551
315.808
318.515
320.589
321.971
322.617
322.5
321.603
319.918
317.447
314.202
310.222
305.914
305.398
305.237
305.064
305.052
305.356
305.378
305.083
305.214
305.393
305.521
306.785
310.163
313.514
316.59
319.289
321.52
323.192
324.228
324.58
324.228
323.192
321.52
319.289
316.59
313.514
310.163
306.785
305.521
305.393
305.214
305.083
305.378
305.356
305.052
305.064
305.237
305.398
305.914
310.222
314.202
317.447
319.918
321.603
322.5
322.617
321.971
320.589
318.515
315.808
312.551
308.861
307.149
307.124
307.176
307.276
307.472
307.703
307.959
309.363
311.657
313.923
316.138
318.301
320.411
322.431
324.247
325.696
326.628
326.949
326.391
326.049
325.06
323.534
321.66
319.671
317.717
315.826
313.976
312.139
310.298
308.45
307.355
307.218
307.041
306.92
306.839
306.81
307.732
311.403
314.679
317.451
319.638
321.176
322.016
322.128
321.49
320.097
317.95
315.067
311.479
307.215
304.975
304.921
304.761
304.602
304.296
304.586
304.717
304.924
305.144
305.413
308
311.105
313.973
316.637
319.056
321.132
322.733
323.742
324.087
323.742
322.733
321.132
319.056
316.637
313.973
311.105
308
305.413
305.144
304.924
304.717
304.586
304.296
304.602
304.761
304.921
304.975
307.215
311.479
315.067
317.95
320.097
321.49
322.128
322.016
321.176
319.638
317.451
314.679
311.403
307.732
306.81
306.839
306.92
307.041
307.218
307.355
308.45
310.298
312.139
313.976
315.826
317.717
319.671
321.66
323.534
325.06
326.049
326.391
325.516
325.118
323.961
322.168
320.003
317.897
316.069
314.474
313.015
311.625
310.254
308.823
307.288
306.887
306.748
306.621
306.497
306.333
306.505
309.656
313.054
315.972
318.337
320.078
321.145
321.504
321.135
320.028
318.188
315.635
312.415
308.624
304.865
304.632
304.453
304.291
304.126
304.258
304.439
304.619
304.693
306.155
308.8
311.284
313.637
315.927
318.165
320.219
321.865
322.921
323.284
322.921
321.865
320.219
318.165
315.927
313.637
311.284
308.8
306.155
304.693
304.619
304.439
304.258
304.126
304.291
304.453
304.632
304.865
308.624
312.415
315.635
318.188
320.028
321.135
321.504
321.145
320.078
318.337
315.972
313.054
309.656
306.505
306.333
306.497
306.621
306.748
306.887
307.288
308.823
310.254
311.625
313.015
314.474
316.069
317.897
320.003
322.168
323.961
325.118
325.516
324.435
323.947
322.499
320.175
317.286
314.847
313.187
311.988
310.984
310.092
309.269
308.389
307.298
306.462
306.439
306.316
306.194
306.07
306.026
307.448
310.907
314.048
316.66
318.654
319.981
320.608
320.516
319.693
318.14
315.872
312.92
309.34
305.194
304.175
304.125
304.048
303.995
304.047
304.158
304.325
304.628
306.75
308.763
310.595
312.365
314.27
316.458
318.716
320.586
321.793
322.207
321.793
320.586
318.716
316.458
314.27
312.365
310.595
308.763
306.75
304.628
304.325
304.158
304.047
303.995
304.048
304.125
304.175
305.194
309.34
312.92
315.872
318.14
319.693
320.516
320.608
319.981
318.654
316.66
314.048
310.907
307.448
306.026
306.07
306.194
306.316
306.439
306.462
307.298
308.389
309.269
310.092
310.984
311.988
313.187
314.847
317.286
320.175
322.499
323.947
324.435
323.332
322.736
320.912
317.747
313.164
310.113
308.884
308.308
307.843
307.49
307.341
307.165
306.668
306.124
306.115
306.007
305.889
305.749
305.567
305.68
308.107
311.651
314.602
316.897
318.515
319.433
319.628
319.088
317.807
315.791
313.055
309.627
305.545
303.844
303.822
303.778
303.756
303.775
303.817
303.843
304.805
306.56
307.907
308.967
309.957
311.332
313.679
316.6
318.973
320.457
320.958
320.457
318.973
316.6
313.679
311.332
309.957
308.967
307.907
306.56
304.805
303.843
303.817
303.775
303.756
303.778
303.822
303.844
305.545
309.627
313.055
315.791
317.807
319.088
319.628
319.433
318.515
316.897
314.602
311.651
308.107
305.68
305.567
305.749
305.889
306.007
306.115
306.124
306.668
307.165
307.341
307.49
307.843
308.308
308.884
310.113
313.164
317.747
320.912
322.736
323.332
322.421
321.752
319.665
315.873
310.371
308.781
308.123
307.664
307.338
307.007
306.706
306.379
306.043
305.776
305.735
305.706
305.603
305.466
305.311
305.173
305.854
308.856
312.199
314.818
316.751
317.979
318.476
318.223
317.209
315.429
312.882
309.569
305.488
303.522
303.5
303.483
303.472
303.477
303.491
303.499
304.682
305.777
306.337
306.411
306.173
306.454
309.365
314.033
317.247
319.103
319.711
319.103
317.247
314.033
309.365
306.454
306.173
306.411
306.337
305.777
304.682
303.499
303.491
303.477
303.472
303.483
303.5
303.522
305.488
309.569
312.882
315.429
317.209
318.223
318.476
317.979
316.751
314.818
312.199
308.856
305.854
305.173
305.311
305.466
305.603
305.706
305.735
305.776
306.043
306.379
306.706
307.007
307.338
307.664
308.123
308.781
310.371
315.873
319.665
321.752
322.421
321.848
321.185
319.125
315.402
309.964
308.43
307.987
307.617
307.311
306.955
306.651
306.335
306.019
305.757
305.565
305.476
305.347
305.197
305.035
304.869
304.781
306.146
309.52
312.425
314.692
316.256
317.074
317.12
316.377
314.834
312.475
309.28
305.202
303.21
303.188
303.178
303.169
303.165
303.167
303.173
304.042
304.529
304.256
303.738
303.899
304.629
306.268
312.049
315.88
317.998
318.68
317.998
315.88
312.049
306.268
304.629
303.899
303.738
304.256
304.529
304.042
303.173
303.167
303.165
303.169
303.178
303.188
303.21
305.202
309.28
312.475
314.834
316.377
317.12
317.074
316.256
314.692
312.425
309.52
306.146
304.781
304.869
305.035
305.197
305.347
305.476
305.565
305.757
306.019
306.335
306.651
306.955
307.311
307.617
307.987
308.43
309.964
315.402
319.125
321.185
321.848
321.599
321.018
319.246
316.203
311.844
309.019
308.087
307.649
307.288
306.889
306.604
306.302
306.003
305.726
305.473
305.284
305.11
304.937
304.761
304.58
304.386
304.406
306.398
309.669
312.335
314.279
315.444
315.806
315.347
314.053
311.905
308.875
304.909
302.898
302.879
302.869
302.858
302.847
302.835
302.832
303.013
303.104
302.943
303.297
303.639
304.057
305.759
311.448
315.224
317.331
318.01
317.331
315.224
311.448
305.759
304.057
303.639
303.297
302.943
303.104
303.013
302.832
302.835
302.847
302.858
302.869
302.879
302.898
304.909
308.875
311.905
314.053
315.347
315.806
315.444
314.279
312.335
309.669
306.398
304.406
304.386
304.58
304.761
304.937
305.11
305.284
305.473
305.726
306.003
306.302
306.604
306.889
307.288
307.649
308.087
309.019
311.844
316.203
319.246
321.018
321.599
321.513
321.041
319.638
317.372
314.449
311.563
309.612
308.478
307.68
307.01
306.618
306.314
306.029
305.712
305.314
305.074
304.868
304.677
304.489
304.302
304.109
303.907
304.188
306.529
309.701
312.08
313.619
314.312
314.151
313.126
311.218
308.405
304.648
302.59
302.572
302.558
302.544
302.525
302.492
302.417
302.275
302.569
302.846
303.132
303.465
304.295
307.456
312.054
315.237
317.092
317.7
317.092
315.237
312.054
307.456
304.295
303.465
303.132
302.846
302.569
302.275
302.417
302.492
302.525
302.544
302.558
302.572
302.59
304.648
308.405
311.218
313.126
314.151
314.312
313.619
312.08
309.701
306.529
304.188
303.907
304.109
304.302
304.489
304.677
304.868
305.074
305.314
305.712
306.029
306.314
306.618
307.01
307.68
308.478
309.612
311.563
314.449
317.372
319.638
321.041
321.513
321.372
320.993
319.894
318.199
316.15
314.143
312.546
311.364
310.352
309.174
307.849
306.772
306.274
305.863
305.252
304.824
304.61
304.408
304.215
304.026
303.838
303.656
303.502
304.165
306.868
309.721
311.639
312.671
312.821
312.08
310.438
307.878
304.384
302.275
302.258
302.244
302.231
302.214
302.187
302.122
302.213
302.434
302.708
303.051
303.977
306.24
309.785
313.092
315.579
317.098
317.607
317.098
315.579
313.092
309.785
306.24
303.977
303.051
302.708
302.434
302.213
302.122
302.187
302.214
302.231
302.244
302.258
302.275
304.384
307.878
310.438
312.08
312.821
312.671
311.639
309.721
306.868
304.165
303.502
303.656
303.838
304.026
304.215
304.408
304.61
304.824
305.252
305.863
306.274
306.772
307.849
309.174
310.352
311.364
312.546
314.143
316.15
318.199
319.894
320.993
321.372
320.99
320.666
319.745
318.379
316.811
315.311
314.066
313.08
312.223
311.344
310.418
309.535
308.719
307.695
306.021
304.458
304.336
304.128
303.934
303.745
303.56
303.379
303.206
303.115
304.332
307.296
309.546
310.914
311.38
310.936
309.575
307.288
304.067
301.955
301.939
301.927
301.917
301.912
301.915
301.94
302.063
302.267
302.691
304.031
306.213
308.769
311.464
313.947
315.891
317.114
317.531
317.114
315.891
313.947
311.464
308.769
306.213
304.031
302.691
302.267
302.063
301.94
301.915
301.912
301.917
301.927
301.939
301.955
304.067
307.288
309.575
310.936
311.38
310.914
309.546
307.296
304.332
303.115
303.206
303.379
303.56
303.745
303.934
304.128
304.336
304.458
306.021
307.695
308.719
309.535
310.418
311.344
312.223
313.08
314.066
315.311
316.811
318.379
319.745
320.666
320.99
320.256
319.936
319.04
317.762
316.403
315.224
314.329
313.667
313.117
312.562
311.942
311.233
310.372
309.192
307.473
305.133
303.949
303.829
303.646
303.458
303.273
303.09
302.908
302.716
302.756
304.654
307.337
309.059
309.848
309.709
308.639
306.63
303.677
301.628
301.613
301.602
301.597
301.6
301.617
301.667
301.798
302.128
303.574
305.787
307.958
310.17
312.356
314.342
315.923
316.938
317.287
316.938
315.923
314.342
312.356
310.17
307.958
305.787
303.574
302.128
301.798
301.667
301.617
301.6
301.597
301.602
301.613
301.628
303.677
306.63
308.639
309.709
309.848
309.059
307.337
304.654
302.756
302.716
302.908
303.09
303.273
303.458
303.646
303.829
303.949
305.133
307.473
309.192
310.372
311.233
311.942
312.562
313.117
313.667
314.329
315.224
316.403
317.762
319.04
319.936
320.256
319.162
318.783
317.718
316.227
314.815
313.852
313.357
313.144
313.014
312.845
312.555
312.081
311.345
310.229
308.594
306.307
303.853
303.58
303.359
303.166
302.98
302.797
302.615
302.432
302.253
302.739
305.09
307.136
308.244
308.414
307.641
305.916
303.231
301.294
301.28
301.27
301.266
301.269
301.283
301.31
301.341
302.106
304.476
306.647
308.664
310.596
312.449
314.141
315.521
316.427
316.742
316.427
315.521
314.141
312.449
310.596
308.664
306.647
304.476
302.106
301.341
301.31
301.283
301.269
301.266
301.27
301.28
301.294
303.231
305.916
307.641
308.414
308.244
307.136
305.09
302.739
302.253
302.432
302.615
302.797
302.98
303.166
303.359
303.58
303.853
306.307
308.594
310.229
311.345
312.081
312.555
312.845
313.014
313.144
313.357
313.852
314.815
316.227
317.718
318.783
319.162
317.827
317.314
315.823
313.611
311.778
311.013
311.104
311.536
311.951
312.249
312.352
312.192
311.696
310.784
309.365
307.361
304.715
303.107
303.04
302.864
302.682
302.5
302.32
302.142
301.971
301.872
302.933
305.152
306.577
307.063
306.594
305.161
302.756
300.952
300.939
300.929
300.924
300.925
300.932
300.946
300.959
302.071
304.584
306.66
308.455
310.103
311.702
313.251
314.595
315.506
315.827
315.506
314.595
313.251
311.702
310.103
308.455
306.66
304.584
302.071
300.959
300.946
300.932
300.925
300.924
300.929
300.939
300.952
302.756
305.161
306.594
307.063
306.577
305.152
302.933
301.872
301.971
302.142
302.32
302.5
302.682
302.864
303.04
303.107
304.715
307.361
309.365
310.784
311.696
312.192
312.352
312.249
311.951
311.536
311.104
311.013
311.778
313.611
315.823
317.314
317.827
316.518
315.823
313.649
309.691
306.879
306.431
307.512
308.945
310.005
310.846
311.414
311.638
311.466
310.844
309.724
308.057
305.82
303.22
302.758
302.564
302.381
302.2
302.02
301.841
301.66
301.469
301.498
303.002
304.849
305.668
305.51
304.38
302.269
300.603
300.591
300.581
300.574
300.57
300.572
300.579
300.591
301.723
304.128
305.956
307.393
308.657
310.004
311.568
313.102
314.174
314.554
314.174
313.102
311.568
310.004
308.657
307.393
305.956
304.128
301.723
300.591
300.579
300.572
300.57
300.574
300.581
300.591
300.603
302.269
304.38
305.51
305.668
304.849
303.002
301.498
301.469
301.66
301.841
302.02
302.2
302.381
302.564
302.758
303.22
305.82
308.057
309.724
310.844
311.466
311.638
311.414
310.846
310.005
308.945
307.512
306.431
306.879
309.691
313.649
315.823
316.518
315.599
314.81
312.294
307.488
305.955
305.499
305.175
305.917
307.279
308.718
309.817
310.483
310.683
310.405
309.627
308.325
306.468
304.001
302.307
302.252
302.073
301.894
301.716
301.537
301.358
301.175
300.993
301.42
303.149
304.25
304.399
303.579
301.779
300.249
300.237
300.226
300.216
300.208
300.203
300.204
300.215
301.157
303.251
304.642
305.503
306.13
307.088
308.915
311.07
312.535
313.042
312.535
311.07
308.915
307.088
306.13
305.503
304.642
303.251
301.157
300.215
300.204
300.203
300.208
300.216
300.226
300.237
300.249
301.779
303.579
304.399
304.25
303.149
301.42
300.993
301.175
301.358
301.537
301.716
301.894
302.073
302.252
302.307
304.001
306.468
308.325
309.627
310.405
310.683
310.483
309.817
308.718
307.279
305.917
305.175
305.499
305.955
307.488
312.294
314.81
315.599
315.257
314.525
312.271
308.343
305.639
305.245
304.96
304.702
304.711
305.934
307.655
308.791
309.379
309.464
309.055
308.146
306.728
304.794
302.479
301.932
301.763
301.586
301.409
301.232
301.055
300.878
300.706
300.615
301.422
302.785
303.255
302.759
301.284
299.89
299.88
299.868
299.854
299.84
299.826
299.816
299.822
300.447
302.076
302.859
302.847
302.284
302.343
304.965
308.727
310.855
311.544
310.855
308.727
304.965
302.343
302.284
302.847
302.859
302.076
300.447
299.822
299.816
299.826
299.84
299.854
299.868
299.88
299.89
301.284
302.759
303.255
302.785
301.422
300.615
300.706
300.878
301.055
301.232
301.409
301.586
301.763
301.932
302.479
304.794
306.728
308.146
309.055
309.464
309.379
308.791
307.655
305.934
304.711
304.702
304.96
305.245
305.639
308.343
312.271
314.525
315.257
315.378
314.763
312.938
310.026
306.729
305.001
304.732
304.466
304.219
304.054
305.109
306.649
307.578
308.018
307.982
307.477
306.502
305.039
303.047
301.506
301.457
301.274
301.098
300.924
300.749
300.571
300.389
300.19
300.215
301.223
302.078
301.917
300.779
299.53
299.52
299.507
299.49
299.469
299.441
299.41
299.384
299.659
300.746
300.872
300.262
299.923
300.607
302.284
307.052
309.614
310.423
309.614
307.052
302.284
300.607
299.923
300.262
300.872
300.746
299.659
299.384
299.41
299.441
299.469
299.49
299.507
299.52
299.53
300.779
301.917
302.078
301.223
300.215
300.19
300.389
300.571
300.749
300.924
301.098
301.274
301.457
301.506
303.047
305.039
306.502
307.477
307.982
308.018
307.578
306.649
305.109
304.054
304.219
304.466
304.732
305.001
306.729
310.026
312.938
314.763
315.378
315.73
315.21
313.691
311.325
308.425
305.647
304.522
304.235
303.991
303.747
303.535
304.222
305.265
306.048
306.38
306.279
305.762
304.814
303.411
301.621
301.105
300.953
300.784
300.613
300.442
300.267
300.087
299.901
299.715
300.025
300.917
301.052
300.248
299.169
299.161
299.147
299.128
299.1
299.058
298.994
298.883
298.936
299.377
299.3
299.185
299.548
299.925
302.261
306.652
309.125
309.921
309.125
306.652
302.261
299.925
299.548
299.185
299.3
299.377
298.936
298.883
298.994
299.058
299.1
299.128
299.147
299.161
299.169
300.248
301.052
300.917
300.025
299.715
299.901
300.087
300.267
300.442
300.613
300.784
300.953
301.105
301.621
303.411
304.814
305.762
306.279
306.38
306.048
305.265
304.222
303.535
303.747
303.991
304.235
304.522
305.647
308.425
311.325
313.691
315.21
315.73
316.124
315.655
314.29
312.16
309.502
306.612
304.326
304.005
303.789
303.578
303.387
303.147
302.993
303.533
304.208
304.497
304.455
304.042
303.186
301.87
300.683
300.645
300.468
300.301
300.134
299.964
299.789
299.608
299.427
299.304
299.723
300.127
299.654
298.81
298.803
298.791
298.771
298.741
298.695
298.622
298.499
298.409
298.375
298.744
298.988
299.297
300.2
303.659
307.207
309.314
310.01
309.314
307.207
303.659
300.2
299.297
298.988
298.744
298.375
298.409
298.499
298.622
298.695
298.741
298.771
298.791
298.803
298.81
299.654
300.127
299.723
299.304
299.427
299.608
299.789
299.964
300.134
300.301
300.468
300.645
300.683
301.87
303.186
304.042
304.455
304.497
304.208
303.533
302.993
303.147
303.387
303.578
303.789
304.005
304.326
306.612
309.502
312.16
314.29
315.655
316.124
316.454
315.997
314.653
312.523
309.812
306.87
304.232
303.915
303.678
303.46
303.27
303.044
302.787
302.304
302.013
302.062
302.519
302.714
302.422
301.719
300.585
300.286
300.138
299.985
299.828
299.664
299.492
299.313
299.125
298.921
298.861
299.097
298.933
298.451
298.447
298.439
298.422
298.395
298.355
298.298
298.219
298.134
298.282
298.523
298.778
299.454
301.908
305.446
308.204
309.914
310.49
309.914
308.204
305.446
301.908
299.454
298.778
298.523
298.282
298.134
298.219
298.298
298.355
298.395
298.422
298.439
298.447
298.451
298.933
299.097
298.861
298.921
299.125
299.313
299.492
299.664
299.828
299.985
300.138
300.286
300.585
301.719
302.422
302.714
302.519
302.062
302.013
302.304
302.787
303.044
303.27
303.46
303.678
303.915
304.232
306.87
309.812
312.523
314.653
315.997
316.454
316.701
316.224
314.802
312.468
309.353
306.065
304.355
304.097
303.778
303.454
303.186
302.935
302.609
302.253
301.969
301.584
301.145
300.94
301.069
301.007
300.392
299.83
299.809
299.671
299.525
299.368
299.201
299.023
298.834
298.631
298.406
298.3
298.038
298.081
298.091
298.093
298.081
298.059
298.028
297.992
297.959
297.956
298.087
298.333
298.984
301.045
304.189
307.029
309.249
310.648
311.124
310.648
309.249
307.029
304.189
301.045
298.984
298.333
298.087
297.956
297.959
297.992
298.028
298.059
298.081
298.093
298.091
298.081
298.038
298.3
298.406
298.631
298.834
299.023
299.201
299.368
299.525
299.671
299.809
299.83
300.392
301.007
301.069
300.94
301.145
301.584
301.969
302.253
302.609
302.935
303.186
303.454
303.778
304.097
304.355
306.065
309.353
312.468
314.802
316.224
316.701
316.9
316.398
314.862
312.194
308.203
305.227
304.68
304.332
303.978
303.556
303.214
302.921
302.459
302.124
301.799
301.454
301.118
300.835
300.353
300.049
299.712
299.465
299.481
299.361
299.229
299.08
298.916
298.741
298.556
298.361
298.157
297.956
297.601
297.678
297.74
297.756
297.748
297.729
297.703
297.679
297.667
297.692
297.802
298.198
300.164
303.023
305.797
308.232
310.117
311.304
311.708
311.304
310.117
308.232
305.797
303.023
300.164
298.198
297.802
297.692
297.667
297.679
297.703
297.729
297.748
297.756
297.74
297.678
297.601
297.956
298.157
298.361
298.556
298.741
298.916
299.08
299.229
299.361
299.481
299.465
299.712
300.049
300.353
300.835
301.118
301.454
301.799
302.124
302.459
302.921
303.214
303.556
303.978
304.332
304.68
305.227
308.203
312.194
314.862
316.398
316.9
317.104
316.605
315.055
312.251
307.653
305.624
304.98
304.52
304.381
304.594
304.547
303.775
302.698
302.121
301.644
301.314
300.978
300.652
300.295
300.019
299.592
299.228
299.095
299.061
298.948
298.803
298.64
298.466
298.284
298.096
297.903
297.706
297.494
297.379
297.433
297.439
297.425
297.401
297.374
297.35
297.336
297.341
297.364
298.156
301.183
304.096
306.745
308.985
310.683
311.742
312.102
311.742
310.683
308.985
306.745
304.096
301.183
298.156
297.364
297.341
297.336
297.35
297.374
297.401
297.425
297.439
297.433
297.379
297.494
297.706
297.903
298.096
298.284
298.466
298.64
298.803
298.948
299.061
299.095
299.228
299.592
300.019
300.295
300.652
300.978
301.314
301.644
302.121
302.698
303.775
304.547
304.594
304.381
304.52
304.98
305.624
307.653
312.251
315.055
316.605
317.104
317.306
316.862
315.503
313.125
309.487
306.82
306.143
306.696
307.281
307.461
307.244
306.544
305.376
303.66
302.074
301.317
300.824
300.498
300.154
299.838
299.497
299.212
298.946
298.835
298.697
298.54
298.372
298.196
298.015
297.832
297.651
297.475
297.315
297.207
297.17
297.14
297.108
297.074
297.039
297.008
296.983
296.968
296.971
297.778
301.321
304.433
307.104
309.278
310.889
311.88
312.215
311.88
310.889
309.278
307.104
304.433
301.321
297.778
296.971
296.968
296.983
297.008
297.039
297.074
297.108
297.14
297.17
297.207
297.315
297.475
297.651
297.832
298.015
298.196
298.372
298.54
298.697
298.835
298.946
299.212
299.497
299.838
300.154
300.498
300.824
301.317
302.074
303.66
305.376
306.544
307.244
307.461
307.281
306.696
306.143
306.82
309.487
313.125
315.503
316.862
317.306
317.395
317.034
315.97
314.273
312.171
310.502
309.745
309.668
309.766
309.727
309.425
308.782
307.778
306.421
304.834
302.927
301.302
300.497
299.982
299.679
299.344
299.063
298.82
298.636
298.462
298.287
298.108
297.927
297.745
297.565
297.39
297.226
297.082
296.971
296.897
296.839
296.789
296.743
296.699
296.657
296.616
296.574
296.527
296.947
300.892
304.21
306.958
309.135
310.715
311.674
311.996
311.674
310.715
309.135
306.958
304.21
300.892
296.947
296.527
296.574
296.616
296.657
296.699
296.743
296.789
296.839
296.897
296.971
297.082
297.226
297.39
297.565
297.745
297.927
298.108
298.287
298.462
298.636
298.82
299.063
299.344
299.679
299.982
300.497
301.302
302.927
304.834
306.421
307.778
308.782
309.425
309.727
309.766
309.668
309.745
310.502
312.171
314.273
315.97
317.034
317.395
317.206
316.91
316.069
314.825
313.447
312.332
311.701
311.466
311.388
311.257
310.945
310.38
309.534
308.414
307.064
305.504
303.837
301.936
300.386
299.633
299.134
298.872
298.634
298.423
298.225
298.034
297.844
297.656
297.47
297.288
297.115
296.954
296.813
296.696
296.603
296.528
296.464
296.407
296.354
296.301
296.247
296.18
296.081
296.185
300.1
303.556
306.385
308.587
310.161
311.106
311.422
311.106
310.161
308.587
306.385
303.556
300.1
296.185
296.081
296.18
296.247
296.301
296.354
296.407
296.464
296.528
296.603
296.696
296.813
296.954
297.115
297.288
297.47
297.656
297.844
298.034
298.225
298.423
298.634
298.872
299.134
299.633
300.386
301.936
303.837
305.504
307.064
308.414
309.534
310.38
310.945
311.257
311.388
311.466
311.701
312.332
313.447
314.825
316.069
316.91
317.206
316.607
316.332
315.572
314.513
313.458
312.679
312.259
312.109
312.062
311.967
311.72
311.259
310.563
309.637
308.503
307.189
305.729
304.121
302.439
300.574
299.187
298.652
298.418
298.194
297.98
297.775
297.576
297.379
297.187
297
296.824
296.661
296.516
296.393
296.29
296.203
296.13
296.064
296.004
295.946
295.886
295.818
295.732
295.758
298.924
302.529
305.44
307.667
309.236
310.169
310.478
310.169
309.236
307.667
305.44
302.529
298.924
295.758
295.732
295.818
295.886
295.946
296.004
296.064
296.13
296.203
296.29
296.393
296.516
296.661
296.824
297
297.187
297.379
297.576
297.775
297.98
298.194
298.418
298.652
299.187
300.574
302.439
304.121
305.729
307.189
308.503
309.637
310.563
311.259
311.72
311.967
312.062
312.109
312.259
312.679
313.458
314.513
315.572
316.332
316.607
315.556
315.241
314.371
313.198
312.192
311.666
311.55
311.646
311.784
311.831
311.707
311.373
310.822
310.066
309.125
308.019
306.768
305.38
303.862
302.166
300.235
298.691
298.188
297.95
297.723
297.509
297.3
297.096
296.895
296.7
296.515
296.346
296.196
296.066
295.956
295.863
295.783
295.713
295.649
295.589
295.529
295.471
295.424
295.433
297.346
301.196
304.179
306.405
307.948
308.854
309.152
308.854
307.948
306.405
304.179
301.196
297.346
295.433
295.424
295.471
295.529
295.589
295.649
295.713
295.783
295.863
295.956
296.066
296.196
296.346
296.515
296.7
296.895
297.096
297.3
297.509
297.723
297.95
298.188
298.691
300.235
302.166
303.862
305.38
306.768
308.019
309.125
310.066
310.822
311.373
311.707
311.831
311.784
311.646
311.55
311.666
312.192
313.198
314.371
315.241
315.556
314.135
313.705
312.474
310.717
309.446
309.244
309.628
310.143
310.597
310.867
310.903
310.703
310.288
309.682
308.91
307.993
306.945
305.77
304.463
302.996
301.328
299.411
297.899
297.692
297.452
297.232
297.019
296.806
296.594
296.386
296.189
296.009
295.851
295.716
295.602
295.506
295.425
295.353
295.288
295.227
295.168
295.11
295.058
295.026
295.783
299.731
302.676
304.827
306.297
307.147
307.423
307.147
306.297
304.827
302.676
299.731
295.783
295.026
295.058
295.11
295.168
295.227
295.288
295.353
295.425
295.506
295.602
295.716
295.851
296.009
296.189
296.386
296.594
296.806
297.019
297.232
297.452
297.692
297.899
299.411
301.328
302.996
304.463
305.77
306.945
307.993
308.91
309.682
310.288
310.703
310.903
310.867
310.597
310.143
309.628
309.244
309.446
310.717
312.474
313.705
314.135
312.574
311.971
310.102
306.778
304.669
305.249
306.575
307.699
308.595
309.137
309.335
309.25
308.944
308.463
307.841
307.098
306.248
305.292
304.225
303.026
301.671
300.131
298.391
297.285
297.157
296.945
296.733
296.513
296.286
296.058
295.841
295.647
295.481
295.342
295.227
295.132
295.052
294.983
294.921
294.861
294.802
294.74
294.668
294.571
294.717
298.278
300.964
302.93
304.266
305.013
305.246
305.013
304.266
302.93
300.964
298.278
294.717
294.571
294.668
294.74
294.802
294.861
294.921
294.983
295.052
295.132
295.227
295.342
295.481
295.647
295.841
296.058
296.286
296.513
296.733
296.945
297.157
297.285
298.391
300.131
301.671
303.026
304.225
305.292
306.248
307.098
307.841
308.463
308.944
309.25
309.335
309.137
308.595
307.699
306.575
305.249
304.669
306.778
310.102
311.971
312.574
311.22
310.502
308.228
304.044
302.975
302.502
303.063
304.483
305.947
306.753
307.049
307.017
306.774
306.386
305.892
305.312
304.656
303.927
303.117
302.213
301.198
300.053
298.77
297.408
296.818
296.655
296.454
296.225
295.974
295.716
295.469
295.255
295.08
294.941
294.83
294.74
294.666
294.603
294.546
294.492
294.437
294.375
294.301
294.198
294.223
296.766
298.974
300.662
301.822
302.396
302.533
302.396
301.822
300.662
298.974
296.766
294.223
294.198
294.301
294.375
294.437
294.492
294.546
294.603
294.666
294.74
294.83
294.941
295.08
295.255
295.469
295.716
295.974
296.225
296.454
296.655
296.818
297.408
298.77
300.053
301.198
302.213
303.117
303.927
304.656
305.312
305.892
306.386
306.774
307.017
307.049
306.753
305.947
304.483
303.063
302.502
302.975
304.044
308.228
310.502
311.22
310.303
309.589
307.381
303.513
302.452
302.184
301.92
302.001
302.967
303.878
304.091
303.995
303.748
303.416
303.029
302.601
302.138
301.642
301.104
300.512
299.853
299.114
298.272
297.254
296.437
296.388
296.198
295.955
295.669
295.358
295.06
294.821
294.641
294.508
294.407
294.33
294.267
294.214
294.166
294.121
294.074
294.021
293.96
293.899
293.901
294.995
296.504
297.922
298.966
299.214
299.094
299.214
298.966
297.922
296.504
294.995
293.901
293.899
293.96
294.021
294.074
294.121
294.166
294.214
294.267
294.33
294.407
294.508
294.641
294.821
295.06
295.358
295.669
295.955
296.198
296.388
296.437
297.254
298.272
299.114
299.853
300.512
301.104
301.642
302.138
302.601
303.029
303.416
303.748
303.995
304.091
303.878
302.967
302.001
301.92
302.184
302.452
303.513
307.381
309.589
310.303
309.812
309.171
307.253
304.124
302.003
301.849
301.595
301.338
301.025
300.767
300.454
300.143
299.845
299.562
299.293
299.032
298.775
298.517
298.252
297.976
297.688
297.391
297.085
296.767
296.392
296.139
295.991
295.727
295.383
294.985
294.588
294.323
294.153
294.039
293.96
293.901
293.854
293.816
293.782
293.749
293.713
293.672
293.617
293.532
293.357
293.1
293.124
294.556
295.908
295.399
294.418
295.399
295.908
294.556
293.124
293.1
293.357
293.532
293.617
293.672
293.713
293.749
293.782
293.816
293.854
293.901
293.96
294.039
294.153
294.323
294.588
294.985
295.383
295.727
295.991
296.139
296.392
296.767
297.085
297.391
297.688
297.976
298.252
298.517
298.775
299.032
299.293
299.562
299.845
300.143
300.454
300.767
301.025
301.338
301.595
301.849
302.003
304.124
307.253
309.171
309.812
309.605
309.028
307.34
304.698
301.71
301.552
301.347
301.157
300.958
300.707
300.384
300.089
299.804
299.532
299.269
299.014
298.76
298.504
298.24
297.965
297.678
297.383
297.078
296.764
296.444
296.162
295.9
295.573
295.15
294.608
293.982
293.728
293.604
293.534
293.488
293.456
293.431
293.411
293.393
293.375
293.356
293.333
293.302
293.253
293.174
293.085
293.062
293.1
293.756
293.348
293.055
293.348
293.756
293.1
293.062
293.085
293.174
293.253
293.302
293.333
293.356
293.375
293.393
293.411
293.431
293.456
293.488
293.534
293.604
293.728
293.982
294.608
295.15
295.573
295.9
296.162
296.444
296.764
297.078
297.383
297.678
297.965
298.24
298.504
298.76
299.014
299.269
299.532
299.804
300.089
300.384
300.707
300.958
301.157
301.347
301.552
301.71
304.698
307.34
309.028
309.605
309.551
308.997
307.381
304.846
301.624
301.432
301.272
301.112
300.929
300.683
300.387
300.095
299.811
299.538
299.274
299.016
298.76
298.502
298.237
297.961
297.675
297.38
297.076
296.766
296.455
296.163
295.87
295.513
295.032
294.313
293
293
293
293
293
293
293
293
293
293
293
293
293
293
293
293
293
293
293
293
293
293
293
293
293
293
293
293
293
293
293
293
293
293
293
293
293
293
293
293
293
294.313
295.032
295.513
295.87
296.163
296.455
296.766
297.076
297.38
297.675
297.961
298.237
298.502
298.76
299.016
299.274
299.538
299.811
300.095
300.387
300.683
300.929
301.112
301.272
301.432
301.624
304.846
307.381
308.997
309.551
