331.897
328.868
319.618
313.658
310.233
307.698
305.724
303.694
301.991
300.443
299.027
297.662
296.45
295.843
294.899
293
293
293
293
293
293
293
293
293
293
293
293
293
293
293
293
293
293
293
293
293
294.899
295.843
296.45
297.662
299.027
300.443
301.991
303.694
305.724
307.698
310.233
313.658
319.618
328.868
331.897
332.926
329.981
320.943
314.979
311.563
308.451
306.001
303.773
302.035
300.48
299.025
297.609
296.368
296.006
295.369
294.523
294.178
293.999
293.876
293.752
293.591
293.386
293.2
293.161
293.318
294.897
293.318
293.161
293.2
293.386
293.591
293.752
293.876
293.999
294.178
294.523
295.369
296.006
296.368
297.609
299.025
300.48
302.035
303.773
306.001
308.451
311.563
314.979
320.943
329.981
332.926
335.844
333.208
325.052
318.692
314.692
310.676
307.738
305.108
302.826
300.961
299.301
297.578
296.484
296.432
296.037
295.533
295.175
294.932
294.739
294.528
294.214
293.741
293.241
293.429
297.61
300.685
297.61
293.429
293.241
293.741
294.214
294.528
294.739
294.932
295.175
295.533
296.037
296.432
296.484
297.578
299.301
300.961
302.826
305.108
307.738
310.676
314.692
318.692
325.052
333.208
335.844
340.035
337.991
331.796
325.377
322.138
320.001
317.326
314.046
310.491
306.747
302.723
298.408
297.58
297.217
296.803
296.383
296.046
295.803
295.606
295.396
295.103
295.221
300.164
303.962
307.219
308.742
307.219
303.962
300.164
295.221
295.103
295.396
295.606
295.803
296.046
296.383
296.803
297.217
297.58
298.408
302.723
306.747
310.491
314.046
317.326
320.001
322.138
325.377
331.796
337.991
340.035
344.313
342.943
339.201
334.721
330.892
327.391
323.598
319.265
314.351
308.817
302.647
298.789
298.548
298.027
297.56
297.139
296.812
296.615
296.475
296.335
296.149
297.142
305.438
311.036
314.564
315.843
314.564
311.036
305.438
297.142
296.149
296.335
296.475
296.615
296.812
297.139
297.56
298.027
298.548
298.789
302.647
308.817
314.351
319.265
323.598
327.391
330.892
334.721
339.201
342.943
344.313
347.332
346.267
343.364
339.467
335.337
331.073
326.409
321.064
314.829
307.527
300.922
299.906
299.317
298.772
298.26
297.786
297.435
297.359
297.332
297.309
297.322
299.97
309.551
316.181
320.157
321.502
320.157
316.181
309.551
299.97
297.322
297.309
297.332
297.359
297.435
297.786
298.26
298.772
299.317
299.906
300.922
307.527
314.829
321.064
326.409
331.073
335.337
339.467
343.364
346.267
347.332
348.48
347.428
344.523
340.445
335.917
331.155
325.902
319.754
312.375
304.379
301.052
300.584
300.029
299.471
298.91
298.315
297.836
298.04
298.171
298.236
298.286
302.245
312.617
319.981
324.382
325.85
324.382
319.981
312.617
302.245
298.286
298.236
298.171
298.04
297.836
298.315
298.91
299.471
300.029
300.584
301.052
304.379
312.375
319.754
325.902
331.155
335.917
340.445
344.523
347.428
348.48
347.732
346.443
342.854
337.873
332.731
327.729
322.291
315.674
307.374
302.283
301.875
301.306
300.733
300.161
299.598
298.687
298.74
298.901
299.063
299.164
299.227
303.317
314.691
322.743
327.54
329.134
327.54
322.743
314.691
303.317
299.227
299.164
299.063
298.901
298.74
298.687
299.598
300.161
300.733
301.306
301.875
302.283
307.374
315.674
322.291
327.729
332.731
337.873
342.854
346.443
347.732
345.562
343.759
338.577
331.464
325.411
320.737
315.859
309.356
303.911
303.231
302.611
302.018
301.426
300.831
300.919
301.048
299.851
299.818
300.002
300.121
300.192
303.726
316.089
324.76
329.902
331.607
329.902
324.76
316.089
303.726
300.192
300.121
300.002
299.818
299.851
301.048
300.919
300.831
301.426
302.018
302.611
303.231
303.911
309.356
315.859
320.737
325.411
331.464
338.577
343.759
345.562
342.996
340.455
332.482
323.922
318.627
314.054
309.488
305.722
304.372
303.872
303.308
302.718
302.109
302.323
304.391
304.556
301.002
300.8
300.994
301.111
301.187
304.112
317.182
326.306
331.702
333.488
331.702
326.306
317.182
304.112
301.187
301.111
300.994
300.8
301.002
304.556
304.391
302.323
302.109
302.718
303.308
303.872
304.372
305.722
309.488
314.054
318.627
323.922
332.482
340.455
342.996
341.513
338.606
329.154
321.633
317.325
312.897
308.646
305.648
305.042
304.563
304.02
303.424
303.437
306.466
309.085
307.928
302.805
301.96
302.052
302.131
302.201
304.82
318.224
327.579
333.111
334.941
333.111
327.579
318.224
304.82
302.201
302.131
302.052
301.96
302.805
307.928
309.085
306.466
303.437
303.424
304.02
304.563
305.042
305.648
308.646
312.897
317.325
321.633
329.154
338.606
341.513
341.845
339.341
331.628
323.441
317.688
312.426
307.812
306.069
305.713
305.305
304.772
304.594
307.898
312.323
313.559
311.277
305.243
303.122
303.112
303.149
303.209
305.948
319.318
328.677
334.22
336.057
334.22
328.677
319.318
305.948
303.209
303.149
303.112
303.122
305.243
311.277
313.559
312.323
307.898
304.594
304.772
305.305
305.713
306.069
307.812
312.426
317.688
323.441
331.628
339.341
341.845
343.185
341.307
335.944
328.564
321.104
313.625
307.476
306.864
306.602
306.16
305.833
308.357
314.123
317.389
317.549
314.38
307.727
304.147
304.111
304.13
304.186
307.41
320.429
329.589
335.036
336.845
335.036
329.589
320.429
307.41
304.186
304.13
304.111
304.147
307.727
314.38
317.549
317.389
314.123
308.357
305.833
306.16
306.602
306.864
307.476
313.625
321.104
328.564
335.944
341.307
343.185
344.282
342.757
338.414
331.992
324.318
315.564
308.239
308.003
307.619
307.185
307.578
313.585
319.132
321.56
320.869
316.967
309.762
305.088
305.044
305.063
305.118
308.976
321.4
330.216
335.492
337.249
335.492
330.216
321.4
308.976
305.118
305.063
305.044
305.088
309.762
316.967
320.869
321.56
319.132
313.585
307.578
307.185
307.619
308.003
308.239
315.564
324.318
331.992
338.414
342.757
344.282
344.43
343.023
338.961
332.675
324.633
314.914
309.192
309.045
308.685
308.549
311.337
318.678
323.259
324.852
323.399
318.857
311.18
305.994
305.932
305.948
306.018
310.319
321.984
330.383
335.465
337.168
335.465
330.383
321.984
310.319
306.018
305.948
305.932
305.994
311.18
318.857
323.399
324.852
323.259
318.678
311.337
308.549
308.685
309.045
309.192
314.914
324.633
332.675
338.961
343.023
344.43
343.391
341.946
337.733
331.115
322.626
312.853
310.428
310.127
309.729
309.922
315.939
322.603
326.374
327.19
325.017
319.883
311.852
307.039
306.953
306.968
307.059
311.027
321.839
329.867
334.818
336.492
334.818
329.867
321.839
311.027
307.059
306.968
306.953
307.039
311.852
319.883
325.017
327.19
326.374
322.603
315.939
309.922
309.729
310.127
310.428
312.853
322.626
331.115
337.733
341.946
343.391
341.244
339.635
334.91
327.425
318.224
312.155
311.652
311.242
311.035
312.109
319.704
325.42
328.444
328.516
325.595
319.808
311.38
308.144
308.034
308.05
308.189
310.571
320.481
328.427
333.449
335.162
333.449
328.427
320.481
310.571
308.189
308.05
308.034
308.144
311.38
319.808
325.595
328.516
328.444
325.42
319.704
312.109
311.035
311.242
311.652
312.155
318.224
327.425
334.91
339.635
341.244
338.315
336.439
330.849
321.576
314.287
312.706
312.369
312.145
312.197
313.799
321.517
326.929
329.466
328.836
325.04
318.382
310.25
309.001
308.761
308.753
309.01
309.755
317.198
325.912
331.39
333.259
331.39
325.912
317.198
309.755
309.01
308.753
308.761
309.001
310.25
318.382
325.04
328.836
329.466
326.929
321.517
313.799
312.197
312.145
312.369
312.706
314.287
321.576
330.849
336.439
338.315
335.137
332.957
326.477
316.596
313.705
313.141
312.832
312.752
313.087
314.137
321.644
327.314
329.653
328.322
323.347
315.154
310.131
309.653
309.3
309.271
309.593
310.124
313.398
322.633
328.939
331.095
328.939
322.633
313.398
310.124
309.593
309.271
309.3
309.653
310.131
315.154
323.347
328.322
329.653
327.314
321.644
314.137
313.087
312.752
312.832
313.141
313.705
316.596
326.477
332.957
335.137
332.319
329.775
322.1
314.74
314.214
313.685
313.33
313.362
313.838
314.275
320.127
327.03
329.512
327.452
320.894
312.17
310.953
310.33
309.864
309.81
310.213
310.769
311.354
318.804
326.636
329.245
326.636
318.804
311.354
310.769
310.213
309.81
309.864
310.33
310.953
312.17
320.894
327.452
329.512
327.03
320.127
314.275
313.838
313.362
313.33
313.685
314.214
314.74
322.1
329.775
332.319
330.591
327.726
319.004
315.38
314.928
314.325
313.903
314.104
314.777
315.468
318.573
327.169
329.912
327.081
318.511
312.273
311.697
311.078
310.467
310.333
310.942
311.56
312.14
316.139
325.559
328.614
325.559
316.139
312.14
311.56
310.942
310.333
310.467
311.078
311.697
312.273
318.511
327.081
329.912
327.169
318.573
315.468
314.777
314.104
313.903
314.325
314.928
315.38
319.004
327.726
330.591
330.593
327.586
318.299
316.404
315.703
314.966
314.92
315.168
315.568
316.969
320.058
329.243
331.887
328.479
318.117
313.754
312.42
311.808
312.736
312.776
311.892
312.258
313.426
316.823
326.926
330.093
326.926
316.823
313.426
312.258
311.892
312.776
312.736
311.808
312.42
313.754
318.117
328.479
331.887
329.243
320.058
316.969
315.568
315.168
314.92
314.966
315.703
316.404
318.299
327.586
330.593
332.608
329.919
321.568
318.175
317.401
320.254
323.453
324.091
322.398
321.567
327.045
334.026
335.912
332.913
324.443
317.28
315.801
318.934
322.01
322.15
319.325
316.148
316.958
323.434
331.383
333.907
331.383
323.434
316.958
316.148
319.325
322.15
322.01
318.934
315.801
317.28
324.443
332.913
335.912
334.026
327.045
321.567
322.398
324.091
323.453
320.254
317.401
318.175
321.568
329.919
332.608
336.003
334.139
328.592
324.72
325.964
329.317
331.718
332.881
333.203
334.073
336.897
339.981
340.823
338.889
334.627
330.672
329.179
329.865
330.864
330.902
329.936
329.119
330.199
333.61
337.35
338.767
337.35
333.61
330.199
329.119
329.936
330.902
330.864
329.865
329.179
330.672
334.627
338.889
340.823
339.981
336.897
334.073
333.203
332.881
331.718
329.317
325.964
324.72
328.592
334.139
336.003
339.125
338.079
335.496
333.605
333.879
335.517
337.22
338.513
339.514
340.757
342.561
344.176
344.51
343.193
340.654
338.155
336.758
336.505
336.677
336.66
336.414
336.479
337.531
339.581
341.638
342.464
341.638
339.581
337.531
336.479
336.414
336.66
336.677
336.505
336.758
338.155
340.654
343.193
344.51
344.176
342.561
340.757
339.514
338.513
337.22
335.517
333.879
333.605
335.496
338.079
339.125
340.34
339.555
337.722
336.342
336.438
337.651
339.131
340.436
341.586
342.878
344.413
345.653
345.848
344.718
342.64
340.536
339.193
338.721
338.68
338.645
338.581
338.851
339.865
341.547
343.159
343.811
343.159
341.547
339.865
338.851
338.581
338.645
338.68
338.721
339.193
340.536
342.64
344.718
345.848
345.653
344.413
342.878
341.586
340.436
339.131
337.651
336.438
336.342
337.722
339.555
340.34
339.125
338.079
335.496
333.605
333.879
335.517
337.22
338.513
339.514
340.757
342.561
344.176
344.51
343.193
340.654
338.155
336.758
336.505
336.677
336.66
336.414
336.479
337.531
339.581
341.638
342.464
341.638
339.581
337.531
336.479
336.414
336.66
336.677
336.505
336.758
338.155
340.654
343.193
344.51
344.176
342.561
340.757
339.514
338.513
337.22
335.517
333.879
333.605
335.496
338.079
339.125
336.003
334.139
328.592
324.72
325.964
329.317
331.718
332.881
333.203
334.073
336.897
339.981
340.823
338.889
334.627
330.672
329.179
329.865
330.864
330.902
329.936
329.119
330.199
333.61
337.35
338.767
337.35
333.61
330.199
329.119
329.936
330.902
330.864
329.865
329.179
330.672
334.627
338.889
340.823
339.981
336.897
334.073
333.203
332.881
331.718
329.317
325.964
324.72
328.592
334.139
336.003
332.608
329.919
321.568
318.175
317.401
320.254
323.453
324.091
322.398
321.567
327.045
334.026
335.912
332.913
324.443
317.28
315.801
318.934
322.01
322.15
319.325
316.148
316.958
323.434
331.383
333.907
331.383
323.434
316.958
316.148
319.325
322.15
322.01
318.934
315.801
317.28
324.443
332.913
335.912
334.026
327.045
321.567
322.398
324.091
323.453
320.254
317.401
318.175
321.568
329.919
332.608
330.593
327.586
318.299
316.404
315.703
314.966
314.92
315.168
315.568
316.969
320.058
329.243
331.887
328.479
318.117
313.754
312.42
311.808
312.736
312.776
311.892
312.258
313.426
316.823
326.926
330.093
326.926
316.823
313.426
312.258
311.892
312.776
312.736
311.808
312.42
313.754
318.117
328.479
331.887
329.243
320.058
316.969
315.568
315.168
314.92
314.966
315.703
316.404
318.299
327.586
330.593
330.591
327.726
319.004
315.38
314.928
314.325
313.903
314.104
314.777
315.468
318.573
327.169
329.912
327.081
318.511
312.273
311.697
311.078
310.467
310.333
310.942
311.56
312.14
316.139
325.559
328.614
325.559
316.139
312.14
311.56
310.942
310.333
310.467
311.078
311.697
312.273
318.511
327.081
329.912
327.169
318.573
315.468
314.777
314.104
313.903
314.325
314.928
315.38
319.004
327.726
330.591
332.319
329.775
322.1
314.74
314.214
313.685
313.33
313.362
313.838
314.275
320.127
327.03
329.512
327.452
320.894
312.17
310.953
310.33
309.864
309.81
310.213
310.769
311.354
318.804
326.636
329.245
326.636
318.804
311.354
310.769
310.213
309.81
309.864
310.33
310.953
312.17
320.894
327.452
329.512
327.03
320.127
314.275
313.838
313.362
313.33
313.685
314.214
314.74
322.1
329.775
332.319
335.137
332.957
326.477
316.596
313.705
313.141
312.832
312.752
313.087
314.137
321.644
327.314
329.653
328.322
323.347
315.154
310.131
309.653
309.3
309.271
309.593
310.124
313.398
322.633
328.939
331.095
328.939
322.633
313.398
310.124
309.593
309.271
309.3
309.653
310.131
315.154
323.347
328.322
329.653
327.314
321.644
314.137
313.087
312.752
312.832
313.141
313.705
316.596
326.477
332.957
335.137
338.315
336.439
330.849
321.576
314.287
312.706
312.369
312.145
312.197
313.799
321.517
326.929
329.466
328.836
325.04
318.382
310.25
309.001
308.761
308.753
309.01
309.755
317.198
325.912
331.39
333.259
331.39
325.912
317.198
309.755
309.01
308.753
308.761
309.001
310.25
318.382
325.04
328.836
329.466
326.929
321.517
313.799
312.197
312.145
312.369
312.706
314.287
321.576
330.849
336.439
338.315
341.244
339.635
334.91
327.425
318.224
312.155
311.652
311.242
311.035
312.109
319.704
325.42
328.444
328.516
325.595
319.808
311.38
308.144
308.034
308.05
308.189
310.571
320.481
328.427
333.449
335.162
333.449
328.427
320.481
310.571
308.189
308.05
308.034
308.144
311.38
319.808
325.595
328.516
328.444
325.42
319.704
312.109
311.035
311.242
311.652
312.155
318.224
327.425
334.91
339.635
341.244
343.391
341.946
337.733
331.115
322.626
312.853
310.428
310.127
309.729
309.922
315.939
322.603
326.374
327.19
325.017
319.883
311.852
307.039
306.953
306.968
307.059
311.027
321.839
329.867
334.818
336.492
334.818
329.867
321.839
311.027
307.059
306.968
306.953
307.039
311.852
319.883
325.017
327.19
326.374
322.603
315.939
309.922
309.729
310.127
310.428
312.853
322.626
331.115
337.733
341.946
343.391
344.43
343.023
338.961
332.675
324.633
314.914
309.192
309.045
308.685
308.549
311.337
318.678
323.259
324.852
323.399
318.857
311.18
305.994
305.932
305.948
306.018
310.319
321.984
330.383
335.465
337.168
335.465
330.383
321.984
310.319
306.018
305.948
305.932
305.994
311.18
318.857
323.399
324.852
323.259
318.678
311.337
308.549
308.685
309.045
309.192
314.914
324.633
332.675
338.961
343.023
344.43
344.282
342.757
338.414
331.992
324.318
315.564
308.239
308.003
307.619
307.185
307.578
313.585
319.132
321.56
320.869
316.967
309.762
305.088
305.044
305.063
305.118
308.976
321.4
330.216
335.492
337.249
335.492
330.216
321.4
308.976
305.118
305.063
305.044
305.088
309.762
316.967
320.869
321.56
319.132
313.585
307.578
307.185
307.619
308.003
308.239
315.564
324.318
331.992
338.414
342.757
344.282
343.185
341.307
335.944
328.564
321.104
313.625
307.476
306.864
306.602
306.16
305.833
308.357
314.123
317.389
317.549
314.38
307.727
304.147
304.111
304.13
304.186
307.41
320.429
329.589
335.036
336.845
335.036
329.589
320.429
307.41
304.186
304.13
304.111
304.147
307.727
314.38
317.549
317.389
314.123
308.357
305.833
306.16
306.602
306.864
307.476
313.625
321.104
328.564
335.944
341.307
343.185
341.845
339.341
331.628
323.441
317.688
312.426
307.812
306.069
305.713
305.305
304.772
304.594
307.898
312.323
313.559
311.277
305.243
303.122
303.112
303.149
303.209
305.948
319.318
328.677
334.22
336.057
334.22
328.677
319.318
305.948
303.209
303.149
303.112
303.122
305.243
311.277
313.559
312.323
307.898
304.594
304.772
305.305
305.713
306.069
307.812
312.426
317.688
323.441
331.628
339.341
341.845
341.513
338.606
329.154
321.633
317.325
312.897
308.646
305.648
305.042
304.563
304.02
303.424
303.437
306.466
309.085
307.928
302.805
301.96
302.052
302.131
302.201
304.82
318.224
327.579
333.111
334.941
333.111
327.579
318.224
304.82
302.201
302.131
302.052
301.96
302.805
307.928
309.085
306.466
303.437
303.424
304.02
304.563
305.042
305.648
308.646
312.897
317.325
321.633
329.154
338.606
341.513
342.996
340.455
332.482
323.922
318.627
314.054
309.488
305.722
304.372
303.872
303.308
302.718
302.109
302.323
304.391
304.556
301.002
300.8
300.994
301.111
301.187
304.112
317.182
326.306
331.702
333.488
331.702
326.306
317.182
304.112
301.187
301.111
300.994
300.8
301.002
304.556
304.391
302.323
302.109
302.718
303.308
303.872
304.372
305.722
309.488
314.054
318.627
323.922
332.482
340.455
342.996
345.562
343.759
338.577
331.464
325.411
320.737
315.859
309.356
303.911
303.231
302.611
302.018
301.426
300.831
300.919
301.048
299.851
299.818
300.002
300.121
300.192
303.726
316.089
324.76
329.902
331.607
329.902
324.76
316.089
303.726
300.192
300.121
300.002
299.818
299.851
301.048
300.919
300.831
301.426
302.018
302.611
303.231
303.911
309.356
315.859
320.737
325.411
331.464
338.577
343.759
345.562
347.732
346.443
342.854
337.873
332.731
327.729
322.291
315.674
307.374
302.283
301.875
301.306
300.733
300.161
299.598
298.687
298.74
298.901
299.063
299.164
299.227
303.317
314.691
322.743
327.54
329.134
327.54
322.743
314.691
303.317
299.227
299.164
299.063
298.901
298.74
298.687
299.598
300.161
300.733
301.306
301.875
302.283
307.374
315.674
322.291
327.729
332.731
337.873
342.854
346.443
347.732
348.48
347.428
344.523
340.445
335.917
331.155
325.902
319.754
312.375
304.379
301.052
300.584
300.029
299.471
298.91
298.315
297.836
298.04
298.171
298.236
298.286
302.245
312.617
319.981
324.382
325.85
324.382
319.981
312.617
302.245
298.286
298.236
298.171
298.04
297.836
298.315
298.91
299.471
300.029
300.584
301.052
304.379
312.375
319.754
325.902
331.155
335.917
340.445
344.523
347.428
348.48
347.332
346.267
343.364
339.467
335.337
331.073
326.409
321.064
314.829
307.527
300.922
299.906
299.317
298.772
298.26
297.786
297.435
297.359
297.332
297.309
297.322
299.97
309.551
316.181
320.157
321.502
320.157
316.181
309.551
299.97
297.322
297.309
297.332
297.359
297.435
297.786
298.26
298.772
299.317
299.906
300.922
307.527
314.829
321.064
326.409
331.073
335.337
339.467
343.364
346.267
347.332
344.313
342.943
339.201
334.721
330.892
327.391
323.598
319.265
314.351
308.817
302.647
298.789
298.548
298.027
297.56
297.139
296.812
296.615
296.475
296.335
296.149
297.142
305.438
311.036
314.564
315.843
314.564
311.036
305.438
297.142
296.149
296.335
296.475
296.615
296.812
297.139
297.56
298.027
298.548
298.789
302.647
308.817
314.351
319.265
323.598
327.391
330.892
334.721
339.201
342.943
344.313
340.035
337.991
331.796
325.377
322.138
320.001
317.326
314.046
310.491
306.747
302.723
298.408
297.58
297.217
296.803
296.383
296.046
295.803
295.606
295.396
295.103
295.221
300.164
303.962
307.219
308.742
307.219
303.962
300.164
295.221
295.103
295.396
295.606
295.803
296.046
296.383
296.803
297.217
297.58
298.408
302.723
306.747
310.491
314.046
317.326
320.001
322.138
325.377
331.796
337.991
340.035
335.844
333.208
325.052
318.692
314.692
310.676
307.738
305.108
302.826
300.961
299.301
297.578
296.484
296.432
296.037
295.533
295.175
294.932
294.739
294.528
294.214
293.741
293.241
293.429
297.61
300.685
297.61
293.429
293.241
293.741
294.214
294.528
294.739
294.932
295.175
295.533
296.037
296.432
296.484
297.578
299.301
300.961
302.826
305.108
307.738
310.676
314.692
318.692
325.052
333.208
335.844
332.926
329.981
320.943
314.979
311.563
308.451
306.001
303.773
302.035
300.48
299.025
297.609
296.368
296.006
295.369
294.523
294.178
293.999
293.876
293.752
293.591
293.386
293.2
293.161
293.318
294.897
293.318
293.161
293.2
293.386
293.591
293.752
293.876
293.999
294.178
294.523
295.369
296.006
296.368
297.609
299.025
300.48
302.035
303.773
306.001
308.451
311.563
314.979
320.943
329.981
332.926
331.897
328.868
319.618
313.658
310.233
307.698
305.724
303.694
301.991
300.443
299.027
297.662
296.45
295.843
294.899
293
293
293
293
293
293
293
293
293
293
293
293
293
293
293
293
293
293
293
293
293
294.899
295.843
296.45
297.662
299.027
300.443
301.991
303.694
305.724
307.698
310.233
313.658
319.618
328.868
331.897
