326.842
326.31
324.745
322.549
320.265
318.004
315.742
313.525
312.18
311.078
309.846
308.704
307.808
307.091
306.507
306.021
305.614
305.274
304.955
304.612
304.228
303.794
303.301
302.741
302.101
301.364
300.502
299.464
298.147
296.281
293
293
293
293
293
293
293
293
293
293
293
293
293
293
293
293
293
293
293
293
293
293
293
293
293
293
293
293
293
293
293
293
293
293
293
293
293
293
293
293
293
296.281
298.147
299.464
300.502
301.364
302.101
302.741
303.301
303.794
304.228
304.612
304.955
305.274
305.614
306.021
306.507
307.091
307.808
308.704
309.846
311.078
312.18
313.525
315.742
318.004
320.265
322.549
324.745
326.31
326.842
326.879
326.359
324.836
322.669
320.374
318.093
315.818
313.573
312.154
311.091
309.914
308.75
307.844
307.122
306.533
306.043
305.631
305.281
304.963
304.628
304.248
303.818
303.33
302.776
302.145
301.422
300.585
299.6
298.417
296.984
295.381
294.727
294.407
294.224
294.106
294.025
293.964
293.918
293.881
293.852
293.828
293.808
293.792
293.778
293.767
293.758
293.751
293.746
293.742
293.74
293.739
293.74
293.742
293.746
293.751
293.758
293.767
293.778
293.792
293.808
293.828
293.852
293.881
293.918
293.964
294.025
294.106
294.224
294.407
294.727
295.381
296.984
298.417
299.6
300.585
301.422
302.145
302.776
303.33
303.818
304.248
304.628
304.963
305.281
305.631
306.043
306.533
307.122
307.844
308.75
309.914
311.091
312.154
313.573
315.818
318.093
320.374
322.669
324.836
326.359
326.879
326.961
326.467
325.027
322.928
320.624
318.309
316.008
313.734
312.181
311.123
310.056
308.892
307.961
307.224
306.622
306.119
305.692
305.324
304.997
304.678
304.311
303.892
303.417
302.88
302.273
301.586
300.807
299.924
298.929
297.847
296.804
296.112
295.668
295.373
295.168
295.019
294.906
294.817
294.747
294.69
294.643
294.604
294.571
294.545
294.523
294.505
294.491
294.48
294.473
294.469
294.467
294.469
294.473
294.48
294.491
294.505
294.523
294.545
294.571
294.604
294.643
294.69
294.747
294.817
294.906
295.019
295.168
295.373
295.668
296.112
296.804
297.847
298.929
299.924
300.807
301.586
302.273
302.88
303.417
303.892
304.311
304.678
304.997
305.324
305.692
306.119
306.622
307.224
307.961
308.892
310.056
311.123
312.181
313.734
316.008
318.309
320.624
322.928
325.027
326.467
326.961
327.036
326.561
325.178
323.136
320.84
318.512
316.212
313.966
312.332
311.23
310.222
309.083
308.145
307.395
306.776
306.256
305.811
305.424
305.081
304.769
304.417
304.013
303.556
303.044
302.471
301.833
301.126
300.35
299.517
298.664
297.868
297.239
296.77
296.425
296.166
295.968
295.813
295.69
295.59
295.508
295.44
295.384
295.337
295.298
295.266
295.24
295.219
295.203
295.192
295.186
295.184
295.186
295.192
295.203
295.219
295.24
295.266
295.298
295.337
295.384
295.44
295.508
295.59
295.69
295.813
295.968
296.166
296.425
296.77
297.239
297.868
298.664
299.517
300.35
301.126
301.833
302.471
303.044
303.556
304.013
304.417
304.769
305.081
305.424
305.811
306.256
306.776
307.395
308.145
309.083
310.222
311.23
312.332
313.966
316.212
318.512
320.84
323.136
325.178
326.561
327.036
327.069
326.597
325.233
323.215
320.932
318.622
316.368
314.21
312.545
311.42
310.416
309.291
308.367
307.609
306.974
306.436
305.974
305.571
305.217
304.903
304.564
304.178
303.743
303.26
302.725
302.139
301.504
300.825
300.118
299.413
298.757
298.196
297.741
297.38
297.093
296.865
296.68
296.53
296.406
296.303
296.217
296.146
296.085
296.035
295.994
295.96
295.933
295.913
295.898
295.89
295.887
295.89
295.898
295.913
295.933
295.96
295.994
296.035
296.085
296.146
296.217
296.303
296.406
296.53
296.68
296.865
297.093
297.38
297.741
298.196
298.757
299.413
300.118
300.825
301.504
302.139
302.725
303.26
303.743
304.178
304.564
304.903
305.217
305.571
305.974
306.436
306.974
307.609
308.367
309.291
310.416
311.42
312.545
314.21
316.368
318.622
320.932
323.215
325.233
326.597
327.069
327.051
326.576
325.207
323.197
320.935
318.669
316.499
314.476
312.806
311.662
310.639
309.543
308.632
307.866
307.216
306.66
306.18
305.762
305.397
305.077
304.751
304.382
303.971
303.517
303.022
302.487
301.916
301.318
300.707
300.106
299.541
299.039
298.61
298.251
297.954
297.708
297.504
297.335
297.192
297.073
296.972
296.887
296.815
296.755
296.705
296.664
296.632
296.607
296.59
296.579
296.576
296.579
296.59
296.607
296.632
296.664
296.705
296.755
296.815
296.887
296.972
297.073
297.192
297.335
297.504
297.708
297.954
298.251
298.61
299.039
299.541
300.106
300.707
301.318
301.916
302.487
303.022
303.517
303.971
304.382
304.751
305.077
305.397
305.762
306.18
306.66
307.216
307.866
308.632
309.543
310.639
311.662
312.806
314.476
316.499
318.669
320.935
323.197
325.207
326.576
327.051
326.994
326.512
325.129
323.123
320.894
318.692
316.625
314.745
313.116
311.945
310.89
309.84
308.939
308.166
307.5
306.926
306.427
305.994
305.615
305.286
304.971
304.619
304.231
303.807
303.35
302.861
302.347
301.815
301.279
300.752
300.255
299.801
299.399
299.052
298.754
298.501
298.286
298.103
297.947
297.815
297.702
297.606
297.524
297.455
297.398
297.351
297.313
297.285
297.265
297.253
297.249
297.253
297.265
297.285
297.313
297.351
297.398
297.455
297.524
297.606
297.702
297.815
297.947
298.103
298.286
298.501
298.754
299.052
299.399
299.801
300.255
300.752
301.279
301.815
302.347
302.861
303.35
303.807
304.231
304.619
304.971
305.286
305.615
305.994
306.427
306.926
307.5
308.166
308.939
309.84
310.89
311.945
313.116
314.745
316.625
318.692
320.894
323.123
325.129
326.512
326.994
326.919
326.428
325.031
323.034
320.849
318.722
316.759
315.003
313.465
312.268
311.189
310.179
309.288
308.506
307.825
307.232
306.715
306.263
305.87
305.527
305.218
304.884
304.518
304.123
303.7
303.252
302.786
302.309
301.83
301.361
300.915
300.501
300.126
299.793
299.501
299.246
299.026
298.835
298.67
298.528
298.406
298.301
298.211
298.135
298.072
298.019
297.978
297.946
297.923
297.91
297.905
297.91
297.923
297.946
297.978
298.019
298.072
298.135
298.211
298.301
298.406
298.528
298.67
298.835
299.026
299.246
299.501
299.793
300.126
300.501
300.915
301.361
301.83
302.309
302.786
303.252
303.7
304.123
304.518
304.884
305.218
305.527
305.87
306.263
306.715
307.232
307.825
308.506
309.288
310.179
311.189
312.268
313.465
315.003
316.759
318.722
320.849
323.034
325.031
326.428
326.919
326.846
326.349
324.942
322.962
320.83
318.784
316.92
315.269
313.828
312.628
311.55
310.563
309.676
308.886
308.189
307.577
307.04
306.57
306.159
305.8
305.488
305.171
304.827
304.457
304.064
303.653
303.228
302.795
302.363
301.939
301.533
301.152
300.802
300.485
300.201
299.949
299.727
299.532
299.362
299.213
299.084
298.972
298.876
298.794
298.725
298.668
298.623
298.588
298.563
298.549
298.544
298.549
298.563
298.588
298.623
298.668
298.725
298.794
298.876
298.972
299.084
299.213
299.362
299.532
299.727
299.949
300.201
300.485
300.802
301.152
301.533
301.939
302.363
302.795
303.228
303.653
304.064
304.457
304.827
305.171
305.488
305.8
306.159
306.57
307.04
307.577
308.189
308.886
309.676
310.563
311.55
312.628
313.828
315.269
316.92
318.784
320.83
322.962
324.942
326.349
326.846
326.795
326.298
324.889
322.936
320.864
318.899
317.125
315.562
314.196
313.018
311.96
310.986
310.101
309.302
308.59
307.959
307.402
306.912
306.482
306.107
305.782
305.477
305.151
304.804
304.439
304.059
303.669
303.273
302.878
302.491
302.118
301.765
301.436
301.134
300.86
300.613
300.392
300.196
300.023
299.87
299.735
299.619
299.517
299.431
299.358
299.297
299.248
299.211
299.185
299.169
299.164
299.169
299.185
299.211
299.248
299.297
299.358
299.431
299.517
299.619
299.735
299.87
300.023
300.196
300.392
300.613
300.86
301.134
301.436
301.765
302.118
302.491
302.878
303.273
303.669
304.059
304.439
304.804
305.151
305.477
305.782
306.107
306.482
306.912
307.402
307.959
308.59
309.302
310.101
310.986
311.96
313.018
314.196
315.562
317.125
318.899
320.864
322.936
324.889
326.298
326.795
326.78
326.298
324.897
322.977
320.968
319.081
317.387
315.896
314.588
313.444
312.408
311.446
310.561
309.754
309.027
308.377
307.799
307.288
306.838
306.443
306.099
305.795
305.488
305.162
304.82
304.467
304.105
303.74
303.376
303.019
302.673
302.344
302.035
301.747
301.483
301.242
301.024
300.829
300.654
300.498
300.361
300.24
300.135
300.045
299.969
299.905
299.854
299.814
299.787
299.77
299.765
299.77
299.787
299.814
299.854
299.905
299.969
300.045
300.135
300.24
300.361
300.498
300.654
300.829
301.024
301.242
301.483
301.747
302.035
302.344
302.673
303.019
303.376
303.74
304.105
304.467
304.82
305.162
305.488
305.795
306.099
306.443
306.838
307.288
307.799
308.377
309.027
309.754
310.561
311.446
312.408
313.444
314.588
315.896
317.387
319.081
320.968
322.977
324.897
326.298
326.78
326.817
326.365
324.981
323.103
321.158
319.342
317.716
316.285
315.023
313.909
312.894
311.941
311.057
310.241
309.499
308.831
308.232
307.7
307.228
306.812
306.447
306.13
305.834
305.525
305.204
304.874
304.537
304.197
303.859
303.527
303.204
302.895
302.602
302.328
302.073
301.839
301.625
301.431
301.257
301.1
300.961
300.838
300.73
300.637
300.558
300.492
300.438
300.397
300.368
300.351
300.345
300.351
300.368
300.397
300.438
300.492
300.558
300.637
300.73
300.838
300.961
301.1
301.257
301.431
301.625
301.839
302.073
302.328
302.602
302.895
303.204
303.527
303.859
304.197
304.537
304.874
305.204
305.525
305.834
306.13
306.447
306.812
307.228
307.7
308.232
308.831
309.499
310.241
311.057
311.941
312.894
313.909
315.023
316.285
317.716
319.342
321.158
323.103
324.981
326.365
326.817
326.921
326.506
325.156
323.323
321.439
319.686
318.118
316.735
315.509
314.419
313.419
312.474
311.588
310.764
310.008
309.321
308.702
308.147
307.652
307.213
306.825
306.484
306.184
305.892
305.589
305.278
304.962
304.644
304.327
304.015
303.712
303.42
303.142
302.88
302.634
302.407
302.197
302.006
301.832
301.676
301.535
301.411
301.301
301.206
301.125
301.057
301.002
300.959
300.929
300.911
300.905
300.911
300.929
300.959
301.002
301.057
301.125
301.206
301.301
301.411
301.535
301.676
301.832
302.006
302.197
302.407
302.634
302.88
303.142
303.42
303.712
304.015
304.327
304.644
304.962
305.278
305.589
305.892
306.184
306.484
306.825
307.213
307.652
308.147
308.702
309.321
310.008
310.764
311.588
312.474
313.419
314.419
315.509
316.735
318.118
319.686
321.439
323.323
325.156
326.506
326.921
327.097
326.719
325.43
323.643
321.815
320.118
318.597
317.251
316.052
314.977
313.987
313.046
312.158
311.324
310.554
309.848
309.208
308.631
308.112
307.649
307.237
306.872
306.551
306.26
305.973
305.678
305.38
305.08
304.781
304.487
304.2
303.923
303.657
303.406
303.169
302.948
302.743
302.554
302.382
302.226
302.085
301.96
301.849
301.752
301.669
301.6
301.544
301.5
301.469
301.451
301.445
301.451
301.469
301.5
301.544
301.6
301.669
301.752
301.849
301.96
302.085
302.226
302.382
302.554
302.743
302.948
303.169
303.406
303.657
303.923
304.2
304.487
304.781
305.08
305.38
305.678
305.973
306.26
306.551
306.872
307.237
307.649
308.112
308.631
309.208
309.848
310.554
311.324
312.158
313.046
313.987
314.977
316.052
317.251
318.597
320.118
321.815
323.643
325.43
326.719
327.097
327.352
327.007
325.796
324.059
322.285
320.636
319.154
317.835
316.654
315.587
314.602
313.661
312.768
311.925
311.139
310.415
309.753
309.152
308.609
308.121
307.684
307.294
306.947
306.638
306.354
306.074
305.791
305.506
305.222
304.943
304.669
304.405
304.15
303.908
303.678
303.463
303.263
303.077
302.907
302.751
302.611
302.485
302.373
302.276
302.192
302.121
302.064
302.019
301.988
301.969
301.963
301.969
301.988
302.019
302.064
302.121
302.192
302.276
302.373
302.485
302.611
302.751
302.907
303.077
303.263
303.463
303.678
303.908
304.15
304.405
304.669
304.943
305.222
305.506
305.791
306.074
306.354
306.638
306.947
307.294
307.684
308.121
308.609
309.152
309.753
310.415
311.139
311.925
312.768
313.661
314.602
315.587
316.654
317.835
319.154
320.636
322.285
324.059
325.796
327.007
327.352
327.692
327.376
326.243
324.566
322.846
321.239
319.789
318.489
317.318
316.252
315.268
314.323
313.423
312.568
311.766
311.023
310.339
309.714
309.146
308.632
308.168
307.752
307.378
307.043
306.742
306.465
306.194
305.921
305.651
305.383
305.121
304.867
304.622
304.388
304.165
303.955
303.759
303.576
303.408
303.253
303.113
302.987
302.875
302.777
302.692
302.62
302.562
302.517
302.485
302.466
302.459
302.466
302.485
302.517
302.562
302.62
302.692
302.777
302.875
302.987
303.113
303.253
303.408
303.576
303.759
303.955
304.165
304.388
304.622
304.867
305.121
305.383
305.651
305.921
306.194
306.465
306.742
307.043
307.378
307.752
308.168
308.632
309.146
309.714
310.339
311.023
311.766
312.568
313.423
314.323
315.268
316.252
317.318
318.489
319.789
321.239
322.846
324.566
326.243
327.376
327.692
328.116
327.826
326.767
325.158
323.492
321.925
320.5
319.214
318.048
316.978
315.989
315.035
314.125
313.256
312.438
311.675
310.968
310.319
309.725
309.184
308.693
308.249
307.848
307.486
307.159
306.862
306.589
306.327
306.066
305.809
305.557
305.311
305.074
304.847
304.63
304.425
304.232
304.052
303.885
303.732
303.592
303.466
303.354
303.255
303.169
303.097
303.038
302.993
302.96
302.941
302.934
302.941
302.96
302.993
303.038
303.097
303.169
303.255
303.354
303.466
303.592
303.732
303.885
304.052
304.232
304.425
304.63
304.847
305.074
305.311
305.557
305.809
306.066
306.327
306.589
306.862
307.159
307.486
307.848
308.249
308.693
309.184
309.725
310.319
310.968
311.675
312.438
313.256
314.125
315.035
315.989
316.978
318.048
319.214
320.5
321.925
323.492
325.158
326.767
327.826
328.116
328.624
328.356
327.362
325.83
324.219
322.688
321.285
320.009
318.845
317.766
316.768
315.802
314.878
313.995
313.158
312.373
311.643
310.968
310.347
309.779
309.26
308.788
308.359
307.969
307.615
307.292
306.996
306.725
306.469
306.222
305.977
305.739
305.508
305.286
305.074
304.873
304.684
304.506
304.341
304.188
304.049
303.923
303.81
303.711
303.625
303.552
303.493
303.446
303.413
303.394
303.387
303.394
303.413
303.446
303.493
303.552
303.625
303.711
303.81
303.923
304.049
304.188
304.341
304.506
304.684
304.873
305.074
305.286
305.508
305.739
305.977
306.222
306.469
306.725
306.996
307.292
307.615
307.969
308.359
308.788
309.26
309.779
310.347
310.968
311.643
312.373
313.158
313.995
314.878
315.802
316.768
317.766
318.845
320.009
321.285
322.688
324.219
325.83
327.362
328.356
328.624
329.213
328.965
328.03
326.576
325.02
323.523
322.141
320.873
319.708
318.62
317.606
316.627
315.687
314.786
313.929
313.122
312.367
311.666
311.017
310.421
309.873
309.372
308.915
308.497
308.115
307.766
307.445
307.15
306.876
306.622
306.381
306.149
305.924
305.707
305.499
305.301
305.114
304.938
304.774
304.623
304.484
304.358
304.245
304.145
304.058
303.985
303.925
303.878
303.845
303.825
303.818
303.825
303.845
303.878
303.925
303.985
304.058
304.145
304.245
304.358
304.484
304.623
304.774
304.938
305.114
305.301
305.499
305.707
305.924
306.149
306.381
306.622
306.876
307.15
307.445
307.766
308.115
308.497
308.915
309.372
309.873
310.421
311.017
311.666
312.367
313.122
313.929
314.786
315.687
316.627
317.606
318.62
319.708
320.873
322.141
323.523
325.02
326.576
328.03
328.965
329.213
329.882
329.65
328.779
327.393
325.888
324.426
323.063
321.804
320.637
319.542
318.508
317.514
316.554
315.634
314.755
313.924
313.144
312.415
311.738
311.112
310.535
310.004
309.517
309.07
308.661
308.285
307.939
307.62
307.324
307.049
306.792
306.551
306.324
306.109
305.904
305.71
305.525
305.35
305.187
305.035
304.897
304.77
304.657
304.556
304.469
304.395
304.334
304.287
304.253
304.233
304.226
304.233
304.253
304.287
304.334
304.395
304.469
304.556
304.657
304.77
304.897
305.035
305.187
305.35
305.525
305.71
305.904
306.109
306.324
306.551
306.792
307.049
307.324
307.62
307.939
308.285
308.661
309.07
309.517
310.004
310.535
311.112
311.738
312.415
313.144
313.924
314.755
315.634
316.554
317.514
318.508
319.542
320.637
321.804
323.063
324.426
325.888
327.393
328.779
329.65
329.882
330.624
330.4
329.59
328.269
326.814
325.387
324.046
322.796
321.629
320.528
319.476
318.466
317.483
316.541
315.639
314.783
313.975
313.218
312.511
311.855
311.248
310.687
310.169
309.693
309.255
308.851
308.479
308.136
307.817
307.521
307.245
306.988
306.746
306.519
306.304
306.104
305.917
305.742
305.578
305.427
305.288
305.161
305.047
304.946
304.858
304.783
304.722
304.674
304.64
304.619
304.612
304.619
304.64
304.674
304.722
304.783
304.858
304.946
305.047
305.161
305.288
305.427
305.578
305.742
305.917
306.104
306.304
306.519
306.746
306.988
307.245
307.521
307.817
308.136
308.479
308.851
309.255
309.693
310.169
310.687
311.248
311.855
312.511
313.218
313.975
314.783
315.639
316.541
317.483
318.466
319.476
320.528
321.629
322.796
324.046
325.387
326.814
328.269
329.59
330.4
330.624
331.422
331.207
330.45
329.191
327.788
326.397
325.08
323.843
322.68
321.575
320.509
319.482
318.478
317.511
316.585
315.701
314.865
314.078
313.341
312.654
312.015
311.423
310.875
310.368
309.901
309.469
309.07
308.7
308.358
308.04
307.745
307.469
307.211
306.97
306.744
306.533
306.336
306.153
305.983
305.826
305.682
305.552
305.434
305.33
305.24
305.163
305.101
305.052
305.017
304.996
304.988
304.996
305.017
305.052
305.101
305.163
305.24
305.33
305.434
305.552
305.682
305.826
305.983
306.153
306.336
306.533
306.744
306.97
307.211
307.469
307.745
308.04
308.358
308.7
309.07
309.469
309.901
310.368
310.875
311.423
312.015
312.654
313.341
314.078
314.865
315.701
316.585
317.511
318.478
319.482
320.509
321.575
322.68
323.843
325.08
326.397
327.788
329.191
330.45
331.207
331.422
332.239
332.043
331.342
330.148
328.798
327.446
326.156
324.935
323.78
322.677
321.605
320.562
319.542
318.548
317.594
316.683
315.817
314.999
314.231
313.512
312.84
312.216
311.636
311.098
310.6
310.139
309.712
309.317
308.95
308.609
308.292
307.997
307.722
307.465
307.226
307.003
306.795
306.603
306.425
306.261
306.111
305.975
305.854
305.746
305.653
305.573
305.509
305.458
305.422
305.4
305.393
305.4
305.422
305.458
305.509
305.573
305.653
305.746
305.854
305.975
306.111
306.261
306.425
306.603
306.795
307.003
307.226
307.465
307.722
307.997
308.292
308.609
308.95
309.317
309.712
310.139
310.6
311.098
311.636
312.216
312.84
313.512
314.231
314.999
315.817
316.683
317.594
318.548
319.542
320.562
321.605
322.677
323.78
324.935
326.156
327.446
328.798
330.148
331.342
332.043
332.239
333.078
332.901
332.256
331.127
329.833
328.523
327.263
326.063
324.921
323.825
322.757
321.705
320.671
319.654
318.671
317.73
316.834
315.984
315.183
314.431
313.727
313.069
312.457
311.887
311.358
310.867
310.411
309.988
309.595
309.231
308.891
308.576
308.282
308.008
307.754
307.517
307.298
307.094
306.907
306.735
306.578
306.436
306.309
306.197
306.099
306.017
305.95
305.897
305.86
305.837
305.83
305.837
305.86
305.897
305.95
306.017
306.099
306.197
306.309
306.436
306.578
306.735
306.907
307.094
307.298
307.517
307.754
308.008
308.282
308.576
308.891
309.231
309.595
309.988
310.411
310.867
311.358
311.887
312.457
313.069
313.727
314.431
315.183
315.984
316.834
317.73
318.671
319.654
320.671
321.705
322.757
323.825
324.921
326.063
327.263
328.523
329.833
331.127
332.256
332.901
333.078
333.935
333.776
333.184
332.12
330.884
329.618
328.39
327.215
326.091
325.008
323.951
322.902
321.861
320.83
319.818
318.847
317.919
317.037
316.202
315.416
314.678
313.986
313.34
312.737
312.176
311.654
311.169
310.717
310.298
309.908
309.545
309.208
308.894
308.603
308.331
308.08
307.847
307.631
307.433
307.252
307.087
306.937
306.804
306.687
306.585
306.499
306.428
306.374
306.335
306.311
306.303
306.311
306.335
306.374
306.428
306.499
306.585
306.687
306.804
306.937
307.087
307.252
307.433
307.631
307.847
308.08
308.331
308.603
308.894
309.208
309.545
309.908
310.298
310.717
311.169
311.654
312.176
312.737
313.34
313.986
314.678
315.416
316.202
317.037
317.919
318.847
319.818
320.83
321.861
322.902
323.951
325.008
326.091
327.215
328.39
329.618
330.884
332.12
333.184
333.776
333.935
334.805
334.661
334.119
333.12
331.941
330.722
329.529
328.381
327.279
326.213
325.173
324.14
323.102
322.066
321.038
320.035
319.074
318.159
317.29
316.469
315.696
314.97
314.29
313.653
313.059
312.505
311.989
311.509
311.062
310.645
310.258
309.898
309.563
309.252
308.963
308.695
308.447
308.219
308.009
307.817
307.642
307.485
307.345
307.221
307.114
307.024
306.95
306.893
306.852
306.827
306.819
306.827
306.852
306.893
306.95
307.024
307.114
307.221
307.345
307.485
307.642
307.817
308.009
308.219
308.447
308.695
308.963
309.252
309.563
309.898
310.258
310.645
311.062
311.509
311.989
312.505
313.059
313.653
314.29
314.97
315.696
316.469
317.29
318.159
319.074
320.035
321.038
322.066
323.102
324.14
325.173
326.213
327.279
328.381
329.529
330.722
331.941
333.12
334.119
334.661
334.805
335.684
335.554
335.057
334.12
332.998
331.826
330.67
329.552
328.473
327.429
326.408
325.398
324.381
323.352
322.32
321.297
320.304
319.354
318.45
317.594
316.786
316.024
315.309
314.638
314.011
313.424
312.877
312.366
311.89
311.447
311.034
310.65
310.293
309.961
309.654
309.368
309.105
308.862
308.639
308.436
308.251
308.085
307.937
307.806
307.694
307.599
307.521
307.461
307.418
307.392
307.383
307.392
307.418
307.461
307.521
307.599
307.694
307.806
307.937
308.085
308.251
308.436
308.639
308.862
309.105
309.368
309.654
309.961
310.293
310.65
311.034
311.447
311.89
312.366
312.877
313.424
314.011
314.638
315.309
316.024
316.786
317.594
318.45
319.354
320.304
321.297
322.32
323.352
324.381
325.398
326.408
327.429
328.473
329.552
330.67
331.826
332.998
334.12
335.057
335.554
335.684
336.568
336.45
335.994
335.116
334.05
332.925
331.807
330.718
329.665
328.644
327.646
326.661
325.673
324.668
323.648
322.623
321.608
320.625
319.686
318.794
317.95
317.153
316.402
315.696
315.035
314.415
313.836
313.294
312.789
312.318
311.879
311.47
311.09
310.736
310.409
310.105
309.825
309.567
309.33
309.115
308.919
308.743
308.587
308.449
308.33
308.23
308.149
308.085
308.04
308.013
308.004
308.013
308.04
308.085
308.149
308.23
308.33
308.449
308.587
308.743
308.919
309.115
309.33
309.567
309.825
310.105
310.409
310.736
311.09
311.47
311.879
312.318
312.789
313.294
313.836
314.415
315.035
315.696
316.402
317.153
317.95
318.794
319.686
320.625
321.608
322.623
323.648
324.668
325.673
326.661
327.646
328.644
329.665
330.718
331.807
332.925
334.05
335.116
335.994
336.45
336.568
337.453
337.347
336.928
336.105
335.093
334.014
332.933
331.875
330.848
329.85
328.876
327.916
326.958
325.988
324.997
323.988
322.974
321.971
320.999
320.071
319.191
318.358
317.572
316.831
316.135
315.482
314.87
314.298
313.763
313.263
312.797
312.363
311.959
311.583
311.235
310.912
310.615
310.341
310.09
309.862
309.655
309.469
309.303
309.158
309.033
308.928
308.841
308.775
308.727
308.699
308.689
308.699
308.727
308.775
308.841
308.928
309.033
309.158
309.303
309.469
309.655
309.862
310.09
310.341
310.615
310.912
311.235
311.583
311.959
312.363
312.797
313.263
313.763
314.298
314.87
315.482
316.135
316.831
317.572
318.358
319.191
320.071
320.999
321.971
322.974
323.988
324.997
325.988
326.958
327.916
328.876
329.85
330.848
331.875
332.933
334.014
335.093
336.105
336.928
337.347
337.453
338.34
338.243
337.858
337.086
336.125
335.09
334.045
333.017
332.015
331.041
330.089
329.154
328.224
327.29
326.34
325.366
324.373
323.375
322.388
321.428
320.512
319.643
318.821
318.046
317.316
316.629
315.985
315.381
314.816
314.288
313.795
313.335
312.907
312.509
312.139
311.797
311.482
311.192
310.927
310.685
310.466
310.27
310.096
309.944
309.812
309.701
309.611
309.541
309.491
309.461
309.451
309.461
309.491
309.541
309.611
309.701
309.812
309.944
310.096
310.27
310.466
310.685
310.927
311.192
311.482
311.797
312.139
312.509
312.907
313.335
313.795
314.288
314.816
315.381
315.985
316.629
317.316
318.046
318.821
319.643
320.512
321.428
322.388
323.375
324.373
325.366
326.34
327.29
328.224
329.154
330.089
331.041
332.015
333.017
334.045
335.09
336.125
337.086
337.858
338.243
338.34
339.227
339.139
338.783
338.058
337.146
336.152
335.142
334.142
333.165
332.212
331.282
330.369
329.465
328.563
327.652
326.723
325.771
324.8
323.824
322.859
321.915
321.012
320.154
319.345
318.58
317.861
317.185
316.55
315.955
315.399
314.879
314.393
313.941
313.52
313.13
312.769
312.436
312.13
311.85
311.596
311.366
311.16
310.978
310.818
310.68
310.564
310.47
310.397
310.345
310.314
310.304
310.314
310.345
310.397
310.47
310.564
310.68
310.818
310.978
311.16
311.366
311.596
311.85
312.13
312.436
312.769
313.13
313.52
313.941
314.393
314.879
315.399
315.955
316.55
317.185
317.861
318.58
319.345
320.154
321.012
321.915
322.859
323.824
324.8
325.771
326.723
327.652
328.563
329.465
330.369
331.282
332.212
333.165
334.142
335.142
336.152
337.146
338.058
338.783
339.139
339.227
340.115
340.034
339.705
339.024
338.155
337.201
336.223
335.25
334.295
333.362
332.452
331.559
330.678
329.802
328.925
328.037
327.134
326.209
325.266
324.319
323.38
322.462
321.574
320.73
319.933
319.181
318.474
317.809
317.186
316.601
316.055
315.545
315.069
314.627
314.216
313.837
313.487
313.166
312.873
312.606
312.367
312.152
311.962
311.796
311.653
311.533
311.436
311.361
311.307
311.275
311.265
311.275
311.307
311.361
311.436
311.533
311.653
311.796
311.962
312.152
312.367
312.606
312.873
313.166
313.487
313.837
314.216
314.627
315.069
315.545
316.055
316.601
317.186
317.809
318.474
319.181
319.933
320.73
321.574
322.462
323.38
324.319
325.266
326.209
327.134
328.037
328.925
329.802
330.678
331.559
332.452
333.362
334.295
335.25
336.223
337.201
338.155
339.024
339.705
340.034
340.115
341.006
340.932
340.627
339.985
339.157
338.238
337.291
336.342
335.407
334.492
333.598
332.723
331.862
331.009
330.159
329.306
328.443
327.568
326.676
325.77
324.855
323.95
323.063
322.203
321.377
320.595
319.857
319.163
318.512
317.902
317.331
316.797
316.3
315.837
315.408
315.011
314.646
314.312
314.007
313.731
313.484
313.263
313.067
312.897
312.751
312.629
312.53
312.454
312.4
312.368
312.357
312.368
312.4
312.454
312.53
312.629
312.751
312.897
313.067
313.263
313.484
313.731
314.007
314.312
314.646
315.011
315.408
315.837
316.3
316.797
317.331
317.902
318.512
319.163
319.857
320.595
321.377
322.203
323.063
323.95
324.855
325.77
326.676
327.568
328.443
329.306
330.159
331.009
331.862
332.723
333.598
334.492
335.407
336.342
337.291
338.238
339.157
339.985
340.627
340.932
341.006
341.904
341.835
341.551
340.945
340.154
339.268
338.347
337.42
336.503
335.604
334.724
333.864
333.019
332.186
331.358
330.532
329.703
328.868
328.023
327.167
326.302
325.432
324.564
323.716
322.891
322.098
321.339
320.619
319.942
319.308
318.714
318.159
317.642
317.161
316.716
316.305
315.927
315.582
315.269
314.988
314.736
314.513
314.316
314.145
314
313.878
313.78
313.704
313.652
313.62
313.61
313.62
313.652
313.704
313.78
313.878
314
314.145
314.316
314.513
314.736
314.988
315.269
315.582
315.927
316.305
316.716
317.161
317.642
318.159
318.714
319.308
319.942
320.619
321.339
322.098
322.891
323.716
324.564
325.432
326.302
327.167
328.023
328.868
329.703
330.532
331.358
332.186
333.019
333.864
334.724
335.604
336.503
337.42
338.347
339.268
340.154
340.945
341.551
341.835
341.904
342.813
342.75
342.485
341.911
341.153
340.296
339.399
338.49
337.587
336.701
335.833
334.984
334.153
333.335
332.526
331.723
330.921
330.118
329.311
328.499
327.682
326.861
326.039
325.222
324.416
323.634
322.88
322.16
321.475
320.826
320.214
319.641
319.107
318.611
318.151
317.728
317.341
316.991
316.677
316.397
316.147
315.928
315.735
315.57
315.429
315.313
315.219
315.149
315.101
315.072
315.063
315.072
315.101
315.149
315.219
315.313
315.429
315.57
315.735
315.928
316.147
316.397
316.677
316.991
317.341
317.728
318.151
318.611
319.107
319.641
320.214
320.826
321.475
322.16
322.88
323.634
324.416
325.222
326.039
326.861
327.682
328.499
329.311
330.118
330.921
331.723
332.526
333.335
334.153
334.984
335.833
336.701
337.587
338.49
339.399
340.296
341.153
341.911
342.485
342.75
342.813
343.74
343.682
343.435
342.89
342.161
341.33
340.452
339.558
338.666
337.789
336.929
336.09
335.268
334.462
333.669
332.884
332.105
331.328
330.553
329.776
328.999
328.221
327.446
326.676
325.914
325.165
324.435
323.727
323.049
322.407
321.801
321.23
320.696
320.196
319.73
319.299
318.908
318.561
318.254
317.984
317.747
317.539
317.361
317.209
317.082
316.977
316.893
316.826
316.777
316.748
316.738
316.748
316.777
316.826
316.893
316.977
317.082
317.209
317.361
317.539
317.747
317.984
318.254
318.561
318.908
319.299
319.73
320.196
320.696
321.23
321.801
322.407
323.049
323.727
324.435
325.165
325.914
326.676
327.446
328.221
328.999
329.776
330.553
331.328
332.105
332.884
333.669
334.462
335.268
336.09
336.929
337.789
338.666
339.558
340.452
341.33
342.161
342.89
343.435
343.682
343.74
344.695
344.642
344.412
343.894
343.191
342.38
341.517
340.633
339.748
338.875
338.021
337.186
336.371
335.574
334.792
334.022
333.261
332.507
331.758
331.011
330.268
329.528
328.793
328.064
327.346
326.64
325.951
325.282
324.637
324.019
323.431
322.873
322.347
321.855
321.399
320.975
320.579
320.215
319.894
319.612
319.362
319.141
318.951
318.79
318.656
318.544
318.453
318.383
318.332
318.301
318.291
318.301
318.332
318.383
318.453
318.544
318.656
318.79
318.951
319.141
319.362
319.612
319.894
320.215
320.579
320.975
321.399
321.855
322.347
322.873
323.431
324.019
324.637
325.282
325.951
326.64
327.346
328.064
328.793
329.528
330.268
331.011
331.758
332.507
333.261
334.022
334.792
335.574
336.371
337.186
338.021
338.875
339.748
340.633
341.517
342.38
343.191
343.894
344.412
344.642
344.695
345.692
345.645
345.432
344.939
344.258
343.463
342.609
341.729
340.845
339.972
339.117
338.284
337.472
336.679
335.905
335.146
334.4
333.664
332.936
332.216
331.502
330.795
330.096
329.406
328.727
328.062
327.413
326.785
326.18
325.601
325.049
324.527
324.034
323.573
323.142
322.74
322.362
322.001
321.653
321.326
321.027
320.761
320.534
320.346
320.189
320.058
319.951
319.869
319.809
319.773
319.762
319.773
319.809
319.869
319.951
320.058
320.189
320.346
320.534
320.761
321.027
321.326
321.653
322.001
322.362
322.74
323.142
323.573
324.034
324.527
325.049
325.601
326.18
326.785
327.413
328.062
328.727
329.406
330.096
330.795
331.502
332.216
332.936
333.664
334.4
335.146
335.905
336.679
337.472
338.284
339.117
339.972
340.845
341.729
342.609
343.463
344.258
344.939
345.432
345.645
345.692
346.751
346.709
346.514
346.047
345.385
344.599
343.746
342.863
341.973
341.093
340.232
339.394
338.58
337.789
337.018
336.266
335.53
334.809
334.099
333.401
332.713
332.035
331.368
330.713
330.072
329.446
328.838
328.25
327.686
327.147
326.634
326.151
325.697
325.275
324.883
324.519
324.179
323.861
323.562
323.286
323.033
322.803
322.584
322.379
322.198
322.045
321.919
321.822
321.752
321.71
321.696
321.71
321.752
321.822
321.919
322.045
322.198
322.379
322.584
322.803
323.033
323.286
323.562
323.861
324.179
324.519
324.883
325.275
325.697
326.151
326.634
327.147
327.686
328.25
328.838
329.446
330.072
330.713
331.368
332.035
332.713
333.401
334.099
334.809
335.53
336.266
337.018
337.789
338.58
339.394
340.232
341.093
341.973
342.863
343.746
344.599
345.385
346.047
346.514
346.709
346.751
347.898
347.864
347.691
347.25
346.603
345.819
344.958
344.061
343.155
342.26
341.385
340.535
339.713
338.916
338.145
337.395
336.666
335.955
335.26
334.58
333.914
333.262
332.624
332.001
331.394
330.806
330.237
329.69
329.167
328.669
328.199
327.758
327.346
326.966
326.615
326.292
325.996
325.722
325.472
325.243
325.037
324.85
324.68
324.527
324.393
324.279
324.188
324.117
324.067
324.037
324.027
324.037
324.067
324.117
324.188
324.279
324.393
324.527
324.68
324.85
325.037
325.243
325.472
325.722
325.996
326.292
326.615
326.966
327.346
327.758
328.199
328.669
329.167
329.69
330.237
330.806
331.394
332.001
332.624
333.262
333.914
334.58
335.26
335.955
336.666
337.395
338.145
338.916
339.713
340.535
341.385
342.26
343.155
344.061
344.958
345.819
346.603
347.25
347.691
347.864
347.898
349.177
349.153
349.009
348.597
347.96
347.167
346.285
345.359
344.424
343.501
342.601
341.73
340.891
340.083
339.304
338.552
337.824
337.119
336.434
335.768
335.121
334.491
333.879
333.286
332.712
332.158
331.627
331.119
330.637
330.182
329.754
329.357
328.989
328.652
328.345
328.066
327.814
327.587
327.382
327.2
327.039
326.896
326.77
326.66
326.566
326.488
326.426
326.379
326.346
326.327
326.32
326.327
326.346
326.379
326.426
326.488
326.566
326.66
326.77
326.896
327.039
327.2
327.382
327.587
327.814
328.066
328.345
328.652
328.989
329.357
329.754
330.182
330.637
331.119
331.627
332.158
332.712
333.286
333.879
334.491
335.121
335.768
336.434
337.119
337.824
338.552
339.304
340.083
340.891
341.73
342.601
343.501
344.424
345.359
346.285
347.167
347.96
348.597
349.009
349.153
349.177
350.652
350.645
350.539
350.161
349.525
348.708
347.785
346.812
345.828
344.859
343.919
343.014
342.147
341.318
340.523
339.761
339.028
338.324
337.644
336.988
336.355
335.744
335.155
334.588
334.044
333.523
333.028
332.558
332.116
331.702
331.317
330.963
330.64
330.347
330.084
329.849
329.641
329.458
329.298
329.16
329.04
328.939
328.852
328.779
328.72
328.671
328.634
328.607
328.588
328.577
328.574
328.577
328.588
328.607
328.634
328.671
328.72
328.779
328.852
328.939
329.04
329.16
329.298
329.458
329.641
329.849
330.084
330.347
330.64
330.963
331.317
331.702
332.116
332.558
333.028
333.523
334.044
334.588
335.155
335.744
336.355
336.988
337.644
338.324
339.028
339.761
340.523
341.318
342.147
343.014
343.919
344.859
345.828
346.812
347.785
348.708
349.525
350.161
350.539
350.645
350.652
352.425
352.441
352.386
352.042
351.394
350.531
349.541
348.493
347.434
346.394
345.392
344.435
343.524
342.659
341.838
341.056
340.31
339.599
338.919
338.268
337.645
337.048
336.479
335.935
335.418
334.928
334.466
334.033
333.629
333.256
332.913
332.602
332.322
332.072
331.852
331.661
331.495
331.354
331.235
331.136
331.055
330.989
330.937
330.895
330.863
330.84
330.822
330.811
330.804
330.8
330.798
330.8
330.804
330.811
330.822
330.84
330.863
330.895
330.937
330.989
331.055
331.136
331.235
331.354
331.495
331.661
331.852
332.072
332.322
332.602
332.913
333.256
333.629
334.033
334.466
334.928
335.418
335.935
336.479
337.048
337.645
338.268
338.919
339.599
340.31
341.056
341.838
342.659
343.524
344.435
345.392
346.394
347.434
348.493
349.541
350.531
351.394
352.042
352.386
352.441
352.425
354.638
354.684
354.679
354.358
353.679
352.744
351.656
350.499
349.33
348.189
347.095
346.059
345.082
344.163
343.298
342.483
341.714
340.987
340.298
339.646
339.027
338.441
337.887
337.364
336.871
336.41
335.98
335.581
335.215
334.88
334.578
334.308
334.07
333.862
333.684
333.533
333.407
333.305
333.223
333.16
333.112
333.077
333.052
333.037
333.027
333.022
333.021
333.022
333.023
333.024
333.025
333.024
333.023
333.022
333.021
333.022
333.027
333.037
333.052
333.077
333.112
333.16
333.223
333.305
333.407
333.533
333.684
333.862
334.07
334.308
334.578
334.88
335.215
335.581
335.98
336.41
336.871
337.364
337.887
338.441
339.027
339.646
340.298
340.987
341.714
342.483
343.298
344.163
345.082
346.059
347.095
348.189
349.33
350.499
351.656
352.744
353.679
354.358
354.679
354.684
354.638
357.439
357.498
357.504
357.166
356.436
355.414
354.21
352.919
351.61
350.331
349.112
347.965
346.894
345.896
344.968
344.103
343.295
342.54
341.834
341.172
340.552
339.971
339.428
338.922
338.452
338.017
337.617
337.252
336.921
336.625
336.362
336.132
335.934
335.767
335.628
335.516
335.428
335.361
335.314
335.282
335.263
335.254
335.254
335.259
335.268
335.278
335.289
335.299
335.307
335.312
335.314
335.312
335.307
335.299
335.289
335.278
335.268
335.259
335.254
335.254
335.263
335.282
335.314
335.361
335.428
335.516
335.628
335.767
335.934
336.132
336.362
336.625
336.921
337.252
337.617
338.017
338.452
338.922
339.428
339.971
340.552
341.172
341.834
342.54
343.295
344.103
344.968
345.896
346.894
347.965
349.112
350.331
351.61
352.919
354.21
355.414
356.436
357.166
357.504
357.498
357.439
360.728
360.756
360.685
360.285
359.512
358.437
357.149
355.742
354.292
352.864
351.498
350.214
349.022
347.921
346.906
345.972
345.11
344.315
343.58
342.9
342.272
341.691
341.156
340.665
340.215
339.805
339.435
339.102
338.807
338.549
338.325
338.135
337.977
337.849
337.749
337.674
337.622
337.59
337.575
337.573
337.583
337.6
337.623
337.649
337.675
337.701
337.724
337.743
337.758
337.767
337.77
337.767
337.758
337.743
337.724
337.701
337.675
337.649
337.623
337.6
337.583
337.573
337.575
337.59
337.622
337.674
337.749
337.849
337.977
338.135
338.325
338.549
338.807
339.102
339.435
339.805
340.215
340.665
341.156
341.691
342.272
342.9
343.58
344.315
345.11
345.972
346.906
347.921
349.022
350.214
351.498
352.864
354.292
355.742
357.149
358.437
359.512
360.285
360.685
360.756
360.728
363.917
363.883
363.7
363.243
362.477
361.434
360.158
358.721
357.196
355.662
354.171
352.758
351.441
350.228
349.116
348.1
347.174
346.328
345.557
344.854
344.213
343.63
343.101
342.623
342.192
341.808
341.467
341.167
340.908
340.687
340.501
340.351
340.232
340.143
340.081
340.044
340.029
340.033
340.052
340.083
340.124
340.171
340.222
340.274
340.324
340.371
340.412
340.446
340.471
340.487
340.492
340.487
340.471
340.446
340.412
340.371
340.324
340.274
340.222
340.171
340.124
340.083
340.052
340.033
340.029
340.044
340.081
340.143
340.232
340.351
340.501
340.687
340.908
341.167
341.467
341.808
342.192
342.623
343.101
343.63
344.213
344.854
345.557
346.328
347.174
348.1
349.116
350.228
351.441
352.758
354.171
355.662
357.196
358.721
360.158
361.434
362.477
363.243
363.7
363.883
363.917
366.562
366.491
366.239
365.746
364.992
363.994
362.783
361.407
359.912
358.363
356.82
355.333
353.931
352.632
351.44
350.353
349.368
348.476
347.672
346.946
346.295
345.71
345.188
344.723
344.313
343.953
343.64
343.371
343.145
342.958
342.807
342.691
342.607
342.552
342.524
342.521
342.538
342.574
342.626
342.689
342.761
342.839
342.919
342.999
343.075
343.144
343.204
343.253
343.29
343.311
343.319
343.311
343.29
343.253
343.204
343.144
343.075
342.999
342.919
342.839
342.761
342.689
342.626
342.574
342.538
342.521
342.524
342.552
342.607
342.691
342.807
342.958
343.145
343.371
343.64
343.953
344.313
344.723
345.188
345.71
346.295
346.946
347.672
348.476
349.368
350.353
351.44
352.632
353.931
355.333
356.82
358.363
359.912
361.407
362.783
363.994
364.992
365.746
366.239
366.491
366.562
368.515
368.425
368.138
367.627
366.886
365.925
364.77
363.458
362.03
360.531
359.009
357.514
356.087
354.751
353.518
352.392
351.373
350.454
349.629
348.892
348.236
347.654
347.14
346.688
346.294
345.954
345.662
345.416
345.212
345.047
344.918
344.823
344.759
344.724
344.715
344.728
344.763
344.816
344.883
344.962
345.048
345.14
345.232
345.322
345.407
345.484
345.549
345.6
345.636
345.658
345.666
345.658
345.636
345.6
345.549
345.484
345.407
345.322
345.232
345.14
345.048
344.962
344.883
344.816
344.763
344.728
344.715
344.724
344.759
344.823
344.918
345.047
345.212
345.416
345.662
345.954
346.294
346.688
347.14
347.654
348.236
348.892
349.629
350.454
351.373
352.392
353.518
354.751
356.087
357.514
359.009
360.531
362.03
363.458
364.77
365.925
366.886
367.627
368.138
368.425
368.515
369.705
369.607
369.305
368.788
368.056
367.119
366
364.732
363.351
361.898
360.413
358.94
357.519
356.18
354.939
353.802
352.771
351.843
351.012
350.272
349.617
349.038
348.529
348.085
347.7
347.369
347.086
346.849
346.654
346.497
346.375
346.286
346.227
346.195
346.189
346.205
346.242
346.296
346.363
346.442
346.528
346.618
346.708
346.795
346.877
346.951
347.014
347.063
347.099
347.121
347.128
347.121
347.099
347.063
347.014
346.951
346.877
346.795
346.708
346.618
346.528
346.442
346.363
346.296
346.242
346.205
346.189
346.195
346.227
346.286
346.375
346.497
346.654
346.849
347.086
347.369
347.7
348.085
348.529
349.038
349.617
350.272
351.012
351.843
352.771
353.802
354.939
356.18
357.519
358.94
360.413
361.898
363.351
364.732
366
367.119
368.056
368.788
369.305
369.607
369.705
370.104
370.003
369.697
369.18
368.451
367.523
366.416
365.163
363.798
362.362
360.893
359.43
358.016
356.68
355.439
354.301
353.268
352.339
351.507
350.767
350.112
349.534
349.027
348.585
348.201
347.872
347.591
347.356
347.162
347.005
346.884
346.795
346.736
346.704
346.697
346.713
346.748
346.801
346.867
346.945
347.029
347.117
347.206
347.292
347.372
347.445
347.507
347.556
347.591
347.613
347.62
347.613
347.591
347.556
347.507
347.445
347.372
347.292
347.206
347.117
347.029
346.945
346.867
346.801
346.748
346.713
346.697
346.704
346.736
346.795
346.884
347.005
347.162
347.356
347.591
347.872
348.201
348.585
349.027
349.534
350.112
350.767
351.507
352.339
353.268
354.301
355.439
356.68
358.016
359.43
360.893
362.362
363.798
365.163
366.416
367.523
368.451
369.18
369.697
370.003
370.104
369.705
369.607
369.305
368.788
368.056
367.119
366
364.732
363.351
361.898
360.413
358.94
357.519
356.18
354.939
353.802
352.771
351.843
351.012
350.272
349.617
349.038
348.529
348.085
347.7
347.369
347.086
346.849
346.654
346.497
346.375
346.286
346.227
346.195
346.189
346.205
346.242
346.296
346.363
346.442
346.528
346.618
346.708
346.795
346.877
346.951
347.014
347.063
347.099
347.121
347.128
347.121
347.099
347.063
347.014
346.951
346.877
346.795
346.708
346.618
346.528
346.442
346.363
346.296
346.242
346.205
346.189
346.195
346.227
346.286
346.375
346.497
346.654
346.849
347.086
347.369
347.7
348.085
348.529
349.038
349.617
350.272
351.012
351.843
352.771
353.802
354.939
356.18
357.519
358.94
360.413
361.898
363.351
364.732
366
367.119
368.056
368.788
369.305
369.607
369.705
368.515
368.425
368.138
367.627
366.886
365.925
364.77
363.458
362.03
360.531
359.009
357.514
356.087
354.751
353.518
352.392
351.373
350.454
349.629
348.892
348.236
347.654
347.14
346.688
346.294
345.954
345.662
345.416
345.212
345.047
344.918
344.823
344.759
344.724
344.715
344.728
344.763
344.816
344.883
344.962
345.048
345.14
345.232
345.322
345.407
345.484
345.549
345.6
345.636
345.658
345.666
345.658
345.636
345.6
345.549
345.484
345.407
345.322
345.232
345.14
345.048
344.962
344.883
344.816
344.763
344.728
344.715
344.724
344.759
344.823
344.918
345.047
345.212
345.416
345.662
345.954
346.294
346.688
347.14
347.654
348.236
348.892
349.629
350.454
351.373
352.392
353.518
354.751
356.087
357.514
359.009
360.531
362.03
363.458
364.77
365.925
366.886
367.627
368.138
368.425
368.515
366.562
366.491
366.239
365.746
364.992
363.994
362.783
361.407
359.912
358.363
356.82
355.333
353.931
352.632
351.44
350.353
349.368
348.476
347.672
346.946
346.295
345.71
345.188
344.723
344.313
343.953
343.64
343.371
343.145
342.958
342.807
342.691
342.607
342.552
342.524
342.521
342.538
342.574
342.626
342.689
342.761
342.839
342.919
342.999
343.075
343.144
343.204
343.253
343.29
343.311
343.319
343.311
343.29
343.253
343.204
343.144
343.075
342.999
342.919
342.839
342.761
342.689
342.626
342.574
342.538
342.521
342.524
342.552
342.607
342.691
342.807
342.958
343.145
343.371
343.64
343.953
344.313
344.723
345.188
345.71
346.295
346.946
347.672
348.476
349.368
350.353
351.44
352.632
353.931
355.333
356.82
358.363
359.912
361.407
362.783
363.994
364.992
365.746
366.239
366.491
366.562
363.917
363.883
363.7
363.243
362.477
361.434
360.158
358.721
357.196
355.662
354.171
352.758
351.441
350.228
349.116
348.1
347.174
346.328
345.557
344.854
344.213
343.63
343.101
342.623
342.192
341.808
341.467
341.167
340.908
340.687
340.501
340.351
340.232
340.143
340.081
340.044
340.029
340.033
340.052
340.083
340.124
340.171
340.222
340.274
340.324
340.371
340.412
340.446
340.471
340.487
340.492
340.487
340.471
340.446
340.412
340.371
340.324
340.274
340.222
340.171
340.124
340.083
340.052
340.033
340.029
340.044
340.081
340.143
340.232
340.351
340.501
340.687
340.908
341.167
341.467
341.808
342.192
342.623
343.101
343.63
344.213
344.854
345.557
346.328
347.174
348.1
349.116
350.228
351.441
352.758
354.171
355.662
357.196
358.721
360.158
361.434
362.477
363.243
363.7
363.883
363.917
360.728
360.756
360.685
360.285
359.512
358.437
357.149
355.742
354.292
352.864
351.498
350.214
349.022
347.921
346.906
345.972
345.11
344.315
343.58
342.9
342.272
341.691
341.156
340.665
340.215
339.805
339.435
339.102
338.807
338.549
338.325
338.135
337.977
337.849
337.749
337.674
337.622
337.59
337.575
337.573
337.583
337.6
337.623
337.649
337.675
337.701
337.724
337.743
337.758
337.767
337.77
337.767
337.758
337.743
337.724
337.701
337.675
337.649
337.623
337.6
337.583
337.573
337.575
337.59
337.622
337.674
337.749
337.849
337.977
338.135
338.325
338.549
338.807
339.102
339.435
339.805
340.215
340.665
341.156
341.691
342.272
342.9
343.58
344.315
345.11
345.972
346.906
347.921
349.022
350.214
351.498
352.864
354.292
355.742
357.149
358.437
359.512
360.285
360.685
360.756
360.728
357.439
357.498
357.504
357.166
356.436
355.414
354.21
352.919
351.61
350.331
349.112
347.965
346.894
345.896
344.968
344.103
343.295
342.54
341.834
341.172
340.552
339.971
339.428
338.922
338.452
338.017
337.617
337.252
336.921
336.625
336.362
336.132
335.934
335.767
335.628
335.516
335.428
335.361
335.314
335.282
335.263
335.254
335.254
335.259
335.268
335.278
335.289
335.299
335.307
335.312
335.314
335.312
335.307
335.299
335.289
335.278
335.268
335.259
335.254
335.254
335.263
335.282
335.314
335.361
335.428
335.516
335.628
335.767
335.934
336.132
336.362
336.625
336.921
337.252
337.617
338.017
338.452
338.922
339.428
339.971
340.552
341.172
341.834
342.54
343.295
344.103
344.968
345.896
346.894
347.965
349.112
350.331
351.61
352.919
354.21
355.414
356.436
357.166
357.504
357.498
357.439
354.638
354.684
354.679
354.358
353.679
352.744
351.656
350.499
349.33
348.189
347.095
346.059
345.082
344.163
343.298
342.483
341.714
340.987
340.298
339.646
339.027
338.441
337.887
337.364
336.871
336.41
335.98
335.581
335.215
334.88
334.578
334.308
334.07
333.862
333.684
333.533
333.407
333.305
333.223
333.16
333.112
333.077
333.052
333.037
333.027
333.022
333.021
333.022
333.023
333.024
333.025
333.024
333.023
333.022
333.021
333.022
333.027
333.037
333.052
333.077
333.112
333.16
333.223
333.305
333.407
333.533
333.684
333.862
334.07
334.308
334.578
334.88
335.215
335.581
335.98
336.41
336.871
337.364
337.887
338.441
339.027
339.646
340.298
340.987
341.714
342.483
343.298
344.163
345.082
346.059
347.095
348.189
349.33
350.499
351.656
352.744
353.679
354.358
354.679
354.684
354.638
352.425
352.441
352.386
352.042
351.394
350.531
349.541
348.493
347.434
346.394
345.392
344.435
343.524
342.659
341.838
341.056
340.31
339.599
338.919
338.268
337.645
337.048
336.479
335.935
335.418
334.928
334.466
334.033
333.629
333.256
332.913
332.602
332.322
332.072
331.852
331.661
331.495
331.354
331.235
331.136
331.055
330.989
330.937
330.895
330.863
330.84
330.822
330.811
330.804
330.8
330.798
330.8
330.804
330.811
330.822
330.84
330.863
330.895
330.937
330.989
331.055
331.136
331.235
331.354
331.495
331.661
331.852
332.072
332.322
332.602
332.913
333.256
333.629
334.033
334.466
334.928
335.418
335.935
336.479
337.048
337.645
338.268
338.919
339.599
340.31
341.056
341.838
342.659
343.524
344.435
345.392
346.394
347.434
348.493
349.541
350.531
351.394
352.042
352.386
352.441
352.425
350.652
350.645
350.539
350.161
349.525
348.708
347.785
346.812
345.828
344.859
343.919
343.014
342.147
341.318
340.523
339.761
339.028
338.324
337.644
336.988
336.355
335.744
335.155
334.588
334.044
333.523
333.028
332.558
332.116
331.702
331.317
330.963
330.64
330.347
330.084
329.849
329.641
329.458
329.298
329.16
329.04
328.939
328.852
328.779
328.72
328.671
328.634
328.607
328.588
328.577
328.574
328.577
328.588
328.607
328.634
328.671
328.72
328.779
328.852
328.939
329.04
329.16
329.298
329.458
329.641
329.849
330.084
330.347
330.64
330.963
331.317
331.702
332.116
332.558
333.028
333.523
334.044
334.588
335.155
335.744
336.355
336.988
337.644
338.324
339.028
339.761
340.523
341.318
342.147
343.014
343.919
344.859
345.828
346.812
347.785
348.708
349.525
350.161
350.539
350.645
350.652
349.177
349.153
349.009
348.597
347.96
347.167
346.285
345.359
344.424
343.501
342.601
341.73
340.891
340.083
339.304
338.552
337.824
337.119
336.434
335.768
335.121
334.491
333.879
333.286
332.712
332.158
331.627
331.119
330.637
330.182
329.754
329.357
328.989
328.652
328.345
328.066
327.814
327.587
327.382
327.2
327.039
326.896
326.77
326.66
326.566
326.488
326.426
326.379
326.346
326.327
326.32
326.327
326.346
326.379
326.426
326.488
326.566
326.66
326.77
326.896
327.039
327.2
327.382
327.587
327.814
328.066
328.345
328.652
328.989
329.357
329.754
330.182
330.637
331.119
331.627
332.158
332.712
333.286
333.879
334.491
335.121
335.768
336.434
337.119
337.824
338.552
339.304
340.083
340.891
341.73
342.601
343.501
344.424
345.359
346.285
347.167
347.96
348.597
349.009
349.153
349.177
347.898
347.864
347.691
347.25
346.603
345.819
344.958
344.061
343.155
342.26
341.385
340.535
339.713
338.916
338.145
337.395
336.666
335.955
335.26
334.58
333.914
333.262
332.624
332.001
331.394
330.806
330.237
329.69
329.167
328.669
328.199
327.758
327.346
326.966
326.615
326.292
325.996
325.722
325.472
325.243
325.037
324.85
324.68
324.527
324.393
324.279
324.188
324.117
324.067
324.037
324.027
324.037
324.067
324.117
324.188
324.279
324.393
324.527
324.68
324.85
325.037
325.243
325.472
325.722
325.996
326.292
326.615
326.966
327.346
327.758
328.199
328.669
329.167
329.69
330.237
330.806
331.394
332.001
332.624
333.262
333.914
334.58
335.26
335.955
336.666
337.395
338.145
338.916
339.713
340.535
341.385
342.26
343.155
344.061
344.958
345.819
346.603
347.25
347.691
347.864
347.898
346.751
346.709
346.514
346.047
345.385
344.599
343.746
342.863
341.973
341.093
340.232
339.394
338.58
337.789
337.018
336.266
335.53
334.809
334.099
333.401
332.713
332.035
331.368
330.713
330.072
329.446
328.838
328.25
327.686
327.147
326.634
326.151
325.697
325.275
324.883
324.519
324.179
323.861
323.562
323.286
323.033
322.803
322.584
322.379
322.198
322.045
321.919
321.822
321.752
321.71
321.696
321.71
321.752
321.822
321.919
322.045
322.198
322.379
322.584
322.803
323.033
323.286
323.562
323.861
324.179
324.519
324.883
325.275
325.697
326.151
326.634
327.147
327.686
328.25
328.838
329.446
330.072
330.713
331.368
332.035
332.713
333.401
334.099
334.809
335.53
336.266
337.018
337.789
338.58
339.394
340.232
341.093
341.973
342.863
343.746
344.599
345.385
346.047
346.514
346.709
346.751
345.692
345.645
345.432
344.939
344.258
343.463
342.609
341.729
340.845
339.972
339.117
338.284
337.472
336.679
335.905
335.146
334.4
333.664
332.936
332.216
331.502
330.795
330.096
329.406
328.727
328.062
327.413
326.785
326.18
325.601
325.049
324.527
324.034
323.573
323.142
322.74
322.362
322.001
321.653
321.326
321.027
320.761
320.534
320.346
320.189
320.058
319.951
319.869
319.809
319.773
319.762
319.773
319.809
319.869
319.951
320.058
320.189
320.346
320.534
320.761
321.027
321.326
321.653
322.001
322.362
322.74
323.142
323.573
324.034
324.527
325.049
325.601
326.18
326.785
327.413
328.062
328.727
329.406
330.096
330.795
331.502
332.216
332.936
333.664
334.4
335.146
335.905
336.679
337.472
338.284
339.117
339.972
340.845
341.729
342.609
343.463
344.258
344.939
345.432
345.645
345.692
344.695
344.642
344.412
343.894
343.191
342.38
341.517
340.633
339.748
338.875
338.021
337.186
336.371
335.574
334.792
334.022
333.261
332.507
331.758
331.011
330.268
329.528
328.793
328.064
327.346
326.64
325.951
325.282
324.637
324.019
323.431
322.873
322.347
321.855
321.399
320.975
320.579
320.215
319.894
319.612
319.362
319.141
318.951
318.79
318.656
318.544
318.453
318.383
318.332
318.301
318.291
318.301
318.332
318.383
318.453
318.544
318.656
318.79
318.951
319.141
319.362
319.612
319.894
320.215
320.579
320.975
321.399
321.855
322.347
322.873
323.431
324.019
324.637
325.282
325.951
326.64
327.346
328.064
328.793
329.528
330.268
331.011
331.758
332.507
333.261
334.022
334.792
335.574
336.371
337.186
338.021
338.875
339.748
340.633
341.517
342.38
343.191
343.894
344.412
344.642
344.695
343.74
343.682
343.435
342.89
342.161
341.33
340.452
339.558
338.666
337.789
336.929
336.09
335.268
334.462
333.669
332.884
332.105
331.328
330.553
329.776
328.999
328.221
327.446
326.676
325.914
325.165
324.435
323.727
323.049
322.407
321.801
321.23
320.696
320.196
319.73
319.299
318.908
318.561
318.254
317.984
317.747
317.539
317.361
317.209
317.082
316.977
316.893
316.826
316.777
316.748
316.738
316.748
316.777
316.826
316.893
316.977
317.082
317.209
317.361
317.539
317.747
317.984
318.254
318.561
318.908
319.299
319.73
320.196
320.696
321.23
321.801
322.407
323.049
323.727
324.435
325.165
325.914
326.676
327.446
328.221
328.999
329.776
330.553
331.328
332.105
332.884
333.669
334.462
335.268
336.09
336.929
337.789
338.666
339.558
340.452
341.33
342.161
342.89
343.435
343.682
343.74
342.813
342.75
342.485
341.911
341.153
340.296
339.399
338.49
337.587
336.701
335.833
334.984
334.153
333.335
332.526
331.723
330.921
330.118
329.311
328.499
327.682
326.861
326.039
325.222
324.416
323.634
322.88
322.16
321.475
320.826
320.214
319.641
319.107
318.611
318.151
317.728
317.341
316.991
316.677
316.397
316.147
315.928
315.735
315.57
315.429
315.313
315.219
315.149
315.101
315.072
315.063
315.072
315.101
315.149
315.219
315.313
315.429
315.57
315.735
315.928
316.147
316.397
316.677
316.991
317.341
317.728
318.151
318.611
319.107
319.641
320.214
320.826
321.475
322.16
322.88
323.634
324.416
325.222
326.039
326.861
327.682
328.499
329.311
330.118
330.921
331.723
332.526
333.335
334.153
334.984
335.833
336.701
337.587
338.49
339.399
340.296
341.153
341.911
342.485
342.75
342.813
341.904
341.835
341.551
340.945
340.154
339.268
338.347
337.42
336.503
335.604
334.724
333.864
333.019
332.186
331.358
330.532
329.703
328.868
328.023
327.167
326.302
325.432
324.564
323.716
322.891
322.098
321.339
320.619
319.942
319.308
318.714
318.159
317.642
317.161
316.716
316.305
315.927
315.582
315.269
314.988
314.736
314.513
314.316
314.145
314
313.878
313.78
313.704
313.652
313.62
313.61
313.62
313.652
313.704
313.78
313.878
314
314.145
314.316
314.513
314.736
314.988
315.269
315.582
315.927
316.305
316.716
317.161
317.642
318.159
318.714
319.308
319.942
320.619
321.339
322.098
322.891
323.716
324.564
325.432
326.302
327.167
328.023
328.868
329.703
330.532
331.358
332.186
333.019
333.864
334.724
335.604
336.503
337.42
338.347
339.268
340.154
340.945
341.551
341.835
341.904
341.006
340.932
340.627
339.985
339.157
338.238
337.291
336.342
335.407
334.492
333.598
332.723
331.862
331.009
330.159
329.306
328.443
327.568
326.676
325.77
324.855
323.95
323.063
322.203
321.377
320.595
319.857
319.163
318.512
317.902
317.331
316.797
316.3
315.837
315.408
315.011
314.646
314.312
314.007
313.731
313.484
313.263
313.067
312.897
312.751
312.629
312.53
312.454
312.4
312.368
312.357
312.368
312.4
312.454
312.53
312.629
312.751
312.897
313.067
313.263
313.484
313.731
314.007
314.312
314.646
315.011
315.408
315.837
316.3
316.797
317.331
317.902
318.512
319.163
319.857
320.595
321.377
322.203
323.063
323.95
324.855
325.77
326.676
327.568
328.443
329.306
330.159
331.009
331.862
332.723
333.598
334.492
335.407
336.342
337.291
338.238
339.157
339.985
340.627
340.932
341.006
340.115
340.034
339.705
339.024
338.155
337.201
336.223
335.25
334.295
333.362
332.452
331.559
330.678
329.802
328.925
328.037
327.134
326.209
325.266
324.319
323.38
322.462
321.574
320.73
319.933
319.181
318.474
317.809
317.186
316.601
316.055
315.545
315.069
314.627
314.216
313.837
313.487
313.166
312.873
312.606
312.367
312.152
311.962
311.796
311.653
311.533
311.436
311.361
311.307
311.275
311.265
311.275
311.307
311.361
311.436
311.533
311.653
311.796
311.962
312.152
312.367
312.606
312.873
313.166
313.487
313.837
314.216
314.627
315.069
315.545
316.055
316.601
317.186
317.809
318.474
319.181
319.933
320.73
321.574
322.462
323.38
324.319
325.266
326.209
327.134
328.037
328.925
329.802
330.678
331.559
332.452
333.362
334.295
335.25
336.223
337.201
338.155
339.024
339.705
340.034
340.115
339.227
339.139
338.783
338.058
337.146
336.152
335.142
334.142
333.165
332.212
331.282
330.369
329.465
328.563
327.652
326.723
325.771
324.8
323.824
322.859
321.915
321.012
320.154
319.345
318.58
317.861
317.185
316.55
315.955
315.399
314.879
314.393
313.941
313.52
313.13
312.769
312.436
312.13
311.85
311.596
311.366
311.16
310.978
310.818
310.68
310.564
310.47
310.397
310.345
310.314
310.304
310.314
310.345
310.397
310.47
310.564
310.68
310.818
310.978
311.16
311.366
311.596
311.85
312.13
312.436
312.769
313.13
313.52
313.941
314.393
314.879
315.399
315.955
316.55
317.185
317.861
318.58
319.345
320.154
321.012
321.915
322.859
323.824
324.8
325.771
326.723
327.652
328.563
329.465
330.369
331.282
332.212
333.165
334.142
335.142
336.152
337.146
338.058
338.783
339.139
339.227
338.34
338.243
337.858
337.086
336.125
335.09
334.045
333.017
332.015
331.041
330.089
329.154
328.224
327.29
326.34
325.366
324.373
323.375
322.388
321.428
320.512
319.643
318.821
318.046
317.316
316.629
315.985
315.381
314.816
314.288
313.795
313.335
312.907
312.509
312.139
311.797
311.482
311.192
310.927
310.685
310.466
310.27
310.096
309.944
309.812
309.701
309.611
309.541
309.491
309.461
309.451
309.461
309.491
309.541
309.611
309.701
309.812
309.944
310.096
310.27
310.466
310.685
310.927
311.192
311.482
311.797
312.139
312.509
312.907
313.335
313.795
314.288
314.816
315.381
315.985
316.629
317.316
318.046
318.821
319.643
320.512
321.428
322.388
323.375
324.373
325.366
326.34
327.29
328.224
329.154
330.089
331.041
332.015
333.017
334.045
335.09
336.125
337.086
337.858
338.243
338.34
337.453
337.347
336.928
336.105
335.093
334.014
332.933
331.875
330.848
329.85
328.876
327.916
326.958
325.988
324.997
323.988
322.974
321.971
320.999
320.071
319.191
318.358
317.572
316.831
316.135
315.482
314.87
314.298
313.763
313.263
312.797
312.363
311.959
311.583
311.235
310.912
310.615
310.341
310.09
309.862
309.655
309.469
309.303
309.158
309.033
308.928
308.841
308.775
308.727
308.699
308.689
308.699
308.727
308.775
308.841
308.928
309.033
309.158
309.303
309.469
309.655
309.862
310.09
310.341
310.615
310.912
311.235
311.583
311.959
312.363
312.797
313.263
313.763
314.298
314.87
315.482
316.135
316.831
317.572
318.358
319.191
320.071
320.999
321.971
322.974
323.988
324.997
325.988
326.958
327.916
328.876
329.85
330.848
331.875
332.933
334.014
335.093
336.105
336.928
337.347
337.453
336.568
336.45
335.994
335.116
334.05
332.925
331.807
330.718
329.665
328.644
327.646
326.661
325.673
324.668
323.648
322.623
321.608
320.625
319.686
318.794
317.95
317.153
316.402
315.696
315.035
314.415
313.836
313.294
312.789
312.318
311.879
311.47
311.09
310.736
310.409
310.105
309.825
309.567
309.33
309.115
308.919
308.743
308.587
308.449
308.33
308.23
308.149
308.085
308.04
308.013
308.004
308.013
308.04
308.085
308.149
308.23
308.33
308.449
308.587
308.743
308.919
309.115
309.33
309.567
309.825
310.105
310.409
310.736
311.09
311.47
311.879
312.318
312.789
313.294
313.836
314.415
315.035
315.696
316.402
317.153
317.95
318.794
319.686
320.625
321.608
322.623
323.648
324.668
325.673
326.661
327.646
328.644
329.665
330.718
331.807
332.925
334.05
335.116
335.994
336.45
336.568
335.684
335.554
335.057
334.12
332.998
331.826
330.67
329.552
328.473
327.429
326.408
325.398
324.381
323.352
322.32
321.297
320.304
319.354
318.45
317.594
316.786
316.024
315.309
314.638
314.011
313.424
312.877
312.366
311.89
311.447
311.034
310.65
310.293
309.961
309.654
309.368
309.105
308.862
308.639
308.436
308.251
308.085
307.937
307.806
307.694
307.599
307.521
307.461
307.418
307.392
307.383
307.392
307.418
307.461
307.521
307.599
307.694
307.806
307.937
308.085
308.251
308.436
308.639
308.862
309.105
309.368
309.654
309.961
310.293
310.65
311.034
311.447
311.89
312.366
312.877
313.424
314.011
314.638
315.309
316.024
316.786
317.594
318.45
319.354
320.304
321.297
322.32
323.352
324.381
325.398
326.408
327.429
328.473
329.552
330.67
331.826
332.998
334.12
335.057
335.554
335.684
334.805
334.661
334.119
333.12
331.941
330.722
329.529
328.381
327.279
326.213
325.173
324.14
323.102
322.066
321.038
320.035
319.074
318.159
317.29
316.469
315.696
314.97
314.29
313.653
313.059
312.505
311.989
311.509
311.062
310.645
310.258
309.898
309.563
309.252
308.963
308.695
308.447
308.219
308.009
307.817
307.642
307.485
307.345
307.221
307.114
307.024
306.95
306.893
306.852
306.827
306.819
306.827
306.852
306.893
306.95
307.024
307.114
307.221
307.345
307.485
307.642
307.817
308.009
308.219
308.447
308.695
308.963
309.252
309.563
309.898
310.258
310.645
311.062
311.509
311.989
312.505
313.059
313.653
314.29
314.97
315.696
316.469
317.29
318.159
319.074
320.035
321.038
322.066
323.102
324.14
325.173
326.213
327.279
328.381
329.529
330.722
331.941
333.12
334.119
334.661
334.805
333.935
333.776
333.184
332.12
330.884
329.618
328.39
327.215
326.091
325.008
323.951
322.902
321.861
320.83
319.818
318.847
317.919
317.037
316.202
315.416
314.678
313.986
313.34
312.737
312.176
311.654
311.169
310.717
310.298
309.908
309.545
309.208
308.894
308.603
308.331
308.08
307.847
307.631
307.433
307.252
307.087
306.937
306.804
306.687
306.585
306.499
306.428
306.374
306.335
306.311
306.303
306.311
306.335
306.374
306.428
306.499
306.585
306.687
306.804
306.937
307.087
307.252
307.433
307.631
307.847
308.08
308.331
308.603
308.894
309.208
309.545
309.908
310.298
310.717
311.169
311.654
312.176
312.737
313.34
313.986
314.678
315.416
316.202
317.037
317.919
318.847
319.818
320.83
321.861
322.902
323.951
325.008
326.091
327.215
328.39
329.618
330.884
332.12
333.184
333.776
333.935
333.078
332.901
332.256
331.127
329.833
328.523
327.263
326.063
324.921
323.825
322.757
321.705
320.671
319.654
318.671
317.73
316.834
315.984
315.183
314.431
313.727
313.069
312.457
311.887
311.358
310.867
310.411
309.988
309.595
309.231
308.891
308.576
308.282
308.008
307.754
307.517
307.298
307.094
306.907
306.735
306.578
306.436
306.309
306.197
306.099
306.017
305.95
305.897
305.86
305.837
305.83
305.837
305.86
305.897
305.95
306.017
306.099
306.197
306.309
306.436
306.578
306.735
306.907
307.094
307.298
307.517
307.754
308.008
308.282
308.576
308.891
309.231
309.595
309.988
310.411
310.867
311.358
311.887
312.457
313.069
313.727
314.431
315.183
315.984
316.834
317.73
318.671
319.654
320.671
321.705
322.757
323.825
324.921
326.063
327.263
328.523
329.833
331.127
332.256
332.901
333.078
332.239
332.043
331.342
330.148
328.798
327.446
326.156
324.935
323.78
322.677
321.605
320.562
319.542
318.548
317.594
316.683
315.817
314.999
314.231
313.512
312.84
312.216
311.636
311.098
310.6
310.139
309.712
309.317
308.95
308.609
308.292
307.997
307.722
307.465
307.226
307.003
306.795
306.603
306.425
306.261
306.111
305.975
305.854
305.746
305.653
305.573
305.509
305.458
305.422
305.4
305.393
305.4
305.422
305.458
305.509
305.573
305.653
305.746
305.854
305.975
306.111
306.261
306.425
306.603
306.795
307.003
307.226
307.465
307.722
307.997
308.292
308.609
308.95
309.317
309.712
310.139
310.6
311.098
311.636
312.216
312.84
313.512
314.231
314.999
315.817
316.683
317.594
318.548
319.542
320.562
321.605
322.677
323.78
324.935
326.156
327.446
328.798
330.148
331.342
332.043
332.239
331.422
331.207
330.45
329.191
327.788
326.397
325.08
323.843
322.68
321.575
320.509
319.482
318.478
317.511
316.585
315.701
314.865
314.078
313.341
312.654
312.015
311.423
310.875
310.368
309.901
309.469
309.07
308.7
308.358
308.04
307.745
307.469
307.211
306.97
306.744
306.533
306.336
306.153
305.983
305.826
305.682
305.552
305.434
305.33
305.24
305.163
305.101
305.052
305.017
304.996
304.988
304.996
305.017
305.052
305.101
305.163
305.24
305.33
305.434
305.552
305.682
305.826
305.983
306.153
306.336
306.533
306.744
306.97
307.211
307.469
307.745
308.04
308.358
308.7
309.07
309.469
309.901
310.368
310.875
311.423
312.015
312.654
313.341
314.078
314.865
315.701
316.585
317.511
318.478
319.482
320.509
321.575
322.68
323.843
325.08
326.397
327.788
329.191
330.45
331.207
331.422
330.624
330.4
329.59
328.269
326.814
325.387
324.046
322.796
321.629
320.528
319.476
318.466
317.483
316.541
315.639
314.783
313.975
313.218
312.511
311.855
311.248
310.687
310.169
309.693
309.255
308.851
308.479
308.136
307.817
307.521
307.245
306.988
306.746
306.519
306.304
306.104
305.917
305.742
305.578
305.427
305.288
305.161
305.047
304.946
304.858
304.783
304.722
304.674
304.64
304.619
304.612
304.619
304.64
304.674
304.722
304.783
304.858
304.946
305.047
305.161
305.288
305.427
305.578
305.742
305.917
306.104
306.304
306.519
306.746
306.988
307.245
307.521
307.817
308.136
308.479
308.851
309.255
309.693
310.169
310.687
311.248
311.855
312.511
313.218
313.975
314.783
315.639
316.541
317.483
318.466
319.476
320.528
321.629
322.796
324.046
325.387
326.814
328.269
329.59
330.4
330.624
329.882
329.65
328.779
327.393
325.888
324.426
323.063
321.804
320.637
319.542
318.508
317.514
316.554
315.634
314.755
313.924
313.144
312.415
311.738
311.112
310.535
310.004
309.517
309.07
308.661
308.285
307.939
307.62
307.324
307.049
306.792
306.551
306.324
306.109
305.904
305.71
305.525
305.35
305.187
305.035
304.897
304.77
304.657
304.556
304.469
304.395
304.334
304.287
304.253
304.233
304.226
304.233
304.253
304.287
304.334
304.395
304.469
304.556
304.657
304.77
304.897
305.035
305.187
305.35
305.525
305.71
305.904
306.109
306.324
306.551
306.792
307.049
307.324
307.62
307.939
308.285
308.661
309.07
309.517
310.004
310.535
311.112
311.738
312.415
313.144
313.924
314.755
315.634
316.554
317.514
318.508
319.542
320.637
321.804
323.063
324.426
325.888
327.393
328.779
329.65
329.882
329.213
328.965
328.03
326.576
325.02
323.523
322.141
320.873
319.708
318.62
317.606
316.627
315.687
314.786
313.929
313.122
312.367
311.666
311.017
310.421
309.873
309.372
308.915
308.497
308.115
307.766
307.445
307.15
306.876
306.622
306.381
306.149
305.924
305.707
305.499
305.301
305.114
304.938
304.774
304.623
304.484
304.358
304.245
304.145
304.058
303.985
303.925
303.878
303.845
303.825
303.818
303.825
303.845
303.878
303.925
303.985
304.058
304.145
304.245
304.358
304.484
304.623
304.774
304.938
305.114
305.301
305.499
305.707
305.924
306.149
306.381
306.622
306.876
307.15
307.445
307.766
308.115
308.497
308.915
309.372
309.873
310.421
311.017
311.666
312.367
313.122
313.929
314.786
315.687
316.627
317.606
318.62
319.708
320.873
322.141
323.523
325.02
326.576
328.03
328.965
329.213
328.624
328.356
327.362
325.83
324.219
322.688
321.285
320.009
318.845
317.766
316.768
315.802
314.878
313.995
313.158
312.373
311.643
310.968
310.347
309.779
309.26
308.788
308.359
307.969
307.615
307.292
306.996
306.725
306.469
306.222
305.977
305.739
305.508
305.286
305.074
304.873
304.684
304.506
304.341
304.188
304.049
303.923
303.81
303.711
303.625
303.552
303.493
303.446
303.413
303.394
303.387
303.394
303.413
303.446
303.493
303.552
303.625
303.711
303.81
303.923
304.049
304.188
304.341
304.506
304.684
304.873
305.074
305.286
305.508
305.739
305.977
306.222
306.469
306.725
306.996
307.292
307.615
307.969
308.359
308.788
309.26
309.779
310.347
310.968
311.643
312.373
313.158
313.995
314.878
315.802
316.768
317.766
318.845
320.009
321.285
322.688
324.219
325.83
327.362
328.356
328.624
328.116
327.826
326.767
325.158
323.492
321.925
320.5
319.214
318.048
316.978
315.989
315.035
314.125
313.256
312.438
311.675
310.968
310.319
309.725
309.184
308.693
308.249
307.848
307.486
307.159
306.862
306.589
306.327
306.066
305.809
305.557
305.311
305.074
304.847
304.63
304.425
304.232
304.052
303.885
303.732
303.592
303.466
303.354
303.255
303.169
303.097
303.038
302.993
302.96
302.941
302.934
302.941
302.96
302.993
303.038
303.097
303.169
303.255
303.354
303.466
303.592
303.732
303.885
304.052
304.232
304.425
304.63
304.847
305.074
305.311
305.557
305.809
306.066
306.327
306.589
306.862
307.159
307.486
307.848
308.249
308.693
309.184
309.725
310.319
310.968
311.675
312.438
313.256
314.125
315.035
315.989
316.978
318.048
319.214
320.5
321.925
323.492
325.158
326.767
327.826
328.116
327.692
327.376
326.243
324.566
322.846
321.239
319.789
318.489
317.318
316.252
315.268
314.323
313.423
312.568
311.766
311.023
310.339
309.714
309.146
308.632
308.168
307.752
307.378
307.043
306.742
306.465
306.194
305.921
305.651
305.383
305.121
304.867
304.622
304.388
304.165
303.955
303.759
303.576
303.408
303.253
303.113
302.987
302.875
302.777
302.692
302.62
302.562
302.517
302.485
302.466
302.459
302.466
302.485
302.517
302.562
302.62
302.692
302.777
302.875
302.987
303.113
303.253
303.408
303.576
303.759
303.955
304.165
304.388
304.622
304.867
305.121
305.383
305.651
305.921
306.194
306.465
306.742
307.043
307.378
307.752
308.168
308.632
309.146
309.714
310.339
311.023
311.766
312.568
313.423
314.323
315.268
316.252
317.318
318.489
319.789
321.239
322.846
324.566
326.243
327.376
327.692
327.352
327.007
325.796
324.059
322.285
320.636
319.154
317.835
316.654
315.587
314.602
313.661
312.768
311.925
311.139
310.415
309.753
309.152
308.609
308.121
307.684
307.294
306.947
306.638
306.354
306.074
305.791
305.506
305.222
304.943
304.669
304.405
304.15
303.908
303.678
303.463
303.263
303.077
302.907
302.751
302.611
302.485
302.373
302.276
302.192
302.121
302.064
302.019
301.988
301.969
301.963
301.969
301.988
302.019
302.064
302.121
302.192
302.276
302.373
302.485
302.611
302.751
302.907
303.077
303.263
303.463
303.678
303.908
304.15
304.405
304.669
304.943
305.222
305.506
305.791
306.074
306.354
306.638
306.947
307.294
307.684
308.121
308.609
309.152
309.753
310.415
311.139
311.925
312.768
313.661
314.602
315.587
316.654
317.835
319.154
320.636
322.285
324.059
325.796
327.007
327.352
327.097
326.719
325.43
323.643
321.815
320.118
318.597
317.251
316.052
314.977
313.987
313.046
312.158
311.324
310.554
309.848
309.208
308.631
308.112
307.649
307.237
306.872
306.551
306.26
305.973
305.678
305.38
305.08
304.781
304.487
304.2
303.923
303.657
303.406
303.169
302.948
302.743
302.554
302.382
302.226
302.085
301.96
301.849
301.752
301.669
301.6
301.544
301.5
301.469
301.451
301.445
301.451
301.469
301.5
301.544
301.6
301.669
301.752
301.849
301.96
302.085
302.226
302.382
302.554
302.743
302.948
303.169
303.406
303.657
303.923
304.2
304.487
304.781
305.08
305.38
305.678
305.973
306.26
306.551
306.872
307.237
307.649
308.112
308.631
309.208
309.848
310.554
311.324
312.158
313.046
313.987
314.977
316.052
317.251
318.597
320.118
321.815
323.643
325.43
326.719
327.097
326.921
326.506
325.156
323.323
321.439
319.686
318.118
316.735
315.509
314.419
313.419
312.474
311.588
310.764
310.008
309.321
308.702
308.147
307.652
307.213
306.825
306.484
306.184
305.892
305.589
305.278
304.962
304.644
304.327
304.015
303.712
303.42
303.142
302.88
302.634
302.407
302.197
302.006
301.832
301.676
301.535
301.411
301.301
301.206
301.125
301.057
301.002
300.959
300.929
300.911
300.905
300.911
300.929
300.959
301.002
301.057
301.125
301.206
301.301
301.411
301.535
301.676
301.832
302.006
302.197
302.407
302.634
302.88
303.142
303.42
303.712
304.015
304.327
304.644
304.962
305.278
305.589
305.892
306.184
306.484
306.825
307.213
307.652
308.147
308.702
309.321
310.008
310.764
311.588
312.474
313.419
314.419
315.509
316.735
318.118
319.686
321.439
323.323
325.156
326.506
326.921
326.817
326.365
324.981
323.103
321.158
319.342
317.716
316.285
315.023
313.909
312.894
311.941
311.057
310.241
309.499
308.831
308.232
307.7
307.228
306.812
306.447
306.13
305.834
305.525
305.204
304.874
304.537
304.197
303.859
303.527
303.204
302.895
302.602
302.328
302.073
301.839
301.625
301.431
301.257
301.1
300.961
300.838
300.73
300.637
300.558
300.492
300.438
300.397
300.368
300.351
300.345
300.351
300.368
300.397
300.438
300.492
300.558
300.637
300.73
300.838
300.961
301.1
301.257
301.431
301.625
301.839
302.073
302.328
302.602
302.895
303.204
303.527
303.859
304.197
304.537
304.874
305.204
305.525
305.834
306.13
306.447
306.812
307.228
307.7
308.232
308.831
309.499
310.241
311.057
311.941
312.894
313.909
315.023
316.285
317.716
319.342
321.158
323.103
324.981
326.365
326.817
326.78
326.298
324.897
322.977
320.968
319.081
317.387
315.896
314.588
313.444
312.408
311.446
310.561
309.754
309.027
308.377
307.799
307.288
306.838
306.443
306.099
305.795
305.488
305.162
304.82
304.467
304.105
303.74
303.376
303.019
302.673
302.344
302.035
301.747
301.483
301.242
301.024
300.829
300.654
300.498
300.361
300.24
300.135
300.045
299.969
299.905
299.854
299.814
299.787
299.77
299.765
299.77
299.787
299.814
299.854
299.905
299.969
300.045
300.135
300.24
300.361
300.498
300.654
300.829
301.024
301.242
301.483
301.747
302.035
302.344
302.673
303.019
303.376
303.74
304.105
304.467
304.82
305.162
305.488
305.795
306.099
306.443
306.838
307.288
307.799
308.377
309.027
309.754
310.561
311.446
312.408
313.444
314.588
315.896
317.387
319.081
320.968
322.977
324.897
326.298
326.78
326.795
326.298
324.889
322.936
320.864
318.899
317.125
315.562
314.196
313.018
311.96
310.986
310.101
309.302
308.59
307.959
307.402
306.912
306.482
306.107
305.782
305.477
305.151
304.804
304.439
304.059
303.669
303.273
302.878
302.491
302.118
301.765
301.436
301.134
300.86
300.613
300.392
300.196
300.023
299.87
299.735
299.619
299.517
299.431
299.358
299.297
299.248
299.211
299.185
299.169
299.164
299.169
299.185
299.211
299.248
299.297
299.358
299.431
299.517
299.619
299.735
299.87
300.023
300.196
300.392
300.613
300.86
301.134
301.436
301.765
302.118
302.491
302.878
303.273
303.669
304.059
304.439
304.804
305.151
305.477
305.782
306.107
306.482
306.912
307.402
307.959
308.59
309.302
310.101
310.986
311.96
313.018
314.196
315.562
317.125
318.899
320.864
322.936
324.889
326.298
326.795
326.846
326.349
324.942
322.962
320.83
318.784
316.92
315.269
313.828
312.628
311.55
310.563
309.676
308.886
308.189
307.577
307.04
306.57
306.159
305.8
305.488
305.171
304.827
304.457
304.064
303.653
303.228
302.795
302.363
301.939
301.533
301.152
300.802
300.485
300.201
299.949
299.727
299.532
299.362
299.213
299.084
298.972
298.876
298.794
298.725
298.668
298.623
298.588
298.563
298.549
298.544
298.549
298.563
298.588
298.623
298.668
298.725
298.794
298.876
298.972
299.084
299.213
299.362
299.532
299.727
299.949
300.201
300.485
300.802
301.152
301.533
301.939
302.363
302.795
303.228
303.653
304.064
304.457
304.827
305.171
305.488
305.8
306.159
306.57
307.04
307.577
308.189
308.886
309.676
310.563
311.55
312.628
313.828
315.269
316.92
318.784
320.83
322.962
324.942
326.349
326.846
326.919
326.428
325.031
323.034
320.849
318.722
316.759
315.003
313.465
312.268
311.189
310.179
309.288
308.506
307.825
307.232
306.715
306.263
305.87
305.527
305.218
304.884
304.518
304.123
303.7
303.252
302.786
302.309
301.83
301.361
300.915
300.501
300.126
299.793
299.501
299.246
299.026
298.835
298.67
298.528
298.406
298.301
298.211
298.135
298.072
298.019
297.978
297.946
297.923
297.91
297.905
297.91
297.923
297.946
297.978
298.019
298.072
298.135
298.211
298.301
298.406
298.528
298.67
298.835
299.026
299.246
299.501
299.793
300.126
300.501
300.915
301.361
301.83
302.309
302.786
303.252
303.7
304.123
304.518
304.884
305.218
305.527
305.87
306.263
306.715
307.232
307.825
308.506
309.288
310.179
311.189
312.268
313.465
315.003
316.759
318.722
320.849
323.034
325.031
326.428
326.919
326.994
326.512
325.129
323.123
320.894
318.692
316.625
314.745
313.116
311.945
310.89
309.84
308.939
308.166
307.5
306.926
306.427
305.994
305.615
305.286
304.971
304.619
304.231
303.807
303.35
302.861
302.347
301.815
301.279
300.752
300.255
299.801
299.399
299.052
298.754
298.501
298.286
298.103
297.947
297.815
297.702
297.606
297.524
297.455
297.398
297.351
297.313
297.285
297.265
297.253
297.249
297.253
297.265
297.285
297.313
297.351
297.398
297.455
297.524
297.606
297.702
297.815
297.947
298.103
298.286
298.501
298.754
299.052
299.399
299.801
300.255
300.752
301.279
301.815
302.347
302.861
303.35
303.807
304.231
304.619
304.971
305.286
305.615
305.994
306.427
306.926
307.5
308.166
308.939
309.84
310.89
311.945
313.116
314.745
316.625
318.692
320.894
323.123
325.129
326.512
326.994
327.051
326.576
325.207
323.197
320.935
318.669
316.499
314.476
312.806
311.662
310.639
309.543
308.632
307.866
307.216
306.66
306.18
305.762
305.397
305.077
304.751
304.382
303.971
303.517
303.022
302.487
301.916
301.318
300.707
300.106
299.541
299.039
298.61
298.251
297.954
297.708
297.504
297.335
297.192
297.073
296.972
296.887
296.815
296.755
296.705
296.664
296.632
296.607
296.59
296.579
296.576
296.579
296.59
296.607
296.632
296.664
296.705
296.755
296.815
296.887
296.972
297.073
297.192
297.335
297.504
297.708
297.954
298.251
298.61
299.039
299.541
300.106
300.707
301.318
301.916
302.487
303.022
303.517
303.971
304.382
304.751
305.077
305.397
305.762
306.18
306.66
307.216
307.866
308.632
309.543
310.639
311.662
312.806
314.476
316.499
318.669
320.935
323.197
325.207
326.576
327.051
327.069
326.597
325.233
323.215
320.932
318.622
316.368
314.21
312.545
311.42
310.416
309.291
308.367
307.609
306.974
306.436
305.974
305.571
305.217
304.903
304.564
304.178
303.743
303.26
302.725
302.139
301.504
300.825
300.118
299.413
298.757
298.196
297.741
297.38
297.093
296.865
296.68
296.53
296.406
296.303
296.217
296.146
296.085
296.035
295.994
295.96
295.933
295.913
295.898
295.89
295.887
295.89
295.898
295.913
295.933
295.96
295.994
296.035
296.085
296.146
296.217
296.303
296.406
296.53
296.68
296.865
297.093
297.38
297.741
298.196
298.757
299.413
300.118
300.825
301.504
302.139
302.725
303.26
303.743
304.178
304.564
304.903
305.217
305.571
305.974
306.436
306.974
307.609
308.367
309.291
310.416
311.42
312.545
314.21
316.368
318.622
320.932
323.215
325.233
326.597
327.069
327.036
326.561
325.178
323.136
320.84
318.512
316.212
313.966
312.332
311.23
310.222
309.083
308.145
307.395
306.776
306.256
305.811
305.424
305.081
304.769
304.417
304.013
303.556
303.044
302.471
301.833
301.126
300.35
299.517
298.664
297.868
297.239
296.77
296.425
296.166
295.968
295.813
295.69
295.59
295.508
295.44
295.384
295.337
295.298
295.266
295.24
295.219
295.203
295.192
295.186
295.184
295.186
295.192
295.203
295.219
295.24
295.266
295.298
295.337
295.384
295.44
295.508
295.59
295.69
295.813
295.968
296.166
296.425
296.77
297.239
297.868
298.664
299.517
300.35
301.126
301.833
302.471
303.044
303.556
304.013
304.417
304.769
305.081
305.424
305.811
306.256
306.776
307.395
308.145
309.083
310.222
311.23
312.332
313.966
316.212
318.512
320.84
323.136
325.178
326.561
327.036
326.961
326.467
325.027
322.928
320.624
318.309
316.008
313.734
312.181
311.123
310.056
308.892
307.961
307.224
306.622
306.119
305.692
305.324
304.997
304.678
304.311
303.892
303.417
302.88
302.273
301.586
300.807
299.924
298.929
297.847
296.804
296.112
295.668
295.373
295.168
295.019
294.906
294.817
294.747
294.69
294.643
294.604
294.571
294.545
294.523
294.505
294.491
294.48
294.473
294.469
294.467
294.469
294.473
294.48
294.491
294.505
294.523
294.545
294.571
294.604
294.643
294.69
294.747
294.817
294.906
295.019
295.168
295.373
295.668
296.112
296.804
297.847
298.929
299.924
300.807
301.586
302.273
302.88
303.417
303.892
304.311
304.678
304.997
305.324
305.692
306.119
306.622
307.224
307.961
308.892
310.056
311.123
312.181
313.734
316.008
318.309
320.624
322.928
325.027
326.467
326.961
326.879
326.359
324.836
322.669
320.374
318.093
315.818
313.573
312.154
311.091
309.914
308.75
307.844
307.122
306.533
306.043
305.631
305.281
304.963
304.628
304.248
303.818
303.33
302.776
302.145
301.422
300.585
299.6
298.417
296.984
295.381
294.727
294.407
294.224
294.106
294.025
293.964
293.918
293.881
293.852
293.828
293.808
293.792
293.778
293.767
293.758
293.751
293.746
293.742
293.74
293.739
293.74
293.742
293.746
293.751
293.758
293.767
293.778
293.792
293.808
293.828
293.852
293.881
293.918
293.964
294.025
294.106
294.224
294.407
294.727
295.381
296.984
298.417
299.6
300.585
301.422
302.145
302.776
303.33
303.818
304.248
304.628
304.963
305.281
305.631
306.043
306.533
307.122
307.844
308.75
309.914
311.091
312.154
313.573
315.818
318.093
320.374
322.669
324.836
326.359
326.879
326.842
326.31
324.745
322.549
320.265
318.004
315.742
313.525
312.18
311.078
309.846
308.704
307.808
307.091
306.507
306.021
305.614
305.274
304.955
304.612
304.228
303.794
303.301
302.741
302.101
301.364
300.502
299.464
298.147
296.281
293
293
293
293
293
293
293
293
293
293
293
293
293
293
293
293
293
293
293
293
293
293
293
293
293
293
293
293
293
293
293
293
293
293
293
293
293
293
293
293
293
296.281
298.147
299.464
300.502
301.364
302.101
302.741
303.301
303.794
304.228
304.612
304.955
305.274
305.614
306.021
306.507
307.091
307.808
308.704
309.846
311.078
312.18
313.525
315.742
318.004
320.265
322.549
324.745
326.31
326.842
