350.968
347.413
336.145
314.82
313.195
310.459
307.833
303.575
301.754
300.396
299.063
297.727
296.656
295.974
294.983
293
293
293
293
293
293
293
293
293
293
293
293
293
293
293
293
293
293
293
293
293
294.986
295.979
296.661
297.751
299.119
300.488
301.885
303.761
308.025
310.655
313.396
315.023
336.379
347.663
351.223
352.523
349.27
339.175
321.178
313.839
310.371
308.593
304.477
301.854
300.444
299.075
297.679
296.501
296.123
295.472
294.602
294.247
294.057
293.912
293.75
293.516
293.245
293.15
293.137
294.227
297.144
294.228
293.137
293.15
293.246
293.517
293.752
293.914
294.059
294.249
294.605
295.476
296.128
296.506
297.702
299.131
300.537
301.987
304.662
308.786
310.568
314.041
321.392
339.416
349.525
352.783
356.584
353.968
346.105
333.041
321.743
313.608
309.988
306.963
303.984
301.582
299.737
298
296.552
296.534
296.168
295.676
295.317
295.056
294.83
294.561
294.054
293.303
293.205
294.828
299.801
303.254
299.803
294.83
293.205
293.304
294.057
294.565
294.834
295.06
295.321
295.681
296.174
296.54
296.557
298.024
299.794
301.676
304.119
307.144
310.184
313.813
321.965
333.283
346.366
354.239
356.858
361.877
359.913
354.238
345.741
337.034
329.494
323.692
318.674
313.998
309.576
305.234
300.665
297.336
297.282
296.978
296.605
296.276
296.007
295.779
295.598
295.596
299.007
303.739
307.341
310.673
312.267
310.674
307.343
303.743
299.014
295.602
295.605
295.785
296.013
296.283
296.612
296.985
297.288
297.343
300.687
305.293
309.679
314.151
318.878
323.934
329.758
337.31
346.024
354.527
360.206
362.171
367.099
365.57
361.193
354.65
347.159
339.644
332.611
326.043
319.76
313.489
306.959
300.34
298.869
298.265
297.845
297.478
297.164
296.903
296.669
296.445
296.497
304.891
311.406
316.123
319.282
320.466
319.283
316.125
311.41
304.897
296.506
296.453
296.678
296.911
297.173
297.486
297.853
298.273
298.878
300.351
307.011
313.595
319.929
326.284
332.915
339.974
347.492
354.978
361.513
365.886
367.413
371.377
370.075
366.312
360.51
353.306
345.31
337.066
329.126
321.508
313.663
304.776
299.603
299.463
299.053
298.647
298.285
297.988
297.758
297.539
297.205
297.614
308.817
316.869
322.463
325.867
327.032
325.868
322.465
316.873
308.823
297.622
297.212
297.548
297.769
297.999
298.295
298.656
299.062
299.471
299.611
304.811
313.76
321.685
329.414
337.469
345.731
353.705
360.881
366.662
370.413
371.71
374.26
373.042
369.471
363.769
356.247
347.226
337.217
327.886
319.484
310.879
301.789
300.922
300.313
299.826
299.391
299.014
298.733
298.592
298.51
298.434
299.991
311.896
320.791
326.995
330.691
331.926
330.691
326.995
320.793
311.902
300.004
298.447
298.523
298.606
298.746
299.026
299.401
299.835
300.322
300.931
301.805
310.951
319.636
328.217
337.816
347.775
356.718
364.18
369.842
373.392
374.602
375.577
374.363
370.759
364.851
356.685
346.129
332.691
321.718
313.662
305.91
302.037
301.55
301.03
300.534
300.065
299.635
299.324
299.355
299.462
299.538
301.678
313.984
323.404
330.033
333.978
335.289
333.976
330.031
323.403
313.986
301.683
299.556
299.478
299.372
299.343
299.648
300.075
300.543
301.038
301.559
302.046
305.916
313.69
322.005
333.802
346.837
357.21
365.279
371.133
374.71
375.916
375.323
374.074
370.351
364.19
355.515
343.914
328.187
316.145
307.907
302.949
302.65
302.2
301.709
301.203
300.687
300.134
299.586
300.028
300.432
300.794
301.976
314.958
324.807
331.755
335.898
337.275
335.895
331.749
324.801
314.956
301.978
300.821
300.45
300.048
299.61
300.143
300.696
301.211
301.717
302.208
302.658
302.955
307.83
315.759
329.142
344.562
356.006
364.593
370.703
374.399
375.64
373.568
372.258
368.38
362.043
353.27
341.825
327.135
312.292
305.211
303.704
303.319
302.878
302.391
301.868
301.356
302.138
301.688
301.003
301.432
301.83
302.008
315.067
325.11
332.283
336.586
338.017
336.579
332.271
325.097
315.058
302.012
301.844
301.442
301.001
301.678
302.132
301.363
301.876
302.399
302.886
303.326
303.711
305.19
312.232
327.575
342.264
353.658
362.384
368.686
372.544
373.847
370.433
369.011
364.868
358.333
349.698
338.98
326.099
311.75
304.663
304.456
304.03
303.591
303.096
302.512
303.807
306.276
305.171
302.461
302.452
302.676
302.736
314.194
324.283
331.681
336.144
337.629
336.132
331.659
324.257
314.169
302.736
302.677
302.46
302.468
305.144
306.263
303.804
302.519
303.103
303.598
304.036
304.459
304.662
311.8
326.322
339.259
349.978
358.598
365.114
369.243
370.661
366.143
364.483
359.749
352.724
344.207
334.3
322.53
309.862
305.318
305.085
304.743
304.348
303.877
303.983
307.755
310.224
308.688
303.319
303.226
303.525
303.607
310.92
322.147
330.012
334.681
336.224
334.66
329.976
322.103
310.863
303.616
303.533
303.242
303.328
308.671
310.21
307.746
303.989
303.885
304.354
304.749
305.09
305.323
309.899
322.654
334.474
344.399
352.915
359.929
364.654
366.31
361.172
359.031
352.92
344.607
336.105
327.484
316.072
308.033
306.223
305.811
305.497
305.166
304.91
307.833
312.629
314.177
312.052
305.845
304.234
304.578
304.847
307.243
319.374
327.54
332.345
333.926
332.307
327.484
319.315
307.174
304.863
304.584
304.228
305.773
312.017
314.16
312.623
307.836
304.916
305.173
305.504
305.817
306.23
308.052
316.129
327.584
336.227
344.736
353.031
359.133
361.272
356.485
353.548
344.293
332.681
324.129
319.916
312.849
309.682
307.441
306.505
306.256
305.949
306.145
312.57
316.753
317.803
315.5
309.803
305.7
305.695
306.049
306.32
316.564
324.429
329.231
330.828
329.16
324.337
316.499
306.303
306.05
305.7
305.703
309.728
315.466
317.789
316.75
312.574
306.152
305.956
306.264
306.514
307.457
309.709
312.881
319.965
324.194
332.771
344.328
353.575
356.513
353.67
350.384
339.707
328.035
322.631
319.758
314.636
311.154
309.712
308.219
307.413
307.979
308.39
315.971
320.011
320.781
318.341
313.057
306.471
306.439
306.569
306.643
312.318
320.382
325.324
326.993
325.169
320.204
312.254
306.653
306.579
306.449
306.481
313.026
318.329
320.78
320.015
315.978
308.399
307.987
307.422
308.232
309.73
311.179
314.67
319.805
322.691
328.124
339.58
350.326
353.629
353.426
350.613
341.986
331.382
323.722
319.979
314.946
313.62
313.012
312.232
311.821
311.964
312.247
318.921
322.538
322.97
320.027
313.988
307.047
307.01
307.134
307.441
308.697
315.456
320.688
322.652
320.318
315.058
308.672
307.462
307.151
307.024
307.062
313.998
320.045
322.987
322.553
318.933
312.256
311.973
311.83
312.244
313.028
313.645
314.972
320.024
323.768
331.352
341.819
350.52
353.352
354.808
352.655
346.593
338.475
330.513
323.522
316.992
316.569
316.372
316.038
315.881
315.755
315.827
320.928
324.25
324.532
320.811
312.479
307.8
307.406
307.505
307.728
307.98
310.196
315.322
318.61
314.395
309.698
308.016
307.757
307.527
307.424
307.815
312.542
320.865
324.571
324.276
320.945
315.839
315.767
315.891
316.048
316.382
316.58
317
323.538
330.519
338.443
346.513
352.582
354.739
356.495
354.608
349.254
341.415
332.34
322.876
317.186
317.02
316.757
316.532
316.456
316.562
316.647
320.717
325.003
326.097
322.204
310.578
308.792
307.931
307.791
307.973
308.292
308.775
312.695
318.07
311.211
308.866
308.342
308.008
307.815
307.953
308.81
310.749
322.302
326.155
325.036
320.735
316.655
316.57
316.464
316.54
316.765
317.027
317.192
322.88
332.335
341.39
349.207
354.555
356.442
357.955
356.027
350.401
341.591
330.558
319.81
317.686
317.397
317.11
316.793
316.806
317.07
317.296
319.211
324.947
328.651
327.331
318.41
310.48
308.486
308.317
308.501
308.504
310.355
319.716
325.765
318.812
309.771
308.546
308.535
308.341
308.512
310.647
318.601
327.438
328.712
324.978
319.227
317.305
317.079
316.814
316.802
317.119
317.405
317.694
319.814
330.552
341.573
350.371
355.99
357.917
359.273
357.142
350.733
339.99
324.882
318.386
318.07
317.752
317.404
316.921
317.259
317.742
318.168
318.726
323.157
332.227
336.061
335.198
333.186
332.507
332.746
333.393
334.403
336.508
340.383
342.474
340.041
336.196
334.298
333.369
332.755
332.546
333.278
335.305
336.14
332.276
323.177
318.737
318.177
317.751
317.268
316.929
317.412
317.76
318.078
318.394
324.883
339.98
350.714
357.117
359.246
360.851
358.536
351.399
338.752
319.048
318.707
318.413
318.168
321.1
321.876
319.193
318.463
318.651
319.002
320.227
337.039
345.487
349.144
350.656
351.709
352.779
353.939
355.27
356.952
358.845
359.705
358.706
356.798
355.183
353.904
352.779
351.737
350.71
349.207
345.54
337.075
320.24
319.013
318.661
318.474
319.203
321.885
321.108
318.176
318.421
318.714
319.056
338.748
351.387
358.52
360.833
363.059
360.753
353.576
340.577
319.451
319.031
318.856
323.739
329.668
330.702
326.408
320.876
318.926
319.791
330.022
346.226
355.703
361.234
364.585
366.895
368.723
370.314
371.788
373.184
374.341
374.795
374.279
373.106
371.731
370.286
368.72
366.912
364.618
361.274
355.74
346.254
330.038
319.803
318.936
320.879
326.412
330.708
329.674
323.746
318.863
319.038
319.459
340.575
353.568
360.741
363.046
365.881
363.84
357.575
346.537
329.233
319.808
326.275
334.515
339.204
340.857
340.028
338.656
338.934
341.789
348.772
358.167
365.866
371.504
375.555
378.561
380.904
382.806
384.382
385.655
386.539
386.854
386.51
385.616
384.35
382.789
380.902
378.573
375.577
371.531
365.892
358.189
348.787
341.801
338.943
338.662
340.033
340.862
339.21
334.521
326.281
319.815
329.237
346.535
357.568
363.83
365.87
368.784
367.151
362.346
354.766
345.775
340.484
341.483
344.865
347.776
349.494
350.192
350.788
352.395
355.724
361.149
367.806
374.089
379.36
383.569
386.892
389.526
391.625
393.279
394.517
395.304
395.574
395.292
394.498
393.263
391.617
389.527
386.901
383.585
379.379
374.109
367.823
361.162
355.735
352.403
350.794
350.196
349.498
347.78
344.869
341.486
340.487
345.775
354.762
362.338
367.141
368.773
370.952
369.636
365.89
360.408
354.62
350.876
350.307
351.686
353.542
355.15
356.456
357.911
360.133
363.565
368.292
373.819
379.326
384.278
388.471
391.911
394.684
396.888
398.593
399.829
400.588
400.844
400.584
399.823
398.588
396.888
394.688
391.92
388.484
384.292
379.34
373.832
368.303
363.573
360.14
357.916
356.46
355.153
353.545
351.688
350.308
350.875
354.617
360.401
365.881
369.625
370.94
371.752
370.55
367.172
362.354
357.422
354.091
353.185
354.03
355.557
357.108
358.572
360.265
362.661
366.109
370.638
375.85
381.117
385.954
390.127
393.595
396.41
398.65
400.376
401.618
402.375
402.631
402.377
401.621
400.38
398.656
396.419
393.606
390.139
385.966
381.128
375.861
370.647
366.116
362.666
360.269
358.575
357.11
355.558
354.03
353.184
354.088
357.417
362.345
367.16
370.536
371.737
370.956
369.64
365.895
360.412
354.625
350.881
350.312
351.69
353.546
355.154
356.46
357.915
360.138
363.571
368.3
373.828
379.338
384.293
388.489
391.933
394.712
396.925
398.642
399.892
400.664
400.929
400.67
399.903
398.655
396.939
394.726
391.945
388.501
384.303
379.347
373.836
368.307
363.576
360.142
357.917
356.462
355.155
353.546
351.69
350.31
350.877
354.618
360.401
365.879
369.622
370.937
368.793
367.16
362.354
354.775
345.784
340.494
341.492
344.874
347.784
349.502
350.2
350.797
352.405
355.736
361.164
367.825
374.113
379.389
383.605
386.935
389.581
391.697
393.375
394.642
395.46
395.751
395.473
394.665
393.399
391.719
389.599
386.949
383.616
379.398
374.12
367.831
361.168
355.74
352.407
350.797
350.199
349.501
347.783
344.872
341.49
340.49
345.777
354.761
362.334
367.136
368.767
365.894
363.853
357.588
346.55
329.247
319.824
326.289
334.528
339.216
340.868
340.04
338.669
338.949
341.806
348.793
358.195
365.901
371.547
375.605
378.621
380.979
382.906
384.52
385.843
386.782
387.141
386.808
385.883
384.559
382.938
381.002
378.636
375.615
371.552
365.905
358.198
348.795
341.808
338.949
338.666
340.037
340.866
339.214
334.526
326.287
319.822
329.242
346.533
357.561
363.82
365.859
363.077
360.771
353.593
340.593
319.467
319.047
318.872
323.754
329.682
330.716
326.423
320.892
318.944
319.811
330.046
346.261
355.75
361.291
364.648
366.965
368.809
370.43
371.955
373.428
374.684
375.223
374.733
373.5
372.015
370.472
368.835
366.98
364.654
361.292
355.75
346.262
330.048
319.814
318.944
320.883
326.415
330.713
329.68
323.752
318.87
319.045
319.465
340.571
353.556
360.725
363.029
360.874
358.559
351.421
338.771
319.065
318.723
318.43
318.185
321.116
321.892
319.21
318.481
318.669
319.021
320.248
337.081
345.547
349.218
350.733
351.781
352.86
354.05
355.44
357.231
359.304
360.333
359.404
357.368
355.53
354.101
352.887
351.792
350.731
349.212
345.541
337.078
320.25
319.021
318.669
318.483
319.209
321.892
321.115
318.183
318.428
318.721
319.062
338.74
351.368
358.494
360.805
359.301
357.17
350.759
340.012
324.9
318.402
318.086
317.769
317.421
316.938
317.277
317.76
318.186
318.745
323.185
332.279
336.14
335.303
333.283
332.567
332.802
333.468
334.527
336.75
340.968
343.401
341.181
337.036
334.637
333.514
332.822
332.569
333.267
335.282
336.126
332.271
323.182
318.745
318.186
317.76
317.276
316.937
317.42
317.767
318.085
318.401
324.883
339.962
350.683
357.079
359.205
357.99
356.061
350.434
341.619
330.579
319.824
317.702
317.413
317.127
316.81
316.823
317.088
317.313
319.233
324.984
328.712
327.43
318.577
310.624
308.499
308.327
308.513
308.517
310.337
320.425
327.123
320.889
311.016
308.523
308.514
308.33
308.5
310.585
318.533
327.407
328.7
324.979
319.236
317.313
317.088
316.823
316.81
317.126
317.412
317.701
319.817
330.54
341.543
350.323
355.932
357.856
356.538
354.651
349.296
341.451
332.367
322.893
317.201
317.036
316.773
316.549
316.473
316.579
316.664
320.741
325.041
326.155
322.29
310.711
308.792
307.939
307.8
307.985
308.304
308.787
313.913
319.781
313.986
308.774
308.302
307.984
307.802
307.942
308.801
310.681
322.27
326.142
325.035
320.742
316.663
316.579
316.472
316.549
316.773
317.035
317.198
322.879
332.318
341.345
349.135
354.471
356.355
354.859
352.708
346.649
338.521
330.546
323.545
317.005
316.586
316.389
316.056
315.899
315.774
315.846
320.952
324.283
324.576
320.867
312.542
307.807
307.413
307.513
307.739
307.994
310.694
316.496
320.1
316.434
310.619
307.992
307.739
307.515
307.416
307.81
312.521
320.85
324.564
324.276
320.951
315.848
315.776
315.9
316.057
316.39
316.588
317.003
323.541
330.506
338.386
346.399
352.463
354.622
353.482
350.674
342.071
331.441
323.757
320.008
314.968
313.649
313.033
312.252
311.841
311.981
312.264
318.941
322.562
322.999
320.06
314.019
307.053
307.016
307.141
307.45
308.739
315.896
321.489
323.688
321.482
315.931
308.715
307.452
307.144
307.019
307.056
314
320.045
322.988
322.556
318.938
312.265
311.983
311.843
312.256
313.041
313.665
314.986
320.044
323.785
331.296
341.613
350.36
353.205
353.721
350.434
339.752
328.069
322.668
319.787
314.661
311.176
309.731
308.233
307.422
307.988
308.399
315.985
320.027
320.798
318.356
313.065
306.476
306.444
306.574
306.648
312.412
320.717
325.876
327.682
325.875
320.721
312.395
306.653
306.579
306.448
306.48
313.046
318.342
320.788
320.021
315.982
308.399
307.988
307.423
308.238
309.741
311.193
314.686
319.826
322.724
328.177
339.357
350.161
353.478
356.536
353.589
344.289
332.682
324.162
319.946
312.873
309.704
307.454
306.511
306.26
305.954
306.15
312.579
316.762
317.81
315.5
309.79
305.702
305.697
306.05
306.317
316.671
324.682
329.615
331.288
329.616
324.685
316.669
306.326
306.057
305.703
305.707
309.775
315.491
317.802
316.756
312.575
306.148
305.952
306.259
306.511
307.462
309.723
312.896
319.986
324.219
332.758
344.195
353.446
356.388
361.243
359.097
352.972
344.659
336.162
327.533
316.103
308.046
306.227
305.813
305.5
305.169
304.913
307.837
312.634
314.178
312.046
305.825
304.231
304.58
304.853
307.227
319.461
327.727
332.614
334.241
332.617
327.733
319.472
307.252
304.857
304.586
304.239
305.821
312.043
314.173
312.627
307.833
304.91
305.167
305.498
305.811
306.225
308.057
316.136
327.586
336.221
344.703
352.954
359.043
361.179
366.245
364.583
359.845
352.82
344.3
334.38
322.579
309.859
305.32
305.087
304.745
304.35
303.879
303.986
307.759
310.223
308.682
303.321
303.23
303.526
303.609
310.921
322.219
330.15
334.872
336.443
334.876
330.159
322.234
310.946
303.616
303.534
303.237
303.327
308.688
310.22
307.747
303.982
303.878
304.348
304.743
305.085
305.319
309.891
322.647
334.463
344.38
352.882
359.876
364.591
366.245
370.568
369.146
365.006
358.475
349.84
339.108
326.178
311.748
304.662
304.457
304.032
303.593
303.098
302.514
303.811
306.272
305.153
302.461
302.453
302.674
302.733
314.212
324.342
331.783
336.281
337.785
336.286
331.793
324.358
314.231
302.744
302.683
302.46
302.469
305.173
306.272
303.801
302.512
303.096
303.591
304.029
304.451
304.654
311.775
326.299
339.238
349.955
358.569
365.077
369.201
370.617
373.735
372.428
368.557
362.234
353.476
342.034
327.279
312.282
305.197
303.706
303.321
302.881
302.394
301.871
301.359
302.135
301.681
301
301.435
301.834
302.006
315.085
325.157
332.358
336.684
338.129
336.69
332.37
325.173
315.104
302.017
301.839
301.439
301.006
301.689
302.134
301.355
301.869
302.392
302.879
303.319
303.703
305.171
312.19
327.539
342.235
353.634
362.361
368.662
372.519
373.821
375.517
374.272
370.562
364.427
355.797
344.273
328.682
315.831
307.831
302.949
302.653
302.203
301.712
301.206
300.69
300.137
299.596
300.036
300.439
300.806
301.962
314.968
324.84
331.81
335.97
337.355
335.976
331.823
324.861
314.998
302.002
300.803
300.44
300.037
299.595
300.138
300.689
301.204
301.71
302.202
302.651
302.95
307.785
315.724
329.082
344.527
355.985
364.58
370.693
374.39
375.631
375.79
374.58
370.992
365.116
357.011
346.58
333.451
321.919
313.662
305.897
302.042
301.554
301.033
300.537
300.069
299.64
299.332
299.362
299.468
299.546
301.652
313.986
323.426
330.072
334.029
335.347
334.035
330.086
323.45
314.024
301.72
299.545
299.469
299.362
299.332
299.641
300.068
300.536
301.032
301.553
302.042
305.854
313.554
321.926
333.729
346.807
357.2
365.279
371.139
374.717
375.923
374.481
373.268
369.709
364.034
356.551
347.587
337.622
328.109
319.574
310.904
301.782
300.925
300.317
299.83
299.395
299.019
298.738
298.597
298.515
298.437
299.974
311.896
320.806
327.022
330.727
331.967
330.734
327.035
320.827
311.929
300.028
298.441
298.516
298.598
298.738
299.019
299.394
299.829
300.316
300.925
301.797
310.919
319.583
328.18
337.792
347.771
356.728
364.199
369.865
373.417
374.628
371.599
370.3
366.545
360.757
353.574
345.594
337.341
329.322
321.623
313.718
304.786
299.609
299.467
299.057
298.651
298.289
297.993
297.763
297.543
297.209
297.612
308.82
316.88
322.482
325.892
327.06
325.897
322.493
316.895
308.838
297.625
297.208
297.543
297.763
297.992
298.289
298.65
299.056
299.466
299.606
304.807
313.756
321.68
329.419
337.485
345.759
353.742
360.923
366.706
370.457
371.755
367.315
365.787
361.414
354.877
347.391
339.876
332.827
326.214
319.878
313.559
306.988
300.336
298.874
298.269
297.849
297.482
297.168
296.907
296.674
296.45
296.502
304.893
311.412
316.134
319.298
320.484
319.302
316.143
311.423
304.905
296.499
296.446
296.672
296.906
297.168
297.481
297.848
298.268
298.873
300.351
307.023
313.618
319.963
326.331
332.972
340.038
347.559
355.045
361.579
365.951
367.478
362.085
360.121
354.445
345.947
337.238
329.692
323.875
318.83
314.115
309.653
305.274
300.672
297.34
297.285
296.981
296.608
296.279
296.01
295.782
295.602
295.599
299.005
303.742
307.345
310.68
312.277
310.685
307.353
303.75
299.019
295.598
295.6
295.781
296.009
296.279
296.608
296.981
297.284
297.339
300.696
305.321
309.728
314.222
318.969
324.034
329.86
337.41
346.119
354.616
360.29
362.253
356.784
354.166
346.3
333.227
321.921
313.778
310.153
307.116
304.099
301.662
299.785
298.018
296.554
296.537
296.171
295.678
295.319
295.058
294.832
294.563
294.056
293.304
293.205
294.825
299.801
303.258
299.809
294.834
293.205
293.303
294.055
294.562
294.832
295.057
295.318
295.678
296.17
296.536
296.554
298.038
299.838
301.753
304.229
307.289
310.335
313.96
322.101
333.405
346.474
354.339
356.955
352.717
349.461
339.36
321.352
314.007
310.537
308.757
304.637
301.969
300.525
299.123
297.698
296.503
296.126
295.474
294.603
294.248
294.058
293.913
293.751
293.516
293.246
293.15
293.137
294.226
297.146
294.231
293.136
293.15
293.245
293.516
293.751
293.913
294.058
294.248
294.603
295.473
296.125
296.502
297.716
299.176
300.616
302.103
304.823
308.942
310.722
314.191
321.534
339.538
349.637
352.891
351.16
347.603
336.328
314.989
313.363
310.625
307.997
303.737
301.868
300.476
299.11
297.746
296.658
295.976
294.984
293
293
293
293
293
293
293
293
293
293
293
293
293
293
293
293
293
293
293
293
293
294.984
295.975
296.656
297.766
299.164
300.566
301.999
303.926
308.183
310.81
313.547
315.173
336.507
347.779
351.335
