314.091
311.592
304.397
302.538
302.142
301.677
301.185
300.471
299.672
298.862
298.05
297.247
296.497
295.867
294.905
293
293
293
293
293
293
293
293
293
293
293
293
293
293
293
293
293
293
293
293
293
294.905
295.867
296.497
297.247
298.05
298.862
299.672
300.471
301.185
301.677
302.142
302.538
304.397
311.592
314.091
314.59
312.028
304.643
302.879
302.41
301.858
301.29
300.508
299.672
298.857
298.04
297.215
296.431
296.028
295.369
294.514
294.165
293.987
293.865
293.748
293.602
293.407
293.208
293.159
293.253
294.102
293.253
293.159
293.208
293.407
293.602
293.748
293.865
293.987
294.165
294.514
295.369
296.028
296.431
297.215
298.04
298.857
299.672
300.508
301.29
301.858
302.41
302.879
304.643
312.028
314.59
316.212
313.519
305.663
303.946
303.133
302.319
301.637
300.911
300.005
299.071
298.165
297.17
296.504
296.431
296.019
295.508
295.148
294.904
294.712
294.514
294.239
293.806
293.253
293.341
297.147
299.823
297.147
293.341
293.253
293.806
294.239
294.514
294.712
294.904
295.148
295.508
296.019
296.431
296.504
297.17
298.165
299.071
300.005
300.911
301.637
302.319
303.133
303.946
305.663
313.519
316.212
319.221
316.617
308.833
305.784
304.609
305.955
307.713
307.869
306.498
304.246
301.279
297.986
297.504
297.16
296.755
296.34
296.004
295.756
295.553
295.344
295.076
295.125
298.73
303.047
306.362
307.82
306.362
303.047
298.73
295.125
295.076
295.344
295.553
295.756
296.004
296.34
296.755
297.16
297.504
297.986
301.279
304.246
306.498
307.869
307.713
305.955
304.609
305.784
308.833
316.617
319.221
323.437
321.455
315.536
311.096
311.406
313.018
313.464
312.394
309.887
306.172
301.532
298.703
298.437
297.939
297.488
297.079
296.76
296.55
296.389
296.222
295.983
296.38
303.775
309.758
313.432
314.734
313.432
309.758
303.775
296.38
295.983
296.222
296.389
296.55
296.76
297.079
297.488
297.939
298.437
298.703
301.532
306.172
309.887
312.394
313.464
313.018
311.406
311.096
315.536
321.455
323.437
327.617
326.384
323.187
320.173
318.722
317.969
316.735
314.355
310.485
305.049
300.415
299.737
299.181
298.659
298.167
297.717
297.394
297.282
297.218
297.159
297.12
298.417
307.956
314.778
318.874
320.254
318.874
314.778
307.956
298.417
297.12
297.159
297.218
297.282
297.394
297.717
298.167
298.659
299.181
299.737
300.415
305.049
310.485
314.355
316.735
317.969
318.722
320.173
323.187
326.384
327.617
330.263
329.277
326.725
323.772
321.365
319.401
317.151
313.807
308.657
302.82
300.885
300.418
299.878
299.336
298.793
298.218
297.817
297.955
298.028
298.064
298.107
300.342
310.982
318.525
323.031
324.532
323.031
318.525
310.982
300.342
298.107
298.064
298.028
297.955
297.817
298.218
298.793
299.336
299.878
300.418
300.885
302.82
308.657
313.807
317.151
319.401
321.365
323.772
326.725
329.277
330.263
330.88
329.737
326.663
322.825
319.567
317.119
314.659
311.066
305.466
302.069
301.679
301.125
300.566
300.003
299.447
298.557
298.555
298.728
298.864
298.95
299.013
301.544
313.118
321.311
326.192
327.814
326.192
321.311
313.118
301.544
299.013
298.95
298.864
298.728
298.555
298.557
299.447
300.003
300.566
301.125
301.679
302.069
305.466
311.066
314.659
317.119
319.567
322.825
326.663
329.737
330.88
329.784
328.128
323.366
317.324
313.003
310.875
309.31
306.667
303.599
302.991
302.399
301.825
301.246
300.65
300.326
299.87
299.565
299.58
299.738
299.846
299.918
302.218
314.648
323.407
328.613
330.34
328.613
323.407
314.648
302.218
299.918
299.846
299.738
299.58
299.565
299.87
300.326
300.65
301.246
301.825
302.399
302.991
303.599
306.667
309.31
310.875
313.003
317.324
323.366
328.128
329.784
328.001
325.626
318.376
312.266
309.95
308.465
307.079
305.346
304.131
303.632
303.086
302.52
301.929
301.787
303.403
303.331
300.552
300.469
300.65
300.766
300.842
302.814
315.87
325.058
330.512
332.321
330.512
325.058
315.87
302.814
300.842
300.766
300.65
300.469
300.552
303.331
303.403
301.787
301.929
302.52
303.086
303.632
304.131
305.346
307.079
308.465
309.95
312.266
318.376
325.626
328.001
326.966
324.07
315.041
310.897
309.392
308.095
306.851
305.431
304.811
304.305
303.782
303.227
303.006
305.482
307.875
306.596
301.777
301.466
301.614
301.713
301.785
303.552
316.984
326.442
332.056
333.919
332.056
326.442
316.984
303.552
301.785
301.713
301.614
301.466
301.777
306.596
307.875
305.482
303.006
303.227
303.782
304.305
304.811
305.431
306.851
308.095
309.392
310.897
315.041
324.07
326.966
327.723
324.903
316.213
311.533
309.574
307.989
306.693
305.687
305.392
304.98
304.5
304.191
306.555
310.835
312.064
309.675
303.51
302.575
302.617
302.674
302.736
304.531
318.101
327.668
333.354
335.24
333.354
327.668
318.101
304.531
302.736
302.674
302.617
302.575
303.51
309.675
312.064
310.835
306.555
304.191
304.5
304.98
305.392
305.687
306.693
307.989
309.574
311.533
316.213
324.903
327.723
330.119
327.868
321.093
314.628
310.651
308.132
306.648
306.271
306.065
305.713
305.39
306.609
311.803
315.601
315.872
312.558
305.528
303.613
303.591
303.617
303.671
305.775
319.251
328.777
334.451
336.336
334.451
328.777
319.251
305.775
303.671
303.617
303.591
303.613
305.528
312.558
315.872
315.601
311.803
306.609
305.39
305.713
306.065
306.271
306.648
308.132
310.651
314.628
321.093
327.868
330.119
333.018
331.415
326.974
321.393
315.776
310.005
307.294
307.167
306.868
306.48
306.605
311.241
317.152
319.894
319.267
315.16
307.464
304.545
304.506
304.52
304.573
307.221
320.38
329.737
335.336
337.201
335.336
329.737
320.38
307.221
304.573
304.52
304.506
304.545
307.464
315.16
319.267
319.894
317.152
311.241
306.605
306.48
306.868
307.167
307.294
310.005
315.776
321.393
326.974
331.415
333.018
335.123
333.799
330.083
324.725
318.325
310.961
308.192
308.078
307.75
307.581
309.416
316.73
321.7
323.555
322.141
317.352
309.096
305.405
305.354
305.372
305.431
308.658
321.335
330.455
335.956
337.795
335.956
330.455
321.335
308.658
305.431
305.372
305.354
305.405
309.096
317.352
322.141
323.555
321.7
316.73
309.416
307.581
307.75
308.078
308.192
310.961
318.325
324.725
330.083
333.799
335.123
335.877
334.575
330.834
325.098
317.86
310.48
309.186
308.939
308.587
308.69
313.786
321.105
325.361
326.487
324.39
319.012
310.32
306.287
306.204
306.215
306.315
309.716
321.868
330.793
336.238
338.067
336.238
330.793
321.868
309.716
306.315
306.215
306.204
306.287
310.32
319.012
324.39
326.487
325.361
321.105
313.786
308.69
308.587
308.939
309.186
310.48
317.86
325.098
330.834
334.575
335.877
335.234
333.79
329.581
322.974
314.977
310.585
310.194
309.846
309.66
310.342
318.116
324.555
328.153
328.643
325.919
319.989
311.017
307.438
307.206
307.221
307.516
310.307
321.664
330.611
336.134
337.998
336.134
330.611
321.664
310.307
307.516
307.221
307.206
307.438
311.017
319.989
325.919
328.643
328.153
324.555
318.116
310.342
309.66
309.846
310.194
310.585
314.977
322.974
329.581
333.79
335.234
333.48
331.771
326.724
318.624
312.235
311.142
310.838
310.612
310.637
312.048
320.661
326.846
330.053
330.011
326.655
320.068
311.769
309.413
308.687
308.687
309.459
311.281
320.388
329.853
335.69
337.658
335.69
329.853
320.388
311.281
309.459
308.687
308.687
309.413
311.769
320.068
326.655
330.011
330.053
326.846
320.661
312.048
310.637
310.612
310.838
311.142
312.235
318.624
326.724
331.771
333.48
331.145
329.089
322.966
314.76
312.135
311.66
311.363
311.278
311.483
312.914
321.687
328.117
331.199
330.695
326.622
319.362
313.642
311.755
310.411
310.31
311.509
313.229
318.891
328.746
335.114
337.253
335.114
328.746
318.891
313.229
311.509
310.31
310.411
311.755
313.642
319.362
326.622
330.695
331.199
328.117
321.687
312.914
311.483
311.278
311.363
311.66
312.135
314.76
322.966
329.089
331.145
328.92
326.477
319.101
313.427
312.672
312.208
311.885
311.937
312.39
313.365
321.384
328.735
331.933
330.949
325.893
319.237
316.527
314.437
312.729
312.474
314.05
316.2
319.107
327.694
334.769
337.125
334.769
327.694
319.107
316.2
314.05
312.474
312.729
314.437
316.527
319.237
325.893
330.949
331.933
328.735
321.384
313.365
312.39
311.937
311.885
312.208
312.672
313.427
319.101
326.477
328.92
327.581
324.823
316.535
313.841
313.29
312.789
312.434
312.655
313.446
314.681
320.86
329.508
332.849
331.278
325.033
320.903
319.229
317.252
315.246
315.003
317.082
319.334
321.509
327.408
335.149
337.71
335.149
327.408
321.509
319.334
317.082
315.003
315.246
317.252
319.229
320.903
325.033
331.278
332.849
329.508
320.86
314.681
313.446
312.655
312.434
312.789
313.29
313.841
316.535
324.823
327.581
327.758
324.884
316.425
314.784
314.05
313.497
313.236
313.669
314.862
317.104
322.718
331.644
334.675
332.381
325.062
323.047
321.681
320.674
320.983
321.414
321.63
322.943
325.118
328.791
336.778
339.417
336.778
328.791
325.118
322.943
321.63
321.414
320.983
320.674
321.681
323.047
325.062
332.381
334.675
331.644
322.718
317.104
314.862
313.669
313.236
313.497
314.05
314.784
316.425
324.884
327.758
329.683
327.051
319.245
316.38
315.329
315.916
317.447
318.38
318.993
322.159
328.937
335.793
337.827
335.066
327.587
325.194
324.551
326.693
329.555
330.378
329.035
327.708
328.844
332.703
340.002
342.402
340.002
332.703
328.844
327.708
329.035
330.378
329.555
326.693
324.551
325.194
327.587
335.066
337.827
335.793
328.937
322.159
318.993
318.38
317.447
315.916
315.329
316.38
319.245
327.051
329.683
332.873
330.977
325.356
321.188
321.737
324.382
326.802
328.549
330.285
333.14
337.262
340.826
341.774
339.435
333.635
329.76
331.381
334.784
337.138
337.996
337.436
335.862
335.618
339.453
344.483
346.187
344.483
339.453
335.618
335.862
337.436
337.996
337.138
334.784
331.381
329.76
333.635
339.435
341.774
340.826
337.262
333.14
330.285
328.549
326.802
324.382
321.737
321.188
325.356
330.977
332.873
335.856
334.764
332.034
329.865
329.766
331.138
332.968
334.849
336.916
339.459
342.29
344.477
345.008
343.559
340.709
338.735
339.096
340.715
342.221
343.033
343.128
342.964
343.613
345.823
348.374
349.382
348.374
345.823
343.613
342.964
343.128
343.033
342.221
340.715
339.096
338.735
340.709
343.559
345.008
344.477
342.29
339.459
336.916
334.849
332.968
331.138
329.766
329.865
332.034
334.764
335.856
337.023
336.19
334.21
332.582
332.388
333.437
335.084
336.963
339.071
341.488
343.963
345.785
346.222
345.087
343.007
341.524
341.619
342.762
343.997
344.786
345.08
345.276
346.097
347.887
349.807
350.595
349.807
347.887
346.097
345.276
345.08
344.786
343.997
342.762
341.619
341.524
343.007
345.087
346.222
345.785
343.963
341.488
339.071
336.963
335.084
333.437
332.388
332.582
334.21
336.19
337.023
335.856
334.764
332.034
329.865
329.766
331.138
332.968
334.849
336.916
339.459
342.29
344.477
345.008
343.559
340.709
338.735
339.096
340.715
342.221
343.033
343.128
342.964
343.613
345.823
348.374
349.382
348.374
345.823
343.613
342.964
343.128
343.033
342.221
340.715
339.096
338.735
340.709
343.559
345.008
344.477
342.29
339.459
336.916
334.849
332.968
331.138
329.766
329.865
332.034
334.764
335.856
332.873
330.977
325.356
321.188
321.737
324.382
326.802
328.549
330.285
333.14
337.262
340.826
341.774
339.435
333.635
329.76
331.381
334.784
337.138
337.996
337.436
335.862
335.618
339.453
344.483
346.187
344.483
339.453
335.618
335.862
337.436
337.996
337.138
334.784
331.381
329.76
333.635
339.435
341.774
340.826
337.262
333.14
330.285
328.549
326.802
324.382
321.737
321.188
325.356
330.977
332.873
329.683
327.051
319.245
316.38
315.329
315.916
317.447
318.38
318.993
322.159
328.937
335.793
337.827
335.066
327.587
325.194
324.551
326.693
329.555
330.378
329.035
327.708
328.844
332.703
340.002
342.402
340.002
332.703
328.844
327.708
329.035
330.378
329.555
326.693
324.551
325.194
327.587
335.066
337.827
335.793
328.937
322.159
318.993
318.38
317.447
315.916
315.329
316.38
319.245
327.051
329.683
327.758
324.884
316.425
314.784
314.05
313.497
313.236
313.669
314.862
317.104
322.718
331.644
334.675
332.381
325.062
323.047
321.681
320.674
320.983
321.414
321.63
322.943
325.118
328.791
336.778
339.417
336.778
328.791
325.118
322.943
321.63
321.414
320.983
320.674
321.681
323.047
325.062
332.381
334.675
331.644
322.718
317.104
314.862
313.669
313.236
313.497
314.05
314.784
316.425
324.884
327.758
327.581
324.823
316.535
313.841
313.29
312.789
312.434
312.655
313.446
314.681
320.86
329.508
332.849
331.278
325.033
320.903
319.229
317.252
315.246
315.003
317.082
319.334
321.509
327.408
335.149
337.71
335.149
327.408
321.509
319.334
317.082
315.003
315.246
317.252
319.229
320.903
325.033
331.278
332.849
329.508
320.86
314.681
313.446
312.655
312.434
312.789
313.29
313.841
316.535
324.823
327.581
328.92
326.477
319.101
313.427
312.672
312.208
311.885
311.937
312.39
313.365
321.384
328.735
331.933
330.949
325.893
319.237
316.527
314.437
312.729
312.474
314.05
316.2
319.107
327.694
334.769
337.125
334.769
327.694
319.107
316.2
314.05
312.474
312.729
314.437
316.527
319.237
325.893
330.949
331.933
328.735
321.384
313.365
312.39
311.937
311.885
312.208
312.672
313.427
319.101
326.477
328.92
331.145
329.089
322.966
314.76
312.135
311.66
311.363
311.278
311.483
312.914
321.687
328.117
331.199
330.695
326.622
319.362
313.642
311.755
310.411
310.31
311.509
313.229
318.891
328.746
335.114
337.253
335.114
328.746
318.891
313.229
311.509
310.31
310.411
311.755
313.642
319.362
326.622
330.695
331.199
328.117
321.687
312.914
311.483
311.278
311.363
311.66
312.135
314.76
322.966
329.089
331.145
333.48
331.771
326.724
318.624
312.235
311.142
310.838
310.612
310.637
312.048
320.661
326.846
330.053
330.011
326.655
320.068
311.769
309.413
308.687
308.687
309.459
311.281
320.388
329.853
335.69
337.658
335.69
329.853
320.388
311.281
309.459
308.687
308.687
309.413
311.769
320.068
326.655
330.011
330.053
326.846
320.661
312.048
310.637
310.612
310.838
311.142
312.235
318.624
326.724
331.771
333.48
335.234
333.79
329.581
322.974
314.977
310.585
310.194
309.846
309.66
310.342
318.116
324.555
328.153
328.643
325.919
319.989
311.017
307.438
307.206
307.221
307.516
310.307
321.664
330.611
336.134
337.998
336.134
330.611
321.664
310.307
307.516
307.221
307.206
307.438
311.017
319.989
325.919
328.643
328.153
324.555
318.116
310.342
309.66
309.846
310.194
310.585
314.977
322.974
329.581
333.79
335.234
335.877
334.575
330.834
325.098
317.86
310.48
309.186
308.939
308.587
308.69
313.786
321.105
325.361
326.487
324.39
319.012
310.32
306.287
306.204
306.215
306.315
309.716
321.868
330.793
336.238
338.067
336.238
330.793
321.868
309.716
306.315
306.215
306.204
306.287
310.32
319.012
324.39
326.487
325.361
321.105
313.786
308.69
308.587
308.939
309.186
310.48
317.86
325.098
330.834
334.575
335.877
335.123
333.799
330.083
324.725
318.325
310.961
308.192
308.078
307.75
307.581
309.416
316.73
321.7
323.555
322.141
317.352
309.096
305.405
305.354
305.372
305.431
308.658
321.335
330.455
335.956
337.795
335.956
330.455
321.335
308.658
305.431
305.372
305.354
305.405
309.096
317.352
322.141
323.555
321.7
316.73
309.416
307.581
307.75
308.078
308.192
310.961
318.325
324.725
330.083
333.799
335.123
333.018
331.415
326.974
321.393
315.776
310.005
307.294
307.167
306.868
306.48
306.605
311.241
317.152
319.894
319.267
315.16
307.464
304.545
304.506
304.52
304.573
307.221
320.38
329.737
335.336
337.201
335.336
329.737
320.38
307.221
304.573
304.52
304.506
304.545
307.464
315.16
319.267
319.894
317.152
311.241
306.605
306.48
306.868
307.167
307.294
310.005
315.776
321.393
326.974
331.415
333.018
330.119
327.868
321.093
314.628
310.651
308.132
306.648
306.271
306.065
305.713
305.39
306.609
311.803
315.601
315.872
312.558
305.528
303.613
303.591
303.617
303.671
305.775
319.251
328.777
334.451
336.336
334.451
328.777
319.251
305.775
303.671
303.617
303.591
303.613
305.528
312.558
315.872
315.601
311.803
306.609
305.39
305.713
306.065
306.271
306.648
308.132
310.651
314.628
321.093
327.868
330.119
327.723
324.903
316.213
311.533
309.574
307.989
306.693
305.687
305.392
304.98
304.5
304.191
306.555
310.835
312.064
309.675
303.51
302.575
302.617
302.674
302.736
304.531
318.101
327.668
333.354
335.24
333.354
327.668
318.101
304.531
302.736
302.674
302.617
302.575
303.51
309.675
312.064
310.835
306.555
304.191
304.5
304.98
305.392
305.687
306.693
307.989
309.574
311.533
316.213
324.903
327.723
326.966
324.07
315.041
310.897
309.392
308.095
306.851
305.431
304.811
304.305
303.782
303.227
303.006
305.482
307.875
306.596
301.777
301.466
301.614
301.713
301.785
303.552
316.984
326.442
332.056
333.919
332.056
326.442
316.984
303.552
301.785
301.713
301.614
301.466
301.777
306.596
307.875
305.482
303.006
303.227
303.782
304.305
304.811
305.431
306.851
308.095
309.392
310.897
315.041
324.07
326.966
328.001
325.626
318.376
312.266
309.95
308.465
307.079
305.346
304.131
303.632
303.086
302.52
301.929
301.787
303.403
303.331
300.552
300.469
300.65
300.766
300.842
302.814
315.87
325.058
330.512
332.321
330.512
325.058
315.87
302.814
300.842
300.766
300.65
300.469
300.552
303.331
303.403
301.787
301.929
302.52
303.086
303.632
304.131
305.346
307.079
308.465
309.95
312.266
318.376
325.626
328.001
329.784
328.128
323.366
317.324
313.003
310.875
309.31
306.667
303.599
302.991
302.399
301.825
301.246
300.65
300.326
299.87
299.565
299.58
299.738
299.846
299.918
302.218
314.648
323.407
328.613
330.34
328.613
323.407
314.648
302.218
299.918
299.846
299.738
299.58
299.565
299.87
300.326
300.65
301.246
301.825
302.399
302.991
303.599
306.667
309.31
310.875
313.003
317.324
323.366
328.128
329.784
330.88
329.737
326.663
322.825
319.567
317.119
314.659
311.066
305.466
302.069
301.679
301.125
300.566
300.003
299.447
298.557
298.555
298.728
298.864
298.95
299.013
301.544
313.118
321.311
326.192
327.814
326.192
321.311
313.118
301.544
299.013
298.95
298.864
298.728
298.555
298.557
299.447
300.003
300.566
301.125
301.679
302.069
305.466
311.066
314.659
317.119
319.567
322.825
326.663
329.737
330.88
330.263
329.277
326.725
323.772
321.365
319.401
317.151
313.807
308.657
302.82
300.885
300.418
299.878
299.336
298.793
298.218
297.817
297.955
298.028
298.064
298.107
300.342
310.982
318.525
323.031
324.532
323.031
318.525
310.982
300.342
298.107
298.064
298.028
297.955
297.817
298.218
298.793
299.336
299.878
300.418
300.885
302.82
308.657
313.807
317.151
319.401
321.365
323.772
326.725
329.277
330.263
327.617
326.384
323.187
320.173
318.722
317.969
316.735
314.355
310.485
305.049
300.415
299.737
299.181
298.659
298.167
297.717
297.394
297.282
297.218
297.159
297.12
298.417
307.956
314.778
318.874
320.254
318.874
314.778
307.956
298.417
297.12
297.159
297.218
297.282
297.394
297.717
298.167
298.659
299.181
299.737
300.415
305.049
310.485
314.355
316.735
317.969
318.722
320.173
323.187
326.384
327.617
323.437
321.455
315.536
311.096
311.406
313.018
313.464
312.394
309.887
306.172
301.532
298.703
298.437
297.939
297.488
297.079
296.76
296.55
296.389
296.222
295.983
296.38
303.775
309.758
313.432
314.734
313.432
309.758
303.775
296.38
295.983
296.222
296.389
296.55
296.76
297.079
297.488
297.939
298.437
298.703
301.532
306.172
309.887
312.394
313.464
313.018
311.406
311.096
315.536
321.455
323.437
319.221
316.617
308.833
305.784
304.609
305.955
307.713
307.869
306.498
304.246
301.279
297.986
297.504
297.16
296.755
296.34
296.004
295.756
295.553
295.344
295.076
295.125
298.73
303.047
306.362
307.82
306.362
303.047
298.73
295.125
295.076
295.344
295.553
295.756
296.004
296.34
296.755
297.16
297.504
297.986
301.279
304.246
306.498
307.869
307.713
305.955
304.609
305.784
308.833
316.617
319.221
316.212
313.519
305.663
303.946
303.133
302.319
301.637
300.911
300.005
299.071
298.165
297.17
296.504
296.431
296.019
295.508
295.148
294.904
294.712
294.514
294.239
293.806
293.253
293.341
297.147
299.823
297.147
293.341
293.253
293.806
294.239
294.514
294.712
294.904
295.148
295.508
296.019
296.431
296.504
297.17
298.165
299.071
300.005
300.911
301.637
302.319
303.133
303.946
305.663
313.519
316.212
314.59
312.028
304.643
302.879
302.41
301.858
301.29
300.508
299.672
298.857
298.04
297.215
296.431
296.028
295.369
294.514
294.165
293.987
293.865
293.748
293.602
293.407
293.208
293.159
293.253
294.102
293.253
293.159
293.208
293.407
293.602
293.748
293.865
293.987
294.165
294.514
295.369
296.028
296.431
297.215
298.04
298.857
299.672
300.508
301.29
301.858
302.41
302.879
304.643
312.028
314.59
314.091
311.592
304.397
302.538
302.142
301.677
301.185
300.471
299.672
298.862
298.05
297.247
296.497
295.867
294.905
293
293
293
293
293
293
293
293
293
293
293
293
293
293
293
293
293
293
293
293
293
294.905
295.867
296.497
297.247
298.05
298.862
299.672
300.471
301.185
301.677
302.142
302.538
304.397
311.592
314.091
