320.836
318.31
310.861
305.462
303.449
301.911
300.857
300.156
299.403
298.651
297.903
297.163
296.463
295.848
294.894
293
293
293
293
293
293
293
293
293
293
293
293
293
293
293
293
293
293
293
293
293
294.894
295.848
296.463
297.163
297.903
298.651
299.403
300.156
300.857
301.911
303.449
305.462
310.861
318.31
320.836
321.362
318.809
311.293
306.567
304.464
302.465
301.043
300.176
299.397
298.643
297.892
297.137
296.414
296.011
295.358
294.508
294.163
293.987
293.866
293.751
293.605
293.41
293.209
293.16
293.251
294.079
293.251
293.16
293.209
293.41
293.605
293.751
293.866
293.987
294.163
294.508
295.358
296.011
296.414
297.137
297.892
298.643
299.397
300.176
301.043
302.465
304.464
306.567
311.293
318.809
321.362
322.996
320.382
312.681
309.32
307.018
304.117
301.843
300.688
299.707
298.826
297.997
297.099
296.487
296.414
296.005
295.5
295.146
294.905
294.716
294.519
294.246
293.814
293.255
293.336
297.127
299.789
297.127
293.336
293.255
293.814
294.246
294.519
294.716
294.905
295.146
295.5
296.005
296.414
296.487
297.099
297.997
298.826
299.707
300.688
301.843
304.117
307.018
309.32
312.681
320.382
322.996
325.855
323.337
315.749
312.254
310.52
310.17
310
308.824
306.832
304.293
301.206
297.935
297.487
297.138
296.737
296.33
296.002
295.759
295.56
295.352
295.081
295.128
298.7
303.018
306.325
307.779
306.325
303.018
298.7
295.128
295.081
295.352
295.56
295.759
296.002
296.33
296.737
297.138
297.487
297.935
301.206
304.293
306.832
308.824
310
310.17
310.52
312.254
315.749
323.337
325.855
329.752
327.812
322.036
317.591
317.142
317.172
316.055
313.803
310.526
306.349
301.481
298.653
298.387
297.903
297.463
297.067
296.76
296.558
296.401
296.234
295.99
296.38
303.736
309.712
313.377
314.675
313.377
309.712
303.736
296.38
295.99
296.234
296.401
296.558
296.76
297.067
297.463
297.903
298.387
298.653
301.481
306.349
310.526
313.803
316.055
317.172
317.142
317.591
322.036
327.812
329.752
333.528
332.279
329.004
325.708
323.559
321.692
319.247
315.806
311.119
305.124
300.326
299.679
299.122
298.61
298.133
297.703
297.402
297.299
297.24
297.183
297.141
298.421
307.922
314.718
318.795
320.168
318.795
314.718
307.922
298.421
297.141
297.183
297.24
297.299
297.402
297.703
298.133
298.61
299.122
299.679
300.326
305.124
311.119
315.806
319.247
321.692
323.559
325.708
329.004
332.279
333.528
335.8
334.773
332.07
328.771
325.716
322.791
319.437
315.054
309.031
302.728
300.787
300.328
299.8
299.27
298.742
298.199
297.833
297.983
298.064
298.103
298.145
300.359
310.945
318.442
322.917
324.407
322.917
318.442
310.945
300.359
298.145
298.103
298.064
297.983
297.833
298.199
298.742
299.27
299.8
300.328
300.787
302.728
309.031
315.054
319.437
322.791
325.716
328.771
332.07
334.773
335.8
336.127
334.944
331.733
327.589
323.742
320.318
316.655
311.943
305.501
301.942
301.551
301.013
300.467
299.914
299.363
298.53
298.585
298.774
298.918
299.007
299.07
301.584
313.071
321.19
326.022
327.627
326.022
321.19
313.071
301.584
299.07
299.007
298.918
298.774
298.585
298.53
299.363
299.914
300.467
301.013
301.551
301.942
305.501
311.943
316.655
320.318
323.742
327.589
331.733
334.944
336.127
334.818
333.143
328.331
322.128
317.373
314.098
310.925
306.959
303.422
302.837
302.254
301.694
301.128
300.546
300.215
299.831
299.633
299.652
299.815
299.926
299.998
302.287
314.579
323.224
328.355
330.057
328.355
323.224
314.579
302.287
299.998
299.926
299.815
299.652
299.633
299.831
300.215
300.546
301.128
301.694
302.254
302.837
303.422
306.959
310.925
314.098
317.373
322.128
328.331
333.143
334.818
332.861
330.48
323.206
316.516
313.096
310.069
307.297
305.038
303.948
303.455
302.921
302.368
301.792
301.658
303.306
303.324
300.649
300.568
300.753
300.871
300.946
302.908
315.753
324.772
330.118
331.889
330.118
324.772
315.753
302.908
300.946
300.871
300.753
300.568
300.649
303.324
303.306
301.658
301.792
302.368
302.921
303.455
303.948
305.038
307.297
310.069
313.096
316.516
323.206
330.48
332.861
331.664
328.775
319.766
314.725
312.098
309.216
306.815
305.111
304.59
304.102
303.595
303.052
302.843
305.352
307.778
306.584
301.896
301.592
301.745
301.845
301.917
303.659
316.78
325.994
331.455
333.264
331.455
325.994
316.78
303.659
301.917
301.845
301.745
301.592
301.896
306.584
307.778
305.352
302.843
303.052
303.595
304.102
304.59
305.111
306.815
309.216
312.098
314.725
319.766
328.775
331.664
332.246
329.425
320.731
315.374
312.283
308.892
306.544
305.429
305.15
304.755
304.291
304.003
306.448
310.681
311.909
309.617
303.635
302.732
302.777
302.835
302.896
304.627
317.746
326.97
332.442
334.257
332.442
326.97
317.746
304.627
302.896
302.835
302.777
302.732
303.635
309.617
311.909
310.681
306.448
304.003
304.291
304.755
305.15
305.429
306.544
308.892
312.283
315.374
320.731
329.425
332.246
334.47
332.186
325.348
318.543
313.596
308.944
306.456
306.054
305.814
305.465
305.157
306.447
311.65
315.301
315.561
312.371
305.608
303.805
303.785
303.811
303.863
305.803
318.639
327.697
333.088
334.879
333.088
327.697
318.639
305.803
303.863
303.811
303.785
303.805
305.608
312.371
315.561
315.301
311.65
306.447
305.157
305.465
305.814
306.054
306.456
308.944
313.596
318.543
325.348
332.186
334.47
337.259
335.558
330.805
324.591
317.871
310.294
307.011
306.884
306.572
306.195
306.337
310.973
316.717
319.315
318.661
314.703
307.379
304.771
304.733
304.747
304.797
307.05
319.341
328.093
333.335
335.081
333.335
328.093
319.341
307.05
304.797
304.747
304.733
304.771
307.379
314.703
318.661
319.315
316.717
310.973
306.337
306.195
306.572
306.884
307.011
310.294
317.871
324.591
330.805
335.558
337.259
339.451
337.983
333.809
327.599
319.858
310.647
307.773
307.667
307.384
307.25
309.1
316.255
320.955
322.579
321.065
316.401
308.579
305.666
305.619
305.634
305.689
308.022
319.614
327.998
333.076
334.778
333.076
327.998
319.614
308.022
305.689
305.634
305.619
305.666
308.579
316.401
321.065
322.579
320.955
316.255
309.1
307.25
307.384
307.667
307.773
310.647
319.858
327.599
333.809
337.983
339.451
340.58
339.114
334.85
328.139
319.347
309.892
308.669
308.438
308.109
308.23
313.393
320.43
324.266
324.983
322.62
317.259
308.986
306.52
306.461
306.469
306.544
308.357
319.126
327.209
332.194
333.877
332.194
327.209
319.126
308.357
306.544
306.469
306.461
306.52
308.986
317.259
322.62
324.983
324.266
320.43
313.393
308.23
308.109
308.438
308.669
309.892
319.347
328.139
334.85
339.114
340.58
340.639
339.043
334.336
326.762
316.855
310.101
309.633
309.297
309.088
310.17
317.903
323.813
326.697
326.466
323.173
317.037
308.749
307.32
307.211
307.223
307.363
308.282
317.398
325.517
330.612
332.345
330.612
325.517
317.398
308.282
307.363
307.223
307.211
307.32
308.749
317.037
323.173
326.466
326.697
323.813
317.903
310.17
309.088
309.297
309.633
310.101
316.855
326.762
334.336
339.043
340.639
339.893
338.08
332.692
323.89
314.569
311.301
310.636
310.223
310.334
313.132
321.086
326.223
328.243
327.009
322.571
315.161
308.657
308.085
307.84
307.837
308.068
308.502
314.05
322.849
328.394
330.277
328.394
322.849
314.05
308.502
308.068
307.837
307.84
308.085
308.657
315.161
322.571
327.009
328.243
326.223
321.086
313.132
310.334
310.223
310.636
311.301
314.569
323.89
332.692
338.08
339.893
338.772
336.694
330.486
321.074
314.976
313.137
312.149
311.93
312.629
315.872
323.116
327.751
329.042
326.756
320.945
312.422
309.235
308.75
308.386
308.354
308.668
309.15
310.982
319.497
325.838
327.976
325.838
319.497
310.982
309.15
308.668
308.354
308.386
308.75
309.235
312.422
320.945
326.756
329.042
327.751
323.116
315.872
312.629
311.93
312.149
313.137
314.976
321.074
330.486
336.694
338.772
337.807
335.44
328.295
320.142
316.814
315.084
313.856
314.074
315.703
317.981
323.89
328.622
329.42
326.027
318.372
310.839
310.042
309.479
309.023
308.946
309.326
309.844
310.393
316.081
323.485
325.951
323.485
316.081
310.393
309.844
309.326
308.946
309.023
309.479
310.042
310.839
318.372
326.027
329.42
328.622
323.89
317.981
315.703
314.074
313.856
315.084
316.814
320.142
328.295
335.44
337.807
337.576
334.977
327.129
321.66
319.281
317.324
316.031
316.793
318.482
320.109
323.949
329.433
329.989
325.563
316.017
311.424
310.808
310.207
309.576
309.478
310.044
310.614
311.139
313.781
322.087
324.858
322.087
313.781
311.139
310.614
310.044
309.478
309.576
310.207
310.808
311.424
316.017
325.563
329.989
329.433
323.949
320.109
318.482
316.793
316.031
317.324
319.281
321.66
327.129
334.977
337.576
338.543
335.854
327.807
324.414
322.291
320.483
319.289
319.499
320.513
321.993
325.158
331.238
331.541
326.336
315.585
312.926
311.792
311.139
311.379
311.335
311.036
311.505
312.264
313.862
322.414
325.309
322.414
313.862
312.264
311.505
311.036
311.335
311.379
311.139
311.792
312.926
315.585
326.336
331.541
331.238
325.158
321.993
320.513
319.499
319.289
320.483
322.291
324.414
327.807
335.854
338.543
340.887
338.401
330.911
327.359
325.733
325.496
325.688
324.976
324.063
325.468
330.354
334.98
334.602
329.275
318.958
315.276
314.017
316.011
318.523
318.502
315.785
313.345
314.061
317.138
324.929
327.549
324.929
317.138
314.061
313.345
315.785
318.502
318.523
316.011
314.017
315.276
318.958
329.275
334.602
334.98
330.354
325.468
324.063
324.976
325.688
325.496
325.733
327.359
330.911
338.401
340.887
344.204
342.381
336.971
332.745
332.631
333.988
334.795
334.884
334.91
336.002
338.285
339.82
338.613
334.103
326.249
321.227
321.815
324.348
325.891
325.772
323.96
321.035
319.982
323.815
329.199
331.028
329.199
323.815
319.982
321.035
323.96
325.772
325.891
324.348
321.815
321.227
326.249
334.103
338.613
339.82
338.285
336.002
334.91
334.884
334.795
333.988
332.631
332.745
336.971
342.381
344.204
347.165
346.073
343.295
340.84
340.05
340.302
340.714
341.02
341.409
342.189
343.17
343.402
341.925
338.516
333.899
330.563
329.767
330.372
330.924
330.737
329.767
328.603
328.581
330.556
333.129
334.166
333.129
330.556
328.581
328.603
329.767
330.737
330.924
330.372
329.767
330.563
333.899
338.516
341.925
343.402
343.17
342.189
341.409
341.02
340.714
340.302
340.05
340.84
343.295
346.073
347.165
348.309
347.453
345.355
343.38
342.484
342.457
342.74
343.074
343.516
344.174
344.802
344.694
343.171
340.138
336.349
333.459
332.361
332.45
332.695
332.484
331.767
331.053
331.238
332.736
334.593
335.38
334.593
332.736
331.238
331.053
331.767
332.484
332.695
332.45
332.361
333.459
336.349
340.138
343.171
344.694
344.802
344.174
343.516
343.074
342.74
342.457
342.484
343.38
345.355
347.453
348.309
347.165
346.073
343.295
340.84
340.05
340.302
340.714
341.02
341.409
342.189
343.17
343.402
341.925
338.516
333.899
330.563
329.767
330.372
330.924
330.737
329.767
328.603
328.581
330.556
333.129
334.166
333.129
330.556
328.581
328.603
329.767
330.737
330.924
330.372
329.767
330.563
333.899
338.516
341.925
343.402
343.17
342.189
341.409
341.02
340.714
340.302
340.05
340.84
343.295
346.073
347.165
344.204
342.381
336.971
332.745
332.631
333.988
334.795
334.884
334.91
336.002
338.285
339.82
338.613
334.103
326.249
321.227
321.815
324.348
325.891
325.772
323.96
321.035
319.982
323.815
329.199
331.028
329.199
323.815
319.982
321.035
323.96
325.772
325.891
324.348
321.815
321.227
326.249
334.103
338.613
339.82
338.285
336.002
334.91
334.884
334.795
333.988
332.631
332.745
336.971
342.381
344.204
340.887
338.401
330.911
327.359
325.733
325.496
325.688
324.976
324.063
325.468
330.354
334.98
334.602
329.275
318.958
315.276
314.017
316.011
318.523
318.502
315.785
313.345
314.061
317.138
324.929
327.549
324.929
317.138
314.061
313.345
315.785
318.502
318.523
316.011
314.017
315.276
318.958
329.275
334.602
334.98
330.354
325.468
324.063
324.976
325.688
325.496
325.733
327.359
330.911
338.401
340.887
338.543
335.854
327.807
324.414
322.291
320.483
319.289
319.499
320.513
321.993
325.158
331.238
331.541
326.336
315.585
312.926
311.792
311.139
311.379
311.335
311.036
311.505
312.264
313.862
322.414
325.309
322.414
313.862
312.264
311.505
311.036
311.335
311.379
311.139
311.792
312.926
315.585
326.336
331.541
331.238
325.158
321.993
320.513
319.499
319.289
320.483
322.291
324.414
327.807
335.854
338.543
337.576
334.977
327.129
321.66
319.281
317.324
316.031
316.793
318.482
320.109
323.949
329.433
329.989
325.563
316.017
311.424
310.808
310.207
309.576
309.478
310.044
310.614
311.139
313.781
322.087
324.858
322.087
313.781
311.139
310.614
310.044
309.478
309.576
310.207
310.808
311.424
316.017
325.563
329.989
329.433
323.949
320.109
318.482
316.793
316.031
317.324
319.281
321.66
327.129
334.977
337.576
337.807
335.44
328.295
320.142
316.814
315.084
313.856
314.074
315.703
317.981
323.89
328.622
329.42
326.027
318.372
310.839
310.042
309.479
309.023
308.946
309.326
309.844
310.393
316.081
323.485
325.951
323.485
316.081
310.393
309.844
309.326
308.946
309.023
309.479
310.042
310.839
318.372
326.027
329.42
328.622
323.89
317.981
315.703
314.074
313.856
315.084
316.814
320.142
328.295
335.44
337.807
338.772
336.694
330.486
321.074
314.976
313.137
312.149
311.93
312.629
315.872
323.116
327.751
329.042
326.756
320.945
312.422
309.235
308.75
308.386
308.354
308.668
309.15
310.982
319.497
325.838
327.976
325.838
319.497
310.982
309.15
308.668
308.354
308.386
308.75
309.235
312.422
320.945
326.756
329.042
327.751
323.116
315.872
312.629
311.93
312.149
313.137
314.976
321.074
330.486
336.694
338.772
339.893
338.08
332.692
323.89
314.569
311.301
310.636
310.223
310.334
313.132
321.086
326.223
328.243
327.009
322.571
315.161
308.657
308.085
307.84
307.837
308.068
308.502
314.05
322.849
328.394
330.277
328.394
322.849
314.05
308.502
308.068
307.837
307.84
308.085
308.657
315.161
322.571
327.009
328.243
326.223
321.086
313.132
310.334
310.223
310.636
311.301
314.569
323.89
332.692
338.08
339.893
340.639
339.043
334.336
326.762
316.855
310.101
309.633
309.297
309.088
310.17
317.903
323.813
326.697
326.466
323.173
317.037
308.749
307.32
307.211
307.223
307.363
308.282
317.398
325.517
330.612
332.345
330.612
325.517
317.398
308.282
307.363
307.223
307.211
307.32
308.749
317.037
323.173
326.466
326.697
323.813
317.903
310.17
309.088
309.297
309.633
310.101
316.855
326.762
334.336
339.043
340.639
340.58
339.114
334.85
328.139
319.347
309.892
308.669
308.438
308.109
308.23
313.393
320.43
324.266
324.983
322.62
317.259
308.986
306.52
306.461
306.469
306.544
308.357
319.126
327.209
332.194
333.877
332.194
327.209
319.126
308.357
306.544
306.469
306.461
306.52
308.986
317.259
322.62
324.983
324.266
320.43
313.393
308.23
308.109
308.438
308.669
309.892
319.347
328.139
334.85
339.114
340.58
339.451
337.983
333.809
327.599
319.858
310.647
307.773
307.667
307.384
307.25
309.1
316.255
320.955
322.579
321.065
316.401
308.579
305.666
305.619
305.634
305.689
308.022
319.614
327.998
333.076
334.778
333.076
327.998
319.614
308.022
305.689
305.634
305.619
305.666
308.579
316.401
321.065
322.579
320.955
316.255
309.1
307.25
307.384
307.667
307.773
310.647
319.858
327.599
333.809
337.983
339.451
337.259
335.558
330.805
324.591
317.871
310.294
307.011
306.884
306.572
306.195
306.337
310.973
316.717
319.315
318.661
314.703
307.379
304.771
304.733
304.747
304.797
307.05
319.341
328.093
333.335
335.081
333.335
328.093
319.341
307.05
304.797
304.747
304.733
304.771
307.379
314.703
318.661
319.315
316.717
310.973
306.337
306.195
306.572
306.884
307.011
310.294
317.871
324.591
330.805
335.558
337.259
334.47
332.186
325.348
318.543
313.596
308.944
306.456
306.054
305.814
305.465
305.157
306.447
311.65
315.301
315.561
312.371
305.608
303.805
303.785
303.811
303.863
305.803
318.639
327.697
333.088
334.879
333.088
327.697
318.639
305.803
303.863
303.811
303.785
303.805
305.608
312.371
315.561
315.301
311.65
306.447
305.157
305.465
305.814
306.054
306.456
308.944
313.596
318.543
325.348
332.186
334.47
332.246
329.425
320.731
315.374
312.283
308.892
306.544
305.429
305.15
304.755
304.291
304.003
306.448
310.681
311.909
309.617
303.635
302.732
302.777
302.835
302.896
304.627
317.746
326.97
332.442
334.257
332.442
326.97
317.746
304.627
302.896
302.835
302.777
302.732
303.635
309.617
311.909
310.681
306.448
304.003
304.291
304.755
305.15
305.429
306.544
308.892
312.283
315.374
320.731
329.425
332.246
331.664
328.775
319.766
314.725
312.098
309.216
306.815
305.111
304.59
304.102
303.595
303.052
302.843
305.352
307.778
306.584
301.896
301.592
301.745
301.845
301.917
303.659
316.78
325.994
331.455
333.264
331.455
325.994
316.78
303.659
301.917
301.845
301.745
301.592
301.896
306.584
307.778
305.352
302.843
303.052
303.595
304.102
304.59
305.111
306.815
309.216
312.098
314.725
319.766
328.775
331.664
332.861
330.48
323.206
316.516
313.096
310.069
307.297
305.038
303.948
303.455
302.921
302.368
301.792
301.658
303.306
303.324
300.649
300.568
300.753
300.871
300.946
302.908
315.753
324.772
330.118
331.889
330.118
324.772
315.753
302.908
300.946
300.871
300.753
300.568
300.649
303.324
303.306
301.658
301.792
302.368
302.921
303.455
303.948
305.038
307.297
310.069
313.096
316.516
323.206
330.48
332.861
334.818
333.143
328.331
322.128
317.373
314.098
310.925
306.959
303.422
302.837
302.254
301.694
301.128
300.546
300.215
299.831
299.633
299.652
299.815
299.926
299.998
302.287
314.579
323.224
328.355
330.057
328.355
323.224
314.579
302.287
299.998
299.926
299.815
299.652
299.633
299.831
300.215
300.546
301.128
301.694
302.254
302.837
303.422
306.959
310.925
314.098
317.373
322.128
328.331
333.143
334.818
336.127
334.944
331.733
327.589
323.742
320.318
316.655
311.943
305.501
301.942
301.551
301.013
300.467
299.914
299.363
298.53
298.585
298.774
298.918
299.007
299.07
301.584
313.071
321.19
326.022
327.627
326.022
321.19
313.071
301.584
299.07
299.007
298.918
298.774
298.585
298.53
299.363
299.914
300.467
301.013
301.551
301.942
305.501
311.943
316.655
320.318
323.742
327.589
331.733
334.944
336.127
335.8
334.773
332.07
328.771
325.716
322.791
319.437
315.054
309.031
302.728
300.787
300.328
299.8
299.27
298.742
298.199
297.833
297.983
298.064
298.103
298.145
300.359
310.945
318.442
322.917
324.407
322.917
318.442
310.945
300.359
298.145
298.103
298.064
297.983
297.833
298.199
298.742
299.27
299.8
300.328
300.787
302.728
309.031
315.054
319.437
322.791
325.716
328.771
332.07
334.773
335.8
333.528
332.279
329.004
325.708
323.559
321.692
319.247
315.806
311.119
305.124
300.326
299.679
299.122
298.61
298.133
297.703
297.402
297.299
297.24
297.183
297.141
298.421
307.922
314.718
318.795
320.168
318.795
314.718
307.922
298.421
297.141
297.183
297.24
297.299
297.402
297.703
298.133
298.61
299.122
299.679
300.326
305.124
311.119
315.806
319.247
321.692
323.559
325.708
329.004
332.279
333.528
329.752
327.812
322.036
317.591
317.142
317.172
316.055
313.803
310.526
306.349
301.481
298.653
298.387
297.903
297.463
297.067
296.76
296.558
296.401
296.234
295.99
296.38
303.736
309.712
313.377
314.675
313.377
309.712
303.736
296.38
295.99
296.234
296.401
296.558
296.76
297.067
297.463
297.903
298.387
298.653
301.481
306.349
310.526
313.803
316.055
317.172
317.142
317.591
322.036
327.812
329.752
325.855
323.337
315.749
312.254
310.52
310.17
310
308.824
306.832
304.293
301.206
297.935
297.487
297.138
296.737
296.33
296.002
295.759
295.56
295.352
295.081
295.128
298.7
303.018
306.325
307.779
306.325
303.018
298.7
295.128
295.081
295.352
295.56
295.759
296.002
296.33
296.737
297.138
297.487
297.935
301.206
304.293
306.832
308.824
310
310.17
310.52
312.254
315.749
323.337
325.855
322.996
320.382
312.681
309.32
307.018
304.117
301.843
300.688
299.707
298.826
297.997
297.099
296.487
296.414
296.005
295.5
295.146
294.905
294.716
294.519
294.246
293.814
293.255
293.336
297.127
299.789
297.127
293.336
293.255
293.814
294.246
294.519
294.716
294.905
295.146
295.5
296.005
296.414
296.487
297.099
297.997
298.826
299.707
300.688
301.843
304.117
307.018
309.32
312.681
320.382
322.996
321.362
318.809
311.293
306.567
304.464
302.465
301.043
300.176
299.397
298.643
297.892
297.137
296.414
296.011
295.358
294.508
294.163
293.987
293.866
293.751
293.605
293.41
293.209
293.16
293.251
294.079
293.251
293.16
293.209
293.41
293.605
293.751
293.866
293.987
294.163
294.508
295.358
296.011
296.414
297.137
297.892
298.643
299.397
300.176
301.043
302.465
304.464
306.567
311.293
318.809
321.362
320.836
318.31
310.861
305.462
303.449
301.911
300.857
300.156
299.403
298.651
297.903
297.163
296.463
295.848
294.894
293
293
293
293
293
293
293
293
293
293
293
293
293
293
293
293
293
293
293
293
293
294.894
295.848
296.463
297.163
297.903
298.651
299.403
300.156
300.857
301.911
303.449
305.462
310.861
318.31
320.836
