314.137
311.635
304.426
302.547
302.149
301.684
301.191
300.475
299.676
298.865
298.051
297.248
296.498
295.869
294.905
293
293
293
293
293
293
293
293
293
293
293
293
293
293
293
293
293
293
293
293
293
294.905
295.869
296.498
297.248
298.051
298.865
299.676
300.475
301.191
301.684
302.149
302.547
304.426
311.635
314.137
314.64
312.075
304.678
302.889
302.418
301.867
301.296
300.511
299.675
298.859
298.041
297.214
296.433
296.029
295.37
294.514
294.165
293.986
293.864
293.748
293.602
293.408
293.208
293.159
293.252
294.092
293.252
293.159
293.208
293.408
293.602
293.748
293.864
293.986
294.165
294.514
295.37
296.029
296.433
297.214
298.041
298.859
299.675
300.511
301.296
301.867
302.418
302.889
304.678
312.075
314.64
316.272
313.578
305.713
303.969
303.146
302.33
301.646
300.917
300.009
299.074
298.166
297.165
296.509
296.434
296.02
295.508
295.148
294.903
294.711
294.513
294.24
293.808
293.254
293.339
297.139
299.809
297.139
293.339
293.254
293.808
294.24
294.513
294.711
294.903
295.148
295.508
296.02
296.434
296.509
297.165
298.166
299.074
300.009
300.917
301.646
302.33
303.146
303.969
305.713
313.578
316.272
319.292
316.689
308.902
305.83
304.638
305.972
307.716
307.855
306.47
304.211
301.24
297.979
297.515
297.163
296.755
296.338
296.002
295.754
295.552
295.343
295.075
295.123
298.714
303.036
306.35
307.808
306.35
303.036
298.714
295.123
295.075
295.343
295.552
295.754
296.002
296.338
296.755
297.163
297.515
297.979
301.24
304.211
306.47
307.855
307.716
305.972
304.638
305.83
308.902
316.689
319.292
323.52
321.538
315.62
311.172
311.462
313.05
313.464
312.357
309.82
306.1
301.473
298.706
298.433
297.937
297.486
297.076
296.757
296.547
296.386
296.219
295.979
296.369
303.751
309.742
313.418
314.721
313.418
309.742
303.751
296.369
295.979
296.219
296.386
296.547
296.757
297.076
297.486
297.937
298.433
298.706
301.473
306.1
309.82
312.357
313.464
313.05
311.462
311.172
315.62
321.538
323.52
327.712
326.48
323.284
320.267
318.803
318.021
316.737
314.289
310.354
304.923
300.384
299.742
299.179
298.655
298.162
297.711
297.389
297.279
297.215
297.155
297.114
298.397
307.936
314.763
318.86
320.24
318.86
314.763
307.936
298.397
297.114
297.155
297.215
297.279
297.389
297.711
298.162
298.655
299.179
299.742
300.384
304.923
310.354
314.289
316.737
318.021
318.803
320.267
323.284
326.48
327.712
330.369
329.385
326.839
323.895
321.488
319.496
317.173
313.708
308.398
302.707
300.891
300.415
299.873
299.33
298.785
298.206
297.814
297.955
298.025
298.06
298.102
300.327
310.968
318.513
323.018
324.52
323.018
318.513
310.968
300.327
298.102
298.06
298.025
297.955
297.814
298.206
298.785
299.33
299.873
300.415
300.891
302.707
308.398
313.708
317.173
319.496
321.488
323.895
326.839
329.385
330.369
330.993
329.853
326.791
322.985
319.758
317.303
314.749
310.974
305.238
302.077
301.666
301.114
300.556
299.995
299.441
298.543
298.558
298.727
298.861
298.945
299.008
301.541
313.11
321.301
326.181
327.803
326.181
321.301
313.11
301.541
299.008
298.945
298.861
298.727
298.558
298.543
299.441
299.995
300.556
301.114
301.666
302.077
305.238
310.974
314.749
317.303
319.758
322.985
326.791
329.853
330.993
329.896
328.243
323.489
317.521
313.295
311.229
309.554
306.665
303.529
302.977
302.382
301.807
301.229
300.643
300.326
299.883
299.563
299.577
299.732
299.839
299.911
302.224
314.645
323.399
328.602
330.329
328.602
323.399
314.645
302.224
299.911
299.839
299.732
299.577
299.563
299.883
300.326
300.643
301.229
301.807
302.382
302.977
303.529
306.665
309.554
311.229
313.295
317.521
323.489
328.243
329.896
328.107
325.735
318.49
312.434
310.104
308.551
307.057
305.253
304.127
303.617
303.064
302.491
301.9
301.818
303.468
303.343
300.539
300.461
300.64
300.755
300.831
302.821
315.866
325.049
330.5
332.308
330.5
325.049
315.866
302.821
300.831
300.755
300.64
300.461
300.539
303.343
303.468
301.818
301.9
302.491
303.064
303.617
304.127
305.253
307.057
308.551
310.104
312.434
318.49
325.735
328.107
327.059
324.175
315.173
311.03
309.492
308.13
306.796
305.373
304.807
304.288
303.752
303.182
303.022
305.647
307.992
306.62
301.735
301.447
301.599
301.699
301.772
303.55
316.975
326.429
332.042
333.904
332.042
326.429
316.975
303.55
301.772
301.699
301.599
301.447
301.735
306.62
307.992
305.647
303.022
303.182
303.752
304.288
304.807
305.373
306.796
308.13
309.492
311.03
315.173
324.175
327.059
327.78
324.983
316.364
311.596
309.612
307.966
306.626
305.705
305.391
304.963
304.463
304.213
306.998
311.206
312.261
309.726
303.434
302.55
302.598
302.658
302.72
304.514
318.084
327.65
333.336
335.222
333.336
327.65
318.084
304.514
302.72
302.658
302.598
302.55
303.434
309.726
312.261
311.206
306.998
304.213
304.463
304.963
305.391
305.705
306.626
307.966
309.612
311.596
316.364
324.983
327.78
330.095
327.861
321.149
314.656
310.618
308.018
306.618
306.326
306.076
305.697
305.396
307.136
312.642
316.074
316.118
312.63
305.444
303.594
303.574
303.601
303.656
305.744
319.225
328.753
334.428
336.313
334.428
328.753
319.225
305.744
303.656
303.601
303.574
303.594
305.444
312.63
316.118
316.074
312.642
307.136
305.396
305.697
306.076
306.326
306.618
308.018
310.618
314.656
321.149
327.861
330.095
332.878
331.268
326.801
321.122
315.365
309.546
307.274
307.186
306.88
306.506
306.806
311.994
317.804
320.33
319.508
315.236
307.391
304.529
304.49
304.505
304.557
307.185
320.35
329.71
335.309
337.174
335.309
329.71
320.35
307.185
304.557
304.505
304.49
304.529
307.391
315.236
319.508
320.33
317.804
311.994
306.806
306.506
306.88
307.186
307.274
309.546
315.365
321.122
326.801
331.268
332.878
334.88
333.534
329.747
324.253
317.685
310.339
308.178
308.059
307.738
307.646
310.209
317.494
322.264
323.932
322.349
317.415
309.037
305.391
305.341
305.357
305.416
308.63
321.306
330.426
335.926
337.765
335.926
330.426
321.306
308.63
305.416
305.357
305.341
305.391
309.037
317.415
322.349
323.932
322.264
317.494
310.209
307.646
307.738
308.059
308.178
310.339
317.685
324.253
329.747
333.534
334.88
335.573
334.241
330.399
324.458
316.855
310.074
309.219
308.928
308.596
308.791
314.703
321.76
325.824
326.786
324.542
319.039
310.251
306.268
306.186
306.196
306.295
309.694
321.839
330.761
336.204
338.033
336.204
330.761
321.839
309.694
306.295
306.196
306.186
306.268
310.251
319.039
324.542
326.786
325.824
321.76
314.703
308.791
308.596
308.928
309.219
310.074
316.855
324.458
330.399
334.241
335.573
334.93
333.458
329.151
322.328
314.088
310.449
310.145
309.823
309.693
310.594
318.709
325.023
328.487
328.844
325.994
319.953
310.914
307.42
307.182
307.196
307.491
310.282
321.63
330.574
336.096
337.96
336.096
330.574
321.63
310.282
307.491
307.196
307.182
307.42
310.914
319.953
325.994
328.844
328.487
325.023
318.709
310.594
309.693
309.823
310.145
310.449
314.088
322.328
329.151
333.458
334.93
333.231
331.509
326.418
318.212
311.906
311.032
310.763
310.577
310.625
312.25
320.981
327.134
330.257
330.11
326.639
319.936
311.675
309.396
308.66
308.659
309.43
311.253
320.347
329.81
335.647
337.615
335.647
329.81
320.347
311.253
309.43
308.659
308.66
309.396
311.675
319.936
326.639
330.11
330.257
327.134
320.981
312.25
310.625
310.577
310.763
311.032
311.906
318.212
326.418
331.509
333.231
330.977
328.93
322.844
314.571
312.03
311.575
311.294
311.23
311.438
312.968
321.858
328.277
331.296
330.699
326.516
319.168
313.589
311.715
310.376
310.278
311.477
313.199
318.846
328.696
335.066
337.205
335.066
328.696
318.846
313.199
311.477
310.278
310.376
311.715
313.589
319.168
326.516
330.699
331.296
328.277
321.858
312.968
311.438
311.23
311.294
311.575
312.03
314.571
322.844
328.93
330.977
328.816
326.391
319.081
313.332
312.588
312.13
311.817
311.881
312.339
313.351
321.507
328.821
331.951
330.875
325.703
319.073
316.454
314.372
312.678
312.436
314.014
316.162
319.064
327.639
334.716
337.073
334.716
327.639
319.064
316.162
314.014
312.436
312.678
314.372
316.454
319.073
325.703
330.875
331.951
328.821
321.507
313.351
312.339
311.881
311.817
312.13
312.588
313.332
319.081
326.391
328.816
327.505
324.76
316.508
313.76
313.211
312.712
312.366
312.604
313.403
314.65
320.972
329.551
332.814
331.15
324.806
320.779
319.133
317.165
315.164
314.96
317.044
319.294
321.466
327.353
335.093
337.654
335.093
327.353
321.466
319.294
317.044
314.96
315.164
317.165
319.133
320.779
324.806
331.15
332.814
329.551
320.972
314.65
313.403
312.604
312.366
312.712
313.211
313.76
316.508
324.76
327.505
327.685
324.815
316.357
314.708
313.973
313.423
313.168
313.612
314.819
317.086
322.785
331.647
334.602
332.219
324.864
322.91
321.567
320.599
320.949
321.385
321.585
322.902
325.07
328.736
336.719
339.357
336.719
328.736
325.07
322.902
321.585
321.385
320.949
320.599
321.567
322.91
324.864
332.219
334.602
331.647
322.785
317.086
314.819
313.612
313.168
313.423
313.973
314.708
316.357
324.815
327.685
329.606
326.973
319.165
316.303
315.254
315.842
317.369
318.306
318.943
322.158
328.958
335.76
337.73
334.888
327.393
325.042
324.443
326.642
329.524
330.328
328.968
327.641
328.786
332.637
339.936
342.337
339.936
332.637
328.786
327.641
328.968
330.328
329.524
326.642
324.443
325.042
327.393
334.888
337.73
335.76
328.958
322.158
318.943
318.306
317.369
315.842
315.254
316.303
319.165
326.973
329.606
332.793
330.896
325.271
321.104
321.659
324.307
326.73
328.483
330.232
333.107
337.23
340.765
341.668
339.276
333.446
329.591
331.271
334.716
337.079
337.933
337.364
335.783
335.538
339.377
344.411
346.117
344.411
339.377
335.538
335.783
337.364
337.933
337.079
334.716
331.271
329.591
333.446
339.276
341.668
340.765
337.23
333.107
330.232
328.483
326.73
324.307
321.659
321.104
325.271
330.896
332.793
335.775
334.683
331.951
329.784
329.689
331.064
332.899
334.785
336.86
339.409
342.236
344.402
344.902
343.422
340.555
338.592
338.983
340.629
342.148
342.962
343.055
342.888
343.535
345.747
348.3
349.31
348.3
345.747
343.535
342.888
343.055
342.962
342.148
340.629
338.983
338.592
340.555
343.422
344.902
344.402
342.236
339.409
336.86
334.785
332.899
331.064
329.689
329.784
331.951
334.683
335.775
336.942
336.109
334.128
332.502
332.311
333.363
335.015
336.9
339.013
341.434
343.903
345.706
346.117
344.956
342.864
341.388
341.506
342.671
343.92
344.712
345.006
345.201
346.021
347.812
349.734
350.522
349.734
347.812
346.021
345.201
345.006
344.712
343.92
342.671
341.506
341.388
342.864
344.956
346.117
345.706
343.903
341.434
339.013
336.9
335.015
333.363
332.311
332.502
334.128
336.109
336.942
335.775
334.683
331.951
329.784
329.689
331.064
332.899
334.785
336.86
339.409
342.236
344.402
344.902
343.422
340.555
338.592
338.983
340.629
342.148
342.962
343.055
342.888
343.535
345.747
348.3
349.31
348.3
345.747
343.535
342.888
343.055
342.962
342.148
340.629
338.983
338.592
340.555
343.422
344.902
344.402
342.236
339.409
336.86
334.785
332.899
331.064
329.689
329.784
331.951
334.683
335.775
332.793
330.896
325.271
321.104
321.659
324.307
326.73
328.483
330.232
333.107
337.23
340.765
341.668
339.276
333.446
329.591
331.271
334.716
337.079
337.933
337.364
335.783
335.538
339.377
344.411
346.117
344.411
339.377
335.538
335.783
337.364
337.933
337.079
334.716
331.271
329.591
333.446
339.276
341.668
340.765
337.23
333.107
330.232
328.483
326.73
324.307
321.659
321.104
325.271
330.896
332.793
329.606
326.973
319.165
316.303
315.254
315.842
317.369
318.306
318.943
322.158
328.958
335.76
337.73
334.888
327.393
325.042
324.443
326.642
329.524
330.328
328.968
327.641
328.786
332.637
339.936
342.337
339.936
332.637
328.786
327.641
328.968
330.328
329.524
326.642
324.443
325.042
327.393
334.888
337.73
335.76
328.958
322.158
318.943
318.306
317.369
315.842
315.254
316.303
319.165
326.973
329.606
327.685
324.815
316.357
314.708
313.973
313.423
313.168
313.612
314.819
317.086
322.785
331.647
334.602
332.219
324.864
322.91
321.567
320.599
320.949
321.385
321.585
322.902
325.07
328.736
336.719
339.357
336.719
328.736
325.07
322.902
321.585
321.385
320.949
320.599
321.567
322.91
324.864
332.219
334.602
331.647
322.785
317.086
314.819
313.612
313.168
313.423
313.973
314.708
316.357
324.815
327.685
327.505
324.76
316.508
313.76
313.211
312.712
312.366
312.604
313.403
314.65
320.972
329.551
332.814
331.15
324.806
320.779
319.133
317.165
315.164
314.96
317.044
319.294
321.466
327.353
335.093
337.654
335.093
327.353
321.466
319.294
317.044
314.96
315.164
317.165
319.133
320.779
324.806
331.15
332.814
329.551
320.972
314.65
313.403
312.604
312.366
312.712
313.211
313.76
316.508
324.76
327.505
328.816
326.391
319.081
313.332
312.588
312.13
311.817
311.881
312.339
313.351
321.507
328.821
331.951
330.875
325.703
319.073
316.454
314.372
312.678
312.436
314.014
316.162
319.064
327.639
334.716
337.073
334.716
327.639
319.064
316.162
314.014
312.436
312.678
314.372
316.454
319.073
325.703
330.875
331.951
328.821
321.507
313.351
312.339
311.881
311.817
312.13
312.588
313.332
319.081
326.391
328.816
330.977
328.93
322.844
314.571
312.03
311.575
311.294
311.23
311.438
312.968
321.858
328.277
331.296
330.699
326.516
319.168
313.589
311.715
310.376
310.278
311.477
313.199
318.846
328.696
335.066
337.205
335.066
328.696
318.846
313.199
311.477
310.278
310.376
311.715
313.589
319.168
326.516
330.699
331.296
328.277
321.858
312.968
311.438
311.23
311.294
311.575
312.03
314.571
322.844
328.93
330.977
333.231
331.509
326.418
318.212
311.906
311.032
310.763
310.577
310.625
312.25
320.981
327.134
330.257
330.11
326.639
319.936
311.675
309.396
308.66
308.659
309.43
311.253
320.347
329.81
335.647
337.615
335.647
329.81
320.347
311.253
309.43
308.659
308.66
309.396
311.675
319.936
326.639
330.11
330.257
327.134
320.981
312.25
310.625
310.577
310.763
311.032
311.906
318.212
326.418
331.509
333.231
334.93
333.458
329.151
322.328
314.088
310.449
310.145
309.823
309.693
310.594
318.709
325.023
328.487
328.844
325.994
319.953
310.914
307.42
307.182
307.196
307.491
310.282
321.63
330.574
336.096
337.96
336.096
330.574
321.63
310.282
307.491
307.196
307.182
307.42
310.914
319.953
325.994
328.844
328.487
325.023
318.709
310.594
309.693
309.823
310.145
310.449
314.088
322.328
329.151
333.458
334.93
335.573
334.241
330.399
324.458
316.855
310.074
309.219
308.928
308.596
308.791
314.703
321.76
325.824
326.786
324.542
319.039
310.251
306.268
306.186
306.196
306.295
309.694
321.839
330.761
336.204
338.033
336.204
330.761
321.839
309.694
306.295
306.196
306.186
306.268
310.251
319.039
324.542
326.786
325.824
321.76
314.703
308.791
308.596
308.928
309.219
310.074
316.855
324.458
330.399
334.241
335.573
334.88
333.534
329.747
324.253
317.685
310.339
308.178
308.059
307.738
307.646
310.209
317.494
322.264
323.932
322.349
317.415
309.037
305.391
305.341
305.357
305.416
308.63
321.306
330.426
335.926
337.765
335.926
330.426
321.306
308.63
305.416
305.357
305.341
305.391
309.037
317.415
322.349
323.932
322.264
317.494
310.209
307.646
307.738
308.059
308.178
310.339
317.685
324.253
329.747
333.534
334.88
332.878
331.268
326.801
321.122
315.365
309.546
307.274
307.186
306.88
306.506
306.806
311.994
317.804
320.33
319.508
315.236
307.391
304.529
304.49
304.505
304.557
307.185
320.35
329.71
335.309
337.174
335.309
329.71
320.35
307.185
304.557
304.505
304.49
304.529
307.391
315.236
319.508
320.33
317.804
311.994
306.806
306.506
306.88
307.186
307.274
309.546
315.365
321.122
326.801
331.268
332.878
330.095
327.861
321.149
314.656
310.618
308.018
306.618
306.326
306.076
305.697
305.396
307.136
312.642
316.074
316.118
312.63
305.444
303.594
303.574
303.601
303.656
305.744
319.225
328.753
334.428
336.313
334.428
328.753
319.225
305.744
303.656
303.601
303.574
303.594
305.444
312.63
316.118
316.074
312.642
307.136
305.396
305.697
306.076
306.326
306.618
308.018
310.618
314.656
321.149
327.861
330.095
327.78
324.983
316.364
311.596
309.612
307.966
306.626
305.705
305.391
304.963
304.463
304.213
306.998
311.206
312.261
309.726
303.434
302.55
302.598
302.658
302.72
304.514
318.084
327.65
333.336
335.222
333.336
327.65
318.084
304.514
302.72
302.658
302.598
302.55
303.434
309.726
312.261
311.206
306.998
304.213
304.463
304.963
305.391
305.705
306.626
307.966
309.612
311.596
316.364
324.983
327.78
327.059
324.175
315.173
311.03
309.492
308.13
306.796
305.373
304.807
304.288
303.752
303.182
303.022
305.647
307.992
306.62
301.735
301.447
301.599
301.699
301.772
303.55
316.975
326.429
332.042
333.904
332.042
326.429
316.975
303.55
301.772
301.699
301.599
301.447
301.735
306.62
307.992
305.647
303.022
303.182
303.752
304.288
304.807
305.373
306.796
308.13
309.492
311.03
315.173
324.175
327.059
328.107
325.735
318.49
312.434
310.104
308.551
307.057
305.253
304.127
303.617
303.064
302.491
301.9
301.818
303.468
303.343
300.539
300.461
300.64
300.755
300.831
302.821
315.866
325.049
330.5
332.308
330.5
325.049
315.866
302.821
300.831
300.755
300.64
300.461
300.539
303.343
303.468
301.818
301.9
302.491
303.064
303.617
304.127
305.253
307.057
308.551
310.104
312.434
318.49
325.735
328.107
329.896
328.243
323.489
317.521
313.295
311.229
309.554
306.665
303.529
302.977
302.382
301.807
301.229
300.643
300.326
299.883
299.563
299.577
299.732
299.839
299.911
302.224
314.645
323.399
328.602
330.329
328.602
323.399
314.645
302.224
299.911
299.839
299.732
299.577
299.563
299.883
300.326
300.643
301.229
301.807
302.382
302.977
303.529
306.665
309.554
311.229
313.295
317.521
323.489
328.243
329.896
330.993
329.853
326.791
322.985
319.758
317.303
314.749
310.974
305.238
302.077
301.666
301.114
300.556
299.995
299.441
298.543
298.558
298.727
298.861
298.945
299.008
301.541
313.11
321.301
326.181
327.803
326.181
321.301
313.11
301.541
299.008
298.945
298.861
298.727
298.558
298.543
299.441
299.995
300.556
301.114
301.666
302.077
305.238
310.974
314.749
317.303
319.758
322.985
326.791
329.853
330.993
330.369
329.385
326.839
323.895
321.488
319.496
317.173
313.708
308.398
302.707
300.891
300.415
299.873
299.33
298.785
298.206
297.814
297.955
298.025
298.06
298.102
300.327
310.968
318.513
323.018
324.52
323.018
318.513
310.968
300.327
298.102
298.06
298.025
297.955
297.814
298.206
298.785
299.33
299.873
300.415
300.891
302.707
308.398
313.708
317.173
319.496
321.488
323.895
326.839
329.385
330.369
327.712
326.48
323.284
320.267
318.803
318.021
316.737
314.289
310.354
304.923
300.384
299.742
299.179
298.655
298.162
297.711
297.389
297.279
297.215
297.155
297.114
298.397
307.936
314.763
318.86
320.24
318.86
314.763
307.936
298.397
297.114
297.155
297.215
297.279
297.389
297.711
298.162
298.655
299.179
299.742
300.384
304.923
310.354
314.289
316.737
318.021
318.803
320.267
323.284
326.48
327.712
323.52
321.538
315.62
311.172
311.462
313.05
313.464
312.357
309.82
306.1
301.473
298.706
298.433
297.937
297.486
297.076
296.757
296.547
296.386
296.219
295.979
296.369
303.751
309.742
313.418
314.721
313.418
309.742
303.751
296.369
295.979
296.219
296.386
296.547
296.757
297.076
297.486
297.937
298.433
298.706
301.473
306.1
309.82
312.357
313.464
313.05
311.462
311.172
315.62
321.538
323.52
319.292
316.689
308.902
305.83
304.638
305.972
307.716
307.855
306.47
304.211
301.24
297.979
297.515
297.163
296.755
296.338
296.002
295.754
295.552
295.343
295.075
295.123
298.714
303.036
306.35
307.808
306.35
303.036
298.714
295.123
295.075
295.343
295.552
295.754
296.002
296.338
296.755
297.163
297.515
297.979
301.24
304.211
306.47
307.855
307.716
305.972
304.638
305.83
308.902
316.689
319.292
316.272
313.578
305.713
303.969
303.146
302.33
301.646
300.917
300.009
299.074
298.166
297.165
296.509
296.434
296.02
295.508
295.148
294.903
294.711
294.513
294.24
293.808
293.254
293.339
297.139
299.809
297.139
293.339
293.254
293.808
294.24
294.513
294.711
294.903
295.148
295.508
296.02
296.434
296.509
297.165
298.166
299.074
300.009
300.917
301.646
302.33
303.146
303.969
305.713
313.578
316.272
314.64
312.075
304.678
302.889
302.418
301.867
301.296
300.511
299.675
298.859
298.041
297.214
296.433
296.029
295.37
294.514
294.165
293.986
293.864
293.748
293.602
293.408
293.208
293.159
293.252
294.092
293.252
293.159
293.208
293.408
293.602
293.748
293.864
293.986
294.165
294.514
295.37
296.029
296.433
297.214
298.041
298.859
299.675
300.511
301.296
301.867
302.418
302.889
304.678
312.075
314.64
314.137
311.635
304.426
302.547
302.149
301.684
301.191
300.475
299.676
298.865
298.051
297.248
296.498
295.869
294.905
293
293
293
293
293
293
293
293
293
293
293
293
293
293
293
293
293
293
293
293
293
294.905
295.869
296.498
297.248
298.051
298.865
299.676
300.475
301.191
301.684
302.149
302.547
304.426
311.635
314.137
