320.936
318.404
310.938
305.491
303.473
301.931
300.866
300.165
299.41
298.656
297.906
297.165
296.463
295.848
294.894
293
293
293
293
293
293
293
293
293
293
293
293
293
293
293
293
293
293
293
293
293
294.894
295.848
296.463
297.165
297.906
298.656
299.41
300.165
300.866
301.931
303.473
305.491
310.938
318.404
320.936
321.467
318.909
311.377
306.608
304.49
302.487
301.054
300.184
299.404
298.648
297.896
297.139
296.413
296.011
295.358
294.509
294.163
293.987
293.866
293.751
293.605
293.41
293.209
293.16
293.251
294.085
293.251
293.16
293.209
293.41
293.605
293.751
293.866
293.987
294.163
294.509
295.358
296.011
296.413
297.139
297.896
298.648
299.404
300.184
301.054
302.487
304.49
306.608
311.377
318.909
321.467
323.114
320.499
312.786
309.391
307.06
304.137
301.862
300.703
299.718
298.834
298.002
297.102
296.486
296.413
296.005
295.501
295.146
294.905
294.716
294.519
294.246
293.814
293.255
293.337
297.132
299.797
297.132
293.337
293.255
293.814
294.246
294.519
294.716
294.905
295.146
295.501
296.005
296.413
296.486
297.102
298.002
298.834
299.718
300.703
301.862
304.137
307.06
309.391
312.786
320.499
323.114
325.993
323.477
315.892
312.363
310.621
310.263
310.07
308.871
306.869
304.321
301.228
297.939
297.484
297.138
296.738
296.331
296.003
295.76
295.561
295.352
295.082
295.129
298.708
303.024
306.331
307.785
306.331
303.024
298.708
295.129
295.082
295.352
295.561
295.76
296.003
296.331
296.738
297.138
297.484
297.939
301.228
304.321
306.869
308.871
310.07
310.263
310.621
312.363
315.892
323.477
325.993
329.904
327.968
322.207
317.767
317.29
317.28
316.135
313.868
310.585
306.396
301.509
298.652
298.39
297.904
297.465
297.069
296.762
296.559
296.402
296.236
295.992
296.386
303.749
309.721
313.384
314.682
313.384
309.721
303.749
296.386
295.992
296.236
296.402
296.559
296.762
297.069
297.465
297.904
298.39
298.652
301.509
306.396
310.585
313.868
316.135
317.28
317.29
317.767
322.207
327.968
329.904
333.685
332.436
329.161
325.855
323.679
321.784
319.322
315.882
311.206
305.195
300.34
299.677
299.124
298.612
298.136
297.706
297.404
297.3
297.241
297.184
297.144
298.432
307.933
314.726
318.802
320.174
318.802
314.726
307.933
298.432
297.144
297.184
297.241
297.3
297.404
297.706
298.136
298.612
299.124
299.677
300.34
305.195
311.206
315.882
319.322
321.784
323.679
325.855
329.161
332.436
333.685
335.963
334.933
332.22
328.899
325.812
322.854
319.488
315.131
309.172
302.789
300.785
300.331
299.804
299.274
298.746
298.205
297.834
297.983
298.065
298.105
298.147
300.367
310.952
318.448
322.922
324.413
322.922
318.448
310.952
300.367
298.147
298.105
298.065
297.983
297.834
298.205
298.746
299.274
299.804
300.331
300.785
302.789
309.172
315.131
319.488
322.854
325.812
328.899
332.22
334.933
335.963
336.3
335.113
331.886
327.71
323.814
320.332
316.647
311.981
305.613
301.946
301.56
301.02
300.474
299.92
299.365
298.537
298.584
298.774
298.92
299.009
299.073
301.584
313.074
321.194
326.026
327.631
326.026
321.194
313.074
301.584
299.073
299.009
298.92
298.774
298.584
298.537
299.365
299.92
300.474
301.02
301.56
301.946
305.613
311.981
316.647
320.332
323.814
327.71
331.886
335.113
336.3
335.012
333.332
328.504
322.261
317.432
314.028
310.791
306.915
303.456
302.847
302.264
301.705
301.139
300.556
300.218
299.824
299.633
299.653
299.818
299.929
300.001
302.282
314.578
323.226
328.358
330.06
328.358
323.226
314.578
302.282
300.001
299.929
299.818
299.653
299.633
299.824
300.218
300.556
301.139
301.705
302.264
302.847
303.456
306.915
310.791
314.028
317.432
322.261
328.504
333.332
335.012
333.083
330.7
323.422
316.729
313.285
310.179
307.341
305.072
303.938
303.457
302.931
302.384
301.81
301.651
303.275
303.315
300.655
300.571
300.757
300.875
300.951
302.902
315.753
324.774
330.121
331.892
330.121
324.774
315.753
302.902
300.951
300.875
300.757
300.571
300.655
303.315
303.275
301.651
301.81
302.384
302.931
303.457
303.938
305.072
307.341
310.179
313.285
316.729
323.422
330.7
333.083
331.92
329.029
320.016
315.021
312.364
309.378
306.889
305.13
304.577
304.102
303.607
303.076
302.843
305.26
307.706
306.564
301.917
301.601
301.752
301.851
301.922
303.658
316.782
325.997
331.458
333.267
331.458
325.997
316.782
303.658
301.922
301.851
301.752
301.601
301.917
306.564
307.706
305.26
302.843
303.076
303.607
304.102
304.577
305.13
306.889
309.378
312.364
315.021
320.016
329.029
331.92
332.541
329.72
321.035
315.797
312.694
309.168
306.614
305.385
305.132
304.753
304.305
303.994
306.172
310.441
311.78
309.574
303.67
302.743
302.785
302.842
302.903
304.633
317.751
326.975
332.447
334.261
332.447
326.975
317.751
304.633
302.903
302.842
302.785
302.743
303.67
309.574
311.78
310.441
306.172
303.994
304.305
304.753
305.132
305.385
306.614
309.168
312.694
315.797
321.035
329.72
332.541
334.802
332.528
325.719
319.038
314.183
309.445
306.483
305.987
305.786
305.462
305.146
306.143
311.139
315.002
315.397
312.312
305.644
303.813
303.792
303.817
303.869
305.815
318.646
327.703
333.094
334.884
333.094
327.703
318.646
305.815
303.869
303.817
303.792
303.813
305.644
312.312
315.397
315.002
311.139
306.143
305.146
305.462
305.786
305.987
306.483
309.445
314.183
319.038
325.719
332.528
334.802
337.613
335.928
331.232
325.148
318.58
311.06
307.041
306.866
306.551
306.173
306.24
310.517
316.307
319.03
318.494
314.637
307.405
304.777
304.739
304.753
304.803
307.06
319.348
328.099
333.341
335.087
333.341
328.099
319.348
307.06
304.803
304.753
304.739
304.777
307.405
314.637
318.494
319.03
316.307
310.517
306.24
306.173
306.551
306.866
307.041
311.06
318.58
325.148
331.232
335.928
337.613
339.793
338.34
334.215
328.091
320.444
311.268
307.781
307.673
307.368
307.181
308.603
315.738
320.575
322.319
320.91
316.337
308.593
305.67
305.624
305.639
305.694
308.023
319.619
328.004
333.082
334.784
333.082
328.004
319.619
308.023
305.694
305.639
305.624
305.67
308.593
316.337
320.91
322.319
320.575
315.738
308.603
307.181
307.368
307.673
307.781
311.268
320.444
328.091
334.215
338.34
339.793
340.878
339.424
335.198
328.555
319.857
310.167
308.615
308.407
308.07
308.142
312.81
319.981
323.937
324.76
322.492
317.212
308.999
306.524
306.466
306.474
306.549
308.354
319.13
327.215
332.201
333.885
332.201
327.215
319.13
308.354
306.549
306.474
306.466
306.524
308.999
317.212
322.492
324.76
323.937
319.981
312.81
308.142
308.07
308.407
308.615
310.167
319.857
328.555
335.198
339.424
340.878
340.87
339.281
334.599
327.075
317.245
310.129
309.596
309.259
309.017
309.926
317.447
323.455
326.433
326.292
323.086
317.025
308.769
307.323
307.216
307.228
307.368
308.283
317.405
325.525
330.621
332.354
330.621
325.525
317.405
308.283
307.368
307.228
307.216
307.323
308.769
317.025
323.086
326.292
326.433
323.455
317.447
309.926
309.017
309.259
309.596
310.129
317.245
327.075
334.599
339.281
340.87
340.042
338.229
332.841
324.051
314.751
311.27
310.587
310.155
310.234
312.846
320.774
325.958
328.046
326.89
322.536
315.212
308.671
308.089
307.845
307.842
308.073
308.506
314.06
322.86
328.405
330.288
328.405
322.86
314.06
308.506
308.073
307.842
307.845
308.089
308.671
315.212
322.536
326.89
328.046
325.958
320.774
312.846
310.234
310.155
310.587
311.27
314.751
324.051
332.841
338.229
340.042
338.84
336.754
330.513
321.087
314.957
313.072
312.06
311.808
312.495
315.647
322.89
327.557
328.903
326.686
320.956
312.496
309.24
308.755
308.392
308.36
308.674
309.155
310.991
319.512
325.85
327.988
325.85
319.512
310.991
309.155
308.674
308.36
308.392
308.755
309.24
312.496
320.956
326.686
328.903
327.557
322.89
315.647
312.495
311.808
312.06
313.072
314.957
321.087
330.513
336.754
338.84
337.812
335.432
328.242
320.092
316.753
315.011
313.767
313.963
315.58
317.828
323.718
328.478
329.324
325.995
318.42
310.869
310.053
309.489
309.031
308.953
309.331
309.85
310.4
316.096
323.497
325.962
323.497
316.096
310.4
309.85
309.331
308.953
309.031
309.489
310.053
310.869
318.42
325.995
329.324
328.478
323.718
317.828
315.58
313.963
313.767
315.011
316.753
320.092
328.242
335.432
337.812
337.544
334.935
327.057
321.594
319.211
317.249
315.941
316.678
318.356
319.977
323.799
329.316
329.919
325.552
316.075
311.434
310.818
310.219
309.589
309.485
310.05
310.62
311.146
313.792
322.097
324.868
322.097
313.792
311.146
310.62
310.05
309.485
309.589
310.219
310.818
311.434
316.075
325.552
329.919
329.316
323.799
319.977
318.356
316.678
315.941
317.249
319.211
321.594
327.057
334.935
337.544
338.493
335.8
327.741
324.343
322.218
320.402
319.194
319.386
320.391
321.865
325.02
331.137
331.485
326.332
315.611
312.928
311.798
311.141
311.369
311.325
311.04
311.51
312.27
313.869
322.422
325.317
322.422
313.869
312.27
311.51
311.04
311.325
311.369
311.141
311.798
312.928
315.611
326.332
331.485
331.137
325.02
321.865
320.391
319.386
319.194
320.402
322.218
324.343
327.741
335.8
338.493
340.83
338.342
330.847
327.288
325.658
325.413
325.594
324.869
323.944
325.337
330.231
334.892
334.552
329.269
318.969
315.272
313.998
315.974
318.489
318.492
315.791
313.353
314.066
317.144
324.936
327.556
324.936
317.144
314.066
313.353
315.791
318.492
318.489
315.974
313.998
315.272
318.969
329.269
334.552
334.892
330.231
325.337
323.944
324.869
325.594
325.413
325.658
327.288
330.847
338.342
340.83
344.142
342.319
336.907
332.677
332.555
333.904
334.702
334.783
334.802
335.892
338.185
339.742
338.564
334.084
326.25
321.221
321.791
324.318
325.868
325.761
323.96
321.042
319.991
323.824
329.207
331.036
329.207
323.824
319.991
321.042
323.96
325.761
325.868
324.318
321.791
321.221
326.25
334.084
338.564
339.742
338.185
335.892
334.802
334.783
334.702
333.904
332.555
332.677
336.907
342.319
344.142
347.101
346.009
343.228
340.769
339.974
340.218
340.623
340.923
341.309
342.09
343.08
343.331
341.875
338.487
333.883
330.548
329.747
330.35
330.906
330.726
329.764
328.606
328.587
330.564
333.136
334.174
333.136
330.564
328.587
328.606
329.764
330.726
330.906
330.35
329.747
330.548
333.883
338.487
341.875
343.331
343.08
342.09
341.309
340.923
340.623
340.218
339.974
340.769
343.228
346.009
347.101
348.244
347.387
345.288
343.308
342.407
342.373
342.65
342.979
343.419
344.079
344.716
344.624
343.12
340.105
336.328
333.441
332.342
332.43
332.679
332.474
331.764
331.055
331.243
332.743
334.601
335.387
334.601
332.743
331.243
331.055
331.764
332.474
332.679
332.43
332.342
333.441
336.328
340.105
343.12
344.624
344.716
344.079
343.419
342.979
342.65
342.373
342.407
343.308
345.288
347.387
348.244
347.101
346.009
343.228
340.769
339.974
340.218
340.623
340.923
341.309
342.09
343.08
343.331
341.875
338.487
333.883
330.548
329.747
330.35
330.906
330.726
329.764
328.606
328.587
330.564
333.136
334.174
333.136
330.564
328.587
328.606
329.764
330.726
330.906
330.35
329.747
330.548
333.883
338.487
341.875
343.331
343.08
342.09
341.309
340.923
340.623
340.218
339.974
340.769
343.228
346.009
347.101
344.142
342.319
336.907
332.677
332.555
333.904
334.702
334.783
334.802
335.892
338.185
339.742
338.564
334.084
326.25
321.221
321.791
324.318
325.868
325.761
323.96
321.042
319.991
323.824
329.207
331.036
329.207
323.824
319.991
321.042
323.96
325.761
325.868
324.318
321.791
321.221
326.25
334.084
338.564
339.742
338.185
335.892
334.802
334.783
334.702
333.904
332.555
332.677
336.907
342.319
344.142
340.83
338.342
330.847
327.288
325.658
325.413
325.594
324.869
323.944
325.337
330.231
334.892
334.552
329.269
318.969
315.272
313.998
315.974
318.489
318.492
315.791
313.353
314.066
317.144
324.936
327.556
324.936
317.144
314.066
313.353
315.791
318.492
318.489
315.974
313.998
315.272
318.969
329.269
334.552
334.892
330.231
325.337
323.944
324.869
325.594
325.413
325.658
327.288
330.847
338.342
340.83
338.493
335.8
327.741
324.343
322.218
320.402
319.194
319.386
320.391
321.865
325.02
331.137
331.485
326.332
315.611
312.928
311.798
311.141
311.369
311.325
311.04
311.51
312.27
313.869
322.422
325.317
322.422
313.869
312.27
311.51
311.04
311.325
311.369
311.141
311.798
312.928
315.611
326.332
331.485
331.137
325.02
321.865
320.391
319.386
319.194
320.402
322.218
324.343
327.741
335.8
338.493
337.544
334.935
327.057
321.594
319.211
317.249
315.941
316.678
318.356
319.977
323.799
329.316
329.919
325.552
316.075
311.434
310.818
310.219
309.589
309.485
310.05
310.62
311.146
313.792
322.097
324.868
322.097
313.792
311.146
310.62
310.05
309.485
309.589
310.219
310.818
311.434
316.075
325.552
329.919
329.316
323.799
319.977
318.356
316.678
315.941
317.249
319.211
321.594
327.057
334.935
337.544
337.812
335.432
328.242
320.092
316.753
315.011
313.767
313.963
315.58
317.828
323.718
328.478
329.324
325.995
318.42
310.869
310.053
309.489
309.031
308.953
309.331
309.85
310.4
316.096
323.497
325.962
323.497
316.096
310.4
309.85
309.331
308.953
309.031
309.489
310.053
310.869
318.42
325.995
329.324
328.478
323.718
317.828
315.58
313.963
313.767
315.011
316.753
320.092
328.242
335.432
337.812
338.84
336.754
330.513
321.087
314.957
313.072
312.06
311.808
312.495
315.647
322.89
327.557
328.903
326.686
320.956
312.496
309.24
308.755
308.392
308.36
308.674
309.155
310.991
319.512
325.85
327.988
325.85
319.512
310.991
309.155
308.674
308.36
308.392
308.755
309.24
312.496
320.956
326.686
328.903
327.557
322.89
315.647
312.495
311.808
312.06
313.072
314.957
321.087
330.513
336.754
338.84
340.042
338.229
332.841
324.051
314.751
311.27
310.587
310.155
310.234
312.846
320.774
325.958
328.046
326.89
322.536
315.212
308.671
308.089
307.845
307.842
308.073
308.506
314.06
322.86
328.405
330.288
328.405
322.86
314.06
308.506
308.073
307.842
307.845
308.089
308.671
315.212
322.536
326.89
328.046
325.958
320.774
312.846
310.234
310.155
310.587
311.27
314.751
324.051
332.841
338.229
340.042
340.87
339.281
334.599
327.075
317.245
310.129
309.596
309.259
309.017
309.926
317.447
323.455
326.433
326.292
323.086
317.025
308.769
307.323
307.216
307.228
307.368
308.283
317.405
325.525
330.621
332.354
330.621
325.525
317.405
308.283
307.368
307.228
307.216
307.323
308.769
317.025
323.086
326.292
326.433
323.455
317.447
309.926
309.017
309.259
309.596
310.129
317.245
327.075
334.599
339.281
340.87
340.878
339.424
335.198
328.555
319.857
310.167
308.615
308.407
308.07
308.142
312.81
319.981
323.937
324.76
322.492
317.212
308.999
306.524
306.466
306.474
306.549
308.354
319.13
327.215
332.201
333.885
332.201
327.215
319.13
308.354
306.549
306.474
306.466
306.524
308.999
317.212
322.492
324.76
323.937
319.981
312.81
308.142
308.07
308.407
308.615
310.167
319.857
328.555
335.198
339.424
340.878
339.793
338.34
334.215
328.091
320.444
311.268
307.781
307.673
307.368
307.181
308.603
315.738
320.575
322.319
320.91
316.337
308.593
305.67
305.624
305.639
305.694
308.023
319.619
328.004
333.082
334.784
333.082
328.004
319.619
308.023
305.694
305.639
305.624
305.67
308.593
316.337
320.91
322.319
320.575
315.738
308.603
307.181
307.368
307.673
307.781
311.268
320.444
328.091
334.215
338.34
339.793
337.613
335.928
331.232
325.148
318.58
311.06
307.041
306.866
306.551
306.173
306.24
310.517
316.307
319.03
318.494
314.637
307.405
304.777
304.739
304.753
304.803
307.06
319.348
328.099
333.341
335.087
333.341
328.099
319.348
307.06
304.803
304.753
304.739
304.777
307.405
314.637
318.494
319.03
316.307
310.517
306.24
306.173
306.551
306.866
307.041
311.06
318.58
325.148
331.232
335.928
337.613
334.802
332.528
325.719
319.038
314.183
309.445
306.483
305.987
305.786
305.462
305.146
306.143
311.139
315.002
315.397
312.312
305.644
303.813
303.792
303.817
303.869
305.815
318.646
327.703
333.094
334.884
333.094
327.703
318.646
305.815
303.869
303.817
303.792
303.813
305.644
312.312
315.397
315.002
311.139
306.143
305.146
305.462
305.786
305.987
306.483
309.445
314.183
319.038
325.719
332.528
334.802
332.541
329.72
321.035
315.797
312.694
309.168
306.614
305.385
305.132
304.753
304.305
303.994
306.172
310.441
311.78
309.574
303.67
302.743
302.785
302.842
302.903
304.633
317.751
326.975
332.447
334.261
332.447
326.975
317.751
304.633
302.903
302.842
302.785
302.743
303.67
309.574
311.78
310.441
306.172
303.994
304.305
304.753
305.132
305.385
306.614
309.168
312.694
315.797
321.035
329.72
332.541
331.92
329.029
320.016
315.021
312.364
309.378
306.889
305.13
304.577
304.102
303.607
303.076
302.843
305.26
307.706
306.564
301.917
301.601
301.752
301.851
301.922
303.658
316.782
325.997
331.458
333.267
331.458
325.997
316.782
303.658
301.922
301.851
301.752
301.601
301.917
306.564
307.706
305.26
302.843
303.076
303.607
304.102
304.577
305.13
306.889
309.378
312.364
315.021
320.016
329.029
331.92
333.083
330.7
323.422
316.729
313.285
310.179
307.341
305.072
303.938
303.457
302.931
302.384
301.81
301.651
303.275
303.315
300.655
300.571
300.757
300.875
300.951
302.902
315.753
324.774
330.121
331.892
330.121
324.774
315.753
302.902
300.951
300.875
300.757
300.571
300.655
303.315
303.275
301.651
301.81
302.384
302.931
303.457
303.938
305.072
307.341
310.179
313.285
316.729
323.422
330.7
333.083
335.012
333.332
328.504
322.261
317.432
314.028
310.791
306.915
303.456
302.847
302.264
301.705
301.139
300.556
300.218
299.824
299.633
299.653
299.818
299.929
300.001
302.282
314.578
323.226
328.358
330.06
328.358
323.226
314.578
302.282
300.001
299.929
299.818
299.653
299.633
299.824
300.218
300.556
301.139
301.705
302.264
302.847
303.456
306.915
310.791
314.028
317.432
322.261
328.504
333.332
335.012
336.3
335.113
331.886
327.71
323.814
320.332
316.647
311.981
305.613
301.946
301.56
301.02
300.474
299.92
299.365
298.537
298.584
298.774
298.92
299.009
299.073
301.584
313.074
321.194
326.026
327.631
326.026
321.194
313.074
301.584
299.073
299.009
298.92
298.774
298.584
298.537
299.365
299.92
300.474
301.02
301.56
301.946
305.613
311.981
316.647
320.332
323.814
327.71
331.886
335.113
336.3
335.963
334.933
332.22
328.899
325.812
322.854
319.488
315.131
309.172
302.789
300.785
300.331
299.804
299.274
298.746
298.205
297.834
297.983
298.065
298.105
298.147
300.367
310.952
318.448
322.922
324.413
322.922
318.448
310.952
300.367
298.147
298.105
298.065
297.983
297.834
298.205
298.746
299.274
299.804
300.331
300.785
302.789
309.172
315.131
319.488
322.854
325.812
328.899
332.22
334.933
335.963
333.685
332.436
329.161
325.855
323.679
321.784
319.322
315.882
311.206
305.195
300.34
299.677
299.124
298.612
298.136
297.706
297.404
297.3
297.241
297.184
297.144
298.432
307.933
314.726
318.802
320.174
318.802
314.726
307.933
298.432
297.144
297.184
297.241
297.3
297.404
297.706
298.136
298.612
299.124
299.677
300.34
305.195
311.206
315.882
319.322
321.784
323.679
325.855
329.161
332.436
333.685
329.904
327.968
322.207
317.767
317.29
317.28
316.135
313.868
310.585
306.396
301.509
298.652
298.39
297.904
297.465
297.069
296.762
296.559
296.402
296.236
295.992
296.386
303.749
309.721
313.384
314.682
313.384
309.721
303.749
296.386
295.992
296.236
296.402
296.559
296.762
297.069
297.465
297.904
298.39
298.652
301.509
306.396
310.585
313.868
316.135
317.28
317.29
317.767
322.207
327.968
329.904
325.993
323.477
315.892
312.363
310.621
310.263
310.07
308.871
306.869
304.321
301.228
297.939
297.484
297.138
296.738
296.331
296.003
295.76
295.561
295.352
295.082
295.129
298.708
303.024
306.331
307.785
306.331
303.024
298.708
295.129
295.082
295.352
295.561
295.76
296.003
296.331
296.738
297.138
297.484
297.939
301.228
304.321
306.869
308.871
310.07
310.263
310.621
312.363
315.892
323.477
325.993
323.114
320.499
312.786
309.391
307.06
304.137
301.862
300.703
299.718
298.834
298.002
297.102
296.486
296.413
296.005
295.501
295.146
294.905
294.716
294.519
294.246
293.814
293.255
293.337
297.132
299.797
297.132
293.337
293.255
293.814
294.246
294.519
294.716
294.905
295.146
295.501
296.005
296.413
296.486
297.102
298.002
298.834
299.718
300.703
301.862
304.137
307.06
309.391
312.786
320.499
323.114
321.467
318.909
311.377
306.608
304.49
302.487
301.054
300.184
299.404
298.648
297.896
297.139
296.413
296.011
295.358
294.509
294.163
293.987
293.866
293.751
293.605
293.41
293.209
293.16
293.251
294.085
293.251
293.16
293.209
293.41
293.605
293.751
293.866
293.987
294.163
294.509
295.358
296.011
296.413
297.139
297.896
298.648
299.404
300.184
301.054
302.487
304.49
306.608
311.377
318.909
321.467
320.936
318.404
310.938
305.491
303.473
301.931
300.866
300.165
299.41
298.656
297.906
297.165
296.463
295.848
294.894
293
293
293
293
293
293
293
293
293
293
293
293
293
293
293
293
293
293
293
293
293
294.894
295.848
296.463
297.165
297.906
298.656
299.41
300.165
300.866
301.931
303.473
305.491
310.938
318.404
320.936
