351.295
347.744
336.489
315.187
313.563
310.831
308.209
303.962
302.023
300.582
299.172
297.767
296.652
295.973
294.982
293
293
293
293
293
293
293
293
293
293
293
293
293
293
293
293
293
293
293
293
293
294.986
295.979
296.66
297.739
299.088
300.437
301.812
303.656
307.917
310.545
313.283
314.909
336.248
347.522
351.079
352.846
349.597
339.513
321.536
314.206
310.743
308.967
304.856
302.127
300.632
299.184
297.717
296.5
296.123
295.472
294.602
294.247
294.057
293.913
293.751
293.516
293.245
293.15
293.136
294.231
297.148
294.234
293.136
293.15
293.246
293.517
293.752
293.914
294.059
294.249
294.605
295.476
296.128
296.506
297.691
299.1
300.485
301.912
304.558
308.677
310.457
313.928
321.272
339.28
349.381
352.636
356.896
354.283
346.429
333.38
322.096
313.972
310.355
307.312
304.248
301.767
299.846
298.04
296.552
296.534
296.168
295.676
295.317
295.056
294.831
294.562
294.055
293.303
293.205
294.833
299.808
303.26
299.812
294.837
293.205
293.303
294.056
294.565
294.834
295.06
295.321
295.681
296.173
296.54
296.557
298.012
299.763
301.624
304.044
307.043
310.075
313.698
321.841
333.147
346.219
354.085
356.702
362.173
360.211
354.541
346.051
337.35
329.81
323.994
318.943
314.208
309.724
305.323
300.702
297.336
297.282
296.979
296.606
296.277
296.007
295.78
295.599
295.597
299.01
303.742
307.344
310.677
312.271
310.679
307.348
303.747
299.021
295.602
295.604
295.785
296.013
296.283
296.612
296.985
297.288
297.343
300.684
305.267
309.627
314.07
318.768
323.802
329.613
337.157
345.866
354.364
360.039
362.003
367.373
365.846
361.472
354.934
347.444
339.923
332.869
326.256
319.918
313.598
307.021
300.358
298.87
298.266
297.846
297.479
297.166
296.904
296.671
296.446
296.499
304.893
311.408
316.125
319.284
320.468
319.286
316.129
311.413
304.902
296.505
296.453
296.678
296.911
297.173
297.486
297.853
298.273
298.878
300.359
306.993
313.545
319.842
326.158
332.753
339.795
347.309
354.795
361.331
365.705
367.232
371.629
370.328
366.567
360.769
353.568
345.569
337.303
329.294
321.611
313.729
304.81
299.601
299.463
299.054
298.648
298.286
297.99
297.76
297.54
297.207
297.616
308.819
316.87
322.464
325.867
327.032
325.869
322.467
316.876
308.828
297.627
297.211
297.549
297.769
297.999
298.295
298.656
299.062
299.471
299.609
304.807
313.718
321.596
329.267
337.257
345.506
353.488
360.673
366.462
370.217
371.516
374.486
373.269
369.701
364.005
356.491
347.484
337.478
328.007
319.503
310.898
301.81
300.924
300.314
299.827
299.392
299.016
298.735
298.594
298.512
298.436
299.994
311.897
320.791
326.993
330.689
331.923
330.689
326.994
320.795
311.908
300.02
298.448
298.524
298.606
298.747
299.026
299.401
299.835
300.322
300.932
301.816
310.925
319.558
328.056
337.503
347.484
356.462
363.95
369.627
373.184
374.397
375.777
374.563
370.961
365.059
356.908
346.398
333.117
321.754
313.495
305.841
302.041
301.552
301.031
300.535
300.066
299.638
299.328
299.358
299.465
299.541
301.681
313.985
323.402
330.03
333.973
335.283
333.971
330.027
323.401
313.99
301.698
299.557
299.479
299.373
299.345
299.649
300.076
300.544
301.039
301.56
302.046
305.907
313.655
321.895
333.216
346.466
356.926
365.036
370.911
374.496
375.705
375.495
374.245
370.522
364.361
355.685
344.083
328.35
315.843
307.799
302.95
302.651
302.201
301.709
301.203
300.688
300.136
299.589
300.032
300.436
300.798
301.981
314.959
324.804
331.749
335.89
337.265
335.884
331.74
324.794
314.953
301.982
300.822
300.449
300.049
299.614
300.142
300.697
301.212
301.718
302.209
302.659
302.957
307.835
315.984
328.714
344.239
355.741
364.358
370.483
374.186
375.429
373.711
372.401
368.521
362.177
353.388
341.9
327.091
312.188
305.193
303.703
303.318
302.878
302.391
301.868
301.353
302.136
301.69
301.007
301.437
301.835
302.013
315.067
325.106
332.274
336.573
338.002
336.562
332.254
325.082
315.046
302.006
301.84
301.436
300.991
301.676
302.134
301.365
301.877
302.4
302.887
303.327
303.71
305.208
312.053
327.36
342.036
353.44
362.173
368.478
372.336
373.639
370.549
369.126
364.983
358.441
349.788
339.038
326.105
311.721
304.659
304.452
304.029
303.59
303.095
302.511
303.802
306.275
305.174
302.466
302.457
302.682
302.742
314.194
324.277
331.668
336.126
337.607
336.107
331.634
324.232
314.146
302.724
302.666
302.452
302.46
305.138
306.26
303.806
302.521
303.105
303.6
304.038
304.464
304.672
311.723
326.198
339.106
349.809
358.416
364.919
369.04
370.456
366.231
364.573
359.842
352.816
344.285
334.359
322.572
309.895
305.32
305.085
304.743
304.347
303.876
303.982
307.751
310.225
308.692
303.325
303.233
303.531
303.613
310.922
322.139
329.994
334.655
336.193
334.627
329.942
322.067
310.824
303.605
303.521
303.235
303.318
308.655
310.198
307.743
303.99
303.886
304.356
304.751
305.093
305.325
309.927
322.603
334.381
344.276
352.761
359.742
364.451
366.103
361.23
359.093
352.998
344.694
336.178
327.543
316.12
308.061
306.225
305.81
305.498
305.167
304.91
307.835
312.632
314.181
312.058
305.852
304.242
304.586
304.855
307.249
319.364
327.515
332.308
333.884
332.264
327.44
319.271
307.125
304.852
304.568
304.208
305.718
311.979
314.133
312.608
307.833
304.918
305.175
305.505
305.819
306.231
308.05
316.111
327.538
336.152
344.612
352.837
358.918
361.053
356.502
353.573
344.36
332.789
324.193
319.972
312.899
309.732
307.469
306.512
306.259
305.953
306.15
312.58
316.76
317.809
315.507
309.812
305.709
305.704
306.059
306.329
316.554
324.393
329.178
330.77
329.104
324.285
316.451
306.271
306.025
305.678
305.68
309.657
315.411
317.748
316.724
312.563
306.153
305.957
306.264
306.514
307.455
309.705
312.878
319.964
324.188
332.701
344.075
353.332
356.275
353.633
350.335
339.607
328.12
322.691
319.813
314.687
311.2
309.753
308.248
307.428
307.994
308.405
315.985
320.021
320.788
318.347
313.066
306.482
306.45
306.58
306.653
312.311
320.325
325.243
326.913
325.098
320.145
312.215
306.629
306.555
306.426
306.458
312.949
318.259
320.725
319.978
315.959
308.396
307.986
307.421
308.229
309.726
311.175
314.668
319.805
322.697
328.178
339.25
350.061
353.381
353.36
350.527
341.822
331.35
323.771
320.033
314.993
313.663
313.054
312.275
311.864
312.001
312.282
318.943
322.55
322.975
320.029
313.995
307.058
307.021
307.146
307.453
308.701
315.352
320.557
322.54
320.23
314.981
308.645
307.439
307.128
307.002
307.039
313.897
319.951
322.914
322.505
318.908
312.252
311.969
311.828
312.24
313.024
313.64
314.969
320.023
323.762
331.27
341.536
350.282
353.126
354.751
352.593
346.523
338.453
330.534
323.559
317.033
316.61
316.412
316.078
315.92
315.792
315.864
320.954
324.263
324.531
320.798
312.465
307.813
307.418
307.517
307.741
307.994
310.091
315.093
318.46
314.302
309.645
307.992
307.733
307.504
307.402
307.799
312.386
320.733
324.476
324.218
320.916
315.831
315.759
315.885
316.042
316.376
316.573
316.993
323.524
330.482
338.354
346.347
352.404
354.561
356.458
354.571
349.224
341.408
332.358
322.91
317.226
317.059
316.797
316.572
316.495
316.602
316.687
320.747
325.016
326.089
322.168
310.499
308.812
307.943
307.804
307.987
308.307
308.796
312.389
317.904
311.134
308.84
308.318
307.985
307.792
307.93
308.797
310.453
322.117
326.041
324.974
320.711
316.65
316.565
316.459
316.535
316.76
317.022
317.188
322.866
332.297
341.316
349.096
354.427
356.309
357.937
356.011
350.393
341.597
330.582
319.847
317.725
317.437
317.15
316.833
316.845
317.11
317.335
319.246
324.964
328.642
327.287
318.305
310.39
308.495
308.329
308.514
308.518
310.244
319.506
325.635
318.756
309.761
308.522
308.511
308.317
308.48
310.35
318.255
327.24
328.598
324.924
319.213
317.299
317.073
316.809
316.796
317.113
317.4
317.688
319.806
330.524
341.519
350.293
355.898
357.821
359.27
357.142
350.739
340.007
324.915
318.426
318.11
317.792
317.444
316.961
317.299
317.781
318.206
318.764
323.185
332.227
336.033
335.145
333.133
332.485
332.737
333.382
334.376
336.43
340.271
342.382
339.981
336.156
334.259
333.328
332.701
332.454
333.095
335.103
335.992
332.187
323.147
318.728
318.17
317.745
317.262
316.924
317.407
317.755
318.072
318.388
324.869
339.943
350.659
357.052
359.177
360.859
358.546
351.415
338.777
319.087
318.746
318.453
318.208
321.142
321.921
319.24
318.501
318.689
319.04
320.263
337.048
345.475
349.117
350.626
351.688
352.763
353.92
355.239
356.898
358.776
359.64
358.654
356.754
355.141
353.857
352.718
351.651
350.589
349.079
345.437
337.012
320.229
319.004
318.653
318.465
319.205
321.886
321.105
318.171
318.415
318.709
319.049
338.724
351.35
358.474
360.784
363.075
360.77
353.597
340.605
319.49
319.07
318.895
323.779
329.711
330.753
326.477
320.949
318.964
319.828
330.052
346.239
355.701
361.221
364.568
366.879
368.707
370.295
371.761
373.147
374.296
374.75
374.238
373.068
371.692
370.241
368.664
366.842
364.533
361.187
355.667
346.205
330.019
319.794
318.929
320.913
326.441
330.718
329.675
323.742
318.857
319.033
319.453
340.558
353.541
360.709
363.012
365.9
363.86
357.598
346.565
329.268
319.847
326.313
334.554
339.246
340.903
340.08
338.707
338.973
341.821
348.796
358.181
365.869
371.499
375.546
378.551
380.893
382.792
384.363
385.631
386.511
386.825
386.481
385.586
384.317
382.751
380.856
378.518
375.515
371.468
365.838
358.149
348.764
341.788
338.939
338.673
340.046
340.868
339.211
334.518
326.276
319.809
329.23
346.522
357.55
363.809
365.847
368.805
367.173
362.37
354.793
345.806
340.517
341.517
344.9
347.814
349.533
350.233
350.828
352.428
355.752
361.169
367.819
374.095
379.36
383.566
386.887
389.52
391.617
393.27
394.505
395.29
395.558
395.275
394.48
393.241
391.589
389.492
386.86
383.539
379.333
374.067
367.79
361.139
355.721
352.397
350.795
350.2
349.5
347.78
344.866
341.482
340.481
345.768
354.753
362.327
367.128
368.759
370.974
369.658
365.914
360.432
354.647
350.904
350.337
351.717
353.575
355.184
356.491
357.943
360.161
363.588
368.31
373.83
379.332
384.28
388.472
391.91
394.683
396.887
398.593
399.829
400.588
400.843
400.581
399.817
398.577
396.87
394.665
391.89
388.45
384.257
379.307
373.804
368.282
363.559
360.131
357.912
356.459
355.152
353.543
351.684
350.304
350.87
354.612
360.396
365.875
369.619
370.934
371.774
370.572
367.194
362.376
357.445
354.115
353.21
354.056
355.585
357.138
358.602
360.292
362.685
366.128
370.653
375.861
381.123
385.957
390.13
393.598
396.415
398.656
400.385
401.629
402.389
402.645
402.388
401.628
400.382
398.651
396.405
393.585
390.114
385.938
381.101
375.836
370.627
366.101
362.656
360.263
358.572
357.107
355.554
354.025
353.179
354.083
357.413
362.343
367.16
370.537
371.739
370.978
369.662
365.916
360.432
354.644
350.9
350.332
351.713
353.571
355.18
356.487
357.94
360.159
363.587
368.312
373.836
379.343
384.296
388.493
391.939
394.721
396.939
398.661
399.916
400.692
400.96
400.7
399.927
398.671
396.945
394.721
391.932
388.481
384.28
379.323
373.814
368.288
363.561
360.131
357.911
356.458
355.151
353.541
351.683
350.303
350.87
354.614
360.402
365.886
369.632
370.948
368.814
367.181
362.374
354.792
345.799
340.508
341.507
344.891
347.805
349.526
350.226
350.821
352.423
355.749
361.172
367.83
374.116
379.391
383.607
386.941
389.593
391.717
393.404
394.68
395.506
395.802
395.524
394.708
393.431
391.736
389.603
386.942
383.6
379.377
374.097
367.809
361.149
355.725
352.397
350.793
350.197
349.497
347.777
344.864
341.48
340.481
345.772
354.766
362.348
367.156
368.789
365.917
363.875
357.607
346.565
329.255
319.829
326.297
334.54
339.233
340.891
340.069
338.696
338.963
341.815
348.797
358.196
365.899
371.543
375.605
378.627
380.993
382.931
384.558
385.895
386.849
387.218
386.886
385.951
384.608
382.967
381.012
378.632
375.599
371.53
365.881
358.175
348.775
341.791
338.937
338.668
340.04
340.863
339.206
334.515
326.272
319.805
329.231
346.541
357.585
363.854
365.897
363.103
360.795
353.614
340.607
319.472
319.052
318.876
323.761
329.696
330.738
326.462
320.934
318.947
319.814
330.047
346.257
355.741
361.279
364.641
366.967
368.822
370.458
372
373.495
374.776
375.335
374.852
373.601
372.084
370.51
368.848
366.973
364.634
361.264
355.721
346.235
330.026
319.793
318.924
320.901
326.43
330.711
329.67
323.737
318.853
319.028
319.449
340.587
353.596
360.78
363.089
360.906
358.589
351.446
338.788
319.069
318.727
318.434
318.189
321.123
321.903
319.222
318.483
318.671
319.023
320.25
337.071
345.527
349.193
350.713
351.777
352.872
354.077
355.489
357.31
359.424
360.494
359.585
357.518
355.616
354.141
352.898
351.78
350.699
349.17
345.502
337.047
320.229
319
318.649
318.461
319.198
321.88
321.1
318.165
318.41
318.704
319.046
338.771
351.434
358.58
360.898
359.342
357.209
350.792
340.035
324.91
318.407
318.091
317.773
317.424
316.941
317.28
317.762
318.188
318.747
323.181
332.26
336.104
335.252
333.241
332.558
332.81
333.489
334.568
336.832
341.116
343.631
341.477
337.269
334.721
333.541
332.823
332.549
333.212
335.216
336.072
332.232
323.158
318.724
318.165
317.739
317.256
316.918
317.401
317.749
318.067
318.383
324.89
340.023
350.787
357.209
359.343
358.045
356.113
350.477
341.649
330.596
319.83
317.706
317.417
317.13
316.814
316.826
317.09
317.316
319.234
324.973
328.684
327.377
318.479
310.543
308.504
308.336
308.523
308.529
310.399
320.584
327.439
321.429
311.408
308.508
308.498
308.315
308.484
310.486
318.418
327.336
328.653
324.948
319.214
317.293
317.067
316.803
316.79
317.107
317.393
317.682
319.805
330.58
341.644
350.483
356.124
358.058
356.612
354.722
349.355
341.489
332.389
322.903
317.206
317.039
316.777
316.552
316.476
316.582
316.667
320.739
325.028
326.127
322.242
310.629
308.804
307.947
307.809
307.995
308.316
308.8
314.061
320.113
314.586
308.739
308.281
307.967
307.788
307.928
308.789
310.577
322.203
326.096
325.002
320.718
316.644
316.559
316.452
316.529
316.753
317.016
317.182
322.879
332.375
341.492
349.375
354.748
356.64
354.96
352.806
346.732
338.564
330.566
323.555
317.008
316.587
316.392
316.059
315.902
315.775
315.847
320.948
324.271
324.555
320.836
312.507
307.818
307.422
307.522
307.749
308.005
310.747
316.645
320.366
316.842
310.783
307.975
307.724
307.501
307.403
307.8
312.465
320.802
324.526
324.247
320.927
315.826
315.754
315.879
316.036
316.369
316.563
316.98
323.53
330.549
338.571
346.778
352.853
355.005
353.618
350.809
342.203
331.47
323.765
320.015
314.973
313.652
313.036
312.254
311.843
311.983
312.266
318.937
322.553
322.984
320.041
314.001
307.061
307.024
307.15
307.459
308.752
315.965
321.61
323.866
321.691
316.061
308.711
307.438
307.131
307.007
307.044
313.967
320.012
322.96
322.532
318.918
312.246
311.963
311.821
312.233
313.017
313.637
314.947
319.981
323.729
331.468
342.313
350.879
353.676
353.891
350.612
339.96
328.044
322.673
319.793
314.667
311.181
309.734
308.234
307.423
307.989
308.4
315.982
320.02
320.788
318.343
313.053
306.482
306.451
306.581
306.655
312.43
320.771
325.964
327.797
325.994
320.799
312.407
306.642
306.567
306.437
306.469
313.026
318.321
320.769
320.004
315.968
308.389
307.978
307.412
308.22
309.715
311.161
314.64
319.758
322.637
327.96
340.071
350.674
353.941
356.724
353.786
344.524
332.781
324.18
319.954
312.88
309.71
307.457
306.512
306.262
305.955
306.151
312.578
316.758
317.803
315.491
309.777
305.707
305.703
306.056
306.32
316.69
324.724
329.677
331.364
329.689
324.736
316.686
306.316
306.046
305.693
305.697
309.764
315.478
317.79
316.747
312.568
306.145
305.949
306.256
306.506
307.444
309.689
312.855
319.92
324.143
332.74
344.551
353.806
356.74
361.432
359.286
353.156
344.79
336.249
327.593
316.134
308.052
306.228
305.815
305.502
305.171
304.914
307.838
312.632
314.175
312.042
305.817
304.236
304.586
304.86
307.229
319.478
327.759
332.658
334.291
332.664
327.767
319.486
307.247
304.849
304.578
304.232
305.814
312.036
314.168
312.624
307.831
304.91
305.167
305.497
305.811
306.223
308.038
316.103
327.544
336.193
344.738
353.125
359.26
361.407
366.432
364.769
360.024
352.978
344.437
334.498
322.672
309.928
305.321
305.088
304.747
304.351
303.881
303.987
307.756
310.222
308.684
303.326
303.237
303.532
303.615
310.928
322.235
330.175
334.904
336.479
334.909
330.183
322.246
310.945
303.609
303.527
303.231
303.321
308.685
310.22
307.751
303.983
303.878
304.348
304.743
305.085
305.317
309.916
322.623
334.423
344.352
352.895
359.951
364.703
366.367
370.757
369.335
365.194
358.659
350.023
339.289
326.333
311.779
304.664
304.458
304.033
303.595
303.1
302.516
303.809
306.273
305.159
302.467
302.458
302.679
302.738
314.221
324.358
331.804
336.306
337.811
336.31
331.811
324.368
314.232
302.739
302.678
302.455
302.464
305.175
306.276
303.805
302.512
303.096
303.591
304.03
304.455
304.66
311.795
326.26
339.173
349.898
358.539
365.083
369.232
370.656
373.927
372.621
368.756
362.443
353.707
342.301
327.591
312.118
305.187
303.705
303.322
302.882
302.395
301.873
301.36
302.139
301.686
301.003
301.439
301.84
302.012
315.096
325.171
332.376
336.704
338.148
336.708
332.384
325.182
315.107
302.013
301.835
301.435
301.002
301.691
302.138
301.355
301.869
302.391
302.879
303.319
303.703
305.195
312.19
327.451
342.112
353.527
362.281
368.61
372.485
373.794
375.708
374.466
370.765
364.65
356.06
344.619
329.219
315.712
307.796
302.952
302.654
302.204
301.714
301.207
300.692
300.139
299.601
300.041
300.444
300.811
301.975
314.982
324.854
331.825
335.986
337.371
335.99
331.835
324.869
315.002
302.002
300.799
300.436
300.033
299.592
300.136
300.688
301.204
301.71
302.201
302.651
302.95
307.868
315.961
328.763
344.299
355.815
364.449
370.59
374.304
375.551
375.975
374.768
371.189
365.333
357.263
346.896
333.881
322.021
313.648
305.892
302.043
301.556
301.035
300.539
300.071
299.643
299.336
299.365
299.472
299.55
301.673
314.001
323.44
330.085
334.042
335.36
334.047
330.095
323.457
314.029
301.724
299.542
299.466
299.359
299.329
299.638
300.067
300.535
301.031
301.552
302.039
305.902
313.647
321.832
333.229
346.507
356.985
365.11
370.996
374.59
375.801
374.654
373.443
369.892
364.228
356.765
347.822
337.859
328.235
319.629
310.943
301.808
300.928
300.318
299.831
299.397
299.021
298.741
298.6
298.518
298.441
299.992
311.91
320.819
327.034
330.739
331.978
330.744
327.043
320.834
311.934
300.032
298.44
298.513
298.595
298.736
299.017
299.393
299.827
300.315
300.924
301.809
310.917
319.55
328.041
337.514
347.515
356.509
364.009
369.695
373.259
374.474
371.756
370.458
366.706
360.923
353.745
345.768
337.5
329.432
321.69
313.762
304.813
299.607
299.468
299.058
298.652
298.291
297.995
297.765
297.545
297.21
297.618
308.83
316.89
322.492
325.902
327.07
325.906
322.5
316.901
308.842
297.626
297.206
297.541
297.761
297.99
298.287
298.648
299.055
299.464
299.602
304.802
313.715
321.594
329.267
337.27
345.532
353.525
360.721
366.517
370.277
371.578
367.453
365.926
361.552
355.014
347.525
340.004
332.941
326.302
319.939
313.601
307.015
300.354
298.875
298.27
297.85
297.483
297.17
296.908
296.675
296.451
296.503
304.901
311.421
316.143
319.307
320.493
319.31
316.149
311.428
304.908
296.498
296.444
296.67
296.904
297.166
297.479
297.846
298.267
298.871
300.359
306.993
313.546
319.845
326.164
332.767
339.818
347.34
354.833
361.376
365.754
367.282
362.206
360.241
354.561
346.055
337.338
329.783
323.956
318.896
314.164
309.687
305.298
300.689
297.341
297.286
296.982
296.609
296.28
296.011
295.783
295.603
295.6
299.013
303.748
307.353
310.689
312.285
310.693
307.359
303.754
299.024
295.597
295.599
295.78
296.008
296.277
296.606
296.979
297.283
297.337
300.685
305.268
309.63
314.076
318.778
323.816
329.632
337.182
345.896
354.4
360.079
362.044
356.89
354.27
346.396
333.309
321.989
313.835
310.205
307.162
304.133
301.686
299.799
298.025
296.556
296.538
296.172
295.679
295.32
295.058
294.833
294.564
294.056
293.304
293.205
294.833
299.811
303.266
299.818
294.841
293.205
293.303
294.054
294.562
294.831
295.056
295.318
295.677
296.169
296.535
296.553
298.012
299.766
301.629
304.052
307.054
310.088
313.714
321.86
333.17
346.248
354.119
356.737
352.812
349.554
339.442
321.415
314.063
310.588
308.806
304.681
302.001
300.547
299.136
297.704
296.505
296.127
295.475
294.604
294.248
294.058
293.914
293.752
293.516
293.246
293.15
293.137
294.231
297.15
294.235
293.136
293.15
293.245
293.516
293.751
293.913
294.057
294.247
294.602
295.473
296.125
296.502
297.69
299.103
300.491
301.921
304.571
308.691
310.472
313.943
321.29
339.305
349.41
352.666
351.252
347.691
336.405
315.045
313.417
310.676
308.045
303.78
301.899
300.498
299.124
297.753
296.659
295.978
294.985
293
293
293
293
293
293
293
293
293
293
293
293
293
293
293
293
293
293
293
293
293
294.983
295.975
296.657
297.739
299.09
300.442
301.82
303.669
307.931
310.559
313.298
314.925
336.271
347.55
351.108
