351.329
347.772
336.498
315.16
313.535
310.796
308.169
303.91
301.988
300.559
299.159
297.764
296.656
295.975
294.984
293
293
293
293
293
293
293
293
293
293
293
293
293
293
293
293
293
293
293
293
293
294.985
295.977
296.659
297.738
299.086
300.433
301.807
303.649
307.91
310.538
313.277
314.903
336.245
347.522
351.079
352.886
349.631
339.53
321.523
314.179
310.709
308.928
304.808
302.091
300.609
299.171
297.715
296.502
296.125
295.473
294.603
294.248
294.058
293.913
293.751
293.516
293.245
293.15
293.137
294.232
297.151
294.236
293.136
293.15
293.245
293.516
293.751
293.913
294.058
294.248
294.603
295.474
296.126
296.504
297.689
299.098
300.482
301.908
304.551
308.671
310.45
313.921
321.266
339.278
349.381
352.637
356.952
354.335
346.47
333.399
322.093
313.949
310.323
307.277
304.22
301.747
299.834
298.037
296.553
296.536
296.17
295.678
295.318
295.057
294.832
294.563
294.055
293.303
293.205
294.835
299.812
303.267
299.819
294.842
293.205
293.303
294.055
294.563
294.832
295.058
295.319
295.679
296.171
296.538
296.555
298.01
299.761
301.62
304.038
307.035
310.067
313.691
321.835
333.144
346.219
354.088
356.706
362.251
360.288
354.615
346.119
337.412
329.865
324.04
318.976
314.229
309.735
305.326
300.7
297.338
297.283
296.98
296.607
296.278
296.009
295.781
295.601
295.598
299.014
303.748
307.353
310.689
312.285
310.694
307.36
303.755
299.027
295.599
295.601
295.782
296.01
296.28
296.609
296.982
297.286
297.34
300.68
305.26
309.617
314.058
318.754
323.789
329.603
337.151
345.864
354.367
360.046
362.011
367.477
365.951
361.582
355.052
347.572
340.058
332.998
326.356
319.986
313.637
307.036
300.357
298.871
298.267
297.847
297.48
297.167
296.906
296.672
296.448
296.501
304.9
311.419
316.142
319.306
320.492
319.31
316.15
311.43
304.911
296.5
296.447
296.673
296.907
297.169
297.483
297.85
298.27
298.875
300.353
306.983
313.53
319.823
326.135
332.732
339.78
347.301
354.796
361.34
365.718
367.247
371.753
370.457
366.71
360.934
353.765
345.797
337.536
329.465
321.723
313.791
304.827
299.602
299.464
299.055
298.649
298.288
297.992
297.762
297.542
297.207
297.616
308.828
316.888
322.49
325.899
327.067
325.904
322.5
316.903
308.846
297.631
297.209
297.545
297.765
297.995
298.291
298.652
299.059
299.468
299.608
304.793
313.696
321.569
329.231
337.223
345.483
353.479
360.678
366.477
370.239
371.54
374.623
373.414
369.867
364.211
356.757
347.828
337.884
328.246
319.649
310.976
301.818
300.925
300.315
299.828
299.394
299.018
298.737
298.597
298.514
298.438
299.992
311.908
320.815
327.03
330.735
331.974
330.74
327.042
320.835
311.939
300.043
298.445
298.519
298.601
298.741
299.021
299.397
299.832
300.319
300.928
301.801
310.894
319.524
328
337.444
347.451
356.454
363.961
369.653
373.219
374.435
375.912
374.707
371.134
365.285
357.224
346.875
333.924
321.988
313.652
305.907
302.04
301.552
301.031
300.536
300.067
299.64
299.331
299.361
299.467
299.544
301.674
313.998
323.435
330.079
334.035
335.353
334.041
330.092
323.457
314.034
301.735
299.549
299.472
299.365
299.336
299.643
300.071
300.54
301.035
301.556
302.043
305.893
313.632
321.8
333.103
346.424
356.924
365.06
370.953
374.551
375.763
375.61
374.37
370.677
364.569
355.981
344.524
329.052
315.592
307.791
302.949
302.651
302.201
301.71
301.203
300.688
300.136
299.595
300.035
300.438
300.803
301.973
314.977
324.847
331.816
335.975
337.36
335.981
331.828
324.866
315.004
302.01
300.808
300.444
300.041
299.601
300.14
300.693
301.208
301.714
302.205
302.656
302.954
307.886
316.018
328.63
344.218
355.757
364.402
370.55
374.267
375.515
373.788
372.486
368.633
362.335
353.606
342.187
327.419
312.219
305.176
303.705
303.318
302.878
302.391
301.868
301.354
302.131
301.68
301
301.434
301.833
302.007
315.089
325.161
332.363
336.689
338.132
336.693
332.373
325.176
315.107
302.02
301.843
301.442
301.005
301.694
302.143
301.361
301.873
302.396
302.883
303.324
303.708
305.206
312.276
327.399
342.062
353.483
362.243
368.576
372.453
373.763
370.569
369.154
365.034
358.533
349.922
339.199
326.248
311.752
304.652
304.449
304.028
303.59
303.095
302.511
303.801
306.266
305.155
302.461
302.452
302.673
302.733
314.213
324.345
331.787
336.285
337.787
336.288
331.794
324.358
314.23
302.745
302.685
302.463
302.471
305.176
306.281
303.813
302.517
303.101
303.596
304.035
304.46
304.665
311.83
326.248
339.147
349.869
358.512
365.057
369.207
370.631
366.179
364.527
359.817
352.839
344.35
334.438
322.624
309.876
305.318
305.084
304.742
304.347
303.876
303.982
307.747
310.215
308.678
303.319
303.229
303.524
303.607
310.92
322.22
330.154
334.875
336.445
334.876
330.157
322.23
310.941
303.618
303.536
303.241
303.33
308.689
310.226
307.76
303.988
303.883
304.353
304.748
305.09
305.322
309.92
322.617
334.409
344.335
352.877
359.934
364.685
366.349
361.094
358.956
352.87
344.657
336.201
327.578
316.135
308.06
306.225
305.809
305.497
305.166
304.909
307.832
312.624
314.167
312.036
305.816
304.228
304.577
304.849
307.223
319.462
327.732
332.618
334.241
332.613
327.728
319.466
307.244
304.862
304.589
304.239
305.809
312.038
314.173
312.631
307.837
304.915
305.172
305.502
305.816
306.228
308.04
316.102
327.539
336.183
344.729
353.116
359.25
361.396
356.285
353.334
344.048
332.721
324.222
319.999
312.905
309.73
307.467
306.511
306.258
305.952
306.148
312.574
316.751
317.794
315.483
309.774
305.697
305.692
306.045
306.312
316.674
324.693
329.624
331.289
329.609
324.675
316.662
306.324
306.058
305.705
305.709
309.76
315.482
317.797
316.754
312.574
306.15
305.954
306.261
306.51
307.446
309.689
312.854
319.917
324.136
332.742
344.551
353.803
356.735
353.376
350.049
339.209
328.245
322.732
319.84
314.696
311.199
309.749
308.245
307.426
307.992
308.403
315.979
320.012
320.775
318.328
313.041
306.47
306.438
306.568
306.641
312.415
320.741
325.897
327.683
325.857
320.703
312.391
306.656
306.581
306.451
306.483
313.034
318.333
320.78
320.013
315.975
308.394
307.982
307.417
308.222
309.715
311.159
314.639
319.756
322.628
327.968
340.073
350.674
353.94
353.123
350.276
341.523
331.305
323.8
320.058
314.998
313.66
313.048
312.268
311.856
311.994
312.276
318.936
322.542
322.964
320.015
313.976
307.046
307.009
307.134
307.442
308.735
315.96
321.538
323.689
321.433
315.888
308.719
307.457
307.148
307.023
307.06
313.989
320.034
322.977
322.544
318.925
312.247
311.963
311.82
312.232
313.015
313.629
314.947
319.979
323.727
331.474
342.315
350.88
353.677
354.565
352.409
346.355
338.378
330.513
323.556
317.027
316.603
316.405
316.071
315.914
315.786
315.858
320.947
324.256
324.525
320.792
312.455
307.802
307.407
307.506
307.73
307.983
310.735
316.609
320.1
316.299
310.55
307.999
307.745
307.52
307.42
307.815
312.508
320.837
324.551
324.262
320.934
315.829
315.757
315.881
316.038
316.371
316.566
316.987
323.532
330.551
338.575
346.781
352.855
355.008
356.32
354.439
349.112
341.34
332.326
322.898
317.218
317.052
316.789
316.564
316.487
316.594
316.679
320.74
325.011
326.088
322.172
310.512
308.797
307.932
307.792
307.974
308.291
308.764
314.157
319.805
313.77
308.791
308.312
307.991
307.807
307.946
308.801
310.665
322.256
326.127
325.018
320.723
316.645
316.56
316.454
316.53
316.755
317.018
317.185
322.884
332.379
341.495
349.379
354.751
356.643
357.837
355.915
350.313
341.543
330.552
319.837
317.717
317.429
317.142
316.825
316.838
317.102
317.327
319.239
324.96
328.644
327.298
318.332
310.411
308.485
308.319
308.503
308.509
310.696
320.758
327.193
320.751
310.897
308.532
308.521
308.334
308.504
310.58
318.52
327.393
328.684
324.961
319.216
317.294
317.069
316.804
316.792
317.109
317.396
317.685
319.81
330.584
341.648
350.487
356.129
358.063
359.197
357.072
350.682
339.968
324.898
318.417
318.102
317.784
317.436
316.953
317.291
317.773
318.198
318.756
323.179
332.229
336.044
335.166
333.159
332.513
332.784
333.476
334.58
336.915
341.128
343.461
341.15
336.991
334.623
333.51
332.82
332.568
333.261
335.272
336.112
332.256
323.164
318.726
318.167
317.741
317.257
316.919
317.403
317.751
318.069
318.386
324.893
340.027
350.792
357.214
359.349
360.806
358.496
351.373
338.75
319.079
318.738
318.445
318.2
321.134
321.914
319.233
318.493
318.681
319.032
320.256
337.049
345.484
349.136
350.657
351.735
352.841
354.057
355.481
357.312
359.384
360.374
359.404
357.352
355.52
354.095
352.883
351.787
350.724
349.202
345.529
337.063
320.23
319.002
318.65
318.462
319.201
321.883
321.102
318.168
318.413
318.706
319.048
338.776
351.44
358.587
360.905
363.035
360.732
353.566
340.584
319.482
319.062
318.887
323.771
329.704
330.747
326.475
320.948
318.957
319.82
330.046
346.238
355.708
361.237
364.597
366.928
368.79
370.43
371.976
373.467
374.724
375.247
374.739
373.494
372.008
370.466
368.829
366.973
364.647
361.283
355.739
346.248
330.029
319.793
318.926
320.908
326.438
330.716
329.674
323.74
318.855
319.031
319.451
340.593
353.605
360.789
363.098
365.87
363.831
357.573
346.547
329.258
319.839
326.305
334.546
339.238
340.897
340.075
338.702
338.966
341.813
348.789
358.177
365.871
371.509
375.567
378.59
380.959
382.899
384.525
385.857
386.798
387.151
386.809
385.879
384.553
382.931
380.995
378.629
375.607
371.544
365.895
358.187
348.783
341.797
338.943
338.675
340.047
340.87
339.212
334.519
326.276
319.808
329.236
346.55
357.596
363.867
365.909
368.781
367.15
362.349
354.777
345.793
340.508
341.508
344.893
347.806
349.527
350.226
350.821
352.42
355.742
361.16
367.811
374.09
379.359
383.573
386.906
389.557
391.681
393.366
394.639
395.459
395.749
395.469
394.659
393.393
391.712
389.592
386.942
383.608
379.389
374.112
367.822
361.16
355.734
352.405
350.802
350.205
349.505
347.784
344.871
341.487
340.488
345.781
354.778
362.363
367.172
368.806
370.955
369.64
365.897
360.418
354.635
350.894
350.328
351.709
353.568
355.177
356.483
357.935
360.151
363.576
368.297
373.816
379.317
384.266
388.46
391.903
394.684
396.9
398.621
399.874
400.65
400.917
400.66
399.894
398.647
396.932
394.718
391.938
388.493
384.295
379.34
373.83
368.302
363.573
360.142
357.921
356.467
355.16
353.55
351.692
350.312
350.881
354.628
360.418
365.905
369.653
370.97
371.758
370.556
367.18
362.363
357.435
354.106
353.202
354.049
355.578
357.131
358.594
360.283
362.674
366.114
370.635
375.839
381.098
385.928
390.097
393.562
396.376
398.615
400.343
401.588
402.349
402.61
402.361
401.609
400.371
398.649
396.412
393.598
390.131
385.958
381.122
375.856
370.644
366.115
362.669
360.274
358.582
357.117
355.564
354.035
353.19
354.096
357.429
362.363
367.185
370.565
371.768
370.964
369.648
365.903
360.421
354.635
350.892
350.325
351.706
353.564
355.174
356.48
357.931
360.147
363.571
368.291
373.808
379.306
384.251
388.438
391.873
394.642
396.843
398.547
399.784
400.549
400.814
400.563
399.81
398.58
396.881
394.682
391.912
388.476
384.285
379.334
373.827
368.302
363.575
360.145
357.924
356.47
355.163
353.553
351.695
350.315
350.884
354.63
360.421
365.906
369.654
370.971
368.803
367.17
362.363
354.783
345.791
340.501
341.501
344.885
347.8
349.52
350.22
350.814
352.412
355.733
361.149
367.796
374.069
379.331
383.533
386.848
389.476
391.568
393.217
394.453
395.248
395.533
395.268
394.487
393.258
391.612
389.521
386.894
383.576
379.37
374.101
367.818
361.161
355.738
352.411
350.808
350.211
349.511
347.79
344.876
341.493
340.495
345.787
354.782
362.366
367.174
368.808
365.906
363.865
357.597
346.557
329.25
319.824
326.292
334.536
339.229
340.887
340.066
338.692
338.954
341.801
348.775
358.157
365.843
371.47
375.513
378.512
380.846
382.736
384.299
385.565
386.458
386.801
386.489
385.614
384.353
382.789
380.898
378.565
375.565
371.518
365.882
358.183
348.787
341.804
338.952
338.685
340.057
340.879
339.22
334.528
326.285
319.818
329.245
346.556
357.6
363.87
365.912
363.093
360.785
353.605
340.6
319.468
319.047
318.872
323.757
329.692
330.735
326.463
320.936
318.941
319.807
330.031
346.216
355.677
361.195
364.537
366.841
368.659
370.231
371.678
373.049
374.216
374.726
374.272
373.127
371.749
370.293
368.717
366.901
364.602
361.256
355.726
346.246
330.039
319.806
318.938
320.925
326.453
330.728
329.685
323.75
318.866
319.041
319.462
340.6
353.609
360.793
363.101
360.895
358.579
351.437
338.781
319.065
318.723
318.43
318.185
321.119
321.899
319.218
318.477
318.665
319.016
320.241
337.026
345.453
349.094
350.6
351.656
352.718
353.852
355.132
356.739
358.632
359.613
358.746
356.872
355.225
353.918
352.776
351.721
350.684
349.179
345.519
337.064
320.242
319.014
318.662
318.474
319.214
321.894
321.113
318.178
318.423
318.717
319.059
338.783
351.444
358.59
360.907
359.33
357.197
350.782
340.028
324.906
318.403
318.086
317.768
317.42
316.937
317.275
317.757
318.182
318.74
323.161
332.205
336.014
335.128
333.115
332.463
332.705
333.329
334.257
336.144
339.959
342.349
340.229
336.391
334.359
333.378
332.747
332.525
333.234
335.257
336.107
332.259
323.176
318.738
318.178
317.753
317.269
316.931
317.414
317.762
318.08
318.396
324.902
340.033
350.795
357.215
359.349
358.029
356.099
350.466
341.642
330.592
319.826
317.702
317.413
317.126
316.809
316.821
317.086
317.311
319.224
324.941
328.62
327.269
318.297
310.385
308.488
308.324
308.517
308.528
309.75
318.732
325.597
319.439
310.177
308.51
308.507
308.323
308.494
310.567
318.514
327.393
328.69
324.973
319.229
317.306
317.081
316.816
316.803
317.12
317.407
317.695
319.818
330.592
341.652
350.487
356.126
358.059
356.59
354.702
349.342
341.483
332.384
322.898
317.202
317.035
316.773
316.548
316.471
316.578
316.663
320.724
324.991
326.064
322.148
310.496
308.806
307.937
307.799
307.992
308.325
308.847
311.118
317.875
312.343
308.79
308.3
307.98
307.797
307.937
308.8
310.673
322.263
326.136
325.029
320.735
316.657
316.572
316.465
316.542
316.766
317.029
317.195
322.893
332.387
341.497
349.374
354.744
356.635
354.927
352.778
346.719
338.562
330.563
323.551
317.003
316.583
316.388
316.055
315.897
315.771
315.843
320.93
324.235
324.499
320.761
312.422
307.804
307.408
307.511
307.74
307.999
309.647
314.293
318.442
315.069
310.083
307.987
307.734
307.51
307.41
307.803
312.523
320.85
324.562
324.273
320.945
315.839
315.767
315.892
316.049
316.382
316.575
316.993
323.546
330.564
338.577
346.767
352.84
354.994
353.563
350.762
342.192
331.487
323.764
320.011
314.969
313.649
313.033
312.251
311.84
311.98
312.262
318.92
322.52
322.934
319.976
313.928
307.046
307.009
307.135
307.446
308.672
314.986
320.227
322.53
320.544
315.344
308.67
307.445
307.139
307.014
307.051
314.008
320.05
322.99
322.555
318.934
312.258
311.975
311.835
312.246
313.029
313.65
314.962
320.004
323.755
331.481
342.276
350.857
353.659
353.8
350.517
339.857
328.059
322.669
319.789
314.663
311.177
309.732
308.234
307.423
307.988
308.4
315.968
319.991
320.742
318.281
312.976
306.465
306.433
306.562
306.635
312.242
320.156
325.099
326.908
325.233
320.31
312.281
306.647
306.573
306.443
306.475
313.063
318.353
320.794
320.022
315.98
308.394
307.983
307.416
308.227
309.725
311.173
314.657
319.782
322.666
328.009
340.019
350.653
353.928
356.601
353.651
344.33
332.681
324.165
319.949
312.875
309.706
307.456
306.513
306.262
305.956
306.152
312.568
316.734
317.763
315.43
309.684
305.687
305.684
306.032
306.28
316.47
324.295
329.107
330.768
329.172
324.382
316.537
306.322
306.052
305.698
305.703
309.801
315.505
317.81
316.761
312.576
306.146
305.949
306.256
306.506
307.449
309.701
312.87
319.944
324.172
332.757
344.529
353.806
356.746
361.304
359.154
353.019
344.691
336.191
327.558
316.117
308.049
306.23
305.816
305.503
305.172
304.916
307.834
312.615
314.144
311.993
305.738
304.214
304.572
304.855
307.139
319.283
327.448
332.267
333.883
332.304
327.509
319.357
307.244
304.851
304.581
304.237
305.841
312.055
314.182
312.634
307.834
304.909
305.165
305.496
305.809
306.222
308.044
316.127
327.588
336.244
344.785
353.16
359.297
361.446
366.305
364.643
359.902
352.874
344.356
334.437
322.628
309.891
305.323
305.09
304.749
304.354
303.884
303.989
307.749
310.204
308.661
303.32
303.236
303.524
303.608
310.834
322.076
329.948
334.63
336.194
334.654
329.991
322.136
310.92
303.609
303.528
303.23
303.322
308.691
310.228
307.759
303.982
303.875
304.346
304.741
305.083
305.316
309.918
322.673
334.499
344.438
352.979
360.029
364.777
366.441
370.632
369.21
365.072
358.546
349.922
339.205
326.278
311.772
304.664
304.46
304.036
303.597
303.103
302.519
303.809
306.264
305.141
302.462
302.454
302.669
302.727
314.151
324.237
331.638
336.11
337.608
336.126
331.667
324.276
314.194
302.739
302.678
302.454
302.463
305.173
306.278
303.809
302.51
303.094
303.589
304.028
304.452
304.656
311.813
326.352
339.299
350.029
358.664
365.199
369.342
370.765
373.8
372.494
368.63
362.317
353.582
342.182
327.509
312.207
305.198
303.711
303.326
302.885
302.398
301.876
301.363
302.134
301.677
300.994
301.437
301.84
302.007
315.048
325.084
332.257
336.564
338.003
336.574
332.275
325.107
315.069
302.012
301.833
301.434
301.003
301.69
302.138
301.354
301.867
302.389
302.876
303.316
303.699
305.174
312.19
327.623
342.317
353.716
362.449
368.762
372.627
373.933
375.581
374.338
370.634
364.512
355.906
344.432
328.961
315.897
307.852
302.955
302.658
302.208
301.717
301.211
300.695
300.142
299.612
300.048
300.449
300.82
301.979
314.952
324.794
331.741
335.886
337.266
335.892
331.752
324.808
314.965
301.988
300.796
300.434
300.031
299.589
300.134
300.687
301.202
301.708
302.199
302.649
302.947
307.796
315.697
329.232
344.629
356.067
364.656
370.771
374.471
375.714
375.849
374.641
371.058
365.19
357.098
346.678
333.532
321.969
313.712
305.928
302.045
301.558
301.038
300.542
300.075
299.648
299.343
299.372
299.478
299.556
301.69
313.987
323.4
330.027
333.972
335.285
333.976
330.033
323.408
313.995
301.7
299.54
299.464
299.357
299.327
299.637
300.065
300.534
301.029
301.55
302.038
305.875
313.621
321.987
333.881
346.9
357.268
365.338
371.194
374.773
375.98
374.533
373.32
369.765
364.093
356.616
347.654
337.681
328.156
319.619
310.951
301.812
300.931
300.321
299.835
299.4
299.025
298.746
298.605
298.523
298.447
300.013
311.905
320.794
326.994
330.69
331.925
330.692
326.998
320.797
311.907
300.011
298.437
298.512
298.594
298.734
299.015
299.391
299.826
300.313
300.922
301.797
310.921
319.61
328.219
337.854
347.822
356.767
364.232
369.896
373.447
374.658
371.641
370.342
366.589
360.802
353.619
345.639
337.382
329.357
321.655
313.749
304.812
299.609
299.47
299.061
298.655
298.294
297.998
297.769
297.548
297.211
297.625
308.826
316.875
322.467
325.869
327.034
325.87
322.468
316.875
308.824
297.62
297.206
297.54
297.76
297.989
298.286
298.647
299.054
299.463
299.603
304.804
313.75
321.679
329.423
337.496
345.768
353.747
360.926
366.71
370.462
371.76
367.347
365.819
361.445
354.907
347.42
339.902
332.85
326.235
319.897
313.578
307.006
300.355
298.877
298.273
297.853
297.486
297.172
296.911
296.677
296.453
296.505
304.901
311.413
316.129
319.287
320.47
319.287
316.128
311.411
304.897
296.498
296.444
296.67
296.904
297.165
297.479
297.846
298.266
298.87
300.351
307.01
313.594
319.933
326.298
332.939
340.005
347.528
355.017
361.555
365.93
367.457
362.108
360.143
354.465
345.963
337.25
329.7
323.881
318.835
314.12
309.659
305.283
300.686
297.343
297.288
296.984
296.611
296.282
296.013
295.785
295.604
295.602
299.019
303.746
307.348
310.68
312.273
310.68
307.347
303.745
299.015
295.597
295.599
295.78
296.007
296.277
296.606
296.979
297.282
297.337
300.687
305.295
309.685
314.162
318.896
323.957
329.786
337.341
346.059
354.565
360.245
362.21
356.799
354.18
346.309
333.23
321.916
313.767
310.14
307.103
304.088
301.655
299.781
298.019
296.557
296.54
296.173
295.681
295.321
295.06
294.834
294.565
294.056
293.303
293.205
294.837
299.812
303.261
299.811
294.836
293.205
293.303
294.054
294.562
294.831
295.056
295.317
295.677
296.169
296.535
296.553
298.024
299.8
301.687
304.135
307.166
310.209
313.839
321.993
333.313
346.4
354.274
356.894
352.726
349.469
339.363
321.344
313.996
310.524
308.743
304.62
301.957
300.516
299.118
297.697
296.506
296.128
295.476
294.605
294.249
294.059
293.914
293.752
293.517
293.246
293.15
293.137
294.233
297.149
294.233
293.136
293.15
293.245
293.516
293.751
293.913
294.057
294.247
294.602
295.473
296.125
296.502
297.703
299.137
300.549
302.004
304.686
308.811
310.593
314.067
321.419
339.447
349.558
352.816
351.167
347.609
336.328
314.978
313.351
310.611
307.982
303.719
301.855
300.467
299.106
297.746
296.66
295.979
294.986
293
293
293
293
293
293
293
293
293
293
293
293
293
293
293
293
293
293
293
293
293
294.983
295.975
296.657
297.752
299.125
300.499
301.902
303.785
308.05
310.681
313.422
315.049
336.409
347.695
351.256
