309.537
308.983
307.367
304.835
301.621
301.435
301.274
301.114
300.93
300.685
300.389
300.097
299.813
299.54
299.276
299.019
298.763
298.505
298.239
297.963
297.677
297.382
297.078
296.767
296.456
296.164
295.87
295.514
295.033
294.314
293
293
293
293
293
293
293
293
293
293
293
293
293
293
293
293
293
293
293
293
293
293
293
293
293
293
293
293
293
293
293
293
293
293
293
293
293
293
293
293
293
294.314
295.033
295.514
295.87
296.164
296.456
296.767
297.078
297.382
297.677
297.963
298.239
298.505
298.763
299.019
299.276
299.54
299.813
300.097
300.389
300.685
300.93
301.114
301.274
301.435
301.621
304.835
307.367
308.983
309.537
309.591
309.014
307.326
304.684
301.708
301.553
301.348
301.159
300.96
300.708
300.385
300.091
299.806
299.534
299.272
299.016
298.762
298.507
298.243
297.967
297.681
297.385
297.079
296.766
296.446
296.163
295.901
295.574
295.151
294.609
293.983
293.729
293.605
293.534
293.489
293.456
293.431
293.411
293.393
293.375
293.356
293.333
293.3
293.251
293.173
293.084
293.061
293.104
293.737
293.328
293.055
293.328
293.737
293.104
293.061
293.084
293.173
293.251
293.3
293.333
293.356
293.375
293.393
293.411
293.431
293.456
293.489
293.534
293.605
293.729
293.983
294.609
295.151
295.574
295.901
296.163
296.446
296.766
297.079
297.385
297.681
297.967
298.243
298.507
298.762
299.016
299.272
299.534
299.806
300.091
300.385
300.708
300.96
301.159
301.348
301.553
301.708
304.684
307.326
309.014
309.591
309.799
309.157
307.238
304.106
302.005
301.85
301.596
301.34
301.026
300.768
300.455
300.144
299.846
299.565
299.295
299.035
298.778
298.52
298.255
297.978
297.691
297.393
297.086
296.769
296.394
296.138
295.992
295.728
295.385
294.987
294.59
294.325
294.154
294.041
293.961
293.902
293.855
293.817
293.782
293.749
293.713
293.671
293.615
293.529
293.354
293.099
293.132
294.565
295.899
295.364
294.362
295.364
295.899
294.565
293.132
293.099
293.354
293.529
293.615
293.671
293.713
293.749
293.782
293.817
293.855
293.902
293.961
294.041
294.154
294.325
294.59
294.987
295.385
295.728
295.992
296.138
296.394
296.769
297.086
297.393
297.691
297.978
298.255
298.52
298.778
299.035
299.295
299.565
299.846
300.144
300.455
300.768
301.026
301.34
301.596
301.85
302.005
304.106
307.238
309.157
309.799
310.29
309.576
307.367
303.496
302.452
302.185
301.921
302.007
302.974
303.884
304.098
304.002
303.756
303.426
303.04
302.612
302.15
301.653
301.115
300.522
299.862
299.121
298.278
297.262
296.437
296.388
296.199
295.957
295.67
295.36
295.062
294.822
294.643
294.51
294.41
294.332
294.269
294.215
294.168
294.122
294.074
294.019
293.956
293.891
293.894
295.047
296.541
297.95
298.981
299.214
299.087
299.214
298.981
297.95
296.541
295.047
293.894
293.891
293.956
294.019
294.074
294.122
294.168
294.215
294.269
294.332
294.41
294.51
294.643
294.822
295.062
295.36
295.67
295.957
296.199
296.388
296.437
297.262
298.278
299.121
299.862
300.522
301.115
301.653
302.15
302.612
303.04
303.426
303.756
304.002
304.098
303.884
302.974
302.007
301.921
302.185
302.452
303.496
307.367
309.576
310.29
311.209
310.491
308.218
304.037
302.973
302.504
303.071
304.494
305.956
306.762
307.06
307.03
306.789
306.404
305.912
305.334
304.679
303.949
303.138
302.232
301.214
300.067
298.782
297.417
296.818
296.656
296.455
296.227
295.976
295.718
295.471
295.258
295.083
294.944
294.833
294.743
294.669
294.605
294.548
294.493
294.437
294.374
294.297
294.183
294.215
296.833
299.034
300.712
301.861
302.425
302.558
302.425
301.861
300.712
299.034
296.833
294.215
294.183
294.297
294.374
294.437
294.493
294.548
294.605
294.669
294.743
294.833
294.944
295.083
295.258
295.471
295.718
295.976
296.227
296.455
296.656
296.818
297.417
298.782
300.067
301.214
302.232
303.138
303.949
304.679
305.334
305.912
306.404
306.789
307.03
307.06
306.762
305.956
304.494
303.071
302.504
302.973
304.037
308.218
310.491
311.209
312.565
311.962
310.094
306.773
304.669
305.253
306.584
307.708
308.605
309.15
309.349
309.268
308.966
308.489
307.871
307.131
306.282
305.326
304.256
303.054
301.694
300.15
298.405
297.285
297.16
296.947
296.736
296.516
296.288
296.061
295.845
295.651
295.485
295.346
295.231
295.136
295.056
294.986
294.923
294.863
294.804
294.741
294.67
294.576
294.783
298.376
301.051
303.002
304.326
305.066
305.295
305.066
304.326
303.002
301.051
298.376
294.783
294.576
294.67
294.741
294.804
294.863
294.923
294.986
295.056
295.136
295.231
295.346
295.485
295.651
295.845
296.061
296.288
296.516
296.736
296.947
297.16
297.285
298.405
300.15
301.694
303.054
304.256
305.326
306.282
307.131
307.871
308.489
308.966
309.268
309.349
309.15
308.605
307.708
306.584
305.253
304.669
306.773
310.094
311.962
312.565
314.126
313.697
312.467
310.712
309.444
309.245
309.633
310.15
310.608
310.881
310.921
310.726
310.316
309.716
308.951
308.038
306.993
305.818
304.507
303.032
301.359
299.437
297.912
297.696
297.455
297.234
297.021
296.809
296.597
296.389
296.192
296.013
295.856
295.721
295.607
295.511
295.429
295.357
295.292
295.23
295.171
295.113
295.063
295.044
295.993
299.882
302.791
304.92
306.376
307.217
307.49
307.217
306.376
304.92
302.791
299.882
295.993
295.044
295.063
295.113
295.171
295.23
295.292
295.357
295.429
295.511
295.607
295.721
295.856
296.013
296.192
296.389
296.597
296.809
297.021
297.234
297.455
297.696
297.912
299.437
301.359
303.032
304.507
305.818
306.993
308.038
308.951
309.716
310.316
310.726
310.921
310.881
310.608
310.15
309.633
309.245
309.444
310.712
312.467
313.697
314.126
315.547
315.232
314.363
313.192
312.188
311.665
311.552
311.652
311.794
311.846
311.727
311.4
310.857
310.11
309.177
308.079
306.833
305.445
303.921
302.21
300.274
298.707
298.191
297.953
297.726
297.511
297.303
297.099
296.898
296.704
296.52
296.351
296.201
296.072
295.962
295.869
295.789
295.718
295.654
295.593
295.532
295.473
295.424
295.435
297.603
301.372
304.311
306.512
308.039
308.937
309.232
308.937
308.039
306.512
304.311
301.372
297.603
295.435
295.424
295.473
295.532
295.593
295.654
295.718
295.789
295.869
295.962
296.072
296.201
296.351
296.52
296.704
296.898
297.099
297.303
297.511
297.726
297.953
298.191
298.707
300.274
302.21
303.921
305.445
306.833
308.079
309.177
310.11
310.857
311.4
311.727
311.846
311.794
311.652
311.552
311.665
312.188
313.192
314.363
315.232
315.547
316.597
316.323
315.562
314.505
313.451
312.675
312.259
312.112
312.07
311.981
311.741
311.289
310.603
309.689
308.568
307.266
305.815
304.209
302.521
300.616
299.203
298.652
298.419
298.196
297.983
297.778
297.578
297.382
297.19
297.005
296.829
296.667
296.523
296.4
296.297
296.211
296.136
296.07
296.01
295.951
295.89
295.819
295.722
295.754
299.132
302.691
305.57
307.777
309.333
310.258
310.565
310.258
309.333
307.777
305.57
302.691
299.132
295.754
295.722
295.819
295.89
295.951
296.01
296.07
296.136
296.211
296.297
296.4
296.523
296.667
296.829
297.005
297.19
297.382
297.578
297.778
297.983
298.196
298.419
298.652
299.203
300.616
302.521
304.209
305.815
307.266
308.568
309.689
310.603
311.289
311.741
311.981
312.07
312.112
312.259
312.675
313.451
314.505
315.562
316.323
316.597
317.194
316.899
316.058
314.815
313.437
312.325
311.697
311.467
311.393
311.269
310.966
310.411
309.577
308.473
307.142
305.603
303.953
302.056
300.483
299.633
299.129
298.871
298.635
298.425
298.228
298.036
297.847
297.659
297.473
297.292
297.12
296.961
296.821
296.705
296.613
296.537
296.472
296.414
296.36
296.308
296.254
296.189
296.091
296.237
300.243
303.689
306.503
308.692
310.258
311.198
311.512
311.198
310.258
308.692
306.503
303.689
300.243
296.237
296.091
296.189
296.254
296.308
296.36
296.414
296.472
296.537
296.613
296.705
296.821
296.961
297.12
297.292
297.473
297.659
297.847
298.036
298.228
298.425
298.635
298.871
299.129
299.633
300.483
302.056
303.953
305.603
307.142
308.473
309.577
310.411
310.966
311.269
311.393
311.467
311.697
312.325
313.437
314.815
316.058
316.899
317.194
317.382
317.021
315.957
314.259
312.157
310.49
309.737
309.664
309.768
309.736
309.443
308.812
307.823
306.485
304.924
303.05
301.415
300.494
299.992
299.671
299.342
299.063
298.823
298.638
298.464
298.289
298.11
297.929
297.748
297.569
297.396
297.234
297.093
296.984
296.908
296.849
296.798
296.751
296.707
296.665
296.625
296.588
296.556
297.078
301.011
304.319
307.06
309.231
310.808
311.765
312.086
311.765
310.808
309.231
307.06
304.319
301.011
297.078
296.556
296.588
296.625
296.665
296.707
296.751
296.798
296.849
296.908
296.984
297.093
297.234
297.396
297.569
297.748
297.929
298.11
298.289
298.464
298.638
298.823
299.063
299.342
299.671
299.992
300.494
301.415
303.05
304.924
306.485
307.823
308.812
309.443
309.736
309.768
309.664
309.737
310.49
312.157
314.259
315.957
317.021
317.382
317.292
316.848
315.488
313.107
309.466
306.802
306.13
306.687
307.277
307.465
307.259
306.57
305.417
303.719
302.132
301.314
300.841
300.484
300.152
299.833
299.501
299.213
298.953
298.838
298.699
298.542
298.373
298.198
298.018
297.836
297.656
297.483
297.328
297.226
297.184
297.151
297.117
297.082
297.047
297.016
296.991
296.979
296.986
297.9
301.411
304.515
307.187
309.364
310.976
311.968
312.303
311.968
310.976
309.364
307.187
304.515
301.411
297.9
296.986
296.979
296.991
297.016
297.047
297.082
297.117
297.151
297.184
297.226
297.328
297.483
297.656
297.836
298.018
298.198
298.373
298.542
298.699
298.838
298.953
299.213
299.501
299.833
300.152
300.484
300.841
301.314
302.132
303.719
305.417
306.57
307.259
307.465
307.277
306.687
306.13
306.802
309.466
313.107
315.488
316.848
317.292
317.089
316.59
315.039
312.232
307.629
305.61
304.968
304.51
304.371
304.588
304.557
303.793
302.71
302.115
301.651
301.302
300.974
300.647
300.296
300.006
299.612
299.235
299.098
299.062
298.949
298.804
298.641
298.467
298.286
298.098
297.907
297.712
297.508
297.405
297.447
297.45
297.434
297.409
297.381
297.356
297.342
297.348
297.373
298.209
301.219
304.145
306.81
309.061
310.766
311.828
312.189
311.828
310.766
309.061
306.81
304.145
301.219
298.209
297.373
297.348
297.342
297.356
297.381
297.409
297.434
297.45
297.447
297.405
297.508
297.712
297.907
298.098
298.286
298.467
298.641
298.804
298.949
299.062
299.098
299.235
299.612
300.006
300.296
300.647
300.974
301.302
301.651
302.115
302.71
303.793
304.557
304.588
304.371
304.51
304.968
305.61
307.629
312.232
315.039
316.59
317.089
316.886
316.383
314.846
312.176
308.181
305.21
304.669
304.321
303.967
303.546
303.205
302.912
302.457
302.113
301.793
301.448
301.103
300.831
300.375
300.034
299.704
299.454
299.474
299.359
299.228
299.079
298.916
298.741
298.556
298.362
298.158
297.953
297.622
297.681
297.748
297.765
297.757
297.737
297.71
297.683
297.67
297.695
297.811
298.196
300.119
303.034
305.846
308.304
310.199
311.39
311.796
311.39
310.199
308.304
305.846
303.034
300.119
298.196
297.811
297.695
297.67
297.683
297.71
297.737
297.757
297.765
297.748
297.681
297.622
297.953
298.158
298.362
298.556
298.741
298.916
299.079
299.228
299.359
299.474
299.454
299.704
300.034
300.375
300.831
301.103
301.448
301.793
302.113
302.457
302.912
303.205
303.546
303.967
304.321
304.669
305.21
308.181
312.176
314.846
316.383
316.886
316.687
316.211
314.787
312.452
309.335
306.048
304.346
304.087
303.768
303.444
303.177
302.924
302.601
302.243
301.956
301.589
301.132
300.899
300.973
300.94
300.372
299.825
299.805
299.668
299.523
299.366
299.199
299.022
298.834
298.632
298.406
298.249
297.943
298.072
298.094
298.1
298.09
298.068
298.034
297.994
297.955
297.948
298.073
298.307
298.929
301.036
304.237
307.108
309.338
310.738
311.214
310.738
309.338
307.108
304.237
301.036
298.929
298.307
298.073
297.948
297.955
297.994
298.034
298.068
298.09
298.1
298.094
298.072
297.943
298.249
298.406
298.632
298.834
299.022
299.199
299.366
299.523
299.668
299.805
299.825
300.372
300.94
300.973
300.899
301.132
301.589
301.956
302.243
302.601
302.924
303.177
303.444
303.768
304.087
304.346
306.048
309.335
312.452
314.787
316.211
316.687
316.442
315.984
314.64
312.511
309.799
306.855
304.22
303.905
303.667
303.449
303.259
303.032
302.777
302.298
301.993
301.974
302.423
302.642
302.364
301.687
300.583
300.277
300.133
299.982
299.825
299.661
299.49
299.31
299.123
298.921
298.842
299.014
298.773
298.456
298.454
298.449
298.433
298.406
298.363
298.3
298.207
298.113
298.269
298.511
298.763
299.445
301.981
305.552
308.306
310.009
310.583
310.009
308.306
305.552
301.981
299.445
298.763
298.511
298.269
298.113
298.207
298.3
298.363
298.406
298.433
298.449
298.454
298.456
298.773
299.014
298.842
298.921
299.123
299.31
299.49
299.661
299.825
299.982
300.133
300.277
300.583
301.687
302.364
302.642
302.423
301.974
301.993
302.298
302.777
303.032
303.259
303.449
303.667
303.905
304.22
306.855
309.799
312.511
314.64
315.984
316.442
316.113
315.644
314.28
312.151
309.494
306.605
304.311
303.994
303.778
303.567
303.375
303.132
302.959
303.45
304.117
304.419
304.388
303.992
303.156
301.867
300.682
300.644
300.464
300.298
300.131
299.961
299.785
299.604
299.422
299.293
299.68
300.024
299.479
298.821
298.815
298.804
298.785
298.756
298.709
298.634
298.496
298.38
298.372
298.734
298.975
299.272
300.254
303.826
307.324
309.41
310.101
309.41
307.324
303.826
300.254
299.272
298.975
298.734
298.372
298.38
298.496
298.634
298.709
298.756
298.785
298.804
298.815
298.821
299.479
300.024
299.68
299.293
299.422
299.604
299.785
299.961
300.131
300.298
300.464
300.644
300.682
301.867
303.156
303.992
304.388
304.419
304.117
303.45
302.959
303.132
303.375
303.567
303.778
303.994
304.311
306.605
309.494
312.151
314.28
315.644
316.113
315.721
315.201
313.682
311.319
308.422
305.641
304.511
304.224
303.98
303.736
303.523
304.184
305.208
305.986
306.316
306.222
305.717
304.783
303.4
301.633
301.098
300.949
300.78
300.61
300.438
300.263
300.083
299.896
299.705
299.996
300.851
300.944
300.085
299.185
299.176
299.164
299.146
299.119
299.082
299.026
298.939
299.032
299.453
299.306
299.177
299.529
299.908
302.409
306.753
309.208
309.999
309.208
306.753
302.409
299.908
299.529
299.177
299.306
299.453
299.032
298.939
299.026
299.082
299.119
299.146
299.164
299.176
299.185
300.085
300.944
300.851
299.996
299.705
299.896
300.083
300.263
300.438
300.61
300.78
300.949
301.098
301.633
303.4
304.783
305.717
306.222
306.316
305.986
305.208
304.184
303.523
303.736
303.98
304.224
304.511
305.641
308.422
311.319
313.682
315.201
315.721
315.37
314.755
312.93
310.021
306.724
304.99
304.721
304.455
304.208
304.043
305.092
306.616
307.536
307.973
307.938
307.438
306.473
305.025
303.052
301.506
301.456
301.271
301.095
300.92
300.745
300.568
300.386
300.187
300.207
301.183
302.011
301.817
300.639
299.548
299.538
299.526
299.511
299.492
299.469
299.446
299.438
299.805
300.818
300.863
300.218
299.902
300.593
302.312
307.104
309.669
310.479
309.669
307.104
302.312
300.593
299.902
300.218
300.863
300.818
299.805
299.438
299.446
299.469
299.492
299.511
299.526
299.538
299.548
300.639
301.817
302.011
301.183
300.207
300.187
300.386
300.568
300.745
300.92
301.095
301.271
301.456
301.506
303.052
305.025
306.473
307.438
307.938
307.973
307.536
306.616
305.092
304.043
304.208
304.455
304.721
304.99
306.724
310.021
312.93
314.755
315.37
315.25
314.518
312.264
308.335
305.628
305.235
304.949
304.691
304.696
305.917
307.635
308.765
309.348
309.431
309.024
308.121
306.711
304.791
302.49
301.928
301.76
301.583
301.406
301.228
301.051
300.874
300.702
300.607
301.404
302.746
303.195
302.674
301.171
299.91
299.9
299.888
299.877
299.864
299.853
299.848
299.856
300.593
302.148
302.863
302.779
302.178
302.267
304.943
308.743
310.886
311.578
310.886
308.743
304.943
302.267
302.178
302.779
302.863
302.148
300.593
299.856
299.848
299.853
299.864
299.877
299.888
299.9
299.91
301.171
302.674
303.195
302.746
301.404
300.607
300.702
300.874
301.051
301.228
301.406
301.583
301.76
301.928
302.49
304.791
306.711
308.121
309.024
309.431
309.348
308.765
307.635
305.917
304.696
304.691
304.949
305.235
305.628
308.335
312.264
314.518
315.25
315.593
314.804
312.286
307.476
305.942
305.488
305.165
305.902
307.262
308.701
309.798
310.461
310.659
310.381
309.606
308.309
306.461
304.003
302.306
302.251
302.071
301.891
301.713
301.534
301.354
301.171
300.986
301.404
303.124
304.214
304.348
303.513
301.695
300.27
300.259
300.248
300.24
300.233
300.23
300.232
300.243
301.277
303.32
304.663
305.481
306.085
307.049
308.9
311.076
312.553
313.063
312.553
311.076
308.9
307.049
306.085
305.481
304.663
303.32
301.277
300.243
300.232
300.23
300.233
300.24
300.248
300.259
300.27
301.695
303.513
304.348
304.214
303.124
301.404
300.986
301.171
301.354
301.534
301.713
301.891
302.071
302.251
302.306
304.003
306.461
308.309
309.606
310.381
310.659
310.461
309.798
308.701
307.262
305.902
305.165
305.488
305.942
307.476
312.286
314.804
315.593
316.514
315.818
313.642
309.68
306.864
306.412
307.495
308.929
309.989
310.829
311.396
311.62
311.447
310.828
309.71
308.049
305.819
303.224
302.754
302.562
302.378
302.196
302.016
301.837
301.657
301.466
301.492
302.984
304.826
305.638
305.472
304.333
302.214
300.626
300.613
300.604
300.597
300.595
300.598
300.606
300.618
301.823
304.193
305.987
307.397
308.645
309.99
311.563
313.107
314.186
314.569
314.186
313.107
311.563
309.99
308.645
307.397
305.987
304.193
301.823
300.618
300.606
300.598
300.595
300.597
300.604
300.613
300.626
302.214
304.333
305.472
305.638
304.826
302.984
301.492
301.466
301.657
301.837
302.016
302.196
302.378
302.562
302.754
303.224
305.819
308.049
309.71
310.828
311.447
311.62
311.396
310.829
309.989
308.929
307.495
306.412
306.864
309.68
313.642
315.818
316.514
317.827
317.313
315.82
313.605
311.768
311
311.09
311.521
311.935
312.232
312.335
312.176
311.682
310.772
309.358
307.359
304.717
303.104
303.038
302.861
302.679
302.497
302.317
302.138
301.967
301.867
302.923
305.138
306.559
307.042
306.568
305.132
302.725
300.975
300.962
300.953
300.948
300.949
300.957
300.971
300.985
302.146
304.64
306.697
308.474
310.11
311.704
313.255
314.603
315.516
315.839
315.516
314.603
313.255
311.704
310.11
308.474
306.697
304.64
302.146
300.985
300.971
300.957
300.949
300.948
300.953
300.962
300.975
302.725
305.132
306.568
307.042
306.559
305.138
302.923
301.867
301.967
302.138
302.317
302.497
302.679
302.861
303.038
303.104
304.717
307.359
309.358
310.772
311.682
312.176
312.335
312.232
311.935
311.521
311.09
311
311.768
313.605
315.82
317.313
317.827
319.167
318.787
317.721
316.226
314.811
313.845
313.346
313.13
312.998
312.828
312.538
312.067
311.333
310.221
308.591
306.312
303.855
303.577
303.356
303.163
302.977
302.794
302.611
302.428
302.247
302.73
305.078
307.125
308.232
308.401
307.626
305.902
303.221
301.317
301.303
301.294
301.29
301.293
301.308
301.335
301.365
302.156
304.525
306.687
308.693
310.615
312.461
314.151
315.532
316.438
316.754
316.438
315.532
314.151
312.461
310.615
308.693
306.687
304.525
302.156
301.365
301.335
301.308
301.293
301.29
301.294
301.303
301.317
303.221
305.902
307.626
308.401
308.232
307.125
305.078
302.73
302.247
302.428
302.611
302.794
302.977
303.163
303.356
303.577
303.855
306.312
308.591
310.221
311.333
312.067
312.538
312.828
312.998
313.13
313.346
313.845
314.811
316.226
317.721
318.787
319.167
320.268
319.947
319.049
317.768
316.405
315.221
314.321
313.655
313.101
312.543
311.924
311.219
310.363
309.187
307.473
305.137
303.946
303.826
303.643
303.455
303.27
303.086
302.904
302.713
302.752
304.646
307.33
309.052
309.842
309.704
308.635
306.629
303.683
301.652
301.637
301.626
301.621
301.624
301.642
301.692
301.822
302.154
303.621
305.833
307.995
310.195
312.374
314.356
315.936
316.951
317.3
316.951
315.936
314.356
312.374
310.195
307.995
305.833
303.621
302.154
301.822
301.692
301.642
301.624
301.621
301.626
301.637
301.652
303.683
306.629
308.635
309.704
309.842
309.052
307.33
304.646
302.752
302.713
302.904
303.086
303.27
303.455
303.643
303.826
303.946
305.137
307.473
309.187
310.363
311.219
311.924
312.543
313.101
313.655
314.321
315.221
316.405
317.768
319.049
319.947
320.268
321.009
320.684
319.761
318.392
316.819
315.313
314.062
313.069
312.205
311.32
310.395
309.521
308.712
307.692
306.021
304.456
304.334
304.125
303.931
303.742
303.556
303.375
303.203
303.112
304.331
307.293
309.544
310.912
311.379
310.937
309.58
307.298
304.086
301.979
301.963
301.951
301.942
301.937
301.94
301.967
302.089
302.295
302.726
304.079
306.258
308.797
311.484
313.963
315.906
317.129
317.545
317.129
315.906
313.963
311.484
308.797
306.258
304.079
302.726
302.295
302.089
301.967
301.94
301.937
301.942
301.951
301.963
301.979
304.086
307.298
309.58
310.937
311.379
310.912
309.544
307.293
304.331
303.112
303.203
303.375
303.556
303.742
303.931
304.125
304.334
304.456
306.021
307.692
308.712
309.521
310.395
311.32
312.205
313.069
314.062
315.313
316.819
318.392
319.761
320.684
321.009
321.4
321.02
319.919
318.221
316.166
314.15
312.546
311.354
310.332
309.136
307.816
306.759
306.272
305.863
305.251
304.823
304.608
304.406
304.212
304.023
303.835
303.652
303.498
304.159
306.869
309.721
311.641
312.674
312.825
312.087
310.449
307.896
304.411
302.299
302.282
302.268
302.255
302.239
302.211
302.148
302.24
302.46
302.73
303.083
304.005
306.263
309.802
313.108
315.595
317.113
317.621
317.113
315.595
313.108
309.802
306.263
304.005
303.083
302.73
302.46
302.24
302.148
302.211
302.239
302.255
302.268
302.282
302.299
304.411
307.896
310.449
312.087
312.825
312.674
311.641
309.721
306.869
304.159
303.498
303.652
303.835
304.023
304.212
304.406
304.608
304.823
305.251
305.863
306.272
306.759
307.816
309.136
310.332
311.354
312.546
314.15
316.166
318.221
319.919
321.02
321.4
321.55
321.077
319.675
317.406
314.474
311.577
309.616
308.472
307.668
307.003
306.615
306.312
306.028
305.711
305.312
305.072
304.866
304.674
304.486
304.298
304.105
303.902
304.183
306.523
309.702
312.083
313.623
314.318
314.159
313.136
311.233
308.425
304.677
302.614
302.596
302.582
302.567
302.549
302.515
302.44
302.301
302.597
302.867
303.156
303.487
304.313
307.468
312.07
315.253
317.107
317.715
317.107
315.253
312.07
307.468
304.313
303.487
303.156
302.867
302.597
302.301
302.44
302.515
302.549
302.567
302.582
302.596
302.614
304.677
308.425
311.233
313.136
314.159
314.318
313.623
312.083
309.702
306.523
304.183
303.902
304.105
304.298
304.486
304.674
304.866
305.072
305.312
305.711
306.028
306.312
306.615
307.003
307.668
308.472
309.616
311.577
314.474
317.406
319.675
321.077
321.55
321.645
321.065
319.296
316.255
311.881
309.03
308.084
307.644
307.283
306.887
306.602
306.3
306.001
305.724
305.471
305.282
305.108
304.934
304.758
304.577
304.381
304.403
306.401
309.673
312.34
314.285
315.452
315.815
315.358
314.066
311.922
308.895
304.935
302.923
302.903
302.893
302.882
302.87
302.859
302.855
303.029
303.12
302.962
303.32
303.658
304.072
305.767
311.465
315.24
317.347
318.026
317.347
315.24
311.465
305.767
304.072
303.658
303.32
302.962
303.12
303.029
302.855
302.859
302.87
302.882
302.893
302.903
302.923
304.935
308.895
311.922
314.066
315.358
315.815
315.452
314.285
312.34
309.673
306.401
304.403
304.381
304.577
304.758
304.934
305.108
305.282
305.471
305.724
306.001
306.3
306.602
306.887
307.283
307.644
308.084
309.03
311.881
316.255
319.296
321.065
321.645
321.901
321.241
319.189
315.484
310
308.426
307.983
307.614
307.309
306.953
306.647
306.333
306.017
305.755
305.564
305.475
305.345
305.194
305.032
304.866
304.779
306.167
309.537
312.437
314.702
316.266
317.085
317.132
316.391
314.849
312.492
309.299
305.223
303.233
303.212
303.202
303.193
303.189
303.19
303.196
304.061
304.541
304.259
303.741
303.914
304.639
306.273
312.067
315.896
318.014
318.695
318.014
315.896
312.067
306.273
304.639
303.914
303.741
304.259
304.541
304.061
303.196
303.19
303.189
303.193
303.202
303.212
303.233
305.223
309.299
312.492
314.849
316.391
317.132
317.085
316.266
314.702
312.437
309.537
306.167
304.779
304.866
305.032
305.194
305.345
305.475
305.564
305.755
306.017
306.333
306.647
306.953
307.309
307.614
307.983
308.426
310
315.484
319.189
321.241
321.901
322.476
321.81
319.734
315.966
310.418
308.783
308.12
307.66
307.335
307.005
306.703
306.376
306.04
305.774
305.735
305.704
305.6
305.463
305.308
305.171
305.871
308.896
312.223
314.835
316.765
317.992
318.489
318.237
317.224
315.445
312.9
309.588
305.506
303.545
303.524
303.506
303.495
303.5
303.514
303.523
304.704
305.792
306.345
306.409
306.165
306.449
309.369
314.047
317.262
319.119
319.727
319.119
317.262
314.047
309.369
306.449
306.165
306.409
306.345
305.792
304.704
303.523
303.514
303.5
303.495
303.506
303.524
303.545
305.506
309.588
312.9
315.445
317.224
318.237
318.489
317.992
316.765
314.835
312.223
308.896
305.871
305.171
305.308
305.463
305.6
305.704
305.735
305.774
306.04
306.376
306.703
307.005
307.335
307.66
308.12
308.783
310.418
315.966
319.734
321.81
322.476
323.383
322.788
320.97
317.816
313.221
310.141
308.889
308.307
307.84
307.485
307.336
307.16
306.66
306.121
306.113
306.005
305.886
305.746
305.564
305.683
308.13
311.678
314.624
316.916
318.532
319.448
319.643
319.104
317.824
315.809
313.074
309.648
305.566
303.866
303.845
303.801
303.779
303.798
303.84
303.865
304.831
306.58
307.921
308.976
309.962
311.337
313.687
316.613
318.987
320.472
320.973
320.472
318.987
316.613
313.687
311.337
309.962
308.976
307.921
306.58
304.831
303.865
303.84
303.798
303.779
303.801
303.845
303.866
305.566
309.648
313.074
315.809
317.824
319.104
319.643
319.448
318.532
316.916
314.624
311.678
308.13
305.683
305.564
305.746
305.886
306.005
306.113
306.121
306.66
307.16
307.336
307.485
307.84
308.307
308.889
310.141
313.221
317.816
320.97
322.788
323.383
324.478
323.99
322.544
320.22
317.323
314.869
313.196
311.989
310.982
310.087
309.262
308.379
307.285
306.457
306.434
306.313
306.191
306.067
306.024
307.465
310.928
314.07
316.68
318.672
319.998
320.625
320.532
319.71
318.158
315.891
312.941
309.363
305.218
304.197
304.148
304.071
304.018
304.071
304.181
304.347
304.654
306.775
308.784
310.611
312.378
314.282
316.47
318.73
320.602
321.809
322.223
321.809
320.602
318.73
316.47
314.282
312.378
310.611
308.784
306.775
304.654
304.347
304.181
304.071
304.018
304.071
304.148
304.197
305.218
309.363
312.941
315.891
318.158
319.71
320.532
320.625
319.998
318.672
316.68
314.07
310.928
307.465
306.024
306.067
306.191
306.313
306.434
306.457
307.285
308.379
309.262
310.087
310.982
311.989
313.196
314.869
317.323
320.22
322.544
323.99
324.478
325.549
325.152
323.994
322.199
320.027
317.913
316.076
314.475
313.011
311.618
310.244
308.811
307.275
306.886
306.744
306.618
306.494
306.331
306.509
309.682
313.074
315.992
318.355
320.095
321.161
321.521
321.152
320.046
318.207
315.656
312.437
308.649
304.889
304.654
304.475
304.314
304.15
304.282
304.462
304.642
304.716
306.184
308.828
311.307
313.656
315.944
318.181
320.236
321.882
322.938
323.301
322.938
321.882
320.236
318.181
315.944
313.656
311.307
308.828
306.184
304.716
304.642
304.462
304.282
304.15
304.314
304.475
304.654
304.889
308.649
312.437
315.656
318.207
320.046
321.152
321.521
321.161
320.095
318.355
315.992
313.074
309.682
306.509
306.331
306.494
306.618
306.744
306.886
307.275
308.811
310.244
311.618
313.011
314.475
316.076
317.913
320.027
322.199
323.994
325.152
325.549
326.415
326.073
325.082
323.553
321.674
319.68
317.72
315.824
313.97
312.131
310.287
308.439
307.351
307.213
307.037
306.916
306.836
306.808
307.742
311.419
314.695
317.467
319.654
321.192
322.033
322.144
321.508
320.115
317.97
315.088
311.503
307.241
304.997
304.943
304.783
304.624
304.317
304.609
304.741
304.947
305.165
305.441
308.038
311.133
313.996
316.657
319.074
321.15
322.751
323.761
324.106
323.761
322.751
321.15
319.074
316.657
313.996
311.133
308.038
305.441
305.165
304.947
304.741
304.609
304.317
304.624
304.783
304.943
304.997
307.241
311.503
315.088
317.97
320.115
321.508
322.144
322.033
321.192
319.654
317.467
314.695
311.419
307.742
306.808
306.836
306.916
307.037
307.213
307.351
308.439
310.287
312.131
313.97
315.824
317.72
319.68
321.674
323.553
325.082
326.073
326.415
326.965
326.643
325.709
324.258
322.436
320.412
318.298
316.133
313.915
311.647
309.351
307.95
307.697
307.467
307.271
307.172
307.12
307.146
308.869
312.561
315.82
318.528
320.603
321.985
322.632
322.517
321.621
319.937
317.468
314.225
310.247
305.939
305.419
305.259
305.086
305.074
305.369
305.393
305.103
305.236
305.415
305.543
306.821
310.193
313.538
316.612
319.309
321.54
323.211
324.248
324.599
324.248
323.211
321.54
319.309
316.612
313.538
310.193
306.821
305.543
305.415
305.236
305.103
305.393
305.369
305.074
305.086
305.259
305.419
305.939
310.247
314.225
317.468
319.937
321.621
322.517
322.632
321.985
320.603
318.528
315.82
312.561
308.869
307.146
307.12
307.172
307.271
307.467
307.697
307.95
309.351
311.647
313.915
316.133
318.298
320.412
322.436
324.258
325.709
326.643
326.965
327.159
326.825
325.854
324.331
322.402
320.235
317.929
315.493
312.91
310.198
308.51
308.191
307.937
307.682
307.407
307.375
307.505
307.597
309.24
313.136
316.495
319.221
321.244
322.513
322.996
322.669
321.521
319.545
316.739
313.096
308.581
305.805
305.747
305.585
305.469
305.989
306.958
306.882
305.919
305.517
305.702
305.909
306.038
308.375
312.351
315.943
319.012
321.487
323.307
324.421
324.796
324.421
323.307
321.487
319.012
315.943
312.351
308.375
306.038
305.909
305.702
305.517
305.919
306.882
306.958
305.989
305.469
305.585
305.747
305.805
308.581
313.096
316.739
319.545
321.521
322.669
322.996
322.513
321.244
319.221
316.495
313.136
309.24
307.597
307.505
307.375
307.407
307.682
307.937
308.191
308.51
310.198
312.91
315.493
317.929
320.235
322.402
324.331
325.854
326.825
327.159
327.019
326.645
325.549
323.813
321.605
319.195
316.692
313.998
311.04
309.067
308.688
308.435
308.176
307.855
307.541
307.89
308.158
308.412
309.194
313.25
316.803
319.618
321.639
322.829
323.168
322.643
321.248
318.983
315.848
311.842
307.096
306.129
306.032
305.861
305.912
307.433
308.618
308.637
307.474
306.083
305.963
306.178
306.362
306.916
310.563
314.798
318.309
321.09
323.108
324.333
324.743
324.333
323.108
321.09
318.309
314.798
310.563
306.916
306.362
306.178
305.963
306.083
307.474
308.637
308.618
307.433
305.912
305.861
306.032
306.129
307.096
311.842
315.848
318.983
321.248
322.643
323.168
322.829
321.639
319.618
316.803
313.25
309.194
308.412
308.158
307.89
307.541
307.855
308.176
308.435
308.688
309.067
311.04
313.998
316.692
319.195
321.605
323.813
325.549
326.645
327.019
326.628
326.188
324.883
322.766
320.009
317.247
314.646
311.774
309.659
309.165
308.926
308.682
308.379
308.781
308.893
308.897
308.994
309.294
309.58
312.998
316.849
319.81
321.863
322.996
323.204
322.486
320.846
318.291
314.827
310.442
306.703
306.543
306.388
306.298
307.053
309.248
310.446
310.574
309.631
307.675
306.425
306.476
306.67
306.779
308.731
313.376
317.336
320.456
322.703
324.058
324.511
324.058
322.703
320.456
317.336
313.376
308.731
306.779
306.67
306.476
306.425
307.675
309.631
310.574
310.446
309.248
307.053
306.298
306.388
306.543
306.703
310.442
314.827
318.291
320.846
322.486
323.204
322.996
321.863
319.81
316.849
312.998
309.58
309.294
308.994
308.897
308.893
308.781
308.379
308.682
308.926
309.165
309.659
311.774
314.646
317.247
320.009
322.766
324.883
326.188
326.628
326.115
325.597
324.03
321.358
317.447
314.24
312.003
310.244
309.6
309.386
309.164
308.991
309.966
311.035
310.967
310.002
309.833
310.19
310.437
312.576
316.784
319.911
322.007
323.088
323.166
322.251
320.359
317.508
313.727
309.168
307.128
306.931
306.733
306.794
308.768
311.076
312.343
312.581
311.802
310.051
307.591
306.841
306.999
307.216
307.721
311.716
316.205
319.694
322.188
323.686
324.186
323.686
322.188
319.694
316.205
311.716
307.721
307.216
306.999
306.841
307.591
310.051
311.802
312.581
312.343
311.076
308.768
306.794
306.733
306.931
307.128
309.168
313.727
317.508
320.359
322.251
323.166
323.088
322.007
319.911
316.784
312.576
310.437
310.19
309.833
310.002
310.967
311.035
309.966
308.991
309.164
309.386
309.6
310.244
312.003
314.24
317.447
321.358
324.03
325.597
326.115
325.637
325.055
323.282
320.207
315.543
312.85
311.344
310.197
309.891
309.613
309.663
310.998
312.723
313.451
313.109
311.656
311.001
311.169
311.473
312.481
316.803
320.044
322.164
323.184
323.121
321.994
319.829
316.656
312.509
308.799
308.033
307.669
307.491
307.804
310.695
312.944
314.268
314.607
313.945
312.288
309.621
307.597
307.538
307.856
308.257
310.439
315.078
318.928
321.67
323.313
323.86
323.313
321.67
318.928
315.078
310.439
308.257
307.856
307.538
307.597
309.621
312.288
313.945
314.607
314.268
312.944
310.695
307.804
307.491
307.669
308.033
308.799
312.509
316.656
319.829
321.994
323.121
323.184
322.164
320.044
316.803
312.481
311.473
311.169
311.001
311.656
313.109
313.451
312.723
310.998
309.663
309.613
309.891
310.197
311.344
312.85
315.543
320.207
323.282
325.055
325.637
325.322
324.704
322.837
319.683
315.176
312.359
311.349
310.702
310.296
310.274
311.808
314.074
315.485
315.938
315.366
313.718
312.316
312.266
312.602
313.098
316.972
320.298
322.422
323.362
323.139
321.776
319.308
315.785
311.67
309.578
308.939
308.51
308.603
309.202
312.365
314.737
316.18
316.634
316.082
314.535
312.03
308.904
308.467
308.751
309.237
310.221
314.062
318.27
321.25
323.035
323.629
323.035
321.25
318.27
314.062
310.221
309.237
308.751
308.467
308.904
312.03
314.535
316.082
316.634
316.18
314.737
312.365
309.202
308.603
308.51
308.939
309.578
311.67
315.785
319.308
321.776
323.139
323.362
322.422
320.298
316.972
313.098
312.602
312.266
312.316
313.718
315.366
315.938
315.485
314.074
311.808
310.274
310.296
310.702
311.349
312.359
315.176
319.683
322.837
324.704
325.322
325.244
324.6
322.679
319.537
315.418
313.02
312.193
311.568
311.16
312.162
314.942
317.011
318.203
318.451
317.699
315.903
313.739
313.518
313.748
314.175
317.324
320.755
322.865
323.704
323.297
321.663
318.84
314.957
311.955
310.714
309.887
309.53
310.086
310.858
313.866
316.459
318.081
318.666
318.215
316.738
314.249
310.765
309.943
309.902
310.411
311.306
313.538
317.841
321.028
322.947
323.586
322.947
321.028
317.841
313.538
311.306
310.411
309.902
309.943
310.765
314.249
316.738
318.215
318.666
318.081
316.459
313.866
310.858
310.086
309.53
309.887
310.714
311.955
314.957
318.84
321.663
323.297
323.704
322.865
320.755
317.324
314.175
313.748
313.518
313.739
315.903
317.699
318.451
318.203
317.011
314.942
312.162
311.16
311.568
312.193
313.02
315.418
319.537
322.679
324.6
325.244
325.453
324.775
322.743
319.403
315.77
314.279
313.312
312.723
312.931
314.953
317.859
319.824
320.865
320.964
320.078
318.154
315.452
315.002
315.114
315.626
318.107
321.532
323.578
324.29
323.682
321.74
318.459
314.727
313.22
311.999
311.041
310.855
311.798
312.839
315.098
318.152
320.018
320.737
320.372
318.955
316.484
312.913
311.542
311.265
311.672
312.71
313.912
317.617
321.073
323.138
323.822
323.138
321.073
317.617
313.912
312.71
311.672
311.265
311.542
312.913
316.484
318.955
320.372
320.737
320.018
318.152
315.098
312.839
311.798
310.855
311.041
311.999
313.22
314.727
318.459
321.74
323.682
324.29
323.578
321.532
318.107
315.626
315.114
315.002
315.452
318.154
320.078
320.964
320.865
319.824
317.859
314.953
312.931
312.723
313.312
314.279
315.77
319.403
322.743
324.775
325.453
326.018
325.304
323.114
319.332
316.671
315.532
314.613
314.389
315.066
317.868
320.72
322.56
323.47
323.461
322.494
320.498
317.525
316.908
316.945
317.512
319.358
322.692
324.626
325.197
324.402
322.154
318.311
315.698
314.673
313.615
312.693
312.585
313.423
314.425
316.311
320.042
322.102
322.89
322.58
321.226
318.828
315.442
314.145
313.437
313.402
314.238
315.256
317.695
321.509
323.711
324.427
323.711
321.509
317.695
315.256
314.238
313.402
313.437
314.145
315.442
318.828
321.226
322.58
322.89
322.102
320.042
316.311
314.425
313.423
312.585
312.693
313.615
314.673
315.698
318.311
322.154
324.402
325.197
324.626
322.692
319.358
317.512
316.945
316.908
317.525
320.498
322.494
323.461
323.47
322.56
320.72
317.868
315.066
314.389
314.613
315.532
316.671
319.332
323.114
325.304
326.018
327.011
326.309
324.1
320.023
317.918
316.727
315.983
316.27
317.753
320.978
323.593
325.226
325.996
325.916
324.938
322.931
319.695
318.379
318.158
318.951
320.935
324.26
326.037
326.47
325.576
323.188
318.885
316.902
315.917
315.551
315.932
316.312
316.31
316.798
319.374
322.644
324.457
325.143
324.833
323.542
321.179
317.505
315.801
314.948
314.725
315.455
316.556
318.569
322.582
324.769
325.465
324.769
322.582
318.569
316.556
315.455
314.725
314.948
315.801
317.505
321.179
323.542
324.833
325.143
324.457
322.644
319.374
316.798
316.31
316.312
315.932
315.551
315.917
316.902
318.885
323.188
325.576
326.47
326.037
324.26
320.935
318.951
318.158
318.379
319.695
322.931
324.938
325.916
325.996
325.226
323.593
320.978
317.753
316.27
315.983
316.727
317.918
320.023
324.1
326.309
327.011
328.408
327.821
326.001
322.73
320.118
319.225
319.086
319.72
321.71
324.425
326.447
327.757
328.369
328.269
327.412
325.695
322.876
320.703
320.128
321.3
323.735
326.397
327.79
328.07
327.243
325.196
321.653
318.975
318.657
319.543
320.487
321.079
321.562
322.378
323.947
325.736
326.938
327.392
327.066
325.929
323.902
320.767
318.445
317.85
317.909
318.058
318.838
321.342
324.532
326.318
326.896
326.318
324.532
321.342
318.838
318.058
317.909
317.85
318.445
320.767
323.902
325.929
327.066
327.392
326.938
325.736
323.947
322.378
321.562
321.079
320.487
319.543
318.657
318.975
321.653
325.196
327.243
328.07
327.79
326.397
323.735
321.3
320.128
320.703
322.876
325.695
327.412
328.269
328.369
327.757
326.447
324.425
321.71
319.72
319.086
319.225
320.118
322.73
326.001
327.821
328.408
329.978
329.568
328.377
326.606
325.068
324.307
324.212
324.761
326.01
327.615
329.011
329.987
330.456
330.379
329.747
328.588
327.059
325.846
325.488
326.113
327.417
328.812
329.656
329.778
329.13
327.737
325.806
324.25
323.73
323.96
324.445
324.958
325.53
326.3
327.341
328.414
329.168
329.423
329.108
328.207
326.761
324.943
323.472
322.778
322.644
322.888
323.668
325.173
326.907
328.077
328.48
328.077
326.907
325.173
323.668
322.888
322.644
322.778
323.472
324.943
326.761
328.207
329.108
329.423
329.168
328.414
327.341
326.3
325.53
324.958
324.445
323.96
323.73
324.25
325.806
327.737
329.13
329.778
329.656
328.812
327.417
326.113
325.488
325.846
327.059
328.588
329.747
330.379
330.456
329.987
329.011
327.615
326.01
324.761
324.212
324.307
325.068
326.606
328.377
329.568
329.978
331.369
331.095
330.333
329.285
328.337
327.791
327.721
328.129
328.962
330.013
330.997
331.723
332.087
332.046
331.608
330.849
329.949
329.246
329.016
329.331
330.026
330.777
331.245
331.257
330.76
329.818
328.643
327.654
327.159
327.126
327.376
327.779
328.301
328.951
329.701
330.412
330.897
331.025
330.735
330.031
328.991
327.797
326.786
326.191
326.019
326.231
326.837
327.8
328.845
329.601
329.873
329.601
328.845
327.8
326.837
326.231
326.019
326.191
326.786
327.797
328.991
330.031
330.735
331.025
330.897
330.412
329.701
328.951
328.301
327.779
327.376
327.126
327.159
327.654
328.643
329.818
330.76
331.257
331.245
330.777
330.026
329.331
329.016
329.246
329.949
330.849
331.608
332.046
332.087
331.723
330.997
330.013
328.962
328.129
327.721
327.791
328.337
329.285
330.333
331.095
331.369
332.306
332.11
331.577
330.862
330.203
329.801
329.753
330.071
330.695
331.48
332.24
332.82
333.124
333.108
332.791
332.253
331.644
331.171
330.999
331.169
331.578
332.024
332.292
332.243
331.836
331.131
330.293
329.563
329.124
329.009
329.153
329.481
329.943
330.503
331.101
331.635
331.982
332.044
331.776
331.192
330.373
329.469
328.686
328.181
328.011
328.177
328.651
329.345
330.073
330.611
330.807
330.611
330.073
329.345
328.651
328.177
328.011
328.181
328.686
329.469
330.373
331.192
331.776
332.044
331.982
331.635
331.101
330.503
329.943
329.481
329.153
329.009
329.124
329.563
330.293
331.131
331.836
332.243
332.292
332.024
331.578
331.169
330.999
331.171
331.644
332.253
332.791
333.108
333.124
332.82
332.24
331.48
330.695
330.071
329.753
329.801
330.203
330.862
331.577
332.11
332.306
332.635
332.464
332
331.384
330.812
330.458
330.417
330.707
331.267
331.972
332.662
333.195
333.479
333.473
333.195
332.726
332.203
331.797
331.641
331.768
332.093
332.449
332.655
332.587
332.209
331.577
330.836
330.182
329.766
329.633
329.747
330.049
330.487
331.015
331.566
332.047
332.351
332.393
332.134
331.589
330.839
330.021
329.307
328.834
328.668
328.817
329.244
329.856
330.491
330.962
331.135
330.962
330.491
329.856
329.244
328.817
328.668
328.834
329.307
330.021
330.839
331.589
332.134
332.393
332.351
332.047
331.566
331.015
330.487
330.049
329.747
329.633
329.766
330.182
330.836
331.577
332.209
332.587
332.655
332.449
332.093
331.768
331.641
331.797
332.203
332.726
333.195
333.473
333.479
333.195
332.662
331.972
331.267
330.707
330.417
330.458
330.812
331.384
332
332.464
332.635
332.306
332.11
331.577
330.862
330.203
329.801
329.753
330.071
330.695
331.48
332.24
332.82
333.124
333.108
332.791
332.253
331.644
331.171
330.999
331.169
331.578
332.024
332.292
332.243
331.836
331.131
330.293
329.563
329.124
329.009
329.153
329.481
329.943
330.503
331.101
331.635
331.982
332.044
331.776
331.192
330.373
329.469
328.686
328.181
328.011
328.177
328.651
329.345
330.073
330.611
330.807
330.611
330.073
329.345
328.651
328.177
328.011
328.181
328.686
329.469
330.373
331.192
331.776
332.044
331.982
331.635
331.101
330.503
329.943
329.481
329.153
329.009
329.124
329.563
330.293
331.131
331.836
332.243
332.292
332.024
331.578
331.169
330.999
331.171
331.644
332.253
332.791
333.108
333.124
332.82
332.24
331.48
330.695
330.071
329.753
329.801
330.203
330.862
331.577
332.11
332.306
331.369
331.095
330.333
329.285
328.337
327.791
327.721
328.129
328.962
330.013
330.997
331.723
332.087
332.046
331.608
330.849
329.949
329.246
329.016
329.331
330.026
330.777
331.245
331.257
330.76
329.818
328.643
327.654
327.159
327.126
327.376
327.779
328.301
328.951
329.701
330.412
330.897
331.025
330.735
330.031
328.991
327.797
326.786
326.191
326.019
326.231
326.837
327.8
328.845
329.601
329.873
329.601
328.845
327.8
326.837
326.231
326.019
326.191
326.786
327.797
328.991
330.031
330.735
331.025
330.897
330.412
329.701
328.951
328.301
327.779
327.376
327.126
327.159
327.654
328.643
329.818
330.76
331.257
331.245
330.777
330.026
329.331
329.016
329.246
329.949
330.849
331.608
332.046
332.087
331.723
330.997
330.013
328.962
328.129
327.721
327.791
328.337
329.285
330.333
331.095
331.369
329.978
329.568
328.377
326.606
325.068
324.307
324.212
324.761
326.01
327.615
329.011
329.987
330.456
330.379
329.747
328.588
327.059
325.846
325.488
326.113
327.417
328.812
329.656
329.778
329.13
327.737
325.806
324.25
323.73
323.96
324.445
324.958
325.53
326.3
327.341
328.414
329.168
329.423
329.108
328.207
326.761
324.943
323.472
322.778
322.644
322.888
323.668
325.173
326.907
328.077
328.48
328.077
326.907
325.173
323.668
322.888
322.644
322.778
323.472
324.943
326.761
328.207
329.108
329.423
329.168
328.414
327.341
326.3
325.53
324.958
324.445
323.96
323.73
324.25
325.806
327.737
329.13
329.778
329.656
328.812
327.417
326.113
325.488
325.846
327.059
328.588
329.747
330.379
330.456
329.987
329.011
327.615
326.01
324.761
324.212
324.307
325.068
326.606
328.377
329.568
329.978
328.408
327.821
326.001
322.73
320.118
319.225
319.086
319.72
321.71
324.425
326.447
327.757
328.369
328.269
327.412
325.695
322.876
320.703
320.128
321.3
323.735
326.397
327.79
328.07
327.243
325.196
321.653
318.975
318.657
319.543
320.487
321.079
321.562
322.378
323.947
325.736
326.938
327.392
327.066
325.929
323.902
320.767
318.445
317.85
317.909
318.058
318.838
321.342
324.532
326.318
326.896
326.318
324.532
321.342
318.838
318.058
317.909
317.85
318.445
320.767
323.902
325.929
327.066
327.392
326.938
325.736
323.947
322.378
321.562
321.079
320.487
319.543
318.657
318.975
321.653
325.196
327.243
328.07
327.79
326.397
323.735
321.3
320.128
320.703
322.876
325.695
327.412
328.269
328.369
327.757
326.447
324.425
321.71
319.72
319.086
319.225
320.118
322.73
326.001
327.821
328.408
327.011
326.309
324.1
320.023
317.918
316.727
315.983
316.27
317.753
320.978
323.593
325.226
325.996
325.916
324.938
322.931
319.695
318.379
318.158
318.951
320.935
324.26
326.037
326.47
325.576
323.188
318.885
316.902
315.917
315.551
315.932
316.312
316.31
316.798
319.374
322.644
324.457
325.143
324.833
323.542
321.179
317.505
315.801
314.948
314.725
315.455
316.556
318.569
322.582
324.769
325.465
324.769
322.582
318.569
316.556
315.455
314.725
314.948
315.801
317.505
321.179
323.542
324.833
325.143
324.457
322.644
319.374
316.798
316.31
316.312
315.932
315.551
315.917
316.902
318.885
323.188
325.576
326.47
326.037
324.26
320.935
318.951
318.158
318.379
319.695
322.931
324.938
325.916
325.996
325.226
323.593
320.978
317.753
316.27
315.983
316.727
317.918
320.023
324.1
326.309
327.011
326.018
325.304
323.114
319.332
316.671
315.532
314.613
314.389
315.066
317.868
320.72
322.56
323.47
323.461
322.494
320.498
317.525
316.908
316.945
317.512
319.358
322.692
324.626
325.197
324.402
322.154
318.311
315.698
314.673
313.615
312.693
312.585
313.423
314.425
316.311
320.042
322.102
322.89
322.58
321.226
318.828
315.442
314.145
313.437
313.402
314.238
315.256
317.695
321.509
323.711
324.427
323.711
321.509
317.695
315.256
314.238
313.402
313.437
314.145
315.442
318.828
321.226
322.58
322.89
322.102
320.042
316.311
314.425
313.423
312.585
312.693
313.615
314.673
315.698
318.311
322.154
324.402
325.197
324.626
322.692
319.358
317.512
316.945
316.908
317.525
320.498
322.494
323.461
323.47
322.56
320.72
317.868
315.066
314.389
314.613
315.532
316.671
319.332
323.114
325.304
326.018
325.453
324.775
322.743
319.403
315.77
314.279
313.312
312.723
312.931
314.953
317.859
319.824
320.865
320.964
320.078
318.154
315.452
315.002
315.114
315.626
318.107
321.532
323.578
324.29
323.682
321.74
318.459
314.727
313.22
311.999
311.041
310.855
311.798
312.839
315.098
318.152
320.018
320.737
320.372
318.955
316.484
312.913
311.542
311.265
311.672
312.71
313.912
317.617
321.073
323.138
323.822
323.138
321.073
317.617
313.912
312.71
311.672
311.265
311.542
312.913
316.484
318.955
320.372
320.737
320.018
318.152
315.098
312.839
311.798
310.855
311.041
311.999
313.22
314.727
318.459
321.74
323.682
324.29
323.578
321.532
318.107
315.626
315.114
315.002
315.452
318.154
320.078
320.964
320.865
319.824
317.859
314.953
312.931
312.723
313.312
314.279
315.77
319.403
322.743
324.775
325.453
325.244
324.6
322.679
319.537
315.418
313.02
312.193
311.568
311.16
312.162
314.942
317.011
318.203
318.451
317.699
315.903
313.739
313.518
313.748
314.175
317.324
320.755
322.865
323.704
323.297
321.663
318.84
314.957
311.955
310.714
309.887
309.53
310.086
310.858
313.866
316.459
318.081
318.666
318.215
316.738
314.249
310.765
309.943
309.902
310.411
311.306
313.538
317.841
321.028
322.947
323.586
322.947
321.028
317.841
313.538
311.306
310.411
309.902
309.943
310.765
314.249
316.738
318.215
318.666
318.081
316.459
313.866
310.858
310.086
309.53
309.887
310.714
311.955
314.957
318.84
321.663
323.297
323.704
322.865
320.755
317.324
314.175
313.748
313.518
313.739
315.903
317.699
318.451
318.203
317.011
314.942
312.162
311.16
311.568
312.193
313.02
315.418
319.537
322.679
324.6
325.244
325.322
324.704
322.837
319.683
315.176
312.359
311.349
310.702
310.296
310.274
311.808
314.074
315.485
315.938
315.366
313.718
312.316
312.266
312.602
313.098
316.972
320.298
322.422
323.362
323.139
321.776
319.308
315.785
311.67
309.578
308.939
308.51
308.603
309.202
312.365
314.737
316.18
316.634
316.082
314.535
312.03
308.904
308.467
308.751
309.237
310.221
314.062
318.27
321.25
323.035
323.629
323.035
321.25
318.27
314.062
310.221
309.237
308.751
308.467
308.904
312.03
314.535
316.082
316.634
316.18
314.737
312.365
309.202
308.603
308.51
308.939
309.578
311.67
315.785
319.308
321.776
323.139
323.362
322.422
320.298
316.972
313.098
312.602
312.266
312.316
313.718
315.366
315.938
315.485
314.074
311.808
310.274
310.296
310.702
311.349
312.359
315.176
319.683
322.837
324.704
325.322
325.637
325.055
323.282
320.207
315.543
312.85
311.344
310.197
309.891
309.613
309.663
310.998
312.723
313.451
313.109
311.656
311.001
311.169
311.473
312.481
316.803
320.044
322.164
323.184
323.121
321.994
319.829
316.656
312.509
308.799
308.033
307.669
307.491
307.804
310.695
312.944
314.268
314.607
313.945
312.288
309.621
307.597
307.538
307.856
308.257
310.439
315.078
318.928
321.67
323.313
323.86
323.313
321.67
318.928
315.078
310.439
308.257
307.856
307.538
307.597
309.621
312.288
313.945
314.607
314.268
312.944
310.695
307.804
307.491
307.669
308.033
308.799
312.509
316.656
319.829
321.994
323.121
323.184
322.164
320.044
316.803
312.481
311.473
311.169
311.001
311.656
313.109
313.451
312.723
310.998
309.663
309.613
309.891
310.197
311.344
312.85
315.543
320.207
323.282
325.055
325.637
326.115
325.597
324.03
321.358
317.447
314.24
312.003
310.244
309.6
309.386
309.164
308.991
309.966
311.035
310.967
310.002
309.833
310.19
310.437
312.576
316.784
319.911
322.007
323.088
323.166
322.251
320.359
317.508
313.727
309.168
307.128
306.931
306.733
306.794
308.768
311.076
312.343
312.581
311.802
310.051
307.591
306.841
306.999
307.216
307.721
311.716
316.205
319.694
322.188
323.686
324.186
323.686
322.188
319.694
316.205
311.716
307.721
307.216
306.999
306.841
307.591
310.051
311.802
312.581
312.343
311.076
308.768
306.794
306.733
306.931
307.128
309.168
313.727
317.508
320.359
322.251
323.166
323.088
322.007
319.911
316.784
312.576
310.437
310.19
309.833
310.002
310.967
311.035
309.966
308.991
309.164
309.386
309.6
310.244
312.003
314.24
317.447
321.358
324.03
325.597
326.115
326.628
326.188
324.883
322.766
320.009
317.247
314.646
311.774
309.659
309.165
308.926
308.682
308.379
308.781
308.893
308.897
308.994
309.294
309.58
312.998
316.849
319.81
321.863
322.996
323.204
322.486
320.846
318.291
314.827
310.442
306.703
306.543
306.388
306.298
307.053
309.248
310.446
310.574
309.631
307.675
306.425
306.476
306.67
306.779
308.731
313.376
317.336
320.456
322.703
324.058
324.511
324.058
322.703
320.456
317.336
313.376
308.731
306.779
306.67
306.476
306.425
307.675
309.631
310.574
310.446
309.248
307.053
306.298
306.388
306.543
306.703
310.442
314.827
318.291
320.846
322.486
323.204
322.996
321.863
319.81
316.849
312.998
309.58
309.294
308.994
308.897
308.893
308.781
308.379
308.682
308.926
309.165
309.659
311.774
314.646
317.247
320.009
322.766
324.883
326.188
326.628
327.019
326.645
325.549
323.813
321.605
319.195
316.692
313.998
311.04
309.067
308.688
308.435
308.176
307.855
307.541
307.89
308.158
308.412
309.194
313.25
316.803
319.618
321.639
322.829
323.168
322.643
321.248
318.983
315.848
311.842
307.096
306.129
306.032
305.861
305.912
307.433
308.618
308.637
307.474
306.083
305.963
306.178
306.362
306.916
310.563
314.798
318.309
321.09
323.108
324.333
324.743
324.333
323.108
321.09
318.309
314.798
310.563
306.916
306.362
306.178
305.963
306.083
307.474
308.637
308.618
307.433
305.912
305.861
306.032
306.129
307.096
311.842
315.848
318.983
321.248
322.643
323.168
322.829
321.639
319.618
316.803
313.25
309.194
308.412
308.158
307.89
307.541
307.855
308.176
308.435
308.688
309.067
311.04
313.998
316.692
319.195
321.605
323.813
325.549
326.645
327.019
327.159
326.825
325.854
324.331
322.402
320.235
317.929
315.493
312.91
310.198
308.51
308.191
307.937
307.682
307.407
307.375
307.505
307.597
309.24
313.136
316.495
319.221
321.244
322.513
322.996
322.669
321.521
319.545
316.739
313.096
308.581
305.805
305.747
305.585
305.469
305.989
306.958
306.882
305.919
305.517
305.702
305.909
306.038
308.375
312.351
315.943
319.012
321.487
323.307
324.421
324.796
324.421
323.307
321.487
319.012
315.943
312.351
308.375
306.038
305.909
305.702
305.517
305.919
306.882
306.958
305.989
305.469
305.585
305.747
305.805
308.581
313.096
316.739
319.545
321.521
322.669
322.996
322.513
321.244
319.221
316.495
313.136
309.24
307.597
307.505
307.375
307.407
307.682
307.937
308.191
308.51
310.198
312.91
315.493
317.929
320.235
322.402
324.331
325.854
326.825
327.159
326.965
326.643
325.709
324.258
322.436
320.412
318.298
316.133
313.915
311.647
309.351
307.95
307.697
307.467
307.271
307.172
307.12
307.146
308.869
312.561
315.82
318.528
320.603
321.985
322.632
322.517
321.621
319.937
317.468
314.225
310.247
305.939
305.419
305.259
305.086
305.074
305.369
305.393
305.103
305.236
305.415
305.543
306.821
310.193
313.538
316.612
319.309
321.54
323.211
324.248
324.599
324.248
323.211
321.54
319.309
316.612
313.538
310.193
306.821
305.543
305.415
305.236
305.103
305.393
305.369
305.074
305.086
305.259
305.419
305.939
310.247
314.225
317.468
319.937
321.621
322.517
322.632
321.985
320.603
318.528
315.82
312.561
308.869
307.146
307.12
307.172
307.271
307.467
307.697
307.95
309.351
311.647
313.915
316.133
318.298
320.412
322.436
324.258
325.709
326.643
326.965
326.415
326.073
325.082
323.553
321.674
319.68
317.72
315.824
313.97
312.131
310.287
308.439
307.351
307.213
307.037
306.916
306.836
306.808
307.742
311.419
314.695
317.467
319.654
321.192
322.033
322.144
321.508
320.115
317.97
315.088
311.503
307.241
304.997
304.943
304.783
304.624
304.317
304.609
304.741
304.947
305.165
305.441
308.038
311.133
313.996
316.657
319.074
321.15
322.751
323.761
324.106
323.761
322.751
321.15
319.074
316.657
313.996
311.133
308.038
305.441
305.165
304.947
304.741
304.609
304.317
304.624
304.783
304.943
304.997
307.241
311.503
315.088
317.97
320.115
321.508
322.144
322.033
321.192
319.654
317.467
314.695
311.419
307.742
306.808
306.836
306.916
307.037
307.213
307.351
308.439
310.287
312.131
313.97
315.824
317.72
319.68
321.674
323.553
325.082
326.073
326.415
325.549
325.152
323.994
322.199
320.027
317.913
316.076
314.475
313.011
311.618
310.244
308.811
307.275
306.886
306.744
306.618
306.494
306.331
306.509
309.682
313.074
315.992
318.355
320.095
321.161
321.521
321.152
320.046
318.207
315.656
312.437
308.649
304.889
304.654
304.475
304.314
304.15
304.282
304.462
304.642
304.716
306.184
308.828
311.307
313.656
315.944
318.181
320.236
321.882
322.938
323.301
322.938
321.882
320.236
318.181
315.944
313.656
311.307
308.828
306.184
304.716
304.642
304.462
304.282
304.15
304.314
304.475
304.654
304.889
308.649
312.437
315.656
318.207
320.046
321.152
321.521
321.161
320.095
318.355
315.992
313.074
309.682
306.509
306.331
306.494
306.618
306.744
306.886
307.275
308.811
310.244
311.618
313.011
314.475
316.076
317.913
320.027
322.199
323.994
325.152
325.549
324.478
323.99
322.544
320.22
317.323
314.869
313.196
311.989
310.982
310.087
309.262
308.379
307.285
306.457
306.434
306.313
306.191
306.067
306.024
307.465
310.928
314.07
316.68
318.672
319.998
320.625
320.532
319.71
318.158
315.891
312.941
309.363
305.218
304.197
304.148
304.071
304.018
304.071
304.181
304.347
304.654
306.775
308.784
310.611
312.378
314.282
316.47
318.73
320.602
321.809
322.223
321.809
320.602
318.73
316.47
314.282
312.378
310.611
308.784
306.775
304.654
304.347
304.181
304.071
304.018
304.071
304.148
304.197
305.218
309.363
312.941
315.891
318.158
319.71
320.532
320.625
319.998
318.672
316.68
314.07
310.928
307.465
306.024
306.067
306.191
306.313
306.434
306.457
307.285
308.379
309.262
310.087
310.982
311.989
313.196
314.869
317.323
320.22
322.544
323.99
324.478
323.383
322.788
320.97
317.816
313.221
310.141
308.889
308.307
307.84
307.485
307.336
307.16
306.66
306.121
306.113
306.005
305.886
305.746
305.564
305.683
308.13
311.678
314.624
316.916
318.532
319.448
319.643
319.104
317.824
315.809
313.074
309.648
305.566
303.866
303.845
303.801
303.779
303.798
303.84
303.865
304.831
306.58
307.921
308.976
309.962
311.337
313.687
316.613
318.987
320.472
320.973
320.472
318.987
316.613
313.687
311.337
309.962
308.976
307.921
306.58
304.831
303.865
303.84
303.798
303.779
303.801
303.845
303.866
305.566
309.648
313.074
315.809
317.824
319.104
319.643
319.448
318.532
316.916
314.624
311.678
308.13
305.683
305.564
305.746
305.886
306.005
306.113
306.121
306.66
307.16
307.336
307.485
307.84
308.307
308.889
310.141
313.221
317.816
320.97
322.788
323.383
322.476
321.81
319.734
315.966
310.418
308.783
308.12
307.66
307.335
307.005
306.703
306.376
306.04
305.774
305.735
305.704
305.6
305.463
305.308
305.171
305.871
308.896
312.223
314.835
316.765
317.992
318.489
318.237
317.224
315.445
312.9
309.588
305.506
303.545
303.524
303.506
303.495
303.5
303.514
303.523
304.704
305.792
306.345
306.409
306.165
306.449
309.369
314.047
317.262
319.119
319.727
319.119
317.262
314.047
309.369
306.449
306.165
306.409
306.345
305.792
304.704
303.523
303.514
303.5
303.495
303.506
303.524
303.545
305.506
309.588
312.9
315.445
317.224
318.237
318.489
317.992
316.765
314.835
312.223
308.896
305.871
305.171
305.308
305.463
305.6
305.704
305.735
305.774
306.04
306.376
306.703
307.005
307.335
307.66
308.12
308.783
310.418
315.966
319.734
321.81
322.476
321.901
321.241
319.189
315.484
310
308.426
307.983
307.614
307.309
306.953
306.647
306.333
306.017
305.755
305.564
305.475
305.345
305.194
305.032
304.866
304.779
306.167
309.537
312.437
314.702
316.266
317.085
317.132
316.391
314.849
312.492
309.299
305.223
303.233
303.212
303.202
303.193
303.189
303.19
303.196
304.061
304.541
304.259
303.741
303.914
304.639
306.273
312.067
315.896
318.014
318.695
318.014
315.896
312.067
306.273
304.639
303.914
303.741
304.259
304.541
304.061
303.196
303.19
303.189
303.193
303.202
303.212
303.233
305.223
309.299
312.492
314.849
316.391
317.132
317.085
316.266
314.702
312.437
309.537
306.167
304.779
304.866
305.032
305.194
305.345
305.475
305.564
305.755
306.017
306.333
306.647
306.953
307.309
307.614
307.983
308.426
310
315.484
319.189
321.241
321.901
321.645
321.065
319.296
316.255
311.881
309.03
308.084
307.644
307.283
306.887
306.602
306.3
306.001
305.724
305.471
305.282
305.108
304.934
304.758
304.577
304.381
304.403
306.401
309.673
312.34
314.285
315.452
315.815
315.358
314.066
311.922
308.895
304.935
302.923
302.903
302.893
302.882
302.87
302.859
302.855
303.029
303.12
302.962
303.32
303.658
304.072
305.767
311.465
315.24
317.347
318.026
317.347
315.24
311.465
305.767
304.072
303.658
303.32
302.962
303.12
303.029
302.855
302.859
302.87
302.882
302.893
302.903
302.923
304.935
308.895
311.922
314.066
315.358
315.815
315.452
314.285
312.34
309.673
306.401
304.403
304.381
304.577
304.758
304.934
305.108
305.282
305.471
305.724
306.001
306.3
306.602
306.887
307.283
307.644
308.084
309.03
311.881
316.255
319.296
321.065
321.645
321.55
321.077
319.675
317.406
314.474
311.577
309.616
308.472
307.668
307.003
306.615
306.312
306.028
305.711
305.312
305.072
304.866
304.674
304.486
304.298
304.105
303.902
304.183
306.523
309.702
312.083
313.623
314.318
314.159
313.136
311.233
308.425
304.677
302.614
302.596
302.582
302.567
302.549
302.515
302.44
302.301
302.597
302.867
303.156
303.487
304.313
307.468
312.07
315.253
317.107
317.715
317.107
315.253
312.07
307.468
304.313
303.487
303.156
302.867
302.597
302.301
302.44
302.515
302.549
302.567
302.582
302.596
302.614
304.677
308.425
311.233
313.136
314.159
314.318
313.623
312.083
309.702
306.523
304.183
303.902
304.105
304.298
304.486
304.674
304.866
305.072
305.312
305.711
306.028
306.312
306.615
307.003
307.668
308.472
309.616
311.577
314.474
317.406
319.675
321.077
321.55
321.4
321.02
319.919
318.221
316.166
314.15
312.546
311.354
310.332
309.136
307.816
306.759
306.272
305.863
305.251
304.823
304.608
304.406
304.212
304.023
303.835
303.652
303.498
304.159
306.869
309.721
311.641
312.674
312.825
312.087
310.449
307.896
304.411
302.299
302.282
302.268
302.255
302.239
302.211
302.148
302.24
302.46
302.73
303.083
304.005
306.263
309.802
313.108
315.595
317.113
317.621
317.113
315.595
313.108
309.802
306.263
304.005
303.083
302.73
302.46
302.24
302.148
302.211
302.239
302.255
302.268
302.282
302.299
304.411
307.896
310.449
312.087
312.825
312.674
311.641
309.721
306.869
304.159
303.498
303.652
303.835
304.023
304.212
304.406
304.608
304.823
305.251
305.863
306.272
306.759
307.816
309.136
310.332
311.354
312.546
314.15
316.166
318.221
319.919
321.02
321.4
321.009
320.684
319.761
318.392
316.819
315.313
314.062
313.069
312.205
311.32
310.395
309.521
308.712
307.692
306.021
304.456
304.334
304.125
303.931
303.742
303.556
303.375
303.203
303.112
304.331
307.293
309.544
310.912
311.379
310.937
309.58
307.298
304.086
301.979
301.963
301.951
301.942
301.937
301.94
301.967
302.089
302.295
302.726
304.079
306.258
308.797
311.484
313.963
315.906
317.129
317.545
317.129
315.906
313.963
311.484
308.797
306.258
304.079
302.726
302.295
302.089
301.967
301.94
301.937
301.942
301.951
301.963
301.979
304.086
307.298
309.58
310.937
311.379
310.912
309.544
307.293
304.331
303.112
303.203
303.375
303.556
303.742
303.931
304.125
304.334
304.456
306.021
307.692
308.712
309.521
310.395
311.32
312.205
313.069
314.062
315.313
316.819
318.392
319.761
320.684
321.009
320.268
319.947
319.049
317.768
316.405
315.221
314.321
313.655
313.101
312.543
311.924
311.219
310.363
309.187
307.473
305.137
303.946
303.826
303.643
303.455
303.27
303.086
302.904
302.713
302.752
304.646
307.33
309.052
309.842
309.704
308.635
306.629
303.683
301.652
301.637
301.626
301.621
301.624
301.642
301.692
301.822
302.154
303.621
305.833
307.995
310.195
312.374
314.356
315.936
316.951
317.3
316.951
315.936
314.356
312.374
310.195
307.995
305.833
303.621
302.154
301.822
301.692
301.642
301.624
301.621
301.626
301.637
301.652
303.683
306.629
308.635
309.704
309.842
309.052
307.33
304.646
302.752
302.713
302.904
303.086
303.27
303.455
303.643
303.826
303.946
305.137
307.473
309.187
310.363
311.219
311.924
312.543
313.101
313.655
314.321
315.221
316.405
317.768
319.049
319.947
320.268
319.167
318.787
317.721
316.226
314.811
313.845
313.346
313.13
312.998
312.828
312.538
312.067
311.333
310.221
308.591
306.312
303.855
303.577
303.356
303.163
302.977
302.794
302.611
302.428
302.247
302.73
305.078
307.125
308.232
308.401
307.626
305.902
303.221
301.317
301.303
301.294
301.29
301.293
301.308
301.335
301.365
302.156
304.525
306.687
308.693
310.615
312.461
314.151
315.532
316.438
316.754
316.438
315.532
314.151
312.461
310.615
308.693
306.687
304.525
302.156
301.365
301.335
301.308
301.293
301.29
301.294
301.303
301.317
303.221
305.902
307.626
308.401
308.232
307.125
305.078
302.73
302.247
302.428
302.611
302.794
302.977
303.163
303.356
303.577
303.855
306.312
308.591
310.221
311.333
312.067
312.538
312.828
312.998
313.13
313.346
313.845
314.811
316.226
317.721
318.787
319.167
317.827
317.313
315.82
313.605
311.768
311
311.09
311.521
311.935
312.232
312.335
312.176
311.682
310.772
309.358
307.359
304.717
303.104
303.038
302.861
302.679
302.497
302.317
302.138
301.967
301.867
302.923
305.138
306.559
307.042
306.568
305.132
302.725
300.975
300.962
300.953
300.948
300.949
300.957
300.971
300.985
302.146
304.64
306.697
308.474
310.11
311.704
313.255
314.603
315.516
315.839
315.516
314.603
313.255
311.704
310.11
308.474
306.697
304.64
302.146
300.985
300.971
300.957
300.949
300.948
300.953
300.962
300.975
302.725
305.132
306.568
307.042
306.559
305.138
302.923
301.867
301.967
302.138
302.317
302.497
302.679
302.861
303.038
303.104
304.717
307.359
309.358
310.772
311.682
312.176
312.335
312.232
311.935
311.521
311.09
311
311.768
313.605
315.82
317.313
317.827
316.514
315.818
313.642
309.68
306.864
306.412
307.495
308.929
309.989
310.829
311.396
311.62
311.447
310.828
309.71
308.049
305.819
303.224
302.754
302.562
302.378
302.196
302.016
301.837
301.657
301.466
301.492
302.984
304.826
305.638
305.472
304.333
302.214
300.626
300.613
300.604
300.597
300.595
300.598
300.606
300.618
301.823
304.193
305.987
307.397
308.645
309.99
311.563
313.107
314.186
314.569
314.186
313.107
311.563
309.99
308.645
307.397
305.987
304.193
301.823
300.618
300.606
300.598
300.595
300.597
300.604
300.613
300.626
302.214
304.333
305.472
305.638
304.826
302.984
301.492
301.466
301.657
301.837
302.016
302.196
302.378
302.562
302.754
303.224
305.819
308.049
309.71
310.828
311.447
311.62
311.396
310.829
309.989
308.929
307.495
306.412
306.864
309.68
313.642
315.818
316.514
315.593
314.804
312.286
307.476
305.942
305.488
305.165
305.902
307.262
308.701
309.798
310.461
310.659
310.381
309.606
308.309
306.461
304.003
302.306
302.251
302.071
301.891
301.713
301.534
301.354
301.171
300.986
301.404
303.124
304.214
304.348
303.513
301.695
300.27
300.259
300.248
300.24
300.233
300.23
300.232
300.243
301.277
303.32
304.663
305.481
306.085
307.049
308.9
311.076
312.553
313.063
312.553
311.076
308.9
307.049
306.085
305.481
304.663
303.32
301.277
300.243
300.232
300.23
300.233
300.24
300.248
300.259
300.27
301.695
303.513
304.348
304.214
303.124
301.404
300.986
301.171
301.354
301.534
301.713
301.891
302.071
302.251
302.306
304.003
306.461
308.309
309.606
310.381
310.659
310.461
309.798
308.701
307.262
305.902
305.165
305.488
305.942
307.476
312.286
314.804
315.593
315.25
314.518
312.264
308.335
305.628
305.235
304.949
304.691
304.696
305.917
307.635
308.765
309.348
309.431
309.024
308.121
306.711
304.791
302.49
301.928
301.76
301.583
301.406
301.228
301.051
300.874
300.702
300.607
301.404
302.746
303.195
302.674
301.171
299.91
299.9
299.888
299.877
299.864
299.853
299.848
299.856
300.593
302.148
302.863
302.779
302.178
302.267
304.943
308.743
310.886
311.578
310.886
308.743
304.943
302.267
302.178
302.779
302.863
302.148
300.593
299.856
299.848
299.853
299.864
299.877
299.888
299.9
299.91
301.171
302.674
303.195
302.746
301.404
300.607
300.702
300.874
301.051
301.228
301.406
301.583
301.76
301.928
302.49
304.791
306.711
308.121
309.024
309.431
309.348
308.765
307.635
305.917
304.696
304.691
304.949
305.235
305.628
308.335
312.264
314.518
315.25
315.37
314.755
312.93
310.021
306.724
304.99
304.721
304.455
304.208
304.043
305.092
306.616
307.536
307.973
307.938
307.438
306.473
305.025
303.052
301.506
301.456
301.271
301.095
300.92
300.745
300.568
300.386
300.187
300.207
301.183
302.011
301.817
300.639
299.548
299.538
299.526
299.511
299.492
299.469
299.446
299.438
299.805
300.818
300.863
300.218
299.902
300.593
302.312
307.104
309.669
310.479
309.669
307.104
302.312
300.593
299.902
300.218
300.863
300.818
299.805
299.438
299.446
299.469
299.492
299.511
299.526
299.538
299.548
300.639
301.817
302.011
301.183
300.207
300.187
300.386
300.568
300.745
300.92
301.095
301.271
301.456
301.506
303.052
305.025
306.473
307.438
307.938
307.973
307.536
306.616
305.092
304.043
304.208
304.455
304.721
304.99
306.724
310.021
312.93
314.755
315.37
315.721
315.201
313.682
311.319
308.422
305.641
304.511
304.224
303.98
303.736
303.523
304.184
305.208
305.986
306.316
306.222
305.717
304.783
303.4
301.633
301.098
300.949
300.78
300.61
300.438
300.263
300.083
299.896
299.705
299.996
300.851
300.944
300.085
299.185
299.176
299.164
299.146
299.119
299.082
299.026
298.939
299.032
299.453
299.306
299.177
299.529
299.908
302.409
306.753
309.208
309.999
309.208
306.753
302.409
299.908
299.529
299.177
299.306
299.453
299.032
298.939
299.026
299.082
299.119
299.146
299.164
299.176
299.185
300.085
300.944
300.851
299.996
299.705
299.896
300.083
300.263
300.438
300.61
300.78
300.949
301.098
301.633
303.4
304.783
305.717
306.222
306.316
305.986
305.208
304.184
303.523
303.736
303.98
304.224
304.511
305.641
308.422
311.319
313.682
315.201
315.721
316.113
315.644
314.28
312.151
309.494
306.605
304.311
303.994
303.778
303.567
303.375
303.132
302.959
303.45
304.117
304.419
304.388
303.992
303.156
301.867
300.682
300.644
300.464
300.298
300.131
299.961
299.785
299.604
299.422
299.293
299.68
300.024
299.479
298.821
298.815
298.804
298.785
298.756
298.709
298.634
298.496
298.38
298.372
298.734
298.975
299.272
300.254
303.826
307.324
309.41
310.101
309.41
307.324
303.826
300.254
299.272
298.975
298.734
298.372
298.38
298.496
298.634
298.709
298.756
298.785
298.804
298.815
298.821
299.479
300.024
299.68
299.293
299.422
299.604
299.785
299.961
300.131
300.298
300.464
300.644
300.682
301.867
303.156
303.992
304.388
304.419
304.117
303.45
302.959
303.132
303.375
303.567
303.778
303.994
304.311
306.605
309.494
312.151
314.28
315.644
316.113
316.442
315.984
314.64
312.511
309.799
306.855
304.22
303.905
303.667
303.449
303.259
303.032
302.777
302.298
301.993
301.974
302.423
302.642
302.364
301.687
300.583
300.277
300.133
299.982
299.825
299.661
299.49
299.31
299.123
298.921
298.842
299.014
298.773
298.456
298.454
298.449
298.433
298.406
298.363
298.3
298.207
298.113
298.269
298.511
298.763
299.445
301.981
305.552
308.306
310.009
310.583
310.009
308.306
305.552
301.981
299.445
298.763
298.511
298.269
298.113
298.207
298.3
298.363
298.406
298.433
298.449
298.454
298.456
298.773
299.014
298.842
298.921
299.123
299.31
299.49
299.661
299.825
299.982
300.133
300.277
300.583
301.687
302.364
302.642
302.423
301.974
301.993
302.298
302.777
303.032
303.259
303.449
303.667
303.905
304.22
306.855
309.799
312.511
314.64
315.984
316.442
316.687
316.211
314.787
312.452
309.335
306.048
304.346
304.087
303.768
303.444
303.177
302.924
302.601
302.243
301.956
301.589
301.132
300.899
300.973
300.94
300.372
299.825
299.805
299.668
299.523
299.366
299.199
299.022
298.834
298.632
298.406
298.249
297.943
298.072
298.094
298.1
298.09
298.068
298.034
297.994
297.955
297.948
298.073
298.307
298.929
301.036
304.237
307.108
309.338
310.738
311.214
310.738
309.338
307.108
304.237
301.036
298.929
298.307
298.073
297.948
297.955
297.994
298.034
298.068
298.09
298.1
298.094
298.072
297.943
298.249
298.406
298.632
298.834
299.022
299.199
299.366
299.523
299.668
299.805
299.825
300.372
300.94
300.973
300.899
301.132
301.589
301.956
302.243
302.601
302.924
303.177
303.444
303.768
304.087
304.346
306.048
309.335
312.452
314.787
316.211
316.687
316.886
316.383
314.846
312.176
308.181
305.21
304.669
304.321
303.967
303.546
303.205
302.912
302.457
302.113
301.793
301.448
301.103
300.831
300.375
300.034
299.704
299.454
299.474
299.359
299.228
299.079
298.916
298.741
298.556
298.362
298.158
297.953
297.622
297.681
297.748
297.765
297.757
297.737
297.71
297.683
297.67
297.695
297.811
298.196
300.119
303.034
305.846
308.304
310.199
311.39
311.796
311.39
310.199
308.304
305.846
303.034
300.119
298.196
297.811
297.695
297.67
297.683
297.71
297.737
297.757
297.765
297.748
297.681
297.622
297.953
298.158
298.362
298.556
298.741
298.916
299.079
299.228
299.359
299.474
299.454
299.704
300.034
300.375
300.831
301.103
301.448
301.793
302.113
302.457
302.912
303.205
303.546
303.967
304.321
304.669
305.21
308.181
312.176
314.846
316.383
316.886
317.089
316.59
315.039
312.232
307.629
305.61
304.968
304.51
304.371
304.588
304.557
303.793
302.71
302.115
301.651
301.302
300.974
300.647
300.296
300.006
299.612
299.235
299.098
299.062
298.949
298.804
298.641
298.467
298.286
298.098
297.907
297.712
297.508
297.405
297.447
297.45
297.434
297.409
297.381
297.356
297.342
297.348
297.373
298.209
301.219
304.145
306.81
309.061
310.766
311.828
312.189
311.828
310.766
309.061
306.81
304.145
301.219
298.209
297.373
297.348
297.342
297.356
297.381
297.409
297.434
297.45
297.447
297.405
297.508
297.712
297.907
298.098
298.286
298.467
298.641
298.804
298.949
299.062
299.098
299.235
299.612
300.006
300.296
300.647
300.974
301.302
301.651
302.115
302.71
303.793
304.557
304.588
304.371
304.51
304.968
305.61
307.629
312.232
315.039
316.59
317.089
317.292
316.848
315.488
313.107
309.466
306.802
306.13
306.687
307.277
307.465
307.259
306.57
305.417
303.719
302.132
301.314
300.841
300.484
300.152
299.833
299.501
299.213
298.953
298.838
298.699
298.542
298.373
298.198
298.018
297.836
297.656
297.483
297.328
297.226
297.184
297.151
297.117
297.082
297.047
297.016
296.991
296.979
296.986
297.9
301.411
304.515
307.187
309.364
310.976
311.968
312.303
311.968
310.976
309.364
307.187
304.515
301.411
297.9
296.986
296.979
296.991
297.016
297.047
297.082
297.117
297.151
297.184
297.226
297.328
297.483
297.656
297.836
298.018
298.198
298.373
298.542
298.699
298.838
298.953
299.213
299.501
299.833
300.152
300.484
300.841
301.314
302.132
303.719
305.417
306.57
307.259
307.465
307.277
306.687
306.13
306.802
309.466
313.107
315.488
316.848
317.292
317.382
317.021
315.957
314.259
312.157
310.49
309.737
309.664
309.768
309.736
309.443
308.812
307.823
306.485
304.924
303.05
301.415
300.494
299.992
299.671
299.342
299.063
298.823
298.638
298.464
298.289
298.11
297.929
297.748
297.569
297.396
297.234
297.093
296.984
296.908
296.849
296.798
296.751
296.707
296.665
296.625
296.588
296.556
297.078
301.011
304.319
307.06
309.231
310.808
311.765
312.086
311.765
310.808
309.231
307.06
304.319
301.011
297.078
296.556
296.588
296.625
296.665
296.707
296.751
296.798
296.849
296.908
296.984
297.093
297.234
297.396
297.569
297.748
297.929
298.11
298.289
298.464
298.638
298.823
299.063
299.342
299.671
299.992
300.494
301.415
303.05
304.924
306.485
307.823
308.812
309.443
309.736
309.768
309.664
309.737
310.49
312.157
314.259
315.957
317.021
317.382
317.194
316.899
316.058
314.815
313.437
312.325
311.697
311.467
311.393
311.269
310.966
310.411
309.577
308.473
307.142
305.603
303.953
302.056
300.483
299.633
299.129
298.871
298.635
298.425
298.228
298.036
297.847
297.659
297.473
297.292
297.12
296.961
296.821
296.705
296.613
296.537
296.472
296.414
296.36
296.308
296.254
296.189
296.091
296.237
300.243
303.689
306.503
308.692
310.258
311.198
311.512
311.198
310.258
308.692
306.503
303.689
300.243
296.237
296.091
296.189
296.254
296.308
296.36
296.414
296.472
296.537
296.613
296.705
296.821
296.961
297.12
297.292
297.473
297.659
297.847
298.036
298.228
298.425
298.635
298.871
299.129
299.633
300.483
302.056
303.953
305.603
307.142
308.473
309.577
310.411
310.966
311.269
311.393
311.467
311.697
312.325
313.437
314.815
316.058
316.899
317.194
316.597
316.323
315.562
314.505
313.451
312.675
312.259
312.112
312.07
311.981
311.741
311.289
310.603
309.689
308.568
307.266
305.815
304.209
302.521
300.616
299.203
298.652
298.419
298.196
297.983
297.778
297.578
297.382
297.19
297.005
296.829
296.667
296.523
296.4
296.297
296.211
296.136
296.07
296.01
295.951
295.89
295.819
295.722
295.754
299.132
302.691
305.57
307.777
309.333
310.258
310.565
310.258
309.333
307.777
305.57
302.691
299.132
295.754
295.722
295.819
295.89
295.951
296.01
296.07
296.136
296.211
296.297
296.4
296.523
296.667
296.829
297.005
297.19
297.382
297.578
297.778
297.983
298.196
298.419
298.652
299.203
300.616
302.521
304.209
305.815
307.266
308.568
309.689
310.603
311.289
311.741
311.981
312.07
312.112
312.259
312.675
313.451
314.505
315.562
316.323
316.597
315.547
315.232
314.363
313.192
312.188
311.665
311.552
311.652
311.794
311.846
311.727
311.4
310.857
310.11
309.177
308.079
306.833
305.445
303.921
302.21
300.274
298.707
298.191
297.953
297.726
297.511
297.303
297.099
296.898
296.704
296.52
296.351
296.201
296.072
295.962
295.869
295.789
295.718
295.654
295.593
295.532
295.473
295.424
295.435
297.603
301.372
304.311
306.512
308.039
308.937
309.232
308.937
308.039
306.512
304.311
301.372
297.603
295.435
295.424
295.473
295.532
295.593
295.654
295.718
295.789
295.869
295.962
296.072
296.201
296.351
296.52
296.704
296.898
297.099
297.303
297.511
297.726
297.953
298.191
298.707
300.274
302.21
303.921
305.445
306.833
308.079
309.177
310.11
310.857
311.4
311.727
311.846
311.794
311.652
311.552
311.665
312.188
313.192
314.363
315.232
315.547
314.126
313.697
312.467
310.712
309.444
309.245
309.633
310.15
310.608
310.881
310.921
310.726
310.316
309.716
308.951
308.038
306.993
305.818
304.507
303.032
301.359
299.437
297.912
297.696
297.455
297.234
297.021
296.809
296.597
296.389
296.192
296.013
295.856
295.721
295.607
295.511
295.429
295.357
295.292
295.23
295.171
295.113
295.063
295.044
295.993
299.882
302.791
304.92
306.376
307.217
307.49
307.217
306.376
304.92
302.791
299.882
295.993
295.044
295.063
295.113
295.171
295.23
295.292
295.357
295.429
295.511
295.607
295.721
295.856
296.013
296.192
296.389
296.597
296.809
297.021
297.234
297.455
297.696
297.912
299.437
301.359
303.032
304.507
305.818
306.993
308.038
308.951
309.716
310.316
310.726
310.921
310.881
310.608
310.15
309.633
309.245
309.444
310.712
312.467
313.697
314.126
312.565
311.962
310.094
306.773
304.669
305.253
306.584
307.708
308.605
309.15
309.349
309.268
308.966
308.489
307.871
307.131
306.282
305.326
304.256
303.054
301.694
300.15
298.405
297.285
297.16
296.947
296.736
296.516
296.288
296.061
295.845
295.651
295.485
295.346
295.231
295.136
295.056
294.986
294.923
294.863
294.804
294.741
294.67
294.576
294.783
298.376
301.051
303.002
304.326
305.066
305.295
305.066
304.326
303.002
301.051
298.376
294.783
294.576
294.67
294.741
294.804
294.863
294.923
294.986
295.056
295.136
295.231
295.346
295.485
295.651
295.845
296.061
296.288
296.516
296.736
296.947
297.16
297.285
298.405
300.15
301.694
303.054
304.256
305.326
306.282
307.131
307.871
308.489
308.966
309.268
309.349
309.15
308.605
307.708
306.584
305.253
304.669
306.773
310.094
311.962
312.565
311.209
310.491
308.218
304.037
302.973
302.504
303.071
304.494
305.956
306.762
307.06
307.03
306.789
306.404
305.912
305.334
304.679
303.949
303.138
302.232
301.214
300.067
298.782
297.417
296.818
296.656
296.455
296.227
295.976
295.718
295.471
295.258
295.083
294.944
294.833
294.743
294.669
294.605
294.548
294.493
294.437
294.374
294.297
294.183
294.215
296.833
299.034
300.712
301.861
302.425
302.558
302.425
301.861
300.712
299.034
296.833
294.215
294.183
294.297
294.374
294.437
294.493
294.548
294.605
294.669
294.743
294.833
294.944
295.083
295.258
295.471
295.718
295.976
296.227
296.455
296.656
296.818
297.417
298.782
300.067
301.214
302.232
303.138
303.949
304.679
305.334
305.912
306.404
306.789
307.03
307.06
306.762
305.956
304.494
303.071
302.504
302.973
304.037
308.218
310.491
311.209
310.29
309.576
307.367
303.496
302.452
302.185
301.921
302.007
302.974
303.884
304.098
304.002
303.756
303.426
303.04
302.612
302.15
301.653
301.115
300.522
299.862
299.121
298.278
297.262
296.437
296.388
296.199
295.957
295.67
295.36
295.062
294.822
294.643
294.51
294.41
294.332
294.269
294.215
294.168
294.122
294.074
294.019
293.956
293.891
293.894
295.047
296.541
297.95
298.981
299.214
299.087
299.214
298.981
297.95
296.541
295.047
293.894
293.891
293.956
294.019
294.074
294.122
294.168
294.215
294.269
294.332
294.41
294.51
294.643
294.822
295.062
295.36
295.67
295.957
296.199
296.388
296.437
297.262
298.278
299.121
299.862
300.522
301.115
301.653
302.15
302.612
303.04
303.426
303.756
304.002
304.098
303.884
302.974
302.007
301.921
302.185
302.452
303.496
307.367
309.576
310.29
309.799
309.157
307.238
304.106
302.005
301.85
301.596
301.34
301.026
300.768
300.455
300.144
299.846
299.565
299.295
299.035
298.778
298.52
298.255
297.978
297.691
297.393
297.086
296.769
296.394
296.138
295.992
295.728
295.385
294.987
294.59
294.325
294.154
294.041
293.961
293.902
293.855
293.817
293.782
293.749
293.713
293.671
293.615
293.529
293.354
293.099
293.132
294.565
295.899
295.364
294.362
295.364
295.899
294.565
293.132
293.099
293.354
293.529
293.615
293.671
293.713
293.749
293.782
293.817
293.855
293.902
293.961
294.041
294.154
294.325
294.59
294.987
295.385
295.728
295.992
296.138
296.394
296.769
297.086
297.393
297.691
297.978
298.255
298.52
298.778
299.035
299.295
299.565
299.846
300.144
300.455
300.768
301.026
301.34
301.596
301.85
302.005
304.106
307.238
309.157
309.799
309.591
309.014
307.326
304.684
301.708
301.553
301.348
301.159
300.96
300.708
300.385
300.091
299.806
299.534
299.272
299.016
298.762
298.507
298.243
297.967
297.681
297.385
297.079
296.766
296.446
296.163
295.901
295.574
295.151
294.609
293.983
293.729
293.605
293.534
293.489
293.456
293.431
293.411
293.393
293.375
293.356
293.333
293.3
293.251
293.173
293.084
293.061
293.104
293.737
293.328
293.055
293.328
293.737
293.104
293.061
293.084
293.173
293.251
293.3
293.333
293.356
293.375
293.393
293.411
293.431
293.456
293.489
293.534
293.605
293.729
293.983
294.609
295.151
295.574
295.901
296.163
296.446
296.766
297.079
297.385
297.681
297.967
298.243
298.507
298.762
299.016
299.272
299.534
299.806
300.091
300.385
300.708
300.96
301.159
301.348
301.553
301.708
304.684
307.326
309.014
309.591
309.537
308.983
307.367
304.835
301.621
301.435
301.274
301.114
300.93
300.685
300.389
300.097
299.813
299.54
299.276
299.019
298.763
298.505
298.239
297.963
297.677
297.382
297.078
296.767
296.456
296.164
295.87
295.514
295.033
294.314
293
293
293
293
293
293
293
293
293
293
293
293
293
293
293
293
293
293
293
293
293
293
293
293
293
293
293
293
293
293
293
293
293
293
293
293
293
293
293
293
293
294.314
295.033
295.514
295.87
296.164
296.456
296.767
297.078
297.382
297.677
297.963
298.239
298.505
298.763
299.019
299.276
299.54
299.813
300.097
300.389
300.685
300.93
301.114
301.274
301.435
301.621
304.835
307.367
308.983
309.537
