332.265
328.862
318.409
300.46
300.368
300.05
299.745
299.293
298.712
298.154
297.596
297.049
296.532
295.946
294.976
293
293
293
293
293
293
293
293
293
293
293
293
293
293
293
293
293
293
293
293
293
294.975
295.944
296.53
297.046
297.593
298.15
298.707
299.288
299.739
300.043
300.361
300.453
318.386
328.83
332.229
333.667
330.387
320.163
301.564
300.486
300.039
299.812
299.352
298.693
298.148
297.585
297.027
296.56
296.132
295.472
294.601
294.246
294.056
293.914
293.753
293.519
293.249
293.151
293.141
293.891
296.848
293.893
293.141
293.151
293.249
293.519
293.753
293.913
294.056
294.245
294.6
295.471
296.13
296.558
297.024
297.582
298.144
298.689
299.346
299.806
300.032
300.479
301.556
320.137
330.352
333.629
337.629
334.857
326.299
310.916
301.772
300.265
299.922
299.535
298.856
298.239
297.646
297.058
296.56
296.538
296.167
295.673
295.314
295.054
294.832
294.568
294.062
293.313
293.203
294.32
299.221
302.796
299.224
294.324
293.203
293.312
294.062
294.567
294.831
295.053
295.312
295.672
296.166
296.536
296.558
297.056
297.642
298.235
298.851
299.528
299.915
300.258
301.763
310.895
326.262
334.812
337.582
343.135
341.113
335.265
326.681
319.651
315.447
312.547
310.156
307.903
305.591
302.964
299.741
297.345
297.281
296.973
296.598
296.269
296.001
295.781
295.613
295.599
298.804
303.554
307.008
310.284
311.892
310.286
307.011
303.557
298.81
295.598
295.611
295.779
296
296.267
296.597
296.971
297.279
297.342
299.748
302.96
305.578
307.878
310.12
312.502
315.398
319.601
326.628
335.208
341.053
343.075
348.688
347.193
342.967
336.908
330.734
325.335
320.664
316.642
313.008
309.26
304.879
299.778
298.851
298.254
297.834
297.466
297.15
296.889
296.666
296.49
296.528
304.716
311.199
315.875
319.015
320.2
319.017
315.878
311.203
304.719
296.525
296.487
296.664
296.886
297.148
297.464
297.832
298.252
298.849
299.784
304.873
309.239
312.965
316.573
320.576
325.244
330.646
336.826
342.888
347.116
348.612
353.229
352.004
348.502
343.25
337.041
330.497
324.13
318.742
314.227
309.56
303.519
299.616
299.453
299.039
298.632
298.268
297.966
297.724
297.493
297.142
297.407
308.576
316.653
322.276
325.703
326.877
325.705
322.28
316.658
308.58
297.407
297.137
297.489
297.722
297.963
298.266
298.629
299.037
299.45
299.613
303.514
309.54
314.17
318.632
323.984
330.355
336.915
343.14
348.403
351.912
353.14
356.222
355.092
351.788
346.549
339.683
331.483
322.618
315.969
311.596
307.237
301.393
300.889
300.292
299.805
299.372
298.998
298.707
298.538
298.426
298.303
299.45
311.528
320.562
326.874
330.642
331.902
330.644
326.879
320.569
311.539
299.469
298.302
298.423
298.535
298.705
298.995
299.37
299.803
300.29
300.887
301.392
307.236
311.543
315.799
322.375
331.276
339.519
346.415
351.674
354.989
356.123
357.476
356.353
353.008
347.475
339.66
329.131
314.891
306.927
304.955
303.548
302.11
301.551
301.008
300.506
300.042
299.63
299.316
299.283
299.358
299.48
300.873
313.524
323.193
330.016
334.088
335.445
334.091
330.021
323.202
313.537
300.895
299.474
299.354
299.279
299.313
299.627
300.04
300.504
301.006
301.549
302.104
303.567
304.971
306.657
314.446
328.855
339.468
347.329
352.888
356.246
357.374
356.978
355.835
352.416
346.684
338.352
326.492
308.538
305.336
304.29
303.25
302.705
302.187
301.67
301.156
300.648
300.152
299.631
299.907
300.231
300.678
301.214
314.503
324.671
331.907
336.25
337.699
336.253
331.913
324.679
314.512
301.222
300.673
300.226
299.903
299.627
300.15
300.647
301.154
301.669
302.186
302.706
303.255
304.313
305.395
308.126
326.234
338.169
346.545
352.302
355.734
356.881
354.765
353.593
350.137
344.493
336.569
325.95
312.01
304.675
303.99
303.665
303.259
302.807
302.318
301.786
301.232
301.549
300.899
300.472
300.968
301.275
301.343
314.604
325.081
332.692
337.304
338.849
337.308
332.7
325.09
314.611
301.341
301.272
300.963
300.467
300.899
301.546
301.231
301.785
302.318
302.808
303.26
303.67
303.999
304.685
311.857
325.788
336.431
344.379
350.041
353.507
354.683
350.896
349.636
346.045
340.581
333.484
324.727
314.686
305.359
304.195
304.143
303.844
303.455
302.996
302.425
303.388
305.575
304.139
301.866
301.88
302.016
302.066
313.497
324.355
332.477
337.426
339.086
337.432
332.488
324.368
313.509
302.061
302.01
301.874
301.861
304.148
305.58
303.388
302.425
302.996
303.455
303.846
304.146
304.201
305.338
314.608
324.629
333.39
340.498
345.974
349.572
350.835
345.547
344.008
339.829
334.302
328.058
320.789
312.737
306.152
305.317
304.855
304.507
304.159
303.774
303.811
307.182
309.616
307.938
302.693
302.659
302.829
302.956
309.515
322.363
331.435
336.837
338.635
336.846
331.451
322.386
309.543
302.947
302.823
302.649
302.685
307.949
309.625
307.186
303.811
303.775
304.159
304.508
304.857
305.318
306.133
312.684
320.732
328
334.249
339.786
343.973
345.513
339.275
337.022
330.959
324.739
319.659
313.634
308.358
306.126
305.778
305.443
305.156
304.886
304.564
307.293
312.181
313.769
311.339
304.148
303.249
303.674
304.019
305.209
320.149
330.062
335.853
337.772
335.865
330.085
320.181
305.251
304.008
303.673
303.25
304.203
311.37
313.787
312.19
307.295
304.564
304.887
305.157
305.444
305.778
306.126
308.347
313.615
319.63
324.712
330.949
337.018
339.273
333.51
329.846
318.251
310.149
308.509
307.961
306.919
306.504
306.214
305.97
305.777
305.655
305.684
311.67
316.483
317.941
315.501
308.745
304.556
304.588
304.8
304.992
318.961
328.813
334.741
336.734
334.756
328.845
319.003
305.021
304.811
304.599
304.572
308.811
315.54
317.963
316.494
311.675
305.684
305.655
305.777
305.97
306.214
306.504
306.918
307.96
308.507
310.135
318.283
329.879
333.542
331.073
326.604
311.601
309.353
308.404
307.939
307.194
306.752
306.592
306.433
306.313
306.261
306.299
314.634
320.14
322.01
319.979
314.08
305.551
305.308
305.609
305.934
317.906
327.487
333.563
335.668
333.579
327.534
317.978
306.005
305.64
305.329
305.575
314.14
320.016
322.03
320.15
314.639
306.3
306.261
306.313
306.433
306.592
306.752
307.194
307.938
308.402
309.346
311.711
326.676
331.135
333.573
329.9
318.358
310.336
308.504
307.973
307.181
307.032
306.958
306.844
306.77
306.763
306.807
316.896
323.432
325.98
324.326
318.345
308.14
307.613
307.951
310.284
316.254
325.667
332.356
334.795
332.36
325.736
316.409
310.538
308.156
307.748
308.271
318.412
324.355
325.991
323.436
316.898
306.807
306.763
306.77
306.844
306.958
307.032
307.18
307.972
308.503
310.416
318.475
329.983
333.646
339.42
337.068
330.746
324.171
318.678
312.821
307.98
307.348
307.352
307.202
307.148
307.203
307.254
319.035
326.714
330.151
329
322.847
313.099
310.31
311.148
313.004
315.294
322.627
331.399
334.797
331.328
322.692
315.464
313.202
311.339
310.473
313.295
322.895
329.001
330.141
326.706
319.031
307.253
307.203
307.148
307.202
307.352
307.348
307.977
312.824
318.693
324.223
330.817
337.135
339.484
345.97
344.205
339.392
332.983
325.941
318.502
310.607
309.404
307.887
307.452
307.406
307.633
308.06
321.323
330.237
334.909
334.677
328.399
320.289
315.085
313.845
315.156
318.048
321.348
332.691
337.665
332.754
321.328
318.184
315.335
314.032
315.275
320.618
328.327
334.612
334.868
330.216
321.315
308.059
307.633
307.406
307.452
307.887
309.401
310.599
318.505
325.958
333.017
339.439
344.255
346.02
352.05
350.389
345.635
338.427
329.603
320.825
315.07
312.967
311.033
309.494
309.937
312.032
313.783
324.185
334.004
340.572
342.4
338.227
330.458
322.857
321.127
321.547
321.215
328.692
340.69
346.418
341.498
329.591
321.436
321.731
321.289
322.965
330.287
337.868
342.252
340.503
333.974
324.177
313.783
312.033
309.937
309.494
311.032
312.965
315.069
320.827
329.615
338.45
345.667
350.426
352.088
357.453
355.667
350.331
341.486
329.221
321.278
318.681
316.089
313.573
311.888
314.331
318.428
322.426
327.527
337.022
346.974
352.126
352.819
350.746
348.219
347.448
348.041
349.623
353.9
359.282
361.818
359.635
354.334
349.878
348.217
347.569
348.268
350.673
352.67
352.024
346.918
337.002
327.523
322.424
318.428
314.328
311.887
313.572
316.088
318.681
321.278
329.227
341.501
350.353
355.693
357.48
362.427
360.494
354.536
343.965
327.361
324.081
321.639
320.046
322.571
325.345
324.925
324.748
326.989
329.63
339.444
354.175
362.31
366.176
367.491
367.828
368.406
369.548
371.335
374.004
376.721
377.939
376.889
374.235
371.525
369.69
368.501
367.869
367.47
366.116
362.257
354.144
339.438
329.626
326.988
324.754
324.93
325.347
322.571
320.046
321.639
324.082
327.363
343.974
354.551
360.512
362.446
367.269
365.345
359.356
348.475
330.615
326.748
325.791
329.763
335.598
338.313
337.938
334.441
331.319
336.723
349.745
363.973
372.764
378.085
381.215
383.195
384.799
386.408
388.167
390.058
391.659
392.327
391.746
390.191
388.297
386.516
384.876
383.237
381.222
378.068
372.744
363.962
349.75
336.731
331.32
334.443
337.94
338.315
335.6
329.763
325.792
326.748
330.617
348.481
359.366
365.357
367.282
371.958
370.263
365.067
355.964
341.928
333.734
337.082
343.361
347.747
350.37
351.418
351.531
352.668
357.548
365.934
375.208
382.689
388.183
392.09
394.939
397.185
399.119
400.867
402.404
403.528
403.964
403.579
402.486
400.957
399.201
397.25
394.981
392.112
388.189
382.69
375.209
365.941
357.555
352.674
351.536
351.421
350.373
347.749
343.362
337.082
333.735
341.93
355.968
365.073
370.27
371.966
376.039
374.68
370.684
364.386
356.892
352.162
352.271
354.851
357.659
360.003
361.831
363.597
366.277
370.865
377.236
384.234
390.602
395.866
400.025
403.284
405.885
408.017
409.777
411.164
412.086
412.423
412.118
411.219
409.843
408.082
405.941
403.327
400.056
395.886
390.616
384.246
377.248
370.876
366.286
363.604
361.837
360.007
357.662
354.853
352.273
352.163
356.893
364.388
370.688
374.685
376.043
378.836
377.736
374.604
370.003
365.092
361.752
360.991
362.112
364.037
366.15
368.307
370.75
373.976
378.4
383.911
389.892
395.618
400.654
404.861
408.285
411.054
413.287
415.061
416.387
417.227
417.524
417.251
416.429
415.113
413.342
411.105
408.33
404.897
400.684
395.642
389.912
383.928
378.415
373.988
370.759
368.314
366.156
364.04
362.114
360.992
361.753
365.092
370.003
374.605
377.737
378.837
379.832
378.825
375.992
371.93
367.72
364.764
363.829
364.57
366.225
368.255
370.497
373.118
376.479
380.848
386.117
391.803
397.324
402.273
406.478
409.944
412.757
415.017
416.792
418.098
418.912
419.196
418.932
418.134
416.838
415.068
412.807
409.991
406.52
402.31
397.356
391.83
386.139
380.866
376.494
373.13
370.505
368.261
366.228
364.572
363.83
364.764
367.719
371.929
375.99
378.823
379.83
378.841
377.741
374.608
370.006
365.094
361.754
360.992
362.113
364.037
366.15
368.306
370.748
373.974
378.396
383.904
389.88
395.602
400.634
404.836
408.254
411.013
413.233
414.99
416.3
417.126
417.417
417.147
416.337
415.038
413.285
411.065
408.305
404.884
400.678
395.641
389.914
383.932
378.418
373.991
370.761
368.315
366.156
364.04
362.114
360.992
361.752
365.091
370.003
374.604
377.736
378.836
376.049
374.69
370.692
364.392
356.896
352.165
352.273
354.852
357.659
360.002
361.829
363.594
366.272
370.857
377.223
384.212
390.571
395.826
399.977
403.224
405.808
407.913
409.637
410.985
411.876
412.199
411.902
411.029
409.69
407.969
405.864
403.28
400.032
395.878
390.618
384.253
377.256
370.883
366.291
363.608
361.839
360.008
357.663
354.852
352.272
352.162
356.892
364.386
370.686
374.682
376.041
371.975
370.279
365.08
355.973
341.933
333.737
337.084
343.362
347.747
350.369
351.415
351.527
352.662
357.539
365.917
375.175
382.642
388.123
392.021
394.857
397.081
398.973
400.66
402.127
403.192
403.603
403.231
402.187
400.725
399.036
397.142
394.92
392.085
388.186
382.699
375.223
365.956
357.567
352.682
351.541
351.424
350.374
347.749
343.361
337.081
333.733
341.928
355.965
365.07
370.267
371.963
367.294
365.369
359.375
348.488
330.62
326.751
325.794
329.765
335.599
338.312
337.935
334.436
331.312
336.721
349.733
363.931
372.698
378.002
381.128
383.104
384.684
386.239
387.904
389.67
391.163
391.789
391.233
389.765
387.987
386.308
384.748
383.172
381.204
378.08
372.768
363.987
349.776
336.75
331.328
334.449
337.943
338.316
335.599
329.762
325.789
326.746
330.615
348.478
359.361
365.353
367.277
362.463
360.528
354.565
343.984
327.367
324.084
321.642
320.048
322.572
325.344
324.923
324.744
326.98
329.617
339.424
354.117
362.216
366.058
367.386
367.746
368.314
369.395
371.046
373.487
376.001
377.158
376.146
373.651
371.149
369.461
368.371
367.815
367.48
366.163
362.305
354.18
339.46
329.633
326.993
324.758
324.933
325.347
322.57
320.044
321.637
324.079
327.361
343.97
354.545
360.505
362.439
357.503
355.715
350.372
341.515
329.234
321.281
318.683
316.09
313.573
311.888
314.329
318.425
322.419
327.515
336.989
346.897
351.993
352.628
350.612
348.179
347.43
347.98
349.4
353.231
358.196
360.696
358.541
353.546
349.497
348.015
347.462
348.236
350.736
352.787
352.108
346.97
337.027
327.533
322.429
318.432
314.33
311.887
313.57
316.086
318.678
321.276
329.223
341.495
350.345
355.683
357.47
352.119
350.456
345.694
338.47
329.627
320.832
315.071
312.967
311.033
309.495
309.937
312.032
313.781
324.171
333.963
340.487
342.233
337.849
330.259
322.929
321.249
321.695
321.343
327.843
338.857
344.89
339.775
328.497
321.28
321.639
321.225
322.935
330.444
338.143
342.371
340.563
334.005
324.19
313.786
312.035
309.937
309.493
311.03
312.963
315.066
320.824
329.61
338.442
345.656
350.413
352.075
346.062
344.296
339.476
333.045
325.975
318.513
310.601
309.402
307.888
307.453
307.406
307.634
308.06
321.31
330.207
334.857
334.6
328.323
320.595
315.25
314.01
315.367
318.322
321.874
330.712
336.234
331.526
321.46
318.156
315.283
313.971
315.208
320.42
328.374
334.668
334.908
330.24
321.326
308.059
307.633
307.405
307.451
307.885
309.398
310.594
318.504
325.954
333.006
339.424
344.238
346.004
339.538
337.189
330.87
324.259
318.715
312.832
307.978
307.348
307.352
307.203
307.149
307.203
307.254
319.028
326.699
330.132
328.989
322.88
313.261
310.446
311.311
313.199
315.513
322.747
330.222
333.806
330.565
322.572
315.414
313.143
311.281
310.419
313.239
322.888
329.018
330.161
326.721
319.039
307.253
307.202
307.148
307.201
307.351
307.346
307.975
312.83
318.696
324.206
330.794
337.113
339.463
333.712
330.053
318.56
310.458
308.503
307.971
307.181
307.033
306.959
306.845
306.771
306.764
306.808
316.895
323.43
325.982
324.343
318.396
308.248
307.723
308.098
310.474
316.375
325.561
331.812
334.205
331.89
325.515
316.316
310.465
308.098
307.706
308.23
318.397
324.356
325.998
323.444
316.903
306.807
306.763
306.77
306.843
306.958
307.032
307.179
307.97
308.501
310.378
318.437
329.956
333.622
331.203
326.752
311.818
309.342
308.401
307.937
307.194
306.752
306.593
306.434
306.315
306.262
306.301
314.636
320.145
322.022
320.005
314.126
305.594
305.349
305.657
305.999
317.921
327.364
333.261
335.313
333.274
327.341
317.878
305.976
305.622
305.313
305.559
314.125
320.011
322.031
320.154
314.643
306.299
306.261
306.313
306.432
306.592
306.751
307.192
307.936
308.4
309.341
311.693
326.655
331.113
333.595
329.937
318.354
310.165
308.506
307.959
306.919
306.505
306.215
305.971
305.778
305.657
305.686
311.673
316.491
317.957
315.53
308.792
304.591
304.621
304.835
305.035
318.947
328.714
334.555
336.512
334.553
328.697
318.919
305.003
304.799
304.587
304.559
308.793
315.532
317.961
316.497
311.678
305.684
305.655
305.777
305.97
306.213
306.503
306.917
307.958
308.506
310.157
318.287
329.862
333.52
339.304
337.05
330.978
324.727
319.631
313.609
308.348
306.126
305.779
305.445
305.158
304.889
304.567
307.296
312.189
313.784
311.364
304.189
303.271
303.698
304.039
305.247
320.133
329.991
335.733
337.628
335.727
329.977
320.111
305.221
304.003
303.666
303.242
304.186
311.362
313.786
312.193
307.298
304.566
304.887
305.157
305.443
305.777
306.125
308.331
313.59
319.606
324.693
330.926
336.989
339.241
345.522
343.98
339.788
334.24
327.98
320.707
312.672
306.115
305.318
304.858
304.51
304.162
303.778
303.814
307.184
309.626
307.955
302.71
302.675
302.847
302.973
309.535
322.349
331.384
336.757
338.539
336.75
331.371
322.329
309.511
302.943
302.818
302.645
302.68
307.945
309.626
307.194
303.812
303.774
304.159
304.508
304.857
305.316
306.093
312.629
320.676
327.947
334.201
339.741
343.927
345.468
350.824
349.559
345.954
340.466
333.342
324.566
314.536
305.317
304.202
304.147
303.848
303.459
303
302.43
303.389
305.581
304.152
301.881
301.895
302.031
302.081
313.505
324.342
332.441
337.371
339.02
337.365
332.429
324.324
313.482
302.056
302.006
301.869
301.856
304.143
305.581
303.395
302.424
302.996
303.455
303.846
304.148
304.205
305.296
314.519
324.536
333.306
340.425
345.909
349.511
350.775
354.657
353.479
350.004
344.326
336.356
325.677
311.699
304.7
303.995
303.67
303.263
302.812
302.322
301.79
301.236
301.55
300.907
300.482
300.98
301.289
301.357
314.61
325.072
332.668
337.267
338.804
337.261
332.656
325.055
314.589
301.335
301.267
300.959
300.464
300.896
301.546
301.23
301.784
302.317
302.808
303.261
303.671
304.001
304.703
311.697
325.644
336.315
344.283
349.959
353.433
354.611
356.846
355.696
352.255
346.481
338.077
326.089
307.864
305.358
304.287
303.255
302.711
302.192
301.675
301.16
300.653
300.157
299.638
299.916
300.241
300.691
301.236
314.513
324.668
331.892
336.224
337.667
336.219
331.881
324.651
314.491
301.209
300.669
300.223
299.9
299.625
300.149
300.646
301.154
301.668
302.186
302.706
303.257
304.314
305.401
307.791
326.03
338.026
346.434
352.21
355.652
356.802
357.334
356.204
352.838
347.266
339.384
328.741
314.295
306.591
304.903
303.537
302.116
301.557
301.013
300.51
300.047
299.635
299.322
299.29
299.366
299.487
300.908
313.54
323.195
330.007
334.071
335.423
334.066
329.996
323.178
313.515
300.87
299.472
299.352
299.277
299.311
299.626
300.039
300.503
301.005
301.548
302.102
303.567
304.957
306.5
314.162
328.662
339.327
347.218
352.794
356.162
357.293
356.083
354.948
351.627
346.36
339.451
331.195
322.29
315.74
311.496
307.205
301.398
300.894
300.296
299.81
299.376
299.002
298.712
298.544
298.432
298.311
299.481
311.542
320.566
326.869
330.631
331.886
330.626
326.86
320.551
311.521
299.447
298.299
298.422
298.534
298.703
298.994
299.369
299.803
300.289
300.886
301.385
307.217
311.496
315.689
322.217
331.134
339.401
346.316
351.588
354.91
356.046
353.104
351.876
348.364
343.096
336.865
330.3
323.93
318.588
314.137
309.52
303.513
299.62
299.456
299.043
298.635
298.272
297.97
297.728
297.496
297.143
297.413
308.583
316.656
322.274
325.696
326.867
325.692
322.266
316.645
308.57
297.404
297.138
297.489
297.721
297.962
298.265
298.629
299.036
299.45
299.614
303.504
309.517
314.126
318.557
323.886
330.257
336.825
343.06
348.33
351.843
353.071
348.583
347.087
342.858
336.794
330.613
325.21
320.543
316.546
312.945
309.226
304.869
299.783
298.855
298.257
297.837
297.469
297.153
296.892
296.669
296.492
296.529
304.722
311.202
315.874
319.011
320.193
319.008
315.868
311.194
304.712
296.525
296.487
296.664
296.886
297.148
297.463
297.832
298.252
298.849
299.776
304.862
309.219
312.932
316.525
320.516
325.181
330.585
336.766
342.83
347.059
348.555
343.052
341.031
335.187
326.61
319.585
315.382
312.486
310.107
307.869
305.572
302.957
299.743
297.347
297.283
296.975
296.601
296.271
296.003
295.783
295.615
295.602
298.814
303.557
307.009
310.282
311.887
310.279
307.004
303.551
298.803
295.598
295.611
295.779
295.999
296.267
296.596
296.971
297.278
297.342
299.743
302.953
305.566
307.86
310.095
312.471
315.365
319.567
326.59
335.166
341.009
343.03
337.565
334.797
326.25
310.89
301.762
300.258
299.916
299.529
298.852
298.236
297.644
297.058
296.561
296.539
296.169
295.674
295.315
295.055
294.834
294.569
294.063
293.312
293.203
294.322
299.222
302.793
299.217
294.318
293.203
293.312
294.062
294.567
294.831
295.053
295.312
295.671
296.165
296.536
296.557
297.054
297.64
298.232
298.848
299.525
299.911
300.253
301.757
310.88
326.235
334.779
337.547
333.616
330.34
320.129
301.556
300.479
300.033
299.806
299.347
298.69
298.146
297.584
297.026
296.561
296.133
295.473
294.602
294.246
294.057
293.914
293.754
293.519
293.249
293.151
293.141
293.892
296.846
293.889
293.141
293.151
293.249
293.519
293.753
293.913
294.056
294.245
294.6
295.47
296.13
296.557
297.023
297.58
298.142
298.686
299.343
299.802
300.028
300.474
301.55
320.118
330.326
333.601
332.218
328.82
318.38
300.453
300.361
300.043
299.739
299.289
298.708
298.152
297.595
297.048
296.532
295.947
294.976
293
293
293
293
293
293
293
293
293
293
293
293
293
293
293
293
293
293
293
293
293
294.974
295.944
296.529
297.045
297.591
298.148
298.704
299.284
299.735
300.039
300.356
300.448
318.37
328.807
332.204
