332.086
329.028
319.682
313.637
310.164
307.603
305.603
303.572
301.872
300.334
298.936
297.63
296.422
295.783
294.86
293
293
293
293
293
293
293
293
293
293
293
293
293
293
293
293
293
293
293
293
293
294.86
295.783
296.422
297.63
298.936
300.334
301.872
303.572
305.603
307.603
310.164
313.637
319.682
329.028
332.086
333.144
330.174
321.057
314.982
311.505
308.368
305.888
303.655
301.921
300.377
298.95
297.601
296.321
295.918
295.322
294.508
294.176
294.004
293.882
293.759
293.598
293.393
293.203
293.162
293.314
294.88
293.314
293.162
293.203
293.393
293.598
293.759
293.882
294.004
294.176
294.508
295.322
295.918
296.321
297.601
298.95
300.377
301.921
303.655
305.888
308.368
311.505
314.982
321.057
330.174
333.144
336.141
333.488
325.281
318.798
314.724
310.665
307.686
305.046
302.759
300.903
299.275
297.717
296.364
296.322
295.989
295.521
295.181
294.945
294.753
294.542
294.229
293.759
293.244
293.421
297.602
300.678
297.602
293.421
293.244
293.759
294.229
294.542
294.753
294.945
295.181
295.521
295.989
296.322
296.364
297.717
299.275
300.903
302.759
305.046
307.686
310.665
314.724
318.798
325.281
333.488
336.141
340.446
338.389
332.151
325.632
322.311
320.24
317.684
314.533
311.135
307.574
303.707
299.199
297.28
297.144
296.78
296.392
296.071
295.83
295.629
295.414
295.117
295.227
300.147
303.961
307.224
308.747
307.224
303.961
300.147
295.227
295.117
295.414
295.629
295.83
296.071
296.392
296.78
297.144
297.28
299.199
303.707
307.574
311.135
314.533
317.684
320.24
322.311
325.632
332.151
338.389
340.446
344.863
343.488
339.732
335.232
331.414
328.003
324.373
320.275
315.68
310.556
304.814
299.176
298.603
298.037
297.583
297.185
296.87
296.661
296.508
296.358
296.159
297.117
305.44
311.052
314.585
315.865
314.585
311.052
305.44
297.117
296.159
296.358
296.508
296.661
296.87
297.185
297.583
298.037
298.603
299.176
304.814
310.556
315.68
320.275
324.373
328.003
331.414
335.232
339.732
343.488
344.863
348.031
346.969
344.078
340.205
336.131
331.986
327.532
322.513
316.753
310.157
303.054
299.696
299.315
298.805
298.319
297.881
297.55
297.425
297.372
297.337
297.346
300.009
309.593
316.223
320.198
321.542
320.198
316.223
309.593
300.009
297.346
297.337
297.372
297.425
297.55
297.881
298.319
298.805
299.315
299.696
303.054
310.157
316.753
322.513
327.532
331.986
336.131
340.205
344.078
346.969
348.031
349.321
348.28
345.405
341.377
336.921
332.278
327.255
321.49
314.663
306.474
301.04
300.673
300.093
299.538
298.993
298.456
298.013
298.103
298.205
298.261
298.31
302.388
312.706
320.049
324.442
325.908
324.442
320.049
312.706
302.388
298.31
298.261
298.205
298.103
298.013
298.456
298.993
299.538
300.093
300.673
301.04
306.474
314.663
321.49
327.255
332.278
336.921
341.377
345.405
348.28
349.321
348.695
347.423
343.885
338.979
333.897
328.95
323.72
317.532
309.94
303.207
302.039
301.421
300.832
300.25
299.648
298.969
298.615
298.88
299.071
299.181
299.243
303.478
314.795
322.825
327.613
329.205
327.613
322.825
314.795
303.478
299.243
299.181
299.071
298.88
298.615
298.969
299.648
300.25
300.832
301.421
302.039
303.207
309.94
317.532
323.72
328.95
333.897
338.979
343.885
347.423
348.695
346.613
344.834
339.731
332.761
326.743
321.905
317.145
310.991
305.465
303.192
302.693
302.127
301.552
300.969
300.493
299.886
299.743
299.799
300.008
300.135
300.208
303.808
316.173
324.841
329.982
331.685
329.982
324.841
316.173
303.808
300.208
300.135
300.008
299.799
299.743
299.886
300.493
300.969
301.552
302.127
302.693
303.192
305.465
310.991
317.145
321.905
326.743
332.761
339.731
344.834
346.613
344.09
341.568
333.667
325.304
320.145
315.62
311.115
306.601
304.447
303.933
303.388
302.832
302.266
301.777
303.022
303.55
301.054
300.81
301.012
301.132
301.208
304.138
317.249
326.387
331.787
333.574
331.787
326.387
317.249
304.138
301.208
301.132
301.012
300.81
301.054
303.55
303.022
301.777
302.266
302.832
303.388
303.933
304.447
306.601
311.115
315.62
320.145
325.304
333.667
341.568
344.09
342.61
339.707
330.261
323.009
318.942
314.546
310.277
306.262
305.025
304.589
304.083
303.534
303.017
304.581
307.354
307.152
303.073
302.023
302.088
302.159
302.228
304.872
318.303
327.669
333.204
335.036
333.204
327.669
318.303
304.872
302.228
302.159
302.088
302.023
303.073
307.152
307.354
304.581
303.017
303.534
304.083
304.589
305.025
306.262
310.277
314.546
318.942
323.009
330.261
339.707
342.61
342.934
340.432
332.709
324.656
319.308
314.193
309.642
306.257
305.659
305.302
304.808
304.272
305.552
309.554
311.914
310.637
305.624
303.163
303.144
303.177
303.237
306.062
319.425
328.782
334.325
336.162
334.325
328.782
319.425
306.062
303.237
303.177
303.144
303.163
305.624
310.637
311.914
309.554
305.552
304.272
304.808
305.302
305.659
306.257
309.642
314.193
319.308
324.656
332.709
340.432
342.934
344.265
342.4
337.073
329.763
322.711
315.692
308.988
306.755
306.551
306.142
305.633
306.062
310.615
314.979
316.112
313.859
308.13
304.172
304.137
304.157
304.212
307.564
320.557
329.709
335.153
336.961
335.153
329.709
320.557
307.564
304.212
304.157
304.137
304.172
308.13
313.859
316.112
314.979
310.615
306.062
305.633
306.142
306.551
306.755
308.988
315.692
322.711
329.763
337.073
342.4
344.265
345.324
343.829
339.587
333.383
326.152
318.032
308.947
307.775
307.522
307.082
306.999
310.615
316.517
319.636
319.697
316.555
310.121
305.106
305.063
305.088
305.144
309.123
321.533
330.344
335.618
337.375
335.618
330.344
321.533
309.123
305.144
305.088
305.063
305.106
310.121
316.555
319.697
319.636
316.517
310.615
306.999
307.082
307.522
307.775
308.947
318.032
326.152
333.383
339.587
343.829
345.324
345.376
344.004
340.062
334.033
326.492
317.699
309.304
308.972
308.513
308.102
309.169
316.209
321.226
323.353
322.485
318.543
311.462
306.038
305.973
305.988
306.061
310.437
322.112
330.516
335.6
337.303
335.6
330.516
322.112
310.437
306.061
305.988
305.973
306.038
311.462
318.543
322.485
323.353
321.226
316.209
309.169
308.102
308.513
308.972
309.304
317.699
326.492
334.033
340.062
344.004
345.376
344.17
342.75
338.625
332.194
324.082
314.894
310.145
309.928
309.482
309.459
313.598
320.669
324.824
326.065
324.348
319.671
312.062
307.109
307.02
307.039
307.133
311.116
321.965
330.007
334.963
336.638
334.963
330.007
321.965
311.116
307.133
307.039
307.02
307.109
312.062
319.671
324.348
326.065
324.824
320.669
313.598
309.459
309.482
309.928
310.145
314.894
324.082
332.194
338.625
342.75
344.17
341.804
340.2
335.493
328.036
318.867
312.361
311.373
310.932
310.574
311.217
318.165
324.05
327.337
327.734
325.17
319.731
311.578
308.235
308.126
308.141
308.281
310.653
320.63
328.586
333.608
335.32
333.608
328.586
320.63
310.653
308.281
308.141
308.126
308.235
311.578
319.731
325.17
327.734
327.337
324.05
318.165
311.217
310.574
310.932
311.373
312.361
318.867
328.036
335.493
340.2
341.804
338.646
336.754
331.11
321.713
314.359
312.474
312.086
311.804
311.818
313.008
320.564
326.027
328.74
328.364
324.866
318.511
310.431
309.091
308.855
308.846
309.103
309.843
317.416
326.098
331.562
333.428
331.562
326.098
317.416
309.843
309.103
308.846
308.855
309.091
310.431
318.511
324.866
328.364
328.74
326.027
320.564
313.008
311.818
311.804
312.086
312.474
314.359
321.713
331.11
336.754
338.646
335.269
333.062
326.487
316.425
313.465
312.875
312.539
312.415
312.734
313.666
321.073
326.757
329.229
328.118
323.418
315.475
310.227
309.765
309.404
309.368
309.689
310.219
313.608
322.828
329.116
331.268
329.116
322.828
313.608
310.219
309.689
309.368
309.404
309.765
310.227
315.475
323.418
328.118
329.229
326.757
321.073
313.666
312.734
312.415
312.539
312.875
313.465
316.425
326.487
333.062
335.269
332.308
329.736
321.973
314.494
313.952
313.411
313.037
313.039
313.504
313.932
319.782
326.697
329.303
327.462
321.227
312.536
311.067
310.444
309.972
309.91
310.313
310.868
311.464
318.975
326.804
329.412
326.804
318.975
311.464
310.868
310.313
309.91
309.972
310.444
311.067
312.536
321.227
327.462
329.303
326.697
319.782
313.932
313.504
313.039
313.037
313.411
313.952
314.494
321.973
329.736
332.308
330.491
327.603
318.814
315.122
314.665
314.051
313.613
313.787
314.454
315.15
318.295
326.949
329.823
327.198
318.921
312.425
311.831
311.202
310.584
310.43
311.047
311.669
312.259
316.295
325.717
328.772
325.717
316.295
312.259
311.669
311.047
310.43
310.584
311.202
311.831
312.425
318.921
327.198
329.823
326.949
318.295
315.15
314.454
313.787
313.613
314.051
314.665
315.122
318.814
327.603
330.491
330.45
327.426
318.08
316.152
315.441
314.691
314.661
314.885
315.249
316.662
319.749
329.062
331.843
328.609
318.449
313.913
312.568
311.931
312.85
312.895
312.02
312.37
313.544
316.955
327.073
330.243
327.073
316.955
313.544
312.37
312.02
312.895
312.85
311.931
312.568
313.913
318.449
328.609
331.843
329.062
319.749
316.662
315.249
314.885
314.661
314.691
315.441
316.152
318.08
327.426
330.45
332.458
329.762
321.391
317.942
317.172
320.041
323.244
323.867
322.137
321.249
326.772
333.874
335.88
333.012
324.673
317.468
315.88
319.012
322.114
322.284
319.483
316.303
317.088
323.571
331.526
334.051
331.526
323.571
317.088
316.303
319.483
322.284
322.114
319.012
315.88
317.468
324.673
333.012
335.88
333.874
326.772
321.249
322.137
323.867
323.244
320.041
317.172
317.942
321.391
329.762
332.458
335.857
333.995
328.46
324.591
325.804
329.13
331.516
332.665
332.971
333.835
336.697
339.858
340.79
338.948
334.761
330.817
329.293
329.97
330.978
331.032
330.079
329.265
330.34
333.75
337.492
338.91
337.492
333.75
330.34
329.265
330.079
331.032
330.978
329.97
329.293
330.817
334.761
338.948
340.79
339.858
336.697
333.835
332.971
332.665
331.516
329.13
325.804
324.591
328.46
333.995
335.857
338.982
337.936
335.356
333.46
333.717
335.335
337.024
338.307
339.304
340.556
342.395
344.07
344.475
343.229
340.744
338.268
336.871
336.618
336.796
336.788
336.551
336.619
337.672
339.722
341.78
342.606
341.78
339.722
337.672
336.619
336.551
336.788
336.796
336.618
336.871
338.268
340.744
343.229
344.475
344.07
342.395
340.556
339.304
338.307
337.024
335.335
333.717
333.46
335.356
337.936
338.982
340.197
339.412
337.579
336.193
336.274
337.471
338.938
340.233
341.382
342.688
344.258
345.553
345.813
344.747
342.719
340.64
339.304
338.835
338.8
338.773
338.716
338.99
340.005
341.688
343.3
343.953
343.3
341.688
340.005
338.99
338.716
338.773
338.8
338.835
339.304
340.64
342.719
344.747
345.813
345.553
344.258
342.688
341.382
340.233
338.938
337.471
336.274
336.193
337.579
339.412
340.197
338.982
337.936
335.356
333.46
333.717
335.335
337.024
338.307
339.304
340.556
342.395
344.07
344.475
343.229
340.744
338.268
336.871
336.618
336.796
336.788
336.551
336.619
337.672
339.722
341.78
342.606
341.78
339.722
337.672
336.619
336.551
336.788
336.796
336.618
336.871
338.268
340.744
343.229
344.475
344.07
342.395
340.556
339.304
338.307
337.024
335.335
333.717
333.46
335.356
337.936
338.982
335.857
333.995
328.46
324.591
325.804
329.13
331.516
332.665
332.971
333.835
336.697
339.858
340.79
338.948
334.761
330.817
329.293
329.97
330.978
331.032
330.079
329.265
330.34
333.75
337.492
338.91
337.492
333.75
330.34
329.265
330.079
331.032
330.978
329.97
329.293
330.817
334.761
338.948
340.79
339.858
336.697
333.835
332.971
332.665
331.516
329.13
325.804
324.591
328.46
333.995
335.857
332.458
329.762
321.391
317.942
317.172
320.041
323.244
323.867
322.137
321.249
326.772
333.874
335.88
333.012
324.673
317.468
315.88
319.012
322.114
322.284
319.483
316.303
317.088
323.571
331.526
334.051
331.526
323.571
317.088
316.303
319.483
322.284
322.114
319.012
315.88
317.468
324.673
333.012
335.88
333.874
326.772
321.249
322.137
323.867
323.244
320.041
317.172
317.942
321.391
329.762
332.458
330.45
327.426
318.08
316.152
315.441
314.691
314.661
314.885
315.249
316.662
319.749
329.062
331.843
328.609
318.449
313.913
312.568
311.931
312.85
312.895
312.02
312.37
313.544
316.955
327.073
330.243
327.073
316.955
313.544
312.37
312.02
312.895
312.85
311.931
312.568
313.913
318.449
328.609
331.843
329.062
319.749
316.662
315.249
314.885
314.661
314.691
315.441
316.152
318.08
327.426
330.45
330.491
327.603
318.814
315.122
314.665
314.051
313.613
313.787
314.454
315.15
318.295
326.949
329.823
327.198
318.921
312.425
311.831
311.202
310.584
310.43
311.047
311.669
312.259
316.295
325.717
328.772
325.717
316.295
312.259
311.669
311.047
310.43
310.584
311.202
311.831
312.425
318.921
327.198
329.823
326.949
318.295
315.15
314.454
313.787
313.613
314.051
314.665
315.122
318.814
327.603
330.491
332.308
329.736
321.973
314.494
313.952
313.411
313.037
313.039
313.504
313.932
319.782
326.697
329.303
327.462
321.227
312.536
311.067
310.444
309.972
309.91
310.313
310.868
311.464
318.975
326.804
329.412
326.804
318.975
311.464
310.868
310.313
309.91
309.972
310.444
311.067
312.536
321.227
327.462
329.303
326.697
319.782
313.932
313.504
313.039
313.037
313.411
313.952
314.494
321.973
329.736
332.308
335.269
333.062
326.487
316.425
313.465
312.875
312.539
312.415
312.734
313.666
321.073
326.757
329.229
328.118
323.418
315.475
310.227
309.765
309.404
309.368
309.689
310.219
313.608
322.828
329.116
331.268
329.116
322.828
313.608
310.219
309.689
309.368
309.404
309.765
310.227
315.475
323.418
328.118
329.229
326.757
321.073
313.666
312.734
312.415
312.539
312.875
313.465
316.425
326.487
333.062
335.269
338.646
336.754
331.11
321.713
314.359
312.474
312.086
311.804
311.818
313.008
320.564
326.027
328.74
328.364
324.866
318.511
310.431
309.091
308.855
308.846
309.103
309.843
317.416
326.098
331.562
333.428
331.562
326.098
317.416
309.843
309.103
308.846
308.855
309.091
310.431
318.511
324.866
328.364
328.74
326.027
320.564
313.008
311.818
311.804
312.086
312.474
314.359
321.713
331.11
336.754
338.646
341.804
340.2
335.493
328.036
318.867
312.361
311.373
310.932
310.574
311.217
318.165
324.05
327.337
327.734
325.17
319.731
311.578
308.235
308.126
308.141
308.281
310.653
320.63
328.586
333.608
335.32
333.608
328.586
320.63
310.653
308.281
308.141
308.126
308.235
311.578
319.731
325.17
327.734
327.337
324.05
318.165
311.217
310.574
310.932
311.373
312.361
318.867
328.036
335.493
340.2
341.804
344.17
342.75
338.625
332.194
324.082
314.894
310.145
309.928
309.482
309.459
313.598
320.669
324.824
326.065
324.348
319.671
312.062
307.109
307.02
307.039
307.133
311.116
321.965
330.007
334.963
336.638
334.963
330.007
321.965
311.116
307.133
307.039
307.02
307.109
312.062
319.671
324.348
326.065
324.824
320.669
313.598
309.459
309.482
309.928
310.145
314.894
324.082
332.194
338.625
342.75
344.17
345.376
344.004
340.062
334.033
326.492
317.699
309.304
308.972
308.513
308.102
309.169
316.209
321.226
323.353
322.485
318.543
311.462
306.038
305.973
305.988
306.061
310.437
322.112
330.516
335.6
337.303
335.6
330.516
322.112
310.437
306.061
305.988
305.973
306.038
311.462
318.543
322.485
323.353
321.226
316.209
309.169
308.102
308.513
308.972
309.304
317.699
326.492
334.033
340.062
344.004
345.376
345.324
343.829
339.587
333.383
326.152
318.032
308.947
307.775
307.522
307.082
306.999
310.615
316.517
319.636
319.697
316.555
310.121
305.106
305.063
305.088
305.144
309.123
321.533
330.344
335.618
337.375
335.618
330.344
321.533
309.123
305.144
305.088
305.063
305.106
310.121
316.555
319.697
319.636
316.517
310.615
306.999
307.082
307.522
307.775
308.947
318.032
326.152
333.383
339.587
343.829
345.324
344.265
342.4
337.073
329.763
322.711
315.692
308.988
306.755
306.551
306.142
305.633
306.062
310.615
314.979
316.112
313.859
308.13
304.172
304.137
304.157
304.212
307.564
320.557
329.709
335.153
336.961
335.153
329.709
320.557
307.564
304.212
304.157
304.137
304.172
308.13
313.859
316.112
314.979
310.615
306.062
305.633
306.142
306.551
306.755
308.988
315.692
322.711
329.763
337.073
342.4
344.265
342.934
340.432
332.709
324.656
319.308
314.193
309.642
306.257
305.659
305.302
304.808
304.272
305.552
309.554
311.914
310.637
305.624
303.163
303.144
303.177
303.237
306.062
319.425
328.782
334.325
336.162
334.325
328.782
319.425
306.062
303.237
303.177
303.144
303.163
305.624
310.637
311.914
309.554
305.552
304.272
304.808
305.302
305.659
306.257
309.642
314.193
319.308
324.656
332.709
340.432
342.934
342.61
339.707
330.261
323.009
318.942
314.546
310.277
306.262
305.025
304.589
304.083
303.534
303.017
304.581
307.354
307.152
303.073
302.023
302.088
302.159
302.228
304.872
318.303
327.669
333.204
335.036
333.204
327.669
318.303
304.872
302.228
302.159
302.088
302.023
303.073
307.152
307.354
304.581
303.017
303.534
304.083
304.589
305.025
306.262
310.277
314.546
318.942
323.009
330.261
339.707
342.61
344.09
341.568
333.667
325.304
320.145
315.62
311.115
306.601
304.447
303.933
303.388
302.832
302.266
301.777
303.022
303.55
301.054
300.81
301.012
301.132
301.208
304.138
317.249
326.387
331.787
333.574
331.787
326.387
317.249
304.138
301.208
301.132
301.012
300.81
301.054
303.55
303.022
301.777
302.266
302.832
303.388
303.933
304.447
306.601
311.115
315.62
320.145
325.304
333.667
341.568
344.09
346.613
344.834
339.731
332.761
326.743
321.905
317.145
310.991
305.465
303.192
302.693
302.127
301.552
300.969
300.493
299.886
299.743
299.799
300.008
300.135
300.208
303.808
316.173
324.841
329.982
331.685
329.982
324.841
316.173
303.808
300.208
300.135
300.008
299.799
299.743
299.886
300.493
300.969
301.552
302.127
302.693
303.192
305.465
310.991
317.145
321.905
326.743
332.761
339.731
344.834
346.613
348.695
347.423
343.885
338.979
333.897
328.95
323.72
317.532
309.94
303.207
302.039
301.421
300.832
300.25
299.648
298.969
298.615
298.88
299.071
299.181
299.243
303.478
314.795
322.825
327.613
329.205
327.613
322.825
314.795
303.478
299.243
299.181
299.071
298.88
298.615
298.969
299.648
300.25
300.832
301.421
302.039
303.207
309.94
317.532
323.72
328.95
333.897
338.979
343.885
347.423
348.695
349.321
348.28
345.405
341.377
336.921
332.278
327.255
321.49
314.663
306.474
301.04
300.673
300.093
299.538
298.993
298.456
298.013
298.103
298.205
298.261
298.31
302.388
312.706
320.049
324.442
325.908
324.442
320.049
312.706
302.388
298.31
298.261
298.205
298.103
298.013
298.456
298.993
299.538
300.093
300.673
301.04
306.474
314.663
321.49
327.255
332.278
336.921
341.377
345.405
348.28
349.321
348.031
346.969
344.078
340.205
336.131
331.986
327.532
322.513
316.753
310.157
303.054
299.696
299.315
298.805
298.319
297.881
297.55
297.425
297.372
297.337
297.346
300.009
309.593
316.223
320.198
321.542
320.198
316.223
309.593
300.009
297.346
297.337
297.372
297.425
297.55
297.881
298.319
298.805
299.315
299.696
303.054
310.157
316.753
322.513
327.532
331.986
336.131
340.205
344.078
346.969
348.031
344.863
343.488
339.732
335.232
331.414
328.003
324.373
320.275
315.68
310.556
304.814
299.176
298.603
298.037
297.583
297.185
296.87
296.661
296.508
296.358
296.159
297.117
305.44
311.052
314.585
315.865
314.585
311.052
305.44
297.117
296.159
296.358
296.508
296.661
296.87
297.185
297.583
298.037
298.603
299.176
304.814
310.556
315.68
320.275
324.373
328.003
331.414
335.232
339.732
343.488
344.863
340.446
338.389
332.151
325.632
322.311
320.24
317.684
314.533
311.135
307.574
303.707
299.199
297.28
297.144
296.78
296.392
296.071
295.83
295.629
295.414
295.117
295.227
300.147
303.961
307.224
308.747
307.224
303.961
300.147
295.227
295.117
295.414
295.629
295.83
296.071
296.392
296.78
297.144
297.28
299.199
303.707
307.574
311.135
314.533
317.684
320.24
322.311
325.632
332.151
338.389
340.446
336.141
333.488
325.281
318.798
314.724
310.665
307.686
305.046
302.759
300.903
299.275
297.717
296.364
296.322
295.989
295.521
295.181
294.945
294.753
294.542
294.229
293.759
293.244
293.421
297.602
300.678
297.602
293.421
293.244
293.759
294.229
294.542
294.753
294.945
295.181
295.521
295.989
296.322
296.364
297.717
299.275
300.903
302.759
305.046
307.686
310.665
314.724
318.798
325.281
333.488
336.141
333.144
330.174
321.057
314.982
311.505
308.368
305.888
303.655
301.921
300.377
298.95
297.601
296.321
295.918
295.322
294.508
294.176
294.004
293.882
293.759
293.598
293.393
293.203
293.162
293.314
294.88
293.314
293.162
293.203
293.393
293.598
293.759
293.882
294.004
294.176
294.508
295.322
295.918
296.321
297.601
298.95
300.377
301.921
303.655
305.888
308.368
311.505
314.982
321.057
330.174
333.144
332.086
329.028
319.682
313.637
310.164
307.603
305.603
303.572
301.872
300.334
298.936
297.63
296.422
295.783
294.86
293
293
293
293
293
293
293
293
293
293
293
293
293
293
293
293
293
293
293
293
293
294.86
295.783
296.422
297.63
298.936
300.334
301.872
303.572
305.603
307.603
310.164
313.637
319.682
329.028
332.086
