351.06
347.501
336.218
314.863
313.236
310.495
307.865
303.6
301.77
300.406
299.067
297.729
296.658
295.976
294.984
293
293
293
293
293
293
293
293
293
293
293
293
293
293
293
293
293
293
293
293
293
294.984
295.977
296.659
297.751
299.125
300.502
301.908
303.797
308.064
310.696
313.439
315.067
336.435
347.724
351.286
352.62
349.362
339.253
321.231
313.881
310.408
308.626
304.503
301.87
300.454
299.08
297.681
296.503
296.125
295.473
294.603
294.248
294.058
293.913
293.751
293.516
293.246
293.15
293.137
294.218
297.139
294.223
293.137
293.15
293.245
293.516
293.751
293.913
294.058
294.248
294.603
295.474
296.126
296.504
297.703
299.137
300.551
302.01
304.698
308.826
310.609
314.084
321.44
339.474
349.588
352.848
356.694
354.075
346.203
333.12
321.803
313.653
310.026
306.993
304.004
301.593
299.743
298.002
296.553
296.536
296.17
295.677
295.318
295.057
294.832
294.563
294.055
293.304
293.205
294.814
299.787
303.247
299.795
294.822
293.205
293.303
294.055
294.563
294.832
295.058
295.319
295.678
296.171
296.537
296.555
298.024
299.8
301.691
304.143
307.18
310.225
313.857
322.016
333.341
346.432
354.308
356.928
362.007
360.042
354.362
345.858
337.143
329.593
323.777
318.739
314.042
309.6
305.244
300.664
297.338
297.283
296.98
296.607
296.278
296.009
295.782
295.601
295.599
299.002
303.737
307.337
310.669
312.266
310.675
307.344
303.746
299.017
295.599
295.601
295.782
296.009
296.279
296.608
296.981
297.284
297.339
300.685
305.297
309.693
314.179
318.923
323.993
329.825
337.381
346.099
354.604
360.283
362.248
367.251
365.723
361.347
354.807
347.318
339.8
332.751
326.145
319.823
313.522
306.97
300.335
298.871
298.267
297.847
297.48
297.167
296.905
296.673
296.45
296.502
304.889
311.406
316.125
319.287
320.474
319.292
316.134
311.418
304.902
296.501
296.448
296.673
296.906
297.168
297.481
297.848
298.268
298.872
300.347
307.011
313.604
319.957
326.342
333
340.068
347.586
355.069
361.602
365.973
367.5
371.55
370.251
366.496
360.707
353.521
345.538
337.281
329.268
321.582
313.695
304.784
299.603
299.463
299.054
298.648
298.287
297.991
297.761
297.541
297.205
297.607
308.813
316.872
322.472
325.881
327.049
325.886
322.483
316.888
308.834
297.622
297.206
297.542
297.763
297.993
298.289
298.65
299.056
299.465
299.606
304.802
313.755
321.704
329.486
337.595
345.862
353.825
360.989
366.762
370.507
371.804
374.448
373.235
369.678
364.003
356.52
347.549
337.567
328.064
319.542
310.893
301.79
300.922
300.313
299.826
299.392
299.017
298.737
298.595
298.512
298.434
299.966
311.887
320.795
327.01
330.715
331.954
330.722
327.024
320.818
311.923
300.025
298.441
298.516
298.598
298.74
299.019
299.394
299.828
300.314
300.923
301.791
310.911
319.616
328.304
338.034
347.96
356.864
364.301
369.949
373.491
374.7
375.772
374.564
370.979
365.108
357.008
346.572
333.376
321.877
313.63
305.884
302.039
301.55
301.029
300.533
300.066
299.639
299.332
299.359
299.465
299.542
301.642
313.974
323.413
330.058
334.014
335.332
334.021
330.073
323.438
314.015
301.715
299.546
299.469
299.363
299.336
299.641
300.067
300.535
301.03
301.551
302.041
305.834
313.546
322.08
334.275
347.081
357.369
365.402
371.24
374.809
376.013
375.513
374.269
370.565
364.44
355.832
344.357
328.892
315.899
307.828
302.942
302.647
302.197
301.707
301.2
300.686
300.134
299.595
300.032
300.433
300.801
301.951
314.954
324.824
331.793
335.953
337.339
335.96
331.807
324.846
314.986
301.994
300.804
300.438
300.037
299.6
300.136
300.687
301.201
301.707
302.197
302.646
302.941
307.696
315.468
329.354
344.719
356.129
364.699
370.8
374.493
375.733
373.742
372.436
368.57
362.257
353.523
342.131
327.486
312.15
305.176
303.7
303.314
302.874
302.387
301.864
301.349
302.123
301.668
300.987
301.424
301.823
301.993
315.067
325.137
332.339
336.665
338.11
336.671
332.35
325.154
315.087
302.007
301.833
301.431
300.992
301.677
302.126
301.348
301.864
302.387
302.874
303.313
303.697
305.157
312.136
327.53
342.313
353.731
362.463
368.769
372.63
373.934
370.582
369.161
365.023
358.496
349.871
339.158
326.241
311.734
304.648
304.446
304.024
303.586
303.092
302.508
303.792
306.252
305.134
302.447
302.439
302.657
302.716
314.185
324.317
331.76
336.26
337.764
336.264
331.769
324.332
314.205
302.727
302.668
302.449
302.457
305.152
306.256
303.788
302.508
303.091
303.586
304.023
304.445
304.648
311.731
326.291
339.272
350.017
358.653
365.184
369.322
370.743
366.266
364.604
359.864
352.832
344.308
334.389
322.587
309.86
305.309
305.077
304.736
304.342
303.874
303.977
307.732
310.196
308.657
303.304
303.215
303.508
303.591
310.879
322.187
330.125
334.85
336.421
334.852
330.131
322.2
310.903
303.602
303.519
303.227
303.314
308.663
310.197
307.728
303.976
303.873
304.342
304.736
305.076
305.309
309.87
322.632
334.468
344.412
352.95
359.99
364.732
366.394
361.272
359.126
352.998
344.658
336.141
327.505
316.067
308.009
306.212
305.804
305.49
305.16
304.903
307.82
312.605
314.144
312.008
305.779
304.206
304.557
304.832
307.175
319.427
327.704
332.594
334.22
332.591
327.702
319.434
307.2
304.844
304.568
304.217
305.769
312.003
314.141
312.602
307.82
304.903
305.16
305.49
305.803
306.212
308.02
316.096
327.557
336.211
344.745
353.094
359.223
361.369
356.57
353.628
344.346
332.663
324.098
319.882
312.812
309.645
307.414
306.493
306.248
305.938
306.134
312.549
316.724
317.766
315.452
309.736
305.673
305.669
306.02
306.281
316.643
324.667
329.604
331.272
329.591
324.654
316.633
306.293
306.032
305.681
305.684
309.713
315.441
317.76
316.722
312.55
306.135
305.94
306.249
306.496
307.424
309.665
312.833
319.91
324.137
332.726
344.42
353.695
356.637
353.753
350.472
339.815
327.988
322.596
319.721
314.597
311.11
309.665
308.182
307.391
307.954
308.364
315.939
319.975
320.743
318.3
313.011
306.446
306.414
306.543
306.617
312.389
320.718
325.881
327.673
325.848
320.689
312.366
306.63
306.556
306.426
306.458
312.987
318.286
320.737
319.974
315.941
308.369
307.959
307.397
308.192
309.681
311.13
314.619
319.749
322.63
328.02
339.824
350.501
353.787
353.497
350.692
342.098
331.399
323.691
319.942
314.899
313.565
312.953
312.164
311.748
311.899
312.185
318.873
322.496
322.932
319.993
313.956
307.022
306.985
307.11
307.418
308.711
315.935
321.531
323.689
321.44
315.887
308.694
307.431
307.122
306.997
307.035
313.934
319.98
322.926
322.497
318.879
312.198
311.913
311.763
312.18
312.969
313.588
314.918
319.968
323.719
331.403
342.076
350.698
353.511
354.852
352.7
346.634
338.479
330.485
323.475
316.929
316.505
316.305
315.974
315.818
315.695
315.766
320.874
324.204
324.495
320.783
312.46
307.776
307.382
307.481
307.706
307.96
310.737
316.619
320.112
316.338
310.555
307.973
307.719
307.494
307.395
307.79
312.442
320.773
324.492
324.207
320.883
315.78
315.709
315.831
315.987
316.318
316.516
316.938
323.491
330.5
338.485
346.633
352.704
354.859
356.512
354.623
349.26
341.4
332.302
322.818
317.117
316.951
316.688
316.462
316.385
316.491
316.575
320.654
324.952
326.061
322.185
310.583
308.764
307.906
307.767
307.95
308.268
308.744
314.124
319.803
313.832
308.761
308.284
307.965
307.781
307.92
308.779
310.572
322.178
326.06
324.958
320.666
316.587
316.503
316.397
316.474
316.701
316.963
317.129
322.829
332.313
341.408
349.265
354.628
356.518
357.949
356.018
350.384
341.559
330.507
319.744
317.617
317.329
317.042
316.724
316.735
316.999
317.225
319.143
324.89
328.612
327.314
318.423
310.493
308.463
308.294
308.479
308.483
310.478
320.599
327.146
320.777
310.913
308.504
308.494
308.308
308.476
310.481
318.406
327.308
328.614
324.898
319.158
317.238
317.012
316.748
316.736
317.054
317.341
317.629
319.754
330.516
341.567
350.391
356.025
357.956
359.249
357.116
350.7
339.944
324.82
318.318
318.002
317.684
317.336
316.851
317.189
317.671
318.097
318.656
323.092
332.182
336.036
335.191
333.186
332.507
332.761
333.44
334.522
336.802
341.029
343.407
341.13
336.976
334.597
333.478
332.783
332.519
333.186
335.188
336.036
332.188
323.103
318.669
318.11
317.684
317.201
316.863
317.348
317.696
318.014
318.33
324.831
339.953
350.708
357.124
359.256
360.814
358.498
351.355
338.698
318.981
318.639
318.345
318.1
321.033
321.81
319.128
318.392
318.581
318.932
320.158
336.99
345.455
349.128
350.653
351.72
352.815
354.019
355.427
357.24
359.315
360.323
359.369
357.323
355.487
354.058
352.84
351.735
350.661
349.133
345.461
336.999
320.172
318.945
318.594
318.406
319.143
321.824
321.045
318.112
318.357
318.651
318.992
338.708
351.364
358.506
360.822
363.013
360.705
353.524
340.518
319.384
318.963
318.788
323.671
329.603
330.643
326.361
320.831
318.856
319.721
329.957
346.176
355.667
361.212
364.577
366.905
368.76
370.393
371.929
373.413
374.67
375.2
374.699
373.458
371.971
370.426
368.784
366.922
364.589
361.221
355.676
346.186
329.971
319.736
318.869
320.842
326.372
330.655
329.615
323.683
318.8
318.975
319.395
340.528
353.533
360.713
363.021
365.828
363.786
357.518
346.476
329.166
319.74
326.208
334.45
339.141
340.798
339.973
338.601
338.872
341.726
348.713
358.117
365.826
371.475
375.539
378.562
380.928
382.863
384.484
385.812
386.752
387.108
386.769
385.84
384.513
382.89
380.95
378.579
375.552
371.485
365.835
358.127
348.724
341.737
338.883
338.612
339.983
340.808
339.151
334.46
326.219
319.752
329.177
346.485
357.526
363.793
365.835
368.726
367.093
362.285
354.704
345.71
340.418
341.417
344.801
347.714
349.433
350.133
350.73
352.335
355.664
361.091
367.754
374.044
379.323
383.542
386.876
389.527
391.647
393.33
394.6
395.419
395.71
395.431
394.62
393.353
391.669
389.546
386.892
383.555
379.333
374.053
367.763
361.1
355.673
352.344
350.739
350.142
349.442
347.722
344.809
341.426
340.428
345.718
354.711
362.293
367.1
368.733
370.89
369.574
365.828
360.344
354.555
350.81
350.242
351.622
353.479
355.089
356.396
357.85
360.072
363.504
368.234
373.763
379.274
384.23
388.429
391.874
394.655
396.87
398.589
399.84
400.614
400.881
400.624
399.856
398.608
396.89
394.673
391.889
388.441
384.24
379.282
373.771
368.241
363.512
360.08
357.858
356.403
355.096
353.487
351.629
350.249
350.817
354.562
360.35
365.834
369.58
370.896
371.688
370.486
367.107
362.288
357.356
354.025
353.119
353.965
355.493
357.046
358.511
360.204
362.6
366.047
370.577
375.791
381.058
385.896
390.07
393.537
396.351
398.589
400.314
401.557
402.317
402.577
402.326
401.573
400.333
398.608
396.367
393.55
390.08
385.904
381.065
375.796
370.583
366.053
362.606
360.21
358.517
357.052
355.499
353.971
353.125
354.03
357.361
362.293
367.112
370.49
371.693
370.889
369.573
365.828
360.345
354.558
350.814
350.246
351.625
353.483
355.092
356.399
357.854
360.076
363.508
368.236
373.764
379.273
384.225
388.417
391.853
394.621
396.82
398.522
399.757
400.52
400.784
400.531
399.776
398.544
396.841
394.638
391.865
388.425
384.23
379.276
373.767
368.24
363.512
360.08
357.859
356.404
355.097
353.487
351.629
350.249
350.817
354.561
360.348
365.831
369.577
370.893
368.723
367.091
362.285
354.706
345.716
340.426
341.425
344.808
347.72
349.44
350.139
350.736
352.341
355.671
361.097
367.757
374.043
379.314
383.52
386.836
389.461
391.55
393.196
394.43
395.223
395.506
395.24
394.457
393.224
391.575
389.479
386.847
383.525
379.315
374.042
367.757
361.098
355.673
352.345
350.741
350.144
349.443
347.723
344.81
341.426
340.427
345.717
354.708
362.287
367.093
368.726
365.821
363.781
357.516
346.479
329.178
319.755
326.22
334.461
339.151
340.807
339.983
338.611
338.883
341.737
348.723
358.125
365.829
371.468
375.514
378.51
380.838
382.722
384.281
385.544
386.435
386.778
386.464
385.587
384.322
382.754
380.858
378.518
375.513
371.462
365.822
358.121
348.722
341.738
338.885
338.615
339.987
340.81
339.153
334.461
326.219
319.752
329.176
346.48
357.517
363.783
365.823
363.001
360.695
353.519
340.521
319.398
318.978
318.802
323.685
329.616
330.655
326.372
320.844
318.872
319.739
329.974
346.191
355.679
361.214
364.559
366.852
368.658
370.22
371.661
373.03
374.196
374.706
374.252
373.106
371.724
370.262
368.679
366.855
364.548
361.196
355.663
346.181
329.973
319.74
318.871
320.849
326.378
330.657
329.616
323.684
318.8
318.975
319.395
340.52
353.519
360.696
363.003
360.794
358.479
351.343
338.698
318.995
318.653
318.36
318.115
321.047
321.824
319.143
318.409
318.597
318.949
320.176
337.013
345.482
349.152
350.655
351.681
352.72
353.841
355.113
356.718
358.612
359.597
358.734
356.859
355.204
353.89
352.741
351.676
350.626
349.114
345.452
336.997
320.176
318.947
318.596
318.408
319.145
321.826
321.046
318.113
318.358
318.651
318.992
338.696
351.344
358.481
360.795
359.215
357.085
350.678
339.936
324.829
318.333
318.017
317.699
317.351
316.867
317.205
317.688
318.113
318.673
323.113
332.216
336.084
335.255
333.23
332.495
332.701
333.311
334.232
336.118
339.937
342.337
340.228
336.393
334.344
333.355
332.717
332.482
333.168
335.18
336.033
332.189
323.107
318.671
318.112
317.686
317.203
316.865
317.348
317.696
318.014
318.33
324.825
339.934
350.678
357.087
359.218
357.895
355.968
350.346
341.54
330.506
319.755
317.632
317.344
317.057
316.739
316.751
317.015
317.241
319.162
324.915
328.653
327.385
318.559
310.61
308.463
308.292
308.486
308.497
309.722
318.704
325.586
319.458
310.208
308.491
308.487
308.303
308.472
310.486
318.413
327.314
328.619
324.904
319.163
317.24
317.014
316.75
316.737
317.055
317.341
317.63
319.75
330.502
341.537
350.347
355.972
357.901
356.43
354.546
349.2
341.371
332.298
322.827
317.132
316.966
316.704
316.477
316.401
316.506
316.59
320.672
324.976
326.096
322.245
310.697
308.756
307.903
307.766
307.96
308.293
308.816
311.076
317.852
312.335
308.769
308.28
307.96
307.777
307.917
308.777
310.58
322.19
326.07
324.966
320.671
316.59
316.505
316.399
316.475
316.701
316.963
317.128
322.822
332.294
341.366
349.2
354.554
356.441
354.735
352.585
346.536
338.445
330.489
323.49
316.94
316.519
316.321
315.991
315.835
315.713
315.784
320.889
324.219
324.511
320.801
312.471
307.769
307.376
307.478
307.708
307.968
309.61
314.252
318.41
315.041
310.051
307.967
307.714
307.49
307.391
307.787
312.473
320.794
324.507
324.218
320.888
315.78
315.709
315.832
315.988
316.319
316.516
316.933
323.488
330.485
338.434
346.534
352.602
354.757
353.337
350.525
341.913
331.388
323.729
319.977
314.925
313.595
312.975
312.184
311.767
311.916
312.201
318.883
322.5
322.928
319.977
313.919
307.014
306.977
307.103
307.414
308.639
314.947
320.189
322.495
320.508
315.296
308.65
307.426
307.12
306.995
307.032
313.975
320.009
322.946
322.509
318.886
312.2
311.915
311.767
312.183
312.973
313.599
314.921
319.98
323.73
331.354
341.9
350.561
353.385
353.564
350.265
339.54
328.08
322.644
319.758
314.627
311.137
309.688
308.198
307.402
307.964
308.374
315.942
319.969
320.723
318.259
312.94
306.434
306.402
306.53
306.604
312.204
320.117
325.062
326.872
325.198
320.276
312.258
306.628
306.554
306.425
306.456
313.036
318.32
320.758
319.987
315.947
308.367
307.957
307.394
308.191
309.682
311.133
314.625
319.762
322.655
328.063
339.628
350.359
353.659
356.39
353.432
344.092
332.597
324.131
319.917
312.841
309.673
307.431
306.501
306.254
305.945
306.14
312.55
316.713
317.738
315.397
309.63
305.657
305.655
306
306.242
316.427
324.256
329.071
330.733
329.138
324.35
316.51
306.299
306.033
305.68
305.685
309.775
315.477
317.781
316.733
312.554
306.132
305.936
306.245
306.492
307.422
309.665
312.837
319.923
324.156
332.708
344.3
353.587
356.533
361.13
358.982
352.86
344.588
336.125
327.509
316.083
308.026
306.217
305.808
305.495
305.165
304.907
307.821
312.593
314.118
311.96
305.688
304.188
304.549
304.834
307.087
319.241
327.411
332.232
333.85
332.272
327.477
319.325
307.206
304.836
304.565
304.219
305.817
312.031
314.157
312.611
307.82
304.899
305.156
305.486
305.799
306.209
308.019
316.103
327.569
336.218
344.727
353.037
359.155
361.3
366.165
364.506
359.777
352.773
344.276
334.37
322.579
309.865
305.314
305.081
304.741
304.348
303.88
303.982
307.722
310.179
308.637
303.303
303.221
303.506
303.59
310.791
322.038
329.914
334.597
336.162
334.623
329.961
322.105
310.885
303.596
303.514
303.218
303.309
308.671
310.206
307.735
303.972
303.868
304.337
304.731
305.072
305.305
309.879
322.656
334.494
344.428
352.948
359.967
364.698
366.356
370.52
369.1
364.969
358.453
349.835
339.118
326.194
311.731
304.651
304.45
304.029
303.592
303.098
302.513
303.789
306.241
305.118
302.447
302.439
302.651
302.708
314.123
324.208
331.608
336.081
337.579
336.097
331.639
324.248
314.168
302.724
302.665
302.443
302.451
305.153
306.259
303.791
302.502
303.086
303.581
304.018
304.441
304.642
311.771
326.348
339.322
350.051
358.67
365.184
369.312
370.73
373.712
372.407
368.544
362.233
353.493
342.074
327.35
312.18
305.175
303.707
303.32
302.88
302.393
301.87
301.353
302.119
301.66
300.979
301.426
301.83
301.994
315.028
325.06
332.232
336.538
337.977
336.548
332.249
325.082
315.047
301.999
301.824
301.425
300.993
301.676
302.125
301.344
301.859
302.382
302.869
303.308
303.691
305.144
312.155
327.645
342.395
353.785
362.496
368.786
372.637
373.939
375.515
374.272
370.568
364.444
355.83
344.334
328.805
315.761
307.769
302.949
302.653
302.204
301.713
301.207
300.692
300.141
299.614
300.046
300.444
300.817
301.968
314.936
324.775
331.719
335.863
337.243
335.868
331.727
324.783
314.94
301.964
300.793
300.43
300.027
299.587
300.131
300.682
301.196
301.702
302.192
302.641
302.936
307.7
315.377
329.537
344.828
356.198
364.742
370.828
374.512
375.75
375.805
374.597
371.013
365.144
357.048
346.628
333.503
321.867
313.503
305.833
302.048
301.557
301.036
300.54
300.073
299.649
299.346
299.371
299.476
299.554
301.681
313.974
323.384
330.008
333.951
335.263
333.953
330.01
323.383
313.966
301.661
299.537
299.46
299.354
299.326
299.635
300.062
300.529
301.025
301.546
302.036
305.828
313.543
322.068
334.436
347.181
357.436
365.448
371.273
374.834
376.036
374.51
373.298
369.742
364.07
356.592
347.627
337.65
328.095
319.527
310.888
301.798
300.929
300.32
299.833
299.4
299.025
298.747
298.605
298.521
298.445
300.006
311.894
320.78
326.978
330.672
331.905
330.671
326.976
320.774
311.881
299.977
298.431
298.508
298.591
298.733
299.013
299.389
299.823
300.31
300.917
301.778
310.899
319.618
328.323
338.104
348.026
356.916
364.341
369.979
373.517
374.724
371.64
370.342
366.589
360.803
353.621
345.639
337.375
329.336
321.622
313.722
304.799
299.61
299.47
299.061
298.655
298.294
297.998
297.768
297.547
297.209
297.619
308.817
316.863
322.452
325.852
327.015
325.85
322.448
316.856
308.807
297.608
297.203
297.538
297.758
297.988
298.284
298.645
299.051
299.461
299.602
304.792
313.75
321.707
329.503
337.632
345.902
353.861
361.02
366.788
370.53
371.825
367.367
365.84
361.468
354.934
347.449
339.932
332.875
326.251
319.903
313.578
307.003
300.344
298.877
298.272
297.852
297.486
297.172
296.911
296.677
296.454
296.506
304.894
311.402
316.114
319.27
320.451
319.268
316.11
311.396
304.884
296.499
296.446
296.67
296.903
297.164
297.477
297.844
298.264
298.868
300.336
307.003
313.6
319.959
326.351
333.017
340.09
347.608
355.089
361.621
365.991
367.517
362.146
360.183
354.51
346.015
337.309
329.764
323.944
318.89
314.161
309.685
305.296
300.686
297.343
297.288
296.984
296.611
296.282
296.013
295.785
295.605
295.603
299.012
303.738
307.333
310.662
312.253
310.659
307.329
303.733
299.001
295.596
295.599
295.78
296.007
296.276
296.605
296.978
297.281
297.336
300.677
305.291
309.688
314.176
318.923
323.997
329.832
337.39
346.109
354.616
360.296
362.261
356.853
354.237
346.374
333.308
322.008
313.87
310.247
307.206
304.164
301.706
299.809
298.027
296.556
296.539
296.173
295.68
295.321
295.06
294.834
294.565
294.057
293.304
293.205
294.819
299.79
303.241
299.786
294.815
293.205
293.303
294.055
294.562
294.831
295.056
295.317
295.676
296.168
296.535
296.552
298.022
299.796
301.684
304.135
307.17
310.216
313.85
322.013
333.342
346.437
354.315
356.936
352.79
349.537
339.441
321.441
314.101
310.632
308.853
304.736
302.038
300.569
299.147
297.705
296.504
296.127
295.475
294.604
294.249
294.059
293.914
293.752
293.517
293.246
293.15
293.137
294.222
297.137
294.219
293.137
293.15
293.245
293.516
293.751
293.913
294.057
294.247
294.602
295.473
296.124
296.502
297.701
299.133
300.545
302.001
304.686
308.816
310.599
314.076
321.435
339.474
349.592
352.853
351.235
347.68
336.411
315.082
313.457
310.72
308.094
303.838
301.935
300.519
299.134
297.753
296.658
295.978
294.985
293
293
293
293
293
293
293
293
293
293
293
293
293
293
293
293
293
293
293
293
293
294.983
295.975
296.657
297.749
299.121
300.496
301.899
303.785
308.054
310.687
313.43
315.059
336.434
347.727
351.29
