331.986
328.935
319.615
313.593
310.132
307.578
305.585
303.572
301.884
300.353
298.957
297.641
296.444
295.818
294.882
293
293
293
293
293
293
293
293
293
293
293
293
293
293
293
293
293
293
293
293
293
294.882
295.818
296.444
297.641
298.957
300.353
301.884
303.572
305.585
307.578
310.132
313.593
319.615
328.935
331.986
333.036
330.073
320.976
314.932
311.47
308.341
305.868
303.653
301.931
300.393
298.966
297.606
296.345
295.967
295.348
294.516
294.177
294.002
293.878
293.755
293.594
293.389
293.201
293.161
293.317
294.896
293.317
293.161
293.201
293.389
293.594
293.755
293.878
294.002
294.177
294.516
295.348
295.967
296.345
297.606
298.966
300.393
301.931
303.653
305.868
308.341
311.47
314.932
320.976
330.073
333.036
336.014
333.364
325.167
318.719
314.666
310.621
307.65
305.023
302.75
300.899
299.267
297.658
296.423
296.38
296.015
295.528
295.179
294.938
294.745
294.534
294.22
293.748
293.242
293.427
297.609
300.685
297.609
293.427
293.242
293.748
294.22
294.534
294.745
294.938
295.179
295.528
296.015
296.38
296.423
297.658
299.267
300.899
302.75
305.023
307.65
310.621
314.666
318.719
325.167
333.364
336.014
340.292
338.236
332.003
325.504
322.195
320.104
317.507
314.304
310.833
307.169
303.185
298.722
297.442
297.184
296.794
296.389
296.059
295.816
295.617
295.405
295.109
295.225
300.161
303.965
307.224
308.747
307.224
303.965
300.161
295.225
295.109
295.405
295.617
295.816
296.059
296.389
296.794
297.184
297.442
298.722
303.185
307.169
310.833
314.304
317.507
320.104
322.195
325.504
332.003
338.236
340.292
344.68
343.304
339.547
335.044
331.212
327.762
324.063
319.86
315.114
309.766
303.663
298.874
298.605
298.042
297.575
297.163
296.84
296.636
296.49
296.346
296.155
297.144
305.446
311.046
314.575
315.854
314.575
311.046
305.446
297.144
296.155
296.346
296.49
296.636
296.84
297.163
297.575
298.042
298.605
298.874
303.663
309.766
315.114
319.86
324.063
327.762
331.212
335.044
339.547
343.304
344.68
347.818
346.755
343.857
339.97
335.869
331.67
327.123
321.96
315.998
309.118
301.967
299.805
299.32
298.793
298.29
297.834
297.49
297.387
297.349
297.323
297.335
300.002
309.574
316.201
320.175
321.519
320.175
316.201
309.574
300.002
297.335
297.323
297.349
297.387
297.49
297.834
298.29
298.793
299.32
299.805
301.967
309.118
315.998
321.96
327.123
331.67
335.869
339.97
343.857
346.755
347.818
349.084
348.039
345.155
341.111
336.624
331.926
326.798
320.859
313.798
305.563
300.989
300.612
300.063
299.506
298.947
298.381
297.895
298.06
298.185
298.248
298.298
302.308
312.653
320.007
324.405
325.872
324.405
320.007
312.653
302.308
298.298
298.248
298.185
298.06
297.895
298.381
298.947
299.506
300.063
300.612
300.989
305.563
313.798
320.859
326.798
331.926
336.624
341.111
345.155
348.039
349.084
348.438
347.163
343.614
338.693
333.591
328.612
323.284
316.88
308.829
302.549
302.015
301.39
300.801
300.209
299.602
298.79
298.675
298.892
299.069
299.175
299.238
303.364
314.722
322.77
327.566
329.16
327.566
322.77
314.722
303.364
299.238
299.175
299.069
298.892
298.675
298.79
299.602
300.209
300.801
301.39
302.015
302.549
308.829
316.88
323.284
328.612
333.591
338.693
343.614
347.163
348.438
346.344
344.561
339.446
332.457
326.44
321.648
316.846
310.563
304.903
303.259
302.704
302.121
301.529
300.916
300.604
300.459
299.829
299.815
300.011
300.134
300.207
303.722
316.104
324.784
329.929
331.635
329.929
324.784
316.104
303.722
300.207
300.134
300.011
299.815
299.829
300.459
300.604
300.916
301.529
302.121
302.704
303.259
304.903
310.563
316.846
321.648
326.44
332.457
339.446
344.561
346.344
343.814
341.291
333.381
324.969
319.757
315.224
310.72
306.37
304.414
303.946
303.411
302.848
302.265
301.954
303.664
304.147
301.056
300.815
301.013
301.131
301.207
304.088
317.193
326.331
331.733
333.521
331.733
326.331
317.193
304.088
301.207
301.131
301.013
300.815
301.056
304.147
303.664
301.954
302.265
302.848
303.411
303.946
304.414
306.37
310.72
315.224
319.757
324.969
333.381
341.291
343.814
342.333
339.431
329.99
322.657
318.518
314.13
309.882
306.076
305.071
304.634
304.132
303.585
303.186
305.511
308.348
307.623
303.003
302.011
302.084
302.157
302.225
304.828
318.25
327.615
333.15
334.982
333.15
327.615
318.25
304.828
302.225
302.157
302.084
302.011
303.003
307.623
308.348
305.511
303.186
303.585
304.132
304.634
305.071
306.076
309.882
314.13
318.518
322.657
329.99
339.431
342.333
342.656
340.152
332.429
324.326
318.867
313.746
309.119
306.242
305.735
305.374
304.885
304.434
306.519
310.904
312.748
310.999
305.511
303.158
303.141
303.175
303.235
306.006
319.37
328.728
334.271
336.108
334.271
328.728
319.37
306.006
303.235
303.175
303.141
303.158
305.511
310.999
312.748
310.904
306.519
304.434
304.885
305.374
305.735
306.242
309.119
313.746
318.867
324.326
332.429
340.152
342.656
343.987
342.116
336.771
329.419
322.248
315.153
308.453
306.856
306.645
306.231
305.751
306.631
311.823
315.946
316.74
314.116
307.997
304.172
304.136
304.156
304.211
307.502
320.5
329.654
335.099
336.907
335.099
329.654
320.5
307.502
304.211
304.156
304.136
304.172
307.997
314.116
316.74
315.946
311.823
306.631
305.751
306.231
306.645
306.856
308.453
315.153
322.248
329.419
336.771
342.116
343.987
345.059
343.553
339.279
333.01
325.667
317.43
308.681
307.952
307.642
307.197
307.189
311.329
317.327
320.318
320.148
316.73
309.994
305.108
305.064
305.088
305.143
309.068
321.48
330.29
335.564
337.321
335.564
330.29
321.48
309.068
305.143
305.088
305.064
305.108
309.994
316.73
320.148
320.318
317.327
311.329
307.189
307.197
307.642
307.952
308.681
317.43
325.667
333.01
339.279
343.553
345.059
345.141
343.759
339.782
333.678
325.994
316.931
309.314
309.081
308.639
308.279
309.746
316.915
321.847
323.849
322.807
318.66
311.359
306.027
305.963
305.977
306.049
310.395
322.064
330.464
335.546
337.248
335.546
330.464
322.064
310.395
306.049
305.977
305.963
306.027
311.359
318.66
322.807
323.849
321.847
316.915
309.746
308.279
308.639
309.081
309.314
316.931
325.994
333.678
339.782
343.759
345.141
343.988
342.561
338.411
331.925
323.698
314.305
310.31
310.07
309.641
309.668
314.232
321.227
325.295
326.425
324.572
319.744
311.989
307.087
306.999
307.016
307.109
311.089
321.92
329.954
334.907
336.581
334.907
329.954
321.92
311.089
307.109
307.016
306.999
307.087
311.989
319.744
324.572
326.425
325.295
321.227
314.232
309.668
309.641
310.07
310.31
314.305
323.698
331.925
338.411
342.561
343.988
341.69
340.085
335.375
327.914
318.738
312.336
311.535
311.099
310.779
311.527
318.649
324.47
327.681
327.984
325.309
319.758
311.513
308.208
308.098
308.115
308.255
310.633
320.577
328.527
333.548
335.26
333.548
328.527
320.577
310.633
308.255
308.115
308.098
308.208
311.513
319.758
325.309
327.984
327.681
324.47
318.649
311.527
310.779
311.099
311.535
312.336
318.738
327.914
335.375
340.085
341.69
338.601
336.715
331.09
321.74
314.426
312.63
312.255
311.988
312.014
313.301
320.888
326.323
328.976
328.519
324.925
318.471
310.37
309.067
308.828
308.82
309.077
309.819
317.333
326.028
331.498
333.365
331.498
326.028
317.333
309.819
309.077
308.82
308.828
309.067
310.37
318.471
324.925
328.519
328.976
326.323
320.888
313.301
312.014
311.988
312.255
312.63
314.426
321.74
331.09
336.715
338.601
335.283
333.084
326.537
316.547
313.621
313.039
312.71
312.599
312.923
313.882
321.294
326.958
329.38
328.192
323.399
315.367
310.197
309.732
309.375
309.341
309.662
310.192
313.529
322.755
329.05
331.204
329.05
322.755
313.529
310.192
309.662
309.341
309.375
309.732
310.197
315.367
323.399
328.192
329.38
326.958
321.294
313.882
312.923
312.599
312.71
313.039
313.621
316.547
326.537
333.084
335.283
332.365
329.8
322.058
314.647
314.113
313.577
313.208
313.219
313.686
314.118
319.94
326.837
329.392
327.472
321.127
312.41
311.034
310.41
309.941
309.882
310.285
310.84
311.431
318.913
326.743
329.351
326.743
318.913
311.431
310.84
310.285
309.882
309.941
310.41
311.034
312.41
321.127
327.472
329.392
326.837
319.94
314.118
313.686
313.219
313.208
313.577
314.113
314.647
322.058
329.8
332.365
330.577
327.695
318.922
315.282
314.826
314.216
313.783
313.963
314.632
315.327
318.439
327.059
329.879
327.176
318.797
312.375
311.79
311.164
310.552
310.404
311.015
311.635
312.22
316.24
325.66
328.715
325.66
316.24
312.22
311.635
311.015
310.404
310.552
311.164
311.79
312.375
318.797
327.176
329.879
327.059
318.439
315.327
314.632
313.963
313.783
314.216
314.826
315.282
318.922
327.695
330.577
330.552
327.535
318.214
316.306
315.601
314.857
314.819
315.048
315.426
316.833
319.916
329.166
331.887
328.582
318.34
313.861
312.521
311.888
312.8
312.843
311.975
312.335
313.506
316.91
327.022
330.19
327.022
316.91
313.506
312.335
311.975
312.843
312.8
311.888
312.521
313.861
318.34
328.582
331.887
329.166
319.916
316.833
315.426
315.048
314.819
314.857
315.601
316.306
318.214
327.535
330.552
332.563
329.87
321.509
318.087
317.312
320.172
323.377
324.016
322.306
321.432
326.927
333.97
335.921
332.995
324.598
317.4
315.842
318.971
322.064
322.228
319.423
316.249
317.044
323.524
331.476
334
331.476
323.524
317.044
316.249
319.423
322.228
322.064
318.971
315.842
317.4
324.598
332.995
335.921
333.97
326.927
321.432
322.306
324.016
323.377
320.172
317.312
318.087
321.509
329.87
332.563
335.96
334.097
328.557
324.686
325.913
329.252
331.646
332.805
333.119
333.981
336.821
339.943
340.832
338.947
334.723
330.767
329.248
329.925
330.929
330.98
330.025
329.212
330.29
333.701
337.441
338.86
337.441
333.701
330.29
329.212
330.025
330.98
330.929
329.925
329.248
330.767
334.723
338.947
340.832
339.943
336.821
333.981
333.119
332.805
331.646
329.252
325.913
324.686
328.557
334.097
335.96
339.083
338.037
335.456
333.562
333.827
335.455
337.151
338.44
339.439
340.684
342.503
344.148
344.518
343.237
340.724
338.232
336.829
336.573
336.748
336.737
336.499
336.568
337.621
339.672
341.73
342.555
341.73
339.672
337.621
336.568
336.499
336.737
336.748
336.573
336.829
338.232
340.724
343.237
344.518
344.148
342.503
340.684
339.439
338.44
337.151
335.455
333.827
333.562
335.456
338.037
339.083
340.298
339.514
337.681
336.298
336.385
337.59
339.064
340.364
341.513
342.81
344.361
345.628
345.856
344.758
342.704
340.608
339.264
338.791
338.752
338.723
338.665
338.939
339.954
341.637
343.25
343.903
343.25
341.637
339.954
338.939
338.665
338.723
338.752
338.791
339.264
340.608
342.704
344.758
345.856
345.628
344.361
342.81
341.513
340.364
339.064
337.59
336.385
336.298
337.681
339.514
340.298
339.083
338.037
335.456
333.562
333.827
335.455
337.151
338.44
339.439
340.684
342.503
344.148
344.518
343.237
340.724
338.232
336.829
336.573
336.748
336.737
336.499
336.568
337.621
339.672
341.73
342.555
341.73
339.672
337.621
336.568
336.499
336.737
336.748
336.573
336.829
338.232
340.724
343.237
344.518
344.148
342.503
340.684
339.439
338.44
337.151
335.455
333.827
333.562
335.456
338.037
339.083
335.96
334.097
328.557
324.686
325.913
329.252
331.646
332.805
333.119
333.981
336.821
339.943
340.832
338.947
334.723
330.767
329.248
329.925
330.929
330.98
330.025
329.212
330.29
333.701
337.441
338.86
337.441
333.701
330.29
329.212
330.025
330.98
330.929
329.925
329.248
330.767
334.723
338.947
340.832
339.943
336.821
333.981
333.119
332.805
331.646
329.252
325.913
324.686
328.557
334.097
335.96
332.563
329.87
321.509
318.087
317.312
320.172
323.377
324.016
322.306
321.432
326.927
333.97
335.921
332.995
324.598
317.4
315.842
318.971
322.064
322.228
319.423
316.249
317.044
323.524
331.476
334
331.476
323.524
317.044
316.249
319.423
322.228
322.064
318.971
315.842
317.4
324.598
332.995
335.921
333.97
326.927
321.432
322.306
324.016
323.377
320.172
317.312
318.087
321.509
329.87
332.563
330.552
327.535
318.214
316.306
315.601
314.857
314.819
315.048
315.426
316.833
319.916
329.166
331.887
328.582
318.34
313.861
312.521
311.888
312.8
312.843
311.975
312.335
313.506
316.91
327.022
330.19
327.022
316.91
313.506
312.335
311.975
312.843
312.8
311.888
312.521
313.861
318.34
328.582
331.887
329.166
319.916
316.833
315.426
315.048
314.819
314.857
315.601
316.306
318.214
327.535
330.552
330.577
327.695
318.922
315.282
314.826
314.216
313.783
313.963
314.632
315.327
318.439
327.059
329.879
327.176
318.797
312.375
311.79
311.164
310.552
310.404
311.015
311.635
312.22
316.24
325.66
328.715
325.66
316.24
312.22
311.635
311.015
310.404
310.552
311.164
311.79
312.375
318.797
327.176
329.879
327.059
318.439
315.327
314.632
313.963
313.783
314.216
314.826
315.282
318.922
327.695
330.577
332.365
329.8
322.058
314.647
314.113
313.577
313.208
313.219
313.686
314.118
319.94
326.837
329.392
327.472
321.127
312.41
311.034
310.41
309.941
309.882
310.285
310.84
311.431
318.913
326.743
329.351
326.743
318.913
311.431
310.84
310.285
309.882
309.941
310.41
311.034
312.41
321.127
327.472
329.392
326.837
319.94
314.118
313.686
313.219
313.208
313.577
314.113
314.647
322.058
329.8
332.365
335.283
333.084
326.537
316.547
313.621
313.039
312.71
312.599
312.923
313.882
321.294
326.958
329.38
328.192
323.399
315.367
310.197
309.732
309.375
309.341
309.662
310.192
313.529
322.755
329.05
331.204
329.05
322.755
313.529
310.192
309.662
309.341
309.375
309.732
310.197
315.367
323.399
328.192
329.38
326.958
321.294
313.882
312.923
312.599
312.71
313.039
313.621
316.547
326.537
333.084
335.283
338.601
336.715
331.09
321.74
314.426
312.63
312.255
311.988
312.014
313.301
320.888
326.323
328.976
328.519
324.925
318.471
310.37
309.067
308.828
308.82
309.077
309.819
317.333
326.028
331.498
333.365
331.498
326.028
317.333
309.819
309.077
308.82
308.828
309.067
310.37
318.471
324.925
328.519
328.976
326.323
320.888
313.301
312.014
311.988
312.255
312.63
314.426
321.74
331.09
336.715
338.601
341.69
340.085
335.375
327.914
318.738
312.336
311.535
311.099
310.779
311.527
318.649
324.47
327.681
327.984
325.309
319.758
311.513
308.208
308.098
308.115
308.255
310.633
320.577
328.527
333.548
335.26
333.548
328.527
320.577
310.633
308.255
308.115
308.098
308.208
311.513
319.758
325.309
327.984
327.681
324.47
318.649
311.527
310.779
311.099
311.535
312.336
318.738
327.914
335.375
340.085
341.69
343.988
342.561
338.411
331.925
323.698
314.305
310.31
310.07
309.641
309.668
314.232
321.227
325.295
326.425
324.572
319.744
311.989
307.087
306.999
307.016
307.109
311.089
321.92
329.954
334.907
336.581
334.907
329.954
321.92
311.089
307.109
307.016
306.999
307.087
311.989
319.744
324.572
326.425
325.295
321.227
314.232
309.668
309.641
310.07
310.31
314.305
323.698
331.925
338.411
342.561
343.988
345.141
343.759
339.782
333.678
325.994
316.931
309.314
309.081
308.639
308.279
309.746
316.915
321.847
323.849
322.807
318.66
311.359
306.027
305.963
305.977
306.049
310.395
322.064
330.464
335.546
337.248
335.546
330.464
322.064
310.395
306.049
305.977
305.963
306.027
311.359
318.66
322.807
323.849
321.847
316.915
309.746
308.279
308.639
309.081
309.314
316.931
325.994
333.678
339.782
343.759
345.141
345.059
343.553
339.279
333.01
325.667
317.43
308.681
307.952
307.642
307.197
307.189
311.329
317.327
320.318
320.148
316.73
309.994
305.108
305.064
305.088
305.143
309.068
321.48
330.29
335.564
337.321
335.564
330.29
321.48
309.068
305.143
305.088
305.064
305.108
309.994
316.73
320.148
320.318
317.327
311.329
307.189
307.197
307.642
307.952
308.681
317.43
325.667
333.01
339.279
343.553
345.059
343.987
342.116
336.771
329.419
322.248
315.153
308.453
306.856
306.645
306.231
305.751
306.631
311.823
315.946
316.74
314.116
307.997
304.172
304.136
304.156
304.211
307.502
320.5
329.654
335.099
336.907
335.099
329.654
320.5
307.502
304.211
304.156
304.136
304.172
307.997
314.116
316.74
315.946
311.823
306.631
305.751
306.231
306.645
306.856
308.453
315.153
322.248
329.419
336.771
342.116
343.987
342.656
340.152
332.429
324.326
318.867
313.746
309.119
306.242
305.735
305.374
304.885
304.434
306.519
310.904
312.748
310.999
305.511
303.158
303.141
303.175
303.235
306.006
319.37
328.728
334.271
336.108
334.271
328.728
319.37
306.006
303.235
303.175
303.141
303.158
305.511
310.999
312.748
310.904
306.519
304.434
304.885
305.374
305.735
306.242
309.119
313.746
318.867
324.326
332.429
340.152
342.656
342.333
339.431
329.99
322.657
318.518
314.13
309.882
306.076
305.071
304.634
304.132
303.585
303.186
305.511
308.348
307.623
303.003
302.011
302.084
302.157
302.225
304.828
318.25
327.615
333.15
334.982
333.15
327.615
318.25
304.828
302.225
302.157
302.084
302.011
303.003
307.623
308.348
305.511
303.186
303.585
304.132
304.634
305.071
306.076
309.882
314.13
318.518
322.657
329.99
339.431
342.333
343.814
341.291
333.381
324.969
319.757
315.224
310.72
306.37
304.414
303.946
303.411
302.848
302.265
301.954
303.664
304.147
301.056
300.815
301.013
301.131
301.207
304.088
317.193
326.331
331.733
333.521
331.733
326.331
317.193
304.088
301.207
301.131
301.013
300.815
301.056
304.147
303.664
301.954
302.265
302.848
303.411
303.946
304.414
306.37
310.72
315.224
319.757
324.969
333.381
341.291
343.814
346.344
344.561
339.446
332.457
326.44
321.648
316.846
310.563
304.903
303.259
302.704
302.121
301.529
300.916
300.604
300.459
299.829
299.815
300.011
300.134
300.207
303.722
316.104
324.784
329.929
331.635
329.929
324.784
316.104
303.722
300.207
300.134
300.011
299.815
299.829
300.459
300.604
300.916
301.529
302.121
302.704
303.259
304.903
310.563
316.846
321.648
326.44
332.457
339.446
344.561
346.344
348.438
347.163
343.614
338.693
333.591
328.612
323.284
316.88
308.829
302.549
302.015
301.39
300.801
300.209
299.602
298.79
298.675
298.892
299.069
299.175
299.238
303.364
314.722
322.77
327.566
329.16
327.566
322.77
314.722
303.364
299.238
299.175
299.069
298.892
298.675
298.79
299.602
300.209
300.801
301.39
302.015
302.549
308.829
316.88
323.284
328.612
333.591
338.693
343.614
347.163
348.438
349.084
348.039
345.155
341.111
336.624
331.926
326.798
320.859
313.798
305.563
300.989
300.612
300.063
299.506
298.947
298.381
297.895
298.06
298.185
298.248
298.298
302.308
312.653
320.007
324.405
325.872
324.405
320.007
312.653
302.308
298.298
298.248
298.185
298.06
297.895
298.381
298.947
299.506
300.063
300.612
300.989
305.563
313.798
320.859
326.798
331.926
336.624
341.111
345.155
348.039
349.084
347.818
346.755
343.857
339.97
335.869
331.67
327.123
321.96
315.998
309.118
301.967
299.805
299.32
298.793
298.29
297.834
297.49
297.387
297.349
297.323
297.335
300.002
309.574
316.201
320.175
321.519
320.175
316.201
309.574
300.002
297.335
297.323
297.349
297.387
297.49
297.834
298.29
298.793
299.32
299.805
301.967
309.118
315.998
321.96
327.123
331.67
335.869
339.97
343.857
346.755
347.818
344.68
343.304
339.547
335.044
331.212
327.762
324.063
319.86
315.114
309.766
303.663
298.874
298.605
298.042
297.575
297.163
296.84
296.636
296.49
296.346
296.155
297.144
305.446
311.046
314.575
315.854
314.575
311.046
305.446
297.144
296.155
296.346
296.49
296.636
296.84
297.163
297.575
298.042
298.605
298.874
303.663
309.766
315.114
319.86
324.063
327.762
331.212
335.044
339.547
343.304
344.68
340.292
338.236
332.003
325.504
322.195
320.104
317.507
314.304
310.833
307.169
303.185
298.722
297.442
297.184
296.794
296.389
296.059
295.816
295.617
295.405
295.109
295.225
300.161
303.965
307.224
308.747
307.224
303.965
300.161
295.225
295.109
295.405
295.617
295.816
296.059
296.389
296.794
297.184
297.442
298.722
303.185
307.169
310.833
314.304
317.507
320.104
322.195
325.504
332.003
338.236
340.292
336.014
333.364
325.167
318.719
314.666
310.621
307.65
305.023
302.75
300.899
299.267
297.658
296.423
296.38
296.015
295.528
295.179
294.938
294.745
294.534
294.22
293.748
293.242
293.427
297.609
300.685
297.609
293.427
293.242
293.748
294.22
294.534
294.745
294.938
295.179
295.528
296.015
296.38
296.423
297.658
299.267
300.899
302.75
305.023
307.65
310.621
314.666
318.719
325.167
333.364
336.014
333.036
330.073
320.976
314.932
311.47
308.341
305.868
303.653
301.931
300.393
298.966
297.606
296.345
295.967
295.348
294.516
294.177
294.002
293.878
293.755
293.594
293.389
293.201
293.161
293.317
294.896
293.317
293.161
293.201
293.389
293.594
293.755
293.878
294.002
294.177
294.516
295.348
295.967
296.345
297.606
298.966
300.393
301.931
303.653
305.868
308.341
311.47
314.932
320.976
330.073
333.036
331.986
328.935
319.615
313.593
310.132
307.578
305.585
303.572
301.884
300.353
298.957
297.641
296.444
295.818
294.882
293
293
293
293
293
293
293
293
293
293
293
293
293
293
293
293
293
293
293
293
293
294.882
295.818
296.444
297.641
298.957
300.353
301.884
303.572
305.585
307.578
310.132
313.593
319.615
328.935
331.986
