351.307
347.745
336.453
315.082
313.453
310.71
308.077
303.809
301.917
300.509
299.13
297.754
296.658
295.976
294.984
293
293
293
293
293
293
293
293
293
293
293
293
293
293
293
293
293
293
293
293
293
294.984
295.977
296.658
297.716
299.032
300.346
301.684
303.476
307.733
310.359
313.094
314.718
336.038
347.302
350.856
352.869
349.609
339.493
321.456
314.099
310.623
308.839
304.71
302.02
300.559
299.142
297.705
296.504
296.125
295.474
294.603
294.248
294.057
293.913
293.751
293.516
293.245
293.15
293.136
294.231
297.148
294.228
293.137
293.15
293.245
293.516
293.751
293.914
294.058
294.248
294.603
295.474
296.126
296.503
297.669
299.045
300.394
301.783
304.38
308.494
310.271
313.738
321.074
339.065
349.157
352.41
356.951
354.33
346.454
333.362
322.034
313.873
310.239
307.193
304.154
301.698
299.805
298.026
296.554
296.536
296.17
295.677
295.318
295.057
294.831
294.562
294.055
293.303
293.205
294.835
299.811
303.261
299.806
294.829
293.205
293.303
294.056
294.564
294.833
295.058
295.319
295.679
296.171
296.537
296.554
297.989
299.708
301.532
303.913
306.87
309.889
313.507
321.638
332.932
345.992
353.853
356.468
362.273
360.308
354.63
346.126
337.41
329.854
324.02
318.946
314.196
309.705
305.304
300.688
297.338
297.283
296.98
296.607
296.278
296.008
295.781
295.6
295.598
299.024
303.752
307.355
310.688
312.281
310.685
307.351
303.748
299.016
295.6
295.602
295.783
296.01
296.28
296.609
296.982
297.285
297.34
300.661
305.211
309.531
313.93
318.585
323.589
329.383
336.919
345.623
354.119
359.793
361.757
367.524
365.999
361.631
355.103
347.626
340.112
333.042
326.375
319.981
313.619
307.019
300.349
298.871
298.267
297.847
297.48
297.167
296.905
296.671
296.446
296.499
304.907
311.426
316.146
319.306
320.489
319.303
316.141
311.42
304.901
296.503
296.45
296.674
296.908
297.169
297.483
297.849
298.27
298.874
300.343
306.944
313.45
319.693
325.949
332.497
339.52
347.031
354.523
361.066
365.444
366.973
371.826
370.532
366.793
361.03
353.878
345.925
337.66
329.532
321.734
313.773
304.808
299.604
299.464
299.054
298.648
298.287
297.991
297.761
297.541
297.205
297.625
308.84
316.898
322.496
325.901
327.065
325.898
322.49
316.889
308.83
297.618
297.208
297.544
297.764
297.994
298.29
298.652
299.058
299.467
299.606
304.777
313.632
321.441
329.023
336.931
345.166
353.164
360.372
366.179
369.945
371.248
374.716
373.511
369.978
364.347
356.932
348.052
338.139
328.36
319.65
310.928
301.795
300.922
300.313
299.826
299.392
299.017
298.737
298.596
298.514
298.44
300.032
311.931
320.829
327.038
330.738
331.973
330.735
327.03
320.817
311.911
299.997
298.441
298.517
298.6
298.741
299.021
299.397
299.831
300.318
300.928
301.805
310.858
319.418
327.769
337.039
347.051
356.086
363.622
369.332
372.909
374.128
376.016
374.817
371.262
365.448
357.449
347.211
334.486
322.117
313.58
305.849
302.039
301.55
301.029
300.533
300.066
299.639
299.332
299.36
299.466
299.543
301.72
314.024
323.45
330.089
334.04
335.353
334.037
330.081
323.437
314.001
301.677
299.548
299.471
299.364
299.336
299.643
300.071
300.539
301.035
301.556
302.044
305.895
313.601
321.598
332.404
345.911
356.508
364.697
370.619
374.23
375.446
375.714
374.48
370.805
364.733
356.206
344.858
329.606
315.396
307.702
302.941
302.645
302.197
301.706
301.2
300.686
300.134
299.596
300.034
300.436
300.801
301.995
314.993
324.86
331.826
335.982
337.363
335.978
331.819
324.849
314.978
301.973
300.808
300.441
300.039
299.6
300.139
300.692
301.207
301.714
302.205
302.655
302.953
307.919
316.166
327.834
343.683
355.337
364.04
370.215
373.946
375.198
373.88
372.583
368.745
362.473
353.782
342.411
327.679
312.117
305.151
303.696
303.312
302.873
302.387
301.864
301.35
302.129
301.679
300.992
301.43
301.83
302.005
315.095
325.17
332.373
336.698
338.139
336.695
332.367
325.163
315.088
302.006
301.834
301.434
300.997
301.679
302.133
301.358
301.872
302.395
302.883
303.324
303.71
305.222
312.356
326.927
341.649
353.12
361.91
368.257
372.141
373.453
370.64
369.228
365.118
358.632
350.038
339.326
326.356
311.756
304.648
304.446
304.023
303.585
303.091
302.507
303.8
306.264
305.157
302.456
302.447
302.667
302.727
314.214
324.351
331.797
336.298
337.8
336.295
331.793
324.346
314.209
302.731
302.671
302.452
302.46
305.151
306.268
303.809
302.516
303.1
303.595
304.034
304.459
304.665
311.771
326.011
338.867
349.582
358.222
364.762
368.908
370.332
366.222
364.572
359.869
352.898
344.413
334.497
322.665
309.886
305.31
305.077
304.736
304.342
303.872
303.977
307.744
310.205
308.667
303.312
303.224
303.517
303.6
310.914
322.224
330.167
334.896
336.468
334.894
330.163
322.219
310.907
303.606
303.523
303.23
303.318
308.674
310.215
307.754
303.987
303.883
304.352
304.747
305.088
305.32
309.871
322.482
334.225
344.12
352.634
359.661
364.398
366.058
361.105
358.968
352.886
344.68
336.218
327.586
316.122
308.034
306.216
305.804
305.491
305.161
304.905
307.823
312.61
314.146
312.008
305.776
304.216
304.566
304.84
307.208
319.464
327.752
332.652
334.282
332.649
327.747
319.46
307.204
304.849
304.574
304.223
305.796
312.026
314.162
312.622
307.832
304.913
305.17
305.5
305.814
306.223
308.016
316.037
327.43
336.04
344.534
352.849
358.964
361.106
356.261
353.31
344.028
332.718
324.199
319.968
312.866
309.689
307.438
306.5
306.251
305.943
306.139
312.554
316.726
317.762
315.443
309.72
305.682
305.678
306.029
306.293
316.671
324.723
329.679
331.358
329.673
324.715
316.671
306.304
306.041
305.689
305.693
309.753
315.472
317.786
316.742
312.562
306.144
305.948
306.257
306.503
307.423
309.65
312.813
319.873
324.083
332.613
344.238
353.502
356.439
353.319
349.984
339.114
328.235
322.705
319.809
314.658
311.155
309.704
308.209
307.407
307.97
308.38
315.949
319.976
320.734
318.282
312.986
306.454
306.422
306.552
306.625
312.411
320.79
325.984
327.796
325.97
320.769
312.4
306.639
306.565
306.435
306.467
313.034
318.324
320.767
319.996
315.955
308.376
307.966
307.402
308.194
309.677
311.119
314.598
319.714
322.589
327.971
339.711
350.367
353.647
353.047
350.191
341.405
331.242
323.768
320.025
314.955
313.61
312.996
312.209
311.795
311.94
312.224
318.891
322.497
322.916
319.963
313.92
307.03
306.993
307.117
307.425
308.722
316.042
321.672
323.874
321.641
315.993
308.713
307.441
307.132
307.007
307.044
313.99
320.025
322.961
322.521
318.895
312.205
311.92
311.77
312.184
312.97
313.585
314.904
319.936
323.679
331.359
342.01
350.609
353.414
354.488
352.329
346.271
338.312
330.462
323.507
316.972
316.548
316.348
316.015
315.859
315.734
315.805
320.895
324.204
324.471
320.735
312.396
307.785
307.39
307.488
307.711
307.964
310.742
316.787
320.387
316.726
310.765
307.984
307.729
307.504
307.404
307.799
312.507
320.825
324.53
324.233
320.897
315.784
315.713
315.835
315.991
316.323
316.518
316.939
323.476
330.474
338.45
346.583
352.643
354.793
356.247
354.365
349.039
341.275
332.267
322.841
317.158
316.993
316.731
316.504
316.428
316.534
316.619
320.682
324.954
326.029
322.109
310.442
308.784
307.915
307.775
307.955
308.27
308.732
314.503
320.162
314.237
308.771
308.294
307.974
307.79
307.929
308.784
310.655
322.238
326.102
324.984
320.679
316.595
316.511
316.404
316.48
316.706
316.969
317.135
322.827
332.299
341.383
349.231
354.586
356.473
357.768
355.847
350.246
341.48
330.493
319.779
317.659
317.37
317.084
316.766
316.778
317.042
317.267
319.18
324.901
328.583
327.231
318.244
310.334
308.467
308.302
308.486
308.497
311.366
321.395
327.52
320.831
310.652
308.511
308.504
308.318
308.488
310.57
318.509
327.372
328.654
324.922
319.168
317.245
317.019
316.755
316.742
317.06
317.347
317.635
319.758
330.513
341.554
350.37
355.998
357.928
359.131
357.007
350.618
339.906
324.838
318.359
318.043
317.725
317.377
316.894
317.231
317.713
318.139
318.697
323.12
332.172
335.987
335.108
333.113
332.498
332.794
333.522
334.707
337.256
341.485
343.696
341.241
336.953
334.604
333.495
332.805
332.551
333.244
335.252
336.086
332.221
323.119
318.677
318.118
317.692
317.208
316.87
317.354
317.702
318.02
318.336
324.835
339.949
350.697
357.109
359.24
360.743
358.433
351.312
338.689
319.02
318.679
318.386
318.141
321.075
321.854
319.173
318.433
318.622
318.973
320.197
336.997
345.438
349.098
350.632
351.733
352.868
354.122
355.605
357.515
359.6
360.537
359.49
357.373
355.521
354.087
352.87
351.77
350.704
349.177
345.498
337.024
320.181
318.954
318.602
318.413
319.153
321.834
321.053
318.118
318.363
318.657
318.998
338.709
351.361
358.5
360.816
362.974
360.672
353.506
340.525
319.423
319.003
318.828
323.712
329.646
330.688
326.413
320.885
318.898
319.761
329.992
346.193
355.671
361.211
364.586
366.936
368.822
370.493
372.075
373.601
374.863
375.36
374.811
373.528
372.019
370.463
368.817
366.955
364.623
361.254
355.705
346.208
329.983
319.744
318.877
320.862
326.391
330.669
329.627
323.691
318.806
318.981
319.401
340.533
353.536
360.716
363.023
365.811
363.773
357.515
346.489
329.2
319.78
326.247
334.49
339.182
340.84
340.018
338.646
338.912
341.763
348.744
358.139
365.842
371.491
375.563
378.602
380.991
382.952
384.6
385.95
386.892
387.231
386.865
385.909
384.564
382.928
380.982
378.608
375.58
371.512
365.859
358.147
348.74
341.752
338.898
338.63
340.002
340.825
339.167
334.473
326.228
319.758
329.186
346.495
357.536
363.803
365.845
368.725
367.094
362.293
354.721
345.737
340.452
341.453
344.838
347.752
349.473
350.174
350.77
352.371
355.698
361.121
367.779
374.067
379.347
383.573
386.92
389.586
391.725
393.425
394.706
395.525
395.805
395.509
394.68
393.398
391.704
389.574
386.917
383.577
379.354
374.073
367.781
361.118
355.691
352.362
350.759
350.163
349.462
347.742
344.827
341.442
340.442
345.734
354.728
362.309
367.117
368.75
370.899
369.585
365.842
360.364
354.581
350.841
350.276
351.657
353.516
355.126
356.433
357.887
360.107
363.536
368.262
373.789
379.299
384.257
388.462
391.917
394.71
396.938
398.667
399.924
400.697
400.956
400.686
399.904
398.644
396.917
394.694
391.907
388.457
384.255
379.298
373.787
368.259
363.531
360.101
357.881
356.427
355.12
353.51
351.652
350.271
350.839
354.584
360.373
365.857
369.604
370.92
371.704
370.503
367.127
362.311
357.383
354.055
353.152
353.999
355.528
357.082
358.547
360.238
362.632
366.077
370.604
375.815
381.082
385.922
390.101
393.576
396.4
398.648
400.381
401.627
402.384
402.636
402.373
401.608
400.358
398.625
396.379
393.559
390.088
385.912
381.075
375.81
370.6
366.074
362.629
360.236
358.545
357.08
355.527
353.999
353.153
354.058
357.39
362.323
367.143
370.522
371.724
370.912
369.596
365.852
360.371
354.585
350.843
350.277
351.658
353.517
355.127
356.434
357.888
360.107
363.536
368.261
373.786
379.293
384.246
388.443
391.887
394.665
396.874
398.582
399.819
400.577
400.829
400.563
399.796
398.554
396.845
394.639
391.863
388.423
384.23
379.281
373.778
368.257
363.534
360.107
357.889
356.436
355.129
353.52
351.662
350.283
350.851
354.596
360.385
365.869
369.616
370.932
368.75
367.118
362.313
354.734
345.744
340.456
341.455
344.84
347.754
349.474
350.175
350.771
352.372
355.698
361.119
367.775
374.057
379.328
383.539
386.864
389.5
391.6
393.254
394.49
395.274
395.541
395.255
394.458
393.217
391.564
389.466
386.833
383.511
379.305
374.04
367.765
361.116
355.699
352.376
350.776
350.181
349.481
347.761
344.848
341.465
340.467
345.758
354.751
362.333
367.14
368.774
365.854
363.813
357.547
346.509
329.206
319.783
326.25
334.492
339.184
340.842
340.02
338.648
338.914
341.764
348.744
358.136
365.832
371.469
375.521
378.529
380.872
382.773
384.344
385.612
386.49
386.804
386.459
385.564
384.294
382.726
380.83
378.49
375.484
371.438
365.809
358.125
348.744
341.771
338.923
338.659
340.031
340.853
339.195
334.504
326.263
319.798
329.222
346.529
357.571
363.839
365.881
363.039
360.732
353.554
340.553
319.426
319.006
318.831
323.715
329.648
330.691
326.416
320.888
318.9
319.766
329.996
346.194
355.666
361.195
364.546
366.859
368.687
370.274
371.738
373.122
374.271
374.725
374.214
373.044
371.668
370.217
368.638
366.811
364.499
361.152
355.635
346.18
330.004
319.782
318.915
320.905
326.432
330.705
329.662
323.729
318.846
319.021
319.442
340.576
353.583
360.765
363.073
360.838
358.522
351.383
338.733
319.023
318.682
318.388
318.143
321.077
321.856
319.175
318.436
318.624
318.976
320.202
337.004
345.444
349.097
350.612
351.672
352.743
353.897
355.213
356.869
358.747
359.612
358.627
356.73
355.119
353.835
352.693
351.619
350.548
349.035
345.4
336.985
320.216
318.99
318.639
318.451
319.192
321.873
321.093
318.159
318.403
318.697
319.039
338.76
351.419
358.564
360.881
359.267
357.136
350.724
339.976
324.862
318.361
318.045
317.727
317.379
316.895
317.233
317.716
318.141
318.7
323.128
332.187
336.009
335.138
333.133
332.474
332.717
333.358
334.348
336.393
340.235
342.35
339.951
336.131
334.242
333.311
332.681
332.423
333.039
335.042
335.945
332.155
323.129
318.714
318.156
317.731
317.248
316.911
317.394
317.742
318.06
318.376
324.881
340.01
350.77
357.19
359.323
357.96
356.03
350.402
341.586
330.544
319.784
317.661
317.372
317.085
316.768
316.78
317.044
317.27
319.185
324.914
328.605
327.269
318.318
310.404
308.471
308.305
308.49
308.493
310.191
319.463
325.601
318.718
309.728
308.514
308.503
308.31
308.47
310.264
318.158
327.182
328.561
324.902
319.199
317.285
317.059
316.795
316.783
317.1
317.387
317.676
319.798
330.57
341.629
350.463
356.101
358.034
356.511
354.623
349.267
341.423
332.338
322.858
317.161
316.994
316.732
316.506
316.43
316.536
316.621
320.689
324.968
326.052
322.144
310.493
308.779
307.919
307.78
307.963
308.283
308.772
312.373
317.881
311.106
308.833
308.31
307.977
307.784
307.923
308.796
310.378
322.065
326.006
324.95
320.696
316.636
316.551
316.445
316.522
316.747
317.009
317.175
322.873
332.366
341.475
349.349
354.719
356.61
354.838
352.685
346.621
338.499
330.525
323.519
316.965
316.544
316.348
316.016
315.859
315.734
315.806
320.902
324.218
324.491
320.761
312.422
307.792
307.395
307.493
307.717
307.97
310.081
315.085
318.445
314.285
309.636
307.984
307.726
307.496
307.394
307.792
312.346
320.696
324.448
324.197
320.902
315.821
315.749
315.875
316.031
316.363
316.559
316.976
323.529
330.546
338.555
346.741
352.814
354.967
353.471
350.657
342.032
331.429
323.754
319.999
314.943
313.615
312.996
312.211
311.797
311.941
312.225
318.897
322.509
322.934
319.986
313.944
307.035
306.998
307.122
307.429
308.677
315.349
320.548
322.527
320.218
314.975
308.636
307.431
307.12
306.994
307.031
313.872
319.925
322.892
322.487
318.895
312.242
311.959
311.817
312.23
313.015
313.637
314.951
319.991
323.74
331.459
342.247
350.829
353.631
353.734
350.438
339.726
328.087
322.668
319.78
314.643
311.149
309.7
308.205
307.402
307.966
308.377
315.952
319.986
320.751
318.307
313.02
306.458
306.427
306.556
306.629
312.285
320.309
325.229
326.899
325.086
320.135
312.206
306.621
306.547
306.418
306.45
312.934
318.242
320.709
319.965
315.949
308.389
307.979
307.414
308.221
309.718
311.165
314.648
319.769
322.651
327.991
339.997
350.626
353.9
356.589
353.637
344.319
332.709
324.168
319.941
312.854
309.68
307.432
306.496
306.247
305.939
306.135
312.556
316.734
317.778
315.469
309.764
305.687
305.682
306.035
306.3
316.525
324.372
329.161
330.755
329.091
324.273
316.44
306.26
306.017
305.67
305.672
309.645
315.398
317.736
316.714
312.555
306.145
305.949
306.256
306.506
307.447
309.697
312.863
319.931
324.156
332.743
344.512
353.778
356.715
361.349
359.201
353.071
344.753
336.245
327.595
316.12
308.029
306.213
305.801
305.488
305.158
304.901
307.822
312.614
314.157
312.028
305.811
304.221
304.568
304.839
307.207
319.334
327.492
332.29
333.868
332.249
327.426
319.256
307.104
304.846
304.561
304.2
305.707
311.969
314.125
312.602
307.826
304.91
305.167
305.497
305.81
306.222
308.041
316.111
327.557
336.209
344.749
353.124
359.259
361.406
366.406
364.746
360.011
352.99
344.471
334.535
322.689
309.901
305.307
305.074
304.733
304.339
303.87
303.975
307.744
310.21
308.673
303.312
303.221
303.517
303.599
310.888
322.113
329.973
334.638
336.178
334.612
329.928
322.052
310.804
303.6
303.516
303.23
303.313
308.647
310.191
307.742
303.984
303.879
304.348
304.743
305.083
305.316
309.887
322.624
334.441
344.379
352.924
359.977
364.727
366.391
370.784
369.366
365.238
358.726
350.112
339.387
326.405
311.762
304.643
304.442
304.02
303.583
303.088
302.504
303.798
306.264
305.157
302.454
302.446
302.667
302.727
314.174
324.257
331.65
336.11
337.593
336.094
331.621
324.219
314.133
302.717
302.66
302.447
302.455
305.128
306.253
303.804
302.514
303.098
303.593
304.031
304.453
304.654
311.78
326.262
339.203
349.943
358.589
365.133
369.281
370.705
373.997
372.697
368.848
362.564
353.865
342.496
327.782
312.074
305.153
303.696
303.311
302.871
302.384
301.861
301.346
302.128
301.679
300.994
301.428
301.827
302.002
315.054
325.092
332.26
336.56
337.989
336.55
332.242
325.07
315.036
302
301.836
301.433
300.987
301.667
302.124
301.357
301.871
302.394
302.881
303.321
303.707
305.174
312.226
327.44
342.168
353.6
362.357
368.684
372.558
373.867
375.811
374.575
370.895
364.817
356.287
344.948
329.733
315.441
307.721
302.94
302.643
302.194
301.704
301.198
300.683
300.133
299.59
300.03
300.432
300.796
301.976
314.952
324.795
331.739
335.879
337.254
335.874
331.729
324.783
314.942
301.971
300.821
300.448
300.048
299.614
300.141
300.693
301.208
301.714
302.205
302.654
302.952
307.786
315.749
328.907
344.43
355.931
364.555
370.69
374.4
375.646
376.098
374.898
371.339
365.521
357.519
347.278
334.539
322.169
313.647
305.88
302.035
301.547
301.026
300.531
300.063
299.636
299.328
299.356
299.463
299.539
301.685
313.983
323.397
330.022
333.964
335.274
333.962
330.017
323.392
313.979
301.684
299.556
299.478
299.372
299.346
299.649
300.074
300.541
301.036
301.558
302.047
305.841
313.518
321.876
333.587
346.714
357.14
365.243
371.119
374.708
375.917
374.784
373.578
370.043
364.409
356.99
348.106
338.187
328.405
319.696
310.966
301.808
300.92
300.311
299.824
299.39
299.014
298.734
298.593
298.511
298.435
300.001
311.897
320.788
326.988
330.683
331.916
330.681
326.986
320.787
311.9
300.01
298.447
298.523
298.606
298.747
299.026
299.4
299.834
300.321
300.93
301.806
310.903
319.549
328.127
337.71
347.699
356.672
364.157
369.835
373.394
374.608
371.883
370.588
366.847
361.081
353.926
345.969
337.699
329.568
321.766
313.797
304.821
299.599
299.461
299.052
298.646
298.285
297.989
297.759
297.539
297.204
297.616
308.818
316.868
322.46
325.862
327.026
325.862
322.46
316.87
308.822
297.623
297.21
297.548
297.769
297.999
298.294
298.655
299.061
299.47
299.609
304.809
313.74
321.648
329.372
337.426
345.7
353.69
360.88
366.67
370.426
371.725
367.571
366.045
361.675
355.144
347.663
340.145
333.071
326.401
320.003
313.636
307.029
300.352
298.868
298.265
297.845
297.478
297.165
296.903
296.67
296.445
296.498
304.893
311.406
316.122
319.28
320.463
319.28
316.123
311.409
304.899
296.506
296.454
296.678
296.911
297.173
297.486
297.853
298.273
298.877
300.352
307.016
313.598
319.931
326.288
332.922
339.986
347.51
355.001
361.54
365.914
367.442
362.311
360.345
354.664
346.157
337.436
329.876
324.04
318.963
314.21
309.714
305.31
300.692
297.336
297.282
296.978
296.605
296.277
296.007
295.78
295.599
295.597
299.013
303.741
307.341
310.672
312.266
310.673
307.343
303.744
299.019
295.603
295.605
295.786
296.013
296.283
296.611
296.984
297.288
297.343
300.693
305.309
309.706
314.189
318.927
323.987
329.812
337.363
346.074
354.573
360.249
362.214
356.982
354.361
346.481
333.382
322.05
313.884
310.249
307.2
304.159
301.701
299.807
298.027
296.553
296.535
296.169
295.676
295.317
295.056
294.831
294.562
294.054
293.303
293.205
294.829
299.803
303.254
299.804
294.831
293.205
293.303
294.057
294.565
294.834
295.06
295.321
295.681
296.173
296.539
296.557
298.033
299.822
301.727
304.194
307.244
310.288
313.913
322.054
333.359
346.431
354.297
356.914
352.896
349.635
339.515
321.47
314.11
310.632
308.848
304.717
302.024
300.561
299.144
297.705
296.503
296.125
295.473
294.602
294.247
294.057
293.913
293.751
293.516
293.245
293.15
293.136
294.228
297.145
294.229
293.137
293.15
293.246
293.517
293.752
293.914
294.059
294.249
294.604
295.476
296.127
296.505
297.71
299.16
300.59
302.067
304.776
308.894
310.674
314.144
321.487
339.493
349.593
352.848
351.333
347.769
336.473
315.093
313.464
310.719
308.085
303.815
301.921
300.512
299.131
297.754
296.658
295.976
294.983
293
293
293
293
293
293
293
293
293
293
293
293
293
293
293
293
293
293
293
293
293
294.985
295.978
296.658
297.759
299.147
300.541
301.964
303.878
308.135
310.762
313.5
315.125
336.461
347.735
351.291
