0.001
0.001
0.164286
0.787562
0.798535
0.8
0.8
0.920567
0.961429
0.971381
0.97432
0.989481
1
1
1
1
1
1
1
1
1
1
1
1
0.37631
0.376588
1
1
1
1
1
1
1
1
1
1
1
1
0.987929
0.972437
0.969405
0.959401
0.918594
0.8
0.8
0.798535
0.787562
0.163992
0.001
0.001
0.001
0.001
0.17088
0.548436
0.637763
0.794677
0.688132
0.647186
0.700491
0.718234
0.739318
0.79076
1
1
1
1
1
1
1
1
1
1
1
0.665809
0.196048
0.196132
0.666318
1
1
1
1
1
1
1
1
1
1
1
0.790758
0.739318
0.718236
0.700494
0.647187
0.688132
0.794677
0.637763
0.548435
0.170566
0.001
0.001
0.001
0.001
0.0881175
0.198562
0.18375
0.110594
0.129351
0.149862
0.132122
0.130613
0.153768
0.419867
1
1
1
1
1
1
1
1
0.624006
0.0818025
0.0324539
0.0507957
0.0292707
0.0292345
0.0507342
0.0324243
0.0821011
0.625638
1
1
1
1
1
1
1
1
0.419993
0.1533
0.130057
0.131624
0.149456
0.129065
0.11037
0.183391
0.198184
0.0879535
0.001
0.001
0.001
0.001
0.001
0.00113846
0.00110179
0.001
0.001
0.001
0.001
0.001
0.0717043
0.609106
1
1
1
1
1
1
1
1
0.383652
0.0230306
0.001
0.001
0.001
0.001
0.001
0.001
0.0231479
0.384728
1
1
1
1
1
1
1
1
0.61018
0.0719608
0.001
0.001
0.001
0.001
0.001
0.00110035
0.00113727
0.001
0.001
0.001
0.001
0.001
0.001
0.001
0.001
0.001
0.001
0.001
0.001
0.0388422
0.280622
1
1
1
1
1
1
1
1
0.949073
0.228546
0.00131325
0.001
0.001
0.001
0.001
0.001
0.001
0.00131637
0.229316
0.95065
1
1
1
1
1
1
1
1
0.281083
0.0389823
0.001
0.001
0.001
0.001
0.001
0.001
0.001
0.001
0.001
0.001
0.001
0.001
0.001
0.001
0.001
0.001
0.001
0.00598802
0.157877
0.711371
1
1
1
1
1
1
1
1
0.765098
0.172056
0.001
0.001
0.001
0.001
0.001
0.001
0.001
0.001
0.172821
0.767863
1
1
1
1
1
1
1
1
0.712106
0.15826
0.00600002
0.001
0.001
0.001
0.001
0.001
0.001
0.001
0.001
0.001
0.001
0.001
0.001
0.001
0.091888
0.218734
0.219947
0.185865
0.479516
1
1
1
1
1
1
1
1
1
0.651059
0.136094
0.001
0.001
0.001
0.001
0.001
0.001
0.001
0.001
0.136976
0.654144
1
1
1
1
1
1
1
1
1
0.47947
0.185111
0.213934
0.211799
0.0891303
0.001
0.001
0.001
0.001
0.001
0.001
0.001
0.001
0.001
0.001
0.219671
0.578553
0.589987
0.543078
0.946549
1
1
1
1
1
0.99336
1
1
1
0.677977
0.137135
0.001
0.001
0.001
0.001
0.001
0.001
0.001
0.001
0.137733
0.680649
1
1
1
0.993256
1
1
1
1
1
0.946937
0.543056
0.589698
0.555535
0.211591
0.001
0.001
0.001
0.001
0.001
0.001
0.001
0.001
0.001
0.001
0.1979
0.54826
0.675085
0.784839
1
1
1
1
1
0.964287
0.526263
0.895178
1
1
0.854803
0.185482
0.001
0.001
0.001
0.001
0.001
0.001
0.001
0.001
0.185497
0.856255
1
1
0.894686
0.526523
0.964252
1
1
1
1
1
0.784519
0.675085
0.537175
0.189775
0.001
0.001
0.001
0.001
0.001
0.001
0.001
0.001
0.001
0.001
0.061105
0.232897
0.61201
0.86864
1
1
1
1
1
0.432083
0.163645
0.575786
1
1
0.964959
0.251141
0.00536223
0.001
0.001
0.001
0.001
0.001
0.001
0.00546784
0.251499
0.965349
1
1
0.577701
0.164059
0.431941
1
1
1
1
1
0.870286
0.611663
0.229416
0.058444
0.001
0.001
0.001
0.001
0.001
0.001
0.001
0.001
0.001
0.001
0.00978927
0.160094
0.545803
1
1
1
1
1
0.593686
0.107215
0.0127487
0.313576
1
1
1
0.396852
0.0496707
0.001
0.001
0.001
0.001
0.001
0.001
0.0498007
0.397798
1
1
1
0.314524
0.0130097
0.107066
0.593298
1
1
1
1
1
0.547518
0.161239
0.00979861
0.001
0.001
0.001
0.001
0.001
0.001
0.001
0.00147505
0.00247384
0.0187953
0.125163
0.383931
0.8
1
1
1
1
0.82698
0.227678
0.0145162
0.001
0.184725
0.879236
1
1
0.643586
0.128787
0.001
0.001
0.001
0.001
0.001
0.001
0.128889
0.6437
1
1
0.878132
0.184219
0.001
0.0144647
0.227508
0.826471
1
1
1
1
0.8
0.383129
0.124576
0.0185349
0.00235188
0.00136593
0.001
0.001
0.001
0.0696085
0.189383
0.240678
0.264054
0.415372
0.764414
0.828467
0.986859
1
1
0.981904
0.434899
0.0638571
0.001
0.001
0.102792
0.623608
1
1
0.799614
0.189561
0.001
0.001
0.001
0.001
0.001
0.001
0.189525
0.798973
1
1
0.621709
0.102823
0.001
0.001
0.0638006
0.434418
0.981188
1
1
0.985888
0.8275
0.764414
0.41511
0.26173
0.240932
0.192441
0.071948
0.001
0.001
0.187596
0.571389
0.699837
0.795628
0.8
0.8
0.8
0.851005
0.958967
0.974521
0.8
0.289052
0.00800248
0.001
0.001
0.0317985
0.438242
1
1
1
0.393102
0.0206544
0.001
0.001
0.001
0.001
0.0211562
0.390117
1
1
1
0.433118
0.0326436
0.001
0.001
0.0079755
0.288649
0.8
0.973841
0.95832
0.850432
0.8
0.8
0.8
0.795416
0.699875
0.561658
0.198343
0.001
0.001
0.186927
0.567473
0.701327
0.8
0.736806
0.706406
0.8
0.8
0.810863
0.803011
0.8
0.227789
0.00271848
0.001
0.001
0.00391944
0.357687
1
1
1
0.66639
0.13942
0.00195009
0.001
0.001
0.00201426
0.142045
0.668382
1
1
1
0.351918
0.00428584
0.001
0.001
0.00271025
0.22757
0.8
0.802582
0.81047
0.8
0.8
0.706406
0.736806
0.8
0.701636
0.558348
0.200662
0.001
0.001
0.0686415
0.183649
0.235029
0.288078
0.419552
0.697607
0.8
0.8
0.8
0.8
0.8
0.176573
0.00194223
0.001
0.001
0.0722777
0.469874
1
1
1
0.992245
0.505442
0.194202
0.044586
0.0360764
0.184479
0.509143
0.992245
1
1
1
0.465892
0.0722826
0.001
0.001
0.0019371
0.176446
0.8
0.8
0.8
0.8
0.8
0.698565
0.419264
0.285067
0.239361
0.194127
0.0751926
0.001
0.001
0.001
0.00106857
0.0028194
0.0319576
0.295981
0.845804
1
1
0.950695
1
0.885592
0.26995
0.00996502
0.001
0.001
0.196859
0.76362
0.860639
0.943307
1
1
0.930653
0.623548
0.204217
0.185739
0.596068
0.930653
1
1
0.943307
0.860363
0.764232
0.196637
0.001
0.001
0.00992156
0.26974
0.885414
1
0.950621
1
1
0.846881
0.296444
0.0316327
0.0027092
0.001
0.001
0.001
0.001
0.001
0.001
0.001
0.144586
0.628821
0.982003
1
0.970601
1
0.958137
1
0.60698
0.165891
0.001
0.001
0.203886
0.736581
0.799756
0.920535
0.796629
0.910426
0.956644
0.716559
0.256301
0.237381
0.732107
0.956644
0.910426
0.796629
0.920535
0.799836
0.731008
0.203845
0.001
0.001
0.165934
0.606693
1
0.958056
1
0.970601
1
0.982003
0.628948
0.144821
0.001
0.001
0.001
0.001
0.001
0.001
0.001
0.0661677
0.414398
0.906595
1
1
0.905848
0.901664
0.894181
0.973609
0.796423
0.426002
0.0650831
0.001
0.0810043
0.272061
0.344468
0.274513
0.253467
0.283221
0.322503
0.274653
0.120231
0.112615
0.265253
0.320817
0.289948
0.254092
0.273661
0.343841
0.27208
0.081111
0.001
0.0650461
0.426045
0.796423
0.973609
0.894164
0.901664
0.905848
1
1
0.906595
0.414921
0.0662574
0.001
0.001
0.001
0.001
0.001
0.001
0.159494
0.853651
1
1
0.860168
0.403054
0.612732
0.840188
0.915271
0.988045
0.812137
0.247477
0.001
0.001
0.001
0.001
0.001
0.001
0.001
0.001
0.001
0.001
0.001
0.001
0.001
0.001
0.001
0.001
0.001
0.001
0.001
0.001
0.247539
0.81221
0.98803
0.915271
0.839911
0.612526
0.403122
0.860168
1
1
0.853651
0.159683
0.001
0.001
0.001
0.001
0.001
0.001
0.265618
0.970005
0.981108
0.858156
0.354206
0.0960765
0.204096
0.659415
0.868246
0.934403
0.79539
0.302697
0.001
0.001
0.001
0.001
0.001
0.001
0.001
0.001
0.001
0.001
0.001
0.001
0.001
0.001
0.001
0.001
0.001
0.001
0.001
0.001
0.302913
0.795122
0.934339
0.868246
0.659404
0.204094
0.0960904
0.354431
0.858156
0.981108
0.970005
0.265835
0.001
0.001
0.001
0.001
0.001
0.001
0.248685
0.85184
0.867491
0.303963
0.0662071
0.001
0.0342817
0.13813
0.224423
0.316757
0.314421
0.142561
0.001
0.001
0.001
0.001
0.001
0.001
0.001
0.001
0.001
0.001
0.001
0.001
0.001
0.001
0.001
0.001
0.001
0.001
0.001
0.001
0.142736
0.314744
0.316977
0.224388
0.13811
0.0342892
0.001
0.0662402
0.304128
0.867492
0.85184
0.248835
0.001
0.001
0.001
0.001
0.001
0.001
0.112465
0.2536
0.218184
0.0625416
0.001
0.001
0.001
0.001
0.001
0.001
0.001
0.001
0.001
0.001
0.001
0.001
0.001
0.001
0.001
0.001
0.001
0.001
0.001
0.001
0.001
0.001
0.001
0.001
0.001
0.001
0.001
0.001
0.001
0.001
0.001
0.001
0.001
0.001
0.001
0.001
0.0625639
0.218287
0.253732
0.112529
0.001
0.001
0.001
0.001
0.001
0.001
0.001
0.001
0.001
0.001
0.001
0.001
0.001
0.001
0.001
0.001
0.001
0.001
0.001
0.001
0.001
0.001
0.001
0.001
0.001
0.001
0.001
0.001
0.001
0.001
0.001
0.001
0.001
0.001
0.001
0.001
0.001
0.001
0.001
0.001
0.001
0.001
0.001
0.001
0.001
0.001
0.001
0.001
0.001
0.001
0.001
0.001
0.001
0.001
0.001
0.001
0.001
0.001
0.001
0.001
0.001
0.001
0.001
0.001
0.001
0.001
0.001
0.001
0.001
0.001
0.001
0.001
0.001
0.001
0.001
0.001
0.001
0.001
0.001
0.001
0.001
0.001
0.001
0.001
0.001
0.001
0.001
0.001
0.001
0.001
0.001
0.001
0.001
0.001
0.001
0.001
0.001
0.001
0.001
0.001
0.001
0.001
0.001
0.001
0.001
0.001
0.001
0.001
0.001
0.001
0.001
0.001
0.001
0.001
0.001
0.001
0.001
0.001
0.001
0.001
0.001
0.001
0.001
0.001
0.001
0.001
0.001
0.001
0.001
0.001
0.001
0.001
0.001
0.001
0.001
0.001
0.001
0.001
0.001
0.001
0.001
0.001
0.001
0.001
0.001
0.001
0.001
0.001
0.001
0.001
0.001
0.001
0.001
0.001
0.001
0.001
0.001
0.001
0.001
0.001
0.001
0.001
0.001
0.001
0.001
0.001
0.001
0.001
0.001
0.001
0.001
0.001
0.001
0.001
0.001
0.001
0.001
0.001
0.001
0.001
0.001
0.001
0.001
0.001
0.001
0.001
0.001
0.001
0.001
0.001
0.001
0.001
0.001
0.001
0.001
0.001
0.001
0.001
0.001
0.001
0.001
0.001
0.001
0.001
0.001
0.001
0.112491
0.253652
0.218223
0.0625495
0.001
0.001
0.001
0.001
0.001
0.001
0.001
0.001
0.001
0.001
0.001
0.001
0.001
0.001
0.001
0.001
0.001
0.001
0.001
0.001
0.001
0.001
0.001
0.001
0.001
0.001
0.001
0.001
0.001
0.001
0.001
0.001
0.001
0.001
0.001
0.001
0.0625663
0.218296
0.253741
0.112532
0.001
0.001
0.001
0.001
0.001
0.001
0.248746
0.85184
0.867491
0.304029
0.0662196
0.001
0.0343127
0.138179
0.224453
0.316984
0.314719
0.14272
0.001
0.001
0.001
0.001
0.001
0.001
0.001
0.001
0.001
0.001
0.001
0.001
0.001
0.001
0.001
0.001
0.001
0.001
0.001
0.001
0.143019
0.315313
0.317454
0.224478
0.138138
0.0343006
0.001
0.0662336
0.304129
0.867491
0.85184
0.248839
0.001
0.001
0.001
0.001
0.001
0.001
0.265713
0.970005
0.981108
0.858156
0.354282
0.0960965
0.204141
0.659411
0.868246
0.934329
0.795095
0.302899
0.001
0.001
0.001
0.001
0.001
0.001
0.001
0.001
0.001
0.001
0.001
0.001
0.001
0.001
0.001
0.001
0.001
0.001
0.001
0.001
0.303402
0.794844
0.934268
0.868246
0.659514
0.20414
0.0960804
0.354393
0.858156
0.981108
0.970005
0.265833
0.001
0.001
0.001
0.001
0.001
0.001
0.159588
0.853651
1
1
0.860168
0.403044
0.612781
0.840095
0.915271
0.988027
0.812217
0.247507
0.001
0.001
0.001
0.001
0.001
0.001
0.001
0.001
0.001
0.001
0.001
0.001
0.001
0.001
0.001
0.001
0.001
0.001
0.001
0.001
0.247844
0.812287
0.988013
0.915271
0.839907
0.612597
0.403043
0.860168
1
1
0.853651
0.15964
0.001
0.001
0.001
0.001
0.001
0.001
0.066218
0.414659
0.906595
1
1
0.905848
0.901664
0.894156
0.973609
0.796423
0.425866
0.0649997
0.001
0.0819371
0.273269
0.343868
0.27253
0.252653
0.283292
0.328323
0.282446
0.123463
0.127131
0.296852
0.344972
0.282737
0.251659
0.272298
0.345644
0.275688
0.0830102
0.001
0.0650758
0.426379
0.796423
0.973609
0.894141
0.901664
0.905848
1
1
0.906595
0.414784
0.0662064
0.001
0.001
0.001
0.001
0.001
0.001
0.001
0.14471
0.628986
0.982003
1
0.970601
1
0.958058
1
0.606849
0.165888
0.001
0.001
0.205369
0.731434
0.799858
0.920535
0.796629
0.910426
0.956644
0.748426
0.265021
0.273622
0.7806
0.956644
0.910426
0.796629
0.920535
0.799939
0.732815
0.206937
0.001
0.001
0.166118
0.606571
1
0.957982
1
0.970601
1
0.982003
0.629101
0.14478
0.001
0.001
0.001
0.001
0.001
0.001
0.00101264
0.00274562
0.0316957
0.29634
0.846593
1
1
0.950434
1
0.885315
0.269726
0.00994463
0.001
0.001
0.197395
0.764837
0.860369
0.943307
1
1
0.930653
0.649477
0.212473
0.222485
0.691347
0.930653
1
1
0.943307
0.860099
0.762797
0.197957
0.001
0.001
0.00992386
0.26969
0.885592
1
0.950651
1
1
0.847291
0.296659
0.0316211
0.00267318
0.001
0.001
0.001
0.001
0.0723745
0.189407
0.236993
0.285652
0.419368
0.698772
0.8
0.8
0.8
0.8
0.8
0.176367
0.00193447
0.001
0.001
0.0720285
0.465765
1
1
1
0.992245
0.51993
0.204117
0.0468251
0.0538385
0.220295
0.535061
0.992245
1
1
1
0.469833
0.0717242
0.001
0.001
0.00193532
0.17637
0.8
0.8
0.8
0.8
0.8
0.699672
0.418712
0.284395
0.239794
0.195368
0.0759665
0.001
0.001
0.194718
0.556244
0.701571
0.8
0.736806
0.706406
0.8
0.8
0.810263
0.802402
0.8
0.227455
0.00270713
0.001
0.001
0.00400594
0.352586
1
1
1
0.666522
0.141604
0.00219822
0.001
0.001
0.00188076
0.142531
0.668482
1
1
1
0.359789
0.00406108
0.001
0.001
0.00270662
0.227405
0.8
0.802303
0.810149
0.8
0.8
0.706406
0.736806
0.8
0.702162
0.56249
0.200128
0.001
0.001
0.193655
0.565208
0.699965
0.79537
0.8
0.8
0.8
0.850193
0.958069
0.973609
0.8
0.288553
0.00797274
0.001
0.001
0.031995
0.433418
1
1
1
0.390015
0.0207058
0.001
0.001
0.001
0.001
0.0214199
0.397742
1
1
1
0.440829
0.0321651
0.001
0.001
0.00797019
0.288352
0.8
0.973358
0.957805
0.849959
0.8
0.8
0.8
0.795092
0.699977
0.565969
0.19562
0.001
0.001
0.070898
0.190745
0.240176
0.261916
0.415417
0.764414
0.827112
0.985561
1
1
0.980983
0.434335
0.0637906
0.001
0.001
0.102444
0.62087
1
1
0.797742
0.189092
0.001
0.001
0.001
0.001
0.001
0.001
0.190797
0.804248
1
1
0.626879
0.103368
0.001
0.001
0.0637844
0.434084
0.980697
1
1
0.985037
0.826641
0.764414
0.415535
0.261409
0.238221
0.188103
0.0696108
0.001
0.001
0.001
0.00138863
0.00237501
0.0185406
0.124217
0.382312
0.8
1
1
1
1
0.826394
0.227492
0.0144673
0.001
0.183992
0.876756
1
1
0.642915
0.128803
0.001
0.001
0.001
0.001
0.001
0.001
0.129255
0.646468
1
1
0.883756
0.185625
0.001
0.0144697
0.227497
0.826261
1
1
1
1
0.8
0.382006
0.123991
0.0184923
0.00234533
0.00134683
0.001
0.001
0.001
0.001
0.001
0.001
0.001
0.00971533
0.16103
0.547214
1
1
1
1
1
0.593349
0.107089
0.0129268
0.313457
1
1
1
0.39728
0.0498656
0.001
0.001
0.001
0.001
0.001
0.001
0.0497384
0.398477
1
1
1
0.315305
0.0127978
0.107109
0.593411
1
1
1
1
0.999902
0.548687
0.161971
0.00976331
0.001
0.001
0.001
0.001
0.001
0.001
0.001
0.001
0.001
0.001
0.0591716
0.23131
0.612986
0.870535
1
1
1
1
1
0.432112
0.163893
0.575602
1
1
0.963382
0.251227
0.00549675
0.001
0.001
0.001
0.001
0.001
0.001
0.00533909
0.252269
0.969642
1
1
0.579068
0.164139
0.432145
1
1
1
1
1
0.871102
0.610487
0.234383
0.0598925
0.001
0.001
0.001
0.001
0.001
0.001
0.001
0.001
0.001
0.001
0.182915
0.541405
0.675085
0.784494
1
1
1
1
1
0.964668
0.526318
0.892846
1
1
0.854253
0.185298
0.001
0.001
0.001
0.001
0.001
0.001
0.001
0.001
0.186188
0.858714
1
1
0.899227
0.52734
0.964576
1
1
1
1
1
0.784975
0.675085
0.543187
0.174948
0.001
0.001
0.001
0.001
0.001
0.001
0.001
0.001
0.001
0.001
0.199532
0.53078
0.588286
0.54535
0.947377
1
1
1
1
1
0.993008
1
1
1
0.679076
0.137546
0.001
0.001
0.001
0.001
0.001
0.001
0.001
0.001
0.137407
0.680345
1
1
1
0.994794
1
1
1
1
1
0.94817
0.547531
0.589572
0.536316
0.184351
0.001
0.001
0.001
0.001
0.001
0.001
0.001
0.001
0.001
0.001
0.0823801
0.198851
0.206186
0.186092
0.479572
1
1
1
1
1
1
1
1
1
0.652986
0.136955
0.001
0.001
0.001
0.001
0.001
0.001
0.001
0.001
0.136078
0.652529
1
1
1
1
1
1
1
1
1
0.479816
0.186626
0.196575
0.182384
0.0731069
0.001
0.001
0.001
0.001
0.001
0.001
0.001
0.001
0.001
0.001
0.001
0.001
0.001
0.00597474
0.158174
0.712085
1
1
1
1
1
1
1
1
0.766923
0.172862
0.001
0.001
0.001
0.001
0.001
0.001
0.001
0.001
0.171996
0.766348
1
1
1
1
1
1
1
1
0.712874
0.158503
0.00598709
0.001
0.001
0.001
0.001
0.001
0.001
0.001
0.001
0.001
0.001
0.001
0.001
0.001
0.001
0.001
0.001
0.001
0.0389273
0.280935
1
1
1
1
1
1
1
1
0.949717
0.229258
0.00132633
0.001
0.001
0.001
0.001
0.001
0.001
0.00129974
0.228645
0.950784
1
1
1
1
1
1
1
1
0.281275
0.0390395
0.001
0.001
0.001
0.001
0.001
0.001
0.001
0.001
0.001
0.001
0.001
0.001
0.00112886
0.00109199
0.001
0.001
0.001
0.001
0.001
0.0718662
0.60977
1
1
1
1
1
1
1
1
0.384466
0.0231928
0.001
0.001
0.001
0.001
0.001
0.001
0.0229474
0.383969
1
1
1
1
1
1
1
1
0.610601
0.0719104
0.001
0.001
0.001
0.001
0.001
0.00108453
0.00112138
0.001
0.001
0.001
0.001
0.001
0.0877424
0.197697
0.182934
0.110098
0.12875
0.149057
0.13121
0.129634
0.152849
0.419441
1
1
1
1
1
1
1
1
0.625098
0.0821118
0.0323823
0.0506631
0.0291928
0.0292874
0.0508244
0.032471
0.0817427
0.624624
1
1
1
1
1
1
1
1
0.419318
0.152107
0.128902
0.130565
0.148585
0.128445
0.109861
0.182535
0.197276
0.0875606
0.001
0.001
0.001
0.001
0.170172
0.548436
0.637763
0.794677
0.688132
0.647199
0.700508
0.718248
0.739318
0.790767
1
1
1
1
1
1
1
1
1
1
1
0.666141
0.196075
0.196105
0.666025
1
1
1
1
1
1
1
1
1
1
1
0.790765
0.739318
0.718251
0.700511
0.647201
0.688132
0.794677
0.637763
0.548435
0.169836
0.001
0.001
0.001
0.001
0.163622
0.787562
0.798535
0.8
0.8
0.916896
0.957658
0.96772
0.970847
0.986528
1
1
1
1
1
1
1
1
1
1
1
1
0.376562
0.376388
1
1
1
1
1
1
1
1
1
1
1
1
0.985611
0.96948
0.966246
0.956131
0.915407
0.8
0.8
0.798535
0.787562
0.163308
0.001
0.001
