0.00209469
0.188267
0.624102
0.746257
0.868131
0.977479
1
1
1
1
1
1
1
1
1
1
1
1
1
1
1
1
1
1
0.438017
0.438017
1
1
1
1
1
1
1
1
1
1
1
1
1
1
1
1
1
1
0.977479
0.868131
0.746257
0.624102
0.188267
0.00209469
0.0024853
0.210044
0.603994
0.738751
0.745987
0.734168
0.72818
0.779889
0.817343
0.842058
0.867417
0.907397
1
1
1
1
1
1
1
1
1
1
1
0.756636
0.194979
0.194979
0.756636
1
1
1
1
1
1
1
1
1
1
1
0.907397
0.867417
0.842058
0.817343
0.779889
0.72818
0.734168
0.745987
0.738751
0.603994
0.210044
0.0024853
0.00174953
0.162001
0.45705
0.573999
0.448463
0.270401
0.161463
0.145504
0.15045
0.163507
0.256381
0.543883
1
1
1
1
1
1
1
1
0.957464
0.313639
0.0312259
0.00854489
0.0056416
0.0056416
0.00854489
0.0312259
0.313639
0.957464
1
1
1
1
1
1
1
1
0.543883
0.256381
0.163507
0.15045
0.145504
0.161463
0.270401
0.448463
0.573999
0.45705
0.162001
0.00174953
0.001
0.06302
0.162936
0.190237
0.115057
0.0383337
0.00262993
0.001
0.001
0.0243686
0.247584
0.832577
1
1
1
1
1
1
1
1
0.777612
0.210686
0.0062775
0.001
0.001
0.001
0.001
0.0062775
0.210686
0.777612
1
1
1
1
1
1
1
1
0.832577
0.247584
0.0243686
0.001
0.001
0.00262993
0.0383337
0.115057
0.190237
0.162936
0.06302
0.001
0.001
0.001
0.00130578
0.00151069
0.001
0.001
0.001
0.001
0.0166312
0.132324
0.573211
1
1
1
1
1
1
1
1
1
0.552652
0.114484
0.001
0.001
0.001
0.001
0.001
0.001
0.114484
0.552652
1
1
1
1
1
1
1
1
1
0.573211
0.132324
0.0166312
0.001
0.001
0.001
0.001
0.00151069
0.00130578
0.001
0.001
0.001
0.001
0.001
0.001
0.001
0.001
0.001
0.00926672
0.10189
0.412613
1
1
1
1
1
1
1
1
1
1
0.46608
0.0833271
0.001
0.001
0.001
0.001
0.001
0.001
0.0833271
0.46608
1
1
1
1
1
1
1
1
1
1
0.412613
0.10189
0.00926672
0.001
0.001
0.001
0.001
0.001
0.001
0.001
0.001
0.001
0.001
0.001
0.001
0.001
0.00120786
0.0544503
0.307916
0.872244
1
1
1
1
1
0.69203
1
1
1
1
0.470017
0.0907667
0.001
0.001
0.001
0.001
0.001
0.001
0.0907667
0.470017
1
1
1
1
0.69203
1
1
1
1
1
0.872244
0.307916
0.0544503
0.00120786
0.001
0.001
0.001
0.001
0.001
0.001
0.001
0.00632902
0.0591804
0.12891
0.141339
0.0972487
0.0743053
0.202508
0.676105
1
1
1
1
1
0.471209
0.404907
0.963413
1
1
1
0.501945
0.100674
0.001
0.001
0.001
0.001
0.001
0.001
0.100674
0.501945
1
1
1
0.963413
0.404907
0.471209
1
1
1
1
1
0.676105
0.202508
0.0743053
0.0972487
0.141339
0.12891
0.0591804
0.00632902
0.001
0.001
0.0716968
0.261807
0.481019
0.550254
0.491889
0.419671
0.581407
1
1
1
1
1
0.47661
0.113916
0.237099
0.851451
1
1
1
0.534106
0.106155
0.001
0.001
0.001
0.001
0.001
0.001
0.106155
0.534106
1
1
1
0.851451
0.237099
0.113916
0.47661
1
1
1
1
1
0.581407
0.419671
0.491889
0.550254
0.481019
0.261807
0.0716968
0.001
0.00157002
0.171423
0.518383
0.761906
0.794599
0.812312
0.830236
1
1
1
1
1
0.521818
0.121209
0.0104914
0.152566
0.698702
1
1
1
0.555202
0.107905
0.001
0.001
0.001
0.001
0.001
0.001
0.107905
0.555202
1
1
1
0.698702
0.152566
0.0104914
0.121209
0.521818
1
1
1
1
1
0.830236
0.812312
0.794599
0.761906
0.518383
0.171423
0.00157002
0.00155197
0.168648
0.495766
0.737274
0.802876
0.834899
0.910976
1
1
1
1
0.588973
0.144631
0.0145176
0.001
0.0875283
0.550573
1
1
1
0.557126
0.108531
0.001
0.001
0.001
0.001
0.001
0.001
0.108531
0.557126
1
1
1
0.550573
0.0875283
0.001
0.0145176
0.144631
0.588973
1
1
1
1
0.910976
0.834899
0.802876
0.737274
0.495766
0.168648
0.00155197
0.001
0.0661587
0.213907
0.381212
0.529702
0.675692
0.886842
1
1
1
0.73942
0.212076
0.0224495
0.001
0.001
0.0603309
0.464222
1
1
1
0.53992
0.109554
0.001
0.001
0.001
0.001
0.001
0.001
0.109554
0.53992
1
1
1
0.464222
0.0603309
0.001
0.001
0.0224495
0.212076
0.73942
1
1
1
0.886842
0.675692
0.529702
0.381212
0.213907
0.0661587
0.001
0.001
0.00224029
0.0275868
0.0776382
0.182469
0.426362
0.90086
1
1
1
0.368332
0.065931
0.00129856
0.001
0.001
0.061788
0.425839
1
1
1
0.511463
0.110412
0.001
0.001
0.001
0.001
0.001
0.001
0.110412
0.511463
1
1
1
0.425839
0.061788
0.001
0.001
0.00129856
0.065931
0.368332
1
1
1
0.90086
0.426362
0.182469
0.0776382
0.0275868
0.00224029
0.001
0.001
0.001
0.001
0.001
0.0734349
0.414823
1
1
1
0.670194
0.167155
0.0131205
0.001
0.001
0.001
0.0673228
0.418244
1
1
1
0.493768
0.108132
0.001
0.001
0.001
0.001
0.001
0.001
0.108132
0.493768
1
1
1
0.418244
0.0673228
0.001
0.001
0.001
0.0131205
0.167155
0.670194
1
1
1
0.414823
0.0734349
0.001
0.001
0.001
0.001
0.001
0.001
0.001
0.00475243
0.12031
0.575904
1
1
1
0.409298
0.0648391
0.001
0.001
0.001
0.001
0.0724832
0.433926
1
1
1
0.494372
0.10269
0.001
0.001
0.001
0.001
0.001
0.001
0.10269
0.494372
1
1
1
0.433926
0.0724832
0.001
0.001
0.001
0.001
0.0648391
0.409298
1
1
1
0.575904
0.12031
0.00475243
0.001
0.001
0.001
0.001
0.001
0.00137762
0.041374
0.244093
0.764221
1
1
0.766811
0.217976
0.0198482
0.001
0.001
0.001
0.001
0.0774869
0.434701
0.995324
1
1
0.481429
0.0996296
0.00110886
0.001
0.001
0.001
0.001
0.00110886
0.0996296
0.481429
1
1
0.995324
0.434701
0.0774869
0.001
0.001
0.001
0.001
0.0198482
0.217976
0.766811
1
1
0.764221
0.244093
0.041374
0.00137762
0.001
0.001
0.001
0.001
0.0395987
0.170226
0.441622
0.861499
1
1
0.49779
0.1069
0.00133032
0.001
0.001
0.001
0.00435238
0.105842
0.446002
0.885169
1
0.917451
0.511665
0.165311
0.0264199
0.001
0.001
0.001
0.001
0.0264199
0.165311
0.511665
0.917451
1
0.885169
0.446002
0.105842
0.00435238
0.001
0.001
0.001
0.00133032
0.1069
0.49779
1
1
0.861499
0.441622
0.170226
0.0395987
0.001
0.001
0.001
0.00532536
0.106688
0.352884
0.596015
0.8
0.877737
0.773832
0.397563
0.0943063
0.00340244
0.001
0.001
0.001
0.0368422
0.206844
0.518546
0.743127
0.817534
0.754914
0.590853
0.310606
0.0853152
0.00386557
0.001
0.001
0.00386557
0.0853152
0.310606
0.590853
0.754914
0.817534
0.743127
0.518546
0.206844
0.0368422
0.001
0.001
0.001
0.00340244
0.0943063
0.397563
0.773832
0.877737
0.8
0.596015
0.352884
0.106688
0.00532536
0.001
0.001
0.04276
0.214399
0.487266
0.630638
0.712655
0.704293
0.642297
0.508966
0.202629
0.038762
0.001
0.001
0.0168944
0.130941
0.392688
0.614664
0.679591
0.667194
0.673482
0.630611
0.476911
0.207819
0.0416792
0.001
0.001
0.0416792
0.207819
0.476911
0.630611
0.673482
0.667194
0.679591
0.614664
0.392688
0.130941
0.0168944
0.001
0.001
0.038762
0.202629
0.508966
0.642297
0.704293
0.712655
0.630638
0.487266
0.214399
0.04276
0.001
0.00106714
0.107166
0.34747
0.554646
0.616705
0.606932
0.551394
0.560713
0.559576
0.360728
0.110965
0.00117983
0.001
0.0795308
0.289319
0.537038
0.6137
0.578968
0.527242
0.574347
0.603201
0.556743
0.357695
0.111954
0.00113396
0.00113396
0.111954
0.357695
0.556743
0.603201
0.574347
0.527242
0.578968
0.6137
0.537038
0.289319
0.0795308
0.001
0.00117983
0.110965
0.360728
0.559576
0.560713
0.551394
0.606932
0.616705
0.554646
0.34747
0.107166
0.00106714
0.00499109
0.169376
0.453897
0.624269
0.567563
0.477122
0.361815
0.484878
0.624256
0.515523
0.197757
0.00309139
0.00206032
0.183512
0.49555
0.663925
0.589628
0.441489
0.305529
0.410817
0.561509
0.652269
0.504921
0.196317
0.00314076
0.00314076
0.196317
0.504921
0.652269
0.561509
0.410817
0.305529
0.441489
0.589628
0.663925
0.49555
0.183512
0.00206032
0.00309139
0.197757
0.515523
0.624256
0.484878
0.361815
0.477122
0.567563
0.624269
0.453897
0.169376
0.00499109
0.00779735
0.214862
0.532679
0.609787
0.43005
0.224106
0.146749
0.270176
0.481013
0.464706
0.183556
0.00306241
0.00255891
0.191908
0.492604
0.568263
0.414227
0.219266
0.106587
0.205558
0.38999
0.532518
0.466656
0.185636
0.00323893
0.00323893
0.185636
0.466656
0.532518
0.38999
0.205558
0.106587
0.219266
0.414227
0.568263
0.492604
0.191908
0.00255891
0.00306241
0.183556
0.464706
0.481013
0.270176
0.146749
0.224106
0.43005
0.609787
0.532679
0.214862
0.00779735
0.00510509
0.173052
0.43397
0.428104
0.199457
0.0593618
0.0245272
0.082841
0.184567
0.184703
0.077717
0.00113193
0.0012126
0.086684
0.211381
0.244959
0.151449
0.0580277
0.00939006
0.0534397
0.140327
0.226193
0.196665
0.0827128
0.00126672
0.00126672
0.0827128
0.196665
0.226193
0.140327
0.0534397
0.00939006
0.0580277
0.151449
0.244959
0.211381
0.086684
0.0012126
0.00113193
0.077717
0.184703
0.184567
0.082841
0.0245272
0.0593618
0.199457
0.428104
0.43397
0.173052
0.00510509
0.001
0.0653057
0.154488
0.141987
0.0481902
0.00230346
0.001
0.00101125
0.00297076
0.00314753
0.00126078
0.001
0.001
0.00325877
0.0123766
0.0152784
0.00747652
0.001
0.001
0.001
0.00503723
0.0104708
0.00861321
0.00234116
0.001
0.001
0.00234116
0.00861321
0.0104708
0.00503723
0.001
0.001
0.001
0.00747652
0.0152784
0.0123766
0.00325877
0.001
0.001
0.00126078
0.00314753
0.00297076
0.00101125
0.001
0.00230346
0.0481902
0.141987
0.154488
0.0653057
0.001
0.001
0.001
0.001
0.001
0.001
0.001
0.001
0.001
0.001
0.001
0.001
0.001
0.001
0.001
0.001
0.001
0.001
0.001
0.001
0.001
0.001
0.001
0.001
0.001
0.001
0.001
0.001
0.001
0.001
0.001
0.001
0.001
0.001
0.001
0.001
0.001
0.001
0.001
0.001
0.001
0.001
0.001
0.001
0.001
0.001
0.001
0.001
0.001
0.001
0.001
0.001
0.001
0.001
0.001
0.001
0.001
0.001
0.001
0.001
0.001
0.001
0.001
0.001
0.001
0.001
0.001
0.001
0.001
0.001
0.001
0.001
0.001
0.001
0.001
0.001
0.001
0.001
0.001
0.001
0.001
0.001
0.001
0.001
0.001
0.001
0.001
0.001
0.001
0.001
0.001
0.001
0.001
0.001
0.001
0.001
0.001
0.001
0.001
0.001
0.001
0.001
0.0653057
0.154488
0.141987
0.0481902
0.00230346
0.001
0.00101125
0.00297076
0.00314753
0.00126078
0.001
0.001
0.00325877
0.0123766
0.0152784
0.00747652
0.001
0.001
0.001
0.00503723
0.0104708
0.00861321
0.00234116
0.001
0.001
0.00234116
0.00861321
0.0104708
0.00503723
0.001
0.001
0.001
0.00747652
0.0152784
0.0123766
0.00325877
0.001
0.001
0.00126078
0.00314753
0.00297076
0.00101125
0.001
0.00230346
0.0481902
0.141987
0.154488
0.0653057
0.001
0.00510509
0.173052
0.43397
0.428104
0.199457
0.0593618
0.0245272
0.082841
0.184567
0.184703
0.077717
0.00113193
0.0012126
0.086684
0.211381
0.244959
0.151449
0.0580277
0.00939006
0.0534397
0.140327
0.226193
0.196665
0.0827128
0.00126672
0.00126672
0.0827128
0.196665
0.226193
0.140327
0.0534397
0.00939006
0.0580277
0.151449
0.244959
0.211381
0.086684
0.0012126
0.00113193
0.077717
0.184703
0.184567
0.082841
0.0245272
0.0593618
0.199457
0.428104
0.43397
0.173052
0.00510509
0.00779735
0.214862
0.532679
0.609787
0.43005
0.224106
0.146749
0.270176
0.481013
0.464706
0.183556
0.00306241
0.00255891
0.191908
0.492604
0.568263
0.414227
0.219266
0.106587
0.205558
0.38999
0.532518
0.466656
0.185636
0.00323893
0.00323893
0.185636
0.466656
0.532518
0.38999
0.205558
0.106587
0.219266
0.414227
0.568263
0.492604
0.191908
0.00255891
0.00306241
0.183556
0.464706
0.481013
0.270176
0.146749
0.224106
0.43005
0.609787
0.532679
0.214862
0.00779735
0.00499109
0.169376
0.453897
0.624269
0.567563
0.477122
0.361815
0.484878
0.624256
0.515523
0.197757
0.00309139
0.00206032
0.183512
0.49555
0.663925
0.589628
0.441489
0.305529
0.410817
0.561509
0.652269
0.504921
0.196317
0.00314076
0.00314076
0.196317
0.504921
0.652269
0.561509
0.410817
0.305529
0.441489
0.589628
0.663925
0.49555
0.183512
0.00206032
0.00309139
0.197757
0.515523
0.624256
0.484878
0.361815
0.477122
0.567563
0.624269
0.453897
0.169376
0.00499109
0.00106714
0.107166
0.34747
0.554646
0.616705
0.606932
0.551394
0.560713
0.559576
0.360728
0.110965
0.00117983
0.001
0.0795308
0.289319
0.537038
0.6137
0.578968
0.527242
0.574347
0.603201
0.556743
0.357695
0.111954
0.00113396
0.00113396
0.111954
0.357695
0.556743
0.603201
0.574347
0.527242
0.578968
0.6137
0.537038
0.289319
0.0795308
0.001
0.00117983
0.110965
0.360728
0.559576
0.560713
0.551394
0.606932
0.616705
0.554646
0.34747
0.107166
0.00106714
0.001
0.04276
0.214399
0.487266
0.630638
0.712655
0.704293
0.642297
0.508966
0.202629
0.038762
0.001
0.001
0.0168944
0.130941
0.392688
0.614664
0.679591
0.667194
0.673482
0.630611
0.476911
0.207819
0.0416792
0.001
0.001
0.0416792
0.207819
0.476911
0.630611
0.673482
0.667194
0.679591
0.614664
0.392688
0.130941
0.0168944
0.001
0.001
0.038762
0.202629
0.508966
0.642297
0.704293
0.712655
0.630638
0.487266
0.214399
0.04276
0.001
0.001
0.00532536
0.106688
0.352884
0.596015
0.8
0.877737
0.773832
0.397563
0.0943063
0.00340244
0.001
0.001
0.001
0.0368422
0.206844
0.518546
0.743127
0.817534
0.754914
0.590853
0.310606
0.0853152
0.00386557
0.001
0.001
0.00386557
0.0853152
0.310606
0.590853
0.754914
0.817534
0.743127
0.518546
0.206844
0.0368422
0.001
0.001
0.001
0.00340244
0.0943063
0.397563
0.773832
0.877737
0.8
0.596015
0.352884
0.106688
0.00532536
0.001
0.001
0.001
0.0395987
0.170226
0.441622
0.861499
1
1
0.49779
0.1069
0.00133032
0.001
0.001
0.001
0.00435238
0.105842
0.446002
0.885169
1
0.917451
0.511665
0.165311
0.0264199
0.001
0.001
0.001
0.001
0.0264199
0.165311
0.511665
0.917451
1
0.885169
0.446002
0.105842
0.00435238
0.001
0.001
0.001
0.00133032
0.1069
0.49779
1
1
0.861499
0.441622
0.170226
0.0395987
0.001
0.001
0.001
0.001
0.00137762
0.041374
0.244093
0.764221
1
1
0.766811
0.217976
0.0198482
0.001
0.001
0.001
0.001
0.0774869
0.434701
0.995324
1
1
0.481429
0.0996296
0.00110886
0.001
0.001
0.001
0.001
0.00110886
0.0996296
0.481429
1
1
0.995324
0.434701
0.0774869
0.001
0.001
0.001
0.001
0.0198482
0.217976
0.766811
1
1
0.764221
0.244093
0.041374
0.00137762
0.001
0.001
0.001
0.001
0.001
0.00475243
0.12031
0.575904
1
1
1
0.409298
0.0648391
0.001
0.001
0.001
0.001
0.0724832
0.433926
1
1
1
0.494372
0.10269
0.001
0.001
0.001
0.001
0.001
0.001
0.10269
0.494372
1
1
1
0.433926
0.0724832
0.001
0.001
0.001
0.001
0.0648391
0.409298
1
1
1
0.575904
0.12031
0.00475243
0.001
0.001
0.001
0.001
0.001
0.001
0.001
0.0734349
0.414823
1
1
1
0.670194
0.167155
0.0131205
0.001
0.001
0.001
0.0673228
0.418244
1
1
1
0.493768
0.108132
0.001
0.001
0.001
0.001
0.001
0.001
0.108132
0.493768
1
1
1
0.418244
0.0673228
0.001
0.001
0.001
0.0131205
0.167155
0.670194
1
1
1
0.414823
0.0734349
0.001
0.001
0.001
0.001
0.001
0.00224029
0.0275868
0.0776382
0.182469
0.426362
0.90086
1
1
1
0.368332
0.065931
0.00129856
0.001
0.001
0.061788
0.425839
1
1
1
0.511463
0.110412
0.001
0.001
0.001
0.001
0.001
0.001
0.110412
0.511463
1
1
1
0.425839
0.061788
0.001
0.001
0.00129856
0.065931
0.368332
1
1
1
0.90086
0.426362
0.182469
0.0776382
0.0275868
0.00224029
0.001
0.001
0.0661587
0.213907
0.381212
0.529702
0.675692
0.886842
1
1
1
0.73942
0.212076
0.0224495
0.001
0.001
0.0603309
0.464222
1
1
1
0.53992
0.109554
0.001
0.001
0.001
0.001
0.001
0.001
0.109554
0.53992
1
1
1
0.464222
0.0603309
0.001
0.001
0.0224495
0.212076
0.73942
1
1
1
0.886842
0.675692
0.529702
0.381212
0.213907
0.0661587
0.001
0.00155197
0.168648
0.495766
0.737274
0.802876
0.834899
0.910976
1
1
1
1
0.588973
0.144631
0.0145176
0.001
0.0875283
0.550573
1
1
1
0.557126
0.108531
0.001
0.001
0.001
0.001
0.001
0.001
0.108531
0.557126
1
1
1
0.550573
0.0875283
0.001
0.0145176
0.144631
0.588973
1
1
1
1
0.910976
0.834899
0.802876
0.737274
0.495766
0.168648
0.00155197
0.00157002
0.171423
0.518383
0.761906
0.794599
0.812312
0.830236
1
1
1
1
1
0.521818
0.121209
0.0104914
0.152566
0.698702
1
1
1
0.555202
0.107905
0.001
0.001
0.001
0.001
0.001
0.001
0.107905
0.555202
1
1
1
0.698702
0.152566
0.0104914
0.121209
0.521818
1
1
1
1
1
0.830236
0.812312
0.794599
0.761906
0.518383
0.171423
0.00157002
0.001
0.0716968
0.261807
0.481019
0.550254
0.491889
0.419671
0.581407
1
1
1
1
1
0.47661
0.113916
0.237099
0.851451
1
1
1
0.534106
0.106155
0.001
0.001
0.001
0.001
0.001
0.001
0.106155
0.534106
1
1
1
0.851451
0.237099
0.113916
0.47661
1
1
1
1
1
0.581407
0.419671
0.491889
0.550254
0.481019
0.261807
0.0716968
0.001
0.001
0.00632902
0.0591804
0.12891
0.141339
0.0972487
0.0743053
0.202508
0.676105
1
1
1
1
1
0.471209
0.404907
0.963413
1
1
1
0.501945
0.100674
0.001
0.001
0.001
0.001
0.001
0.001
0.100674
0.501945
1
1
1
0.963413
0.404907
0.471209
1
1
1
1
1
0.676105
0.202508
0.0743053
0.0972487
0.141339
0.12891
0.0591804
0.00632902
0.001
0.001
0.001
0.001
0.001
0.001
0.001
0.00120786
0.0544503
0.307916
0.872244
1
1
1
1
1
0.69203
1
1
1
1
0.470017
0.0907667
0.001
0.001
0.001
0.001
0.001
0.001
0.0907667
0.470017
1
1
1
1
0.69203
1
1
1
1
1
0.872244
0.307916
0.0544503
0.00120786
0.001
0.001
0.001
0.001
0.001
0.001
0.001
0.001
0.001
0.001
0.001
0.001
0.001
0.00926672
0.10189
0.412613
1
1
1
1
1
1
1
1
1
1
0.46608
0.0833271
0.001
0.001
0.001
0.001
0.001
0.001
0.0833271
0.46608
1
1
1
1
1
1
1
1
1
1
0.412613
0.10189
0.00926672
0.001
0.001
0.001
0.001
0.001
0.001
0.001
0.001
0.001
0.00130578
0.00151069
0.001
0.001
0.001
0.001
0.0166312
0.132324
0.573211
1
1
1
1
1
1
1
1
1
0.552652
0.114484
0.001
0.001
0.001
0.001
0.001
0.001
0.114484
0.552652
1
1
1
1
1
1
1
1
1
0.573211
0.132324
0.0166312
0.001
0.001
0.001
0.001
0.00151069
0.00130578
0.001
0.001
0.001
0.06302
0.162936
0.190237
0.115057
0.0383337
0.00262993
0.001
0.001
0.0243686
0.247584
0.832577
1
1
1
1
1
1
1
1
0.777612
0.210686
0.0062775
0.001
0.001
0.001
0.001
0.0062775
0.210686
0.777612
1
1
1
1
1
1
1
1
0.832577
0.247584
0.0243686
0.001
0.001
0.00262993
0.0383337
0.115057
0.190237
0.162936
0.06302
0.001
0.00174953
0.162001
0.45705
0.573999
0.448463
0.270401
0.161463
0.145504
0.15045
0.163507
0.256381
0.543883
1
1
1
1
1
1
1
1
0.957464
0.313639
0.0312259
0.00854489
0.0056416
0.0056416
0.00854489
0.0312259
0.313639
0.957464
1
1
1
1
1
1
1
1
0.543883
0.256381
0.163507
0.15045
0.145504
0.161463
0.270401
0.448463
0.573999
0.45705
0.162001
0.00174953
0.0024853
0.210044
0.603994
0.738751
0.745987
0.734168
0.72818
0.779889
0.817343
0.842058
0.867417
0.907397
1
1
1
1
1
1
1
1
1
1
1
0.756636
0.194979
0.194979
0.756636
1
1
1
1
1
1
1
1
1
1
1
0.907397
0.867417
0.842058
0.817343
0.779889
0.72818
0.734168
0.745987
0.738751
0.603994
0.210044
0.0024853
0.00209469
0.188267
0.624102
0.746257
0.868131
0.977479
1
1
1
1
1
1
1
1
1
1
1
1
1
1
1
1
1
1
0.438017
0.438017
1
1
1
1
1
1
1
1
1
1
1
1
1
1
1
1
1
1
0.977479
0.868131
0.746257
0.624102
0.188267
0.00209469
