0.001
0.001
0.163229
0.787562
0.798535
0.8
0.8
0.914904
0.955633
0.965758
0.968996
0.985031
1
1
1
1
1
1
1
1
1
1
1
1
0.376196
0.37638
1
1
1
1
1
1
1
1
1
1
1
1
0.98974
0.974642
0.971724
0.961784
0.920916
0.8
0.8
0.798535
0.787562
0.16438
0.001
0.001
0.001
0.001
0.169751
0.548436
0.637763
0.794677
0.688132
0.647186
0.700491
0.718234
0.739318
0.79076
1
1
1
1
1
1
1
1
1
1
1
0.665718
0.196052
0.196118
0.666091
1
1
1
1
1
1
1
1
1
1
1
0.790758
0.739318
0.718236
0.700494
0.647187
0.688132
0.794677
0.637763
0.548435
0.170983
0.001
0.001
0.001
0.001
0.0875187
0.197185
0.182453
0.109815
0.128342
0.148335
0.130081
0.128299
0.151385
0.418126
1
1
1
1
1
1
1
1
0.623801
0.081713
0.0325003
0.0508779
0.0293191
0.0293035
0.0508516
0.0324893
0.0819024
0.625052
1
1
1
1
1
1
1
1
0.419886
0.153692
0.13059
0.132141
0.149934
0.129429
0.110668
0.183872
0.198691
0.0881733
0.001
0.001
0.001
0.001
0.001
0.00112228
0.00108541
0.001
0.001
0.001
0.001
0.001
0.0715558
0.609107
1
1
1
1
1
1
1
1
0.383535
0.0229788
0.001
0.001
0.001
0.001
0.001
0.001
0.0230382
0.384303
1
1
1
1
1
1
1
1
0.608988
0.0715963
0.001
0.001
0.001
0.001
0.001
0.0011046
0.0011413
0.001
0.001
0.001
0.001
0.001
0.001
0.001
0.001
0.001
0.001
0.001
0.001
0.0386625
0.28036
1
1
1
1
1
1
1
1
0.949145
0.228495
0.00130841
0.001
0.001
0.001
0.001
0.001
0.001
0.00130627
0.229001
0.950215
1
1
1
1
1
1
1
0.999957
0.280228
0.0386311
0.001
0.001
0.001
0.001
0.001
0.001
0.001
0.001
0.001
0.001
0.001
0.001
0.001
0.001
0.001
0.001
0.001
0.005788
0.15711
0.710644
1
1
1
1
1
1
1
1
0.765016
0.171974
0.001
0.001
0.001
0.001
0.001
0.001
0.001
0.001
0.172514
0.767212
1
1
1
1
1
1
1
1
0.710068
0.157016
0.00586652
0.001
0.001
0.001
0.001
0.001
0.001
0.001
0.001
0.001
0.001
0.001
0.001
0.001
0.0703789
0.177815
0.193748
0.186107
0.477746
1
1
1
1
1
1
1
1
1
0.650942
0.135992
0.001
0.001
0.001
0.001
0.001
0.001
0.001
0.001
0.136734
0.653614
1
1
1
1
1
1
1
1
1
0.478009
0.185151
0.22059
0.220239
0.0926425
0.001
0.001
0.001
0.001
0.001
0.001
0.001
0.001
0.001
0.001
0.180797
0.545398
0.588611
0.547505
0.947441
1
1
1
1
1
0.993984
1
1
1
0.678095
0.137143
0.001
0.001
0.001
0.001
0.001
0.001
0.001
0.001
0.137598
0.680272
1
1
1
0.993055
1
1
1
1
1
0.945847
0.542184
0.587337
0.58125
0.221489
0.001
0.001
0.001
0.001
0.001
0.001
0.001
0.001
0.001
0.001
0.174123
0.543587
0.675085
0.784839
1
1
1
1
1
0.964915
0.526606
0.896032
1
1
0.855343
0.185637
0.001
0.001
0.001
0.001
0.001
0.001
0.001
0.001
0.185437
0.856043
1
1
0.894746
0.526396
0.964018
1
1
1
1
1
0.784519
0.675085
0.550483
0.199364
0.001
0.001
0.001
0.001
0.001
0.001
0.001
0.001
0.001
0.001
0.0609782
0.236087
0.613224
0.870527
1
1
1
1
1
0.432396
0.163678
0.575957
1
1
0.965863
0.25132
0.00536102
0.001
0.001
0.001
0.001
0.001
0.001
0.00546399
0.251447
0.965226
1
1
0.577639
0.163986
0.431976
1
1
1
1
1
0.868632
0.614466
0.233004
0.0613444
0.001
0.001
0.001
0.001
0.001
0.001
0.001
0.001
0.001
0.001
0.00984612
0.161469
0.547478
0.999189
1
1
1
1
0.593821
0.10721
0.0127033
0.313718
1
1
1
0.39706
0.0496833
0.001
0.001
0.001
0.001
0.001
0.001
0.0497922
0.397677
1
1
1
0.314457
0.0129931
0.107187
0.593634
1
1
1
1
1
0.545407
0.160032
0.00985644
0.001
0.001
0.001
0.001
0.001
0.001
0.001
0.00136927
0.00234843
0.0183913
0.123865
0.381575
0.8
1
1
1
1
0.826397
0.227604
0.0144825
0.001
0.184978
0.880283
1
1
0.64416
0.128876
0.001
0.001
0.001
0.001
0.001
0.001
0.128873
0.64358
1
1
0.878083
0.184224
0.001
0.0144996
0.227652
0.826758
1
1
1
1
0.8
0.383606
0.125099
0.0186791
0.00236465
0.00136356
0.001
0.001
0.001
0.0701756
0.18946
0.239118
0.261148
0.415372
0.764414
0.826196
0.98452
1
1
0.980519
0.434059
0.0638209
0.001
0.001
0.102897
0.624547
1
1
0.800678
0.189828
0.001
0.001
0.001
0.001
0.001
0.001
0.189487
0.798879
1
1
0.621767
0.102818
0.001
0.001
0.0638515
0.434596
0.981584
1
1
0.986479
0.828058
0.764414
0.41511
0.262702
0.239295
0.189174
0.0700302
0.001
0.001
0.191694
0.566332
0.699837
0.795628
0.8
0.8
0.8
0.849484
0.957413
0.973088
0.8
0.288357
0.00802012
0.001
0.001
0.0317461
0.439456
1
1
1
0.393988
0.0206642
0.001
0.001
0.001
0.001
0.0211513
0.390115
1
1
1
0.433332
0.0326074
0.001
0.001
0.0080065
0.288768
0.8
0.974179
0.95865
0.850742
0.8
0.8
0.8
0.795416
0.699875
0.566115
0.196289
0.001
0.001
0.192701
0.558665
0.701327
0.8
0.736806
0.706406
0.8
0.8
0.809855
0.801981
0.8
0.227413
0.0027082
0.001
0.001
0.00384537
0.35883
1
1
1
0.66639
0.139373
0.00195456
0.001
0.001
0.00199324
0.141669
0.668382
1
1
1
0.352181
0.00428049
0.001
0.001
0.00270974
0.227597
0.8
0.802684
0.810577
0.8
0.8
0.706406
0.736806
0.8
0.701636
0.560285
0.200592
0.001
0.001
0.0715817
0.188265
0.236614
0.285835
0.419552
0.697607
0.8
0.8
0.8
0.8
0.8
0.176351
0.00193803
0.001
0.001
0.0728149
0.471438
1
1
1
0.992245
0.505712
0.1946
0.044794
0.0358308
0.183755
0.507556
0.992245
1
1
1
0.467313
0.0727251
0.001
0.001
0.00193635
0.176415
0.8
0.8
0.8
0.8
0.8
0.698565
0.419264
0.285787
0.240865
0.195954
0.0760803
0.001
0.001
0.001
0.00103572
0.00276559
0.0317427
0.295893
0.845763
1
1
0.950021
1
0.884607
0.269631
0.00997567
0.001
0.001
0.205695
0.764061
0.860639
0.943307
1
1
0.930653
0.624753
0.204716
0.186231
0.592542
0.930653
1
1
0.943307
0.860363
0.763917
0.197304
0.001
0.001
0.00991113
0.269608
0.885082
1
0.950427
1
1
0.846588
0.296363
0.0317301
0.00271367
0.001
0.001
0.001
0.001
0.001
0.001
0.001
0.144549
0.628821
0.982003
1
0.970601
1
0.958137
1
0.60698
0.165965
0.001
0.001
0.217563
0.75835
0.799756
0.920535
0.796629
0.910426
0.956644
0.717703
0.256799
0.238308
0.727825
0.956644
0.910426
0.796629
0.920535
0.799836
0.737739
0.204141
0.001
0.001
0.165784
0.606693
1
0.958056
1
0.970601
1
0.982003
0.628948
0.14475
0.001
0.001
0.001
0.001
0.001
0.001
0.001
0.0661331
0.414293
0.906595
1
1
0.905848
0.901664
0.894181
0.973609
0.796423
0.426014
0.0650813
0.001
0.0881633
0.286809
0.353599
0.272732
0.253318
0.28322
0.322797
0.275037
0.120424
0.11307
0.265262
0.320005
0.2893
0.253968
0.274471
0.344502
0.272201
0.0811171
0.001
0.0649643
0.425649
0.796423
0.973609
0.894164
0.901664
0.905848
1
1
0.906595
0.414673
0.0661729
0.001
0.001
0.001
0.001
0.001
0.001
0.159464
0.853651
1
1
0.860168
0.402919
0.612732
0.840188
0.915271
0.988045
0.812137
0.247435
0.001
0.001
0.001
0.001
0.001
0.001
0.001
0.001
0.001
0.001
0.001
0.001
0.001
0.001
0.001
0.001
0.001
0.001
0.001
0.001
0.247303
0.81221
0.98803
0.915271
0.839911
0.612526
0.403016
0.860168
1
1
0.853651
0.159592
0.001
0.001
0.001
0.001
0.001
0.001
0.265583
0.970005
0.981108
0.858156
0.354119
0.0960396
0.203966
0.658998
0.868246
0.934403
0.79539
0.302633
0.001
0.001
0.001
0.001
0.001
0.001
0.001
0.001
0.001
0.001
0.001
0.001
0.001
0.001
0.001
0.001
0.001
0.001
0.001
0.001
0.302644
0.795122
0.934339
0.868246
0.659144
0.204015
0.0960542
0.354304
0.858156
0.981108
0.970005
0.265756
0.001
0.001
0.001
0.001
0.001
0.001
0.248636
0.85184
0.867491
0.303891
0.0661825
0.001
0.0342757
0.138047
0.224281
0.31669
0.314345
0.142529
0.001
0.001
0.001
0.001
0.001
0.001
0.001
0.001
0.001
0.001
0.001
0.001
0.001
0.001
0.001
0.001
0.001
0.001
0.001
0.001
0.14261
0.314473
0.316726
0.224302
0.138081
0.0342765
0.001
0.0662054
0.304018
0.867492
0.85184
0.248751
0.001
0.001
0.001
0.001
0.001
0.001
0.112442
0.253545
0.218132
0.0625226
0.001
0.001
0.001
0.001
0.001
0.001
0.001
0.001
0.001
0.001
0.001
0.001
0.001
0.001
0.001
0.001
0.001
0.001
0.001
0.001
0.001
0.001
0.001
0.001
0.001
0.001
0.001
0.001
0.001
0.001
0.001
0.001
0.001
0.001
0.001
0.001
0.0625384
0.21821
0.253645
0.11249
0.001
0.001
0.001
0.001
0.001
0.001
0.001
0.001
0.001
0.001
0.001
0.001
0.001
0.001
0.001
0.001
0.001
0.001
0.001
0.001
0.001
0.001
0.001
0.001
0.001
0.001
0.001
0.001
0.001
0.001
0.001
0.001
0.001
0.001
0.001
0.001
0.001
0.001
0.001
0.001
0.001
0.001
0.001
0.001
0.001
0.001
0.001
0.001
0.001
0.001
0.001
0.001
0.001
0.001
0.001
0.001
0.001
0.001
0.001
0.001
0.001
0.001
0.001
0.001
0.001
0.001
0.001
0.001
0.001
0.001
0.001
0.001
0.001
0.001
0.001
0.001
0.001
0.001
0.001
0.001
0.001
0.001
0.001
0.001
0.001
0.001
0.001
0.001
0.001
0.001
0.001
0.001
0.001
0.001
0.001
0.001
0.001
0.001
0.001
0.001
0.001
0.001
0.001
0.001
0.001
0.001
0.001
0.001
0.001
0.001
0.001
0.001
0.001
0.001
0.001
0.001
0.001
0.001
0.001
0.001
0.001
0.001
0.001
0.001
0.001
0.001
0.001
0.001
0.001
0.001
0.001
0.001
0.001
0.001
0.001
0.001
0.001
0.001
0.001
0.001
0.001
0.001
0.001
0.001
0.001
0.001
0.001
0.001
0.001
0.001
0.001
0.001
0.001
0.001
0.001
0.001
0.001
0.001
0.001
0.001
0.001
0.001
0.001
0.001
0.001
0.001
0.001
0.001
0.001
0.001
0.001
0.001
0.001
0.001
0.001
0.001
0.001
0.001
0.001
0.001
0.001
0.001
0.001
0.001
0.001
0.001
0.001
0.001
0.001
0.001
0.001
0.001
0.001
0.001
0.001
0.001
0.001
0.001
0.001
0.001
0.001
0.001
0.001
0.001
0.001
0.001
0.112408
0.253475
0.218078
0.0625109
0.001
0.001
0.001
0.001
0.001
0.001
0.001
0.001
0.001
0.001
0.001
0.001
0.001
0.001
0.001
0.001
0.001
0.001
0.001
0.001
0.001
0.001
0.001
0.001
0.001
0.001
0.001
0.001
0.001
0.001
0.001
0.001
0.001
0.001
0.001
0.001
0.0625348
0.218175
0.253593
0.112463
0.001
0.001
0.001
0.001
0.001
0.001
0.248557
0.85184
0.867491
0.303801
0.0661633
0.001
0.0342158
0.138008
0.224277
0.316777
0.3145
0.14262
0.001
0.001
0.001
0.001
0.001
0.001
0.001
0.001
0.001
0.001
0.001
0.001
0.001
0.001
0.001
0.001
0.001
0.001
0.001
0.001
0.142822
0.31489
0.317068
0.224367
0.138098
0.0342719
0.001
0.0661912
0.303942
0.867491
0.85184
0.248682
0.001
0.001
0.001
0.001
0.001
0.001
0.265469
0.970005
0.981108
0.858156
0.353969
0.0960165
0.203911
0.658841
0.868246
0.934329
0.795095
0.302673
0.001
0.001
0.001
0.001
0.001
0.001
0.001
0.001
0.001
0.001
0.001
0.001
0.001
0.001
0.001
0.001
0.001
0.001
0.001
0.001
0.302966
0.794844
0.934268
0.868246
0.659154
0.204029
0.0960288
0.354139
0.858156
0.981108
0.970005
0.26563
0.001
0.001
0.001
0.001
0.001
0.001
0.159362
0.853651
1
1
0.860168
0.402723
0.612781
0.840095
0.915271
0.988027
0.812217
0.24731
0.001
0.001
0.001
0.001
0.001
0.001
0.001
0.001
0.001
0.001
0.001
0.001
0.001
0.001
0.001
0.001
0.001
0.001
0.001
0.001
0.247448
0.812287
0.988013
0.915271
0.839907
0.612597
0.402792
0.860168
1
1
0.853651
0.15949
0.001
0.001
0.001
0.001
0.001
0.001
0.066082
0.414024
0.906595
1
1
0.905848
0.901664
0.894156
0.973609
0.796423
0.42553
0.0649392
0.001
0.0810582
0.271787
0.34363
0.273416
0.252389
0.283077
0.327617
0.281665
0.123115
0.127199
0.296949
0.344967
0.282521
0.251248
0.27329
0.343323
0.271242
0.0808446
0.001
0.064929
0.42567
0.796423
0.973609
0.894141
0.901664
0.905848
1
1
0.906595
0.414391
0.066143
0.001
0.001
0.001
0.001
0.001
0.001
0.001
0.144454
0.628986
0.982003
1
0.970601
1
0.958058
1
0.606849
0.165753
0.001
0.001
0.203835
0.734037
0.799858
0.920535
0.796629
0.910426
0.956644
0.746641
0.264212
0.273775
0.780867
0.956644
0.910426
0.796629
0.920535
0.799939
0.737474
0.203568
0.001
0.001
0.165823
0.606571
1
0.957982
1
0.970601
1
0.982003
0.629101
0.144626
0.001
0.001
0.001
0.001
0.001
0.001
0.00107091
0.00279175
0.0317406
0.295815
0.845554
1
1
0.950235
1
0.885009
0.269551
0.0099319
0.001
0.001
0.196609
0.763984
0.860369
0.943307
1
1
0.930653
0.647327
0.211676
0.222617
0.691563
0.930653
1
1
0.943307
0.860099
0.763951
0.196789
0.001
0.001
0.00989884
0.269519
0.885253
1
0.9504
1
1
0.846287
0.296199
0.0316573
0.0027537
0.00102953
0.001
0.001
0.001
0.0679298
0.182208
0.233549
0.286627
0.419368
0.698772
0.8
0.8
0.8
0.8
0.8
0.176266
0.00193266
0.001
0.001
0.0720942
0.466097
1
1
1
0.992245
0.519004
0.203296
0.0464353
0.0538764
0.220327
0.534987
0.992245
1
1
1
0.472072
0.0724918
0.001
0.001
0.0019342
0.176338
0.8
0.8
0.8
0.8
0.8
0.699672
0.418712
0.286171
0.235187
0.186215
0.0705783
0.001
0.001
0.184716
0.569558
0.701571
0.8
0.736806
0.706406
0.8
0.8
0.809984
0.802124
0.8
0.227379
0.00270704
0.001
0.001
0.00399513
0.35245
1
1
1
0.666522
0.141517
0.00218831
0.001
0.001
0.00186845
0.142504
0.668482
1
1
1
0.360082
0.00409597
0.001
0.001
0.00270854
0.22751
0.8
0.802613
0.810465
0.8
0.8
0.706406
0.736806
0.8
0.702162
0.561997
0.191172
0.001
0.001
0.185195
0.573909
0.699965
0.79537
0.8
0.8
0.8
0.849938
0.957734
0.973248
0.8
0.288525
0.00798668
0.001
0.001
0.0320352
0.433419
1
1
1
0.39007
0.0207112
0.001
0.001
0.001
0.001
0.0214264
0.397871
1
1
1
0.440949
0.0322242
0.001
0.001
0.00799939
0.288701
0.8
0.974084
0.958615
0.85081
0.8
0.8
0.8
0.795092
0.699977
0.567679
0.191052
0.001
0.001
0.068631
0.187444
0.239059
0.262586
0.415417
0.764414
0.826895
0.985283
1
1
0.980555
0.43422
0.0637824
0.001
0.001
0.102454
0.620721
1
1
0.797529
0.189116
0.001
0.001
0.001
0.001
0.001
0.001
0.190883
0.804376
1
1
0.626921
0.103394
0.001
0.001
0.0638512
0.434549
0.981465
1
1
0.98659
0.828294
0.764414
0.415535
0.263931
0.241059
0.190411
0.0704264
0.001
0.001
0.001
0.00147321
0.00245068
0.0185196
0.123823
0.381725
0.8
1
1
1
1
0.825963
0.227413
0.0144738
0.001
0.183967
0.876488
1
1
0.642656
0.128778
0.001
0.001
0.001
0.001
0.001
0.001
0.129273
0.646479
1
1
0.883814
0.185643
0.001
0.0144756
0.227565
0.826582
1
1
1
1
0.8
0.384119
0.125232
0.0187912
0.00244019
0.00143125
0.001
0.001
0.001
0.001
0.001
0.001
0.001
0.00973177
0.161405
0.547396
1
1
1
1
1
0.593281
0.107142
0.0129085
0.313369
1
1
1
0.397077
0.0498494
0.001
0.001
0.001
0.001
0.001
0.001
0.0497384
0.398461
1
1
1
0.315361
0.0127854
0.107093
0.593313
1
1
1
1
1
0.546203
0.160483
0.00989787
0.001
0.001
0.001
0.001
0.001
0.001
0.001
0.001
0.001
0.001
0.0596226
0.232528
0.613914
0.869687
1
1
1
1
1
0.432123
0.163783
0.575423
1
1
0.963205
0.251107
0.00549982
0.001
0.001
0.001
0.001
0.001
0.001
0.00534713
0.252258
0.96984
1
1
0.579151
0.163966
0.431748
1
1
1
1
1
0.868589
0.612105
0.23306
0.061078
0.001
0.001
0.001
0.001
0.001
0.001
0.001
0.001
0.001
0.001
0.175748
0.547591
0.675085
0.784494
1
1
1
1
1
0.964521
0.526217
0.892783
1
1
0.85402
0.185238
0.001
0.001
0.001
0.001
0.001
0.001
0.001
0.001
0.186191
0.858805
1
1
0.899412
0.526886
0.963711
1
1
1
1
1
0.784975
0.675085
0.547965
0.197696
0.001
0.001
0.001
0.001
0.001
0.001
0.001
0.001
0.001
0.001
0.187074
0.51782
0.588286
0.547211
0.947633
1
1
1
1
1
0.992951
1
1
1
0.678827
0.137482
0.001
0.001
0.001
0.001
0.001
0.001
0.001
0.001
0.137397
0.680327
1
1
1
0.99422
1
1
1
1
1
0.94644
0.542962
0.589572
0.578085
0.219398
0.001
0.001
0.001
0.001
0.001
0.001
0.001
0.001
0.001
0.001
0.0752649
0.185552
0.198419
0.186697
0.479035
1
1
1
1
1
1
1
1
1
0.652719
0.136833
0.001
0.001
0.001
0.001
0.001
0.001
0.001
0.001
0.13597
0.652337
1
1
1
1
1
1
1
1
1
0.479309
0.185818
0.219751
0.218514
0.091757
0.001
0.001
0.001
0.001
0.001
0.001
0.001
0.001
0.001
0.001
0.001
0.001
0.001
0.00578846
0.157384
0.711445
1
1
1
1
1
1
1
1
0.766634
0.172706
0.001
0.001
0.001
0.001
0.001
0.001
0.001
0.001
0.17182
0.765997
1
1
1
1
1
1
1
1
0.711237
0.157743
0.0059797
0.001
0.001
0.001
0.001
0.001
0.001
0.001
0.001
0.001
0.001
0.001
0.001
0.001
0.001
0.001
0.001
0.001
0.0386468
0.280435
1
1
1
1
1
1
1
1
0.949494
0.229088
0.00131983
0.001
0.001
0.001
0.001
0.001
0.001
0.00129249
0.228447
0.950465
1
1
1
1
1
1
1
1
0.280577
0.0387946
0.001
0.001
0.001
0.001
0.001
0.001
0.001
0.001
0.001
0.001
0.001
0.001
0.00110481
0.00106854
0.001
0.001
0.001
0.001
0.001
0.0716329
0.609282
1
1
1
1
1
1
1
1
0.384242
0.0231291
0.001
0.001
0.001
0.001
0.001
0.001
0.0228687
0.38368
1
1
1
1
1
1
1
1
0.609429
0.0716606
0.001
0.001
0.001
0.001
0.001
0.00110035
0.00113697
0.001
0.001
0.001
0.001
0.001
0.0874425
0.197001
0.182278
0.109715
0.128417
0.148889
0.131477
0.130093
0.153186
0.419632
1
1
1
1
1
1
1
1
0.624799
0.0819987
0.032429
0.0507468
0.0292421
0.0293429
0.0509188
0.0325234
0.0816013
0.624225
1
1
1
1
1
1
1
1
0.420094
0.153703
0.130587
0.132101
0.149837
0.129329
0.110571
0.183707
0.198516
0.088098
0.001
0.001
0.001
0.001
0.169625
0.548436
0.637763
0.794677
0.688132
0.647199
0.700508
0.718248
0.739318
0.790767
1
1
1
1
1
1
1
1
1
1
1
0.665983
0.196063
0.196089
0.665835
1
1
1
1
1
1
1
1
1
1
1
0.790765
0.739318
0.718251
0.700511
0.647201
0.688132
0.794677
0.637763
0.548435
0.170844
0.001
0.001
0.001
0.001
0.163107
0.787562
0.798535
0.8
0.8
0.915901
0.956641
0.966732
0.969905
0.985712
1
1
1
1
1
1
1
1
1
1
1
1
0.376408
0.37621
1
1
1
1
1
1
1
1
1
1
1
1
0.989551
0.974232
0.971259
0.961291
0.920441
0.8
0.8
0.798535
0.787562
0.16425
0.001
0.001
