0.001
0.001
0.269983
0.987562
0.998535
1
1
1
1
1
1
1
1
1
1
1
1
1
1
1
1
1
1
1
0.393297
0.393044
1
1
1
1
1
1
1
1
1
1
1
1
1
1
1
1
1
1
1
0.998535
0.987562
0.269589
0.001
0.001
0.001
0.001
0.254101
0.748436
0.837763
0.994677
0.888132
0.847186
0.900491
0.918234
0.939318
0.99076
1
1
1
1
1
1
1
1
1
1
1
0.701961
0.208379
0.208342
0.701625
1
1
1
1
1
1
1
1
1
1
1
0.990758
0.939318
0.918236
0.900494
0.847187
0.888132
0.994677
0.837763
0.748435
0.253712
0.001
0.001
0.001
0.001
0.120767
0.295122
0.301589
0.220785
0.23964
0.230662
0.161074
0.148226
0.179942
0.461967
1
1
1
1
1
1
1
1
0.649068
0.0836483
0.0370075
0.0583823
0.0336913
0.0337554
0.0584917
0.0370663
0.0833288
0.647938
1
1
1
1
1
1
1
1
0.461923
0.179888
0.14823
0.161036
0.23045
0.239339
0.220447
0.301092
0.294634
0.12057
0.001
0.001
0.001
0.001
0.001
0.001
0.001
0.001
0.001
0.001
0.001
0.001
0.0744066
0.64114
1
1
1
1
1
1
1
1
0.401847
0.0227581
0.001
0.001
0.001
0.001
0.001
0.001
0.0225822
0.401263
1
1
1
1
1
1
1
1
0.64106
0.0743194
0.001
0.001
0.001
0.001
0.001
0.001
0.001
0.001
0.001
0.001
0.001
0.001
0.001
0.001
0.001
0.001
0.001
0.001
0.001
0.0406486
0.294585
1
1
1
1
1
1
1
1
1
0.242768
0.00121327
0.001
0.001
0.001
0.001
0.001
0.001
0.00119965
0.242434
1
1
1
1
1
1
1
1
1
0.294475
0.0405932
0.001
0.001
0.001
0.001
0.001
0.001
0.001
0.001
0.001
0.001
0.001
0.001
0.001
0.001
0.001
0.001
0.001
0.00839448
0.165157
0.741771
1
1
1
1
1
1
1
1
0.80266
0.179695
0.001
0.001
0.001
0.001
0.001
0.001
0.001
0.001
0.179031
0.80113
1
1
1
1
1
1
1
1
0.74139
0.164771
0.00826461
0.001
0.001
0.001
0.001
0.001
0.001
0.001
0.001
0.001
0.001
0.001
0.001
0.001
0.084858
0.237068
0.278758
0.241841
0.493228
1
1
1
1
1
1
1
1
1
0.679553
0.137222
0.001
0.001
0.001
0.001
0.001
0.001
0.001
0.001
0.136381
0.677889
1
1
1
1
1
1
1
1
1
0.490803
0.237637
0.278565
0.241722
0.0881166
0.001
0.001
0.001
0.001
0.001
0.001
0.001
0.001
0.001
0.001
0.222686
0.667455
0.788611
0.710023
0.981155
1
1
1
1
1
1
1
1
1
0.740037
0.150443
0.001
0.001
0.001
0.001
0.001
0.001
0.001
0.001
0.150197
0.739508
1
1
1
1
1
1
1
1
1
0.979743
0.705458
0.789292
0.680747
0.230703
0.001
0.001
0.001
0.001
0.001
0.001
0.001
0.001
0.001
0.001
0.217246
0.72427
0.875085
0.984839
1
1
1
1
1
1
0.580934
1
1
1
0.968188
0.21478
0.001
0.001
0.001
0.001
0.001
0.001
0.001
0.001
0.21503
0.969351
1
1
1
0.581134
1
1
1
1
1
1
0.984519
0.875085
0.75067
0.223653
0.001
0.001
0.001
0.001
0.001
0.001
0.001
0.001
0.001
0.001
0.0773205
0.361296
0.813224
1
1
1
1
1
1
0.459376
0.189196
0.645786
1
1
1
0.281382
0.00435295
0.001
0.001
0.001
0.001
0.001
0.001
0.00425199
0.281463
1
1
1
0.646858
0.188983
0.459323
1
1
1
1
1
1
0.811663
0.365036
0.0781983
0.001
0.001
0.001
0.001
0.001
0.001
0.001
0.001
0.001
0.001
0.00635686
0.223863
0.668377
1
1
1
1
1
0.626095
0.110324
0.0112352
0.341947
1
1
1
0.432781
0.0504534
0.001
0.001
0.001
0.001
0.001
0.001
0.0503025
0.432558
1
1
1
0.342496
0.0110537
0.110346
0.625904
1
1
1
1
1
0.675471
0.228015
0.00644165
0.001
0.001
0.001
0.001
0.001
0.001
0.001
0.001
0.001
0.0127529
0.16069
0.548145
1
1
1
1
1
0.888017
0.241039
0.0147283
0.001
0.210175
0.98791
1
1
0.717084
0.138486
0.001
0.001
0.001
0.001
0.001
0.001
0.138574
0.71789
1
1
0.990652
0.211002
0.001
0.0147262
0.240858
0.8874
1
1
1
1
1
0.549503
0.160682
0.0126557
0.001
0.001
0.001
0.001
0.001
0.0947932
0.268545
0.358751
0.398328
0.615372
0.964414
1
1
1
1
1
0.495469
0.0653449
0.001
0.001
0.114244
0.691599
1
1
0.872077
0.194735
0.00146504
0.001
0.001
0.001
0.001
0.00156155
0.19564
0.874468
1
1
0.694401
0.114729
0.001
0.001
0.0652923
0.495369
1
1
1
1
1
0.964414
0.61511
0.39919
0.360827
0.270329
0.0954262
0.001
0.001
0.249674
0.76519
0.899837
0.995628
1
1
1
1
1
1
1
0.421267
0.00477336
0.001
0.001
0.0307116
0.40478
1
1
0.910168
0.300067
0.0244036
0.001
0.001
0.001
0.001
0.0248466
0.303274
0.912733
1
1
0.409174
0.0308599
0.001
0.001
0.00477673
0.421285
1
1
1
1
1
1
1
0.995416
0.899875
0.768092
0.249754
0.001
0.001
0.244073
0.732983
0.901327
1
0.936806
0.906406
1
1
1
1
1
0.416505
0.001
0.001
0.001
0.00657603
0.251414
0.8
0.945601
0.828294
0.46639
0.109353
0.00493153
0.001
0.001
0.00452923
0.107315
0.468382
0.830768
0.948474
0.8
0.255751
0.00668976
0.001
0.001
0.001
0.416326
1
1
1
1
1
0.906406
0.936806
1
0.901636
0.743239
0.243331
0.001
0.001
0.0868549
0.24683
0.334721
0.443317
0.619552
0.897607
1
1
1
1
1
0.332635
0.001
0.001
0.001
0.0611526
0.315358
0.8
0.8
0.8
0.792245
0.354368
0.180707
0.0522744
0.0572266
0.184049
0.351565
0.792245
0.8
0.8
0.8
0.320185
0.0621802
0.001
0.001
0.001
0.332336
1
1
1
1
1
0.898565
0.619264
0.443383
0.33403
0.245722
0.0863191
0.001
0.001
0.001
0.001
0.001
0.0337512
0.244364
0.692889
1
1
1
1
1
0.307675
0.0121568
0.001
0.001
0.172499
0.564233
0.660639
0.743307
0.8
0.8
0.730653
0.535394
0.199889
0.21403
0.559777
0.730653
0.8
0.8
0.743307
0.660363
0.563126
0.168799
0.001
0.001
0.0121075
0.30731
1
1
1
1
1
0.692773
0.244245
0.0335602
0.001
0.001
0.001
0.001
0.001
0.001
0.001
0.00257675
0.116128
0.428821
0.782003
0.8
0.770601
0.8
0.758137
0.8
0.40698
0.111597
0.0016389
0.001
0.186966
0.572671
0.599756
0.720535
0.596629
0.710426
0.756644
0.59286
0.230142
0.249185
0.616067
0.756644
0.710426
0.596629
0.720535
0.599836
0.557204
0.179555
0.001
0.00163525
0.111489
0.406693
0.8
0.758056
0.8
0.770601
0.8
0.782003
0.428948
0.11594
0.00257018
0.001
0.001
0.001
0.001
0.001
0.001
0.0440944
0.260135
0.706595
0.8
0.8
0.705848
0.701664
0.694181
0.773609
0.596423
0.26394
0.0436108
0.001
0.0794377
0.223187
0.243204
0.150987
0.124394
0.147591
0.215482
0.21288
0.0989055
0.109184
0.230514
0.226735
0.146624
0.124288
0.151878
0.238429
0.214911
0.0751859
0.001
0.0435211
0.263701
0.596423
0.773609
0.694164
0.701664
0.705848
0.8
0.8
0.706595
0.259822
0.0440344
0.001
0.001
0.001
0.001
0.001
0.001
0.0939405
0.653651
0.8
0.8
0.660168
0.249771
0.412732
0.640188
0.715271
0.788045
0.612137
0.158765
0.001
0.001
0.0019761
0.00254023
0.00205029
0.00119309
0.00188437
0.00216478
0.00164592
0.001
0.001
0.00170497
0.00217281
0.00183167
0.00112549
0.00212493
0.00265748
0.00208141
0.001
0.001
0.158745
0.61221
0.78803
0.715271
0.639911
0.412526
0.249497
0.660168
0.8
0.8
0.653651
0.0938451
0.001
0.001
0.001
0.001
0.001
0.001
0.150549
0.770005
0.781108
0.658156
0.200949
0.0676347
0.183981
0.472853
0.668246
0.734403
0.59539
0.193852
0.00123062
0.001
0.001
0.001
0.001
0.001
0.001
0.001
0.001
0.001
0.001
0.001
0.001
0.001
0.001
0.001
0.001
0.001
0.001
0.00123457
0.193995
0.595122
0.734339
0.668246
0.472818
0.183976
0.067579
0.200808
0.658156
0.781108
0.770005
0.150452
0.001
0.001
0.001
0.001
0.001
0.001
0.141662
0.65184
0.667491
0.173414
0.0387307
0.00102113
0.0443094
0.122277
0.147268
0.183674
0.196971
0.0923782
0.001
0.001
0.001
0.001
0.001
0.001
0.001
0.001
0.001
0.001
0.001
0.001
0.001
0.001
0.001
0.001
0.001
0.001
0.001
0.001
0.0925183
0.197208
0.18379
0.147224
0.122254
0.0443071
0.00102004
0.0387109
0.173333
0.667492
0.65184
0.141592
0.001
0.001
0.001
0.001
0.001
0.001
0.0644636
0.145618
0.125811
0.0366484
0.001
0.001
0.001
0.001
0.00112268
0.00192606
0.00199224
0.00127203
0.001
0.001
0.001
0.001
0.001
0.001
0.001
0.001
0.001
0.001
0.001
0.001
0.001
0.001
0.001
0.001
0.001
0.001
0.001
0.001
0.00127808
0.00200073
0.00193336
0.00112594
0.001
0.001
0.001
0.001
0.0366364
0.125761
0.145555
0.0644339
0.001
0.001
0.001
0.001
0.001
0.001
0.001
0.001
0.001
0.001
0.001
0.001
0.001
0.001
0.001
0.001
0.001
0.001
0.001
0.001
0.001
0.001
0.001
0.001
0.001
0.001
0.001
0.001
0.001
0.001
0.001
0.001
0.001
0.001
0.001
0.001
0.001
0.001
0.001
0.001
0.001
0.001
0.001
0.001
0.001
0.001
0.001
0.001
0.001
0.001
0.001
0.001
0.001
0.001
0.001
0.001
0.001
0.001
0.001
0.001
0.001
0.001
0.001
0.001
0.001
0.001
0.001
0.001
0.001
0.001
0.001
0.001
0.001
0.001
0.001
0.001
0.001
0.001
0.001
0.001
0.001
0.001
0.001
0.001
0.001
0.001
0.001
0.001
0.001
0.001
0.001
0.001
0.001
0.001
0.001
0.001
0.001
0.001
0.001
0.001
0.001
0.001
0.001
0.001
0.001
0.001
0.001
0.001
0.001
0.001
0.001
0.001
0.001
0.001
0.001
0.001
0.001
0.001
0.001
0.001
0.001
0.001
0.001
0.001
0.001
0.001
0.001
0.001
0.001
0.001
0.001
0.001
0.001
0.001
0.001
0.001
0.001
0.001
0.001
0.001
0.001
0.001
0.001
0.001
0.001
0.001
0.001
0.001
0.001
0.001
0.001
0.001
0.001
0.001
0.001
0.001
0.001
0.001
0.001
0.001
0.001
0.001
0.001
0.001
0.001
0.001
0.001
0.001
0.001
0.001
0.001
0.001
0.001
0.001
0.001
0.001
0.001
0.001
0.001
0.001
0.001
0.001
0.001
0.001
0.001
0.001
0.001
0.001
0.001
0.001
0.001
0.001
0.001
0.001
0.001
0.001
0.001
0.001
0.001
0.001
0.001
0.001
0.001
0.001
0.001
0.001
0.0644507
0.145591
0.125789
0.0366431
0.001
0.001
0.001
0.001
0.00112728
0.00193514
0.00200228
0.00127887
0.001
0.001
0.001
0.001
0.001
0.001
0.001
0.001
0.001
0.001
0.001
0.001
0.001
0.001
0.001
0.001
0.001
0.001
0.001
0.001
0.0012822
0.00200704
0.00193928
0.00112912
0.001
0.001
0.001
0.001
0.0366386
0.125762
0.145556
0.0644352
0.001
0.001
0.001
0.001
0.001
0.001
0.14163
0.65184
0.667491
0.173371
0.0387174
0.00102062
0.044314
0.122268
0.147263
0.1839
0.197315
0.0925673
0.001
0.001
0.001
0.001
0.001
0.001
0.001
0.001
0.001
0.001
0.001
0.001
0.001
0.001
0.001
0.001
0.001
0.001
0.001
0.001
0.0926396
0.197422
0.183931
0.147287
0.12235
0.0443517
0.00102308
0.0387168
0.173332
0.667491
0.65184
0.141593
0.001
0.001
0.001
0.001
0.001
0.001
0.150501
0.770005
0.781108
0.658156
0.200857
0.0676116
0.183976
0.472765
0.668246
0.734329
0.595095
0.194083
0.00123458
0.001
0.001
0.001
0.001
0.001
0.001
0.001
0.001
0.001
0.001
0.001
0.001
0.001
0.001
0.001
0.001
0.001
0.001
0.00123469
0.194081
0.594844
0.734268
0.668246
0.472857
0.184041
0.0676023
0.200788
0.658156
0.781108
0.770005
0.150444
0.001
0.001
0.001
0.001
0.001
0.001
0.0938532
0.653651
0.8
0.8
0.660168
0.249609
0.412781
0.640095
0.715271
0.788027
0.612217
0.158813
0.001
0.001
0.0019595
0.00252137
0.00203178
0.00110599
0.00227297
0.00290728
0.00239899
0.00100814
0.001
0.00224344
0.0027307
0.0021566
0.00109808
0.0022149
0.00280483
0.00221586
0.001
0.001
0.15866
0.612287
0.788013
0.715271
0.639907
0.412597
0.249437
0.660168
0.8
0.8
0.653651
0.0938636
0.001
0.001
0.001
0.001
0.001
0.001
0.0440076
0.259821
0.706595
0.8
0.8
0.705848
0.701664
0.694156
0.773609
0.596423
0.263764
0.0435411
0.001
0.0779971
0.220254
0.241254
0.150764
0.123732
0.151295
0.203918
0.187252
0.0819032
0.0849142
0.190657
0.203813
0.149495
0.123274
0.152471
0.236124
0.20988
0.0722482
0.001
0.043397
0.263284
0.596423
0.773609
0.694141
0.701664
0.705848
0.8
0.8
0.706595
0.259852
0.0440788
0.001
0.001
0.001
0.001
0.001
0.001
0.00256857
0.115951
0.428986
0.782003
0.8
0.770601
0.8
0.758058
0.8
0.406849
0.111545
0.00163626
0.001
0.184456
0.568998
0.599858
0.720535
0.596629
0.710426
0.756644
0.576499
0.193257
0.200859
0.567241
0.756644
0.710426
0.596629
0.720535
0.599939
0.550003
0.174806
0.001
0.00162646
0.111333
0.406571
0.8
0.757982
0.8
0.770601
0.8
0.782003
0.429101
0.115918
0.00257787
0.001
0.001
0.001
0.001
0.001
0.001
0.001
0.0336933
0.244357
0.692885
1
1
1
1
1
0.307421
0.012135
0.001
0.001
0.171369
0.562829
0.660369
0.743307
0.8
0.8
0.730653
0.485411
0.172141
0.17869
0.493672
0.730653
0.8
0.8
0.743307
0.660099
0.561901
0.166407
0.001
0.001
0.0120748
0.307084
1
1
1
1
1
0.692837
0.244254
0.033422
0.001
0.001
0.001
0.001
0.001
0.0877196
0.248083
0.335171
0.442806
0.619368
0.898772
1
1
1
1
1
0.332386
0.001
0.001
0.001
0.0617283
0.318781
0.8
0.8
0.8
0.792245
0.347552
0.171502
0.050562
0.0517418
0.173488
0.347009
0.792245
0.8
0.8
0.8
0.320416
0.0623708
0.001
0.001
0.001
0.332067
1
1
1
1
1
0.899672
0.618712
0.443151
0.340934
0.256685
0.0921114
0.001
0.001
0.245589
0.740229
0.901571
1
0.936806
0.906406
1
1
1
1
1
0.416259
0.001
0.001
0.001
0.0067485
0.255228
0.8
0.950577
0.831893
0.466522
0.107618
0.00474373
0.001
0.001
0.00478926
0.107272
0.468482
0.829993
0.948827
0.8
0.254377
0.00654008
0.001
0.001
0.001
0.415974
1
1
1
1
1
0.906406
0.936806
1
0.902162
0.759923
0.255459
0.001
0.001
0.250687
0.76561
0.899965
0.99537
1
1
1
1
1
1
1
0.421175
0.00475158
0.001
0.001
0.0310866
0.408699
1
1
0.912846
0.302234
0.023979
0.001
0.001
0.001
0.001
0.0242113
0.301503
0.911636
1
1
0.407869
0.030818
0.001
0.001
0.00476346
0.421065
1
1
1
1
1
1
1
0.995092
0.899977
0.766114
0.258981
0.001
0.001
0.0949409
0.268836
0.359165
0.398386
0.615417
0.964414
1
1
1
1
1
0.49535
0.0652789
0.001
0.001
0.114771
0.69435
1
1
0.875014
0.195833
0.00153254
0.001
0.001
0.001
0.001
0.0015244
0.195378
0.87388
1
1
0.693419
0.114508
0.001
0.001
0.0652736
0.495271
1
1
1
1
1
0.964414
0.615535
0.400614
0.363535
0.273608
0.0970909
0.001
0.001
0.001
0.001
0.001
0.0127305
0.160254
0.547342
1
1
1
1
1
0.887754
0.240999
0.0147563
0.001
0.210916
0.990725
1
1
0.717582
0.138417
0.001
0.001
0.001
0.001
0.001
0.001
0.13829
0.717066
1
1
0.989689
0.210662
0.001
0.014743
0.24089
0.887432
1
1
1
1
1
0.549236
0.160969
0.0127993
0.001
0.001
0.001
0.001
0.001
0.001
0.001
0.001
0.001
0.00627055
0.225099
0.670378
1
1
1
1
1
0.626305
0.110447
0.0112092
0.342799
1
1
1
0.432302
0.0501258
0.001
0.001
0.001
0.001
0.001
0.001
0.0501807
0.432331
1
1
1
0.342301
0.0111653
0.110343
0.625904
1
1
1
1
1
0.670671
0.225209
0.00637033
0.001
0.001
0.001
0.001
0.001
0.001
0.001
0.001
0.001
0.001
0.0815635
0.371215
0.813914
1
1
1
1
1
1
0.459641
0.189034
0.646756
1
1
1
0.281117
0.00429487
0.001
0.001
0.001
0.001
0.001
0.001
0.00432393
0.281332
1
1
1
0.646181
0.18906
0.459318
1
1
1
1
1
1
0.812105
0.362778
0.0777103
0.001
0.001
0.001
0.001
0.001
0.001
0.001
0.001
0.001
0.001
0.223631
0.745817
0.875085
0.984494
1
1
1
1
1
1
0.581033
1
1
1
0.968847
0.214651
0.001
0.001
0.001
0.001
0.001
0.001
0.001
0.001
0.214806
0.968658
1
1
1
0.580907
1
1
1
1
1
1
0.984975
0.875085
0.737773
0.221937
0.001
0.001
0.001
0.001
0.001
0.001
0.001
0.001
0.001
0.001
0.226138
0.707055
0.788286
0.717593
0.983388
1
1
1
1
1
1
1
1
1
0.74008
0.150265
0.001
0.001
0.001
0.001
0.001
0.001
0.001
0.001
0.15033
0.739869
1
1
1
1
1
1
1
1
1
0.980005
0.708047
0.789572
0.679585
0.229459
0.001
0.001
0.001
0.001
0.001
0.001
0.001
0.001
0.001
0.001
0.0849618
0.235705
0.278568
0.244078
0.493434
1
1
1
1
1
1
1
1
1
0.679082
0.136669
0.001
0.001
0.001
0.001
0.001
0.001
0.001
0.001
0.136859
0.67891
1
1
1
1
1
1
1
1
1
0.491597
0.239808
0.28087
0.242816
0.0882305
0.001
0.001
0.001
0.001
0.001
0.001
0.001
0.001
0.001
0.001
0.001
0.001
0.001
0.00826196
0.164769
0.741786
1
1
1
1
1
1
1
1
0.802292
0.179211
0.001
0.001
0.001
0.001
0.001
0.001
0.001
0.001
0.179426
0.802103
1
1
1
1
1
1
1
1
0.74115
0.164742
0.0083103
0.001
0.001
0.001
0.001
0.001
0.001
0.001
0.001
0.001
0.001
0.001
0.001
0.001
0.001
0.001
0.001
0.001
0.0405353
0.294528
1
1
1
1
1
1
1
1
1
0.242534
0.00119846
0.001
0.001
0.001
0.001
0.001
0.001
0.00120771
0.242628
1
1
1
1
1
1
1
1
1
0.294376
0.0405679
0.001
0.001
0.001
0.001
0.001
0.001
0.001
0.001
0.001
0.001
0.001
0.001
0.001
0.001
0.001
0.001
0.001
0.001
0.001
0.0743198
0.64148
1
1
1
1
1
1
1
1
0.401645
0.0226128
0.001
0.001
0.001
0.001
0.001
0.001
0.0226887
0.401617
1
1
1
1
1
1
1
1
0.64086
0.0742977
0.001
0.001
0.001
0.001
0.001
0.001
0.001
0.001
0.001
0.001
0.001
0.001
0.120307
0.293957
0.300373
0.219884
0.238864
0.230354
0.161554
0.14898
0.180539
0.462584
1
1
1
1
1
1
1
1
0.648794
0.083431
0.0370268
0.0584221
0.0337148
0.0336821
0.0583662
0.0369956
0.0835228
0.648645
1
1
1
1
1
1
1
1
0.461609
0.179594
0.14795
0.160834
0.230455
0.239488
0.220664
0.301408
0.294941
0.120693
0.001
0.001
0.001
0.001
0.253185
0.748436
0.837763
0.994677
0.888132
0.847199
0.900508
0.918248
0.939318
0.990767
1
1
1
1
1
1
1
1
1
1
1
0.701631
0.208297
0.208272
0.701588
1
1
1
1
1
1
1
1
1
1
1
0.990765
0.939318
0.918251
0.900511
0.847201
0.888132
0.994677
0.837763
0.748435
0.253952
0.001
0.001
0.001
0.001
0.269064
0.987562
0.998535
1
1
1
1
1
1
1
1
1
1
1
1
1
1
1
1
1
1
1
0.393048
0.39307
1
1
1
1
1
1
1
1
1
1
1
1
1
1
1
1
1
1
1
0.998535
0.987562
0.269836
0.001
0.001
