0.001
0.001
0.164356
0.787562
0.798535
0.8
0.8
0.918934
0.959714
0.969639
0.972568
0.987812
1
1
1
1
1
1
1
1
1
1
1
1
0.376586
0.376735
1
1
1
1
1
1
1
1
1
1
1
1
0.987814
0.972757
0.969866
0.959962
0.919185
0.8
0.8
0.798535
0.787562
0.164295
0.001
0.001
0.001
0.001
0.170948
0.548436
0.637763
0.794677
0.688132
0.647186
0.700491
0.718234
0.739318
0.79076
1
1
1
1
1
1
1
1
1
1
1
0.665807
0.195861
0.195826
0.665878
1
1
1
1
1
1
1
1
1
1
1
0.790758
0.739318
0.718236
0.700494
0.647187
0.688132
0.794677
0.637763
0.548435
0.170885
0.001
0.001
0.001
0.001
0.0881621
0.198672
0.183856
0.110648
0.129322
0.149643
0.131555
0.12983
0.153003
0.419479
1
1
1
1
1
1
1
1
0.625331
0.0820778
0.0321709
0.0503003
0.02898
0.0288918
0.0501498
0.0320878
0.0824103
0.625613
1
1
1
1
1
1
1
1
0.419709
0.153454
0.130131
0.131776
0.149713
0.129313
0.110599
0.183763
0.198574
0.0881221
0.001
0.001
0.001
0.001
0.001
0.00115823
0.00112093
0.001
0.001
0.001
0.001
0.001
0.0718619
0.609645
1
1
1
1
1
1
1
1
0.38447
0.0231413
0.001
0.001
0.001
0.001
0.001
0.001
0.0233718
0.38482
1
1
1
1
1
1
1
1
0.609943
0.0721944
0.001
0.001
0.001
0.001
0.001
0.00111415
0.00115123
0.001
0.001
0.001
0.001
0.001
0.001
0.001
0.001
0.001
0.001
0.001
0.001
0.0389004
0.280848
0.99923
1
1
1
1
1
1
1
0.94978
0.229003
0.00131351
0.001
0.001
0.001
0.001
0.001
0.001
0.00133971
0.229475
0.948746
1
1
1
1
1
1
1
0.998931
0.281423
0.0392054
0.001
0.001
0.001
0.001
0.001
0.001
0.001
0.001
0.001
0.001
0.001
0.001
0.001
0.001
0.001
0.001
0.001
0.00593147
0.158062
0.71187
1
1
1
1
1
1
1
1
0.767058
0.172462
0.001
0.001
0.001
0.001
0.001
0.001
0.001
0.001
0.173163
0.767152
1
1
1
1
1
1
1
1
0.71328
0.159203
0.00610229
0.001
0.001
0.001
0.001
0.001
0.001
0.001
0.001
0.001
0.001
0.001
0.001
0.001
0.0922585
0.219073
0.219398
0.184159
0.478465
1
1
1
1
1
1
1
1
1
0.653237
0.136569
0.001
0.001
0.001
0.001
0.001
0.001
0.001
0.001
0.137224
0.65306
1
1
1
1
1
1
1
1
1
0.480049
0.184078
0.220565
0.22046
0.0928431
0.001
0.001
0.001
0.001
0.001
0.001
0.001
0.001
0.001
0.001
0.219531
0.576236
0.589987
0.540889
0.944765
1
1
1
1
1
0.991872
1
1
1
0.680162
0.137512
0.001
0.001
0.001
0.001
0.001
0.001
0.001
0.001
0.137605
0.678584
1
1
1
0.99061
1
1
1
1
1
0.945238
0.540065
0.589698
0.578854
0.220037
0.001
0.001
0.001
0.001
0.001
0.001
0.001
0.001
0.001
0.001
0.196618
0.545121
0.675085
0.784839
1
1
1
1
1
0.961868
0.526296
0.89623
1
1
0.857097
0.185761
0.001
0.001
0.001
0.001
0.001
0.001
0.001
0.001
0.185095
0.853092
1
1
0.891231
0.52532
0.962117
1
1
1
1
1
0.784519
0.675085
0.544873
0.195461
0.001
0.001
0.001
0.001
0.001
0.001
0.001
0.001
0.001
0.001
0.0598261
0.230574
0.612961
0.866973
1
1
1
1
1
0.432184
0.163803
0.57828
1
1
0.967051
0.251761
0.0053825
0.001
0.001
0.001
0.001
0.001
0.001
0.00550539
0.250784
0.962052
1
1
0.574713
0.163487
0.431837
1
1
1
1
1
0.867723
0.611663
0.227089
0.0578806
0.001
0.001
0.001
0.001
0.001
0.001
0.001
0.001
0.001
0.001
0.00982126
0.160347
0.545705
0.998724
1
1
1
1
0.594337
0.107671
0.0129035
0.314837
1
1
1
0.397895
0.0497438
0.001
0.001
0.001
0.001
0.001
0.001
0.0498281
0.396659
1
1
1
0.313077
0.0129419
0.10733
0.593394
1
1
1
1
0.99924
0.548198
0.161918
0.00987894
0.001
0.001
0.001
0.001
0.001
0.001
0.001
0.00136209
0.00237525
0.0187493
0.124839
0.382295
0.8
1
1
1
1
0.825977
0.227685
0.0146636
0.001
0.184863
0.880647
1
1
0.644796
0.129047
0.001
0.001
0.001
0.001
0.001
0.001
0.128666
0.641889
1
1
0.875355
0.183741
0.001
0.0145596
0.227405
0.825577
1
1
1
1
0.8
0.383072
0.12486
0.0186649
0.00236962
0.00135505
0.001
0.001
0.001
0.0683955
0.186197
0.237336
0.262496
0.415372
0.764414
0.826224
0.984112
1
1
0.980003
0.43394
0.0637078
0.001
0.001
0.103087
0.624188
1
1
0.80144
0.19016
0.001
0.001
0.001
0.001
0.001
0.001
0.189038
0.79659
1
1
0.619939
0.102392
0.001
0.001
0.0636947
0.433864
0.979881
1
1
0.98441
0.826626
0.764414
0.41511
0.262488
0.236886
0.185425
0.0679842
0.001
0.001
0.195897
0.569299
0.699837
0.795628
0.8
0.8
0.8
0.849041
0.956889
0.972797
0.8
0.288544
0.00802585
0.001
0.001
0.0324314
0.437153
1
1
1
0.393695
0.02082
0.001
0.001
0.001
0.001
0.0211946
0.390831
1
1
1
0.433271
0.0321183
0.001
0.001
0.00799944
0.288448
0.8
0.97279
0.957052
0.849324
0.8
0.8
0.8
0.795416
0.699875
0.570046
0.195849
0.001
0.001
0.202627
0.566094
0.701327
0.8
0.736806
0.706406
0.8
0.8
0.809186
0.801322
0.8
0.227606
0.00272055
0.001
0.001
0.004151
0.356116
1
1
1
0.66639
0.141836
0.00197873
0.001
0.001
0.00214816
0.141886
0.668382
1
1
1
0.352348
0.00402792
0.001
0.001
0.0027169
0.227527
0.8
0.801524
0.809366
0.8
0.8
0.706406
0.736806
0.8
0.701636
0.567281
0.203215
0.001
0.001
0.0778942
0.199662
0.243793
0.286589
0.419552
0.697607
0.8
0.8
0.8
0.8
0.8
0.176568
0.00195534
0.001
0.001
0.0725231
0.469026
1
1
1
0.992245
0.53112
0.216637
0.0530788
0.0465024
0.20289
0.518371
0.992245
1
1
1
0.46427
0.0714007
0.001
0.001
0.00194954
0.176508
0.8
0.8
0.8
0.8
0.8
0.698565
0.419264
0.285995
0.243917
0.200421
0.0783891
0.001
0.001
0.001
0.001
0.00274883
0.0320403
0.296436
0.845926
1
1
0.948465
1
0.883233
0.269585
0.00999625
0.001
0.001
0.203752
0.762838
0.860639
0.943307
1
1
0.930653
0.685252
0.225174
0.21221
0.647672
0.930653
1
1
0.943307
0.860363
0.758431
0.195182
0.001
0.001
0.00994997
0.269642
0.8842
1
0.948968
1
1
0.846547
0.296722
0.031915
0.00272764
0.001
0.001
0.001
0.001
0.001
0.001
0.001
0.144886
0.628821
0.982003
1
0.970601
1
0.958137
1
0.60698
0.166124
0.001
0.001
0.215208
0.752272
0.799756
0.920535
0.796629
0.910426
0.956644
0.777381
0.278252
0.265333
0.747973
0.956644
0.910426
0.796629
0.920535
0.799836
0.722666
0.202676
0.001
0.001
0.166141
0.606693
1
0.958056
1
0.970601
1
0.982003
0.628948
0.144911
0.001
0.001
0.001
0.001
0.001
0.001
0.001
0.0662653
0.415021
0.906595
1
1
0.905848
0.901664
0.894181
0.973609
0.796423
0.42635
0.0651693
0.001
0.0872161
0.284644
0.351954
0.272392
0.252315
0.28393
0.341058
0.296607
0.129473
0.123921
0.283047
0.328597
0.283371
0.252956
0.273697
0.343954
0.271717
0.0806734
0.001
0.0651468
0.426487
0.796423
0.973609
0.894164
0.901664
0.905848
1
1
0.906595
0.41504
0.0662567
0.001
0.001
0.001
0.001
0.001
0.001
0.15971
0.853651
1
1
0.860168
0.403264
0.612732
0.840188
0.915271
0.988045
0.812137
0.247567
0.001
0.001
0.001
0.001
0.001
0.001
0.001
0.001
0.001
0.001
0.001
0.001
0.001
0.001
0.001
0.001
0.001
0.001
0.001
0.001
0.247747
0.81221
0.98803
0.915271
0.839911
0.612526
0.403147
0.860168
1
1
0.853651
0.159715
0.001
0.001
0.001
0.001
0.001
0.001
0.265854
0.970005
0.981108
0.858156
0.354472
0.0960834
0.204031
0.65885
0.868246
0.934403
0.79539
0.302782
0.001
0.001
0.001
0.001
0.001
0.001
0.001
0.001
0.001
0.001
0.001
0.001
0.001
0.001
0.001
0.001
0.001
0.001
0.001
0.001
0.303122
0.795122
0.934339
0.868246
0.659366
0.204193
0.0960702
0.354483
0.858156
0.981108
0.970005
0.265879
0.001
0.001
0.001
0.001
0.001
0.001
0.24883
0.85184
0.867491
0.304117
0.0662436
0.001
0.0344239
0.138071
0.224188
0.31687
0.314551
0.14263
0.001
0.001
0.001
0.001
0.001
0.001
0.001
0.001
0.001
0.001
0.001
0.001
0.001
0.001
0.001
0.001
0.001
0.001
0.001
0.001
0.142832
0.314939
0.317125
0.224306
0.13815
0.0344433
0.001
0.0662498
0.304145
0.867492
0.85184
0.248851
0.001
0.001
0.001
0.001
0.001
0.001
0.112526
0.253716
0.218269
0.0625573
0.001
0.001
0.001
0.001
0.001
0.001
0.001
0.001
0.001
0.001
0.001
0.001
0.001
0.001
0.001
0.001
0.001
0.001
0.001
0.001
0.001
0.001
0.001
0.001
0.001
0.001
0.001
0.001
0.001
0.001
0.001
0.001
0.001
0.001
0.001
0.001
0.0625633
0.218287
0.253738
0.112535
0.001
0.001
0.001
0.001
0.001
0.001
0.001
0.001
0.001
0.001
0.001
0.001
0.001
0.001
0.001
0.001
0.001
0.001
0.001
0.001
0.001
0.001
0.001
0.001
0.001
0.001
0.001
0.001
0.001
0.001
0.001
0.001
0.001
0.001
0.001
0.001
0.001
0.001
0.001
0.001
0.001
0.001
0.001
0.001
0.001
0.001
0.001
0.001
0.001
0.001
0.001
0.001
0.001
0.001
0.001
0.001
0.001
0.001
0.001
0.001
0.001
0.001
0.001
0.001
0.001
0.001
0.001
0.001
0.001
0.001
0.001
0.001
0.001
0.001
0.001
0.001
0.001
0.001
0.001
0.001
0.001
0.001
0.001
0.001
0.001
0.001
0.001
0.001
0.001
0.001
0.001
0.001
0.001
0.001
0.001
0.001
0.001
0.001
0.001
0.001
0.001
0.001
0.001
0.001
0.001
0.001
0.001
0.001
0.001
0.001
0.001
0.001
0.001
0.001
0.001
0.001
0.001
0.001
0.001
0.001
0.001
0.001
0.001
0.001
0.001
0.001
0.001
0.001
0.001
0.001
0.001
0.001
0.001
0.001
0.001
0.001
0.001
0.001
0.001
0.001
0.001
0.001
0.001
0.001
0.001
0.001
0.001
0.001
0.001
0.001
0.001
0.001
0.001
0.001
0.001
0.001
0.001
0.001
0.001
0.001
0.001
0.001
0.001
0.001
0.001
0.001
0.001
0.001
0.001
0.001
0.001
0.001
0.001
0.001
0.001
0.001
0.001
0.001
0.001
0.001
0.001
0.001
0.001
0.001
0.001
0.001
0.001
0.001
0.001
0.001
0.001
0.001
0.001
0.001
0.001
0.001
0.001
0.001
0.001
0.001
0.001
0.001
0.001
0.001
0.001
0.001
0.112493
0.253656
0.218228
0.0625523
0.001
0.001
0.001
0.001
0.001
0.001
0.001
0.001
0.001
0.001
0.001
0.001
0.001
0.001
0.001
0.001
0.001
0.001
0.001
0.001
0.001
0.001
0.001
0.001
0.001
0.001
0.001
0.001
0.001
0.001
0.001
0.001
0.001
0.001
0.001
0.001
0.0625674
0.218287
0.253729
0.112529
0.001
0.001
0.001
0.001
0.001
0.001
0.248747
0.85184
0.867491
0.304024
0.0662186
0.001
0.0344401
0.138168
0.22435
0.317223
0.315016
0.142867
0.001
0.001
0.001
0.001
0.001
0.001
0.001
0.001
0.001
0.001
0.001
0.001
0.001
0.001
0.001
0.001
0.001
0.001
0.001
0.001
0.142942
0.315132
0.317279
0.224274
0.138153
0.0344558
0.001
0.0662447
0.304121
0.867491
0.85184
0.24883
0.001
0.001
0.001
0.001
0.001
0.001
0.265705
0.970005
0.981108
0.858156
0.354265
0.0960529
0.204179
0.659249
0.868246
0.934329
0.795095
0.30318
0.001
0.001
0.001
0.001
0.001
0.001
0.001
0.001
0.001
0.001
0.001
0.001
0.001
0.001
0.001
0.001
0.001
0.001
0.001
0.001
0.303178
0.794844
0.934268
0.868246
0.659039
0.204125
0.096053
0.354392
0.858156
0.981108
0.970005
0.265822
0.001
0.001
0.001
0.001
0.001
0.001
0.159542
0.853651
1
1
0.860168
0.403007
0.612781
0.840095
0.915271
0.988027
0.812217
0.247773
0.001
0.001
0.001
0.001
0.001
0.001
0.001
0.001
0.001
0.001
0.001
0.001
0.001
0.001
0.001
0.001
0.001
0.001
0.001
0.001
0.247638
0.812287
0.988013
0.915271
0.839907
0.612597
0.402974
0.860168
1
1
0.853651
0.159655
0.001
0.001
0.001
0.001
0.001
0.001
0.0661663
0.414542
0.906595
1
1
0.905848
0.901664
0.894156
0.973609
0.796423
0.42641
0.0651362
0.001
0.083804
0.277678
0.347637
0.273601
0.254024
0.283808
0.319366
0.269456
0.11738
0.112075
0.265452
0.322138
0.290126
0.253847
0.273105
0.34881
0.279854
0.0849607
0.001
0.0650266
0.426103
0.796423
0.973609
0.894141
0.901664
0.905848
1
1
0.906595
0.41487
0.0662339
0.001
0.001
0.001
0.001
0.001
0.001
0.001
0.144691
0.628986
0.982003
1
0.970601
1
0.958058
1
0.606849
0.166144
0.001
0.001
0.208486
0.73605
0.799858
0.920535
0.796629
0.910426
0.956644
0.703758
0.250526
0.236353
0.734581
0.956644
0.910426
0.796629
0.920535
0.799939
0.744192
0.210777
0.001
0.001
0.166056
0.606571
1
0.957982
1
0.970601
1
0.982003
0.629101
0.144842
0.001
0.001
0.001
0.001
0.001
0.001
0.001
0.00276717
0.0320596
0.296384
0.845784
1
1
0.948794
1
0.883984
0.269615
0.00997486
0.001
0.001
0.198912
0.76287
0.860369
0.943307
1
1
0.930653
0.613963
0.199815
0.185367
0.600179
0.930653
1
1
0.943307
0.860099
0.762203
0.200917
0.001
0.001
0.00992421
0.269272
0.883455
1
0.948411
1
1
0.846285
0.296641
0.031925
0.00275601
0.001
0.001
0.001
0.001
0.071508
0.188021
0.236933
0.28745
0.419368
0.698772
0.8
0.8
0.8
0.8
0.8
0.17647
0.00194884
0.001
0.001
0.0716359
0.466435
1
1
1
0.992245
0.5039
0.191954
0.0436874
0.0366692
0.185434
0.510349
0.992245
1
1
1
0.466543
0.0725137
0.001
0.001
0.00193885
0.176247
0.8
0.8
0.8
0.8
0.8
0.699672
0.418712
0.285597
0.241084
0.196341
0.0763608
0.001
0.001
0.191113
0.551883
0.701571
0.8
0.736806
0.706406
0.8
0.8
0.809187
0.801394
0.8
0.227483
0.00271572
0.001
0.001
0.00391342
0.354812
1
1
1
0.666522
0.139585
0.00201734
0.001
0.001
0.00200331
0.14242
0.668482
1
1
1
0.351782
0.00440717
0.001
0.001
0.00269854
0.227078
0.8
0.800783
0.808587
0.8
0.8
0.706406
0.736806
0.8
0.702162
0.554305
0.197814
0.001
0.001
0.18905
0.569979
0.699965
0.79537
0.8
0.8
0.8
0.84913
0.956911
0.972759
0.8
0.288493
0.00801034
0.001
0.001
0.0318617
0.435599
1
1
1
0.391002
0.0206224
0.001
0.001
0.001
0.001
0.0212402
0.390274
1
1
1
0.432724
0.0328792
0.001
0.001
0.00797168
0.287871
0.8
0.971973
0.956092
0.848344
0.8
0.8
0.8
0.795092
0.699977
0.573464
0.190654
0.001
0.001
0.0686237
0.187122
0.238841
0.26346
0.415417
0.764414
0.826376
0.984173
1
1
0.979957
0.433952
0.0637075
0.001
0.001
0.102483
0.621349
1
1
0.797252
0.189018
0.001
0.001
0.001
0.001
0.001
0.001
0.189594
0.798234
1
1
0.620972
0.102846
0.001
0.001
0.0636262
0.433295
0.97915
1
1
0.983025
0.825018
0.764414
0.415535
0.262151
0.235072
0.182309
0.0662563
0.001
0.001
0.001
0.00140652
0.00243285
0.0187591
0.124841
0.382878
0.8
1
1
1
1
0.825881
0.227586
0.0146148
0.001
0.184073
0.876549
1
1
0.642145
0.128597
0.001
0.001
0.001
0.001
0.001
0.001
0.128784
0.64293
1
1
0.877102
0.184039
0.001
0.0145923
0.227473
0.825423
1
1
1
1
0.8
0.38073
0.124002
0.0185844
0.00235741
0.00133123
0.001
0.001
0.001
0.001
0.001
0.001
0.001
0.00990424
0.161305
0.547115
0.99877
1
1
1
1
0.594085
0.107553
0.0128237
0.312969
1
1
1
0.396409
0.0497082
0.001
0.001
0.001
0.001
0.001
0.001
0.0497369
0.397229
1
1
1
0.314398
0.0130474
0.107473
0.593887
1
1
1
1
0.997457
0.546335
0.160848
0.00984564
0.001
0.001
0.001
0.001
0.001
0.001
0.001
0.001
0.001
0.001
0.0595037
0.230672
0.612986
0.86766
1
1
1
1
1
0.432233
0.163416
0.57462
1
1
0.962526
0.250768
0.0054258
0.001
0.001
0.001
0.001
0.001
0.001
0.00545167
0.251053
0.96448
1
1
0.577291
0.163783
0.43225
1
1
1
1
1
0.867998
0.610487
0.236185
0.0612802
0.001
0.001
0.001
0.001
0.001
0.001
0.001
0.001
0.001
0.001
0.192869
0.538484
0.675085
0.784494
1
1
1
1
1
0.962512
0.525595
0.89224
1
1
0.853158
0.185145
0.001
0.001
0.001
0.001
0.001
0.001
0.001
0.001
0.185321
0.855491
1
1
0.893603
0.526011
0.96256
1
1
1
1
1
0.784975
0.675085
0.539151
0.177207
0.001
0.001
0.001
0.001
0.001
0.001
0.001
0.001
0.001
0.001
0.214224
0.567159
0.588286
0.542087
0.945249
1
1
1
1
1
0.991156
1
1
1
0.677734
0.137274
0.001
0.001
0.001
0.001
0.001
0.001
0.001
0.001
0.137789
0.680373
1
1
1
0.99163
1
1
1
1
1
0.94642
0.548155
0.589572
0.532698
0.186243
0.001
0.001
0.001
0.001
0.001
0.001
0.001
0.001
0.001
0.001
0.089662
0.213881
0.216301
0.184718
0.478816
1
1
1
1
1
1
1
1
1
0.651798
0.136682
0.001
0.001
0.001
0.001
0.001
0.001
0.001
0.001
0.137138
0.654311
1
1
1
1
1
1
1
1
1
0.479402
0.1873
0.198678
0.184047
0.0738256
0.001
0.001
0.001
0.001
0.001
0.001
0.001
0.001
0.001
0.001
0.001
0.001
0.001
0.00594761
0.15828
0.712125
1
1
1
1
1
1
1
1
0.765969
0.172663
0.001
0.001
0.001
0.001
0.001
0.001
0.001
0.001
0.17301
0.768211
1
1
1
1
1
1
1
1
0.712829
0.158417
0.00593257
0.001
0.001
0.001
0.001
0.001
0.001
0.001
0.001
0.001
0.001
0.001
0.001
0.001
0.001
0.001
0.001
0.001
0.0389549
0.280893
0.998965
1
1
1
1
1
1
1
0.948325
0.22903
0.00133224
0.001
0.001
0.001
0.001
0.001
0.001
0.00132226
0.229478
0.94994
1
1
1
1
1
1
1
0.999699
0.281176
0.0389723
0.001
0.001
0.001
0.001
0.001
0.001
0.001
0.001
0.001
0.001
0.001
0.001
0.00115077
0.00111359
0.001
0.001
0.001
0.001
0.001
0.0719057
0.609312
1
1
1
1
1
1
1
1
0.384282
0.0232674
0.001
0.001
0.001
0.001
0.001
0.001
0.0232676
0.385051
1
1
1
1
1
1
1
1
0.610339
0.071998
0.001
0.001
0.001
0.001
0.001
0.00110624
0.00114375
0.001
0.001
0.001
0.001
0.001
0.0880129
0.198329
0.183534
0.110459
0.129131
0.149461
0.131472
0.129792
0.152995
0.419206
1
1
1
1
1
1
1
1
0.624862
0.0822047
0.0321392
0.0502448
0.0289476
0.0289571
0.0502612
0.0321524
0.0823193
0.62614
1
1
1
1
1
1
1
1
0.418412
0.151261
0.128058
0.129965
0.14838
0.128447
0.109955
0.18271
0.197456
0.087634
0.001
0.001
0.001
0.001
0.170671
0.548436
0.637763
0.794677
0.688132
0.647199
0.700508
0.718248
0.739318
0.790767
1
1
1
1
1
1
1
1
1
1
1
0.66565
0.195808
0.195895
0.666048
1
1
1
1
1
1
1
1
1
1
1
0.790765
0.739318
0.718251
0.700511
0.647201
0.688132
0.794677
0.637763
0.548435
0.169953
0.001
0.001
0.001
0.001
0.164096
0.787562
0.798535
0.8
0.8
0.917911
0.958661
0.968623
0.971604
0.986876
1
1
1
1
1
1
1
1
1
1
1
1
0.37656
0.376724
1
1
1
1
1
1
1
1
1
1
1
1
0.983776
0.967812
0.964619
0.954544
0.913902
0.8
0.8
0.798535
0.787562
0.163426
0.001
0.001
