0.001
0.001
0.163672
0.787562
0.798535
0.8
0.8
0.916125
0.956862
0.966922
0.970063
0.985854
1
1
1
1
1
1
1
1
1
1
1
1
0.376856
0.376805
1
1
1
1
1
1
1
1
1
1
1
1
0.986399
0.970531
0.967391
0.957334
0.916583
0.8
0.8
0.798535
0.787562
0.163529
0.001
0.001
0.001
0.001
0.170218
0.548436
0.637763
0.794677
0.688132
0.647186
0.700491
0.718234
0.739318
0.79076
1
1
1
1
1
1
1
1
1
1
1
0.666392
0.196074
0.196099
0.666393
1
1
1
1
1
1
1
1
1
1
1
0.790758
0.739318
0.718236
0.700494
0.647187
0.688132
0.794677
0.637763
0.548435
0.170066
0.001
0.001
0.001
0.001
0.087771
0.197765
0.182997
0.110129
0.128689
0.148758
0.130493
0.128688
0.151902
0.418871
1
1
1
1
1
1
1
1
0.625646
0.0822291
0.0322697
0.0504657
0.0290768
0.0291192
0.050538
0.0323099
0.0820938
0.625614
1
1
1
1
1
1
1
1
0.419802
0.152891
0.129775
0.131323
0.149045
0.128677
0.110008
0.182792
0.197552
0.0876823
0.001
0.001
0.001
0.001
0.001
0.00113888
0.00110162
0.001
0.001
0.001
0.001
0.001
0.0719765
0.610287
1
1
1
1
1
1
1
1
0.384737
0.0232395
0.001
0.001
0.001
0.001
0.001
0.001
0.0231462
0.384655
1
1
1
1
1
1
1
1
0.610162
0.07178
0.001
0.001
0.001
0.001
0.001
0.00108751
0.00112436
0.001
0.001
0.001
0.001
0.001
0.001
0.001
0.001
0.001
0.001
0.001
0.001
0.0390097
0.281225
1
1
1
1
1
1
1
1
0.949953
0.229282
0.00132612
0.001
0.001
0.001
0.001
0.001
0.001
0.00131789
0.229152
0.950947
1
1
1
1
1
1
1
1
0.280875
0.0387632
0.001
0.001
0.001
0.001
0.001
0.001
0.001
0.001
0.001
0.001
0.001
0.001
0.001
0.001
0.001
0.001
0.001
0.00598069
0.158493
0.71285
1
1
1
1
1
1
1
1
0.767274
0.172822
0.001
0.001
0.001
0.001
0.001
0.001
0.001
0.001
0.172599
0.767433
1
1
1
1
1
1
1
1
0.712358
0.15764
0.00574003
0.001
0.001
0.001
0.001
0.001
0.001
0.001
0.001
0.001
0.001
0.001
0.001
0.001
0.0780396
0.19157
0.202851
0.187223
0.47989
1
1
1
1
1
1
1
1
1
0.653149
0.136869
0.001
0.001
0.001
0.001
0.001
0.001
0.001
0.001
0.136611
0.653333
1
1
1
1
1
1
1
1
1
0.478799
0.185953
0.201239
0.190411
0.0777908
0.001
0.001
0.001
0.001
0.001
0.001
0.001
0.001
0.001
0.001
0.193545
0.51963
0.588611
0.547697
0.947421
1
1
1
1
1
0.992942
1
1
1
0.679264
0.137556
0.001
0.001
0.001
0.001
0.001
0.001
0.001
0.001
0.137618
0.680403
1
1
1
0.994144
1
1
1
1
1
0.947654
0.546611
0.589698
0.52617
0.19162
0.001
0.001
0.001
0.001
0.001
0.001
0.001
0.001
0.001
0.001
0.181429
0.535158
0.675085
0.784839
1
1
1
1
1
0.964265
0.526316
0.893891
1
1
0.854849
0.185384
0.001
0.001
0.001
0.001
0.001
0.001
0.001
0.001
0.18612
0.857954
1
1
0.897965
0.52702
0.964219
1
1
1
1
1
0.784519
0.675085
0.544052
0.178348
0.001
0.001
0.001
0.001
0.001
0.001
0.001
0.001
0.001
0.001
0.0611504
0.23518
0.612961
0.869394
1
1
1
1
1
0.432534
0.163795
0.576344
1
1
0.964303
0.251097
0.0054228
0.001
0.001
0.001
0.001
0.001
0.001
0.00539193
0.252101
0.968698
1
1
0.578218
0.163909
0.432693
1
1
1
1
1
0.869685
0.611663
0.232604
0.0593019
0.001
0.001
0.001
0.001
0.001
0.001
0.001
0.001
0.001
0.001
0.00964197
0.159923
0.545606
0.99964
1
1
1
1
0.594317
0.107477
0.0129511
0.313903
1
1
1
0.397139
0.0497828
0.001
0.001
0.001
0.001
0.001
0.001
0.0498157
0.398327
1
1
1
0.314957
0.0128365
0.107626
0.594493
1
1
1
1
0.999676
0.548459
0.162039
0.00980601
0.001
0.001
0.001
0.001
0.001
0.001
0.001
0.00134795
0.00234479
0.0185537
0.124
0.380799
0.8
1
1
1
1
0.826542
0.227745
0.0145825
0.001
0.184239
0.877597
1
1
0.643293
0.128878
0.001
0.001
0.001
0.001
0.001
0.001
0.129257
0.645968
1
1
0.882583
0.185367
0.001
0.0146152
0.227751
0.826379
1
1
1
1
0.8
0.381818
0.123892
0.0183716
0.00230649
0.00133211
0.001
0.001
0.001
0.0694725
0.188107
0.238316
0.261788
0.415372
0.764414
0.826475
0.98496
1
1
0.980799
0.433882
0.0637301
0.001
0.001
0.102683
0.621555
1
1
0.798642
0.189527
0.001
0.001
0.001
0.001
0.001
0.001
0.190626
0.803303
1
1
0.625904
0.103218
0.001
0.001
0.0637745
0.434189
0.98076
1
1
0.984934
0.826608
0.764414
0.41511
0.260372
0.239197
0.190951
0.0713856
0.001
0.001
0.193363
0.566965
0.699837
0.795628
0.8
0.8
0.8
0.849782
0.957772
0.973545
0.8
0.28819
0.00796286
0.001
0.001
0.0322298
0.434103
1
1
1
0.390976
0.0207827
0.001
0.001
0.001
0.001
0.0213922
0.396848
1
1
1
0.439833
0.0321339
0.001
0.001
0.0079946
0.288587
0.8
0.97357
0.95784
0.849907
0.8
0.8
0.8
0.795416
0.699875
0.564043
0.202094
0.001
0.001
0.196751
0.551591
0.701327
0.8
0.736806
0.706406
0.8
0.8
0.810068
0.8022
0.8
0.227415
0.00270163
0.001
0.001
0.00406199
0.353036
1
1
1
0.66639
0.142099
0.00223015
0.001
0.001
0.00193145
0.142574
0.668382
1
1
1
0.358698
0.00399599
0.001
0.001
0.00271542
0.227638
0.8
0.80237
0.810225
0.8
0.8
0.706406
0.736806
0.8
0.701636
0.572894
0.207714
0.001
0.001
0.0742357
0.1929
0.239511
0.286353
0.419552
0.697607
0.8
0.8
0.8
0.8
0.8
0.176501
0.00194015
0.001
0.001
0.0720889
0.466349
1
1
1
0.992245
0.521151
0.204304
0.0467184
0.0512832
0.214941
0.530406
0.992245
1
1
1
0.469108
0.0717447
0.001
0.001
0.0019458
0.176592
0.8
0.8
0.8
0.8
0.8
0.698565
0.419264
0.284023
0.243613
0.201604
0.0793052
0.001
0.001
0.001
0.00100293
0.00276986
0.0319241
0.296183
0.846097
1
1
0.950038
1
0.884612
0.269754
0.00999196
0.001
0.001
0.202428
0.760861
0.860639
0.943307
1
1
0.930653
0.649756
0.211717
0.220522
0.680321
0.930653
1
1
0.943307
0.860363
0.763048
0.199171
0.001
0.001
0.00995615
0.26987
0.885397
1
0.950539
1
1
0.847234
0.296668
0.0316044
0.00267345
0.001
0.001
0.001
0.001
0.001
0.001
0.001
0.144872
0.628821
0.982003
1
0.970601
1
0.958137
1
0.60698
0.166202
0.001
0.001
0.21367
0.749367
0.799756
0.920535
0.796629
0.910426
0.956644
0.748111
0.263682
0.273827
0.778116
0.956644
0.910426
0.796629
0.920535
0.799836
0.736611
0.208825
0.001
0.001
0.166301
0.606693
1
0.958056
1
0.970601
1
0.982003
0.628948
0.145058
0.001
0.001
0.001
0.001
0.001
0.001
0.001
0.0663289
0.415123
0.906595
1
1
0.905848
0.901664
0.894181
0.973609
0.796423
0.426568
0.0651988
0.001
0.0865542
0.283766
0.352082
0.273421
0.252827
0.284187
0.32842
0.281406
0.1226
0.128049
0.295807
0.341666
0.282654
0.251915
0.272704
0.3474
0.277853
0.0839881
0.001
0.0652092
0.426881
0.796423
0.973609
0.894164
0.901664
0.905848
1
1
0.906595
0.415528
0.066395
0.001
0.001
0.001
0.001
0.001
0.001
0.159755
0.853651
1
1
0.860168
0.403323
0.612732
0.840188
0.915271
0.988045
0.812137
0.247687
0.001
0.001
0.001
0.001
0.001
0.001
0.001
0.001
0.001
0.001
0.001
0.001
0.001
0.001
0.001
0.001
0.001
0.001
0.001
0.001
0.247968
0.81221
0.98803
0.915271
0.839911
0.612526
0.403337
0.860168
1
1
0.853651
0.159899
0.001
0.001
0.001
0.001
0.001
0.001
0.265905
0.970005
0.981108
0.858156
0.35459
0.0961041
0.203505
0.658011
0.868246
0.934403
0.79539
0.302927
0.001
0.001
0.001
0.001
0.001
0.001
0.001
0.001
0.001
0.001
0.001
0.001
0.001
0.001
0.001
0.001
0.001
0.001
0.001
0.001
0.30339
0.795122
0.934339
0.868246
0.658307
0.203566
0.0961045
0.354757
0.858156
0.981108
0.970005
0.26607
0.001
0.001
0.001
0.001
0.001
0.001
0.248917
0.85184
0.867491
0.304239
0.0662805
0.001
0.0340424
0.137582
0.223975
0.317045
0.314706
0.142696
0.001
0.001
0.001
0.001
0.001
0.001
0.001
0.001
0.001
0.001
0.001
0.001
0.001
0.001
0.001
0.001
0.001
0.001
0.001
0.001
0.14296
0.315222
0.317418
0.224026
0.137567
0.0340225
0.001
0.0663046
0.304361
0.867492
0.85184
0.249026
0.001
0.001
0.001
0.001
0.001
0.001
0.112568
0.253818
0.218364
0.0625921
0.001
0.001
0.001
0.001
0.001
0.001
0.001
0.001
0.001
0.001
0.001
0.001
0.001
0.001
0.001
0.001
0.001
0.001
0.001
0.001
0.001
0.001
0.001
0.001
0.001
0.001
0.001
0.001
0.001
0.001
0.001
0.001
0.001
0.001
0.001
0.001
0.0626065
0.218436
0.253911
0.112613
0.001
0.001
0.001
0.001
0.001
0.001
0.001
0.001
0.001
0.001
0.001
0.001
0.001
0.001
0.001
0.001
0.001
0.001
0.001
0.001
0.001
0.001
0.001
0.001
0.001
0.001
0.001
0.001
0.001
0.001
0.001
0.001
0.001
0.001
0.001
0.001
0.001
0.001
0.001
0.001
0.001
0.001
0.001
0.001
0.001
0.001
0.001
0.001
0.001
0.001
0.001
0.001
0.001
0.001
0.001
0.001
0.001
0.001
0.001
0.001
0.001
0.001
0.001
0.001
0.001
0.001
0.001
0.001
0.001
0.001
0.001
0.001
0.001
0.001
0.001
0.001
0.001
0.001
0.001
0.001
0.001
0.001
0.001
0.001
0.001
0.001
0.001
0.001
0.001
0.001
0.001
0.001
0.001
0.001
0.001
0.001
0.001
0.001
0.001
0.001
0.001
0.001
0.001
0.001
0.001
0.001
0.001
0.001
0.001
0.001
0.001
0.001
0.001
0.001
0.001
0.001
0.001
0.001
0.001
0.001
0.001
0.001
0.001
0.001
0.001
0.001
0.001
0.001
0.001
0.001
0.001
0.001
0.001
0.001
0.001
0.001
0.001
0.001
0.001
0.001
0.001
0.001
0.001
0.001
0.001
0.001
0.001
0.001
0.001
0.001
0.001
0.001
0.001
0.001
0.001
0.001
0.001
0.001
0.001
0.001
0.001
0.001
0.001
0.001
0.001
0.001
0.001
0.001
0.001
0.001
0.001
0.001
0.001
0.001
0.001
0.001
0.001
0.001
0.001
0.001
0.001
0.001
0.001
0.001
0.001
0.001
0.001
0.001
0.001
0.001
0.001
0.001
0.001
0.001
0.001
0.001
0.001
0.001
0.001
0.001
0.001
0.001
0.001
0.001
0.001
0.001
0.112547
0.253774
0.218329
0.0625835
0.001
0.001
0.001
0.001
0.001
0.001
0.001
0.001
0.001
0.001
0.001
0.001
0.001
0.001
0.001
0.001
0.001
0.001
0.001
0.001
0.001
0.001
0.001
0.001
0.001
0.001
0.001
0.001
0.001
0.001
0.001
0.001
0.001
0.001
0.001
0.001
0.0626112
0.218435
0.253901
0.112605
0.001
0.001
0.001
0.001
0.001
0.001
0.248869
0.85184
0.867491
0.304183
0.0662677
0.001
0.0340178
0.137605
0.224065
0.31734
0.315112
0.142907
0.001
0.001
0.001
0.001
0.001
0.001
0.001
0.001
0.001
0.001
0.001
0.001
0.001
0.001
0.001
0.001
0.001
0.001
0.001
0.001
0.143115
0.315516
0.317655
0.224139
0.137682
0.03407
0.001
0.0662946
0.304331
0.867491
0.85184
0.248998
0.001
0.001
0.001
0.001
0.001
0.001
0.265841
0.970005
0.981108
0.858156
0.354491
0.0960888
0.203558
0.658172
0.868246
0.934329
0.795095
0.303253
0.001
0.001
0.001
0.001
0.001
0.001
0.001
0.001
0.001
0.001
0.001
0.001
0.001
0.001
0.001
0.001
0.001
0.001
0.001
0.001
0.303578
0.794844
0.934268
0.868246
0.658435
0.203651
0.0960949
0.354644
0.858156
0.981108
0.970005
0.265999
0.001
0.001
0.001
0.001
0.001
0.001
0.159711
0.853651
1
1
0.860168
0.403174
0.612781
0.840095
0.915271
0.988027
0.812217
0.247827
0.001
0.001
0.001
0.001
0.001
0.001
0.001
0.001
0.001
0.001
0.001
0.001
0.001
0.001
0.001
0.001
0.001
0.001
0.001
0.001
0.247979
0.812287
0.988013
0.915271
0.839907
0.612597
0.403179
0.860168
1
1
0.853651
0.159795
0.001
0.001
0.001
0.001
0.001
0.001
0.0663145
0.415021
0.906595
1
1
0.905848
0.901664
0.894156
0.973609
0.796423
0.426507
0.0651487
0.001
0.0819709
0.273992
0.344999
0.273396
0.254312
0.290571
0.32196
0.265579
0.112321
0.117934
0.270371
0.31976
0.283459
0.253921
0.273543
0.34946
0.280378
0.0851141
0.001
0.0651139
0.426641
0.796423
0.973609
0.894141
0.901664
0.905848
1
1
0.906595
0.415234
0.0663255
0.001
0.001
0.001
0.001
0.001
0.001
0.001
0.144848
0.628986
0.982003
1
0.970601
1
0.958058
1
0.606849
0.166161
0.001
0.001
0.205178
0.728432
0.799858
0.920535
0.796629
0.910426
0.956644
0.736277
0.23698
0.251585
0.706109
0.956644
0.910426
0.796629
0.920535
0.799939
0.744688
0.211067
0.001
0.001
0.16625
0.606571
1
0.957982
1
0.970601
1
0.982003
0.629101
0.144949
0.001
0.001
0.001
0.001
0.001
0.001
0.0010429
0.00279532
0.0319559
0.296306
0.846188
1
1
0.950321
1
0.885191
0.269744
0.00996405
0.001
0.001
0.197125
0.762872
0.860369
0.943307
1
1
0.930653
0.601267
0.185882
0.200526
0.615427
0.930653
1
1
0.943307
0.860099
0.762182
0.200795
0.001
0.001
0.00993318
0.269684
0.885313
1
0.950381
1
1
0.847202
0.296668
0.0315821
0.00269865
0.001
0.001
0.001
0.001
0.0723752
0.189791
0.238005
0.286978
0.419368
0.698772
0.8
0.8
0.8
0.8
0.8
0.176463
0.00193654
0.001
0.001
0.0720418
0.465225
1
1
1
0.992245
0.510662
0.185662
0.0367261
0.0437284
0.192124
0.503786
0.992245
1
1
1
0.469067
0.0719678
0.001
0.001
0.00193744
0.176436
0.8
0.8
0.8
0.8
0.8
0.699672
0.418712
0.284816
0.239022
0.193966
0.0752034
0.001
0.001
0.192864
0.556967
0.701571
0.8
0.736806
0.706406
0.8
0.8
0.810252
0.802408
0.8
0.227419
0.00270093
0.001
0.001
0.00432815
0.351973
1
1
1
0.666522
0.141961
0.00200895
0.001
0.001
0.00197544
0.139851
0.668482
1
1
1
0.357304
0.00390767
0.001
0.001
0.00270424
0.22743
0.8
0.802346
0.810206
0.8
0.8
0.706406
0.736806
0.8
0.702162
0.556488
0.199291
0.001
0.001
0.190278
0.569002
0.699965
0.79537
0.8
0.8
0.8
0.85026
0.958118
0.973763
0.8
0.288286
0.0079557
0.001
0.001
0.0327514
0.433191
1
1
1
0.389956
0.0207278
0.001
0.001
0.001
0.001
0.0211616
0.393444
1
1
1
0.437907
0.031797
0.001
0.001
0.00796044
0.288332
0.8
0.973627
0.958018
0.850246
0.8
0.8
0.8
0.795092
0.699977
0.565263
0.195846
0.001
0.001
0.068727
0.186975
0.238129
0.262756
0.415417
0.764414
0.827367
0.985592
1
1
0.980988
0.434028
0.0637467
0.001
0.001
0.10292
0.62191
1
1
0.799317
0.189742
0.001
0.001
0.001
0.001
0.001
0.001
0.189504
0.799224
1
1
0.623174
0.102731
0.001
0.001
0.0637622
0.434075
0.980876
1
1
0.98539
0.827371
0.764414
0.415535
0.262422
0.23962
0.189682
0.0703652
0.001
0.001
0.001
0.00134734
0.00235776
0.0186028
0.124507
0.382449
0.8
1
1
1
1
0.826452
0.227659
0.014553
0.001
0.184316
0.878363
1
1
0.643773
0.128929
0.001
0.001
0.001
0.001
0.001
0.001
0.12877
0.64339
1
1
0.878729
0.184603
0.001
0.0145302
0.227631
0.826438
1
1
1
1
0.8
0.383082
0.124569
0.0186325
0.00236872
0.00136637
0.001
0.001
0.001
0.001
0.001
0.001
0.001
0.00975747
0.161433
0.547873
1
1
1
1
1
0.593964
0.107376
0.0130432
0.314705
1
1
1
0.397597
0.0497592
0.001
0.001
0.001
0.001
0.001
0.001
0.04971
0.396869
1
1
1
0.313422
0.0127722
0.107345
0.593937
1
1
1
1
1
0.550404
0.162991
0.00980041
0.001
0.001
0.001
0.001
0.001
0.001
0.001
0.001
0.001
0.001
0.0581551
0.228666
0.612986
0.869936
1
1
1
1
1
0.432269
0.163931
0.577884
1
1
0.965679
0.251326
0.0054388
0.001
0.001
0.001
0.001
0.001
0.001
0.00539234
0.251116
0.964531
1
1
0.575359
0.163556
0.432305
1
1
1
1
1
0.871246
0.612005
0.223964
0.0550586
0.001
0.001
0.001
0.001
0.001
0.001
0.001
0.001
0.001
0.001
0.189426
0.539788
0.675085
0.784494
1
1
1
1
1
0.963875
0.526387
0.895042
1
1
0.856338
0.185524
0.001
0.001
0.001
0.001
0.001
0.001
0.001
0.001
0.185483
0.854506
1
1
0.894444
0.526145
0.964151
1
1
1
1
1
0.784975
0.675085
0.549994
0.188954
0.001
0.001
0.001
0.001
0.001
0.001
0.001
0.001
0.001
0.001
0.211199
0.557227
0.588286
0.542597
0.946774
1
1
1
1
1
0.993017
1
1
1
0.680694
0.137794
0.001
0.001
0.001
0.001
0.001
0.001
0.001
0.001
0.137309
0.67819
1
1
1
0.992977
1
1
1
1
1
0.946554
0.538852
0.589572
0.561261
0.214799
0.001
0.001
0.001
0.001
0.001
0.001
0.001
0.001
0.001
0.001
0.0888236
0.211364
0.213931
0.184861
0.479679
1
1
1
1
1
1
1
1
1
0.654372
0.137042
0.001
0.001
0.001
0.001
0.001
0.001
0.001
0.001
0.136524
0.65181
1
1
1
1
1
1
1
1
1
0.479179
0.182359
0.214862
0.215993
0.0916819
0.001
0.001
0.001
0.001
0.001
0.001
0.001
0.001
0.001
0.001
0.001
0.001
0.001
0.00598672
0.158553
0.712902
1
1
1
1
1
1
1
1
0.768312
0.172939
0.001
0.001
0.001
0.001
0.001
0.001
0.001
0.001
0.172533
0.766051
1
1
1
1
1
1
1
1
0.712815
0.15875
0.00602492
0.001
0.001
0.001
0.001
0.001
0.001
0.001
0.001
0.001
0.001
0.001
0.001
0.001
0.001
0.001
0.001
0.001
0.0390445
0.281335
1
1
1
1
1
1
1
1
0.950791
0.229451
0.00132024
0.001
0.001
0.001
0.001
0.001
0.001
0.00132887
0.228959
0.949345
1
1
1
1
1
1
1
1
0.281327
0.0391342
0.001
0.001
0.001
0.001
0.001
0.001
0.001
0.001
0.001
0.001
0.001
0.001
0.00113943
0.00110248
0.001
0.001
0.001
0.001
0.001
0.0720713
0.610596
1
1
1
1
1
1
1
1
0.385058
0.0232204
0.001
0.001
0.001
0.001
0.001
0.001
0.0232112
0.384274
1
1
1
1
1
1
1
1
0.610064
0.072044
0.001
0.001
0.001
0.001
0.001
0.00110221
0.00113909
0.001
0.001
0.001
0.001
0.001
0.0879549
0.198188
0.183398
0.110383
0.129064
0.149384
0.131412
0.129748
0.152989
0.419875
1
1
1
1
1
1
1
1
0.626214
0.0822524
0.0323064
0.0505272
0.0291129
0.0291081
0.0505186
0.0322978
0.0821269
0.624942
1
1
1
1
1
1
1
1
0.419637
0.153133
0.12988
0.131519
0.149463
0.129115
0.110419
0.183453
0.198246
0.0879803
0.001
0.001
0.001
0.001
0.170573
0.548436
0.637763
0.794677
0.688132
0.647199
0.700508
0.718248
0.739318
0.790767
1
1
1
1
1
1
1
1
1
1
1
0.666543
0.19612
0.196037
0.666149
1
1
1
1
1
1
1
1
1
1
1
0.790765
0.739318
0.718251
0.700511
0.647201
0.688132
0.794677
0.637763
0.548435
0.170623
0.001
0.001
0.001
0.001
0.164001
0.787562
0.798535
0.8
0.8
0.918401
0.959195
0.969203
0.972241
0.987738
1
1
1
1
1
1
1
1
1
1
1
1
0.37687
0.376702
1
1
1
1
1
1
1
1
1
1
1
1
0.987992
0.972597
0.96957
0.959565
0.918757
0.8
0.8
0.798535
0.787562
0.164048
0.001
0.001
