0.001
0.001
0.26863
0.987562
0.998535
1
1
1
1
1
1
1
1
1
1
1
1
1
1
1
1
1
1
1
0.391632
0.39205
1
1
1
1
1
1
1
1
1
1
1
1
1
1
1
1
1
1
1
0.998535
0.987562
0.268853
0.001
0.001
0.001
0.001
0.252785
0.748436
0.837763
0.994677
0.888132
0.847186
0.900491
0.918234
0.939318
0.99076
1
1
1
1
1
1
1
1
1
1
1
0.69865
0.207328
0.207439
0.69933
1
1
1
1
1
1
1
1
1
1
1
0.990758
0.939318
0.918236
0.900494
0.847187
0.888132
0.994677
0.837763
0.748435
0.253025
0.001
0.001
0.001
0.001
0.120131
0.293549
0.299974
0.219603
0.238138
0.228764
0.159094
0.14621
0.178024
0.459293
1
1
1
1
1
1
1
1
0.645654
0.0833376
0.036676
0.0578301
0.0333692
0.0333087
0.057727
0.0366231
0.0837564
0.647769
1
1
1
1
1
1
1
1
0.462008
0.181102
0.149218
0.161701
0.230374
0.238797
0.219831
0.300321
0.293883
0.12026
0.001
0.001
0.001
0.001
0.001
0.001
0.001
0.001
0.001
0.001
0.001
0.001
0.0743352
0.639076
1
1
1
1
1
1
1
1
0.399931
0.0227168
0.001
0.001
0.001
0.001
0.001
0.001
0.0229102
0.401259
1
1
1
1
1
1
1
1
0.63985
0.0745584
0.001
0.001
0.001
0.001
0.001
0.001
0.001
0.001
0.001
0.001
0.001
0.001
0.001
0.001
0.001
0.001
0.001
0.001
0.001
0.0407369
0.293923
1
1
1
1
1
1
1
1
0.998846
0.241735
0.00121594
0.001
0.001
0.001
0.001
0.001
0.001
0.00123149
0.242661
1
1
1
1
1
1
1
1
1
0.294229
0.0408165
0.001
0.001
0.001
0.001
0.001
0.001
0.001
0.001
0.001
0.001
0.001
0.001
0.001
0.001
0.001
0.001
0.001
0.00849422
0.165308
0.73995
1
1
1
1
1
1
1
1
0.798045
0.178775
0.001
0.001
0.001
0.001
0.001
0.001
0.001
0.001
0.179792
0.801403
1
1
1
1
1
1
1
1
0.740243
0.165413
0.00844026
0.001
0.001
0.001
0.001
0.001
0.001
0.001
0.001
0.001
0.001
0.001
0.001
0.001
0.0998396
0.266748
0.298351
0.240912
0.490485
1
1
1
1
1
1
1
1
1
0.675421
0.136296
0.001
0.001
0.001
0.001
0.001
0.001
0.001
0.001
0.13727
0.678754
1
1
1
1
1
1
1
1
1
0.491532
0.239319
0.272498
0.228936
0.0806133
0.001
0.001
0.001
0.001
0.001
0.001
0.001
0.001
0.001
0.001
0.252633
0.737246
0.788611
0.711431
0.976084
1
1
1
1
1
1
1
1
1
0.736458
0.149642
0.001
0.001
0.001
0.001
0.001
0.001
0.001
0.001
0.150371
0.739533
1
1
1
1
1
1
1
1
1
0.976554
0.70461
0.789292
0.650207
0.215814
0.001
0.001
0.001
0.001
0.001
0.001
0.001
0.001
0.001
0.001
0.238716
0.741065
0.875085
0.984839
1
1
1
1
1
1
0.579564
1
1
1
0.965029
0.214341
0.001
0.001
0.001
0.001
0.001
0.001
0.001
0.001
0.214709
0.967614
1
1
1
0.579604
1
1
1
1
1
1
0.984519
0.875085
0.722293
0.213273
0.001
0.001
0.001
0.001
0.001
0.001
0.001
0.001
0.001
0.001
0.0799909
0.367211
0.812961
1
1
1
1
1
1
0.457737
0.188896
0.643418
1
1
1
0.2808
0.00426175
0.001
0.001
0.001
0.001
0.001
0.001
0.004345
0.281377
1
1
1
0.645075
0.189094
0.457501
1
1
1
1
1
1
0.811663
0.36071
0.0771848
0.001
0.001
0.001
0.001
0.001
0.001
0.001
0.001
0.001
0.001
0.00644368
0.225057
0.66929
1
1
1
1
1
0.623327
0.109899
0.0110312
0.340156
1
1
1
0.431028
0.0502073
0.001
0.001
0.001
0.001
0.001
0.001
0.0503294
0.432624
1
1
1
0.341526
0.0112309
0.109822
0.622928
1
1
1
1
1
0.669123
0.224935
0.00638105
0.001
0.001
0.001
0.001
0.001
0.001
0.001
0.001
0.001
0.0127075
0.160442
0.547525
1
1
1
1
1
0.884111
0.239946
0.0147537
0.001
0.209347
0.983719
1
1
0.713658
0.137663
0.001
0.001
0.001
0.001
0.001
0.001
0.13818
0.716414
1
1
0.986892
0.209819
0.001
0.0147323
0.239733
0.88385
1
1
1
1
1
0.548556
0.160258
0.0126566
0.001
0.001
0.001
0.001
0.001
0.0948264
0.268272
0.357862
0.396693
0.615372
0.964414
1
1
1
1
1
0.494207
0.0650117
0.001
0.001
0.113722
0.688889
1
1
0.867402
0.193322
0.00146894
0.001
0.001
0.001
0.001
0.00146924
0.194472
0.871364
1
1
0.690649
0.114017
0.001
0.001
0.0649182
0.49459
1
1
1
1
1
0.964414
0.61511
0.397028
0.357336
0.26711
0.0942362
0.001
0.001
0.251009
0.760644
0.899837
0.995628
1
1
1
1
1
1
1
0.42079
0.00479979
0.001
0.001
0.0303502
0.40383
1
1
0.905959
0.298554
0.0243816
0.001
0.001
0.001
0.001
0.0246997
0.29991
0.909898
1
1
0.403988
0.0306515
0.001
0.001
0.00477057
0.421289
1
1
1
1
1
1
1
0.995416
0.899875
0.761961
0.248034
0.001
0.001
0.246389
0.737364
0.901327
1
0.936806
0.906406
1
1
1
1
1
0.415429
0.001
0.001
0.001
0.00650756
0.251026
0.8
0.940831
0.823785
0.46639
0.107491
0.00473844
0.001
0.001
0.00506758
0.110314
0.468382
0.827996
0.945326
0.8
0.251003
0.00669552
0.001
0.001
0.001
0.415586
1
1
1
1
1
0.906406
0.936806
1
0.901636
0.727735
0.242316
0.001
0.001
0.088273
0.248901
0.335169
0.441248
0.619552
0.897607
1
1
1
1
1
0.331578
0.001
0.001
0.001
0.0615321
0.315959
0.8
0.8
0.8
0.792245
0.347268
0.180838
0.055949
0.0523571
0.183177
0.358529
0.792245
0.8
0.8
0.8
0.315793
0.0613831
0.001
0.001
0.001
0.331539
1
1
1
1
1
0.898565
0.619264
0.441231
0.332478
0.244857
0.086129
0.001
0.001
0.001
0.001
0.001
0.0336103
0.243668
0.690675
1
1
1
1
1
0.30673
0.0121109
0.001
0.001
0.170656
0.561014
0.660639
0.743307
0.8
0.8
0.730653
0.569621
0.219622
0.198943
0.536672
0.730653
0.8
0.8
0.743307
0.660363
0.563867
0.169403
0.001
0.001
0.0120603
0.306652
1
1
1
1
1
0.691318
0.24399
0.0336298
0.001
0.001
0.001
0.001
0.001
0.001
0.001
0.0025762
0.115617
0.428821
0.782003
0.8
0.770601
0.8
0.758137
0.8
0.40698
0.111169
0.00163728
0.001
0.183233
0.566311
0.599756
0.720535
0.596629
0.710426
0.756644
0.646122
0.2624
0.227198
0.590431
0.756644
0.710426
0.596629
0.720535
0.599836
0.562493
0.181541
0.001
0.00162999
0.11105
0.406693
0.8
0.758056
0.8
0.770601
0.8
0.782003
0.428948
0.115785
0.00258061
0.001
0.001
0.001
0.001
0.001
0.001
0.043974
0.259085
0.706595
0.8
0.8
0.705848
0.701664
0.694181
0.773609
0.596423
0.262959
0.0434629
0.001
0.0772167
0.219345
0.241604
0.151953
0.124223
0.144358
0.238064
0.247112
0.118252
0.0965373
0.209424
0.213889
0.147948
0.124011
0.151014
0.23926
0.217074
0.0764195
0.001
0.0433558
0.262679
0.596423
0.773609
0.694164
0.701664
0.705848
0.8
0.8
0.706595
0.259353
0.044032
0.001
0.001
0.001
0.001
0.001
0.001
0.0935638
0.653651
0.8
0.8
0.660168
0.248334
0.412732
0.640188
0.715271
0.788045
0.612137
0.158161
0.001
0.001
0.00201753
0.00259996
0.00210096
0.00115741
0.00173651
0.00197697
0.00149356
0.001
0.001
0.00167414
0.00219782
0.00190332
0.00119253
0.00206635
0.00256016
0.00198988
0.001
0.001
0.158111
0.61221
0.78803
0.715271
0.639911
0.412526
0.248308
0.660168
0.8
0.8
0.653651
0.0936419
0.001
0.001
0.001
0.001
0.001
0.001
0.149875
0.770005
0.781108
0.658156
0.200054
0.0672407
0.182833
0.469597
0.668246
0.734403
0.59539
0.193114
0.00123083
0.001
0.001
0.001
0.001
0.001
0.001
0.001
0.001
0.001
0.001
0.001
0.001
0.001
0.001
0.001
0.001
0.001
0.001
0.00123048
0.193219
0.595122
0.734339
0.668246
0.46969
0.182889
0.0672383
0.200121
0.658156
0.781108
0.770005
0.149949
0.001
0.001
0.001
0.001
0.001
0.001
0.141038
0.65184
0.667491
0.172657
0.0385746
0.00102053
0.0442943
0.12136
0.146143
0.182932
0.196223
0.0920394
0.001
0.001
0.001
0.001
0.001
0.001
0.001
0.001
0.001
0.001
0.001
0.001
0.001
0.001
0.001
0.001
0.001
0.001
0.001
0.001
0.0921555
0.196415
0.183019
0.146141
0.121401
0.0443191
0.00102009
0.0385882
0.172721
0.667492
0.65184
0.141096
0.001
0.001
0.001
0.001
0.001
0.001
0.0641807
0.144976
0.125258
0.0364918
0.001
0.001
0.001
0.001
0.00112215
0.00192495
0.00199131
0.00127178
0.001
0.001
0.001
0.001
0.001
0.001
0.001
0.001
0.001
0.001
0.001
0.001
0.001
0.001
0.001
0.001
0.001
0.001
0.001
0.001
0.00127425
0.00199448
0.00192737
0.00112286
0.001
0.001
0.001
0.001
0.0365039
0.125303
0.145031
0.0642062
0.001
0.001
0.001
0.001
0.001
0.001
0.001
0.001
0.001
0.001
0.001
0.001
0.001
0.001
0.001
0.001
0.001
0.001
0.001
0.001
0.001
0.001
0.001
0.001
0.001
0.001
0.001
0.001
0.001
0.001
0.001
0.001
0.001
0.001
0.001
0.001
0.001
0.001
0.001
0.001
0.001
0.001
0.001
0.001
0.001
0.001
0.001
0.001
0.001
0.001
0.001
0.001
0.001
0.001
0.001
0.001
0.001
0.001
0.001
0.001
0.001
0.001
0.001
0.001
0.001
0.001
0.001
0.001
0.001
0.001
0.001
0.001
0.001
0.001
0.001
0.001
0.001
0.001
0.001
0.001
0.001
0.001
0.001
0.001
0.001
0.001
0.001
0.001
0.001
0.001
0.001
0.001
0.001
0.001
0.001
0.001
0.001
0.001
0.001
0.001
0.001
0.001
0.001
0.001
0.001
0.001
0.001
0.001
0.001
0.001
0.001
0.001
0.001
0.001
0.001
0.001
0.001
0.001
0.001
0.001
0.001
0.001
0.001
0.001
0.001
0.001
0.001
0.001
0.001
0.001
0.001
0.001
0.001
0.001
0.001
0.001
0.001
0.001
0.001
0.001
0.001
0.001
0.001
0.001
0.001
0.001
0.001
0.001
0.001
0.001
0.001
0.001
0.001
0.001
0.001
0.001
0.001
0.001
0.001
0.001
0.001
0.001
0.001
0.001
0.001
0.001
0.001
0.001
0.001
0.001
0.001
0.001
0.001
0.001
0.001
0.001
0.001
0.001
0.001
0.001
0.001
0.001
0.001
0.001
0.001
0.001
0.001
0.001
0.001
0.001
0.001
0.001
0.001
0.001
0.001
0.001
0.001
0.001
0.001
0.001
0.001
0.001
0.001
0.001
0.001
0.001
0.0641465
0.14491
0.12521
0.036482
0.001
0.001
0.001
0.001
0.00112558
0.00193184
0.00199898
0.00127703
0.001
0.001
0.001
0.001
0.001
0.001
0.001
0.001
0.001
0.001
0.001
0.001
0.001
0.001
0.001
0.001
0.001
0.001
0.001
0.001
0.00128525
0.00201086
0.00194242
0.00113073
0.001
0.001
0.001
0.001
0.0365113
0.125324
0.145052
0.064215
0.001
0.001
0.001
0.001
0.001
0.001
0.140951
0.65184
0.667491
0.172547
0.0385386
0.0010172
0.0443156
0.121407
0.146182
0.183149
0.196549
0.0922193
0.001
0.001
0.001
0.001
0.001
0.001
0.001
0.001
0.001
0.001
0.001
0.001
0.001
0.001
0.001
0.001
0.001
0.001
0.001
0.001
0.0924461
0.196971
0.183439
0.146217
0.121413
0.0443109
0.00102051
0.0385903
0.172737
0.667491
0.65184
0.141112
0.001
0.001
0.001
0.001
0.001
0.001
0.149722
0.770005
0.781108
0.658156
0.199829
0.067193
0.182881
0.469644
0.668246
0.734329
0.595095
0.193337
0.00123327
0.001
0.001
0.001
0.001
0.001
0.001
0.001
0.001
0.001
0.001
0.001
0.001
0.001
0.001
0.001
0.001
0.001
0.001
0.0012398
0.193673
0.594844
0.734268
0.668246
0.469769
0.18292
0.06724
0.200099
0.658156
0.781108
0.770005
0.149952
0.001
0.001
0.001
0.001
0.001
0.001
0.0933341
0.653651
0.8
0.8
0.660168
0.248056
0.412781
0.640095
0.715271
0.788027
0.612217
0.1582
0.001
0.001
0.00204789
0.00262527
0.00210709
0.00113206
0.00185621
0.00220987
0.00173864
0.001
0.00104368
0.00241499
0.00290937
0.00227145
0.00112139
0.00208154
0.00259234
0.00202107
0.001
0.001
0.158376
0.612287
0.788013
0.715271
0.639907
0.412597
0.248233
0.660168
0.8
0.8
0.653651
0.0936222
0.001
0.001
0.001
0.001
0.001
0.001
0.0437793
0.258322
0.706595
0.8
0.8
0.705848
0.701664
0.694156
0.773609
0.596423
0.262759
0.0433802
0.001
0.0772554
0.21898
0.240901
0.151268
0.123244
0.145712
0.210721
0.20789
0.096695
0.081676
0.186533
0.203294
0.151962
0.123911
0.150877
0.241007
0.219701
0.0777197
0.001
0.0433868
0.262891
0.596423
0.773609
0.694141
0.701664
0.705848
0.8
0.8
0.706595
0.25924
0.044014
0.001
0.001
0.001
0.001
0.001
0.001
0.00255446
0.115187
0.428986
0.782003
0.8
0.770601
0.8
0.758058
0.8
0.406849
0.111115
0.00163271
0.001
0.183049
0.563849
0.599858
0.720535
0.596629
0.710426
0.756644
0.567315
0.224754
0.194318
0.580177
0.756644
0.710426
0.596629
0.720535
0.599939
0.565601
0.183838
0.001
0.00163706
0.11119
0.406571
0.8
0.757982
0.8
0.770601
0.8
0.782003
0.429101
0.11569
0.00257923
0.001
0.001
0.001
0.001
0.001
0.001
0.001
0.0335758
0.243405
0.690303
1
1
1
1
1
0.306464
0.012091
0.001
0.001
0.170194
0.562088
0.660369
0.743307
0.8
0.8
0.730653
0.523308
0.195936
0.174046
0.486632
0.730653
0.8
0.8
0.743307
0.660099
0.561696
0.170834
0.001
0.001
0.012072
0.306439
1
1
1
1
1
0.69145
0.243968
0.0334621
0.001
0.001
0.001
0.001
0.001
0.0846635
0.243619
0.334344
0.445296
0.619368
0.898772
1
1
1
1
1
0.331235
0.001
0.001
0.001
0.0611561
0.314655
0.8
0.8
0.8
0.792245
0.346494
0.177052
0.0534919
0.0512785
0.172952
0.349477
0.792245
0.8
0.8
0.8
0.317671
0.0615241
0.001
0.001
0.001
0.331319
1
1
1
1
1
0.899672
0.618712
0.439483
0.331857
0.245762
0.0871203
0.001
0.001
0.239757
0.757395
0.901571
1
0.936806
0.906406
1
1
1
1
1
0.415024
0.001
0.001
0.001
0.00642265
0.24962
0.8
0.940743
0.822467
0.466522
0.106863
0.00497447
0.001
0.001
0.00474522
0.107867
0.468482
0.831605
0.950159
0.8
0.253975
0.00672804
0.001
0.001
0.001
0.415217
1
1
1
1
1
0.906406
0.936806
1
0.902162
0.730958
0.244399
0.001
0.001
0.247038
0.773709
0.899965
0.99537
1
1
1
1
1
1
1
0.420503
0.00479259
0.001
0.001
0.0302172
0.402239
1
1
0.904698
0.296356
0.0238439
0.001
0.001
0.001
0.001
0.0242067
0.301567
0.91249
1
1
0.40755
0.0309568
0.001
0.001
0.00479197
0.420739
1
1
1
1
1
1
1
0.995092
0.899977
0.757575
0.249888
0.001
0.001
0.0949806
0.270554
0.362494
0.401061
0.615417
0.964414
1
1
1
1
1
0.494053
0.0650033
0.001
0.001
0.113482
0.687718
1
1
0.866332
0.192808
0.00142715
0.001
0.001
0.001
0.001
0.0015166
0.195362
0.874139
1
1
0.693394
0.11449
0.001
0.001
0.0649819
0.494163
1
1
1
1
1
0.964414
0.615535
0.397162
0.358037
0.268183
0.0949076
0.001
0.001
0.001
0.001
0.001
0.0127732
0.160887
0.548203
1
1
1
1
1
0.884132
0.239958
0.014749
0.001
0.209023
0.982657
1
1
0.712783
0.137269
0.001
0.001
0.001
0.001
0.001
0.001
0.138166
0.717002
1
1
0.989675
0.210507
0.001
0.0147619
0.239892
0.883915
1
1
1
1
1
0.548183
0.160579
0.0127503
0.001
0.001
0.001
0.001
0.001
0.001
0.001
0.001
0.001
0.00647565
0.225195
0.669633
1
1
1
1
1
0.623361
0.109884
0.0110806
0.339851
1
1
1
0.430794
0.0500443
0.001
0.001
0.001
0.001
0.001
0.001
0.0500871
0.432438
1
1
1
0.342348
0.0112237
0.109903
0.623255
1
1
1
1
1
0.670596
0.225874
0.00650082
0.001
0.001
0.001
0.001
0.001
0.001
0.001
0.001
0.001
0.001
0.0813198
0.369625
0.812986
1
1
1
1
1
1
0.457773
0.188937
0.642822
1
1
1
0.280773
0.00427912
0.001
0.001
0.001
0.001
0.001
0.001
0.00432727
0.281383
1
1
1
0.64613
0.189163
0.457803
1
1
1
1
1
1
0.812005
0.365723
0.0789911
0.001
0.001
0.001
0.001
0.001
0.001
0.001
0.001
0.001
0.001
0.243039
0.744965
0.875085
0.984494
1
1
1
1
1
1
0.579457
1
1
1
0.964603
0.214316
0.001
0.001
0.001
0.001
0.001
0.001
0.001
0.001
0.214642
0.968475
1
1
1
0.579981
1
1
1
1
1
1
0.984975
0.875085
0.740542
0.23826
0.001
0.001
0.001
0.001
0.001
0.001
0.001
0.001
0.001
0.001
0.257123
0.744743
0.788286
0.711525
0.975845
1
1
1
1
1
1
1
1
1
0.736541
0.149762
0.001
0.001
0.001
0.001
0.001
0.001
0.001
0.001
0.150223
0.739861
1
1
1
1
1
1
1
1
1
0.97558
0.710388
0.789572
0.738605
0.25327
0.001
0.001
0.001
0.001
0.001
0.001
0.001
0.001
0.001
0.001
0.101452
0.270235
0.300724
0.240677
0.49006
1
1
1
1
1
1
1
1
1
0.67588
0.13665
0.001
0.001
0.001
0.001
0.001
0.001
0.001
0.001
0.13686
0.678653
1
1
1
1
1
1
1
1
1
0.489522
0.239892
0.298673
0.268113
0.100487
0.001
0.001
0.001
0.001
0.001
0.001
0.001
0.001
0.001
0.001
0.001
0.001
0.001
0.00849434
0.165184
0.739703
1
1
1
1
1
1
1
1
0.798678
0.179221
0.001
0.001
0.001
0.001
0.001
0.001
0.001
0.001
0.179354
0.801219
1
1
1
1
1
1
1
1
0.739834
0.164927
0.00838339
0.001
0.001
0.001
0.001
0.001
0.001
0.001
0.001
0.001
0.001
0.001
0.001
0.001
0.001
0.001
0.001
0.001
0.0407042
0.293841
1
1
1
1
1
1
1
1
0.998925
0.242094
0.00122772
0.001
0.001
0.001
0.001
0.001
0.001
0.00121766
0.242377
1
1
1
1
1
1
1
1
1
0.293944
0.0406548
0.001
0.001
0.001
0.001
0.001
0.001
0.001
0.001
0.001
0.001
0.001
0.001
0.001
0.001
0.001
0.001
0.001
0.001
0.001
0.0743179
0.638913
1
1
1
1
1
1
1
1
0.40028
0.0228357
0.001
0.001
0.001
0.001
0.001
0.001
0.0227795
0.401071
1
1
1
1
1
1
1
1
0.639737
0.0743282
0.001
0.001
0.001
0.001
0.001
0.001
0.001
0.001
0.001
0.001
0.001
0.001
0.120031
0.293311
0.29974
0.219456
0.23793
0.228422
0.158634
0.145682
0.177474
0.458775
1
1
1
1
1
1
1
1
0.646091
0.0835323
0.0366048
0.0577033
0.0332951
0.0333332
0.0577685
0.0366439
0.0835667
0.647628
1
1
1
1
1
1
1
1
0.459617
0.177873
0.146147
0.159074
0.228776
0.238163
0.219626
0.3
0.293574
0.120141
0.001
0.001
0.001
0.001
0.252586
0.748436
0.837763
0.994677
0.888132
0.847199
0.900508
0.918248
0.939318
0.990767
1
1
1
1
1
1
1
1
1
1
1
0.698586
0.207256
0.207372
0.699056
1
1
1
1
1
1
1
1
1
1
1
0.990765
0.939318
0.918251
0.900511
0.847201
0.888132
0.994677
0.837763
0.748435
0.252807
0.001
0.001
0.001
0.001
0.26843
0.987562
0.998535
1
1
1
1
1
1
1
1
1
1
1
1
1
1
1
1
1
1
1
0.391653
0.391832
1
1
1
1
1
1
1
1
1
1
1
1
1
1
1
1
1
1
1
0.998535
0.987562
0.268651
0.001
0.001
