0.001
0.001
0.163582
0.787562
0.798535
0.8
0.8
0.915154
0.955853
0.965916
0.969071
0.984875
1
1
1
1
1
1
1
1
1
1
1
1
0.376828
0.376666
1
1
1
1
1
1
1
1
1
1
1
1
0.987932
0.972521
0.969538
0.959575
0.918781
0.8
0.8
0.798535
0.787562
0.164046
0.001
0.001
0.001
0.001
0.170122
0.548436
0.637763
0.794677
0.688132
0.647186
0.700491
0.718234
0.739318
0.79076
1
1
1
1
1
1
1
1
1
1
1
0.66616
0.195943
0.195974
0.666068
1
1
1
1
1
1
1
1
1
1
1
0.790758
0.739318
0.718236
0.700494
0.647187
0.688132
0.794677
0.637763
0.548435
0.170622
0.001
0.001
0.001
0.001
0.0877221
0.197656
0.182895
0.110066
0.128579
0.148536
0.130106
0.128201
0.151368
0.418169
1
1
1
1
1
1
1
1
0.625839
0.0824273
0.0321655
0.0502833
0.0289701
0.0290609
0.0504382
0.0322509
0.0820794
0.625475
1
1
1
1
1
1
1
1
0.419875
0.153216
0.130054
0.131668
0.149525
0.129124
0.110411
0.183444
0.198238
0.0879782
0.001
0.001
0.001
0.001
0.001
0.0011422
0.00110479
0.001
0.001
0.001
0.001
0.001
0.0718851
0.609715
1
1
1
1
1
1
1
1
0.384947
0.0233755
0.001
0.001
0.001
0.001
0.001
0.001
0.0231372
0.384516
1
1
1
1
1
1
1
1
0.610152
0.071926
0.001
0.001
0.001
0.001
0.001
0.00110171
0.00113856
0.001
0.001
0.001
0.001
0.001
0.001
0.001
0.001
0.001
0.001
0.001
0.001
0.0389297
0.28094
0.999867
1
1
1
1
1
1
1
0.949499
0.22954
0.00134065
0.001
0.001
0.001
0.001
0.001
0.001
0.00131334
0.228982
0.950344
1
1
1
1
1
1
1
1
0.28115
0.039006
0.001
0.001
0.001
0.001
0.001
0.001
0.001
0.001
0.001
0.001
0.001
0.001
0.001
0.001
0.001
0.001
0.001
0.00591016
0.15815
0.712141
1
1
1
1
1
1
1
1
0.767478
0.173211
0.001
0.001
0.001
0.001
0.001
0.001
0.001
0.001
0.172431
0.767131
1
1
1
1
1
1
1
1
0.712964
0.158597
0.00598437
0.001
0.001
0.001
0.001
0.001
0.001
0.001
0.001
0.001
0.001
0.001
0.001
0.001
0.0764242
0.188334
0.20023
0.186246
0.478854
1
1
1
1
1
1
1
1
1
0.653214
0.137213
0.001
0.001
0.001
0.001
0.001
0.001
0.001
0.001
0.136488
0.653146
1
1
1
1
1
1
1
1
1
0.479636
0.184086
0.21589
0.213958
0.089923
0.001
0.001
0.001
0.001
0.001
0.001
0.001
0.001
0.001
0.001
0.190565
0.526075
0.588611
0.546757
0.946731
1
1
1
1
1
0.992145
1
1
1
0.678907
0.137682
0.001
0.001
0.001
0.001
0.001
0.001
0.001
0.001
0.137528
0.680215
1
1
1
0.99291
1
1
1
1
1
0.94603
0.540815
0.587337
0.568059
0.213619
0.001
0.001
0.001
0.001
0.001
0.001
0.001
0.001
0.001
0.001
0.179354
0.538372
0.675085
0.784839
1
1
1
1
1
0.963791
0.52579
0.89268
1
1
0.853969
0.185342
0.001
0.001
0.001
0.001
0.001
0.001
0.001
0.001
0.185927
0.857645
1
1
0.897447
0.526418
0.962756
1
1
1
1
1
0.784519
0.675085
0.544366
0.190431
0.001
0.001
0.001
0.001
0.001
0.001
0.001
0.001
0.001
0.001
0.0607756
0.234928
0.613224
0.869221
1
1
1
1
1
0.43249
0.163504
0.57506
1
1
0.963427
0.250965
0.00548645
0.001
0.001
0.001
0.001
0.001
0.001
0.00535365
0.251796
0.968057
1
1
0.578497
0.16376
0.432161
1
1
1
1
1
0.868934
0.614466
0.226069
0.0569952
0.001
0.001
0.001
0.001
0.001
0.001
0.001
0.001
0.001
0.001
0.00970951
0.160524
0.546269
0.99839
1
1
1
1
0.594284
0.10753
0.0129016
0.313349
1
1
1
0.396902
0.0498247
0.001
0.001
0.001
0.001
0.001
0.001
0.0497101
0.397915
1
1
1
0.31503
0.012868
0.107577
0.594058
1
1
1
1
0.999756
0.548376
0.161865
0.00969265
0.001
0.001
0.001
0.001
0.001
0.001
0.001
0.00133999
0.00232604
0.0184935
0.123819
0.380437
0.8
1
1
1
1
0.826004
0.227654
0.014593
0.001
0.184073
0.876745
1
1
0.642758
0.128812
0.001
0.001
0.001
0.001
0.001
0.001
0.129115
0.645296
1
1
0.881665
0.185154
0.001
0.0146291
0.227622
0.825873
1
1
1
1
0.8
0.381578
0.124212
0.0185571
0.00233935
0.00135098
0.001
0.001
0.001
0.0703431
0.189239
0.238333
0.260723
0.415372
0.764414
0.825566
0.983859
1
1
0.979979
0.433385
0.0636628
0.001
0.001
0.102502
0.621017
1
1
0.797977
0.18937
0.001
0.001
0.001
0.001
0.001
0.001
0.190513
0.802426
1
1
0.625069
0.103233
0.001
0.001
0.0636845
0.433658
0.980276
1
1
0.984808
0.82673
0.764414
0.41511
0.261675
0.239123
0.189911
0.0706307
0.001
0.001
0.199211
0.564061
0.699837
0.795628
0.8
0.8
0.8
0.849005
0.956947
0.972789
0.8
0.287793
0.00794328
0.001
0.001
0.0320271
0.43428
1
1
1
0.390993
0.020701
0.001
0.001
0.001
0.001
0.0213754
0.395797
1
1
1
0.438593
0.0324169
0.001
0.001
0.007954
0.288107
0.8
0.97319
0.957485
0.849695
0.8
0.8
0.8
0.795416
0.699875
0.56419
0.198811
0.001
0.001
0.204801
0.567794
0.701327
0.8
0.736806
0.706406
0.8
0.8
0.809469
0.801609
0.8
0.227166
0.00269406
0.001
0.001
0.00398126
0.353659
1
1
1
0.66639
0.14139
0.00216571
0.001
0.001
0.0019517
0.142328
0.668382
1
1
1
0.35778
0.00417142
0.001
0.001
0.00270342
0.227376
0.8
0.801914
0.809781
0.8
0.8
0.706406
0.736806
0.8
0.701636
0.564989
0.203698
0.001
0.001
0.07822
0.199888
0.243155
0.285057
0.419552
0.697607
0.8
0.8
0.8
0.8
0.8
0.176371
0.00193698
0.001
0.001
0.0721625
0.466599
1
1
1
0.992245
0.517963
0.20263
0.0463585
0.053287
0.217526
0.532143
0.992245
1
1
1
0.469189
0.072168
0.001
0.001
0.00194162
0.176473
0.8
0.8
0.8
0.8
0.8
0.698565
0.419264
0.284857
0.241939
0.198388
0.0775082
0.001
0.001
0.001
0.001
0.00271707
0.0318152
0.296244
0.846088
1
1
0.949433
1
0.884089
0.269574
0.00998396
0.001
0.001
0.201147
0.764061
0.860639
0.943307
1
1
0.930653
0.646583
0.211789
0.225228
0.68743
0.930653
1
1
0.943307
0.860363
0.763917
0.200265
0.001
0.001
0.00995301
0.269613
0.884555
1
0.94973
1
1
0.846238
0.296273
0.0316511
0.00269716
0.001
0.001
0.001
0.001
0.001
0.001
0.001
0.144943
0.628821
0.982003
1
0.970601
1
0.958137
1
0.60698
0.166103
0.001
0.001
0.211407
0.742952
0.799756
0.920535
0.796629
0.910426
0.956644
0.746579
0.264742
0.27822
0.779574
0.956644
0.910426
0.796629
0.920535
0.799836
0.73945
0.210152
0.001
0.001
0.16626
0.606693
1
0.958056
1
0.970601
1
0.982003
0.628948
0.14498
0.001
0.001
0.001
0.001
0.001
0.001
0.001
0.0663532
0.415259
0.906595
1
1
0.905848
0.901664
0.894181
0.973609
0.796423
0.42635
0.065163
0.001
0.0852295
0.280085
0.348478
0.272349
0.252742
0.28336
0.328074
0.28233
0.123573
0.129491
0.297371
0.3422
0.28384
0.252371
0.272244
0.347658
0.278891
0.0846532
0.001
0.0651987
0.426734
0.796423
0.973609
0.894164
0.901664
0.905848
1
1
0.906595
0.41533
0.0663767
0.001
0.001
0.001
0.001
0.001
0.001
0.159803
0.853651
1
1
0.860168
0.403436
0.612732
0.840188
0.915271
0.988045
0.812137
0.247589
0.001
0.001
0.001
0.001
0.001
0.001
0.001
0.001
0.001
0.001
0.001
0.001
0.001
0.001
0.001
0.001
0.001
0.001
0.001
0.001
0.247875
0.81221
0.98803
0.915271
0.839911
0.612526
0.403347
0.860168
1
1
0.853651
0.159821
0.001
0.001
0.001
0.001
0.001
0.001
0.26593
0.970005
0.981108
0.858156
0.354599
0.0961427
0.204002
0.658984
0.868246
0.934403
0.79539
0.302813
0.001
0.001
0.001
0.001
0.001
0.001
0.001
0.001
0.001
0.001
0.001
0.001
0.001
0.001
0.001
0.001
0.001
0.001
0.001
0.001
0.303282
0.795122
0.934339
0.868246
0.659233
0.204058
0.0961227
0.354617
0.858156
0.981108
0.970005
0.265934
0.001
0.001
0.001
0.001
0.001
0.001
0.248906
0.85184
0.867491
0.304212
0.0662759
0.001
0.0343239
0.138035
0.224265
0.316911
0.314581
0.142639
0.001
0.001
0.001
0.001
0.001
0.001
0.001
0.001
0.001
0.001
0.001
0.001
0.001
0.001
0.001
0.001
0.001
0.001
0.001
0.001
0.142924
0.31514
0.317334
0.224319
0.13803
0.0343186
0.001
0.0662844
0.304233
0.867492
0.85184
0.248912
0.001
0.001
0.001
0.001
0.001
0.001
0.11256
0.253791
0.218333
0.0625785
0.001
0.001
0.001
0.001
0.001
0.001
0.001
0.001
0.001
0.001
0.001
0.001
0.001
0.001
0.001
0.001
0.001
0.001
0.001
0.001
0.001
0.001
0.001
0.001
0.001
0.001
0.001
0.001
0.001
0.001
0.001
0.001
0.001
0.001
0.001
0.001
0.0625838
0.218343
0.2538
0.112563
0.001
0.001
0.001
0.001
0.001
0.001
0.001
0.001
0.001
0.001
0.001
0.001
0.001
0.001
0.001
0.001
0.001
0.001
0.001
0.001
0.001
0.001
0.001
0.001
0.001
0.001
0.001
0.001
0.001
0.001
0.001
0.001
0.001
0.001
0.001
0.001
0.001
0.001
0.001
0.001
0.001
0.001
0.001
0.001
0.001
0.001
0.001
0.001
0.001
0.001
0.001
0.001
0.001
0.001
0.001
0.001
0.001
0.001
0.001
0.001
0.001
0.001
0.001
0.001
0.001
0.001
0.001
0.001
0.001
0.001
0.001
0.001
0.001
0.001
0.001
0.001
0.001
0.001
0.001
0.001
0.001
0.001
0.001
0.001
0.001
0.001
0.001
0.001
0.001
0.001
0.001
0.001
0.001
0.001
0.001
0.001
0.001
0.001
0.001
0.001
0.001
0.001
0.001
0.001
0.001
0.001
0.001
0.001
0.001
0.001
0.001
0.001
0.001
0.001
0.001
0.001
0.001
0.001
0.001
0.001
0.001
0.001
0.001
0.001
0.001
0.001
0.001
0.001
0.001
0.001
0.001
0.001
0.001
0.001
0.001
0.001
0.001
0.001
0.001
0.001
0.001
0.001
0.001
0.001
0.001
0.001
0.001
0.001
0.001
0.001
0.001
0.001
0.001
0.001
0.001
0.001
0.001
0.001
0.001
0.001
0.001
0.001
0.001
0.001
0.001
0.001
0.001
0.001
0.001
0.001
0.001
0.001
0.001
0.001
0.001
0.001
0.001
0.001
0.001
0.001
0.001
0.001
0.001
0.001
0.001
0.001
0.001
0.001
0.001
0.001
0.001
0.001
0.001
0.001
0.001
0.001
0.001
0.001
0.001
0.001
0.001
0.001
0.001
0.001
0.001
0.001
0.112534
0.253738
0.218294
0.0625709
0.001
0.001
0.001
0.001
0.001
0.001
0.001
0.001
0.001
0.001
0.001
0.001
0.001
0.001
0.001
0.001
0.001
0.001
0.001
0.001
0.001
0.001
0.001
0.001
0.001
0.001
0.001
0.001
0.001
0.001
0.001
0.001
0.001
0.001
0.001
0.001
0.0625882
0.218348
0.2538
0.112561
0.001
0.001
0.001
0.001
0.001
0.001
0.24884
0.85184
0.867491
0.304133
0.0662532
0.001
0.0342767
0.137948
0.22419
0.317125
0.314868
0.142797
0.001
0.001
0.001
0.001
0.001
0.001
0.001
0.001
0.001
0.001
0.001
0.001
0.001
0.001
0.001
0.001
0.001
0.001
0.001
0.001
0.143099
0.315477
0.317606
0.22444
0.138131
0.0343496
0.001
0.0662791
0.304221
0.867491
0.85184
0.248902
0.001
0.001
0.001
0.001
0.001
0.001
0.265825
0.970005
0.981108
0.858156
0.354443
0.0961033
0.203869
0.658566
0.868246
0.934329
0.795095
0.302953
0.001
0.001
0.001
0.001
0.001
0.001
0.001
0.001
0.001
0.001
0.001
0.001
0.001
0.001
0.001
0.001
0.001
0.001
0.001
0.001
0.303524
0.794844
0.934268
0.868246
0.659391
0.204139
0.0961196
0.354544
0.858156
0.981108
0.970005
0.265899
0.001
0.001
0.001
0.001
0.001
0.001
0.159645
0.853651
1
1
0.860168
0.403213
0.612781
0.840095
0.915271
0.988027
0.812217
0.247562
0.001
0.001
0.001
0.001
0.001
0.001
0.001
0.001
0.001
0.001
0.001
0.001
0.001
0.001
0.001
0.001
0.001
0.001
0.001
0.001
0.247939
0.812287
0.988013
0.915271
0.839907
0.612597
0.403223
0.860168
1
1
0.853651
0.15976
0.001
0.001
0.001
0.001
0.001
0.001
0.0662232
0.414806
0.906595
1
1
0.905848
0.901664
0.894156
0.973609
0.796423
0.426151
0.0650925
0.001
0.0879947
0.286115
0.352744
0.272325
0.253697
0.290193
0.323044
0.26587
0.112072
0.115891
0.266831
0.317923
0.284097
0.254163
0.272988
0.348515
0.27974
0.0849964
0.001
0.0651222
0.426572
0.796423
0.973609
0.894141
0.901664
0.905848
1
1
0.906595
0.415162
0.0663316
0.001
0.001
0.001
0.001
0.001
0.001
0.001
0.144787
0.628986
0.982003
1
0.970601
1
0.958058
1
0.606849
0.166083
0.001
0.001
0.216907
0.756314
0.799858
0.920535
0.796629
0.910426
0.956644
0.732829
0.236061
0.247406
0.697109
0.956644
0.910426
0.796629
0.920535
0.799939
0.741498
0.21083
0.001
0.001
0.166229
0.606571
1
0.957982
1
0.970601
1
0.982003
0.629101
0.144929
0.001
0.001
0.001
0.001
0.001
0.001
0.001
0.00275779
0.0319682
0.296179
0.845724
1
1
0.949092
1
0.883612
0.269321
0.00995986
0.001
0.001
0.205228
0.764083
0.860369
0.943307
1
1
0.930653
0.599385
0.18499
0.19734
0.608787
0.930653
1
1
0.943307
0.860099
0.763951
0.200567
0.001
0.001
0.00993213
0.26952
0.88471
1
0.949733
1
1
0.846458
0.296422
0.0316558
0.0027162
0.001
0.001
0.001
0.001
0.075338
0.19482
0.240562
0.286112
0.419368
0.698772
0.8
0.8
0.8
0.8
0.8
0.17626
0.00193513
0.001
0.001
0.0730836
0.468723
1
1
1
0.992245
0.509658
0.185171
0.0365805
0.0431106
0.19069
0.503022
0.992245
1
1
1
0.467877
0.0719066
0.001
0.001
0.00193501
0.176363
0.8
0.8
0.8
0.8
0.8
0.699672
0.418712
0.285311
0.239306
0.194036
0.075189
0.001
0.001
0.196541
0.553272
0.701571
0.8
0.736806
0.706406
0.8
0.8
0.809109
0.801219
0.8
0.227074
0.00269354
0.001
0.001
0.00434879
0.353777
1
1
1
0.666522
0.141914
0.00199253
0.001
0.001
0.00203464
0.140018
0.668482
1
1
1
0.356104
0.00390443
0.001
0.001
0.00269608
0.227245
0.8
0.802003
0.809854
0.8
0.8
0.706406
0.736806
0.8
0.702162
0.55548
0.198951
0.001
0.001
0.190591
0.57196
0.699965
0.79537
0.8
0.8
0.8
0.848899
0.956627
0.97236
0.8
0.287745
0.00792248
0.001
0.001
0.0328425
0.434521
1
1
1
0.39127
0.0207904
0.001
0.001
0.001
0.001
0.0211277
0.392434
1
1
1
0.436671
0.0318203
0.001
0.001
0.00792909
0.288041
0.8
0.973379
0.957757
0.850054
0.8
0.8
0.8
0.795092
0.699977
0.566191
0.195266
0.001
0.001
0.0669469
0.183512
0.235475
0.261601
0.415417
0.764414
0.825622
0.983762
1
1
0.979436
0.433205
0.0636034
0.001
0.001
0.103058
0.622412
1
1
0.799875
0.190108
0.001
0.001
0.001
0.001
0.001
0.001
0.189283
0.798239
1
1
0.622145
0.10258
0.001
0.001
0.063674
0.433692
0.980466
1
1
0.985363
0.827395
0.764414
0.415535
0.263174
0.239518
0.189143
0.0700106
0.001
0.001
0.001
0.00132183
0.00232653
0.0184934
0.123535
0.380069
0.8
1
1
1
1
0.825339
0.227504
0.0146171
0.001
0.184491
0.87875
1
1
0.643756
0.128927
0.001
0.001
0.001
0.001
0.001
0.001
0.128686
0.642783
1
1
0.877571
0.184316
0.001
0.0145769
0.227536
0.825913
1
1
1
1
0.8
0.382747
0.124839
0.0187652
0.00238259
0.00136931
0.001
0.001
0.001
0.001
0.001
0.001
0.001
0.00964272
0.161254
0.547181
0.998351
1
1
1
1
0.594007
0.107577
0.0129794
0.314697
1
1
1
0.397241
0.0496836
0.001
0.001
0.001
0.001
0.001
0.001
0.0497117
0.396642
1
1
1
0.313189
0.0128025
0.107405
0.593697
1
1
1
1
1
0.548327
0.16177
0.00978918
0.001
0.001
0.001
0.001
0.001
0.001
0.001
0.001
0.001
0.001
0.0597227
0.232926
0.613914
0.868585
1
1
1
1
1
0.432303
0.163589
0.577659
1
1
0.966063
0.251108
0.00540356
0.001
0.001
0.001
0.001
0.001
0.001
0.00541618
0.250927
0.963551
1
1
0.574919
0.163381
0.431965
1
1
1
1
1
0.868405
0.612105
0.226362
0.0575451
0.001
0.001
0.001
0.001
0.001
0.001
0.001
0.001
0.001
0.001
0.174648
0.54731
0.675085
0.784494
1
1
1
1
1
0.962932
0.525979
0.89541
1
1
0.856363
0.185568
0.001
0.001
0.001
0.001
0.001
0.001
0.001
0.001
0.185336
0.853821
1
1
0.893309
0.525553
0.962865
1
1
1
1
1
0.784975
0.675085
0.546061
0.195748
0.001
0.001
0.001
0.001
0.001
0.001
0.001
0.001
0.001
0.001
0.184955
0.518556
0.588286
0.54708
0.947009
1
1
1
1
1
0.992451
1
1
1
0.68042
0.137789
0.001
0.001
0.001
0.001
0.001
0.001
0.001
0.001
0.137349
0.678005
1
1
1
0.991754
1
1
1
1
1
0.945815
0.539784
0.589572
0.580905
0.220779
0.001
0.001
0.001
0.001
0.001
0.001
0.001
0.001
0.001
0.001
0.0739549
0.183219
0.197135
0.186343
0.479494
1
1
1
1
1
1
1
1
1
0.654069
0.136966
0.001
0.001
0.001
0.001
0.001
0.001
0.001
0.001
0.13671
0.651933
1
1
1
1
1
1
1
1
1
0.480347
0.184099
0.220971
0.221217
0.0932189
0.001
0.001
0.001
0.001
0.001
0.001
0.001
0.001
0.001
0.001
0.001
0.001
0.001
0.00585955
0.158416
0.713156
1
1
1
1
1
1
1
1
0.768163
0.172905
0.001
0.001
0.001
0.001
0.001
0.001
0.001
0.001
0.172721
0.766178
1
1
1
1
1
1
1
1
0.713145
0.159106
0.00611815
0.001
0.001
0.001
0.001
0.001
0.001
0.001
0.001
0.001
0.001
0.001
0.001
0.001
0.001
0.001
0.001
0.001
0.038958
0.281225
1
1
1
1
1
1
1
1
0.950419
0.229393
0.00132148
0.001
0.001
0.001
0.001
0.001
0.001
0.00133444
0.22908
0.948853
1
1
1
1
1
1
1
0.999609
0.281269
0.0391537
0.001
0.001
0.001
0.001
0.001
0.001
0.001
0.001
0.001
0.001
0.001
0.001
0.00111833
0.0010816
0.001
0.001
0.001
0.001
0.001
0.0720145
0.610558
1
1
1
1
1
1
1
1
0.385038
0.023254
0.001
0.001
0.001
0.001
0.001
0.001
0.0232847
0.384387
1
1
1
1
1
1
1
1
0.609702
0.0720371
0.001
0.001
0.001
0.001
0.001
0.00110844
0.0011453
0.001
0.001
0.001
0.001
0.001
0.0875016
0.197139
0.182407
0.109785
0.128415
0.148693
0.130917
0.129312
0.152474
0.419488
1
1
1
1
1
1
1
1
0.626213
0.0823016
0.0322355
0.050405
0.0290414
0.0290207
0.0503694
0.032212
0.0822405
0.625063
1
1
1
1
1
1
1
1
0.419601
0.153406
0.130173
0.131819
0.149761
0.129356
0.110629
0.183802
0.198618
0.0881421
0.001
0.001
0.001
0.001
0.169729
0.548436
0.637763
0.794677
0.688132
0.647199
0.700508
0.718248
0.739318
0.790767
1
1
1
1
1
1
1
1
1
1
1
0.666289
0.196007
0.195922
0.665931
1
1
1
1
1
1
1
1
1
1
1
0.790765
0.739318
0.718251
0.700511
0.647201
0.688132
0.794677
0.637763
0.548435
0.170929
0.001
0.001
0.001
0.001
0.163211
0.787562
0.798535
0.8
0.8
0.915058
0.955747
0.965817
0.968984
0.98489
1
1
1
1
1
1
1
1
1
1
1
1
0.376792
0.376659
1
1
1
1
1
1
1
1
1
1
1
1
0.988776
0.973711
0.970797
0.96087
0.920057
0.8
0.8
0.798535
0.787562
0.164334
0.001
0.001
