0.001
0.001
0.269622
0.987562
0.998535
1
1
1
1
1
1
1
1
1
1
1
1
1
1
1
1
1
1
1
0.392959
0.393022
1
1
1
1
1
1
1
1
1
1
1
1
1
1
1
1
1
1
1
0.998535
0.987562
0.269403
0.001
0.001
0.001
0.001
0.253748
0.748436
0.837763
0.994677
0.888132
0.847186
0.900491
0.918234
0.939318
0.99076
1
1
1
1
1
1
1
1
1
1
1
0.701126
0.208074
0.208138
0.701349
1
1
1
1
1
1
1
1
1
1
1
0.990758
0.939318
0.918236
0.900494
0.847187
0.888132
0.994677
0.837763
0.748435
0.253517
0.001
0.001
0.001
0.001
0.120597
0.294705
0.301163
0.220469
0.239397
0.230673
0.161466
0.148771
0.180567
0.462263
1
1
1
1
1
1
1
1
0.648276
0.0836228
0.0368558
0.0581247
0.0335406
0.0335758
0.0581847
0.0368904
0.0835873
0.649039
1
1
1
1
1
1
1
1
0.460236
0.177485
0.14578
0.158919
0.229138
0.238794
0.220266
0.300829
0.29438
0.12047
0.001
0.001
0.001
0.001
0.001
0.001
0.001
0.001
0.001
0.001
0.001
0.001
0.0745498
0.641089
1
1
1
1
1
1
1
1
0.401416
0.0227764
0.001
0.001
0.001
0.001
0.001
0.001
0.022712
0.401751
1
1
1
1
1
1
1
1
0.641615
0.0745291
0.001
0.001
0.001
0.001
0.001
0.001
0.001
0.001
0.001
0.001
0.001
0.001
0.001
0.001
0.001
0.001
0.001
0.001
0.001
0.0408202
0.294765
1
1
1
1
1
1
1
1
1
0.242513
0.00121492
0.001
0.001
0.001
0.001
0.001
0.001
0.00120653
0.242533
1
1
1
1
1
1
1
1
1
0.294836
0.0408207
0.001
0.001
0.001
0.001
0.001
0.001
0.001
0.001
0.001
0.001
0.001
0.001
0.001
0.001
0.001
0.001
0.001
0.00847564
0.165684
0.742044
1
1
1
1
1
1
1
1
0.801331
0.179408
0.001
0.001
0.001
0.001
0.001
0.001
0.001
0.001
0.179327
0.802503
1
1
1
1
1
1
1
1
0.742136
0.165668
0.00849847
0.001
0.001
0.001
0.001
0.001
0.001
0.001
0.001
0.001
0.001
0.001
0.001
0.001
0.0816117
0.230805
0.274334
0.241079
0.493383
1
1
1
1
1
1
1
1
1
0.67815
0.136836
0.001
0.001
0.001
0.001
0.001
0.001
0.001
0.001
0.136831
0.679445
1
1
1
1
1
1
1
1
1
0.49062
0.238749
0.298625
0.270161
0.10192
0.001
0.001
0.001
0.001
0.001
0.001
0.001
0.001
0.001
0.001
0.217446
0.658136
0.789987
0.708755
0.980449
1
1
1
1
1
1
1
1
1
0.738935
0.150178
0.001
0.001
0.001
0.001
0.001
0.001
0.001
0.001
0.150384
0.740471
1
1
1
1
1
1
1
1
1
0.978594
0.710105
0.789698
0.741799
0.256404
0.001
0.001
0.001
0.001
0.001
0.001
0.001
0.001
0.001
0.001
0.214384
0.724694
0.875085
0.984839
1
1
1
1
1
1
0.580684
1
1
1
0.967767
0.214792
0.001
0.001
0.001
0.001
0.001
0.001
0.001
0.001
0.214656
0.969193
1
1
1
0.580685
1
1
1
1
1
1
0.984519
0.875085
0.745438
0.240142
0.001
0.001
0.001
0.001
0.001
0.001
0.001
0.001
0.001
0.001
0.0774207
0.361411
0.81201
1
1
1
1
1
1
0.458988
0.189117
0.64562
1
1
1
0.28128
0.00426924
0.001
0.001
0.001
0.001
0.001
0.001
0.00431441
0.281057
1
1
1
0.646916
0.189019
0.45904
1
1
1
1
1
1
0.811663
0.365794
0.0784363
0.001
0.001
0.001
0.001
0.001
0.001
0.001
0.001
0.001
0.001
0.0062456
0.223998
0.668616
1
1
1
1
1
0.625398
0.11028
0.0111636
0.341695
1
1
1
0.432047
0.050137
0.001
0.001
0.001
0.001
0.001
0.001
0.0501628
0.432417
1
1
1
0.343062
0.0112196
0.110182
0.625155
1
1
1
1
1
0.674674
0.227563
0.0064061
0.001
0.001
0.001
0.001
0.001
0.001
0.001
0.001
0.001
0.0127807
0.160653
0.548404
1
1
1
1
1
0.886854
0.240674
0.0147644
0.001
0.210145
0.987551
1
1
0.715993
0.137971
0.001
0.001
0.001
0.001
0.001
0.001
0.138629
0.718183
1
1
0.991554
0.2111
0.001
0.0147405
0.24061
0.886488
1
1
1
1
1
0.548475
0.160692
0.0126847
0.001
0.001
0.001
0.001
0.001
0.0953708
0.270814
0.3619
0.400513
0.615372
0.964414
1
1
1
1
1
0.495151
0.0651344
0.001
0.001
0.114154
0.691382
1
1
0.871295
0.194347
0.00146321
0.001
0.001
0.001
0.001
0.00158559
0.196529
0.87641
1
1
0.695091
0.114885
0.001
0.001
0.0651623
0.49469
1
1
1
1
1
0.964414
0.61511
0.398828
0.359028
0.268167
0.0944359
0.001
0.001
0.249203
0.769945
0.899837
0.995628
1
1
1
1
1
1
1
0.421134
0.00472435
0.001
0.001
0.0305549
0.405156
1
1
0.909493
0.298962
0.0239402
0.001
0.001
0.001
0.001
0.0244534
0.304236
0.914028
1
1
0.410065
0.0312115
0.001
0.001
0.00474452
0.420658
1
1
1
1
1
1
1
0.995416
0.899875
0.768313
0.24999
0.001
0.001
0.242546
0.750765
0.901327
1
0.936806
0.906406
1
1
1
1
1
0.416073
0.001
0.001
0.001
0.00649843
0.251983
0.8
0.946288
0.827461
0.46639
0.107501
0.0050282
0.001
0.001
0.00469056
0.108236
0.468382
0.833154
0.951671
0.8
0.256558
0.0067444
0.001
0.001
0.001
0.415765
1
1
1
1
1
0.906406
0.936806
1
0.901636
0.73932
0.245271
0.001
0.001
0.085938
0.245769
0.33544
0.445709
0.619552
0.897607
1
1
1
1
1
0.332271
0.001
0.001
0.001
0.0616917
0.317295
0.8
0.8
0.8
0.792245
0.348706
0.176816
0.052994
0.0511202
0.173716
0.34997
0.792245
0.8
0.8
0.8
0.320919
0.0622472
0.001
0.001
0.001
0.332035
1
1
1
1
1
0.898565
0.619264
0.442726
0.335354
0.248275
0.0877485
0.001
0.001
0.001
0.001
0.001
0.0337149
0.243957
0.692083
1
1
1
1
1
0.307378
0.0121119
0.001
0.001
0.167814
0.56362
0.660639
0.743307
0.8
0.8
0.730653
0.512247
0.18918
0.173215
0.487685
0.730653
0.8
0.8
0.743307
0.660363
0.563095
0.167834
0.001
0.001
0.0120924
0.307078
1
1
1
1
1
0.69257
0.244232
0.0336223
0.001
0.001
0.001
0.001
0.001
0.001
0.001
0.00256892
0.115821
0.428821
0.782003
0.8
0.770601
0.8
0.758137
0.8
0.40698
0.111308
0.00163161
0.001
0.178336
0.55312
0.599756
0.720535
0.596629
0.710426
0.756644
0.548145
0.214379
0.19319
0.578933
0.756644
0.710426
0.596629
0.720535
0.599836
0.552144
0.17782
0.001
0.00163771
0.111404
0.406693
0.8
0.758056
0.8
0.770601
0.8
0.782003
0.428948
0.115958
0.002579
0.001
0.001
0.001
0.001
0.001
0.001
0.0440095
0.259609
0.706595
0.8
0.8
0.705848
0.701664
0.694181
0.773609
0.596423
0.263307
0.0434858
0.001
0.0745037
0.21375
0.237992
0.151908
0.123357
0.14757
0.206528
0.199102
0.0910422
0.0810672
0.186359
0.20381
0.151332
0.12349
0.151687
0.237354
0.213055
0.0742018
0.001
0.0434994
0.263493
0.596423
0.773609
0.694164
0.701664
0.705848
0.8
0.8
0.706595
0.259872
0.0440836
0.001
0.001
0.001
0.001
0.001
0.001
0.0937726
0.653651
0.8
0.8
0.660168
0.249466
0.412732
0.640188
0.715271
0.788045
0.612137
0.158372
0.001
0.001
0.00215396
0.00273697
0.00217306
0.00111818
0.00196761
0.00240316
0.00192633
0.001
0.00101379
0.00241618
0.00292468
0.00227951
0.00108944
0.00216182
0.00272735
0.00214819
0.001
0.001
0.158585
0.61221
0.78803
0.715271
0.639911
0.412526
0.249372
0.660168
0.8
0.8
0.653651
0.0938586
0.001
0.001
0.001
0.001
0.001
0.001
0.150344
0.770005
0.781108
0.658156
0.20071
0.0675724
0.183854
0.472363
0.668246
0.734403
0.59539
0.193413
0.0012273
0.001
0.001
0.001
0.001
0.001
0.001
0.001
0.001
0.001
0.001
0.001
0.001
0.001
0.001
0.001
0.001
0.001
0.001
0.00123623
0.193805
0.595122
0.734339
0.668246
0.472273
0.183805
0.0675535
0.200764
0.658156
0.781108
0.770005
0.150402
0.001
0.001
0.001
0.001
0.001
0.001
0.141506
0.65184
0.667491
0.173232
0.0386962
0.0010209
0.0443535
0.12222
0.147107
0.183342
0.196586
0.0921917
0.001
0.001
0.001
0.001
0.001
0.001
0.001
0.001
0.001
0.001
0.001
0.001
0.001
0.001
0.001
0.001
0.001
0.001
0.001
0.001
0.0924503
0.197064
0.183661
0.147047
0.122121
0.0443267
0.00102335
0.0387109
0.173275
0.667492
0.65184
0.141541
0.001
0.001
0.001
0.001
0.001
0.001
0.0643963
0.14547
0.125689
0.0366186
0.001
0.001
0.001
0.001
0.00112224
0.00192492
0.00199078
0.00127085
0.001
0.001
0.001
0.001
0.001
0.001
0.001
0.001
0.001
0.001
0.001
0.001
0.001
0.001
0.001
0.001
0.001
0.001
0.001
0.001
0.0012811
0.00200552
0.00193803
0.00112867
0.001
0.001
0.001
0.001
0.0366243
0.12571
0.145497
0.0644104
0.001
0.001
0.001
0.001
0.001
0.001
0.001
0.001
0.001
0.001
0.001
0.001
0.001
0.001
0.001
0.001
0.001
0.001
0.001
0.001
0.001
0.001
0.001
0.001
0.001
0.001
0.001
0.001
0.001
0.001
0.001
0.001
0.001
0.001
0.001
0.001
0.001
0.001
0.001
0.001
0.001
0.001
0.001
0.001
0.001
0.001
0.001
0.001
0.001
0.001
0.001
0.001
0.001
0.001
0.001
0.001
0.001
0.001
0.001
0.001
0.001
0.001
0.001
0.001
0.001
0.001
0.001
0.001
0.001
0.001
0.001
0.001
0.001
0.001
0.001
0.001
0.001
0.001
0.001
0.001
0.001
0.001
0.001
0.001
0.001
0.001
0.001
0.001
0.001
0.001
0.001
0.001
0.001
0.001
0.001
0.001
0.001
0.001
0.001
0.001
0.001
0.001
0.001
0.001
0.001
0.001
0.001
0.001
0.001
0.001
0.001
0.001
0.001
0.001
0.001
0.001
0.001
0.001
0.001
0.001
0.001
0.001
0.001
0.001
0.001
0.001
0.001
0.001
0.001
0.001
0.001
0.001
0.001
0.001
0.001
0.001
0.001
0.001
0.001
0.001
0.001
0.001
0.001
0.001
0.001
0.001
0.001
0.001
0.001
0.001
0.001
0.001
0.001
0.001
0.001
0.001
0.001
0.001
0.001
0.001
0.001
0.001
0.001
0.001
0.001
0.001
0.001
0.001
0.001
0.001
0.001
0.001
0.001
0.001
0.001
0.001
0.001
0.001
0.001
0.001
0.001
0.001
0.001
0.001
0.001
0.001
0.001
0.001
0.001
0.001
0.001
0.001
0.001
0.001
0.001
0.001
0.001
0.001
0.001
0.001
0.001
0.001
0.001
0.001
0.001
0.001
0.0644095
0.145495
0.125707
0.0366217
0.001
0.001
0.001
0.001
0.00112773
0.00193612
0.00200341
0.00127966
0.001
0.001
0.001
0.001
0.001
0.001
0.001
0.001
0.001
0.001
0.001
0.001
0.001
0.001
0.001
0.001
0.001
0.001
0.001
0.001
0.00128972
0.00201808
0.00194936
0.00113443
0.001
0.001
0.001
0.001
0.0366219
0.125694
0.145476
0.064401
0.001
0.001
0.001
0.001
0.001
0.001
0.14154
0.65184
0.667491
0.173271
0.0387072
0.00102149
0.0443258
0.122171
0.147129
0.183793
0.197206
0.0925178
0.001
0.001
0.001
0.001
0.001
0.001
0.001
0.001
0.001
0.001
0.001
0.001
0.001
0.001
0.001
0.001
0.001
0.001
0.001
0.001
0.092768
0.197673
0.184117
0.147087
0.122085
0.0442998
0.00102562
0.0387101
0.173245
0.667491
0.65184
0.141517
0.001
0.001
0.001
0.001
0.001
0.001
0.150408
0.770005
0.781108
0.658156
0.200766
0.0675817
0.183848
0.472358
0.668246
0.734329
0.595095
0.193966
0.00123526
0.001
0.001
0.001
0.001
0.001
0.001
0.001
0.001
0.001
0.001
0.001
0.001
0.001
0.001
0.001
0.001
0.001
0.001
0.00124396
0.194345
0.594844
0.734268
0.668246
0.472258
0.18379
0.0675522
0.200702
0.658156
0.781108
0.770005
0.150359
0.001
0.001
0.001
0.001
0.001
0.001
0.0938713
0.653651
0.8
0.8
0.660168
0.249454
0.412781
0.640095
0.715271
0.788027
0.612217
0.15872
0.001
0.001
0.00198858
0.00255191
0.00205447
0.00119174
0.00191687
0.00220924
0.00167703
0.001
0.001
0.00176558
0.00222986
0.00186083
0.00112108
0.00209064
0.00260643
0.00203626
0.001
0.001
0.158922
0.612287
0.788013
0.715271
0.639907
0.412597
0.249266
0.660168
0.8
0.8
0.653651
0.0938452
0.001
0.001
0.001
0.001
0.001
0.001
0.0440917
0.259925
0.706595
0.8
0.8
0.705848
0.701664
0.694156
0.773609
0.596423
0.263617
0.0435283
0.001
0.078846
0.221799
0.242128
0.150762
0.124065
0.148073
0.210294
0.203871
0.0933476
0.106012
0.224824
0.222842
0.146834
0.124174
0.15114
0.240612
0.219126
0.0774937
0.001
0.0435331
0.263764
0.596423
0.773609
0.694141
0.701664
0.705848
0.8
0.8
0.706595
0.259815
0.0441097
0.001
0.001
0.001
0.001
0.001
0.001
0.00257776
0.116002
0.428986
0.782003
0.8
0.770601
0.8
0.758058
0.8
0.406849
0.111481
0.00163741
0.001
0.185778
0.569778
0.599858
0.720535
0.596629
0.710426
0.756644
0.579143
0.220876
0.243532
0.60392
0.756644
0.710426
0.596629
0.720535
0.599939
0.564258
0.183296
0.001
0.00164218
0.111563
0.406571
0.8
0.757982
0.8
0.770601
0.8
0.782003
0.429101
0.115892
0.00258419
0.001
0.001
0.001
0.001
0.001
0.001
0.001
0.0336989
0.244345
0.692809
1
1
1
1
1
0.307328
0.0121245
0.001
0.001
0.171783
0.56398
0.660369
0.743307
0.8
0.8
0.730653
0.52948
0.194438
0.210419
0.55267
0.730653
0.8
0.8
0.743307
0.660099
0.564082
0.170383
0.001
0.001
0.0121079
0.307074
1
1
1
1
1
0.692401
0.244145
0.0334656
0.001
0.001
0.001
0.001
0.001
0.0864632
0.245947
0.334003
0.44285
0.619368
0.898772
1
1
1
1
1
0.332205
0.001
0.001
0.001
0.0612585
0.315708
0.8
0.8
0.8
0.792245
0.355592
0.181044
0.052066
0.0569661
0.183342
0.351276
0.792245
0.8
0.8
0.8
0.318127
0.0614655
0.001
0.001
0.001
0.33205
1
1
1
1
1
0.899672
0.618712
0.443272
0.342889
0.259169
0.0932197
0.001
0.001
0.242852
0.735202
0.901571
1
0.936806
0.906406
1
1
1
1
1
0.416037
0.001
0.001
0.001
0.00672918
0.25151
0.8
0.945547
0.828083
0.466522
0.109512
0.0049199
0.001
0.001
0.00460316
0.107175
0.468482
0.829968
0.947808
0.8
0.254787
0.00656741
0.001
0.001
0.001
0.415874
1
1
1
1
1
0.906406
0.936806
1
0.902162
0.76184
0.256342
0.001
0.001
0.248359
0.767211
0.899965
0.99537
1
1
1
1
1
1
1
0.421153
0.00470818
0.001
0.001
0.0308307
0.404623
1
1
0.909956
0.300024
0.0244024
0.001
0.001
0.001
0.001
0.0246901
0.302261
0.911966
1
1
0.408342
0.0307179
0.001
0.001
0.00473588
0.420943
1
1
1
1
1
1
1
0.995092
0.899977
0.765359
0.257935
0.001
0.001
0.0942611
0.267513
0.35822
0.398327
0.615417
0.964414
1
1
1
1
1
0.495159
0.0650989
0.001
0.001
0.114286
0.691345
1
1
0.871858
0.194789
0.00147037
0.001
0.001
0.001
0.001
0.00153883
0.195212
0.873597
1
1
0.69372
0.114546
0.001
0.001
0.0651497
0.49504
1
1
1
1
1
0.964414
0.615535
0.400444
0.361388
0.270441
0.0954217
0.001
0.001
0.001
0.001
0.001
0.0127139
0.160219
0.547822
1
1
1
1
1
0.886838
0.240659
0.0147663
0.001
0.210127
0.987595
1
1
0.716679
0.13834
0.001
0.001
0.001
0.001
0.001
0.001
0.13839
0.71739
1
1
0.989899
0.210776
0.001
0.0147776
0.240656
0.886763
1
1
1
1
1
0.548554
0.160636
0.0127768
0.001
0.001
0.001
0.001
0.001
0.001
0.001
0.001
0.001
0.006219
0.22537
0.67092
1
1
1
1
1
0.625608
0.110349
0.0112724
0.342
1
1
1
0.432317
0.0503128
0.001
0.001
0.001
0.001
0.001
0.001
0.0502702
0.432509
1
1
1
0.342184
0.0110564
0.110324
0.625386
1
1
1
1
1
0.671835
0.225906
0.00629635
0.001
0.001
0.001
0.001
0.001
0.001
0.001
0.001
0.001
0.001
0.0801892
0.368718
0.812986
1
1
1
1
1
1
0.459278
0.189111
0.645742
1
1
1
0.281001
0.00429759
0.001
0.001
0.001
0.001
0.001
0.001
0.00426293
0.281577
1
1
1
0.64645
0.189078
0.45906
1
1
1
1
1
1
0.810487
0.364265
0.078465
0.001
0.001
0.001
0.001
0.001
0.001
0.001
0.001
0.001
0.001
0.221654
0.742777
0.875085
0.984494
1
1
1
1
1
1
0.580653
1
1
1
0.967622
0.214602
0.001
0.001
0.001
0.001
0.001
0.001
0.001
0.001
0.21508
0.969156
1
1
1
0.581001
1
1
1
1
1
1
0.984975
0.875085
0.7411
0.220044
0.001
0.001
0.001
0.001
0.001
0.001
0.001
0.001
0.001
0.001
0.224857
0.701968
0.788286
0.715639
0.982208
1
1
1
1
1
1
1
1
1
0.739536
0.150335
0.001
0.001
0.001
0.001
0.001
0.001
0.001
0.001
0.150227
0.739443
1
1
1
1
1
1
1
1
1
0.98116
0.711103
0.789572
0.678065
0.225157
0.001
0.001
0.001
0.001
0.001
0.001
0.001
0.001
0.001
0.001
0.084703
0.235507
0.278184
0.243223
0.493218
1
1
1
1
1
1
1
1
1
0.679151
0.137099
0.001
0.001
0.001
0.001
0.001
0.001
0.001
0.001
0.13665
0.678126
1
1
1
1
1
1
1
1
1
0.494151
0.242292
0.279319
0.237641
0.0855097
0.001
0.001
0.001
0.001
0.001
0.001
0.001
0.001
0.001
0.001
0.001
0.001
0.001
0.00833282
0.165246
0.74193
1
1
1
1
1
1
1
1
0.802318
0.179593
0.001
0.001
0.001
0.001
0.001
0.001
0.001
0.001
0.179233
0.801276
1
1
1
1
1
1
1
1
0.742594
0.16581
0.0084761
0.001
0.001
0.001
0.001
0.001
0.001
0.001
0.001
0.001
0.001
0.001
0.001
0.001
0.001
0.001
0.001
0.001
0.0407173
0.294713
1
1
1
1
1
1
1
1
1
0.242663
0.00121376
0.001
0.001
0.001
0.001
0.001
0.001
0.00121182
0.242428
1
1
1
1
1
1
1
1
1
0.294727
0.0407713
0.001
0.001
0.001
0.001
0.001
0.001
0.001
0.001
0.001
0.001
0.001
0.001
0.001
0.001
0.001
0.001
0.001
0.001
0.001
0.0745137
0.641402
1
1
1
1
1
1
1
1
0.401761
0.0227949
0.001
0.001
0.001
0.001
0.001
0.001
0.0227231
0.401373
1
1
1
1
1
1
1
1
0.641179
0.0744351
0.001
0.001
0.001
0.001
0.001
0.001
0.001
0.001
0.001
0.001
0.001
0.001
0.120289
0.29392
0.300339
0.219856
0.238838
0.230358
0.161597
0.149044
0.180744
0.462565
1
1
1
1
1
1
1
1
0.648947
0.083697
0.0368876
0.0581764
0.0335708
0.0335967
0.0582207
0.036911
0.0835433
0.648222
1
1
1
1
1
1
1
1
0.462202
0.180354
0.14864
0.161318
0.230451
0.239169
0.220243
0.300844
0.294402
0.120479
0.001
0.001
0.001
0.001
0.253139
0.748436
0.837763
0.994677
0.888132
0.847199
0.900508
0.918248
0.939318
0.990767
1
1
1
1
1
1
1
1
1
1
1
0.701498
0.208183
0.208151
0.701278
1
1
1
1
1
1
1
1
1
1
1
0.990765
0.939318
0.918251
0.900511
0.847201
0.888132
0.994677
0.837763
0.748435
0.253523
0.001
0.001
0.001
0.001
0.269012
0.987562
0.998535
1
1
1
1
1
1
1
1
1
1
1
1
1
1
1
1
1
1
1
0.39314
0.392995
1
1
1
1
1
1
1
1
1
1
1
1
1
1
1
1
1
1
1
0.998535
0.987562
0.269394
0.001
0.001
