0.001
0.001
0.268987
0.987562
0.998535
1
1
1
1
1
1
1
1
1
1
1
1
1
1
1
1
1
1
1
0.392508
0.39213
1
1
1
1
1
1
1
1
1
1
1
1
1
1
1
1
1
1
1
0.998535
0.987562
0.269093
0.001
0.001
0.001
0.001
0.253141
0.748436
0.837763
0.994677
0.888132
0.847186
0.900491
0.918234
0.939318
0.99076
1
1
1
1
1
1
1
1
1
1
1
0.700264
0.207751
0.207668
0.699693
1
1
1
1
1
1
1
1
1
1
1
0.990758
0.939318
0.918236
0.900494
0.847187
0.888132
0.994677
0.837763
0.748435
0.253231
0.001
0.001
0.001
0.001
0.120306
0.293985
0.30042
0.219909
0.238965
0.230686
0.162152
0.149743
0.181677
0.462864
1
1
1
1
1
1
1
1
0.648413
0.0838019
0.0367298
0.057905
0.0334124
0.0334825
0.0580246
0.0367927
0.0833888
0.646616
1
1
1
1
1
1
1
1
0.460317
0.178817
0.147071
0.159907
0.229491
0.23868
0.220016
0.300531
0.294087
0.120347
0.001
0.001
0.001
0.001
0.001
0.001
0.001
0.001
0.001
0.001
0.001
0.001
0.0746463
0.640662
1
1
1
1
1
1
1
1
0.401647
0.0229046
0.001
0.001
0.001
0.001
0.001
0.001
0.0226974
0.400513
1
1
1
1
1
1
1
1
0.6396
0.0742041
0.001
0.001
0.001
0.001
0.001
0.001
0.001
0.001
0.001
0.001
0.001
0.001
0.001
0.001
0.001
0.001
0.001
0.001
0.001
0.0408472
0.294579
1
1
1
1
1
1
1
1
1
0.242893
0.00122932
0.001
0.001
0.001
0.001
0.001
0.001
0.00121223
0.24206
1
1
1
1
1
1
1
1
1
0.293969
0.0406051
0.001
0.001
0.001
0.001
0.001
0.001
0.001
0.001
0.001
0.001
0.001
0.001
0.001
0.001
0.001
0.001
0.001
0.00841691
0.16548
0.741033
1
1
1
1
1
1
1
1
0.802183
0.179944
0.001
0.001
0.001
0.001
0.001
0.001
0.001
0.001
0.178938
0.799342
1
1
1
1
1
1
1
1
0.740118
0.164766
0.00835873
0.001
0.001
0.001
0.001
0.001
0.001
0.001
0.001
0.001
0.001
0.001
0.001
0.001
0.0817541
0.230004
0.272012
0.238411
0.49146
1
1
1
1
1
1
1
1
1
0.679371
0.137381
0.001
0.001
0.001
0.001
0.001
0.001
0.001
0.001
0.13637
0.67651
1
1
1
1
1
1
1
1
1
0.48981
0.239361
0.294624
0.263361
0.0986747
0.001
0.001
0.001
0.001
0.001
0.001
0.001
0.001
0.001
0.001
0.218963
0.66138
0.788611
0.704421
0.977426
1
1
1
1
1
1
1
1
1
0.740166
0.150514
0.001
0.001
0.001
0.001
0.001
0.001
0.001
0.001
0.1499
0.737977
1
1
1
1
1
1
1
1
1
0.976594
0.708613
0.787337
0.724255
0.248487
0.001
0.001
0.001
0.001
0.001
0.001
0.001
0.001
0.001
0.001
0.216444
0.735398
0.875085
0.984839
1
1
1
1
1
1
0.580238
1
1
1
0.968327
0.214848
0.001
0.001
0.001
0.001
0.001
0.001
0.001
0.001
0.214849
0.967488
1
1
1
0.580641
1
1
1
1
1
1
0.984519
0.875085
0.735543
0.234073
0.001
0.001
0.001
0.001
0.001
0.001
0.001
0.001
0.001
0.001
0.0783482
0.363762
0.813224
1
1
1
1
1
1
0.458059
0.189277
0.64556
1
1
1
0.281505
0.00434678
0.001
0.001
0.001
0.001
0.001
0.001
0.00424854
0.281427
1
1
1
0.645141
0.189148
0.458626
1
1
1
1
1
1
0.816528
0.362635
0.0782178
0.001
0.001
0.001
0.001
0.001
0.001
0.001
0.001
0.001
0.001
0.00629368
0.22584
0.671391
1
1
1
1
1
0.623476
0.109889
0.011246
0.341811
1
1
1
0.432846
0.0503479
0.001
0.001
0.001
0.001
0.001
0.001
0.0502028
0.431871
1
1
1
0.341143
0.0110171
0.110206
0.624758
1
1
1
1
1
0.667662
0.223887
0.00637756
0.001
0.001
0.001
0.001
0.001
0.001
0.001
0.001
0.001
0.0126866
0.160282
0.549179
1
1
1
1
1
0.884789
0.239887
0.0147301
0.001
0.209982
0.987601
1
1
0.716875
0.138276
0.001
0.001
0.001
0.001
0.001
0.001
0.137915
0.715445
1
1
0.98696
0.210088
0.001
0.014803
0.240477
0.885816
1
1
1
1
1
0.548129
0.160615
0.0127097
0.001
0.001
0.001
0.001
0.001
0.0945471
0.267742
0.357577
0.396856
0.615372
0.964414
1
1
1
1
1
0.495363
0.0649333
0.001
0.001
0.114101
0.691118
1
1
0.871955
0.194574
0.00144967
0.001
0.001
0.001
0.001
0.00150352
0.194091
0.870354
1
1
0.691444
0.114149
0.001
0.001
0.0651406
0.495047
1
1
1
1
1
0.964414
0.61511
0.398793
0.36035
0.270026
0.0953877
0.001
0.001
0.249246
0.762631
0.899837
0.995628
1
1
1
1
1
1
1
0.422048
0.00475798
0.001
0.001
0.030671
0.404106
1
1
0.910405
0.299512
0.0243014
0.001
0.001
0.001
0.001
0.0246076
0.300187
0.908991
1
1
0.406141
0.0305061
0.001
0.001
0.00480022
0.421431
1
1
1
1
1
1
1
0.995416
0.899875
0.766115
0.249135
0.001
0.001
0.243838
0.731558
0.901327
1
0.936806
0.906406
1
1
1
1
1
0.416185
0.001
0.001
0.001
0.00664387
0.251019
0.8
0.946318
0.828597
0.46639
0.109802
0.00502806
0.001
0.001
0.00462261
0.107063
0.468382
0.826737
0.944296
0.8
0.252736
0.00653826
0.001
0.001
0.001
0.416044
1
1
1
1
1
0.906406
0.936806
1
0.901636
0.740714
0.242431
0.001
0.001
0.0868769
0.246536
0.333923
0.441812
0.619552
0.897607
1
1
1
1
1
0.331967
0.001
0.001
0.001
0.0620501
0.317598
0.8
0.8
0.8
0.792245
0.35735
0.182303
0.0526291
0.0566499
0.182543
0.349519
0.792245
0.8
0.8
0.8
0.316955
0.0616231
0.001
0.001
0.001
0.332039
1
1
1
1
1
0.898565
0.619264
0.442625
0.332877
0.244523
0.0858796
0.001
0.001
0.001
0.001
0.001
0.0336559
0.244158
0.692146
1
1
1
1
1
0.307106
0.0120667
0.001
0.001
0.166376
0.563017
0.660639
0.743307
0.8
0.8
0.730653
0.532546
0.195358
0.213795
0.558392
0.730653
0.8
0.8
0.743307
0.660363
0.563917
0.172721
0.001
0.001
0.0121164
0.307132
1
1
1
1
1
0.691788
0.243996
0.0335866
0.001
0.001
0.001
0.001
0.001
0.001
0.001
0.00257666
0.115855
0.428821
0.782003
0.8
0.770601
0.8
0.758137
0.8
0.40698
0.110915
0.00161921
0.001
0.175269
0.548037
0.599756
0.720535
0.596629
0.710426
0.756644
0.58104
0.221638
0.250224
0.61818
0.756644
0.710426
0.596629
0.720535
0.599836
0.572381
0.186575
0.001
0.00164356
0.11145
0.406693
0.8
0.758056
0.8
0.770601
0.8
0.782003
0.428948
0.115681
0.00256966
0.001
0.001
0.001
0.001
0.001
0.001
0.044033
0.259547
0.706595
0.8
0.8
0.705848
0.701664
0.694181
0.773609
0.596423
0.262463
0.0433152
0.001
0.0726135
0.210287
0.23603
0.152281
0.123809
0.148236
0.211029
0.204512
0.0935726
0.110302
0.232357
0.227574
0.145702
0.124106
0.151593
0.243671
0.222894
0.0790505
0.001
0.0435349
0.263541
0.596423
0.773609
0.694164
0.701664
0.705848
0.8
0.8
0.706595
0.259262
0.0439691
0.001
0.001
0.001
0.001
0.001
0.001
0.0937245
0.653651
0.8
0.8
0.660168
0.248812
0.412732
0.640188
0.715271
0.788045
0.612137
0.157895
0.001
0.001
0.00217908
0.00276582
0.00219521
0.00119064
0.00192633
0.00222483
0.00169054
0.001
0.001
0.00166418
0.00213233
0.00180884
0.00113271
0.00207688
0.00257405
0.00199984
0.001
0.001
0.158602
0.61221
0.78803
0.715271
0.639911
0.412526
0.248628
0.660168
0.8
0.8
0.653651
0.0936417
0.001
0.001
0.001
0.001
0.001
0.001
0.150142
0.770005
0.781108
0.658156
0.200384
0.0673804
0.183313
0.470717
0.668246
0.734403
0.59539
0.192856
0.00122062
0.001
0.001
0.001
0.001
0.001
0.001
0.001
0.001
0.001
0.001
0.001
0.001
0.001
0.001
0.001
0.001
0.001
0.001
0.00123766
0.193771
0.595122
0.734339
0.668246
0.470737
0.183252
0.0673252
0.200304
0.658156
0.781108
0.770005
0.150085
0.001
0.001
0.001
0.001
0.001
0.001
0.141278
0.65184
0.667491
0.172939
0.0386294
0.00101946
0.0444162
0.121816
0.14651
0.182777
0.195992
0.0919177
0.001
0.001
0.001
0.001
0.001
0.001
0.001
0.001
0.001
0.001
0.001
0.001
0.001
0.001
0.001
0.001
0.001
0.001
0.001
0.001
0.092412
0.196954
0.183502
0.146486
0.121636
0.0443507
0.00101882
0.0386209
0.172911
0.667492
0.65184
0.141251
0.001
0.001
0.001
0.001
0.001
0.001
0.0642892
0.14522
0.125465
0.0365484
0.001
0.001
0.001
0.001
0.00111645
0.0019143
0.00197966
0.00126382
0.001
0.001
0.001
0.001
0.001
0.001
0.001
0.001
0.001
0.001
0.001
0.001
0.001
0.001
0.001
0.001
0.001
0.001
0.001
0.001
0.00127995
0.00200301
0.00193522
0.00112696
0.001
0.001
0.001
0.001
0.0365493
0.125457
0.145203
0.064279
0.001
0.001
0.001
0.001
0.001
0.001
0.001
0.001
0.001
0.001
0.001
0.001
0.001
0.001
0.001
0.001
0.001
0.001
0.001
0.001
0.001
0.001
0.001
0.001
0.001
0.001
0.001
0.001
0.001
0.001
0.001
0.001
0.001
0.001
0.001
0.001
0.001
0.001
0.001
0.001
0.001
0.001
0.001
0.001
0.001
0.001
0.001
0.001
0.001
0.001
0.001
0.001
0.001
0.001
0.001
0.001
0.001
0.001
0.001
0.001
0.001
0.001
0.001
0.001
0.001
0.001
0.001
0.001
0.001
0.001
0.001
0.001
0.001
0.001
0.001
0.001
0.001
0.001
0.001
0.001
0.001
0.001
0.001
0.001
0.001
0.001
0.001
0.001
0.001
0.001
0.001
0.001
0.001
0.001
0.001
0.001
0.001
0.001
0.001
0.001
0.001
0.001
0.001
0.001
0.001
0.001
0.001
0.001
0.001
0.001
0.001
0.001
0.001
0.001
0.001
0.001
0.001
0.001
0.001
0.001
0.001
0.001
0.001
0.001
0.001
0.001
0.001
0.001
0.001
0.001
0.001
0.001
0.001
0.001
0.001
0.001
0.001
0.001
0.001
0.001
0.001
0.001
0.001
0.001
0.001
0.001
0.001
0.001
0.001
0.001
0.001
0.001
0.001
0.001
0.001
0.001
0.001
0.001
0.001
0.001
0.001
0.001
0.001
0.001
0.001
0.001
0.001
0.001
0.001
0.001
0.001
0.001
0.001
0.001
0.001
0.001
0.001
0.001
0.001
0.001
0.001
0.001
0.001
0.001
0.001
0.001
0.001
0.001
0.001
0.001
0.001
0.001
0.001
0.001
0.001
0.001
0.001
0.001
0.001
0.001
0.001
0.001
0.001
0.001
0.001
0.001
0.0643097
0.145268
0.125509
0.0365625
0.001
0.001
0.001
0.001
0.00112357
0.00192847
0.00199543
0.00127466
0.001
0.001
0.001
0.001
0.001
0.001
0.001
0.001
0.001
0.001
0.001
0.001
0.001
0.001
0.001
0.001
0.001
0.001
0.001
0.001
0.00128444
0.00200965
0.00194129
0.00113009
0.001
0.001
0.001
0.001
0.0365525
0.125473
0.145225
0.0642903
0.001
0.001
0.001
0.001
0.001
0.001
0.141321
0.65184
0.667491
0.172987
0.0386385
0.0010197
0.0443912
0.121802
0.1466
0.183356
0.196753
0.0923106
0.001
0.001
0.001
0.001
0.001
0.001
0.001
0.001
0.001
0.001
0.001
0.001
0.001
0.001
0.001
0.001
0.001
0.001
0.001
0.001
0.0925812
0.197264
0.183716
0.146538
0.121688
0.0443645
0.00101923
0.0386294
0.172943
0.667491
0.65184
0.141279
0.001
0.001
0.001
0.001
0.001
0.001
0.150176
0.770005
0.781108
0.658156
0.200401
0.0673914
0.183374
0.470919
0.668246
0.734329
0.595095
0.193554
0.00123092
0.001
0.001
0.001
0.001
0.001
0.001
0.001
0.001
0.001
0.001
0.001
0.001
0.001
0.001
0.001
0.001
0.001
0.001
0.00123914
0.193979
0.594844
0.734268
0.668246
0.470751
0.183283
0.0673414
0.200343
0.658156
0.781108
0.770005
0.150135
0.001
0.001
0.001
0.001
0.001
0.001
0.0937389
0.653651
0.8
0.8
0.660168
0.248782
0.412781
0.640095
0.715271
0.788027
0.612217
0.158382
0.001
0.001
0.00193908
0.0024934
0.00201117
0.00112134
0.00223003
0.00283814
0.0023469
0.00100966
0.001
0.00191395
0.00237718
0.001942
0.00111647
0.00205601
0.00255105
0.001983
0.001
0.001
0.158629
0.612287
0.788013
0.715271
0.639907
0.412597
0.248612
0.660168
0.8
0.8
0.653651
0.0937139
0.001
0.001
0.001
0.001
0.001
0.001
0.0440418
0.259543
0.706595
0.8
0.8
0.705848
0.701664
0.694156
0.773609
0.596423
0.263058
0.0434202
0.001
0.0786536
0.221047
0.241049
0.149988
0.123993
0.151613
0.203612
0.188268
0.0831176
0.0927082
0.201408
0.207194
0.146695
0.123332
0.150942
0.243421
0.223152
0.0793438
0.001
0.0434467
0.263294
0.596423
0.773609
0.694141
0.701664
0.705848
0.8
0.8
0.706595
0.259497
0.0440277
0.001
0.001
0.001
0.001
0.001
0.001
0.00257715
0.115819
0.428986
0.782003
0.8
0.770601
0.8
0.758058
0.8
0.406849
0.11124
0.00163136
0.001
0.18541
0.569399
0.599858
0.720535
0.596629
0.710426
0.756644
0.57569
0.197259
0.217875
0.552117
0.756644
0.710426
0.596629
0.720535
0.599939
0.572745
0.186973
0.001
0.00163719
0.111368
0.406571
0.8
0.757982
0.8
0.770601
0.8
0.782003
0.429101
0.115821
0.00257608
0.001
0.001
0.001
0.001
0.001
0.001
0.001
0.0336126
0.24427
0.692412
1
1
1
1
1
0.307027
0.0121067
0.001
0.001
0.171567
0.563984
0.660369
0.743307
0.8
0.8
0.730653
0.489593
0.176219
0.191757
0.51534
0.730653
0.8
0.8
0.743307
0.660099
0.563951
0.172695
0.001
0.001
0.0120944
0.306936
1
1
1
1
1
0.692504
0.244313
0.0335326
0.001
0.001
0.001
0.001
0.001
0.0861656
0.244459
0.331679
0.440467
0.619368
0.898772
1
1
1
1
1
0.331819
0.001
0.001
0.001
0.0613096
0.316831
0.8
0.8
0.8
0.792245
0.349259
0.173255
0.0516062
0.0531669
0.176738
0.346775
0.792245
0.8
0.8
0.8
0.315599
0.0612908
0.001
0.001
0.001
0.331793
1
1
1
1
1
0.899672
0.618712
0.440626
0.331477
0.244308
0.0861747
0.001
0.001
0.242862
0.728161
0.901571
1
0.936806
0.906406
1
1
1
1
1
0.415749
0.001
0.001
0.001
0.0067382
0.253648
0.8
0.950602
0.831766
0.466522
0.107692
0.00479209
0.001
0.001
0.00480169
0.10682
0.468482
0.824577
0.942937
0.8
0.251188
0.00646495
0.001
0.001
0.001
0.415817
1
1
1
1
1
0.906406
0.936806
1
0.902162
0.730357
0.242702
0.001
0.001
0.249208
0.755246
0.899965
0.99537
1
1
1
1
1
1
1
0.421235
0.00478534
0.001
0.001
0.0308792
0.407062
1
1
0.912814
0.300646
0.0238973
0.001
0.001
0.001
0.001
0.0242018
0.298217
0.906921
1
1
0.404245
0.0303973
0.001
0.001
0.00477828
0.421367
1
1
1
1
1
1
1
0.995092
0.899977
0.760469
0.248791
0.001
0.001
0.0951664
0.268604
0.358019
0.39687
0.615417
0.964414
1
1
1
1
1
0.494854
0.06508
0.001
0.001
0.114503
0.693577
1
1
0.87429
0.195174
0.00148337
0.001
0.001
0.001
0.001
0.00147075
0.193573
0.868682
1
1
0.689705
0.11386
0.001
0.001
0.0650491
0.494951
1
1
1
1
1
0.964414
0.615535
0.398153
0.358545
0.26823
0.0948052
0.001
0.001
0.001
0.001
0.001
0.0127496
0.160716
0.548069
1
1
1
1
1
0.885476
0.240313
0.0147783
0.001
0.210611
0.990231
1
1
0.71756
0.138233
0.001
0.001
0.001
0.001
0.001
0.001
0.137581
0.714224
1
1
0.985074
0.209617
0.001
0.014745
0.240167
0.885288
1
1
1
1
1
0.548612
0.160706
0.0127835
0.001
0.001
0.001
0.001
0.001
0.001
0.001
0.001
0.001
0.00646747
0.225256
0.670153
1
1
1
1
1
0.624311
0.110052
0.0112301
0.342594
1
1
1
0.432898
0.0501431
0.001
0.001
0.001
0.001
0.001
0.001
0.0501125
0.431459
1
1
1
0.340573
0.0110615
0.109971
0.623977
1
1
1
1
1
0.669062
0.22464
0.0064128
0.001
0.001
0.001
0.001
0.001
0.001
0.001
0.001
0.001
0.001
0.0831191
0.373759
0.813914
1
1
1
1
1
1
0.45855
0.189466
0.646822
1
1
1
0.28173
0.00431812
0.001
0.001
0.001
0.001
0.001
0.001
0.00428988
0.281199
1
1
1
0.643997
0.189122
0.458307
1
1
1
1
1
1
0.812674
0.36305
0.0778811
0.001
0.001
0.001
0.001
0.001
0.001
0.001
0.001
0.001
0.001
0.246191
0.747591
0.875085
0.984494
1
1
1
1
1
1
0.580876
1
1
1
0.96943
0.214911
0.001
0.001
0.001
0.001
0.001
0.001
0.001
0.001
0.21468
0.966429
1
1
1
0.580266
1
1
1
1
1
1
0.984975
0.875085
0.735362
0.232587
0.001
0.001
0.001
0.001
0.001
0.001
0.001
0.001
0.001
0.001
0.259179
0.751239
0.788286
0.71452
0.977743
1
1
1
1
1
1
1
1
1
0.740435
0.15034
0.001
0.001
0.001
0.001
0.001
0.001
0.001
0.001
0.150006
0.737806
1
1
1
1
1
1
1
1
1
0.977775
0.711766
0.789572
0.72559
0.246676
0.001
0.001
0.001
0.001
0.001
0.001
0.001
0.001
0.001
0.001
0.101683
0.270997
0.301874
0.241581
0.490205
1
1
1
1
1
1
1
1
1
0.679083
0.1369
0.001
0.001
0.001
0.001
0.001
0.001
0.001
0.001
0.136758
0.676862
1
1
1
1
1
1
1
1
1
0.491576
0.241337
0.295493
0.262584
0.0978974
0.001
0.001
0.001
0.001
0.001
0.001
0.001
0.001
0.001
0.001
0.001
0.001
0.001
0.0083442
0.164671
0.740243
1
1
1
1
1
1
1
1
0.801804
0.179438
0.001
0.001
0.001
0.001
0.001
0.001
0.001
0.001
0.179382
0.799832
1
1
1
1
1
1
1
1
0.741086
0.165574
0.00850922
0.001
0.001
0.001
0.001
0.001
0.001
0.001
0.001
0.001
0.001
0.001
0.001
0.001
0.001
0.001
0.001
0.001
0.0405646
0.294042
1
1
1
1
1
1
1
1
1
0.242564
0.00121261
0.001
0.001
0.001
0.001
0.001
0.001
0.00122448
0.242381
1
1
1
1
1
1
1
1
1
0.29437
0.0407959
0.001
0.001
0.001
0.001
0.001
0.001
0.001
0.001
0.001
0.001
0.001
0.001
0.001
0.001
0.001
0.001
0.001
0.001
0.001
0.0742535
0.640192
1
1
1
1
1
1
1
1
0.40137
0.0227492
0.001
0.001
0.001
0.001
0.001
0.001
0.0228164
0.400804
1
1
1
1
1
1
1
1
0.640018
0.0744614
0.001
0.001
0.001
0.001
0.001
0.001
0.001
0.001
0.001
0.001
0.001
0.001
0.120297
0.293955
0.300388
0.219913
0.238377
0.228766
0.158741
0.145712
0.177418
0.45959
1
1
1
1
1
1
1
1
0.648111
0.0835687
0.0367607
0.0579646
0.0334475
0.0334089
0.0578986
0.0367218
0.0835765
0.646982
1
1
1
1
1
1
1
1
0.46065
0.179193
0.147325
0.160094
0.229535
0.238629
0.219932
0.300431
0.293999
0.120315
0.001
0.001
0.001
0.001
0.253141
0.748436
0.837763
0.994677
0.888132
0.847199
0.900508
0.918248
0.939318
0.990767
1
1
1
1
1
1
1
1
1
1
1
0.699987
0.207694
0.207606
0.699649
1
1
1
1
1
1
1
1
1
1
1
0.990765
0.939318
0.918251
0.900511
0.847201
0.888132
0.994677
0.837763
0.748435
0.253173
0.001
0.001
0.001
0.001
0.269013
0.987562
0.998535
1
1
1
1
1
1
1
1
1
1
1
1
1
1
1
1
1
1
1
0.392284
0.392172
1
1
1
1
1
1
1
1
1
1
1
1
1
1
1
1
1
1
1
0.998535
0.987562
0.269034
0.001
0.001
