0.002754
0.0550391
0.190597
0.333263
0.424065
0.493421
0.565495
0.635539
0.699308
0.756357
0.805596
0.846993
0.881085
0.906865
0.93085
0.943076
0.954565
0.959944
0.962237
0.96144
0.960866
0.958134
0.963663
0.977824
0.985536
1
1
1
1
1
1
1
1
1
1
1
1
1
1
1
1
1
1
1
1
1
1
0.951119
0.902253
0.879156
0.879156
0.902253
0.951119
1
1
1
1
1
1
1
1
1
1
1
1
1
1
1
1
1
1
1
1
1
1
0.985536
0.977824
0.963663
0.958134
0.960866
0.96144
0.962237
0.959944
0.954565
0.943076
0.93085
0.906865
0.881085
0.846993
0.805596
0.756357
0.699308
0.635539
0.565495
0.493421
0.424065
0.333263
0.190597
0.0550391
0.002754
0.00147341
0.0318735
0.119003
0.229429
0.30595
0.353036
0.393351
0.430814
0.465027
0.494385
0.519829
0.541142
0.559157
0.573815
0.589957
0.610832
0.634228
0.654632
0.671684
0.685596
0.694616
0.70072
0.699968
0.712201
0.767827
0.875825
1
1
1
1
1
1
1
1
1
1
1
1
1
1
1
1
1
1
0.941058
0.803765
0.8
0.775987
0.735977
0.716896
0.716896
0.735977
0.775987
0.8
0.803765
0.941058
1
1
1
1
1
1
1
1
1
1
1
1
1
1
1
1
1
1
0.875825
0.767827
0.712201
0.699968
0.70072
0.694616
0.685596
0.671684
0.654632
0.634228
0.610832
0.589957
0.573815
0.559157
0.541142
0.519829
0.494385
0.465027
0.430814
0.393351
0.353036
0.30595
0.229429
0.119003
0.0318735
0.00147341
0.001
0.00826905
0.0439413
0.107803
0.170354
0.208203
0.227539
0.237802
0.243612
0.246466
0.247449
0.247667
0.24807
0.249494
0.25422
0.263958
0.277981
0.294648
0.31253
0.332183
0.353563
0.377144
0.411199
0.474501
0.592535
0.782735
1
1
1
1
1
1
1
1
1
1
1
1
1
0.852836
0.658812
0.513117
0.416346
0.355494
0.316492
0.290886
0.273854
0.262722
0.255958
0.252743
0.252743
0.255958
0.262722
0.273854
0.290886
0.316492
0.355494
0.416346
0.513117
0.658812
0.852836
1
1
1
1
1
1
1
1
1
1
1
1
1
0.782735
0.592535
0.474501
0.411199
0.377144
0.353563
0.332183
0.31253
0.294648
0.277981
0.263958
0.25422
0.249494
0.24807
0.247667
0.247449
0.246466
0.243612
0.237802
0.227539
0.208203
0.170354
0.107803
0.0439413
0.00826905
0.001
0.001
0.00114412
0.0124657
0.0447413
0.0919807
0.133446
0.156994
0.166128
0.167261
0.164134
0.159244
0.154137
0.149804
0.146975
0.146621
0.149814
0.156884
0.1681
0.183394
0.203617
0.230436
0.268683
0.332956
0.448419
0.631303
0.869077
1
1
1
1
1
1
1
1
1
1
1
1
1
0.836273
0.658214
0.530535
0.44624
0.390605
0.352479
0.325901
0.307368
0.294786
0.286909
0.283101
0.283101
0.286909
0.294786
0.307368
0.325901
0.352479
0.390605
0.44624
0.530535
0.658214
0.836273
1
1
1
1
1
1
1
1
1
1
1
1
1
0.869077
0.631303
0.448419
0.332956
0.268683
0.230436
0.203617
0.183394
0.1681
0.156884
0.149814
0.146621
0.146975
0.149804
0.154137
0.159244
0.164134
0.167261
0.166128
0.156994
0.133446
0.0919807
0.0447413
0.0124657
0.00114412
0.001
0.001
0.001
0.00368815
0.0196357
0.0519403
0.0895003
0.116974
0.130129
0.134079
0.133357
0.131117
0.128988
0.12789
0.128287
0.130494
0.134875
0.141638
0.151424
0.165084
0.184861
0.215749
0.268628
0.362405
0.520379
0.74032
0.988619
1
1
1
1
1
1
1
1
1
1
1
1
0.953835
0.746979
0.582033
0.475016
0.405782
0.359224
0.325713
0.301077
0.283097
0.270512
0.262507
0.25861
0.25861
0.262507
0.270512
0.283097
0.301077
0.325713
0.359224
0.405782
0.475016
0.582033
0.746979
0.953835
1
1
1
1
1
1
1
1
1
1
1
1
0.988619
0.74032
0.520379
0.362405
0.268628
0.215749
0.184861
0.165084
0.151424
0.141638
0.134875
0.130494
0.128287
0.12789
0.128988
0.131117
0.133357
0.134079
0.130129
0.116974
0.0895003
0.0519403
0.0196357
0.00368815
0.001
0.001
0.001
0.001
0.00236812
0.0144066
0.0416671
0.0760916
0.103368
0.117984
0.124175
0.126604
0.128267
0.130502
0.133994
0.138974
0.145494
0.153602
0.163425
0.175475
0.19135
0.214654
0.253666
0.323526
0.445361
0.631096
0.860065
1
1
1
1
1
1
1
1
1
1
1
1
1
0.880137
0.687555
0.543995
0.45217
0.391915
0.35021
0.318975
0.295072
0.276967
0.263915
0.255442
0.251268
0.251268
0.255442
0.263915
0.276967
0.295072
0.318975
0.35021
0.391915
0.45217
0.543995
0.687555
0.880137
1
1
1
1
1
1
1
1
1
1
1
1
1
0.860065
0.631096
0.445361
0.323526
0.253666
0.214654
0.19135
0.175475
0.163425
0.153602
0.145494
0.138974
0.133994
0.130502
0.128267
0.126604
0.124175
0.117984
0.103368
0.0760916
0.0416671
0.0144066
0.00236812
0.001
0.001
0.001
0.001
0.00258589
0.0160924
0.0462493
0.0834013
0.112105
0.12801
0.136655
0.142804
0.148679
0.155169
0.16261
0.171052
0.180455
0.190792
0.202285
0.21568
0.233401
0.260873
0.309269
0.395936
0.539165
0.736765
0.950689
1
1
1
1
1
1
1
1
1
1
1
1
1
0.803522
0.63228
0.51129
0.432309
0.379054
0.34082
0.311279
0.287979
0.269825
0.256394
0.247509
0.24308
0.24308
0.247509
0.256394
0.269825
0.287979
0.311279
0.34082
0.379054
0.432309
0.51129
0.63228
0.803522
1
1
1
1
1
1
1
1
1
1
1
1
1
0.950689
0.736765
0.539165
0.395936
0.309269
0.260873
0.233401
0.21568
0.202285
0.190792
0.180455
0.171052
0.16261
0.155169
0.148679
0.142804
0.136655
0.12801
0.112105
0.0834013
0.0462493
0.0160924
0.00258589
0.001
0.001
0.001
0.001
0.00332181
0.020593
0.0576361
0.101273
0.133615
0.151982
0.163843
0.173782
0.183382
0.193143
0.203216
0.213608
0.224294
0.235286
0.246954
0.260534
0.279535
0.311488
0.369636
0.471452
0.627693
0.824073
1
1
1
1
1
1
1
1
1
1
1
1
1
0.90985
0.732095
0.586739
0.484925
0.416319
0.368523
0.333042
0.304866
0.281947
0.263659
0.249839
0.240547
0.235868
0.235868
0.240547
0.249839
0.263659
0.281947
0.304866
0.333042
0.368523
0.416319
0.484925
0.586739
0.732095
0.90985
1
1
1
1
1
1
1
1
1
1
1
1
1
0.824073
0.627693
0.471452
0.369636
0.311488
0.279535
0.260534
0.246954
0.235286
0.224294
0.213608
0.203216
0.193143
0.183382
0.173782
0.163843
0.151982
0.133615
0.101273
0.0576361
0.020593
0.00332181
0.001
0.001
0.001
0.001
0.00435238
0.026371
0.071435
0.122105
0.158292
0.179452
0.194647
0.207998
0.220578
0.232664
0.244358
0.255689
0.266671
0.277401
0.288474
0.301868
0.322423
0.359696
0.427799
0.54199
0.703004
0.888957
1
1
1
1
1
1
1
1
1
1
1
1
0.992139
0.824652
0.670054
0.550049
0.463982
0.403834
0.360156
0.326699
0.299419
0.276814
0.258395
0.244227
0.234566
0.229658
0.229658
0.234566
0.244227
0.258395
0.276814
0.299419
0.326699
0.360156
0.403834
0.463982
0.550049
0.670054
0.824652
0.992139
1
1
1
1
1
1
1
1
1
1
1
1
0.888957
0.703004
0.54199
0.427799
0.359696
0.322423
0.301868
0.288474
0.277401
0.266671
0.255689
0.244358
0.232664
0.220578
0.207998
0.194647
0.179452
0.158292
0.122105
0.071435
0.026371
0.00435238
0.001
0.001
0.001
0.001
0.00551861
0.0322812
0.0845402
0.140719
0.17957
0.20301
0.221074
0.23724
0.252165
0.265984
0.278778
0.290596
0.301479
0.311657
0.322103
0.335783
0.359077
0.403066
0.481291
0.604999
0.764886
0.935767
1
1
1
1
1
1
1
1
1
1
1
1
0.895501
0.747781
0.619518
0.521065
0.4477
0.394443
0.354176
0.322194
0.295488
0.27288
0.254144
0.239542
0.229476
0.224327
0.224327
0.229476
0.239542
0.254144
0.27288
0.295488
0.322194
0.354176
0.394443
0.4477
0.521065
0.619518
0.747781
0.895501
1
1
1
1
1
1
1
1
1
1
1
1
0.935767
0.764886
0.604999
0.481291
0.403066
0.359077
0.335783
0.322103
0.311657
0.301479
0.290596
0.278778
0.265984
0.252165
0.23724
0.221074
0.20301
0.17957
0.140719
0.0845402
0.0322812
0.00551861
0.001
0.001
0.001
0.001
0.00668147
0.037549
0.0952918
0.154887
0.194973
0.219888
0.240076
0.258349
0.275026
0.290132
0.303717
0.31583
0.326542
0.336294
0.34667
0.36181
0.389674
0.441885
0.530155
0.660498
0.814889
0.968641
1
1
1
1
1
1
1
1
1
1
1
0.944242
0.809266
0.683588
0.580098
0.499328
0.436878
0.388428
0.350603
0.319576
0.293178
0.270486
0.251449
0.236445
0.22601
0.220642
0.220642
0.22601
0.236445
0.251449
0.270486
0.293178
0.319576
0.350603
0.388428
0.436878
0.499328
0.580098
0.683588
0.809266
0.944242
1
1
1
1
1
1
1
1
1
1
1
0.968641
0.814889
0.660498
0.530155
0.441885
0.389674
0.36181
0.34667
0.336294
0.326542
0.31583
0.303717
0.290132
0.275026
0.258349
0.240076
0.219888
0.194973
0.154887
0.0952918
0.037549
0.00668147
0.001
0.001
0.001
0.001
0.00774992
0.0418553
0.103339
0.164605
0.20486
0.230529
0.252066
0.271715
0.289551
0.305517
0.319627
0.331915
0.342529
0.352258
0.363541
0.381829
0.416335
0.478151
0.57574
0.709508
0.855645
0.990968
1
1
1
1
1
1
1
1
1
1
0.969672
0.851497
0.735421
0.633605
0.550808
0.484123
0.430176
0.386167
0.34974
0.318928
0.292357
0.269335
0.249897
0.234482
0.223704
0.21814
0.21814
0.223704
0.234482
0.249897
0.269335
0.292357
0.318928
0.34974
0.386167
0.430176
0.484123
0.550808
0.633605
0.735421
0.851497
0.969672
1
1
1
1
1
1
1
1
1
1
0.990968
0.855645
0.709508
0.57574
0.478151
0.416335
0.381829
0.363541
0.352258
0.342529
0.331915
0.319627
0.305517
0.289551
0.271715
0.252066
0.230529
0.20486
0.164605
0.103339
0.0418553
0.00774992
0.001
0.001
0.001
0.001
0.0086892
0.0452208
0.109066
0.170845
0.210661
0.236582
0.25884
0.279246
0.297718
0.314152
0.328527
0.340892
0.351568
0.361893
0.375378
0.398794
0.44186
0.51392
0.619201
0.752861
0.888916
1
1
1
1
1
1
1
1
1
1
0.975926
0.875128
0.771348
0.6767
0.596581
0.530214
0.474563
0.42719
0.386465
0.351249
0.320567
0.293657
0.270182
0.250284
0.234451
0.223346
0.2176
0.2176
0.223346
0.234451
0.250284
0.270182
0.293657
0.320567
0.351249
0.386465
0.42719
0.474563
0.530214
0.596581
0.6767
0.771348
0.875128
0.975926
1
1
1
1
1
1
1
1
1
1
0.888916
0.752861
0.619201
0.51392
0.44186
0.398794
0.375378
0.361893
0.351568
0.340892
0.328527
0.314152
0.297718
0.279246
0.25884
0.236582
0.210661
0.170845
0.109066
0.0452208
0.0086892
0.001
0.001
0.001
0.001
0.00951073
0.0478398
0.11309
0.174712
0.213826
0.239722
0.262284
0.28301
0.301724
0.318311
0.332736
0.345131
0.356151
0.367921
0.385171
0.415733
0.468797
0.550739
0.661372
0.790976
0.915008
1
1
1
1
1
1
1
1
1
0.969651
0.883002
0.792342
0.707397
0.633355
0.570619
0.516726
0.46937
0.427006
0.38882
0.354426
0.323576
0.29609
0.271963
0.251463
0.235128
0.223654
0.21771
0.21771
0.223654
0.235128
0.251463
0.271963
0.29609
0.323576
0.354426
0.38882
0.427006
0.46937
0.516726
0.570619
0.633355
0.707397
0.792342
0.883002
0.969651
1
1
1
1
1
1
1
1
1
0.915008
0.790976
0.661372
0.550739
0.468797
0.415733
0.385171
0.367921
0.356151
0.345131
0.332736
0.318311
0.301724
0.28301
0.262284
0.239722
0.213826
0.174712
0.11309
0.0478398
0.00951073
0.001
0.001
0.001
0.001
0.0102568
0.0499629
0.11601
0.17711
0.215445
0.2412
0.263832
0.284612
0.303317
0.319842
0.334185
0.346678
0.358522
0.372864
0.395655
0.435171
0.49892
0.589481
0.702558
0.824943
0.934744
1
1
1
1
1
1
1
1
0.956707
0.88102
0.801479
0.726236
0.659776
0.60274
0.553017
0.508372
0.467171
0.428572
0.392367
0.358681
0.327722
0.299698
0.274875
0.25368
0.236739
0.224814
0.218627
0.218627
0.224814
0.236739
0.25368
0.274875
0.299698
0.327722
0.358681
0.392367
0.428572
0.467171
0.508372
0.553017
0.60274
0.659776
0.726236
0.801479
0.88102
0.956707
1
1
1
1
1
1
1
1
0.934744
0.824943
0.702558
0.589481
0.49892
0.435171
0.395655
0.372864
0.358522
0.346678
0.334185
0.319842
0.303317
0.284612
0.263832
0.2412
0.215445
0.17711
0.11601
0.0499629
0.0102568
0.001
0.001
0.001
0.001
0.0109839
0.0518288
0.118303
0.178674
0.216231
0.241817
0.264408
0.285101
0.303652
0.319998
0.334246
0.347092
0.360521
0.378863
0.409047
0.45887
0.533139
0.630488
0.743126
0.856216
0.950271
1
1
1
1
1
1
0.996011
0.941033
0.873757
0.802784
0.735709
0.676627
0.625919
0.581625
0.541438
0.503523
0.466828
0.431048
0.396383
0.363281
0.332236
0.303712
0.278191
0.256256
0.238643
0.226204
0.219737
0.219737
0.226204
0.238643
0.256256
0.278191
0.303712
0.332236
0.363281
0.396383
0.431048
0.466828
0.503523
0.541438
0.581625
0.625919
0.676627
0.735709
0.802784
0.873757
0.941033
0.996011
1
1
1
1
1
1
0.950271
0.856216
0.743126
0.630488
0.533139
0.45887
0.409047
0.378863
0.360521
0.347092
0.334246
0.319998
0.303652
0.285101
0.264408
0.241817
0.216231
0.178674
0.118303
0.0518288
0.0109839
0.001
0.001
0.001
0.001
0.0117466
0.0536239
0.120299
0.179803
0.2166
0.242029
0.26453
0.28507
0.303402
0.319555
0.333849
0.347554
0.363657
0.38767
0.426936
0.487727
0.571529
0.673463
0.78322
0.885886
0.964348
1
1
1
1
1
0.977141
0.925125
0.863681
0.799327
0.738574
0.685684
0.64081
0.602132
0.567215
0.533916
0.500858
0.467474
0.433837
0.400416
0.367851
0.336802
0.307898
0.281773
0.259144
0.240867
0.227901
0.221141
0.221141
0.227901
0.240867
0.259144
0.281773
0.307898
0.336802
0.367851
0.400416
0.433837
0.467474
0.500858
0.533916
0.567215
0.602132
0.64081
0.685684
0.738574
0.799327
0.863681
0.925125
0.977141
1
1
1
1
1
0.964348
0.885886
0.78322
0.673463
0.571529
0.487727
0.426936
0.38767
0.363657
0.347554
0.333849
0.319555
0.303402
0.28507
0.26453
0.242029
0.2166
0.179803
0.120299
0.0536239
0.0117466
0.001
0.001
0.001
0.001
0.0125861
0.0554631
0.122179
0.180702
0.216761
0.242057
0.264464
0.284833
0.302949
0.319002
0.333681
0.349039
0.369215
0.400649
0.450231
0.521785
0.6134
0.717452
0.822286
0.913985
0.978546
1
1
1
0.994695
0.95912
0.910953
0.85361
0.793813
0.737573
0.689135
0.648853
0.615138
0.585452
0.557325
0.528961
0.499422
0.468514
0.436566
0.404205
0.372176
0.341228
0.312085
0.285489
0.262267
0.243388
0.22993
0.22289
0.22289
0.22993
0.243388
0.262267
0.285489
0.312085
0.341228
0.372176
0.404205
0.436566
0.468514
0.499422
0.528961
0.557325
0.585452
0.615138
0.648853
0.689135
0.737573
0.793813
0.85361
0.910953
0.95912
0.994695
1
1
1
0.978546
0.913985
0.822286
0.717452
0.6134
0.521785
0.450231
0.400649
0.369215
0.349039
0.333681
0.319002
0.302949
0.284833
0.264464
0.242057
0.216761
0.180702
0.122179
0.0554631
0.0125861
0.001
0.001
0.001
0.001
0.013527
0.0573987
0.124015
0.181453
0.216801
0.241996
0.264331
0.284542
0.302535
0.318712
0.334341
0.352449
0.378317
0.418732
0.479131
0.560321
0.657353
0.76073
0.858476
0.938333
0.990026
1
1
0.984758
0.94833
0.90067
0.845722
0.788363
0.734923
0.689109
0.651877
0.621933
0.596783
0.573671
0.550378
0.525528
0.498563
0.469558
0.439
0.407594
0.376126
0.345384
0.316146
0.289224
0.265533
0.246149
0.23226
0.224971
0.224971
0.23226
0.246149
0.265533
0.289224
0.316146
0.345384
0.376126
0.407594
0.439
0.469558
0.498563
0.525528
0.550378
0.573671
0.596783
0.621933
0.651877
0.689109
0.734923
0.788363
0.845722
0.90067
0.94833
0.984758
1
1
0.990026
0.938333
0.858476
0.76073
0.657353
0.560321
0.479131
0.418732
0.378317
0.352449
0.334341
0.318712
0.302535
0.284542
0.264331
0.241996
0.216801
0.181453
0.124015
0.0573987
0.013527
0.001
0.001
0.001
0.00103566
0.0145839
0.0594479
0.125825
0.182084
0.21676
0.241899
0.264207
0.284332
0.302362
0.319042
0.336439
0.358669
0.391879
0.442344
0.513159
0.601997
0.701473
0.801009
0.889051
0.955287
0.992797
1
0.982672
0.946649
0.898049
0.842261
0.785303
0.73254
0.687561
0.651623
0.623938
0.602145
0.583361
0.564969
0.545122
0.522824
0.497822
0.470368
0.441032
0.410542
0.379687
0.34926
0.320062
0.292954
0.268927
0.249144
0.234902
0.227405
0.227405
0.234902
0.249144
0.268927
0.292954
0.320062
0.34926
0.379687
0.410542
0.441032
0.470368
0.497822
0.522824
0.545122
0.564969
0.583361
0.602145
0.623938
0.651623
0.687561
0.73254
0.785303
0.842261
0.898049
0.946649
0.982672
1
0.992797
0.955287
0.889051
0.801009
0.701473
0.601997
0.513159
0.442344
0.391879
0.358669
0.336439
0.319042
0.302362
0.284332
0.264207
0.241899
0.21676
0.182084
0.125825
0.0594479
0.0145839
0.00103566
0.001
0.001
0.0012011
0.0157696
0.0616219
0.12762
0.182623
0.21668
0.241823
0.264168
0.284322
0.302646
0.320402
0.340651
0.368551
0.410528
0.471365
0.551261
0.645042
0.743571
0.835896
0.91143
0.961975
0.98334
0.976233
0.945653
0.898776
0.843062
0.78542
0.731644
0.685732
0.64951
0.62258
0.602848
0.587362
0.573244
0.558182
0.540773
0.520359
0.496906
0.470772
0.442556
0.412973
0.382785
0.352771
0.323739
0.296583
0.272349
0.252285
0.237776
0.230116
0.230116
0.237776
0.252285
0.272349
0.296583
0.323739
0.352771
0.382785
0.412973
0.442556
0.470772
0.496906
0.520359
0.540773
0.558182
0.573244
0.587362
0.602848
0.62258
0.64951
0.685732
0.731644
0.78542
0.843062
0.898776
0.945653
0.976233
0.98334
0.961975
0.91143
0.835896
0.743571
0.645042
0.551261
0.471365
0.410528
0.368551
0.340651
0.320402
0.302646
0.284322
0.264168
0.241823
0.21668
0.182623
0.12762
0.0616219
0.0157696
0.0012011
0.001
0.001
0.00140598
0.0170985
0.0639371
0.129425
0.183117
0.21662
0.241836
0.264296
0.284655
0.303646
0.323292
0.347712
0.382838
0.434492
0.505128
0.591932
0.687422
0.781418
0.863249
0.923796
0.957179
0.961764
0.94027
0.898822
0.845256
0.787461
0.732214
0.68443
0.646673
0.619117
0.600021
0.586575
0.575743
0.56492
0.552246
0.536654
0.517746
0.495629
0.470714
0.443592
0.414943
0.38549
0.355984
0.327235
0.300156
0.275844
0.25561
0.240922
0.233149
0.233149
0.240922
0.25561
0.275844
0.300156
0.327235
0.355984
0.38549
0.414943
0.443592
0.470714
0.495629
0.517746
0.536654
0.552246
0.56492
0.575743
0.586575
0.600021
0.619117
0.646673
0.68443
0.732214
0.787461
0.845256
0.898822
0.94027
0.961764
0.957179
0.923796
0.863249
0.781418
0.687422
0.591932
0.505128
0.434492
0.382838
0.347712
0.323292
0.303646
0.284655
0.264296
0.241836
0.21662
0.183117
0.129425
0.0639371
0.0170985
0.00140598
0.001
0.001
0.00166036
0.0185861
0.0664113
0.131271
0.183615
0.216638
0.241998
0.264677
0.2855
0.305714
0.328318
0.358381
0.402034
0.463528
0.542482
0.633345
0.726989
0.812903
0.881333
0.925098
0.940828
0.929389
0.895419
0.846109
0.789604
0.733482
0.683628
0.643569
0.614299
0.594648
0.582057
0.573471
0.566057
0.5576
0.546643
0.532432
0.514771
0.493848
0.470086
0.444045
0.416356
0.387697
0.358789
0.330431
0.303554
0.27929
0.259007
0.244234
0.2364
0.2364
0.244234
0.259007
0.27929
0.303554
0.330431
0.358789
0.387697
0.416356
0.444045
0.470086
0.493848
0.514771
0.532432
0.546643
0.5576
0.566057
0.573471
0.582057
0.594648
0.614299
0.643569
0.683628
0.733482
0.789604
0.846109
0.895419
0.929389
0.940828
0.925098
0.881333
0.812903
0.726989
0.633345
0.542482
0.463528
0.402034
0.358381
0.328318
0.305714
0.2855
0.264677
0.241998
0.216638
0.183615
0.131271
0.0664113
0.0185861
0.00166036
0.001
0.001
0.00197647
0.0202458
0.0690546
0.133178
0.184158
0.21678
0.242366
0.265431
0.287096
0.309332
0.336161
0.373324
0.426276
0.496898
0.581873
0.673459
0.761592
0.836144
0.888884
0.91495
0.913573
0.887939
0.84428
0.790461
0.734431
0.682886
0.64034
0.608724
0.587575
0.574734
0.567263
0.56224
0.557226
0.550449
0.540807
0.527774
0.511266
0.491505
0.468899
0.443965
0.417282
0.389482
0.361256
0.333393
0.306834
0.282741
0.262523
0.24776
0.239918
0.239918
0.24776
0.262523
0.282741
0.306834
0.333393
0.361256
0.389482
0.417282
0.443965
0.468899
0.491505
0.511266
0.527774
0.540807
0.550449
0.557226
0.56224
0.567263
0.574734
0.587575
0.608724
0.64034
0.682886
0.734431
0.790461
0.84428
0.887939
0.913573
0.91495
0.888884
0.836144
0.761592
0.673459
0.581873
0.496898
0.426276
0.373324
0.336161
0.309332
0.287096
0.265431
0.242366
0.21678
0.184158
0.133178
0.0690546
0.0202458
0.00197647
0.001
0.001
0.00236925
0.0220893
0.0718689
0.135156
0.184774
0.217089
0.243015
0.266723
0.289784
0.315076
0.347526
0.392995
0.455251
0.533395
0.621435
0.710116
0.78919
0.849599
0.885162
0.893581
0.876613
0.839422
0.789346
0.734389
0.681795
0.636933
0.602671
0.579357
0.565371
0.558021
0.554399
0.551934
0.548631
0.543108
0.534535
0.522546
0.507127
0.488504
0.467054
0.443245
0.417605
0.390721
0.363257
0.335989
0.309865
0.286068
0.266038
0.25138
0.243587
0.243587
0.25138
0.266038
0.286068
0.309865
0.335989
0.363257
0.390721
0.417605
0.443245
0.467054
0.488504
0.507127
0.522546
0.534535
0.543108
0.548631
0.551934
0.554399
0.558021
0.565371
0.579357
0.602671
0.636933
0.681795
0.734389
0.789346
0.839422
0.876613
0.893581
0.885162
0.849599
0.78919
0.710116
0.621435
0.533395
0.455251
0.392995
0.347526
0.315076
0.289784
0.266723
0.243015
0.217089
0.184774
0.135156
0.0718689
0.0220893
0.00236925
0.001
0.001
0.00285751
0.0241299
0.074854
0.137214
0.185494
0.217622
0.244063
0.268799
0.294029
0.323602
0.363051
0.417439
0.488167
0.571401
0.659078
0.741152
0.807964
0.852158
0.869991
0.861797
0.831599
0.786053
0.733015
0.680063
0.633258
0.596337
0.570476
0.554678
0.54659
0.543413
0.542534
0.541837
0.539752
0.535213
0.527589
0.516609
0.502282
0.484818
0.464551
0.441899
0.417344
0.391435
0.364808
0.338231
0.312654
0.289274
0.269547
0.25509
0.247398
0.247398
0.25509
0.269547
0.289274
0.312654
0.338231
0.364808
0.391435
0.417344
0.441899
0.464551
0.484818
0.502282
0.516609
0.527589
0.535213
0.539752
0.541837
0.542534
0.543413
0.54659
0.554678
0.570476
0.596337
0.633258
0.680063
0.733015
0.786053
0.831599
0.861797
0.869991
0.852158
0.807964
0.741152
0.659078
0.571401
0.488167
0.417439
0.363051
0.323602
0.294029
0.268799
0.244063
0.217622
0.185494
0.137214
0.074854
0.0241299
0.00285751
0.001
0.001
0.00346548
0.026387
0.0780167
0.13937
0.186367
0.218472
0.245695
0.272009
0.300401
0.335587
0.3831
0.446292
0.523724
0.608964
0.692572
0.764522
0.816443
0.843235
0.843799
0.820951
0.780557
0.73017
0.677538
0.629267
0.589858
0.561293
0.543231
0.533735
0.530183
0.529992
0.53099
0.531508
0.53033
0.526624
0.519886
0.509896
0.496665
0.48037
0.461301
0.43983
0.416395
0.39151
0.365793
0.339999
0.31508
0.292236
0.272927
0.258764
0.251226
0.251226
0.258764
0.272927
0.292236
0.31508
0.339999
0.365793
0.39151
0.416395
0.43983
0.461301
0.48037
0.496665
0.509896
0.519886
0.526624
0.53033
0.531508
0.53099
0.529992
0.530183
0.533735
0.543231
0.561293
0.589858
0.629267
0.677538
0.73017
0.780557
0.820951
0.843799
0.843235
0.816443
0.764522
0.692572
0.608964
0.523724
0.446292
0.3831
0.335587
0.300401
0.272009
0.245695
0.218472
0.186367
0.13937
0.0780167
0.026387
0.00346548
0.001
0.001
0.00422494
0.0288901
0.0813776
0.141665
0.187479
0.219786
0.24818
0.27682
0.309543
0.351598
0.407657
0.478628
0.560169
0.643881
0.719682
0.778405
0.813632
0.822841
0.807601
0.772877
0.725788
0.674124
0.624911
0.583319
0.552078
0.531509
0.520132
0.515553
0.515259
0.517076
0.519301
0.520655
0.52019
0.517233
0.511355
0.502356
0.490229
0.475117
0.457264
0.436995
0.414711
0.390899
0.366159
0.341237
0.31708
0.294886
0.276102
0.262319
0.254983
0.254983
0.262319
0.276102
0.294886
0.31708
0.341237
0.366159
0.390899
0.414711
0.436995
0.457264
0.475117
0.490229
0.502356
0.511355
0.517233
0.52019
0.520655
0.519301
0.517076
0.515259
0.515553
0.520132
0.531509
0.552078
0.583319
0.624911
0.674124
0.725788
0.772877
0.807601
0.822841
0.813632
0.778405
0.719682
0.643881
0.560169
0.478628
0.407657
0.351598
0.309543
0.27682
0.24818
0.219786
0.187479
0.141665
0.0813776
0.0288901
0.00422494
0.001
0.001
0.00517736
0.0316816
0.0849743
0.144166
0.188955
0.221778
0.251888
0.283793
0.32208
0.371912
0.436202
0.512992
0.595409
0.673771
0.738313
0.781391
0.799086
0.791643
0.763018
0.719806
0.669733
0.620131
0.576744
0.542995
0.519854
0.506315
0.500244
0.499228
0.501111
0.504193
0.507193
0.509135
0.509262
0.507
0.50196
0.493943
0.482917
0.468987
0.452354
0.433301
0.412194
0.389499
0.365799
0.341833
0.31854
0.297102
0.278946
0.265624
0.258535
0.258535
0.265624
0.278946
0.297102
0.31854
0.341833
0.365799
0.389499
0.412194
0.433301
0.452354
0.468987
0.482917
0.493943
0.50196
0.507
0.509262
0.509135
0.507193
0.504193
0.501111
0.499228
0.500244
0.506315
0.519854
0.542995
0.576744
0.620131
0.669733
0.719806
0.763018
0.791643
0.799086
0.781391
0.738313
0.673771
0.595409
0.512992
0.436202
0.371912
0.32208
0.283793
0.251888
0.221778
0.188955
0.144166
0.0849743
0.0316816
0.00517736
0.001
0.001
0.00637631
0.0348183
0.0888648
0.146973
0.190975
0.224743
0.257282
0.293528
0.338475
0.396365
0.467631
0.547446
0.627028
0.696314
0.746615
0.772589
0.773064
0.750922
0.712152
0.664265
0.614818
0.570078
0.5341
0.508472
0.492658
0.484812
0.482635
0.484003
0.487224
0.491041
0.494511
0.496879
0.497515
0.495904
0.491674
0.484615
0.474673
0.461913
0.446496
0.428666
0.408758
0.387218
0.364618
0.341689
0.319354
0.298774
0.28134
0.268551
0.261749
0.261749
0.268551
0.28134
0.298774
0.319354
0.341689
0.364618
0.387218
0.408758
0.428666
0.446496
0.461913
0.474673
0.484615
0.491674
0.495904
0.497515
0.496879
0.494511
0.491041
0.487224
0.484003
0.482635
0.484812
0.492658
0.508472
0.5341
0.570078
0.614818
0.664265
0.712152
0.750922
0.773064
0.772589
0.746615
0.696314
0.627028
0.547446
0.467631
0.396365
0.338475
0.293528
0.257282
0.224743
0.190975
0.146973
0.0888648
0.0348183
0.00637631
0.001
0.001
0.00789028
0.0383746
0.0931323
0.150228
0.193779
0.229053
0.264886
0.306554
0.35885
0.424232
0.500272
0.57966
0.652511
0.709303
0.743264
0.751767
0.736495
0.702692
0.657537
0.608823
0.563214
0.525358
0.49742
0.479359
0.469616
0.466022
0.466481
0.469305
0.473258
0.477447
0.481182
0.48386
0.484933
0.48392
0.480456
0.474319
0.465426
0.453813
0.439601
0.422997
0.404307
0.38396
0.362517
0.340698
0.319411
0.299783
0.283156
0.270966
0.264487
0.264487
0.270966
0.283156
0.299783
0.319411
0.340698
0.362517
0.38396
0.404307
0.422997
0.439601
0.453813
0.465426
0.474319
0.480456
0.48392
0.484933
0.48386
0.481182
0.477447
0.473258
0.469305
0.466481
0.466022
0.469616
0.479359
0.49742
0.525358
0.563214
0.608823
0.657537
0.702692
0.736495
0.751767
0.743264
0.709303
0.652511
0.57966
0.500272
0.424232
0.35885
0.306554
0.264886
0.229053
0.193779
0.150228
0.0931323
0.0383746
0.00789028
0.001
0.00112622
0.00980696
0.0424478
0.097895
0.154122
0.197672
0.235144
0.27521
0.32317
0.382828
0.454172
0.531944
0.607027
0.669385
0.710947
0.727531
0.719498
0.691135
0.649349
0.601932
0.555967
0.516599
0.48664
0.466477
0.454854
0.449724
0.449038
0.451108
0.454708
0.458981
0.463308
0.467171
0.47007
0.471509
0.47103
0.46827
0.462995
0.455102
0.444596
0.431566
0.416183
0.398724
0.3796
0.359366
0.33873
0.318575
0.299987
0.284248
0.272717
0.266593
0.266593
0.272717
0.284248
0.299987
0.318575
0.33873
0.359366
0.3796
0.398724
0.416183
0.431566
0.444596
0.455102
0.462995
0.46827
0.47103
0.471509
0.47007
0.467171
0.463308
0.458981
0.454708
0.451108
0.449038
0.449724
0.454854
0.466477
0.48664
0.516599
0.555967
0.601932
0.649349
0.691135
0.719498
0.727531
0.710947
0.669385
0.607027
0.531944
0.454172
0.382828
0.32317
0.27521
0.235144
0.197672
0.154122
0.097895
0.0424478
0.00980696
0.00112622
0.00174736
0.0122402
0.047166
0.103315
0.158904
0.203014
0.243458
0.288618
0.343269
0.409421
0.484246
0.560069
0.626858
0.675443
0.700063
0.699564
0.677203
0.639377
0.593851
0.548024
0.50763
0.475978
0.453935
0.44051
0.433857
0.431945
0.433086
0.436031
0.439947
0.444266
0.448562
0.452438
0.455465
0.457186
0.457165
0.455038
0.450561
0.443612
0.434174
0.422309
0.408153
0.391951
0.374093
0.355121
0.335733
0.316785
0.299314
0.284529
0.273707
0.267964
0.267964
0.273707
0.284529
0.299314
0.316785
0.335733
0.355121
0.374093
0.391951
0.408153
0.422309
0.434174
0.443612
0.450561
0.455038
0.457165
0.457186
0.455465
0.452438
0.448562
0.444266
0.439947
0.436031
0.433086
0.431945
0.433857
0.44051
0.453935
0.475978
0.50763
0.548024
0.593851
0.639377
0.677203
0.699564
0.700063
0.675443
0.626858
0.560069
0.484246
0.409421
0.343269
0.288618
0.243458
0.203014
0.158904
0.103315
0.047166
0.0122402
0.00174736
0.00271701
0.01534
0.0526947
0.109602
0.164866
0.210173
0.254346
0.305161
0.36618
0.436991
0.511998
0.581839
0.636617
0.669042
0.676327
0.660472
0.627204
0.584175
0.539082
0.498133
0.465164
0.441493
0.426487
0.418414
0.415303
0.415421
0.417547
0.420842
0.424774
0.428974
0.433139
0.436949
0.440026
0.441945
0.44229
0.440707
0.436947
0.430872
0.422446
0.411703
0.398749
0.383799
0.36722
0.349549
0.331469
0.313801
0.297522
0.28376
0.273696
0.268358
0.268358
0.273696
0.28376
0.297522
0.313801
0.331469
0.349549
0.36722
0.383799
0.398749
0.411703
0.422446
0.430872
0.436947
0.440707
0.44229
0.441945
0.440026
0.436949
0.433139
0.428974
0.424774
0.420842
0.417547
0.415421
0.415303
0.418414
0.426487
0.441493
0.465164
0.498133
0.539082
0.584175
0.627204
0.660472
0.676327
0.669042
0.636617
0.581839
0.511998
0.436991
0.36618
0.305161
0.254346
0.210173
0.164866
0.109602
0.0526947
0.01534
0.00271701
0.00423115
0.0193044
0.059232
0.116994
0.172306
0.219445
0.267908
0.324403
0.39058
0.46329
0.534601
0.594455
0.634226
0.649397
0.640501
0.6124
0.572506
0.528726
0.487722
0.453856
0.428915
0.41256
0.403219
0.398962
0.398101
0.399382
0.401964
0.405307
0.40907
0.41302
0.41695
0.420597
0.423625
0.425649
0.426276
0.425159
0.422045
0.416785
0.40933
0.399701
0.387975
0.374327
0.359091
0.342782
0.326065
0.309728
0.294692
0.281995
0.272719
0.267802
0.267802
0.272719
0.281995
0.294692
0.309728
0.326065
0.342782
0.359091
0.374327
0.387975
0.399701
0.40933
0.416785
0.422045
0.425159
0.426276
0.425649
0.423625
0.420597
0.41695
0.41302
0.40907
0.405307
0.401964
0.399382
0.398101
0.398962
0.403219
0.41256
0.428915
0.453856
0.487722
0.528726
0.572506
0.6124
0.640501
0.649397
0.634226
0.594455
0.534601
0.46329
0.39058
0.324403
0.267908
0.219445
0.172306
0.116994
0.059232
0.0193044
0.00423115
0.00660105
0.0243877
0.0669828
0.125708
0.181444
0.230908
0.283825
0.345286
0.414484
0.485578
0.549094
0.59546
0.618429
0.616862
0.594516
0.558391
0.516523
0.476002
0.4417
0.415844
0.398408
0.387993
0.382754
0.381004
0.381469
0.383294
0.38595
0.389116
0.392595
0.396238
0.399885
0.403314
0.40623
0.408273
0.409084
0.408339
0.405787
0.40127
0.394728
0.386154
0.375597
0.363207
0.349299
0.334362
0.319055
0.304116
0.290387
0.27881
0.270362
0.265887
0.265887
0.270362
0.27881
0.290387
0.304116
0.319055
0.334362
0.349299
0.363207
0.375597
0.386154
0.394728
0.40127
0.405787
0.408339
0.409084
0.408273
0.40623
0.403314
0.399885
0.396238
0.392595
0.389116
0.38595
0.383294
0.381469
0.381004
0.382754
0.387993
0.398408
0.415844
0.4417
0.476002
0.516523
0.558391
0.594516
0.616862
0.618429
0.59546
0.549094
0.485578
0.414484
0.345286
0.283825
0.230908
0.181444
0.125708
0.0669828
0.0243877
0.00660105
0.0103099
0.0308946
0.0760997
0.135858
0.192302
0.244274
0.301226
0.366104
0.43534
0.500847
0.552719
0.583144
0.589143
0.573103
0.541392
0.502057
0.46257
0.428299
0.401913
0.383702
0.372447
0.366379
0.363836
0.36355
0.36467
0.366662
0.369204
0.3721
0.375228
0.378494
0.381785
0.384918
0.387635
0.389623
0.390553
0.390116
0.388069
0.384248
0.378583
0.371055
0.361728
0.350673
0.338176
0.324689
0.310828
0.297302
0.284896
0.274453
0.266843
0.262814
0.262814
0.266843
0.274453
0.284896
0.297302
0.310828
0.324689
0.338176
0.350673
0.361728
0.371055
0.378583
0.384248
0.388069
0.390116
0.390553
0.389623
0.387635
0.384918
0.381785
0.378494
0.375228
0.3721
0.369204
0.366662
0.36467
0.36355
0.363836
0.366379
0.372447
0.383702
0.401913
0.428299
0.46257
0.502057
0.541392
0.573103
0.589143
0.583144
0.552719
0.500847
0.43534
0.366104
0.301226
0.244274
0.192302
0.135858
0.0760997
0.0308946
0.0103099
0.016065
0.0391329
0.0865693
0.147319
0.204567
0.258777
0.318654
0.384574
0.45023
0.506156
0.543363
0.556973
0.547719
0.52107
0.484911
0.447031
0.413277
0.386762
0.368088
0.356223
0.349494
0.346286
0.345348
0.34583
0.347195
0.34912
0.351414
0.353966
0.356709
0.359585
0.362506
0.36532
0.367804
0.36968
0.370654
0.37045
0.368836
0.365651
0.360812
0.354283
0.346079
0.336291
0.325164
0.313111
0.300735
0.288681
0.277648
0.26838
0.261636
0.25807
0.25807
0.261636
0.26838
0.277648
0.288681
0.300735
0.313111
0.325164
0.336291
0.346079
0.354283
0.360812
0.365651
0.368836
0.37045
0.370654
0.36968
0.367804
0.36532
0.362506
0.359585
0.356709
0.353966
0.351414
0.34912
0.347195
0.34583
0.345348
0.346286
0.349494
0.356223
0.368088
0.386762
0.413277
0.447031
0.484911
0.52107
0.547719
0.556973
0.543363
0.506156
0.45023
0.384574
0.318654
0.258777
0.204567
0.147319
0.0865693
0.0391329
0.016065
0.0247656
0.0492576
0.0979913
0.159541
0.2175
0.273179
0.334152
0.39802
0.456191
0.499093
0.520065
0.517949
0.496987
0.464675
0.429005
0.396273
0.370035
0.351216
0.338979
0.331761
0.328009
0.326506
0.326419
0.32722
0.328589
0.330333
0.332335
0.334531
0.336881
0.339352
0.34188
0.344344
0.346556
0.348284
0.349269
0.349261
0.348042
0.345455
0.341411
0.335876
0.328851
0.320396
0.310707
0.300158
0.28928
0.278684
0.26901
0.260908
0.255027
0.251921
0.251921
0.255027
0.260908
0.26901
0.278684
0.28928
0.300158
0.310707
0.320396
0.328851
0.335876
0.341411
0.345455
0.348042
0.349261
0.349269
0.348284
0.346556
0.344344
0.34188
0.339352
0.336881
0.334531
0.332335
0.330333
0.328589
0.32722
0.326419
0.326506
0.328009
0.331761
0.338979
0.351216
0.370035
0.396273
0.429005
0.464675
0.496987
0.517949
0.520065
0.499093
0.456191
0.39802
0.334152
0.273179
0.2175
0.159541
0.0979913
0.0492576
0.0247656
0.0371485
0.0608922
0.109212
0.171338
0.229936
0.285897
0.345449
0.403664
0.450674
0.478337
0.483471
0.468745
0.440958
0.408133
0.376954
0.351409
0.332758
0.32038
0.312839
0.308663
0.306685
0.306105
0.306411
0.307286
0.308539
0.31005
0.311749
0.313598
0.315578
0.317672
0.31983
0.321957
0.323899
0.325462
0.326426
0.32657
0.325698
0.323659
0.320362
0.315759
0.309837
0.302644
0.294348
0.285282
0.275925
0.266824
0.258537
0.251622
0.246617
0.24398
0.24398
0.246617
0.251622
0.258537
0.266824
0.275925
0.285282
0.294348
0.302644
0.309837
0.315759
0.320362
0.323659
0.325698
0.32657
0.326426
0.325462
0.323899
0.321957
0.31983
0.317672
0.315578
0.313598
0.311749
0.31005
0.308539
0.307286
0.306411
0.306105
0.306685
0.308663
0.312839
0.32038
0.332758
0.351409
0.376954
0.408133
0.440958
0.468745
0.483471
0.478337
0.450674
0.403664
0.345449
0.285897
0.229936
0.171338
0.109212
0.0608922
0.0371485
0.0529094
0.0725417
0.117941
0.180709
0.240357
0.295204
0.350222
0.399059
0.432137
0.444214
0.436074
0.41344
0.384108
0.355031
0.330607
0.312441
0.300148
0.292448
0.287969
0.285612
0.284618
0.284501
0.284956
0.285793
0.286894
0.288179
0.289605
0.291147
0.2928
0.294552
0.29637
0.298179
0.299862
0.301259
0.30219
0.302464
0.301905
0.300377
0.297788
0.294092
0.289268
0.283349
0.276465
0.268897
0.261058
0.253433
0.246512
0.240765
0.236626
0.234453
0.234453
0.236626
0.240765
0.246512
0.253433
0.261058
0.268897
0.276465
0.283349
0.289268
0.294092
0.297788
0.300377
0.301905
0.302464
0.30219
0.301259
0.299862
0.298179
0.29637
0.294552
0.2928
0.291147
0.289605
0.288179
0.286894
0.285793
0.284956
0.284501
0.284618
0.285612
0.287969
0.292448
0.300148
0.312441
0.330607
0.355031
0.384108
0.41344
0.436074
0.444214
0.432137
0.399059
0.350222
0.295204
0.240357
0.180709
0.117941
0.0725417
0.0529094
0.0696661
0.0811953
0.12069
0.18471
0.24684
0.299383
0.346448
0.382666
0.400681
0.399047
0.382003
0.356759
0.330338
0.307473
0.290112
0.278136
0.270447
0.265796
0.263169
0.261859
0.261409
0.261531
0.262042
0.262821
0.263788
0.264889
0.266094
0.267388
0.26877
0.270235
0.271758
0.273284
0.274724
0.275956
0.276834
0.277199
0.276899
0.275812
0.273855
0.270981
0.267173
0.262451
0.256923
0.250817
0.244483
0.238332
0.232779
0.228203
0.224933
0.223225
0.223225
0.224933
0.228203
0.232779
0.238332
0.244483
0.250817
0.256923
0.262451
0.267173
0.270981
0.273855
0.275812
0.276899
0.277199
0.276834
0.275956
0.274724
0.273284
0.271758
0.270235
0.26877
0.267388
0.266094
0.264889
0.263788
0.262821
0.262042
0.261531
0.261409
0.261859
0.263169
0.265796
0.270447
0.278136
0.290112
0.307473
0.330338
0.356759
0.382003
0.399047
0.400681
0.382666
0.346448
0.299383
0.24684
0.18471
0.12069
0.0811953
0.0696661
0.0824722
0.0827176
0.113336
0.179136
0.246306
0.296593
0.332882
0.354578
0.358558
0.347068
0.326297
0.303018
0.282139
0.26591
0.254484
0.246975
0.242283
0.239495
0.237967
0.237277
0.237156
0.237428
0.237976
0.238715
0.239589
0.240557
0.241597
0.242699
0.243863
0.245085
0.246348
0.247613
0.248813
0.24986
0.250641
0.25103
0.250898
0.250142
0.24869
0.246508
0.243586
0.239947
0.235674
0.230945
0.226042
0.221303
0.217069
0.213626
0.211199
0.209944
0.209944
0.211199
0.213626
0.217069
0.221303
0.226042
0.230945
0.235674
0.239947
0.243586
0.246508
0.24869
0.250142
0.250898
0.25103
0.250641
0.24986
0.248813
0.247613
0.246348
0.245085
0.243863
0.242699
0.241597
0.240557
0.239589
0.238715
0.237976
0.237428
0.237156
0.237277
0.237967
0.239495
0.242283
0.246975
0.254484
0.26591
0.282139
0.303018
0.326297
0.347068
0.358558
0.354578
0.332882
0.296593
0.246306
0.179136
0.113336
0.0827176
0.0824722
0.0843668
0.0734673
0.0926513
0.15791
0.232217
0.283584
0.309537
0.317402
0.310562
0.294057
0.274068
0.255401
0.240461
0.229639
0.222275
0.217453
0.214388
0.212517
0.211468
0.210996
0.210937
0.211176
0.211631
0.21224
0.212956
0.213746
0.21459
0.215479
0.216409
0.217373
0.218356
0.219327
0.220237
0.221021
0.221593
0.221854
0.221701
0.221046
0.219836
0.218057
0.215726
0.212877
0.209583
0.205978
0.202281
0.198762
0.195687
0.193258
0.191596
0.190755
0.190755
0.191596
0.193258
0.195687
0.198762
0.202281
0.205978
0.209583
0.212877
0.215726
0.218057
0.219836
0.221046
0.221701
0.221854
0.221593
0.221021
0.220237
0.219327
0.218356
0.217373
0.216409
0.215479
0.21459
0.213746
0.212956
0.21224
0.211631
0.211176
0.210937
0.210996
0.211468
0.212517
0.214388
0.217453
0.222275
0.229639
0.240461
0.255401
0.274068
0.294057
0.310562
0.317402
0.309537
0.283584
0.232217
0.15791
0.0926513
0.0734673
0.0843668
0.0696335
0.0533411
0.0607847
0.115953
0.191576
0.248846
0.273218
0.273875
0.261718
0.244447
0.227232
0.212669
0.201398
0.19304
0.186929
0.182463
0.179197
0.176823
0.175128
0.173961
0.173209
0.172786
0.172619
0.17265
0.17283
0.173122
0.173499
0.173943
0.174438
0.17497
0.175517
0.176047
0.17652
0.176882
0.177068
0.176996
0.176582
0.175757
0.17449
0.172797
0.17073
0.168352
0.165728
0.16295
0.160175
0.157614
0.15547
0.153868
0.152836
0.152339
0.152339
0.152836
0.153868
0.15547
0.157614
0.160175
0.16295
0.165728
0.168352
0.17073
0.172797
0.17449
0.175757
0.176582
0.176996
0.177068
0.176882
0.17652
0.176047
0.175517
0.17497
0.174438
0.173943
0.173499
0.173122
0.17283
0.17265
0.172619
0.172786
0.173209
0.173961
0.175128
0.176823
0.179197
0.182463
0.186929
0.19304
0.201398
0.212669
0.227232
0.244447
0.261718
0.273875
0.273218
0.248846
0.191576
0.115953
0.0607847
0.0533411
0.0696335
0.0418738
0.0288638
0.0287117
0.0627619
0.120438
0.174718
0.203371
0.207543
0.198174
0.18388
0.169503
0.156995
0.146734
0.138486
0.131886
0.126607
0.122388
0.119027
0.116368
0.114286
0.11268
0.111463
0.110562
0.109915
0.109468
0.109178
0.109011
0.10894
0.108942
0.108994
0.109073
0.10915
0.109192
0.109159
0.109005
0.108671
0.108097
0.107234
0.106071
0.104642
0.103017
0.101264
0.099431
0.0975649
0.0957547
0.09414
0.0928574
0.0919703
0.091449
0.0912173
0.0912173
0.091449
0.0919703
0.0928574
0.09414
0.0957547
0.0975649
0.099431
0.101264
0.103017
0.104642
0.106071
0.107234
0.108097
0.108671
0.109005
0.109159
0.109192
0.10915
0.109073
0.108994
0.108942
0.10894
0.109011
0.109178
0.109468
0.109915
0.110562
0.111463
0.11268
0.114286
0.116368
0.119027
0.122388
0.126607
0.131886
0.138486
0.146734
0.156995
0.169503
0.18388
0.198174
0.207543
0.203371
0.174718
0.120438
0.0627619
0.0287117
0.0288638
0.0418738
0.015772
0.0100633
0.00816896
0.0211503
0.0485032
0.0812138
0.104996
0.113594
0.110862
0.102581
0.0928215
0.0835889
0.075594
0.0689433
0.0635155
0.0591257
0.0555909
0.0527526
0.0504799
0.0486668
0.047227
0.0460897
0.0451961
0.0444975
0.043954
0.0435328
0.0432078
0.0429581
0.0427659
0.0426152
0.0424902
0.0423746
0.042251
0.0420998
0.0418977
0.0416166
0.0412267
0.0407054
0.0400506
0.0392882
0.0384643
0.0376205
0.036777
0.0359444
0.0351539
0.0344677
0.0339494
0.0336202
0.0334492
0.0333824
0.0333824
0.0334492
0.0336202
0.0339494
0.0344677
0.0351539
0.0359444
0.036777
0.0376205
0.0384643
0.0392882
0.0400506
0.0407054
0.0412267
0.0416166
0.0418977
0.0420998
0.042251
0.0423746
0.0424902
0.0426152
0.0427659
0.0429581
0.0432078
0.0435328
0.043954
0.0444975
0.0451961
0.0460897
0.047227
0.0486668
0.0504799
0.0527526
0.0555909
0.0591257
0.0635155
0.0689433
0.075594
0.0835889
0.0928215
0.102581
0.110862
0.113594
0.104996
0.0812138
0.0485032
0.0211503
0.00816896
0.0100633
0.015772
0.00280471
0.00169921
0.0010354
0.00304453
0.00909733
0.0188774
0.0285909
0.0341346
0.0347132
0.0321162
0.0282497
0.024285
0.0207573
0.0178245
0.0154685
0.0136072
0.0121467
0.0110028
0.0101062
0.00940215
0.00884813
0.00841098
0.00806491
0.00778979
0.00756991
0.00739301
0.00724957
0.00713211
0.00703461
0.00695204
0.00687996
0.00681426
0.00675095
0.00668577
0.00661367
0.0065285
0.00642362
0.00629406
0.0061399
0.00596852
0.00579227
0.00562141
0.00545853
0.00530191
0.00515487
0.00502967
0.00494032
0.00489025
0.00486925
0.00486335
0.00486335
0.00486925
0.00489025
0.00494032
0.00502967
0.00515487
0.00530191
0.00545853
0.00562141
0.00579227
0.00596852
0.0061399
0.00629406
0.00642362
0.0065285
0.00661367
0.00668577
0.00675095
0.00681426
0.00687996
0.00695204
0.00703461
0.00713211
0.00724957
0.00739301
0.00756991
0.00778979
0.00806491
0.00841098
0.00884813
0.00940215
0.0101062
0.0110028
0.0121467
0.0136072
0.0154685
0.0178245
0.0207573
0.024285
0.0282497
0.0321162
0.0347132
0.0341346
0.0285909
0.0188774
0.00909733
0.00304453
0.0010354
0.00169921
0.00280471
0.001
0.001
0.001
0.001
0.001
0.00101841
0.00183208
0.00248977
0.00272206
0.00254908
0.00216588
0.00174762
0.00138306
0.00109673
0.001
0.001
0.001
0.001
0.001
0.001
0.001
0.001
0.001
0.001
0.001
0.001
0.001
0.001
0.001
0.001
0.001
0.001
0.001
0.001
0.001
0.001
0.001
0.001
0.001
0.001
0.001
0.001
0.001
0.001
0.001
0.001
0.001
0.001
0.001
0.001
0.001
0.001
0.001
0.001
0.001
0.001
0.001
0.001
0.001
0.001
0.001
0.001
0.001
0.001
0.001
0.001
0.001
0.001
0.001
0.001
0.001
0.001
0.001
0.001
0.001
0.001
0.001
0.001
0.001
0.001
0.001
0.001
0.001
0.001
0.001
0.001
0.00109673
0.00138306
0.00174762
0.00216588
0.00254908
0.00272206
0.00248977
0.00183208
0.00101841
0.001
0.001
0.001
0.001
0.001
0.001
0.001
0.001
0.001
0.001
0.001
0.001
0.001
0.001
0.001
0.001
0.001
0.001
0.001
0.001
0.001
0.001
0.001
0.001
0.001
0.001
0.001
0.001
0.001
0.001
0.001
0.001
0.001
0.001
0.001
0.001
0.001
0.001
0.001
0.001
0.001
0.001
0.001
0.001
0.001
0.001
0.001
0.001
0.001
0.001
0.001
0.001
0.001
0.001
0.001
0.001
0.001
0.001
0.001
0.001
0.001
0.001
0.001
0.001
0.001
0.001
0.001
0.001
0.001
0.001
0.001
0.001
0.001
0.001
0.001
0.001
0.001
0.001
0.001
0.001
0.001
0.001
0.001
0.001
0.001
0.001
0.001
0.001
0.001
0.001
0.001
0.001
0.001
0.001
0.001
0.001
0.001
0.001
0.001
0.001
0.001
0.001
0.001
0.001
0.001
0.001
0.001
0.001
0.001
0.001
0.001
0.001
0.001
0.001
0.001
0.001
0.001
0.001
0.001
0.001
0.001
0.001
0.001
0.001
0.001
0.001
0.001
0.001
0.001
0.001
0.001
0.001
0.001
0.001
0.001
0.001
0.001
0.001
0.001
0.001
0.001
0.001
0.001
0.001
0.001
0.001
0.001
0.001
0.001
0.001
0.001
0.001
0.001
0.001
0.001
0.001
0.001
0.001
0.001
0.001
0.001
0.001
0.001
0.001
0.001
0.001
0.001
0.001
0.001
0.001
0.001
0.001
0.001
0.001
0.001
0.001
0.001
0.001
0.001
0.001
0.001
0.001
0.001
0.001
0.001
0.001
0.001
0.001
0.001
0.001
0.001
0.001
0.001
0.001
0.001
0.001
0.001
0.001
0.001
0.001
0.001
0.001
0.001
0.001
0.001
0.001
0.001
0.001
0.001
0.001
0.00101841
0.00183208
0.00248977
0.00272206
0.00254908
0.00216588
0.00174762
0.00138306
0.00109673
0.001
0.001
0.001
0.001
0.001
0.001
0.001
0.001
0.001
0.001
0.001
0.001
0.001
0.001
0.001
0.001
0.001
0.001
0.001
0.001
0.001
0.001
0.001
0.001
0.001
0.001
0.001
0.001
0.001
0.001
0.001
0.001
0.001
0.001
0.001
0.001
0.001
0.001
0.001
0.001
0.001
0.001
0.001
0.001
0.001
0.001
0.001
0.001
0.001
0.001
0.001
0.001
0.001
0.001
0.001
0.001
0.001
0.001
0.001
0.001
0.001
0.001
0.001
0.001
0.001
0.001
0.001
0.001
0.001
0.001
0.001
0.001
0.00109673
0.00138306
0.00174762
0.00216588
0.00254908
0.00272206
0.00248977
0.00183208
0.00101841
0.001
0.001
0.001
0.001
0.001
0.00280471
0.00169921
0.0010354
0.00304453
0.00909733
0.0188774
0.0285909
0.0341346
0.0347132
0.0321162
0.0282497
0.024285
0.0207573
0.0178245
0.0154685
0.0136072
0.0121467
0.0110028
0.0101062
0.00940215
0.00884813
0.00841098
0.00806491
0.00778979
0.00756991
0.00739301
0.00724957
0.00713211
0.00703461
0.00695204
0.00687996
0.00681426
0.00675095
0.00668577
0.00661367
0.0065285
0.00642362
0.00629406
0.0061399
0.00596852
0.00579227
0.00562141
0.00545853
0.00530191
0.00515487
0.00502967
0.00494032
0.00489025
0.00486925
0.00486335
0.00486335
0.00486925
0.00489025
0.00494032
0.00502967
0.00515487
0.00530191
0.00545853
0.00562141
0.00579227
0.00596852
0.0061399
0.00629406
0.00642362
0.0065285
0.00661367
0.00668577
0.00675095
0.00681426
0.00687996
0.00695204
0.00703461
0.00713211
0.00724957
0.00739301
0.00756991
0.00778979
0.00806491
0.00841098
0.00884813
0.00940215
0.0101062
0.0110028
0.0121467
0.0136072
0.0154685
0.0178245
0.0207573
0.024285
0.0282497
0.0321162
0.0347132
0.0341346
0.0285909
0.0188774
0.00909733
0.00304453
0.0010354
0.00169921
0.00280471
0.015772
0.0100633
0.00816896
0.0211503
0.0485032
0.0812138
0.104996
0.113594
0.110862
0.102581
0.0928215
0.0835889
0.075594
0.0689433
0.0635155
0.0591257
0.0555909
0.0527526
0.0504799
0.0486668
0.047227
0.0460897
0.0451961
0.0444975
0.043954
0.0435328
0.0432078
0.0429581
0.0427659
0.0426152
0.0424902
0.0423746
0.042251
0.0420998
0.0418977
0.0416166
0.0412267
0.0407054
0.0400506
0.0392882
0.0384643
0.0376205
0.036777
0.0359444
0.0351539
0.0344677
0.0339494
0.0336202
0.0334492
0.0333824
0.0333824
0.0334492
0.0336202
0.0339494
0.0344677
0.0351539
0.0359444
0.036777
0.0376205
0.0384643
0.0392882
0.0400506
0.0407054
0.0412267
0.0416166
0.0418977
0.0420998
0.042251
0.0423746
0.0424902
0.0426152
0.0427659
0.0429581
0.0432078
0.0435328
0.043954
0.0444975
0.0451961
0.0460897
0.047227
0.0486668
0.0504799
0.0527526
0.0555909
0.0591257
0.0635155
0.0689433
0.075594
0.0835889
0.0928215
0.102581
0.110862
0.113594
0.104996
0.0812138
0.0485032
0.0211503
0.00816896
0.0100633
0.015772
0.0418738
0.0288638
0.0287117
0.0627619
0.120438
0.174718
0.203371
0.207543
0.198174
0.18388
0.169503
0.156995
0.146734
0.138486
0.131886
0.126607
0.122388
0.119027
0.116368
0.114286
0.11268
0.111463
0.110562
0.109915
0.109468
0.109178
0.109011
0.10894
0.108942
0.108994
0.109073
0.10915
0.109192
0.109159
0.109005
0.108671
0.108097
0.107234
0.106071
0.104642
0.103017
0.101264
0.099431
0.0975649
0.0957547
0.09414
0.0928574
0.0919703
0.091449
0.0912173
0.0912173
0.091449
0.0919703
0.0928574
0.09414
0.0957547
0.0975649
0.099431
0.101264
0.103017
0.104642
0.106071
0.107234
0.108097
0.108671
0.109005
0.109159
0.109192
0.10915
0.109073
0.108994
0.108942
0.10894
0.109011
0.109178
0.109468
0.109915
0.110562
0.111463
0.11268
0.114286
0.116368
0.119027
0.122388
0.126607
0.131886
0.138486
0.146734
0.156995
0.169503
0.18388
0.198174
0.207543
0.203371
0.174718
0.120438
0.0627619
0.0287117
0.0288638
0.0418738
0.0696335
0.0533411
0.0607847
0.115953
0.191576
0.248846
0.273218
0.273875
0.261718
0.244447
0.227232
0.212669
0.201398
0.19304
0.186929
0.182463
0.179197
0.176823
0.175128
0.173961
0.173209
0.172786
0.172619
0.17265
0.17283
0.173122
0.173499
0.173943
0.174438
0.17497
0.175517
0.176047
0.17652
0.176882
0.177068
0.176996
0.176582
0.175757
0.17449
0.172797
0.17073
0.168352
0.165728
0.16295
0.160175
0.157614
0.15547
0.153868
0.152836
0.152339
0.152339
0.152836
0.153868
0.15547
0.157614
0.160175
0.16295
0.165728
0.168352
0.17073
0.172797
0.17449
0.175757
0.176582
0.176996
0.177068
0.176882
0.17652
0.176047
0.175517
0.17497
0.174438
0.173943
0.173499
0.173122
0.17283
0.17265
0.172619
0.172786
0.173209
0.173961
0.175128
0.176823
0.179197
0.182463
0.186929
0.19304
0.201398
0.212669
0.227232
0.244447
0.261718
0.273875
0.273218
0.248846
0.191576
0.115953
0.0607847
0.0533411
0.0696335
0.0843668
0.0734673
0.0926513
0.15791
0.232217
0.283584
0.309537
0.317402
0.310562
0.294057
0.274068
0.255401
0.240461
0.229639
0.222275
0.217453
0.214388
0.212517
0.211468
0.210996
0.210937
0.211176
0.211631
0.21224
0.212956
0.213746
0.21459
0.215479
0.216409
0.217373
0.218356
0.219327
0.220237
0.221021
0.221593
0.221854
0.221701
0.221046
0.219836
0.218057
0.215726
0.212877
0.209583
0.205978
0.202281
0.198762
0.195687
0.193258
0.191596
0.190755
0.190755
0.191596
0.193258
0.195687
0.198762
0.202281
0.205978
0.209583
0.212877
0.215726
0.218057
0.219836
0.221046
0.221701
0.221854
0.221593
0.221021
0.220237
0.219327
0.218356
0.217373
0.216409
0.215479
0.21459
0.213746
0.212956
0.21224
0.211631
0.211176
0.210937
0.210996
0.211468
0.212517
0.214388
0.217453
0.222275
0.229639
0.240461
0.255401
0.274068
0.294057
0.310562
0.317402
0.309537
0.283584
0.232217
0.15791
0.0926513
0.0734673
0.0843668
0.0824722
0.0827176
0.113336
0.179136
0.246306
0.296593
0.332882
0.354578
0.358558
0.347068
0.326297
0.303018
0.282139
0.26591
0.254484
0.246975
0.242283
0.239495
0.237967
0.237277
0.237156
0.237428
0.237976
0.238715
0.239589
0.240557
0.241597
0.242699
0.243863
0.245085
0.246348
0.247613
0.248813
0.24986
0.250641
0.25103
0.250898
0.250142
0.24869
0.246508
0.243586
0.239947
0.235674
0.230945
0.226042
0.221303
0.217069
0.213626
0.211199
0.209944
0.209944
0.211199
0.213626
0.217069
0.221303
0.226042
0.230945
0.235674
0.239947
0.243586
0.246508
0.24869
0.250142
0.250898
0.25103
0.250641
0.24986
0.248813
0.247613
0.246348
0.245085
0.243863
0.242699
0.241597
0.240557
0.239589
0.238715
0.237976
0.237428
0.237156
0.237277
0.237967
0.239495
0.242283
0.246975
0.254484
0.26591
0.282139
0.303018
0.326297
0.347068
0.358558
0.354578
0.332882
0.296593
0.246306
0.179136
0.113336
0.0827176
0.0824722
0.0696661
0.0811953
0.12069
0.18471
0.24684
0.299383
0.346448
0.382666
0.400681
0.399047
0.382003
0.356759
0.330338
0.307473
0.290112
0.278136
0.270447
0.265796
0.263169
0.261859
0.261409
0.261531
0.262042
0.262821
0.263788
0.264889
0.266094
0.267388
0.26877
0.270235
0.271758
0.273284
0.274724
0.275956
0.276834
0.277199
0.276899
0.275812
0.273855
0.270981
0.267173
0.262451
0.256923
0.250817
0.244483
0.238332
0.232779
0.228203
0.224933
0.223225
0.223225
0.224933
0.228203
0.232779
0.238332
0.244483
0.250817
0.256923
0.262451
0.267173
0.270981
0.273855
0.275812
0.276899
0.277199
0.276834
0.275956
0.274724
0.273284
0.271758
0.270235
0.26877
0.267388
0.266094
0.264889
0.263788
0.262821
0.262042
0.261531
0.261409
0.261859
0.263169
0.265796
0.270447
0.278136
0.290112
0.307473
0.330338
0.356759
0.382003
0.399047
0.400681
0.382666
0.346448
0.299383
0.24684
0.18471
0.12069
0.0811953
0.0696661
0.0529094
0.0725417
0.117941
0.180709
0.240357
0.295204
0.350222
0.399059
0.432137
0.444214
0.436074
0.41344
0.384108
0.355031
0.330607
0.312441
0.300148
0.292448
0.287969
0.285612
0.284618
0.284501
0.284956
0.285793
0.286894
0.288179
0.289605
0.291147
0.2928
0.294552
0.29637
0.298179
0.299862
0.301259
0.30219
0.302464
0.301905
0.300377
0.297788
0.294092
0.289268
0.283349
0.276465
0.268897
0.261058
0.253433
0.246512
0.240765
0.236626
0.234453
0.234453
0.236626
0.240765
0.246512
0.253433
0.261058
0.268897
0.276465
0.283349
0.289268
0.294092
0.297788
0.300377
0.301905
0.302464
0.30219
0.301259
0.299862
0.298179
0.29637
0.294552
0.2928
0.291147
0.289605
0.288179
0.286894
0.285793
0.284956
0.284501
0.284618
0.285612
0.287969
0.292448
0.300148
0.312441
0.330607
0.355031
0.384108
0.41344
0.436074
0.444214
0.432137
0.399059
0.350222
0.295204
0.240357
0.180709
0.117941
0.0725417
0.0529094
0.0371485
0.0608922
0.109212
0.171338
0.229936
0.285897
0.345449
0.403664
0.450674
0.478337
0.483471
0.468745
0.440958
0.408133
0.376954
0.351409
0.332758
0.32038
0.312839
0.308663
0.306685
0.306105
0.306411
0.307286
0.308539
0.31005
0.311749
0.313598
0.315578
0.317672
0.31983
0.321957
0.323899
0.325462
0.326426
0.32657
0.325698
0.323659
0.320362
0.315759
0.309837
0.302644
0.294348
0.285282
0.275925
0.266824
0.258537
0.251622
0.246617
0.24398
0.24398
0.246617
0.251622
0.258537
0.266824
0.275925
0.285282
0.294348
0.302644
0.309837
0.315759
0.320362
0.323659
0.325698
0.32657
0.326426
0.325462
0.323899
0.321957
0.31983
0.317672
0.315578
0.313598
0.311749
0.31005
0.308539
0.307286
0.306411
0.306105
0.306685
0.308663
0.312839
0.32038
0.332758
0.351409
0.376954
0.408133
0.440958
0.468745
0.483471
0.478337
0.450674
0.403664
0.345449
0.285897
0.229936
0.171338
0.109212
0.0608922
0.0371485
0.0247656
0.0492576
0.0979913
0.159541
0.2175
0.273179
0.334152
0.39802
0.456191
0.499093
0.520065
0.517949
0.496987
0.464675
0.429005
0.396273
0.370035
0.351216
0.338979
0.331761
0.328009
0.326506
0.326419
0.32722
0.328589
0.330333
0.332335
0.334531
0.336881
0.339352
0.34188
0.344344
0.346556
0.348284
0.349269
0.349261
0.348042
0.345455
0.341411
0.335876
0.328851
0.320396
0.310707
0.300158
0.28928
0.278684
0.26901
0.260908
0.255027
0.251921
0.251921
0.255027
0.260908
0.26901
0.278684
0.28928
0.300158
0.310707
0.320396
0.328851
0.335876
0.341411
0.345455
0.348042
0.349261
0.349269
0.348284
0.346556
0.344344
0.34188
0.339352
0.336881
0.334531
0.332335
0.330333
0.328589
0.32722
0.326419
0.326506
0.328009
0.331761
0.338979
0.351216
0.370035
0.396273
0.429005
0.464675
0.496987
0.517949
0.520065
0.499093
0.456191
0.39802
0.334152
0.273179
0.2175
0.159541
0.0979913
0.0492576
0.0247656
0.016065
0.0391329
0.0865693
0.147319
0.204567
0.258777
0.318654
0.384574
0.45023
0.506156
0.543363
0.556973
0.547719
0.52107
0.484911
0.447031
0.413277
0.386762
0.368088
0.356223
0.349494
0.346286
0.345348
0.34583
0.347195
0.34912
0.351414
0.353966
0.356709
0.359585
0.362506
0.36532
0.367804
0.36968
0.370654
0.37045
0.368836
0.365651
0.360812
0.354283
0.346079
0.336291
0.325164
0.313111
0.300735
0.288681
0.277648
0.26838
0.261636
0.25807
0.25807
0.261636
0.26838
0.277648
0.288681
0.300735
0.313111
0.325164
0.336291
0.346079
0.354283
0.360812
0.365651
0.368836
0.37045
0.370654
0.36968
0.367804
0.36532
0.362506
0.359585
0.356709
0.353966
0.351414
0.34912
0.347195
0.34583
0.345348
0.346286
0.349494
0.356223
0.368088
0.386762
0.413277
0.447031
0.484911
0.52107
0.547719
0.556973
0.543363
0.506156
0.45023
0.384574
0.318654
0.258777
0.204567
0.147319
0.0865693
0.0391329
0.016065
0.0103099
0.0308946
0.0760997
0.135858
0.192302
0.244274
0.301226
0.366104
0.43534
0.500847
0.552719
0.583144
0.589143
0.573103
0.541392
0.502057
0.46257
0.428299
0.401913
0.383702
0.372447
0.366379
0.363836
0.36355
0.36467
0.366662
0.369204
0.3721
0.375228
0.378494
0.381785
0.384918
0.387635
0.389623
0.390553
0.390116
0.388069
0.384248
0.378583
0.371055
0.361728
0.350673
0.338176
0.324689
0.310828
0.297302
0.284896
0.274453
0.266843
0.262814
0.262814
0.266843
0.274453
0.284896
0.297302
0.310828
0.324689
0.338176
0.350673
0.361728
0.371055
0.378583
0.384248
0.388069
0.390116
0.390553
0.389623
0.387635
0.384918
0.381785
0.378494
0.375228
0.3721
0.369204
0.366662
0.36467
0.36355
0.363836
0.366379
0.372447
0.383702
0.401913
0.428299
0.46257
0.502057
0.541392
0.573103
0.589143
0.583144
0.552719
0.500847
0.43534
0.366104
0.301226
0.244274
0.192302
0.135858
0.0760997
0.0308946
0.0103099
0.00660105
0.0243877
0.0669828
0.125708
0.181444
0.230908
0.283825
0.345286
0.414484
0.485578
0.549094
0.59546
0.618429
0.616862
0.594516
0.558391
0.516523
0.476002
0.4417
0.415844
0.398408
0.387993
0.382754
0.381004
0.381469
0.383294
0.38595
0.389116
0.392595
0.396238
0.399885
0.403314
0.40623
0.408273
0.409084
0.408339
0.405787
0.40127
0.394728
0.386154
0.375597
0.363207
0.349299
0.334362
0.319055
0.304116
0.290387
0.27881
0.270362
0.265887
0.265887
0.270362
0.27881
0.290387
0.304116
0.319055
0.334362
0.349299
0.363207
0.375597
0.386154
0.394728
0.40127
0.405787
0.408339
0.409084
0.408273
0.40623
0.403314
0.399885
0.396238
0.392595
0.389116
0.38595
0.383294
0.381469
0.381004
0.382754
0.387993
0.398408
0.415844
0.4417
0.476002
0.516523
0.558391
0.594516
0.616862
0.618429
0.59546
0.549094
0.485578
0.414484
0.345286
0.283825
0.230908
0.181444
0.125708
0.0669828
0.0243877
0.00660105
0.00423115
0.0193044
0.059232
0.116994
0.172306
0.219445
0.267908
0.324403
0.39058
0.46329
0.534601
0.594455
0.634226
0.649397
0.640501
0.6124
0.572506
0.528726
0.487722
0.453856
0.428915
0.41256
0.403219
0.398962
0.398101
0.399382
0.401964
0.405307
0.40907
0.41302
0.41695
0.420597
0.423625
0.425649
0.426276
0.425159
0.422045
0.416785
0.40933
0.399701
0.387975
0.374327
0.359091
0.342782
0.326065
0.309728
0.294692
0.281995
0.272719
0.267802
0.267802
0.272719
0.281995
0.294692
0.309728
0.326065
0.342782
0.359091
0.374327
0.387975
0.399701
0.40933
0.416785
0.422045
0.425159
0.426276
0.425649
0.423625
0.420597
0.41695
0.41302
0.40907
0.405307
0.401964
0.399382
0.398101
0.398962
0.403219
0.41256
0.428915
0.453856
0.487722
0.528726
0.572506
0.6124
0.640501
0.649397
0.634226
0.594455
0.534601
0.46329
0.39058
0.324403
0.267908
0.219445
0.172306
0.116994
0.059232
0.0193044
0.00423115
0.00271701
0.01534
0.0526947
0.109602
0.164866
0.210173
0.254346
0.305161
0.36618
0.436991
0.511998
0.581839
0.636617
0.669042
0.676327
0.660472
0.627204
0.584175
0.539082
0.498133
0.465164
0.441493
0.426487
0.418414
0.415303
0.415421
0.417547
0.420842
0.424774
0.428974
0.433139
0.436949
0.440026
0.441945
0.44229
0.440707
0.436947
0.430872
0.422446
0.411703
0.398749
0.383799
0.36722
0.349549
0.331469
0.313801
0.297522
0.28376
0.273696
0.268358
0.268358
0.273696
0.28376
0.297522
0.313801
0.331469
0.349549
0.36722
0.383799
0.398749
0.411703
0.422446
0.430872
0.436947
0.440707
0.44229
0.441945
0.440026
0.436949
0.433139
0.428974
0.424774
0.420842
0.417547
0.415421
0.415303
0.418414
0.426487
0.441493
0.465164
0.498133
0.539082
0.584175
0.627204
0.660472
0.676327
0.669042
0.636617
0.581839
0.511998
0.436991
0.36618
0.305161
0.254346
0.210173
0.164866
0.109602
0.0526947
0.01534
0.00271701
0.00174736
0.0122402
0.047166
0.103315
0.158904
0.203014
0.243458
0.288618
0.343269
0.409421
0.484246
0.560069
0.626858
0.675443
0.700063
0.699564
0.677203
0.639377
0.593851
0.548024
0.50763
0.475978
0.453935
0.44051
0.433857
0.431945
0.433086
0.436031
0.439947
0.444266
0.448562
0.452438
0.455465
0.457186
0.457165
0.455038
0.450561
0.443612
0.434174
0.422309
0.408153
0.391951
0.374093
0.355121
0.335733
0.316785
0.299314
0.284529
0.273707
0.267964
0.267964
0.273707
0.284529
0.299314
0.316785
0.335733
0.355121
0.374093
0.391951
0.408153
0.422309
0.434174
0.443612
0.450561
0.455038
0.457165
0.457186
0.455465
0.452438
0.448562
0.444266
0.439947
0.436031
0.433086
0.431945
0.433857
0.44051
0.453935
0.475978
0.50763
0.548024
0.593851
0.639377
0.677203
0.699564
0.700063
0.675443
0.626858
0.560069
0.484246
0.409421
0.343269
0.288618
0.243458
0.203014
0.158904
0.103315
0.047166
0.0122402
0.00174736
0.00112622
0.00980696
0.0424478
0.097895
0.154122
0.197672
0.235144
0.27521
0.32317
0.382828
0.454172
0.531944
0.607027
0.669385
0.710947
0.727531
0.719498
0.691135
0.649349
0.601932
0.555967
0.516599
0.48664
0.466477
0.454854
0.449724
0.449038
0.451108
0.454708
0.458981
0.463308
0.467171
0.47007
0.471509
0.47103
0.46827
0.462995
0.455102
0.444596
0.431566
0.416183
0.398724
0.3796
0.359366
0.33873
0.318575
0.299987
0.284248
0.272717
0.266593
0.266593
0.272717
0.284248
0.299987
0.318575
0.33873
0.359366
0.3796
0.398724
0.416183
0.431566
0.444596
0.455102
0.462995
0.46827
0.47103
0.471509
0.47007
0.467171
0.463308
0.458981
0.454708
0.451108
0.449038
0.449724
0.454854
0.466477
0.48664
0.516599
0.555967
0.601932
0.649349
0.691135
0.719498
0.727531
0.710947
0.669385
0.607027
0.531944
0.454172
0.382828
0.32317
0.27521
0.235144
0.197672
0.154122
0.097895
0.0424478
0.00980696
0.00112622
0.001
0.00789028
0.0383746
0.0931323
0.150228
0.193779
0.229053
0.264886
0.306554
0.35885
0.424232
0.500272
0.57966
0.652511
0.709303
0.743264
0.751767
0.736495
0.702692
0.657537
0.608823
0.563214
0.525358
0.49742
0.479359
0.469616
0.466022
0.466481
0.469305
0.473258
0.477447
0.481182
0.48386
0.484933
0.48392
0.480456
0.474319
0.465426
0.453813
0.439601
0.422997
0.404307
0.38396
0.362517
0.340698
0.319411
0.299783
0.283156
0.270966
0.264487
0.264487
0.270966
0.283156
0.299783
0.319411
0.340698
0.362517
0.38396
0.404307
0.422997
0.439601
0.453813
0.465426
0.474319
0.480456
0.48392
0.484933
0.48386
0.481182
0.477447
0.473258
0.469305
0.466481
0.466022
0.469616
0.479359
0.49742
0.525358
0.563214
0.608823
0.657537
0.702692
0.736495
0.751767
0.743264
0.709303
0.652511
0.57966
0.500272
0.424232
0.35885
0.306554
0.264886
0.229053
0.193779
0.150228
0.0931323
0.0383746
0.00789028
0.001
0.001
0.00637631
0.0348183
0.0888648
0.146973
0.190975
0.224743
0.257282
0.293528
0.338475
0.396365
0.467631
0.547446
0.627028
0.696314
0.746615
0.772589
0.773064
0.750922
0.712152
0.664265
0.614818
0.570078
0.5341
0.508472
0.492658
0.484812
0.482635
0.484003
0.487224
0.491041
0.494511
0.496879
0.497515
0.495904
0.491674
0.484615
0.474673
0.461913
0.446496
0.428666
0.408758
0.387218
0.364618
0.341689
0.319354
0.298774
0.28134
0.268551
0.261749
0.261749
0.268551
0.28134
0.298774
0.319354
0.341689
0.364618
0.387218
0.408758
0.428666
0.446496
0.461913
0.474673
0.484615
0.491674
0.495904
0.497515
0.496879
0.494511
0.491041
0.487224
0.484003
0.482635
0.484812
0.492658
0.508472
0.5341
0.570078
0.614818
0.664265
0.712152
0.750922
0.773064
0.772589
0.746615
0.696314
0.627028
0.547446
0.467631
0.396365
0.338475
0.293528
0.257282
0.224743
0.190975
0.146973
0.0888648
0.0348183
0.00637631
0.001
0.001
0.00517736
0.0316816
0.0849743
0.144166
0.188955
0.221778
0.251888
0.283793
0.32208
0.371912
0.436202
0.512992
0.595409
0.673771
0.738313
0.781391
0.799086
0.791643
0.763018
0.719806
0.669733
0.620131
0.576744
0.542995
0.519854
0.506315
0.500244
0.499228
0.501111
0.504193
0.507193
0.509135
0.509262
0.507
0.50196
0.493943
0.482917
0.468987
0.452354
0.433301
0.412194
0.389499
0.365799
0.341833
0.31854
0.297102
0.278946
0.265624
0.258535
0.258535
0.265624
0.278946
0.297102
0.31854
0.341833
0.365799
0.389499
0.412194
0.433301
0.452354
0.468987
0.482917
0.493943
0.50196
0.507
0.509262
0.509135
0.507193
0.504193
0.501111
0.499228
0.500244
0.506315
0.519854
0.542995
0.576744
0.620131
0.669733
0.719806
0.763018
0.791643
0.799086
0.781391
0.738313
0.673771
0.595409
0.512992
0.436202
0.371912
0.32208
0.283793
0.251888
0.221778
0.188955
0.144166
0.0849743
0.0316816
0.00517736
0.001
0.001
0.00422494
0.0288901
0.0813776
0.141665
0.187479
0.219786
0.24818
0.27682
0.309543
0.351598
0.407657
0.478628
0.560169
0.643881
0.719682
0.778405
0.813632
0.822841
0.807601
0.772877
0.725788
0.674124
0.624911
0.583319
0.552078
0.531509
0.520132
0.515553
0.515259
0.517076
0.519301
0.520655
0.52019
0.517233
0.511355
0.502356
0.490229
0.475117
0.457264
0.436995
0.414711
0.390899
0.366159
0.341237
0.31708
0.294886
0.276102
0.262319
0.254983
0.254983
0.262319
0.276102
0.294886
0.31708
0.341237
0.366159
0.390899
0.414711
0.436995
0.457264
0.475117
0.490229
0.502356
0.511355
0.517233
0.52019
0.520655
0.519301
0.517076
0.515259
0.515553
0.520132
0.531509
0.552078
0.583319
0.624911
0.674124
0.725788
0.772877
0.807601
0.822841
0.813632
0.778405
0.719682
0.643881
0.560169
0.478628
0.407657
0.351598
0.309543
0.27682
0.24818
0.219786
0.187479
0.141665
0.0813776
0.0288901
0.00422494
0.001
0.001
0.00346548
0.026387
0.0780167
0.13937
0.186367
0.218472
0.245695
0.272009
0.300401
0.335587
0.3831
0.446292
0.523724
0.608964
0.692572
0.764522
0.816443
0.843235
0.843799
0.820951
0.780557
0.73017
0.677538
0.629267
0.589858
0.561293
0.543231
0.533735
0.530183
0.529992
0.53099
0.531508
0.53033
0.526624
0.519886
0.509896
0.496665
0.48037
0.461301
0.43983
0.416395
0.39151
0.365793
0.339999
0.31508
0.292236
0.272927
0.258764
0.251226
0.251226
0.258764
0.272927
0.292236
0.31508
0.339999
0.365793
0.39151
0.416395
0.43983
0.461301
0.48037
0.496665
0.509896
0.519886
0.526624
0.53033
0.531508
0.53099
0.529992
0.530183
0.533735
0.543231
0.561293
0.589858
0.629267
0.677538
0.73017
0.780557
0.820951
0.843799
0.843235
0.816443
0.764522
0.692572
0.608964
0.523724
0.446292
0.3831
0.335587
0.300401
0.272009
0.245695
0.218472
0.186367
0.13937
0.0780167
0.026387
0.00346548
0.001
0.001
0.00285751
0.0241299
0.074854
0.137214
0.185494
0.217622
0.244063
0.268799
0.294029
0.323602
0.363051
0.417439
0.488167
0.571401
0.659078
0.741152
0.807964
0.852158
0.869991
0.861797
0.831599
0.786053
0.733015
0.680063
0.633258
0.596337
0.570476
0.554678
0.54659
0.543413
0.542534
0.541837
0.539752
0.535213
0.527589
0.516609
0.502282
0.484818
0.464551
0.441899
0.417344
0.391435
0.364808
0.338231
0.312654
0.289274
0.269547
0.25509
0.247398
0.247398
0.25509
0.269547
0.289274
0.312654
0.338231
0.364808
0.391435
0.417344
0.441899
0.464551
0.484818
0.502282
0.516609
0.527589
0.535213
0.539752
0.541837
0.542534
0.543413
0.54659
0.554678
0.570476
0.596337
0.633258
0.680063
0.733015
0.786053
0.831599
0.861797
0.869991
0.852158
0.807964
0.741152
0.659078
0.571401
0.488167
0.417439
0.363051
0.323602
0.294029
0.268799
0.244063
0.217622
0.185494
0.137214
0.074854
0.0241299
0.00285751
0.001
0.001
0.00236925
0.0220893
0.0718689
0.135156
0.184774
0.217089
0.243015
0.266723
0.289784
0.315076
0.347526
0.392995
0.455251
0.533395
0.621435
0.710116
0.78919
0.849599
0.885162
0.893581
0.876613
0.839422
0.789346
0.734389
0.681795
0.636933
0.602671
0.579357
0.565371
0.558021
0.554399
0.551934
0.548631
0.543108
0.534535
0.522546
0.507127
0.488504
0.467054
0.443245
0.417605
0.390721
0.363257
0.335989
0.309865
0.286068
0.266038
0.25138
0.243587
0.243587
0.25138
0.266038
0.286068
0.309865
0.335989
0.363257
0.390721
0.417605
0.443245
0.467054
0.488504
0.507127
0.522546
0.534535
0.543108
0.548631
0.551934
0.554399
0.558021
0.565371
0.579357
0.602671
0.636933
0.681795
0.734389
0.789346
0.839422
0.876613
0.893581
0.885162
0.849599
0.78919
0.710116
0.621435
0.533395
0.455251
0.392995
0.347526
0.315076
0.289784
0.266723
0.243015
0.217089
0.184774
0.135156
0.0718689
0.0220893
0.00236925
0.001
0.001
0.00197647
0.0202458
0.0690546
0.133178
0.184158
0.21678
0.242366
0.265431
0.287096
0.309332
0.336161
0.373324
0.426276
0.496898
0.581873
0.673459
0.761592
0.836144
0.888884
0.91495
0.913573
0.887939
0.84428
0.790461
0.734431
0.682886
0.64034
0.608724
0.587575
0.574734
0.567263
0.56224
0.557226
0.550449
0.540807
0.527774
0.511266
0.491505
0.468899
0.443965
0.417282
0.389482
0.361256
0.333393
0.306834
0.282741
0.262523
0.24776
0.239918
0.239918
0.24776
0.262523
0.282741
0.306834
0.333393
0.361256
0.389482
0.417282
0.443965
0.468899
0.491505
0.511266
0.527774
0.540807
0.550449
0.557226
0.56224
0.567263
0.574734
0.587575
0.608724
0.64034
0.682886
0.734431
0.790461
0.84428
0.887939
0.913573
0.91495
0.888884
0.836144
0.761592
0.673459
0.581873
0.496898
0.426276
0.373324
0.336161
0.309332
0.287096
0.265431
0.242366
0.21678
0.184158
0.133178
0.0690546
0.0202458
0.00197647
0.001
0.001
0.00166036
0.0185861
0.0664113
0.131271
0.183615
0.216638
0.241998
0.264677
0.2855
0.305714
0.328318
0.358381
0.402034
0.463528
0.542482
0.633345
0.726989
0.812903
0.881333
0.925098
0.940828
0.929389
0.895419
0.846109
0.789604
0.733482
0.683628
0.643569
0.614299
0.594648
0.582057
0.573471
0.566057
0.5576
0.546643
0.532432
0.514771
0.493848
0.470086
0.444045
0.416356
0.387697
0.358789
0.330431
0.303554
0.27929
0.259007
0.244234
0.2364
0.2364
0.244234
0.259007
0.27929
0.303554
0.330431
0.358789
0.387697
0.416356
0.444045
0.470086
0.493848
0.514771
0.532432
0.546643
0.5576
0.566057
0.573471
0.582057
0.594648
0.614299
0.643569
0.683628
0.733482
0.789604
0.846109
0.895419
0.929389
0.940828
0.925098
0.881333
0.812903
0.726989
0.633345
0.542482
0.463528
0.402034
0.358381
0.328318
0.305714
0.2855
0.264677
0.241998
0.216638
0.183615
0.131271
0.0664113
0.0185861
0.00166036
0.001
0.001
0.00140598
0.0170985
0.0639371
0.129425
0.183117
0.21662
0.241836
0.264296
0.284655
0.303646
0.323292
0.347712
0.382838
0.434492
0.505128
0.591932
0.687422
0.781418
0.863249
0.923796
0.957179
0.961764
0.94027
0.898822
0.845256
0.787461
0.732214
0.68443
0.646673
0.619117
0.600021
0.586575
0.575743
0.56492
0.552246
0.536654
0.517746
0.495629
0.470714
0.443592
0.414943
0.38549
0.355984
0.327235
0.300156
0.275844
0.25561
0.240922
0.233149
0.233149
0.240922
0.25561
0.275844
0.300156
0.327235
0.355984
0.38549
0.414943
0.443592
0.470714
0.495629
0.517746
0.536654
0.552246
0.56492
0.575743
0.586575
0.600021
0.619117
0.646673
0.68443
0.732214
0.787461
0.845256
0.898822
0.94027
0.961764
0.957179
0.923796
0.863249
0.781418
0.687422
0.591932
0.505128
0.434492
0.382838
0.347712
0.323292
0.303646
0.284655
0.264296
0.241836
0.21662
0.183117
0.129425
0.0639371
0.0170985
0.00140598
0.001
0.001
0.0012011
0.0157696
0.0616219
0.12762
0.182623
0.21668
0.241823
0.264168
0.284322
0.302646
0.320402
0.340651
0.368551
0.410528
0.471365
0.551261
0.645042
0.743571
0.835896
0.91143
0.961975
0.98334
0.976233
0.945653
0.898776
0.843062
0.78542
0.731644
0.685732
0.64951
0.62258
0.602848
0.587362
0.573244
0.558182
0.540773
0.520359
0.496906
0.470772
0.442556
0.412973
0.382785
0.352771
0.323739
0.296583
0.272349
0.252285
0.237776
0.230116
0.230116
0.237776
0.252285
0.272349
0.296583
0.323739
0.352771
0.382785
0.412973
0.442556
0.470772
0.496906
0.520359
0.540773
0.558182
0.573244
0.587362
0.602848
0.62258
0.64951
0.685732
0.731644
0.78542
0.843062
0.898776
0.945653
0.976233
0.98334
0.961975
0.91143
0.835896
0.743571
0.645042
0.551261
0.471365
0.410528
0.368551
0.340651
0.320402
0.302646
0.284322
0.264168
0.241823
0.21668
0.182623
0.12762
0.0616219
0.0157696
0.0012011
0.001
0.001
0.00103566
0.0145839
0.0594479
0.125825
0.182084
0.21676
0.241899
0.264207
0.284332
0.302362
0.319042
0.336439
0.358669
0.391879
0.442344
0.513159
0.601997
0.701473
0.801009
0.889051
0.955287
0.992797
1
0.982672
0.946649
0.898049
0.842261
0.785303
0.73254
0.687561
0.651623
0.623938
0.602145
0.583361
0.564969
0.545122
0.522824
0.497822
0.470368
0.441032
0.410542
0.379687
0.34926
0.320062
0.292954
0.268927
0.249144
0.234902
0.227405
0.227405
0.234902
0.249144
0.268927
0.292954
0.320062
0.34926
0.379687
0.410542
0.441032
0.470368
0.497822
0.522824
0.545122
0.564969
0.583361
0.602145
0.623938
0.651623
0.687561
0.73254
0.785303
0.842261
0.898049
0.946649
0.982672
1
0.992797
0.955287
0.889051
0.801009
0.701473
0.601997
0.513159
0.442344
0.391879
0.358669
0.336439
0.319042
0.302362
0.284332
0.264207
0.241899
0.21676
0.182084
0.125825
0.0594479
0.0145839
0.00103566
0.001
0.001
0.001
0.013527
0.0573987
0.124015
0.181453
0.216801
0.241996
0.264331
0.284542
0.302535
0.318712
0.334341
0.352449
0.378317
0.418732
0.479131
0.560321
0.657353
0.76073
0.858476
0.938333
0.990026
1
1
0.984758
0.94833
0.90067
0.845722
0.788363
0.734923
0.689109
0.651877
0.621933
0.596783
0.573671
0.550378
0.525528
0.498563
0.469558
0.439
0.407594
0.376126
0.345384
0.316146
0.289224
0.265533
0.246149
0.23226
0.224971
0.224971
0.23226
0.246149
0.265533
0.289224
0.316146
0.345384
0.376126
0.407594
0.439
0.469558
0.498563
0.525528
0.550378
0.573671
0.596783
0.621933
0.651877
0.689109
0.734923
0.788363
0.845722
0.90067
0.94833
0.984758
1
1
0.990026
0.938333
0.858476
0.76073
0.657353
0.560321
0.479131
0.418732
0.378317
0.352449
0.334341
0.318712
0.302535
0.284542
0.264331
0.241996
0.216801
0.181453
0.124015
0.0573987
0.013527
0.001
0.001
0.001
0.001
0.0125861
0.0554631
0.122179
0.180702
0.216761
0.242057
0.264464
0.284833
0.302949
0.319002
0.333681
0.349039
0.369215
0.400649
0.450231
0.521785
0.6134
0.717452
0.822286
0.913985
0.978546
1
1
1
0.994695
0.95912
0.910953
0.85361
0.793813
0.737573
0.689135
0.648853
0.615138
0.585452
0.557325
0.528961
0.499422
0.468514
0.436566
0.404205
0.372176
0.341228
0.312085
0.285489
0.262267
0.243388
0.22993
0.22289
0.22289
0.22993
0.243388
0.262267
0.285489
0.312085
0.341228
0.372176
0.404205
0.436566
0.468514
0.499422
0.528961
0.557325
0.585452
0.615138
0.648853
0.689135
0.737573
0.793813
0.85361
0.910953
0.95912
0.994695
1
1
1
0.978546
0.913985
0.822286
0.717452
0.6134
0.521785
0.450231
0.400649
0.369215
0.349039
0.333681
0.319002
0.302949
0.284833
0.264464
0.242057
0.216761
0.180702
0.122179
0.0554631
0.0125861
0.001
0.001
0.001
0.001
0.0117466
0.0536239
0.120299
0.179803
0.2166
0.242029
0.26453
0.28507
0.303402
0.319555
0.333849
0.347554
0.363657
0.38767
0.426936
0.487727
0.571529
0.673463
0.78322
0.885886
0.964348
1
1
1
1
1
0.977141
0.925125
0.863681
0.799327
0.738574
0.685684
0.64081
0.602132
0.567215
0.533916
0.500858
0.467474
0.433837
0.400416
0.367851
0.336802
0.307898
0.281773
0.259144
0.240867
0.227901
0.221141
0.221141
0.227901
0.240867
0.259144
0.281773
0.307898
0.336802
0.367851
0.400416
0.433837
0.467474
0.500858
0.533916
0.567215
0.602132
0.64081
0.685684
0.738574
0.799327
0.863681
0.925125
0.977141
1
1
1
1
1
0.964348
0.885886
0.78322
0.673463
0.571529
0.487727
0.426936
0.38767
0.363657
0.347554
0.333849
0.319555
0.303402
0.28507
0.26453
0.242029
0.2166
0.179803
0.120299
0.0536239
0.0117466
0.001
0.001
0.001
0.001
0.0109839
0.0518288
0.118303
0.178674
0.216231
0.241817
0.264408
0.285101
0.303652
0.319998
0.334246
0.347092
0.360521
0.378863
0.409047
0.45887
0.533139
0.630488
0.743126
0.856216
0.950271
1
1
1
1
1
1
0.996011
0.941033
0.873757
0.802784
0.735709
0.676627
0.625919
0.581625
0.541438
0.503523
0.466828
0.431048
0.396383
0.363281
0.332236
0.303712
0.278191
0.256256
0.238643
0.226204
0.219737
0.219737
0.226204
0.238643
0.256256
0.278191
0.303712
0.332236
0.363281
0.396383
0.431048
0.466828
0.503523
0.541438
0.581625
0.625919
0.676627
0.735709
0.802784
0.873757
0.941033
0.996011
1
1
1
1
1
1
0.950271
0.856216
0.743126
0.630488
0.533139
0.45887
0.409047
0.378863
0.360521
0.347092
0.334246
0.319998
0.303652
0.285101
0.264408
0.241817
0.216231
0.178674
0.118303
0.0518288
0.0109839
0.001
0.001
0.001
0.001
0.0102568
0.0499629
0.11601
0.17711
0.215445
0.2412
0.263832
0.284612
0.303317
0.319842
0.334185
0.346678
0.358522
0.372864
0.395655
0.435171
0.49892
0.589481
0.702558
0.824943
0.934744
1
1
1
1
1
1
1
1
0.956707
0.88102
0.801479
0.726236
0.659776
0.60274
0.553017
0.508372
0.467171
0.428572
0.392367
0.358681
0.327722
0.299698
0.274875
0.25368
0.236739
0.224814
0.218627
0.218627
0.224814
0.236739
0.25368
0.274875
0.299698
0.327722
0.358681
0.392367
0.428572
0.467171
0.508372
0.553017
0.60274
0.659776
0.726236
0.801479
0.88102
0.956707
1
1
1
1
1
1
1
1
0.934744
0.824943
0.702558
0.589481
0.49892
0.435171
0.395655
0.372864
0.358522
0.346678
0.334185
0.319842
0.303317
0.284612
0.263832
0.2412
0.215445
0.17711
0.11601
0.0499629
0.0102568
0.001
0.001
0.001
0.001
0.00951073
0.0478398
0.11309
0.174712
0.213826
0.239722
0.262284
0.28301
0.301724
0.318311
0.332736
0.345131
0.356151
0.367921
0.385171
0.415733
0.468797
0.550739
0.661372
0.790976
0.915008
1
1
1
1
1
1
1
1
1
0.969651
0.883002
0.792342
0.707397
0.633355
0.570619
0.516726
0.46937
0.427006
0.38882
0.354426
0.323576
0.29609
0.271963
0.251463
0.235128
0.223654
0.21771
0.21771
0.223654
0.235128
0.251463
0.271963
0.29609
0.323576
0.354426
0.38882
0.427006
0.46937
0.516726
0.570619
0.633355
0.707397
0.792342
0.883002
0.969651
1
1
1
1
1
1
1
1
1
0.915008
0.790976
0.661372
0.550739
0.468797
0.415733
0.385171
0.367921
0.356151
0.345131
0.332736
0.318311
0.301724
0.28301
0.262284
0.239722
0.213826
0.174712
0.11309
0.0478398
0.00951073
0.001
0.001
0.001
0.001
0.0086892
0.0452208
0.109066
0.170845
0.210661
0.236582
0.25884
0.279246
0.297718
0.314152
0.328527
0.340892
0.351568
0.361893
0.375378
0.398794
0.44186
0.51392
0.619201
0.752861
0.888916
1
1
1
1
1
1
1
1
1
1
0.975926
0.875128
0.771348
0.6767
0.596581
0.530214
0.474563
0.42719
0.386465
0.351249
0.320567
0.293657
0.270182
0.250284
0.234451
0.223346
0.2176
0.2176
0.223346
0.234451
0.250284
0.270182
0.293657
0.320567
0.351249
0.386465
0.42719
0.474563
0.530214
0.596581
0.6767
0.771348
0.875128
0.975926
1
1
1
1
1
1
1
1
1
1
0.888916
0.752861
0.619201
0.51392
0.44186
0.398794
0.375378
0.361893
0.351568
0.340892
0.328527
0.314152
0.297718
0.279246
0.25884
0.236582
0.210661
0.170845
0.109066
0.0452208
0.0086892
0.001
0.001
0.001
0.001
0.00774992
0.0418553
0.103339
0.164605
0.20486
0.230529
0.252066
0.271715
0.289551
0.305517
0.319627
0.331915
0.342529
0.352258
0.363541
0.381829
0.416335
0.478151
0.57574
0.709508
0.855645
0.990968
1
1
1
1
1
1
1
1
1
1
0.969672
0.851497
0.735421
0.633605
0.550808
0.484123
0.430176
0.386167
0.34974
0.318928
0.292357
0.269335
0.249897
0.234482
0.223704
0.21814
0.21814
0.223704
0.234482
0.249897
0.269335
0.292357
0.318928
0.34974
0.386167
0.430176
0.484123
0.550808
0.633605
0.735421
0.851497
0.969672
1
1
1
1
1
1
1
1
1
1
0.990968
0.855645
0.709508
0.57574
0.478151
0.416335
0.381829
0.363541
0.352258
0.342529
0.331915
0.319627
0.305517
0.289551
0.271715
0.252066
0.230529
0.20486
0.164605
0.103339
0.0418553
0.00774992
0.001
0.001
0.001
0.001
0.00668147
0.037549
0.0952918
0.154887
0.194973
0.219888
0.240076
0.258349
0.275026
0.290132
0.303717
0.31583
0.326542
0.336294
0.34667
0.36181
0.389674
0.441885
0.530155
0.660498
0.814889
0.968641
1
1
1
1
1
1
1
1
1
1
1
0.944242
0.809266
0.683588
0.580098
0.499328
0.436878
0.388428
0.350603
0.319576
0.293178
0.270486
0.251449
0.236445
0.22601
0.220642
0.220642
0.22601
0.236445
0.251449
0.270486
0.293178
0.319576
0.350603
0.388428
0.436878
0.499328
0.580098
0.683588
0.809266
0.944242
1
1
1
1
1
1
1
1
1
1
1
0.968641
0.814889
0.660498
0.530155
0.441885
0.389674
0.36181
0.34667
0.336294
0.326542
0.31583
0.303717
0.290132
0.275026
0.258349
0.240076
0.219888
0.194973
0.154887
0.0952918
0.037549
0.00668147
0.001
0.001
0.001
0.001
0.00551861
0.0322812
0.0845402
0.140719
0.17957
0.20301
0.221074
0.23724
0.252165
0.265984
0.278778
0.290596
0.301479
0.311657
0.322103
0.335783
0.359077
0.403066
0.481291
0.604999
0.764886
0.935767
1
1
1
1
1
1
1
1
1
1
1
1
0.895501
0.747781
0.619518
0.521065
0.4477
0.394443
0.354176
0.322194
0.295488
0.27288
0.254144
0.239542
0.229476
0.224327
0.224327
0.229476
0.239542
0.254144
0.27288
0.295488
0.322194
0.354176
0.394443
0.4477
0.521065
0.619518
0.747781
0.895501
1
1
1
1
1
1
1
1
1
1
1
1
0.935767
0.764886
0.604999
0.481291
0.403066
0.359077
0.335783
0.322103
0.311657
0.301479
0.290596
0.278778
0.265984
0.252165
0.23724
0.221074
0.20301
0.17957
0.140719
0.0845402
0.0322812
0.00551861
0.001
0.001
0.001
0.001
0.00435238
0.026371
0.071435
0.122105
0.158292
0.179452
0.194647
0.207998
0.220578
0.232664
0.244358
0.255689
0.266671
0.277401
0.288474
0.301868
0.322423
0.359696
0.427799
0.54199
0.703004
0.888957
1
1
1
1
1
1
1
1
1
1
1
1
0.992139
0.824652
0.670054
0.550049
0.463982
0.403834
0.360156
0.326699
0.299419
0.276814
0.258395
0.244227
0.234566
0.229658
0.229658
0.234566
0.244227
0.258395
0.276814
0.299419
0.326699
0.360156
0.403834
0.463982
0.550049
0.670054
0.824652
0.992139
1
1
1
1
1
1
1
1
1
1
1
1
0.888957
0.703004
0.54199
0.427799
0.359696
0.322423
0.301868
0.288474
0.277401
0.266671
0.255689
0.244358
0.232664
0.220578
0.207998
0.194647
0.179452
0.158292
0.122105
0.071435
0.026371
0.00435238
0.001
0.001
0.001
0.001
0.00332181
0.020593
0.0576361
0.101273
0.133615
0.151982
0.163843
0.173782
0.183382
0.193143
0.203216
0.213608
0.224294
0.235286
0.246954
0.260534
0.279535
0.311488
0.369636
0.471452
0.627693
0.824073
1
1
1
1
1
1
1
1
1
1
1
1
1
0.90985
0.732095
0.586739
0.484925
0.416319
0.368523
0.333042
0.304866
0.281947
0.263659
0.249839
0.240547
0.235868
0.235868
0.240547
0.249839
0.263659
0.281947
0.304866
0.333042
0.368523
0.416319
0.484925
0.586739
0.732095
0.90985
1
1
1
1
1
1
1
1
1
1
1
1
1
0.824073
0.627693
0.471452
0.369636
0.311488
0.279535
0.260534
0.246954
0.235286
0.224294
0.213608
0.203216
0.193143
0.183382
0.173782
0.163843
0.151982
0.133615
0.101273
0.0576361
0.020593
0.00332181
0.001
0.001
0.001
0.001
0.00258589
0.0160924
0.0462493
0.0834013
0.112105
0.12801
0.136655
0.142804
0.148679
0.155169
0.16261
0.171052
0.180455
0.190792
0.202285
0.21568
0.233401
0.260873
0.309269
0.395936
0.539165
0.736765
0.950689
1
1
1
1
1
1
1
1
1
1
1
1
1
0.803522
0.63228
0.51129
0.432309
0.379054
0.34082
0.311279
0.287979
0.269825
0.256394
0.247509
0.24308
0.24308
0.247509
0.256394
0.269825
0.287979
0.311279
0.34082
0.379054
0.432309
0.51129
0.63228
0.803522
1
1
1
1
1
1
1
1
1
1
1
1
1
0.950689
0.736765
0.539165
0.395936
0.309269
0.260873
0.233401
0.21568
0.202285
0.190792
0.180455
0.171052
0.16261
0.155169
0.148679
0.142804
0.136655
0.12801
0.112105
0.0834013
0.0462493
0.0160924
0.00258589
0.001
0.001
0.001
0.001
0.00236812
0.0144066
0.0416671
0.0760916
0.103368
0.117984
0.124175
0.126604
0.128267
0.130502
0.133994
0.138974
0.145494
0.153602
0.163425
0.175475
0.19135
0.214654
0.253666
0.323526
0.445361
0.631096
0.860065
1
1
1
1
1
1
1
1
1
1
1
1
1
0.880137
0.687555
0.543995
0.45217
0.391915
0.35021
0.318975
0.295072
0.276967
0.263915
0.255442
0.251268
0.251268
0.255442
0.263915
0.276967
0.295072
0.318975
0.35021
0.391915
0.45217
0.543995
0.687555
0.880137
1
1
1
1
1
1
1
1
1
1
1
1
1
0.860065
0.631096
0.445361
0.323526
0.253666
0.214654
0.19135
0.175475
0.163425
0.153602
0.145494
0.138974
0.133994
0.130502
0.128267
0.126604
0.124175
0.117984
0.103368
0.0760916
0.0416671
0.0144066
0.00236812
0.001
0.001
0.001
0.001
0.00368815
0.0196357
0.0519403
0.0895003
0.116974
0.130129
0.134079
0.133357
0.131117
0.128988
0.12789
0.128287
0.130494
0.134875
0.141638
0.151424
0.165084
0.184861
0.215749
0.268628
0.362405
0.520379
0.74032
0.988619
1
1
1
1
1
1
1
1
1
1
1
1
0.953835
0.746979
0.582033
0.475016
0.405782
0.359224
0.325713
0.301077
0.283097
0.270512
0.262507
0.25861
0.25861
0.262507
0.270512
0.283097
0.301077
0.325713
0.359224
0.405782
0.475016
0.582033
0.746979
0.953835
1
1
1
1
1
1
1
1
1
1
1
1
0.988619
0.74032
0.520379
0.362405
0.268628
0.215749
0.184861
0.165084
0.151424
0.141638
0.134875
0.130494
0.128287
0.12789
0.128988
0.131117
0.133357
0.134079
0.130129
0.116974
0.0895003
0.0519403
0.0196357
0.00368815
0.001
0.001
0.001
0.00114412
0.0124657
0.0447413
0.0919807
0.133446
0.156994
0.166128
0.167261
0.164134
0.159244
0.154137
0.149804
0.146975
0.146621
0.149814
0.156884
0.1681
0.183394
0.203617
0.230436
0.268683
0.332956
0.448419
0.631303
0.869077
1
1
1
1
1
1
1
1
1
1
1
1
1
0.836273
0.658214
0.530535
0.44624
0.390605
0.352479
0.325901
0.307368
0.294786
0.286909
0.283101
0.283101
0.286909
0.294786
0.307368
0.325901
0.352479
0.390605
0.44624
0.530535
0.658214
0.836273
1
1
1
1
1
1
1
1
1
1
1
1
1
0.869077
0.631303
0.448419
0.332956
0.268683
0.230436
0.203617
0.183394
0.1681
0.156884
0.149814
0.146621
0.146975
0.149804
0.154137
0.159244
0.164134
0.167261
0.166128
0.156994
0.133446
0.0919807
0.0447413
0.0124657
0.00114412
0.001
0.001
0.00826905
0.0439413
0.107803
0.170354
0.208203
0.227539
0.237802
0.243612
0.246466
0.247449
0.247667
0.24807
0.249494
0.25422
0.263958
0.277981
0.294648
0.31253
0.332183
0.353563
0.377144
0.411199
0.474501
0.592535
0.782735
1
1
1
1
1
1
1
1
1
1
1
1
1
0.852836
0.658812
0.513117
0.416346
0.355494
0.316492
0.290886
0.273854
0.262722
0.255958
0.252743
0.252743
0.255958
0.262722
0.273854
0.290886
0.316492
0.355494
0.416346
0.513117
0.658812
0.852836
1
1
1
1
1
1
1
1
1
1
1
1
1
0.782735
0.592535
0.474501
0.411199
0.377144
0.353563
0.332183
0.31253
0.294648
0.277981
0.263958
0.25422
0.249494
0.24807
0.247667
0.247449
0.246466
0.243612
0.237802
0.227539
0.208203
0.170354
0.107803
0.0439413
0.00826905
0.001
0.00147341
0.0318735
0.119003
0.229429
0.30595
0.353036
0.393351
0.430814
0.465027
0.494385
0.519829
0.541142
0.559157
0.573815
0.589957
0.610832
0.634228
0.654632
0.671684
0.685596
0.694616
0.70072
0.699968
0.712201
0.767827
0.875825
1
1
1
1
1
1
1
1
1
1
1
1
1
1
1
1
1
1
0.941058
0.803765
0.8
0.775987
0.735977
0.716896
0.716896
0.735977
0.775987
0.8
0.803765
0.941058
1
1
1
1
1
1
1
1
1
1
1
1
1
1
1
1
1
1
0.875825
0.767827
0.712201
0.699968
0.70072
0.694616
0.685596
0.671684
0.654632
0.634228
0.610832
0.589957
0.573815
0.559157
0.541142
0.519829
0.494385
0.465027
0.430814
0.393351
0.353036
0.30595
0.229429
0.119003
0.0318735
0.00147341
0.002754
0.0550391
0.190597
0.333263
0.424065
0.493421
0.565495
0.635539
0.699308
0.756357
0.805596
0.846993
0.881085
0.906865
0.93085
0.943076
0.954565
0.959944
0.962237
0.96144
0.960866
0.958134
0.963663
0.977824
0.985536
1
1
1
1
1
1
1
1
1
1
1
1
1
1
1
1
1
1
1
1
1
1
0.951119
0.902253
0.879156
0.879156
0.902253
0.951119
1
1
1
1
1
1
1
1
1
1
1
1
1
1
1
1
1
1
1
1
1
1
0.985536
0.977824
0.963663
0.958134
0.960866
0.96144
0.962237
0.959944
0.954565
0.943076
0.93085
0.906865
0.881085
0.846993
0.805596
0.756357
0.699308
0.635539
0.565495
0.493421
0.424065
0.333263
0.190597
0.0550391
0.002754
