0.00745175
0.127543
0.33601
0.514668
0.672058
0.84903
1
1
1
1
1
1
1
1
1
1
1
1
1
1
1
1
1
1
0.446203
0.446203
1
1
1
1
1
1
1
1
1
1
1
1
1
1
1
1
1
1
0.84903
0.672058
0.514668
0.33601
0.127543
0.00745175
0.0128504
0.149225
0.37713
0.5269
0.557091
0.567454
0.569128
0.618901
0.673566
0.713279
0.743071
0.7704
1
1
1
1
1
1
1
1
1
1
1
0.741423
0.205124
0.205124
0.741423
1
1
1
1
1
1
1
1
1
1
1
0.7704
0.743071
0.713279
0.673566
0.618901
0.569128
0.567454
0.557091
0.5269
0.37713
0.149225
0.0128504
0.0172627
0.189322
0.455458
0.534156
0.405732
0.236133
0.112682
0.0850904
0.0991701
0.122368
0.221711
0.491354
1
1
1
1
1
1
1
1
0.954174
0.344427
0.0481037
0.00837558
0.011182
0.011182
0.00837558
0.0481037
0.344427
0.954174
1
1
1
1
1
1
1
1
0.491354
0.221711
0.122368
0.0991701
0.0850904
0.112682
0.236133
0.405732
0.534156
0.455458
0.189322
0.0172627
0.0121921
0.156704
0.375014
0.379055
0.202235
0.0728457
0.0130736
0.001
0.001
0.0277146
0.240681
0.769527
1
1
1
1
1
1
1
1
0.792333
0.251573
0.0246868
0.001
0.001
0.001
0.001
0.0246868
0.251573
0.792333
1
1
1
1
1
1
1
1
0.769527
0.240681
0.0277146
0.001
0.001
0.0130736
0.0728457
0.202235
0.379055
0.375014
0.156704
0.0121921
0.00311777
0.0600999
0.13591
0.127329
0.0497296
0.00711838
0.001
0.001
0.0143263
0.125732
0.530897
1
1
1
1
1
1
1
1
1
0.569969
0.14281
0.00974951
0.001
0.001
0.001
0.001
0.00974951
0.14281
0.569969
1
1
1
1
1
1
1
1
1
0.530897
0.125732
0.0143263
0.001
0.001
0.00711838
0.0497296
0.127329
0.13591
0.0600999
0.00311777
0.001
0.001
0.00180951
0.00148296
0.001
0.001
0.001
0.0136009
0.100587
0.384573
0.964868
1
1
1
1
1
1
1
1
1
0.447852
0.0854135
0.00124574
0.001
0.001
0.001
0.001
0.00124574
0.0854135
0.447852
1
1
1
1
1
1
1
1
1
0.964868
0.384573
0.100587
0.0136009
0.001
0.001
0.001
0.00148296
0.00180951
0.001
0.001
0.001
0.001
0.001
0.001
0.001
0.001
0.00287166
0.0603212
0.297331
0.805495
1
1
1
1
0.958575
0.675468
0.971991
1
1
1
0.422678
0.0780222
0.001
0.001
0.001
0.001
0.001
0.001
0.0780222
0.422678
1
1
1
0.971991
0.675468
0.958575
1
1
1
1
0.805495
0.297331
0.0603212
0.00287166
0.001
0.001
0.001
0.001
0.001
0.001
0.001
0.0142151
0.0606779
0.106032
0.10639
0.07814
0.072938
0.196804
0.620467
1
1
1
1
1
0.466187
0.418427
0.931404
1
1
1
0.43995
0.0849572
0.001
0.001
0.001
0.001
0.001
0.001
0.0849572
0.43995
1
1
1
0.931404
0.418427
0.466187
1
1
1
1
1
0.620467
0.196804
0.072938
0.07814
0.10639
0.106032
0.0606779
0.0142151
0.001
0.00136652
0.0706392
0.224074
0.352795
0.365118
0.331135
0.333457
0.527686
1
1
1
1
1
0.454222
0.122859
0.263928
0.84918
1
1
1
0.463099
0.0899469
0.001
0.001
0.001
0.001
0.001
0.001
0.0899469
0.463099
1
1
1
0.84918
0.263928
0.122859
0.454222
1
1
1
1
1
0.527686
0.333457
0.331135
0.365118
0.352795
0.224074
0.0706392
0.00136652
0.00581267
0.135219
0.372717
0.518893
0.567669
0.596943
0.636466
0.891957
1
1
1
1
0.503329
0.121642
0.015548
0.188984
0.725762
1
1
1
0.483762
0.092843
0.001
0.001
0.001
0.001
0.001
0.001
0.092843
0.483762
1
1
1
0.725762
0.188984
0.015548
0.121642
0.503329
1
1
1
1
0.891957
0.636466
0.596943
0.567669
0.518893
0.372717
0.135219
0.00581267
0.00827893
0.167468
0.41799
0.54997
0.592053
0.659216
0.741312
1
1
1
1
0.584899
0.159665
0.0174607
0.00158381
0.120565
0.580535
1
1
1
0.493521
0.0943557
0.001
0.001
0.001
0.001
0.001
0.001
0.0943557
0.493521
1
1
1
0.580535
0.120565
0.00158381
0.0174607
0.159665
0.584899
1
1
1
1
0.741312
0.659216
0.592053
0.54997
0.41799
0.167468
0.00827893
0.00511966
0.126534
0.334384
0.433436
0.453693
0.542191
0.721226
1
1
1
0.711691
0.248822
0.0418705
0.00115424
0.001
0.0720402
0.465187
1
1
1
0.485921
0.0949963
0.001
0.001
0.001
0.001
0.001
0.001
0.0949963
0.485921
1
1
1
0.465187
0.0720402
0.001
0.00115424
0.0418705
0.248822
0.711691
1
1
1
0.721226
0.542191
0.453693
0.433436
0.334384
0.126534
0.00511966
0.001
0.0506913
0.132842
0.185641
0.222696
0.400449
0.791878
1
1
0.89367
0.371454
0.093054
0.00904361
0.001
0.001
0.0586628
0.405972
1
1
1
0.463919
0.0952283
0.001
0.001
0.001
0.001
0.001
0.001
0.0952283
0.463919
1
1
1
0.405972
0.0586628
0.001
0.001
0.00904361
0.093054
0.371454
0.89367
1
1
0.791878
0.400449
0.222696
0.185641
0.132842
0.0506913
0.001
0.001
0.001
0.00609233
0.0168299
0.0797982
0.362492
0.935663
1
1
0.57734
0.16802
0.0217574
0.001
0.001
0.001
0.062141
0.381239
1
1
1
0.439324
0.0950572
0.001
0.001
0.001
0.001
0.001
0.001
0.0950572
0.439324
1
1
1
0.381239
0.062141
0.001
0.001
0.001
0.0217574
0.16802
0.57734
1
1
0.935663
0.362492
0.0797982
0.0168299
0.00609233
0.001
0.001
0.001
0.001
0.001
0.0212468
0.134944
0.501562
1
1
0.912859
0.349222
0.0678217
0.00211278
0.001
0.001
0.001
0.0683217
0.385182
0.988735
1
1
0.436621
0.0956291
0.001
0.001
0.001
0.001
0.001
0.001
0.0956291
0.436621
1
1
0.988735
0.385182
0.0683217
0.001
0.001
0.001
0.00211278
0.0678217
0.349222
0.912859
1
1
0.501562
0.134944
0.0212468
0.001
0.001
0.001
0.001
0.001
0.00527094
0.0679636
0.275034
0.696389
1
1
0.641531
0.191655
0.0250145
0.001
0.001
0.001
0.00113802
0.0853722
0.433633
0.995568
1
1
0.493659
0.12443
0.0085273
0.001
0.001
0.001
0.001
0.0085273
0.12443
0.493659
1
1
0.995568
0.433633
0.0853722
0.00113802
0.001
0.001
0.001
0.0250145
0.191655
0.641531
1
1
0.696389
0.275034
0.0679636
0.00527094
0.001
0.001
0.001
0.001
0.0390201
0.166286
0.418468
0.79287
0.972223
0.877454
0.421372
0.0947877
0.00391866
0.001
0.001
0.001
0.0200074
0.167783
0.56188
0.987837
1
1
0.633446
0.23675
0.046206
0.001
0.001
0.001
0.001
0.046206
0.23675
0.633446
1
1
0.987837
0.56188
0.167783
0.0200074
0.001
0.001
0.001
0.00391866
0.0947877
0.421372
0.877454
0.972223
0.79287
0.418468
0.166286
0.0390201
0.001
0.001
0.001
0.0135193
0.106843
0.301457
0.526199
0.763241
0.813174
0.689074
0.341925
0.0807195
0.00276139
0.001
0.001
0.00194487
0.0747735
0.34431
0.728253
0.912868
0.990255
0.925471
0.777658
0.428381
0.126279
0.00887393
0.001
0.001
0.00887393
0.126279
0.428381
0.777658
0.925471
0.990255
0.912868
0.728253
0.34431
0.0747735
0.00194487
0.001
0.001
0.00276139
0.0807195
0.341925
0.689074
0.813174
0.763241
0.526199
0.301457
0.106843
0.0135193
0.001
0.001
0.0520382
0.209761
0.413267
0.609958
0.710491
0.696928
0.622429
0.404216
0.163296
0.0292933
0.001
0.001
0.0250065
0.185941
0.554635
0.788731
0.835616
0.808305
0.835132
0.802102
0.622453
0.253615
0.0433924
0.001
0.001
0.0433924
0.253615
0.622453
0.802102
0.835132
0.808305
0.835616
0.788731
0.554635
0.185941
0.0250065
0.001
0.001
0.0292933
0.163296
0.404216
0.622429
0.696928
0.710491
0.609958
0.413267
0.209761
0.0520382
0.001
0.00286066
0.100865
0.313977
0.499281
0.623314
0.594351
0.548371
0.559323
0.518496
0.30884
0.0889846
0.001
0.00153845
0.0807261
0.338348
0.706204
0.799056
0.754495
0.680813
0.724349
0.779014
0.721268
0.399201
0.105215
0.0012198
0.0012198
0.105215
0.399201
0.721268
0.779014
0.724349
0.680813
0.754495
0.799056
0.706204
0.338348
0.0807261
0.00153845
0.001
0.0889846
0.30884
0.518496
0.559323
0.548371
0.594351
0.623314
0.499281
0.313977
0.100865
0.00286066
0.0118165
0.14718
0.390578
0.537074
0.544998
0.440234
0.43599
0.535226
0.600103
0.445466
0.158701
0.00202947
0.0107982
0.155124
0.456784
0.723271
0.748381
0.548711
0.388677
0.528811
0.712174
0.747137
0.502198
0.169366
0.00575462
0.00575462
0.169366
0.502198
0.747137
0.712174
0.528811
0.388677
0.548711
0.748381
0.723271
0.456784
0.155124
0.0107982
0.00202947
0.158701
0.445466
0.600103
0.535226
0.43599
0.440234
0.544998
0.537074
0.390578
0.14718
0.0118165
0.0179007
0.188942
0.452111
0.531847
0.419838
0.313183
0.301378
0.391968
0.486469
0.398761
0.146614
0.00207137
0.0197416
0.210382
0.501606
0.612751
0.473666
0.257957
0.140676
0.249573
0.478385
0.639579
0.52238
0.202411
0.00881361
0.00881361
0.202411
0.52238
0.639579
0.478385
0.249573
0.140676
0.257957
0.473666
0.612751
0.501606
0.210382
0.0197416
0.00207137
0.146614
0.398761
0.486469
0.391968
0.301378
0.313183
0.419838
0.531847
0.452111
0.188942
0.0179007
0.0121804
0.152704
0.366766
0.386918
0.243701
0.135368
0.11078
0.155094
0.206156
0.165663
0.0627289
0.001
0.015394
0.166277
0.382249
0.389443
0.209462
0.0697435
0.0171176
0.0614523
0.198422
0.383198
0.3684
0.146619
0.00586435
0.00586435
0.146619
0.3684
0.383198
0.198422
0.0614523
0.0171176
0.0697435
0.209462
0.389443
0.382249
0.166277
0.015394
0.001
0.0627289
0.165663
0.206156
0.155094
0.11078
0.135368
0.243701
0.386918
0.366766
0.152704
0.0121804
0.00274869
0.0582969
0.133863
0.13812
0.0701281
0.0201727
0.00330762
0.0100532
0.0157592
0.0109423
0.0024266
0.001
0.00417618
0.0613911
0.135541
0.128502
0.0530353
0.00867215
0.001
0.00451219
0.0437092
0.11474
0.12062
0.0509199
0.00118066
0.00118066
0.0509199
0.12062
0.11474
0.0437092
0.00451219
0.001
0.00867215
0.0530353
0.128502
0.135541
0.0613911
0.00417618
0.001
0.0024266
0.0109423
0.0157592
0.0100532
0.00330762
0.0201727
0.0701281
0.13812
0.133863
0.0582969
0.00274869
0.001
0.001
0.00194798
0.0018921
0.001
0.001
0.001
0.001
0.001
0.001
0.001
0.001
0.001
0.00114982
0.00258815
0.00224514
0.001
0.001
0.001
0.001
0.001
0.001
0.001
0.001
0.001
0.001
0.001
0.001
0.001
0.001
0.001
0.001
0.001
0.001
0.00224514
0.00258815
0.00114982
0.001
0.001
0.001
0.001
0.001
0.001
0.001
0.001
0.001
0.0018921
0.00194798
0.001
0.001
0.001
0.001
0.00194798
0.0018921
0.001
0.001
0.001
0.001
0.001
0.001
0.001
0.001
0.001
0.00114982
0.00258815
0.00224514
0.001
0.001
0.001
0.001
0.001
0.001
0.001
0.001
0.001
0.001
0.001
0.001
0.001
0.001
0.001
0.001
0.001
0.001
0.00224514
0.00258815
0.00114982
0.001
0.001
0.001
0.001
0.001
0.001
0.001
0.001
0.001
0.0018921
0.00194798
0.001
0.001
0.00274869
0.0582969
0.133863
0.13812
0.0701281
0.0201727
0.00330762
0.0100532
0.0157592
0.0109423
0.0024266
0.001
0.00417618
0.0613911
0.135541
0.128502
0.0530353
0.00867215
0.001
0.00451219
0.0437092
0.11474
0.12062
0.0509199
0.00118066
0.00118066
0.0509199
0.12062
0.11474
0.0437092
0.00451219
0.001
0.00867215
0.0530353
0.128502
0.135541
0.0613911
0.00417618
0.001
0.0024266
0.0109423
0.0157592
0.0100532
0.00330762
0.0201727
0.0701281
0.13812
0.133863
0.0582969
0.00274869
0.0121804
0.152704
0.366766
0.386918
0.243701
0.135368
0.11078
0.155094
0.206156
0.165663
0.0627289
0.001
0.015394
0.166277
0.382249
0.389443
0.209462
0.0697435
0.0171176
0.0614523
0.198422
0.383198
0.3684
0.146619
0.00586435
0.00586435
0.146619
0.3684
0.383198
0.198422
0.0614523
0.0171176
0.0697435
0.209462
0.389443
0.382249
0.166277
0.015394
0.001
0.0627289
0.165663
0.206156
0.155094
0.11078
0.135368
0.243701
0.386918
0.366766
0.152704
0.0121804
0.0179007
0.188942
0.452111
0.531847
0.419838
0.313183
0.301378
0.391968
0.486469
0.398761
0.146614
0.00207137
0.0197416
0.210382
0.501606
0.612751
0.473666
0.257957
0.140676
0.249573
0.478385
0.639579
0.52238
0.202411
0.00881361
0.00881361
0.202411
0.52238
0.639579
0.478385
0.249573
0.140676
0.257957
0.473666
0.612751
0.501606
0.210382
0.0197416
0.00207137
0.146614
0.398761
0.486469
0.391968
0.301378
0.313183
0.419838
0.531847
0.452111
0.188942
0.0179007
0.0118165
0.14718
0.390578
0.537074
0.544998
0.440234
0.43599
0.535226
0.600103
0.445466
0.158701
0.00202947
0.0107982
0.155124
0.456784
0.723271
0.748381
0.548711
0.388677
0.528811
0.712174
0.747137
0.502198
0.169366
0.00575462
0.00575462
0.169366
0.502198
0.747137
0.712174
0.528811
0.388677
0.548711
0.748381
0.723271
0.456784
0.155124
0.0107982
0.00202947
0.158701
0.445466
0.600103
0.535226
0.43599
0.440234
0.544998
0.537074
0.390578
0.14718
0.0118165
0.00286066
0.100865
0.313977
0.499281
0.623314
0.594351
0.548371
0.559323
0.518496
0.30884
0.0889846
0.001
0.00153845
0.0807261
0.338348
0.706204
0.799056
0.754495
0.680813
0.724349
0.779014
0.721268
0.399201
0.105215
0.0012198
0.0012198
0.105215
0.399201
0.721268
0.779014
0.724349
0.680813
0.754495
0.799056
0.706204
0.338348
0.0807261
0.00153845
0.001
0.0889846
0.30884
0.518496
0.559323
0.548371
0.594351
0.623314
0.499281
0.313977
0.100865
0.00286066
0.001
0.0520382
0.209761
0.413267
0.609958
0.710491
0.696928
0.622429
0.404216
0.163296
0.0292933
0.001
0.001
0.0250065
0.185941
0.554635
0.788731
0.835616
0.808305
0.835132
0.802102
0.622453
0.253615
0.0433924
0.001
0.001
0.0433924
0.253615
0.622453
0.802102
0.835132
0.808305
0.835616
0.788731
0.554635
0.185941
0.0250065
0.001
0.001
0.0292933
0.163296
0.404216
0.622429
0.696928
0.710491
0.609958
0.413267
0.209761
0.0520382
0.001
0.001
0.0135193
0.106843
0.301457
0.526199
0.763241
0.813174
0.689074
0.341925
0.0807195
0.00276139
0.001
0.001
0.00194487
0.0747735
0.34431
0.728253
0.912868
0.990255
0.925471
0.777658
0.428381
0.126279
0.00887393
0.001
0.001
0.00887393
0.126279
0.428381
0.777658
0.925471
0.990255
0.912868
0.728253
0.34431
0.0747735
0.00194487
0.001
0.001
0.00276139
0.0807195
0.341925
0.689074
0.813174
0.763241
0.526199
0.301457
0.106843
0.0135193
0.001
0.001
0.001
0.0390201
0.166286
0.418468
0.79287
0.972223
0.877454
0.421372
0.0947877
0.00391866
0.001
0.001
0.001
0.0200074
0.167783
0.56188
0.987837
1
1
0.633446
0.23675
0.046206
0.001
0.001
0.001
0.001
0.046206
0.23675
0.633446
1
1
0.987837
0.56188
0.167783
0.0200074
0.001
0.001
0.001
0.00391866
0.0947877
0.421372
0.877454
0.972223
0.79287
0.418468
0.166286
0.0390201
0.001
0.001
0.001
0.001
0.00527094
0.0679636
0.275034
0.696389
1
1
0.641531
0.191655
0.0250145
0.001
0.001
0.001
0.00113802
0.0853722
0.433633
0.995568
1
1
0.493659
0.12443
0.0085273
0.001
0.001
0.001
0.001
0.0085273
0.12443
0.493659
1
1
0.995568
0.433633
0.0853722
0.00113802
0.001
0.001
0.001
0.0250145
0.191655
0.641531
1
1
0.696389
0.275034
0.0679636
0.00527094
0.001
0.001
0.001
0.001
0.001
0.0212468
0.134944
0.501562
1
1
0.912859
0.349222
0.0678217
0.00211278
0.001
0.001
0.001
0.0683217
0.385182
0.988735
1
1
0.436621
0.0956291
0.001
0.001
0.001
0.001
0.001
0.001
0.0956291
0.436621
1
1
0.988735
0.385182
0.0683217
0.001
0.001
0.001
0.00211278
0.0678217
0.349222
0.912859
1
1
0.501562
0.134944
0.0212468
0.001
0.001
0.001
0.001
0.001
0.00609233
0.0168299
0.0797982
0.362492
0.935663
1
1
0.57734
0.16802
0.0217574
0.001
0.001
0.001
0.062141
0.381239
1
1
1
0.439324
0.0950572
0.001
0.001
0.001
0.001
0.001
0.001
0.0950572
0.439324
1
1
1
0.381239
0.062141
0.001
0.001
0.001
0.0217574
0.16802
0.57734
1
1
0.935663
0.362492
0.0797982
0.0168299
0.00609233
0.001
0.001
0.001
0.0506913
0.132842
0.185641
0.222696
0.400449
0.791878
1
1
0.89367
0.371454
0.093054
0.00904361
0.001
0.001
0.0586628
0.405972
1
1
1
0.463919
0.0952283
0.001
0.001
0.001
0.001
0.001
0.001
0.0952283
0.463919
1
1
1
0.405972
0.0586628
0.001
0.001
0.00904361
0.093054
0.371454
0.89367
1
1
0.791878
0.400449
0.222696
0.185641
0.132842
0.0506913
0.001
0.00511966
0.126534
0.334384
0.433436
0.453693
0.542191
0.721226
1
1
1
0.711691
0.248822
0.0418705
0.00115424
0.001
0.0720402
0.465187
1
1
1
0.485921
0.0949963
0.001
0.001
0.001
0.001
0.001
0.001
0.0949963
0.485921
1
1
1
0.465187
0.0720402
0.001
0.00115424
0.0418705
0.248822
0.711691
1
1
1
0.721226
0.542191
0.453693
0.433436
0.334384
0.126534
0.00511966
0.00827893
0.167468
0.41799
0.54997
0.592053
0.659216
0.741312
1
1
1
1
0.584899
0.159665
0.0174607
0.00158381
0.120565
0.580535
1
1
1
0.493521
0.0943557
0.001
0.001
0.001
0.001
0.001
0.001
0.0943557
0.493521
1
1
1
0.580535
0.120565
0.00158381
0.0174607
0.159665
0.584899
1
1
1
1
0.741312
0.659216
0.592053
0.54997
0.41799
0.167468
0.00827893
0.00581267
0.135219
0.372717
0.518893
0.567669
0.596943
0.636466
0.891957
1
1
1
1
0.503329
0.121642
0.015548
0.188984
0.725762
1
1
1
0.483762
0.092843
0.001
0.001
0.001
0.001
0.001
0.001
0.092843
0.483762
1
1
1
0.725762
0.188984
0.015548
0.121642
0.503329
1
1
1
1
0.891957
0.636466
0.596943
0.567669
0.518893
0.372717
0.135219
0.00581267
0.00136652
0.0706392
0.224074
0.352795
0.365118
0.331135
0.333457
0.527686
1
1
1
1
1
0.454222
0.122859
0.263928
0.84918
1
1
1
0.463099
0.0899469
0.001
0.001
0.001
0.001
0.001
0.001
0.0899469
0.463099
1
1
1
0.84918
0.263928
0.122859
0.454222
1
1
1
1
1
0.527686
0.333457
0.331135
0.365118
0.352795
0.224074
0.0706392
0.00136652
0.001
0.0142151
0.0606779
0.106032
0.10639
0.07814
0.072938
0.196804
0.620467
1
1
1
1
1
0.466187
0.418427
0.931404
1
1
1
0.43995
0.0849572
0.001
0.001
0.001
0.001
0.001
0.001
0.0849572
0.43995
1
1
1
0.931404
0.418427
0.466187
1
1
1
1
1
0.620467
0.196804
0.072938
0.07814
0.10639
0.106032
0.0606779
0.0142151
0.001
0.001
0.001
0.001
0.001
0.001
0.001
0.00287166
0.0603212
0.297331
0.805495
1
1
1
1
0.958575
0.675468
0.971991
1
1
1
0.422678
0.0780222
0.001
0.001
0.001
0.001
0.001
0.001
0.0780222
0.422678
1
1
1
0.971991
0.675468
0.958575
1
1
1
1
0.805495
0.297331
0.0603212
0.00287166
0.001
0.001
0.001
0.001
0.001
0.001
0.001
0.001
0.00180951
0.00148296
0.001
0.001
0.001
0.0136009
0.100587
0.384573
0.964868
1
1
1
1
1
1
1
1
1
0.447852
0.0854135
0.00124574
0.001
0.001
0.001
0.001
0.00124574
0.0854135
0.447852
1
1
1
1
1
1
1
1
1
0.964868
0.384573
0.100587
0.0136009
0.001
0.001
0.001
0.00148296
0.00180951
0.001
0.001
0.00311777
0.0600999
0.13591
0.127329
0.0497296
0.00711838
0.001
0.001
0.0143263
0.125732
0.530897
1
1
1
1
1
1
1
1
1
0.569969
0.14281
0.00974951
0.001
0.001
0.001
0.001
0.00974951
0.14281
0.569969
1
1
1
1
1
1
1
1
1
0.530897
0.125732
0.0143263
0.001
0.001
0.00711838
0.0497296
0.127329
0.13591
0.0600999
0.00311777
0.0121921
0.156704
0.375014
0.379055
0.202235
0.0728457
0.0130736
0.001
0.001
0.0277146
0.240681
0.769527
1
1
1
1
1
1
1
1
0.792333
0.251573
0.0246868
0.001
0.001
0.001
0.001
0.0246868
0.251573
0.792333
1
1
1
1
1
1
1
1
0.769527
0.240681
0.0277146
0.001
0.001
0.0130736
0.0728457
0.202235
0.379055
0.375014
0.156704
0.0121921
0.0172627
0.189322
0.455458
0.534156
0.405732
0.236133
0.112682
0.0850904
0.0991701
0.122368
0.221711
0.491354
1
1
1
1
1
1
1
1
0.954174
0.344427
0.0481037
0.00837558
0.011182
0.011182
0.00837558
0.0481037
0.344427
0.954174
1
1
1
1
1
1
1
1
0.491354
0.221711
0.122368
0.0991701
0.0850904
0.112682
0.236133
0.405732
0.534156
0.455458
0.189322
0.0172627
0.0128504
0.149225
0.37713
0.5269
0.557091
0.567454
0.569128
0.618901
0.673566
0.713279
0.743071
0.7704
1
1
1
1
1
1
1
1
1
1
1
0.741423
0.205124
0.205124
0.741423
1
1
1
1
1
1
1
1
1
1
1
0.7704
0.743071
0.713279
0.673566
0.618901
0.569128
0.567454
0.557091
0.5269
0.37713
0.149225
0.0128504
0.00745175
0.127543
0.33601
0.514668
0.672058
0.84903
1
1
1
1
1
1
1
1
1
1
1
1
1
1
1
1
1
1
0.446203
0.446203
1
1
1
1
1
1
1
1
1
1
1
1
1
1
1
1
1
1
0.84903
0.672058
0.514668
0.33601
0.127543
0.00745175
