0.001
0.001
0.268944
0.987562
0.998535
1
1
1
1
1
1
1
1
1
1
1
1
1
1
1
1
1
1
1
0.392894
0.392849
1
1
1
1
1
1
1
1
1
1
1
1
1
1
1
1
1
1
1
0.998535
0.987562
0.269374
0.001
0.001
0.001
0.001
0.253076
0.748436
0.837763
0.994677
0.888132
0.847186
0.900491
0.918234
0.939318
0.99076
1
1
1
1
1
1
1
1
1
1
1
0.701242
0.208131
0.208032
0.700946
1
1
1
1
1
1
1
1
1
1
1
0.990758
0.939318
0.918236
0.900494
0.847187
0.888132
0.994677
0.837763
0.748435
0.253503
0.001
0.001
0.001
0.001
0.120259
0.293854
0.300278
0.219822
0.23871
0.230014
0.161012
0.148335
0.179844
0.46196
1
1
1
1
1
1
1
1
0.648999
0.0834782
0.0369388
0.0582724
0.0336274
0.0335514
0.0581426
0.036865
0.083622
0.647991
1
1
1
1
1
1
1
1
0.460654
0.178793
0.14708
0.160015
0.229739
0.238963
0.220246
0.300822
0.294376
0.120468
0.001
0.001
0.001
0.001
0.001
0.001
0.001
0.001
0.001
0.001
0.001
0.001
0.0742928
0.641269
1
1
1
1
1
1
1
1
0.401719
0.0226398
0.001
0.001
0.001
0.001
0.001
0.001
0.0227961
0.401268
1
1
1
1
1
1
1
1
0.640431
0.0743731
0.001
0.001
0.001
0.001
0.001
0.001
0.001
0.001
0.001
0.001
0.001
0.001
0.001
0.001
0.001
0.001
0.001
0.001
0.001
0.0405713
0.29438
1
1
1
1
1
1
1
1
1
0.242496
0.00120091
0.001
0.001
0.001
0.001
0.001
0.001
0.00121953
0.242479
1
1
1
1
1
1
1
1
1
0.294376
0.0406706
0.001
0.001
0.001
0.001
0.001
0.001
0.001
0.001
0.001
0.001
0.001
0.001
0.001
0.001
0.001
0.001
0.001
0.00829364
0.164885
0.741429
1
1
1
1
1
1
1
1
0.802586
0.179196
0.001
0.001
0.001
0.001
0.001
0.001
0.001
0.001
0.179456
0.800964
1
1
1
1
1
1
1
1
0.741391
0.165238
0.00839514
0.001
0.001
0.001
0.001
0.001
0.001
0.001
0.001
0.001
0.001
0.001
0.001
0.001
0.0845064
0.234963
0.277874
0.243458
0.493104
1
1
1
1
1
1
1
1
1
0.679438
0.136684
0.001
0.001
0.001
0.001
0.001
0.001
0.001
0.001
0.136892
0.67777
1
1
1
1
1
1
1
1
1
0.491751
0.240087
0.287163
0.252209
0.093479
0.001
0.001
0.001
0.001
0.001
0.001
0.001
0.001
0.001
0.001
0.224471
0.698246
0.788611
0.715352
0.981826
1
1
1
1
1
1
1
1
1
0.740355
0.150318
0.001
0.001
0.001
0.001
0.001
0.001
0.001
0.001
0.150108
0.73833
1
1
1
1
1
1
1
1
1
0.979432
0.709374
0.787337
0.708584
0.240262
0.001
0.001
0.001
0.001
0.001
0.001
0.001
0.001
0.001
0.001
0.221559
0.743541
0.875085
0.984839
1
1
1
1
1
1
0.580121
1
1
1
0.96866
0.214318
0.001
0.001
0.001
0.001
0.001
0.001
0.001
0.001
0.214698
0.966868
1
1
1
0.580431
1
1
1
1
1
1
0.984519
0.875085
0.744366
0.230086
0.001
0.001
0.001
0.001
0.001
0.001
0.001
0.001
0.001
0.001
0.0805178
0.368748
0.813224
1
1
1
1
1
1
0.459173
0.188608
0.646787
1
1
1
0.280538
0.00431455
0.001
0.001
0.001
0.001
0.001
0.001
0.00429247
0.281194
1
1
1
0.64464
0.188974
0.458932
1
1
1
1
1
1
0.814466
0.365382
0.0790726
0.001
0.001
0.001
0.001
0.001
0.001
0.001
0.001
0.001
0.001
0.00621034
0.224559
0.669203
1
1
1
1
1
0.625719
0.110393
0.0112416
0.343298
1
1
1
0.432074
0.0501267
0.001
0.001
0.001
0.001
0.001
0.001
0.0501547
0.43176
1
1
1
0.341067
0.0111163
0.110267
0.625326
1
1
1
1
1
0.67162
0.225819
0.00629557
0.001
0.001
0.001
0.001
0.001
0.001
0.001
0.001
0.001
0.0126768
0.160251
0.547128
1
1
1
1
1
0.886761
0.240784
0.0147717
0.001
0.21125
0.992086
1
1
0.718396
0.138782
0.001
0.001
0.001
0.001
0.001
0.001
0.137784
0.715074
1
1
0.986064
0.209822
0.001
0.0147412
0.240642
0.88656
1
1
1
1
1
0.547685
0.160399
0.0126473
0.001
0.001
0.001
0.001
0.001
0.098386
0.276399
0.365032
0.399781
0.615372
0.964414
1
1
1
1
1
0.494675
0.0651961
0.001
0.001
0.115055
0.69577
1
1
0.877462
0.19714
0.00161117
0.001
0.001
0.001
0.001
0.00146123
0.193881
0.869757
1
1
0.690275
0.113948
0.001
0.001
0.065175
0.494623
1
1
1
1
1
0.964414
0.61511
0.398698
0.361284
0.271867
0.0963814
0.001
0.001
0.262995
0.772372
0.899837
0.995628
1
1
1
1
1
1
1
0.420528
0.00473658
0.001
0.001
0.0314494
0.411335
1
1
0.914862
0.305522
0.0242357
0.001
0.001
0.001
0.001
0.0241687
0.298261
0.907814
1
1
0.404308
0.0304191
0.001
0.001
0.0047425
0.420463
1
1
1
1
1
1
1
0.995416
0.899875
0.764527
0.257606
0.001
0.001
0.259676
0.769998
0.901327
1
0.936806
0.906406
1
1
1
1
1
0.41575
0.001
0.001
0.001
0.00683161
0.258003
0.8
0.953117
0.834826
0.46639
0.108519
0.00465417
0.001
0.001
0.00504071
0.107287
0.468382
0.825302
0.944056
0.8
0.25123
0.00643165
0.001
0.001
0.001
0.415596
1
1
1
1
1
0.906406
0.936806
1
0.901636
0.755615
0.254488
0.001
0.001
0.0937014
0.261478
0.34583
0.444762
0.619552
0.897607
1
1
1
1
1
0.332081
0.001
0.001
0.001
0.0623757
0.321829
0.8
0.8
0.8
0.792245
0.350342
0.172345
0.0502687
0.0531273
0.176923
0.347581
0.792245
0.8
0.8
0.8
0.316227
0.0613735
0.001
0.001
0.001
0.331901
1
1
1
1
1
0.898565
0.619264
0.442482
0.340732
0.256515
0.091968
0.001
0.001
0.001
0.001
0.001
0.0334691
0.243548
0.691037
1
1
1
1
1
0.307064
0.0121092
0.001
0.001
0.167356
0.564061
0.660639
0.743307
0.8
0.8
0.730653
0.492384
0.168819
0.192421
0.516991
0.730653
0.8
0.8
0.743307
0.660363
0.563917
0.168556
0.001
0.001
0.0120965
0.306978
1
1
1
1
1
0.692074
0.243957
0.0334341
0.001
0.001
0.001
0.001
0.001
0.001
0.001
0.00258375
0.115793
0.428821
0.782003
0.8
0.770601
0.8
0.758137
0.8
0.40698
0.111314
0.00163625
0.001
0.176966
0.549903
0.599756
0.720535
0.596629
0.710426
0.756644
0.581325
0.188882
0.219355
0.556051
0.756644
0.710426
0.596629
0.720535
0.599836
0.556882
0.180084
0.001
0.00163399
0.111393
0.406693
0.8
0.758056
0.8
0.770601
0.8
0.782003
0.428948
0.115933
0.00258716
0.001
0.001
0.001
0.001
0.001
0.001
0.0441033
0.259674
0.706595
0.8
0.8
0.705848
0.701664
0.694181
0.773609
0.596423
0.263343
0.0435076
0.001
0.0737589
0.212069
0.236525
0.151466
0.123579
0.152684
0.206305
0.18642
0.0799123
0.0937271
0.203065
0.208039
0.146436
0.123246
0.151519
0.23884
0.215622
0.0755892
0.001
0.043476
0.263432
0.596423
0.773609
0.694164
0.701664
0.705848
0.8
0.8
0.706595
0.259916
0.0441514
0.001
0.001
0.001
0.001
0.001
0.001
0.0937969
0.653651
0.8
0.8
0.660168
0.249397
0.412732
0.640188
0.715271
0.788045
0.612137
0.158399
0.001
0.001
0.00215569
0.00273225
0.00216176
0.00108667
0.00238856
0.00307319
0.00252723
0.00102657
0.001
0.00182843
0.00229602
0.00189947
0.00111528
0.00214206
0.00268921
0.00211104
0.001
0.001
0.158551
0.61221
0.78803
0.715271
0.639911
0.412526
0.249357
0.660168
0.8
0.8
0.653651
0.0938757
0.001
0.001
0.001
0.001
0.001
0.001
0.150277
0.770005
0.781108
0.658156
0.200649
0.0675683
0.18373
0.472133
0.668246
0.734403
0.59539
0.193444
0.00123225
0.001
0.001
0.001
0.001
0.001
0.001
0.001
0.001
0.001
0.001
0.001
0.001
0.001
0.001
0.001
0.001
0.001
0.001
0.00123202
0.19376
0.595122
0.734339
0.668246
0.472356
0.183827
0.0675698
0.200721
0.658156
0.781108
0.770005
0.15036
0.001
0.001
0.001
0.001
0.001
0.001
0.141453
0.65184
0.667491
0.173171
0.0386956
0.00102595
0.0442642
0.122108
0.14705
0.183372
0.19663
0.0922156
0.001
0.001
0.001
0.001
0.001
0.001
0.001
0.001
0.001
0.001
0.001
0.001
0.001
0.001
0.001
0.001
0.001
0.001
0.001
0.001
0.0924159
0.196998
0.18361
0.147081
0.122153
0.0442977
0.00102526
0.0387094
0.173243
0.667492
0.65184
0.141515
0.001
0.001
0.001
0.001
0.001
0.001
0.0643731
0.145414
0.125641
0.0366073
0.001
0.001
0.001
0.001
0.00112564
0.00193119
0.00199748
0.00127527
0.001
0.001
0.001
0.001
0.001
0.001
0.001
0.001
0.001
0.001
0.001
0.001
0.001
0.001
0.001
0.001
0.001
0.001
0.001
0.001
0.00127687
0.00199917
0.00193212
0.00112548
0.001
0.001
0.001
0.001
0.0366201
0.12569
0.145473
0.0643999
0.001
0.001
0.001
0.001
0.001
0.001
0.001
0.001
0.001
0.001
0.001
0.001
0.001
0.001
0.001
0.001
0.001
0.001
0.001
0.001
0.001
0.001
0.001
0.001
0.001
0.001
0.001
0.001
0.001
0.001
0.001
0.001
0.001
0.001
0.001
0.001
0.001
0.001
0.001
0.001
0.001
0.001
0.001
0.001
0.001
0.001
0.001
0.001
0.001
0.001
0.001
0.001
0.001
0.001
0.001
0.001
0.001
0.001
0.001
0.001
0.001
0.001
0.001
0.001
0.001
0.001
0.001
0.001
0.001
0.001
0.001
0.001
0.001
0.001
0.001
0.001
0.001
0.001
0.001
0.001
0.001
0.001
0.001
0.001
0.001
0.001
0.001
0.001
0.001
0.001
0.001
0.001
0.001
0.001
0.001
0.001
0.001
0.001
0.001
0.001
0.001
0.001
0.001
0.001
0.001
0.001
0.001
0.001
0.001
0.001
0.001
0.001
0.001
0.001
0.001
0.001
0.001
0.001
0.001
0.001
0.001
0.001
0.001
0.001
0.001
0.001
0.001
0.001
0.001
0.001
0.001
0.001
0.001
0.001
0.001
0.001
0.001
0.001
0.001
0.001
0.001
0.001
0.001
0.001
0.001
0.001
0.001
0.001
0.001
0.001
0.001
0.001
0.001
0.001
0.001
0.001
0.001
0.001
0.001
0.001
0.001
0.001
0.001
0.001
0.001
0.001
0.001
0.001
0.001
0.001
0.001
0.001
0.001
0.001
0.001
0.001
0.001
0.001
0.001
0.001
0.001
0.001
0.001
0.001
0.001
0.001
0.001
0.001
0.001
0.001
0.001
0.001
0.001
0.001
0.001
0.001
0.001
0.001
0.001
0.001
0.001
0.001
0.001
0.001
0.001
0.001
0.0644036
0.14548
0.125694
0.0366186
0.001
0.001
0.001
0.001
0.00112962
0.0019394
0.00200681
0.00128183
0.001
0.001
0.001
0.001
0.001
0.001
0.001
0.001
0.001
0.001
0.001
0.001
0.001
0.001
0.001
0.001
0.001
0.001
0.001
0.001
0.00128387
0.00200946
0.00194147
0.00113024
0.001
0.001
0.001
0.001
0.036618
0.125694
0.145482
0.0644052
0.001
0.001
0.001
0.001
0.001
0.001
0.141528
0.65184
0.667491
0.173258
0.0387071
0.00102255
0.044251
0.122083
0.147073
0.183762
0.197173
0.0925033
0.001
0.001
0.001
0.001
0.001
0.001
0.001
0.001
0.001
0.001
0.001
0.001
0.001
0.001
0.001
0.001
0.001
0.001
0.001
0.001
0.0926095
0.197352
0.183852
0.147113
0.12217
0.0442946
0.00102242
0.0387082
0.17326
0.667491
0.65184
0.141533
0.001
0.001
0.001
0.001
0.001
0.001
0.1504
0.770005
0.781108
0.658156
0.200756
0.0675696
0.183732
0.472144
0.668246
0.734329
0.595095
0.193923
0.00123777
0.001
0.001
0.001
0.001
0.001
0.001
0.001
0.001
0.001
0.001
0.001
0.001
0.001
0.001
0.001
0.001
0.001
0.001
0.00123642
0.194004
0.594844
0.734268
0.668246
0.472291
0.183815
0.0675657
0.200753
0.658156
0.781108
0.770005
0.15041
0.001
0.001
0.001
0.001
0.001
0.001
0.0938844
0.653651
0.8
0.8
0.660168
0.249436
0.412781
0.640095
0.715271
0.788027
0.612217
0.158667
0.001
0.001
0.00206321
0.00263529
0.00210934
0.00112972
0.00179534
0.0020996
0.00162582
0.001
0.001
0.00167407
0.00220159
0.0019092
0.00118827
0.00219151
0.00276141
0.00217625
0.001
0.001
0.158606
0.612287
0.788013
0.715271
0.639907
0.412597
0.249358
0.660168
0.8
0.8
0.653651
0.0939192
0.001
0.001
0.001
0.001
0.001
0.001
0.044112
0.259986
0.706595
0.8
0.8
0.705848
0.701664
0.694156
0.773609
0.596423
0.26349
0.0434979
0.001
0.0754538
0.215184
0.238257
0.151479
0.124145
0.145613
0.230845
0.236842
0.112721
0.0939097
0.204797
0.210938
0.148317
0.124039
0.152137
0.23698
0.212081
0.0736397
0.001
0.0434021
0.263197
0.596423
0.773609
0.694141
0.701664
0.705848
0.8
0.8
0.706595
0.260091
0.0441541
0.001
0.001
0.001
0.001
0.001
0.001
0.00258137
0.116048
0.428986
0.782003
0.8
0.770601
0.8
0.758058
0.8
0.406849
0.111413
0.00163649
0.001
0.179864
0.557501
0.599858
0.720535
0.596629
0.710426
0.756644
0.627138
0.254129
0.222719
0.582861
0.756644
0.710426
0.596629
0.720535
0.599939
0.55001
0.176806
0.001
0.00162922
0.111295
0.406571
0.8
0.757982
0.8
0.770601
0.8
0.782003
0.429101
0.116093
0.00258488
0.001
0.001
0.001
0.001
0.001
0.001
0.001
0.0336949
0.244224
0.692307
1
1
1
1
1
0.307042
0.0121125
0.001
0.001
0.168708
0.564083
0.660369
0.743307
0.8
0.8
0.730653
0.562739
0.215922
0.196319
0.533647
0.730653
0.8
0.8
0.743307
0.660099
0.563951
0.16702
0.001
0.001
0.0120664
0.306836
1
1
1
1
1
0.692787
0.244296
0.0334623
0.001
0.001
0.001
0.001
0.001
0.0865852
0.24635
0.334179
0.442263
0.619368
0.898772
1
1
1
1
1
0.331989
0.001
0.001
0.001
0.0618835
0.318882
0.8
0.8
0.8
0.792245
0.349004
0.182369
0.0566422
0.0525381
0.182637
0.357687
0.792245
0.8
0.8
0.8
0.318223
0.0618818
0.001
0.001
0.001
0.331778
1
1
1
1
1
0.899672
0.618712
0.440534
0.331683
0.244846
0.0864503
0.001
0.001
0.242639
0.730272
0.901571
1
0.936806
0.906406
1
1
1
1
1
0.415666
0.001
0.001
0.001
0.00662331
0.254528
0.8
0.945544
0.828161
0.466522
0.107068
0.00457176
0.001
0.001
0.0049519
0.109942
0.468482
0.829894
0.947351
0.8
0.252547
0.00666665
0.001
0.001
0.001
0.415538
1
1
1
1
1
0.906406
0.936806
1
0.902162
0.730845
0.243683
0.001
0.001
0.247501
0.767414
0.899965
0.99537
1
1
1
1
1
1
1
0.420492
0.00472714
0.001
0.001
0.0307153
0.407547
1
1
0.910018
0.301736
0.0245277
0.001
0.001
0.001
0.001
0.0247682
0.301722
0.911694
1
1
0.4059
0.030897
0.001
0.001
0.00471534
0.420591
1
1
1
1
1
1
1
0.995092
0.899977
0.760385
0.249972
0.001
0.001
0.0934653
0.265813
0.356695
0.39759
0.615417
0.964414
1
1
1
1
1
0.494646
0.0651766
0.001
0.001
0.114399
0.692408
1
1
0.871826
0.194909
0.00153121
0.001
0.001
0.001
0.001
0.00150618
0.195492
0.87378
1
1
0.692465
0.114413
0.001
0.001
0.065072
0.494633
1
1
1
1
1
0.964414
0.615535
0.397999
0.35912
0.269276
0.0953658
0.001
0.001
0.001
0.001
0.001
0.0126617
0.159951
0.546683
1
1
1
1
1
0.886753
0.240757
0.0147544
0.001
0.210431
0.987971
1
1
0.71615
0.138272
0.001
0.001
0.001
0.001
0.001
0.001
0.138627
0.717754
1
1
0.989034
0.210411
0.001
0.014712
0.240351
0.885994
1
1
1
1
1
0.547572
0.160181
0.0127508
0.001
0.001
0.001
0.001
0.001
0.001
0.001
0.001
0.001
0.00623222
0.225553
0.671043
1
1
1
1
1
0.625836
0.110419
0.011051
0.341644
1
1
1
0.431601
0.0502366
0.001
0.001
0.001
0.001
0.001
0.001
0.050397
0.432824
1
1
1
0.342343
0.0112551
0.110108
0.624627
1
1
1
1
1
0.671316
0.225616
0.00624811
0.001
0.001
0.001
0.001
0.001
0.001
0.001
0.001
0.001
0.001
0.0812199
0.370955
0.813914
1
1
1
1
1
1
0.459186
0.188714
0.645409
1
1
1
0.280855
0.00423551
0.001
0.001
0.001
0.001
0.001
0.001
0.00434947
0.281211
1
1
1
0.645988
0.188989
0.458645
1
1
1
1
1
1
0.812105
0.364457
0.0787753
0.001
0.001
0.001
0.001
0.001
0.001
0.001
0.001
0.001
0.001
0.223678
0.745772
0.875085
0.984494
1
1
1
1
1
1
0.580453
1
1
1
0.967165
0.214599
0.001
0.001
0.001
0.001
0.001
0.001
0.001
0.001
0.214737
0.968534
1
1
1
0.580278
1
1
1
1
1
1
0.984975
0.875085
0.734122
0.213588
0.001
0.001
0.001
0.001
0.001
0.001
0.001
0.001
0.001
0.001
0.226334
0.712905
0.788286
0.716767
0.982229
1
1
1
1
1
1
1
1
1
0.737976
0.149916
0.001
0.001
0.001
0.001
0.001
0.001
0.001
0.001
0.150569
0.740499
1
1
1
1
1
1
1
1
1
0.981151
0.709804
0.789572
0.656664
0.213767
0.001
0.001
0.001
0.001
0.001
0.001
0.001
0.001
0.001
0.001
0.084984
0.235723
0.278164
0.243214
0.492662
1
1
1
1
1
1
1
1
1
0.676883
0.136267
0.001
0.001
0.001
0.001
0.001
0.001
0.001
0.001
0.137389
0.680058
1
1
1
1
1
1
1
1
1
0.494344
0.241752
0.270664
0.224751
0.0787797
0.001
0.001
0.001
0.001
0.001
0.001
0.001
0.001
0.001
0.001
0.001
0.001
0.001
0.00827267
0.164861
0.741268
1
1
1
1
1
1
1
1
0.800081
0.178816
0.001
0.001
0.001
0.001
0.001
0.001
0.001
0.001
0.179874
0.803125
1
1
1
1
1
1
1
1
0.742579
0.165938
0.0084688
0.001
0.001
0.001
0.001
0.001
0.001
0.001
0.001
0.001
0.001
0.001
0.001
0.001
0.001
0.001
0.001
0.001
0.0405877
0.294299
1
1
1
1
1
1
1
1
1
0.242069
0.00120182
0.001
0.001
0.001
0.001
0.001
0.001
0.0012219
0.242875
1
1
1
1
1
1
1
1
1
0.294867
0.040832
0.001
0.001
0.001
0.001
0.001
0.001
0.001
0.001
0.001
0.001
0.001
0.001
0.001
0.001
0.001
0.001
0.001
0.001
0.001
0.0742683
0.64068
1
1
1
1
1
1
1
1
0.400836
0.0226104
0.001
0.001
0.001
0.001
0.001
0.001
0.0228517
0.40204
1
1
1
1
1
1
1
1
0.641493
0.0746333
0.001
0.001
0.001
0.001
0.001
0.001
0.001
0.001
0.001
0.001
0.001
0.001
0.120132
0.293527
0.299933
0.21957
0.238518
0.229986
0.161233
0.148654
0.180213
0.461863
1
1
1
1
1
1
1
1
0.647369
0.0833227
0.0369681
0.0583267
0.0336592
0.0335762
0.0581853
0.0368934
0.0837978
0.649384
1
1
1
1
1
1
1
1
0.462624
0.180798
0.14904
0.161667
0.230619
0.23918
0.220179
0.300764
0.29433
0.120452
0.001
0.001
0.001
0.001
0.252829
0.748436
0.837763
0.994677
0.888132
0.847199
0.900508
0.918248
0.939318
0.990767
1
1
1
1
1
1
1
1
1
1
1
0.700949
0.208107
0.208198
0.701588
1
1
1
1
1
1
1
1
1
1
1
0.990765
0.939318
0.918251
0.900511
0.847201
0.888132
0.994677
0.837763
0.748435
0.253469
0.001
0.001
0.001
0.001
0.268694
0.987562
0.998535
1
1
1
1
1
1
1
1
1
1
1
1
1
1
1
1
1
1
1
0.392752
0.393181
1
1
1
1
1
1
1
1
1
1
1
1
1
1
1
1
1
1
1
0.998535
0.987562
0.269327
0.001
0.001
