0.001
0.001
0.163741
0.787562
0.798535
0.8
0.8
0.916916
0.957675
0.967707
0.970796
0.98642
1
1
1
1
1
1
1
1
1
1
1
1
0.376337
0.376589
1
1
1
1
1
1
1
1
1
1
1
1
0.987378
0.971962
0.968941
0.958945
0.918153
0.8
0.8
0.798535
0.787562
0.163947
0.001
0.001
0.001
0.001
0.170298
0.548436
0.637763
0.794677
0.688132
0.647186
0.700491
0.718234
0.739318
0.79076
1
1
1
1
1
1
1
1
1
1
1
0.665664
0.195932
0.196002
0.666113
1
1
1
1
1
1
1
1
1
1
1
0.790758
0.739318
0.718236
0.700494
0.647187
0.688132
0.794677
0.637763
0.548435
0.170519
0.001
0.001
0.001
0.001
0.0878137
0.197867
0.183096
0.110193
0.128826
0.149081
0.131099
0.129446
0.152627
0.419062
1
1
1
1
1
1
1
1
0.624421
0.0820104
0.0323419
0.050599
0.0291556
0.0291166
0.0505328
0.0323094
0.0823028
0.625872
1
1
1
1
1
1
1
1
0.419502
0.153026
0.12983
0.131461
0.149377
0.129032
0.110352
0.18335
0.198135
0.0879298
0.001
0.001
0.001
0.001
0.001
0.00113723
0.0011002
0.001
0.001
0.001
0.001
0.001
0.0718091
0.609381
1
1
1
1
1
1
1
1
0.383941
0.0231587
0.001
0.001
0.001
0.001
0.001
0.001
0.0232827
0.384965
1
1
1
1
1
1
1
1
0.609545
0.0718457
0.001
0.001
0.001
0.001
0.001
0.0011024
0.00113931
0.001
0.001
0.001
0.001
0.001
0.001
0.001
0.001
0.001
0.001
0.001
0.001
0.0389254
0.280797
1
1
1
1
1
1
1
1
0.948969
0.22874
0.00132554
0.001
0.001
0.001
0.001
0.001
0.001
0.00133125
0.229556
0.950202
1
1
1
1
1
1
1
0.999735
0.280664
0.0388145
0.001
0.001
0.001
0.001
0.001
0.001
0.001
0.001
0.001
0.001
0.001
0.001
0.001
0.001
0.001
0.001
0.001
0.00595541
0.158067
0.711653
1
1
1
1
1
1
1
1
0.765487
0.172319
0.001
0.001
0.001
0.001
0.001
0.001
0.001
0.001
0.173136
0.768077
1
1
1
1
1
1
1
1
0.710905
0.157495
0.0058374
0.001
0.001
0.001
0.001
0.001
0.001
0.001
0.001
0.001
0.001
0.001
0.001
0.001
0.0855871
0.204588
0.208899
0.184802
0.478857
1
1
1
1
1
1
1
1
1
0.651342
0.136335
0.001
0.001
0.001
0.001
0.001
0.001
0.001
0.001
0.137246
0.654277
1
1
1
1
1
1
1
1
1
0.477524
0.18271
0.213706
0.213925
0.0905911
0.001
0.001
0.001
0.001
0.001
0.001
0.001
0.001
0.001
0.001
0.204798
0.540106
0.588611
0.543117
0.946541
1
1
1
1
1
0.992959
1
1
1
0.677947
0.137236
0.001
0.001
0.001
0.001
0.001
0.001
0.001
0.001
0.137771
0.680364
1
1
1
0.992395
1
1
1
1
1
0.945716
0.5398
0.589292
0.55781
0.213431
0.001
0.001
0.001
0.001
0.001
0.001
0.001
0.001
0.001
0.001
0.185403
0.54174
0.675085
0.784839
1
1
1
1
1
0.964114
0.526028
0.894566
1
1
0.854446
0.18545
0.001
0.001
0.001
0.001
0.001
0.001
0.001
0.001
0.185396
0.855457
1
1
0.893433
0.526227
0.963722
1
1
1
1
1
0.784519
0.675085
0.544626
0.189396
0.001
0.001
0.001
0.001
0.001
0.001
0.001
0.001
0.001
0.001
0.0584229
0.229783
0.613224
0.870173
1
1
1
1
1
0.432216
0.163483
0.575275
1
1
0.964564
0.250991
0.00538039
0.001
0.001
0.001
0.001
0.001
0.001
0.00549854
0.251418
0.964339
1
1
0.576895
0.163919
0.432184
1
1
1
1
1
0.870249
0.613228
0.226331
0.0566687
0.001
0.001
0.001
0.001
0.001
0.001
0.001
0.001
0.001
0.001
0.00976108
0.161064
0.547137
1
1
1
1
1
0.593798
0.107312
0.0127344
0.313388
1
1
1
0.396638
0.0496735
0.001
0.001
0.001
0.001
0.001
0.001
0.0498322
0.39766
1
1
1
0.314115
0.0130101
0.107352
0.593823
1
1
1
1
0.999839
0.548287
0.161971
0.00985665
0.001
0.001
0.001
0.001
0.001
0.001
0.001
0.00135148
0.0023423
0.0185436
0.12424
0.382014
0.8
1
1
1
1
0.826323
0.227625
0.0145366
0.001
0.184639
0.878678
1
1
0.64323
0.128769
0.001
0.001
0.001
0.001
0.001
0.001
0.12882
0.643211
1
1
0.877209
0.183994
0.001
0.0145483
0.227598
0.826159
1
1
1
1
0.8
0.382782
0.124492
0.0185245
0.00234706
0.00135189
0.001
0.001
0.001
0.0696701
0.188334
0.238255
0.261388
0.415372
0.764414
0.826596
0.984963
1
1
0.980731
0.434176
0.0638079
0.001
0.001
0.102783
0.623209
1
1
0.799269
0.189617
0.001
0.001
0.001
0.001
0.001
0.001
0.189245
0.798132
1
1
0.621018
0.102653
0.001
0.001
0.0637864
0.434109
0.980478
1
1
0.98476
0.826662
0.764414
0.41511
0.261597
0.238647
0.188919
0.070043
0.001
0.001
0.195789
0.566349
0.699837
0.795628
0.8
0.8
0.8
0.849757
0.957722
0.973409
0.8
0.28853
0.00801403
0.001
0.001
0.0318692
0.438036
1
1
1
0.39332
0.0206915
0.001
0.001
0.001
0.001
0.0211141
0.389368
1
1
1
0.432478
0.0325117
0.001
0.001
0.00801207
0.288495
0.8
0.973125
0.957476
0.849642
0.8
0.8
0.8
0.795416
0.699875
0.56518
0.197707
0.001
0.001
0.200394
0.560021
0.701327
0.8
0.736806
0.706406
0.8
0.8
0.810069
0.802234
0.8
0.227577
0.00271427
0.001
0.001
0.00394272
0.357541
1
1
1
0.66639
0.139523
0.00193592
0.001
0.001
0.00202639
0.141616
0.668382
1
1
1
0.351252
0.00421982
0.001
0.001
0.00271277
0.227511
0.8
0.801907
0.809791
0.8
0.8
0.706406
0.736806
0.8
0.701636
0.566989
0.202788
0.001
0.001
0.0761483
0.196176
0.241136
0.285711
0.419552
0.697607
0.8
0.8
0.8
0.8
0.8
0.176515
0.0019436
0.001
0.001
0.0717929
0.468354
1
1
1
0.992245
0.506785
0.195526
0.04509
0.0366382
0.184444
0.507529
0.992245
1
1
1
0.465159
0.0721661
0.001
0.001
0.00194202
0.176419
0.8
0.8
0.8
0.8
0.8
0.698565
0.419264
0.28535
0.242045
0.198016
0.077208
0.001
0.001
0.001
0.001
0.00273041
0.0318393
0.296268
0.84616
1
1
0.950148
1
0.885114
0.26985
0.00997697
0.001
0.001
0.195953
0.763245
0.860639
0.943307
1
1
0.930653
0.628003
0.206231
0.187475
0.593956
0.930653
1
1
0.943307
0.860363
0.763418
0.199792
0.001
0.001
0.00993313
0.269564
0.884509
1
0.94979
1
1
0.846551
0.29648
0.0318007
0.00270055
0.001
0.001
0.001
0.001
0.001
0.001
0.001
0.144786
0.628821
0.982003
1
0.970601
1
0.958137
1
0.60698
0.166001
0.001
0.001
0.203275
0.728886
0.799756
0.920535
0.796629
0.910426
0.956644
0.721657
0.258645
0.239278
0.724722
0.956644
0.910426
0.796629
0.920535
0.799836
0.738517
0.209331
0.001
0.001
0.165995
0.606693
1
0.958056
1
0.970601
1
0.982003
0.628948
0.14484
0.001
0.001
0.001
0.001
0.001
0.001
0.001
0.0662496
0.414826
0.906595
1
1
0.905848
0.901664
0.894181
0.973609
0.796423
0.42626
0.0651495
0.001
0.0808562
0.271636
0.343588
0.27371
0.25362
0.283362
0.323667
0.276494
0.121239
0.113307
0.265165
0.319598
0.2894
0.254429
0.273098
0.347549
0.278195
0.08419
0.001
0.0650668
0.4261
0.796423
0.973609
0.894164
0.901664
0.905848
1
1
0.906595
0.414933
0.066262
0.001
0.001
0.001
0.001
0.001
0.001
0.159642
0.853651
1
1
0.860168
0.403112
0.612732
0.840188
0.915271
0.988045
0.812137
0.247615
0.001
0.001
0.001
0.001
0.001
0.001
0.001
0.001
0.001
0.001
0.001
0.001
0.001
0.001
0.001
0.001
0.001
0.001
0.001
0.001
0.247526
0.81221
0.98803
0.915271
0.839911
0.612526
0.403017
0.860168
1
1
0.853651
0.159684
0.001
0.001
0.001
0.001
0.001
0.001
0.265745
0.970005
0.981108
0.858156
0.354338
0.0960644
0.203846
0.658806
0.868246
0.934403
0.79539
0.302837
0.001
0.001
0.001
0.001
0.001
0.001
0.001
0.001
0.001
0.001
0.001
0.001
0.001
0.001
0.001
0.001
0.001
0.001
0.001
0.001
0.302879
0.795122
0.934339
0.868246
0.658658
0.203832
0.0960471
0.354391
0.858156
0.981108
0.970005
0.265814
0.001
0.001
0.001
0.001
0.001
0.001
0.248746
0.85184
0.867491
0.304021
0.0662232
0.001
0.0341869
0.137887
0.224215
0.316858
0.314554
0.142626
0.001
0.001
0.001
0.001
0.001
0.001
0.001
0.001
0.001
0.001
0.001
0.001
0.001
0.001
0.001
0.001
0.001
0.001
0.001
0.001
0.142724
0.314711
0.316934
0.224129
0.137884
0.0342257
0.001
0.066232
0.304082
0.867492
0.85184
0.248803
0.001
0.001
0.001
0.001
0.001
0.001
0.112489
0.253638
0.218205
0.0625411
0.001
0.001
0.001
0.001
0.001
0.001
0.001
0.001
0.001
0.001
0.001
0.001
0.001
0.001
0.001
0.001
0.001
0.001
0.001
0.001
0.001
0.001
0.001
0.001
0.001
0.001
0.001
0.001
0.001
0.001
0.001
0.001
0.001
0.001
0.001
0.001
0.0625527
0.218251
0.253694
0.112514
0.001
0.001
0.001
0.001
0.001
0.001
0.001
0.001
0.001
0.001
0.001
0.001
0.001
0.001
0.001
0.001
0.001
0.001
0.001
0.001
0.001
0.001
0.001
0.001
0.001
0.001
0.001
0.001
0.001
0.001
0.001
0.001
0.001
0.001
0.001
0.001
0.001
0.001
0.001
0.001
0.001
0.001
0.001
0.001
0.001
0.001
0.001
0.001
0.001
0.001
0.001
0.001
0.001
0.001
0.001
0.001
0.001
0.001
0.001
0.001
0.001
0.001
0.001
0.001
0.001
0.001
0.001
0.001
0.001
0.001
0.001
0.001
0.001
0.001
0.001
0.001
0.001
0.001
0.001
0.001
0.001
0.001
0.001
0.001
0.001
0.001
0.001
0.001
0.001
0.001
0.001
0.001
0.001
0.001
0.001
0.001
0.001
0.001
0.001
0.001
0.001
0.001
0.001
0.001
0.001
0.001
0.001
0.001
0.001
0.001
0.001
0.001
0.001
0.001
0.001
0.001
0.001
0.001
0.001
0.001
0.001
0.001
0.001
0.001
0.001
0.001
0.001
0.001
0.001
0.001
0.001
0.001
0.001
0.001
0.001
0.001
0.001
0.001
0.001
0.001
0.001
0.001
0.001
0.001
0.001
0.001
0.001
0.001
0.001
0.001
0.001
0.001
0.001
0.001
0.001
0.001
0.001
0.001
0.001
0.001
0.001
0.001
0.001
0.001
0.001
0.001
0.001
0.001
0.001
0.001
0.001
0.001
0.001
0.001
0.001
0.001
0.001
0.001
0.001
0.001
0.001
0.001
0.001
0.001
0.001
0.001
0.001
0.001
0.001
0.001
0.001
0.001
0.001
0.001
0.001
0.001
0.001
0.001
0.001
0.001
0.001
0.001
0.001
0.001
0.001
0.001
0.112491
0.253648
0.218217
0.0625471
0.001
0.001
0.001
0.001
0.001
0.001
0.001
0.001
0.001
0.001
0.001
0.001
0.001
0.001
0.001
0.001
0.001
0.001
0.001
0.001
0.001
0.001
0.001
0.001
0.001
0.001
0.001
0.001
0.001
0.001
0.001
0.001
0.001
0.001
0.001
0.001
0.0625532
0.218251
0.253693
0.112514
0.001
0.001
0.001
0.001
0.001
0.001
0.248747
0.85184
0.867491
0.304019
0.0662205
0.001
0.0342052
0.137858
0.224117
0.316996
0.314731
0.142731
0.001
0.001
0.001
0.001
0.001
0.001
0.001
0.001
0.001
0.001
0.001
0.001
0.001
0.001
0.001
0.001
0.001
0.001
0.001
0.001
0.142818
0.314879
0.317058
0.22417
0.137922
0.0342245
0.001
0.0662313
0.304079
0.867491
0.85184
0.248802
0.001
0.001
0.001
0.001
0.001
0.001
0.265724
0.970005
0.981108
0.858156
0.354278
0.0960524
0.203753
0.658351
0.868246
0.934329
0.795095
0.302856
0.001
0.001
0.001
0.001
0.001
0.001
0.001
0.001
0.001
0.001
0.001
0.001
0.001
0.001
0.001
0.001
0.001
0.001
0.001
0.001
0.302915
0.794844
0.934268
0.868246
0.65856
0.203825
0.0960472
0.354362
0.858156
0.981108
0.970005
0.265812
0.001
0.001
0.001
0.001
0.001
0.001
0.159603
0.853651
1
1
0.860168
0.402939
0.612781
0.840095
0.915271
0.988027
0.812217
0.24748
0.001
0.001
0.001
0.001
0.001
0.001
0.001
0.001
0.001
0.001
0.001
0.001
0.001
0.001
0.001
0.001
0.001
0.001
0.001
0.001
0.247397
0.812287
0.988013
0.915271
0.839907
0.612597
0.402924
0.860168
1
1
0.853651
0.159682
0.001
0.001
0.001
0.001
0.001
0.001
0.0662255
0.414699
0.906595
1
1
0.905848
0.901664
0.894156
0.973609
0.796423
0.425962
0.0650427
0.001
0.0871286
0.284286
0.351571
0.272224
0.252213
0.282883
0.330085
0.284707
0.124444
0.127489
0.295244
0.341636
0.282285
0.251284
0.273287
0.343218
0.271177
0.0808737
0.001
0.0649293
0.425627
0.796423
0.973609
0.894141
0.901664
0.905848
1
1
0.906595
0.414946
0.0662612
0.001
0.001
0.001
0.001
0.001
0.001
0.001
0.144736
0.628986
0.982003
1
0.970601
1
0.958058
1
0.606849
0.165994
0.001
0.001
0.214982
0.75127
0.799858
0.920535
0.796629
0.910426
0.956644
0.754903
0.267597
0.273547
0.777427
0.956644
0.910426
0.796629
0.920535
0.799939
0.739707
0.203772
0.001
0.001
0.16582
0.606571
1
0.957982
1
0.970601
1
0.982003
0.629101
0.144867
0.001
0.001
0.001
0.001
0.001
0.001
0.001
0.00273507
0.03179
0.296322
0.84621
1
1
0.949399
1
0.884055
0.269418
0.00995673
0.001
0.001
0.203399
0.763372
0.860369
0.943307
1
1
0.930653
0.657058
0.21516
0.221187
0.683117
0.930653
1
1
0.943307
0.860099
0.764476
0.197123
0.001
0.001
0.00989912
0.269414
0.88459
1
0.949753
1
1
0.846915
0.29669
0.031732
0.00269096
0.001
0.001
0.001
0.001
0.0749164
0.193808
0.239472
0.285281
0.419368
0.698772
0.8
0.8
0.8
0.8
0.8
0.176259
0.00193588
0.001
0.001
0.0722082
0.466857
1
1
1
0.992245
0.522849
0.207067
0.0481319
0.0521815
0.21669
0.531962
0.992245
1
1
1
0.471532
0.0726901
0.001
0.001
0.00193646
0.1763
0.8
0.8
0.8
0.8
0.8
0.699672
0.418712
0.28507
0.241918
0.198254
0.0774541
0.001
0.001
0.197763
0.553956
0.701571
0.8
0.736806
0.706406
0.8
0.8
0.809334
0.801468
0.8
0.227217
0.0027017
0.001
0.001
0.00397235
0.353616
1
1
1
0.666522
0.141863
0.00221054
0.001
0.001
0.0019659
0.142648
0.668482
1
1
1
0.358416
0.00407754
0.001
0.001
0.00270799
0.227381
0.8
0.801961
0.809837
0.8
0.8
0.706406
0.736806
0.8
0.702162
0.565548
0.202094
0.001
0.001
0.19373
0.567037
0.699965
0.79537
0.8
0.8
0.8
0.84904
0.956871
0.972582
0.8
0.288088
0.0079963
0.001
0.001
0.0320681
0.434629
1
1
1
0.391283
0.0207573
0.001
0.001
0.001
0.001
0.0213876
0.396339
1
1
1
0.439072
0.0321584
0.001
0.001
0.00798643
0.288453
0.8
0.97324
0.957699
0.849942
0.8
0.8
0.8
0.795092
0.699977
0.568246
0.195909
0.001
0.001
0.0692431
0.187448
0.237634
0.261092
0.415417
0.764414
0.825671
0.983926
1
1
0.979932
0.433692
0.0637372
0.001
0.001
0.102603
0.621761
1
1
0.798834
0.189465
0.001
0.001
0.001
0.001
0.001
0.001
0.190516
0.80276
1
1
0.625215
0.103107
0.001
0.001
0.0637676
0.434103
0.980524
1
1
0.985324
0.827099
0.764414
0.415535
0.262434
0.237665
0.186641
0.0687222
0.001
0.001
0.001
0.00133769
0.00233017
0.0184486
0.123801
0.380945
0.8
1
1
1
1
0.825935
0.227553
0.0145419
0.001
0.184241
0.877763
1
1
0.643398
0.128874
0.001
0.001
0.001
0.001
0.001
0.001
0.12917
0.645578
1
1
0.881886
0.18518
0.001
0.0145259
0.227478
0.825924
1
1
1
1
0.8
0.383051
0.124753
0.0186755
0.00236399
0.00135133
0.001
0.001
0.001
0.001
0.001
0.001
0.001
0.00978705
0.161034
0.546797
0.998453
1
1
1
1
0.593821
0.107334
0.0128813
0.313667
1
1
1
0.397387
0.0498327
0.001
0.001
0.001
0.001
0.001
0.001
0.0497837
0.398177
1
1
1
0.314831
0.0128373
0.107225
0.593335
1
1
1
1
1
0.54668
0.160902
0.00987169
0.001
0.001
0.001
0.001
0.001
0.001
0.001
0.001
0.001
0.001
0.0611465
0.2359
0.613914
0.869698
1
1
1
1
1
0.43234
0.16377
0.575877
1
1
0.964347
0.251343
0.00547325
0.001
0.001
0.001
0.001
0.001
0.001
0.0053991
0.251982
0.968144
1
1
0.578015
0.163826
0.431811
1
1
1
1
1
0.868491
0.612105
0.232046
0.0600933
0.001
0.001
0.001
0.001
0.001
0.001
0.001
0.001
0.001
0.001
0.174967
0.542429
0.675085
0.784494
1
1
1
1
1
0.964109
0.526259
0.893567
1
1
0.854913
0.185459
0.001
0.001
0.001
0.001
0.001
0.001
0.001
0.001
0.186002
0.857578
1
1
0.897364
0.526442
0.963183
1
1
1
1
1
0.784975
0.675085
0.536578
0.191594
0.001
0.001
0.001
0.001
0.001
0.001
0.001
0.001
0.001
0.001
0.182019
0.542888
0.588286
0.547683
0.947053
1
1
1
1
1
0.992704
1
1
1
0.679354
0.137606
0.001
0.001
0.001
0.001
0.001
0.001
0.001
0.001
0.137578
0.680191
1
1
1
0.99321
1
1
1
1
1
0.946394
0.543719
0.589572
0.563095
0.211433
0.001
0.001
0.001
0.001
0.001
0.001
0.001
0.001
0.001
0.001
0.0710496
0.179012
0.194834
0.186389
0.478454
1
1
1
1
1
1
1
1
1
0.653174
0.137011
0.001
0.001
0.001
0.001
0.001
0.001
0.001
0.001
0.136542
0.652988
1
1
1
1
1
1
1
1
1
0.479579
0.185808
0.214478
0.210752
0.0880514
0.001
0.001
0.001
0.001
0.001
0.001
0.001
0.001
0.001
0.001
0.001
0.001
0.001
0.00586954
0.157832
0.711601
1
1
1
1
1
1
1
1
0.767172
0.172967
0.001
0.001
0.001
0.001
0.001
0.001
0.001
0.001
0.172467
0.766841
1
1
1
1
1
1
1
1
0.712063
0.158275
0.00598637
0.001
0.001
0.001
0.001
0.001
0.001
0.001
0.001
0.001
0.001
0.001
0.001
0.001
0.001
0.001
0.001
0.001
0.0388741
0.280805
1
1
1
1
1
1
1
1
0.949713
0.229363
0.00133515
0.001
0.001
0.001
0.001
0.001
0.001
0.00131756
0.228972
0.950277
1
1
1
1
1
1
1
1
0.280964
0.0389649
0.001
0.001
0.001
0.001
0.001
0.001
0.001
0.001
0.001
0.001
0.001
0.001
0.001129
0.00109191
0.001
0.001
0.001
0.001
0.001
0.0718306
0.609677
1
1
1
1
1
1
1
1
0.384666
0.0232834
0.001
0.001
0.001
0.001
0.001
0.001
0.0231219
0.384318
1
1
1
1
1
1
1
1
0.609838
0.071914
0.001
0.001
0.001
0.001
0.001
0.0010991
0.00113592
0.001
0.001
0.001
0.001
0.001
0.0875474
0.197252
0.182517
0.109848
0.128356
0.148313
0.129986
0.128151
0.151335
0.418207
1
1
1
1
1
1
1
1
0.625381
0.0822592
0.032283
0.0504897
0.0290913
0.0291552
0.0505986
0.0323428
0.0820136
0.625049
1
1
1
1
1
1
1
1
0.419922
0.153426
0.130219
0.131759
0.149507
0.129067
0.110355
0.183361
0.198151
0.0879391
0.001
0.001
0.001
0.001
0.1698
0.548436
0.637763
0.794677
0.688132
0.647199
0.700508
0.718248
0.739318
0.790767
1
1
1
1
1
1
1
1
1
1
1
0.665966
0.195961
0.195976
0.665868
1
1
1
1
1
1
1
1
1
1
1
0.790765
0.739318
0.718251
0.700511
0.647201
0.688132
0.794677
0.637763
0.548435
0.170541
0.001
0.001
0.001
0.001
0.163277
0.787562
0.798535
0.8
0.8
0.91446
0.955148
0.965256
0.96848
0.984459
1
1
1
1
1
1
1
1
1
1
1
1
0.376558
0.37643
1
1
1
1
1
1
1
1
1
1
1
1
0.987802
0.972328
0.969306
0.959318
0.918536
0.8
0.8
0.798535
0.787562
0.163969
0.001
0.001
