0.001
0.001
0.164464
0.787562
0.798535
0.8
0.8
0.920591
0.961433
0.971349
0.974234
0.989233
1
1
1
1
1
1
1
1
1
1
1
1
0.377047
0.376849
1
1
1
1
1
1
1
1
1
1
1
1
0.985372
0.969309
0.966119
0.956038
0.915325
0.8
0.8
0.798535
0.787562
0.163258
0.001
0.001
0.001
0.001
0.171064
0.548436
0.637763
0.794677
0.688132
0.647186
0.700491
0.718234
0.739318
0.79076
1
1
1
1
1
1
1
1
1
1
1
0.666535
0.196045
0.196086
0.666424
1
1
1
1
1
1
1
1
1
1
1
0.790758
0.739318
0.718236
0.700494
0.647187
0.688132
0.794677
0.637763
0.548435
0.169774
0.001
0.001
0.001
0.001
0.0882135
0.19878
0.183954
0.110718
0.129464
0.149908
0.131983
0.130349
0.153599
0.419928
1
1
1
1
1
1
1
1
0.626198
0.0824978
0.03217
0.0502867
0.0289718
0.0290858
0.0504812
0.0322772
0.0820715
0.625798
1
1
1
1
1
1
1
1
0.419835
0.152653
0.129538
0.131085
0.148779
0.128449
0.109803
0.182446
0.197185
0.0875239
0.001
0.001
0.001
0.001
0.001
0.00114853
0.00111158
0.001
0.001
0.001
0.001
0.001
0.0720292
0.609903
1
1
1
1
1
1
1
1
0.38518
0.0234023
0.001
0.001
0.001
0.001
0.001
0.001
0.0231146
0.384729
1
1
1
1
1
1
1
1
0.610618
0.0718358
0.001
0.001
0.001
0.001
0.001
0.00108111
0.0011179
0.001
0.001
0.001
0.001
0.001
0.001
0.001
0.001
0.001
0.001
0.001
0.001
0.039023
0.281179
0.999722
1
1
1
1
1
1
1
0.94965
0.22969
0.00134183
0.001
0.001
0.001
0.001
0.001
0.001
0.00131162
0.229129
0.951171
1
1
1
1
1
1
1
1
0.281088
0.0388007
0.001
0.001
0.001
0.001
0.001
0.001
0.001
0.001
0.001
0.001
0.001
0.001
0.001
0.001
0.001
0.001
0.001
0.00600859
0.158558
0.712737
1
1
1
1
1
1
1
1
0.767879
0.17334
0.001
0.001
0.001
0.001
0.001
0.001
0.001
0.001
0.172508
0.767679
1
1
1
1
1
1
1
1
0.713153
0.157919
0.00574685
0.001
0.001
0.001
0.001
0.001
0.001
0.001
0.001
0.001
0.001
0.001
0.001
0.001
0.0933502
0.221463
0.220994
0.183881
0.479635
1
1
1
1
1
1
1
1
1
0.653671
0.137368
0.001
0.001
0.001
0.001
0.001
0.001
0.001
0.001
0.136534
0.653607
1
1
1
1
1
1
1
1
1
0.4792
0.1865
0.1947
0.179152
0.0717448
0.001
0.001
0.001
0.001
0.001
0.001
0.001
0.001
0.001
0.001
0.221196
0.581246
0.588611
0.539859
0.94599
1
1
1
1
1
0.991732
1
1
1
0.679115
0.137727
0.001
0.001
0.001
0.001
0.001
0.001
0.001
0.001
0.137625
0.680841
1
1
1
0.994103
1
1
1
1
1
0.947918
0.548145
0.588758
0.525118
0.181039
0.001
0.001
0.001
0.001
0.001
0.001
0.001
0.001
0.001
0.001
0.196237
0.546673
0.675085
0.784839
1
1
1
1
1
0.963474
0.525733
0.891711
1
1
0.853568
0.185166
0.001
0.001
0.001
0.001
0.001
0.001
0.001
0.001
0.186192
0.858681
1
1
0.898665
0.527239
0.963805
1
1
1
1
1
0.784519
0.675085
0.548644
0.172404
0.001
0.001
0.001
0.001
0.001
0.001
0.001
0.001
0.001
0.001
0.057805
0.226895
0.613224
0.868766
1
1
1
1
1
0.432363
0.163592
0.575089
1
1
0.962457
0.250826
0.00549622
0.001
0.001
0.001
0.001
0.001
0.001
0.00536424
0.252215
0.96944
1
1
0.579081
0.164002
0.432797
1
1
1
1
1
0.869294
0.613228
0.233924
0.0598995
0.001
0.001
0.001
0.001
0.001
0.001
0.001
0.001
0.001
0.001
0.00983472
0.161908
0.548484
1
1
1
1
1
0.594147
0.107496
0.012971
0.313279
1
1
1
0.396825
0.0498417
0.001
0.001
0.001
0.001
0.001
0.001
0.0497719
0.398479
1
1
1
0.315366
0.012864
0.107719
0.594647
1
1
1
1
0.998915
0.548302
0.162006
0.00976732
0.001
0.001
0.001
0.001
0.001
0.001
0.001
0.0013576
0.00235966
0.0186951
0.124899
0.383124
0.8
1
1
1
1
0.826487
0.227698
0.014592
0.001
0.183747
0.875465
1
1
0.642168
0.128736
0.001
0.001
0.001
0.001
0.001
0.001
0.12928
0.646291
1
1
0.88326
0.185483
0.001
0.01464
0.227737
0.826165
1
1
1
1
0.8
0.38079
0.12358
0.0183996
0.00231441
0.00132443
0.001
0.001
0.001
0.0697476
0.188555
0.23864
0.262372
0.415372
0.764414
0.827565
0.985593
1
1
0.981014
0.434268
0.0637683
0.001
0.001
0.102413
0.619789
1
1
0.796685
0.189054
0.001
0.001
0.001
0.001
0.001
0.001
0.190796
0.803913
1
1
0.6264
0.103343
0.001
0.001
0.0637304
0.433978
0.980356
1
1
0.984353
0.826041
0.764414
0.41511
0.260617
0.236742
0.186585
0.0688812
0.001
0.001
0.197526
0.566273
0.699837
0.795628
0.8
0.8
0.8
0.850291
0.958164
0.973874
0.8
0.288658
0.00800178
0.001
0.001
0.0322011
0.432297
1
1
1
0.389244
0.0206944
0.001
0.001
0.001
0.001
0.0213888
0.397161
1
1
1
0.440197
0.0323089
0.001
0.001
0.00799074
0.288478
0.8
0.97326
0.957439
0.849518
0.8
0.8
0.8
0.795416
0.699875
0.566623
0.199125
0.001
0.001
0.20299
0.567637
0.701327
0.8
0.736806
0.706406
0.8
0.8
0.810349
0.802446
0.8
0.227716
0.00271554
0.001
0.001
0.00405921
0.351431
1
1
1
0.66639
0.141759
0.00229145
0.001
0.001
0.00191334
0.142535
0.668382
1
1
1
0.359385
0.00411981
0.001
0.001
0.00271415
0.227582
0.8
0.802082
0.80993
0.8
0.8
0.706406
0.736806
0.8
0.701636
0.574626
0.206954
0.001
0.001
0.0774551
0.198821
0.243172
0.286466
0.419552
0.697607
0.8
0.8
0.8
0.8
0.8
0.176653
0.00194838
0.001
0.001
0.0719646
0.464789
1
1
1
0.992245
0.517169
0.200641
0.0455243
0.0535253
0.218708
0.533584
0.992245
1
1
1
0.47041
0.0721963
0.001
0.001
0.00194737
0.176595
0.8
0.8
0.8
0.8
0.8
0.698565
0.419264
0.284699
0.245135
0.203187
0.079952
0.001
0.001
0.001
0.001
0.00272912
0.0319664
0.296628
0.846849
1
1
0.950081
1
0.884839
0.269897
0.00999012
0.001
0.001
0.199197
0.763532
0.860639
0.943307
1
1
0.930653
0.637287
0.207234
0.224924
0.690532
0.930653
1
1
0.943307
0.860363
0.76416
0.199876
0.001
0.001
0.00995925
0.269847
0.885108
1
0.950226
1
1
0.847269
0.296817
0.0318175
0.00269322
0.001
0.001
0.001
0.001
0.001
0.001
0.001
0.144982
0.628821
0.982003
1
0.970601
1
0.958137
1
0.60698
0.166174
0.001
0.001
0.208533
0.735952
0.799756
0.920535
0.796629
0.910426
0.956644
0.732247
0.257541
0.277838
0.783149
0.956644
0.910426
0.796629
0.920535
0.799836
0.738363
0.209417
0.001
0.001
0.166327
0.606693
1
0.958056
1
0.970601
1
0.982003
0.628948
0.145029
0.001
0.001
0.001
0.001
0.001
0.001
0.001
0.066315
0.415336
0.906595
1
1
0.905848
0.901664
0.894181
0.973609
0.796423
0.426589
0.0651968
0.001
0.0837505
0.277506
0.347394
0.273332
0.253484
0.284617
0.32281
0.274095
0.11917
0.129473
0.298809
0.344454
0.283608
0.252257
0.272143
0.346826
0.277879
0.0842114
0.001
0.0652131
0.426944
0.796423
0.973609
0.894164
0.901664
0.905848
1
1
0.906595
0.415419
0.0663183
0.001
0.001
0.001
0.001
0.001
0.001
0.15984
0.853651
1
1
0.860168
0.403595
0.612732
0.840188
0.915271
0.988045
0.812137
0.247747
0.001
0.001
0.001
0.001
0.001
0.001
0.001
0.001
0.001
0.001
0.001
0.001
0.001
0.001
0.001
0.001
0.001
0.001
0.001
0.001
0.24802
0.81221
0.98803
0.915271
0.839911
0.612526
0.403469
0.860168
1
1
0.853651
0.159871
0.001
0.001
0.001
0.001
0.001
0.001
0.266089
0.970005
0.981108
0.858156
0.354782
0.0961661
0.204003
0.659134
0.868246
0.934403
0.79539
0.303005
0.001
0.001
0.001
0.001
0.001
0.001
0.001
0.001
0.001
0.001
0.001
0.001
0.001
0.001
0.001
0.001
0.001
0.001
0.001
0.001
0.303463
0.795122
0.934339
0.868246
0.659006
0.203901
0.0961311
0.354826
0.858156
0.981108
0.970005
0.266141
0.001
0.001
0.001
0.001
0.001
0.001
0.249056
0.85184
0.867491
0.304389
0.0663037
0.001
0.0342832
0.138005
0.224312
0.317085
0.314761
0.142722
0.001
0.001
0.001
0.001
0.001
0.001
0.001
0.001
0.001
0.001
0.001
0.001
0.001
0.001
0.001
0.001
0.001
0.001
0.001
0.001
0.142994
0.315293
0.317482
0.224232
0.137859
0.0342136
0.001
0.0663122
0.304434
0.867492
0.85184
0.249093
0.001
0.001
0.001
0.001
0.001
0.001
0.112629
0.253949
0.218469
0.0626153
0.001
0.001
0.001
0.001
0.001
0.001
0.001
0.001
0.001
0.001
0.001
0.001
0.001
0.001
0.001
0.001
0.001
0.001
0.001
0.001
0.001
0.001
0.001
0.001
0.001
0.001
0.001
0.001
0.001
0.001
0.001
0.001
0.001
0.001
0.001
0.001
0.0626219
0.218495
0.253981
0.112644
0.001
0.001
0.001
0.001
0.001
0.001
0.001
0.001
0.001
0.001
0.001
0.001
0.001
0.001
0.001
0.001
0.001
0.001
0.001
0.001
0.001
0.001
0.001
0.001
0.001
0.001
0.001
0.001
0.001
0.001
0.001
0.001
0.001
0.001
0.001
0.001
0.001
0.001
0.001
0.001
0.001
0.001
0.001
0.001
0.001
0.001
0.001
0.001
0.001
0.001
0.001
0.001
0.001
0.001
0.001
0.001
0.001
0.001
0.001
0.001
0.001
0.001
0.001
0.001
0.001
0.001
0.001
0.001
0.001
0.001
0.001
0.001
0.001
0.001
0.001
0.001
0.001
0.001
0.001
0.001
0.001
0.001
0.001
0.001
0.001
0.001
0.001
0.001
0.001
0.001
0.001
0.001
0.001
0.001
0.001
0.001
0.001
0.001
0.001
0.001
0.001
0.001
0.001
0.001
0.001
0.001
0.001
0.001
0.001
0.001
0.001
0.001
0.001
0.001
0.001
0.001
0.001
0.001
0.001
0.001
0.001
0.001
0.001
0.001
0.001
0.001
0.001
0.001
0.001
0.001
0.001
0.001
0.001
0.001
0.001
0.001
0.001
0.001
0.001
0.001
0.001
0.001
0.001
0.001
0.001
0.001
0.001
0.001
0.001
0.001
0.001
0.001
0.001
0.001
0.001
0.001
0.001
0.001
0.001
0.001
0.001
0.001
0.001
0.001
0.001
0.001
0.001
0.001
0.001
0.001
0.001
0.001
0.001
0.001
0.001
0.001
0.001
0.001
0.001
0.001
0.001
0.001
0.001
0.001
0.001
0.001
0.001
0.001
0.001
0.001
0.001
0.001
0.001
0.001
0.001
0.001
0.001
0.001
0.001
0.001
0.001
0.001
0.001
0.001
0.001
0.001
0.112625
0.25394
0.218463
0.0626157
0.001
0.001
0.001
0.001
0.001
0.001
0.001
0.001
0.001
0.001
0.001
0.001
0.001
0.001
0.001
0.001
0.001
0.001
0.001
0.001
0.001
0.001
0.001
0.001
0.001
0.001
0.001
0.001
0.001
0.001
0.001
0.001
0.001
0.001
0.001
0.001
0.0626346
0.218537
0.254029
0.112665
0.001
0.001
0.001
0.001
0.001
0.001
0.249047
0.85184
0.867491
0.304379
0.0663058
0.001
0.0342866
0.138025
0.224308
0.317173
0.314913
0.142814
0.001
0.001
0.001
0.001
0.001
0.001
0.001
0.001
0.001
0.001
0.001
0.001
0.001
0.001
0.001
0.001
0.001
0.001
0.001
0.001
0.143172
0.315634
0.317763
0.224349
0.137972
0.0342623
0.001
0.0663251
0.304487
0.867491
0.85184
0.249138
0.001
0.001
0.001
0.001
0.001
0.001
0.26607
0.970005
0.981108
0.858156
0.354739
0.0961638
0.203993
0.658978
0.868246
0.934329
0.795095
0.303018
0.001
0.001
0.001
0.001
0.001
0.001
0.001
0.001
0.001
0.001
0.001
0.001
0.001
0.001
0.001
0.001
0.001
0.001
0.001
0.001
0.303684
0.794844
0.934268
0.868246
0.659134
0.203988
0.096153
0.354858
0.858156
0.981108
0.970005
0.266187
0.001
0.001
0.001
0.001
0.001
0.001
0.159875
0.853651
1
1
0.860168
0.403444
0.612781
0.840095
0.915271
0.988027
0.812217
0.247591
0.001
0.001
0.001
0.001
0.001
0.001
0.001
0.001
0.001
0.001
0.001
0.001
0.001
0.001
0.001
0.001
0.001
0.001
0.001
0.001
0.248064
0.812287
0.988013
0.915271
0.839907
0.612597
0.40344
0.860168
1
1
0.853651
0.159935
0.001
0.001
0.001
0.001
0.001
0.001
0.0663787
0.415457
0.906595
1
1
0.905848
0.901664
0.894156
0.973609
0.796423
0.42609
0.0650518
0.001
0.0811683
0.272332
0.344773
0.274947
0.254771
0.289704
0.320133
0.265981
0.113943
0.117496
0.269715
0.319709
0.284141
0.254182
0.27352
0.350594
0.282088
0.0859346
0.001
0.0651436
0.426788
0.796423
0.973609
0.894141
0.901664
0.905848
1
1
0.906595
0.415602
0.0663806
0.001
0.001
0.001
0.001
0.001
0.001
0.001
0.14503
0.628986
0.982003
1
0.970601
1
0.958058
1
0.606849
0.166002
0.001
0.001
0.204393
0.740365
0.799858
0.920535
0.796629
0.910426
0.956644
0.723296
0.24089
0.251344
0.705062
0.956644
0.910426
0.796629
0.920535
0.799939
0.748203
0.212658
0.001
0.001
0.166316
0.606571
1
0.957982
1
0.970601
1
0.982003
0.629101
0.1451
0.001
0.001
0.001
0.001
0.001
0.001
0.001
0.00272407
0.0318031
0.296746
0.847052
1
1
0.949815
1
0.88466
0.269637
0.00995079
0.001
0.001
0.197678
0.764143
0.860369
0.943307
1
1
0.930653
0.596722
0.189101
0.200783
0.615875
0.930653
1
1
0.943307
0.860099
0.762372
0.201929
0.001
0.001
0.00993948
0.269647
0.88497
1
0.950072
1
1
0.84776
0.296963
0.0315134
0.00264703
0.001
0.001
0.001
0.001
0.0773445
0.198228
0.242147
0.28525
0.419368
0.698772
0.8
0.8
0.8
0.8
0.8
0.176407
0.00193679
0.001
0.001
0.072928
0.4673
1
1
1
0.992245
0.508236
0.185415
0.0374681
0.0438871
0.192645
0.504469
0.992245
1
1
1
0.469636
0.0721969
0.001
0.001
0.00194039
0.176445
0.8
0.8
0.8
0.8
0.8
0.699672
0.418712
0.283287
0.242986
0.201412
0.0793803
0.001
0.001
0.202357
0.562591
0.701571
0.8
0.736806
0.706406
0.8
0.8
0.80981
0.801964
0.8
0.227323
0.00269952
0.001
0.001
0.00427417
0.35106
1
1
1
0.666522
0.141449
0.0020308
0.001
0.001
0.00193233
0.139971
0.668482
1
1
1
0.357514
0.00400605
0.001
0.001
0.00270431
0.227372
0.8
0.801911
0.809767
0.8
0.8
0.706406
0.736806
0.8
0.702162
0.57589
0.208724
0.001
0.001
0.196743
0.566621
0.699965
0.79537
0.8
0.8
0.8
0.849554
0.957471
0.973271
0.8
0.288208
0.00796449
0.001
0.001
0.0326246
0.43226
1
1
1
0.388787
0.0206832
0.001
0.001
0.001
0.001
0.0212608
0.394005
1
1
1
0.437957
0.0320324
0.001
0.001
0.00797698
0.288166
0.8
0.973061
0.957314
0.849494
0.8
0.8
0.8
0.795092
0.699977
0.567027
0.203676
0.001
0.001
0.0694351
0.187705
0.237744
0.261359
0.415417
0.764414
0.826224
0.984506
1
1
0.980558
0.433895
0.0637241
0.001
0.001
0.102726
0.621259
1
1
0.798683
0.189414
0.001
0.001
0.001
0.001
0.001
0.001
0.189769
0.799358
1
1
0.623131
0.102856
0.001
0.001
0.0637274
0.433765
0.980221
1
1
0.984262
0.826101
0.764414
0.415535
0.260804
0.240383
0.192492
0.0722619
0.001
0.001
0.001
0.00134142
0.00233654
0.0185262
0.124049
0.381332
0.8
1
1
1
1
0.826473
0.227744
0.0145874
0.001
0.184084
0.87773
1
1
0.643687
0.128947
0.001
0.001
0.001
0.001
0.001
0.001
0.128824
0.643327
1
1
0.878692
0.184641
0.001
0.0145474
0.227595
0.82613
1
1
1
1
0.8
0.381341
0.123878
0.0185095
0.00233898
0.00135151
0.001
0.001
0.001
0.001
0.001
0.001
0.001
0.0097107
0.161062
0.547235
0.999246
1
1
1
1
0.594472
0.107531
0.013084
0.314551
1
1
1
0.397901
0.0498671
0.001
0.001
0.001
0.001
0.001
0.001
0.0497019
0.396752
1
1
1
0.31361
0.0127806
0.107417
0.594042
1
1
1
1
0.999063
0.549449
0.162411
0.00974027
0.001
0.001
0.001
0.001
0.001
0.001
0.001
0.001
0.001
0.001
0.059063
0.231595
0.613914
0.870397
1
1
1
1
1
0.432636
0.164072
0.577681
1
1
0.965062
0.251498
0.00549423
0.001
0.001
0.001
0.001
0.001
0.001
0.00538449
0.251012
0.964788
1
1
0.575684
0.163548
0.432485
1
1
1
1
1
0.870913
0.612105
0.22956
0.057486
0.001
0.001
0.001
0.001
0.001
0.001
0.001
0.001
0.001
0.001
0.1814
0.54342
0.675085
0.784494
1
1
1
1
1
0.964076
0.526621
0.894109
1
1
0.856086
0.185487
0.001
0.001
0.001
0.001
0.001
0.001
0.001
0.001
0.185489
0.854766
1
1
0.894679
0.526251
0.96399
1
1
1
1
1
0.784975
0.675085
0.551161
0.176998
0.001
0.001
0.001
0.001
0.001
0.001
0.001
0.001
0.001
0.001
0.197189
0.522769
0.588286
0.544257
0.946765
1
1
1
1
1
0.992854
1
1
1
0.680952
0.137893
0.001
0.001
0.001
0.001
0.001
0.001
0.001
0.001
0.137365
0.678435
1
1
1
0.992964
1
1
1
1
1
0.947467
0.544164
0.589572
0.516581
0.192562
0.001
0.001
0.001
0.001
0.001
0.001
0.001
0.001
0.001
0.001
0.0811044
0.196057
0.203514
0.184613
0.478313
1
1
1
1
1
1
1
1
1
0.654929
0.137332
0.001
0.001
0.001
0.001
0.001
0.001
0.001
0.001
0.136532
0.652063
1
1
1
1
1
1
1
1
1
0.480004
0.184669
0.200883
0.192065
0.0792126
0.001
0.001
0.001
0.001
0.001
0.001
0.001
0.001
0.001
0.001
0.001
0.001
0.001
0.00586596
0.157991
0.712234
1
1
1
1
1
1
1
1
0.768834
0.173216
0.001
0.001
0.001
0.001
0.001
0.001
0.001
0.001
0.172547
0.766375
1
1
1
1
1
1
1
1
0.713925
0.159116
0.00601332
0.001
0.001
0.001
0.001
0.001
0.001
0.001
0.001
0.001
0.001
0.001
0.001
0.001
0.001
0.001
0.001
0.001
0.038925
0.281135
1
1
1
1
1
1
1
1
0.950854
0.229697
0.00132518
0.001
0.001
0.001
0.001
0.001
0.001
0.0013264
0.229009
0.949508
1
1
1
1
1
1
1
1
0.281608
0.0391863
0.001
0.001
0.001
0.001
0.001
0.001
0.001
0.001
0.001
0.001
0.001
0.001
0.00114502
0.00110763
0.001
0.001
0.001
0.001
0.001
0.0719855
0.610463
1
1
1
1
1
1
1
1
0.385318
0.0232832
0.001
0.001
0.001
0.001
0.001
0.001
0.0232152
0.384432
1
1
1
1
1
1
1
1
0.610652
0.0721174
0.001
0.001
0.001
0.001
0.001
0.00109685
0.00113403
0.001
0.001
0.001
0.001
0.001
0.0878245
0.197892
0.183119
0.110203
0.128775
0.148867
0.1306
0.12878
0.151992
0.419093
1
1
1
1
1
1
1
1
0.626529
0.0823662
0.032234
0.0503986
0.0290373
0.0290557
0.0504298
0.0322473
0.082161
0.625237
1
1
1
1
1
1
1
1
0.41925
0.152262
0.128997
0.130717
0.148795
0.128637
0.110039
0.182839
0.1976
0.087702
0.001
0.001
0.001
0.001
0.170315
0.548436
0.637763
0.794677
0.688132
0.647199
0.700508
0.718248
0.739318
0.790767
1
1
1
1
1
1
1
1
1
1
1
0.666656
0.196106
0.196037
0.666263
1
1
1
1
1
1
1
1
1
1
1
0.790765
0.739318
0.718251
0.700511
0.647201
0.688132
0.794677
0.637763
0.548435
0.1701
0.001
0.001
0.001
0.001
0.163765
0.787562
0.798535
0.8
0.8
0.916126
0.956859
0.966925
0.97007
0.985864
1
1
1
1
1
1
1
1
1
1
1
1
0.37702
0.376823
1
1
1
1
1
1
1
1
1
1
1
1
0.985519
0.969668
0.966504
0.956433
0.91572
0.8
0.8
0.798535
0.787562
0.163561
0.001
0.001
