0.00583234
0.151268
0.443201
0.714668
0.872058
1
1
1
1
1
1
1
1
1
1
1
1
1
1
1
1
1
1
1
0.44366
0.44366
1
1
1
1
1
1
1
1
1
1
1
1
1
1
1
1
1
1
1
0.872058
0.714668
0.443201
0.151268
0.00583234
0.0110444
0.168783
0.469465
0.715755
0.757091
0.704009
0.598861
0.600973
0.647377
0.683686
0.71291
0.746149
1
1
1
1
1
1
1
1
1
1
1
0.737327
0.203977
0.203977
0.737327
1
1
1
1
1
1
1
1
1
1
1
0.746149
0.71291
0.683686
0.647377
0.600973
0.598861
0.704009
0.757091
0.715755
0.469465
0.168783
0.0110444
0.0157146
0.197127
0.502901
0.638366
0.517637
0.292277
0.123249
0.0852424
0.0982316
0.120731
0.218347
0.485191
1
1
1
1
1
1
1
1
0.949385
0.342616
0.0479074
0.00828887
0.0111361
0.0111361
0.00828887
0.0479074
0.342616
0.949385
1
1
1
1
1
1
1
1
0.485191
0.218347
0.120731
0.0982316
0.0852424
0.123249
0.292277
0.517637
0.638366
0.502901
0.197127
0.0157146
0.011454
0.15519
0.37886
0.398244
0.222682
0.0806238
0.0123136
0.001
0.001
0.0280154
0.239077
0.760361
1
1
1
1
1
1
1
1
0.789428
0.250405
0.0245847
0.001
0.001
0.001
0.001
0.0245847
0.250405
0.789428
1
1
1
1
1
1
1
1
0.760361
0.239077
0.0280154
0.001
0.001
0.0123136
0.0806238
0.222682
0.398244
0.37886
0.15519
0.011454
0.00303721
0.057772
0.131363
0.122525
0.0466459
0.00572569
0.001
0.001
0.0146362
0.124886
0.524864
1
1
1
1
1
1
1
1
1
0.569068
0.142465
0.00972182
0.001
0.001
0.001
0.001
0.00972182
0.142465
0.569068
1
1
1
1
1
1
1
1
1
0.524864
0.124886
0.0146362
0.001
0.001
0.00572569
0.0466459
0.122525
0.131363
0.057772
0.00303721
0.001
0.001
0.00179869
0.0014666
0.001
0.001
0.001
0.014343
0.101829
0.381255
0.949369
1
1
1
1
0.991182
1
1
1
1
0.447385
0.0850315
0.00124301
0.001
0.001
0.001
0.001
0.00124301
0.0850315
0.447385
1
1
1
1
0.991182
1
1
1
1
0.949369
0.381255
0.101829
0.014343
0.001
0.001
0.001
0.0014666
0.00179869
0.001
0.001
0.001
0.001
0.001
0.001
0.001
0.001
0.00316214
0.0623246
0.298437
0.795555
1
1
1
1
0.93886
0.669928
0.975104
1
1
1
0.422374
0.0774049
0.001
0.001
0.001
0.001
0.001
0.001
0.0774049
0.422374
1
1
1
0.975104
0.669928
0.93886
1
1
1
1
0.795555
0.298437
0.0623246
0.00316214
0.001
0.001
0.001
0.001
0.001
0.001
0.001
0.0139514
0.0618835
0.112426
0.117095
0.0877608
0.0782779
0.199221
0.61538
1
1
1
1
0.99089
0.456888
0.41776
0.9368
1
1
1
0.440011
0.0842312
0.001
0.001
0.001
0.001
0.001
0.001
0.0842312
0.440011
1
1
1
0.9368
0.41776
0.456888
0.99089
1
1
1
1
0.61538
0.199221
0.0782779
0.0877608
0.117095
0.112426
0.0618835
0.0139514
0.001
0.00132721
0.0715178
0.233718
0.385526
0.417344
0.375967
0.35093
0.522233
1
1
1
1
1
0.44592
0.120884
0.265274
0.854246
1
1
1
0.463502
0.0891493
0.001
0.001
0.001
0.001
0.001
0.001
0.0891493
0.463502
1
1
1
0.854246
0.265274
0.120884
0.44592
1
1
1
1
1
0.522233
0.35093
0.375967
0.417344
0.385526
0.233718
0.0715178
0.00132721
0.00561145
0.138703
0.395584
0.584472
0.668873
0.68256
0.664757
0.875728
1
1
1
1
0.493477
0.119672
0.0154069
0.189771
0.729828
1
1
1
0.484304
0.0919092
0.001
0.001
0.001
0.001
0.001
0.001
0.0919092
0.484304
1
1
1
0.729828
0.189771
0.0154069
0.119672
0.493477
1
1
1
1
0.875728
0.664757
0.68256
0.668873
0.584472
0.395584
0.138703
0.00561145
0.007984
0.170403
0.441764
0.621652
0.704566
0.751576
0.770178
1
1
1
1
0.572381
0.156175
0.017131
0.00156349
0.120783
0.583796
1
1
1
0.493729
0.0930484
0.001
0.001
0.001
0.001
0.001
0.001
0.0930484
0.493729
1
1
1
0.583796
0.120783
0.00156349
0.017131
0.156175
0.572381
1
1
1
1
0.770178
0.751576
0.704566
0.621652
0.441764
0.170403
0.007984
0.00493927
0.126436
0.344522
0.476807
0.529054
0.604227
0.736979
1
1
1
0.695757
0.243216
0.0406015
0.00110428
0.001
0.0713675
0.467112
1
1
1
0.484749
0.0927632
0.001
0.001
0.001
0.001
0.001
0.001
0.0927632
0.484749
1
1
1
0.467112
0.0713675
0.001
0.00110428
0.0406015
0.243216
0.695757
1
1
1
0.736979
0.604227
0.529054
0.476807
0.344522
0.126436
0.00493927
0.001
0.0497098
0.133868
0.196583
0.249688
0.422035
0.782611
1
1
0.867741
0.361845
0.0908231
0.00861095
0.001
0.001
0.0566487
0.40579
1
1
1
0.459752
0.0912307
0.001
0.001
0.001
0.001
0.001
0.001
0.0912307
0.459752
1
1
1
0.40579
0.0566487
0.001
0.001
0.00861095
0.0908231
0.361845
0.867741
1
1
0.782611
0.422035
0.249688
0.196583
0.133868
0.0497098
0.001
0.001
0.001
0.00559541
0.0160317
0.0848946
0.35985
0.903193
1
1
0.556203
0.163329
0.0211999
0.001
0.001
0.001
0.0584835
0.376233
1
1
1
0.428186
0.0883014
0.001
0.001
0.001
0.001
0.001
0.001
0.0883014
0.428186
1
1
1
0.376233
0.0584835
0.001
0.001
0.001
0.0211999
0.163329
0.556203
1
1
0.903193
0.35985
0.0848946
0.0160317
0.00559541
0.001
0.001
0.001
0.001
0.001
0.0237494
0.141409
0.494029
1
1
0.872785
0.334426
0.0665143
0.00203787
0.001
0.001
0.001
0.0619029
0.36104
0.967724
1
0.982474
0.402607
0.0844987
0.00106269
0.001
0.001
0.001
0.001
0.00106269
0.0844987
0.402607
0.982474
1
0.967724
0.36104
0.0619029
0.001
0.001
0.001
0.00203787
0.0665143
0.334426
0.872785
1
1
0.494029
0.141409
0.0237494
0.001
0.001
0.001
0.001
0.001
0.00451399
0.0788454
0.309388
0.722691
1
1
0.628886
0.185767
0.0246448
0.001
0.001
0.001
0.00152871
0.072088
0.362607
0.88377
1
0.894795
0.407604
0.105918
0.0101537
0.001
0.001
0.001
0.001
0.0101537
0.105918
0.407604
0.894795
1
0.88377
0.362607
0.072088
0.00152871
0.001
0.001
0.001
0.0246448
0.185767
0.628886
1
1
0.722691
0.309388
0.0788454
0.00451399
0.001
0.001
0.001
0.001
0.040202
0.201455
0.528828
0.937575
1
0.958834
0.460798
0.0996373
0.00380286
0.001
0.001
0.001
0.0220425
0.137085
0.420951
0.787837
0.888453
0.8
0.469628
0.190758
0.0436438
0.001
0.001
0.001
0.001
0.0436438
0.190758
0.469628
0.8
0.888453
0.787837
0.420951
0.137085
0.0220425
0.001
0.001
0.001
0.00380286
0.0996373
0.460798
0.958834
1
0.937575
0.528828
0.201455
0.040202
0.001
0.001
0.001
0.011133
0.118393
0.387336
0.726376
0.963241
1
0.878506
0.432341
0.096266
0.00199005
0.001
0.001
0.00283686
0.0686852
0.266837
0.528663
0.712868
0.790255
0.725471
0.577658
0.315633
0.105964
0.0113208
0.001
0.001
0.0113208
0.105964
0.315633
0.577658
0.725471
0.790255
0.712868
0.528663
0.266837
0.0686852
0.00283686
0.001
0.001
0.00199005
0.096266
0.432341
0.878506
1
0.963241
0.726376
0.387336
0.118393
0.011133
0.001
0.001
0.049832
0.247752
0.566358
0.809958
0.910491
0.896928
0.822429
0.5235
0.181046
0.0239473
0.001
0.001
0.0300917
0.162048
0.408455
0.588929
0.635616
0.608305
0.635132
0.602102
0.428318
0.201312
0.0450285
0.001
0.001
0.0450285
0.201312
0.428318
0.602102
0.635132
0.608305
0.635616
0.588929
0.408455
0.162048
0.0300917
0.001
0.001
0.0239473
0.181046
0.5235
0.822429
0.896928
0.910491
0.809958
0.566358
0.247752
0.049832
0.001
0.00228627
0.109021
0.395522
0.699281
0.823314
0.794351
0.748371
0.750848
0.60664
0.302717
0.0741897
0.001
0.00176743
0.0891239
0.306575
0.535823
0.599056
0.554495
0.480813
0.524349
0.579014
0.521268
0.303067
0.0932381
0.00161821
0.00161821
0.0932381
0.303067
0.521268
0.579014
0.524349
0.480813
0.554495
0.599056
0.535823
0.306575
0.0891239
0.00176743
0.001
0.0741897
0.302717
0.60664
0.750848
0.748371
0.794351
0.823314
0.699281
0.395522
0.109021
0.00228627
0.0100687
0.165729
0.492426
0.737074
0.744998
0.62451
0.569893
0.619762
0.603689
0.400621
0.135572
0.00202277
0.0120212
0.167382
0.445605
0.617822
0.568777
0.399491
0.278277
0.363284
0.512174
0.547137
0.383802
0.143178
0.0070338
0.0070338
0.143178
0.383802
0.547137
0.512174
0.363284
0.278277
0.399491
0.568777
0.617822
0.445605
0.167382
0.0120212
0.00202277
0.135572
0.400621
0.603689
0.619762
0.569893
0.62451
0.744998
0.737074
0.492426
0.165729
0.0100687
0.0157919
0.202449
0.518401
0.652536
0.541077
0.387811
0.335586
0.392796
0.446127
0.350455
0.127973
0.00211776
0.0213652
0.228635
0.527286
0.599619
0.422535
0.218728
0.117743
0.195909
0.366038
0.509767
0.441636
0.18189
0.0103665
0.0103665
0.18189
0.441636
0.509767
0.366038
0.195909
0.117743
0.218728
0.422535
0.599619
0.527286
0.228635
0.0213652
0.00211776
0.127973
0.350455
0.446127
0.392796
0.335586
0.387811
0.541077
0.652536
0.518401
0.202449
0.0157919
0.0110716
0.155308
0.382896
0.415822
0.265964
0.144156
0.110344
0.146773
0.18859
0.148722
0.0562169
0.001
0.016175
0.182366
0.416515
0.412386
0.212208
0.0696904
0.0200091
0.0578349
0.178256
0.350497
0.346689
0.141297
0.00666772
0.00666772
0.141297
0.346689
0.350497
0.178256
0.0578349
0.0200091
0.0696904
0.212208
0.412386
0.416515
0.182366
0.016175
0.001
0.0562169
0.148722
0.18859
0.146773
0.110344
0.144156
0.265964
0.415822
0.382896
0.155308
0.0110716
0.00261135
0.0573115
0.133152
0.136509
0.0671417
0.0178146
0.00329398
0.0107812
0.0169984
0.0118649
0.00267204
0.001
0.00413751
0.0671173
0.147745
0.138263
0.0552804
0.00857968
0.001
0.00543994
0.0447967
0.115444
0.121288
0.051709
0.00126852
0.00126852
0.051709
0.121288
0.115444
0.0447967
0.00543994
0.001
0.00857968
0.0552804
0.138263
0.147745
0.0671173
0.00413751
0.001
0.00267204
0.0118649
0.0169984
0.0107812
0.00329398
0.0178146
0.0671417
0.136509
0.133152
0.0573115
0.00261135
0.001
0.001
0.0019103
0.0018509
0.001
0.001
0.001
0.001
0.001
0.001
0.001
0.001
0.001
0.00106239
0.00235987
0.00202174
0.001
0.001
0.001
0.001
0.001
0.001
0.001
0.001
0.001
0.001
0.001
0.001
0.001
0.001
0.001
0.001
0.001
0.001
0.00202174
0.00235987
0.00106239
0.001
0.001
0.001
0.001
0.001
0.001
0.001
0.001
0.001
0.0018509
0.0019103
0.001
0.001
0.001
0.001
0.0019103
0.0018509
0.001
0.001
0.001
0.001
0.001
0.001
0.001
0.001
0.001
0.00106239
0.00235987
0.00202174
0.001
0.001
0.001
0.001
0.001
0.001
0.001
0.001
0.001
0.001
0.001
0.001
0.001
0.001
0.001
0.001
0.001
0.001
0.00202174
0.00235987
0.00106239
0.001
0.001
0.001
0.001
0.001
0.001
0.001
0.001
0.001
0.0018509
0.0019103
0.001
0.001
0.00261135
0.0573115
0.133152
0.136509
0.0671417
0.0178146
0.00329398
0.0107812
0.0169984
0.0118649
0.00267204
0.001
0.00413751
0.0671173
0.147745
0.138263
0.0552804
0.00857968
0.001
0.00543994
0.0447967
0.115444
0.121288
0.051709
0.00126852
0.00126852
0.051709
0.121288
0.115444
0.0447967
0.00543994
0.001
0.00857968
0.0552804
0.138263
0.147745
0.0671173
0.00413751
0.001
0.00267204
0.0118649
0.0169984
0.0107812
0.00329398
0.0178146
0.0671417
0.136509
0.133152
0.0573115
0.00261135
0.0110716
0.155308
0.382896
0.415822
0.265964
0.144156
0.110344
0.146773
0.18859
0.148722
0.0562169
0.001
0.016175
0.182366
0.416515
0.412386
0.212208
0.0696904
0.0200091
0.0578349
0.178256
0.350497
0.346689
0.141297
0.00666772
0.00666772
0.141297
0.346689
0.350497
0.178256
0.0578349
0.0200091
0.0696904
0.212208
0.412386
0.416515
0.182366
0.016175
0.001
0.0562169
0.148722
0.18859
0.146773
0.110344
0.144156
0.265964
0.415822
0.382896
0.155308
0.0110716
0.0157919
0.202449
0.518401
0.652536
0.541077
0.387811
0.335586
0.392796
0.446127
0.350455
0.127973
0.00211776
0.0213652
0.228635
0.527286
0.599619
0.422535
0.218728
0.117743
0.195909
0.366038
0.509767
0.441636
0.18189
0.0103665
0.0103665
0.18189
0.441636
0.509767
0.366038
0.195909
0.117743
0.218728
0.422535
0.599619
0.527286
0.228635
0.0213652
0.00211776
0.127973
0.350455
0.446127
0.392796
0.335586
0.387811
0.541077
0.652536
0.518401
0.202449
0.0157919
0.0100687
0.165729
0.492426
0.737074
0.744998
0.62451
0.569893
0.619762
0.603689
0.400621
0.135572
0.00202277
0.0120212
0.167382
0.445605
0.617822
0.568777
0.399491
0.278277
0.363284
0.512174
0.547137
0.383802
0.143178
0.0070338
0.0070338
0.143178
0.383802
0.547137
0.512174
0.363284
0.278277
0.399491
0.568777
0.617822
0.445605
0.167382
0.0120212
0.00202277
0.135572
0.400621
0.603689
0.619762
0.569893
0.62451
0.744998
0.737074
0.492426
0.165729
0.0100687
0.00228627
0.109021
0.395522
0.699281
0.823314
0.794351
0.748371
0.750848
0.60664
0.302717
0.0741897
0.001
0.00176743
0.0891239
0.306575
0.535823
0.599056
0.554495
0.480813
0.524349
0.579014
0.521268
0.303067
0.0932381
0.00161821
0.00161821
0.0932381
0.303067
0.521268
0.579014
0.524349
0.480813
0.554495
0.599056
0.535823
0.306575
0.0891239
0.00176743
0.001
0.0741897
0.302717
0.60664
0.750848
0.748371
0.794351
0.823314
0.699281
0.395522
0.109021
0.00228627
0.001
0.049832
0.247752
0.566358
0.809958
0.910491
0.896928
0.822429
0.5235
0.181046
0.0239473
0.001
0.001
0.0300917
0.162048
0.408455
0.588929
0.635616
0.608305
0.635132
0.602102
0.428318
0.201312
0.0450285
0.001
0.001
0.0450285
0.201312
0.428318
0.602102
0.635132
0.608305
0.635616
0.588929
0.408455
0.162048
0.0300917
0.001
0.001
0.0239473
0.181046
0.5235
0.822429
0.896928
0.910491
0.809958
0.566358
0.247752
0.049832
0.001
0.001
0.011133
0.118393
0.387336
0.726376
0.963241
1
0.878506
0.432341
0.096266
0.00199005
0.001
0.001
0.00283686
0.0686852
0.266837
0.528663
0.712868
0.790255
0.725471
0.577658
0.315633
0.105964
0.0113208
0.001
0.001
0.0113208
0.105964
0.315633
0.577658
0.725471
0.790255
0.712868
0.528663
0.266837
0.0686852
0.00283686
0.001
0.001
0.00199005
0.096266
0.432341
0.878506
1
0.963241
0.726376
0.387336
0.118393
0.011133
0.001
0.001
0.001
0.040202
0.201455
0.528828
0.937575
1
0.958834
0.460798
0.0996373
0.00380286
0.001
0.001
0.001
0.0220425
0.137085
0.420951
0.787837
0.888453
0.8
0.469628
0.190758
0.0436438
0.001
0.001
0.001
0.001
0.0436438
0.190758
0.469628
0.8
0.888453
0.787837
0.420951
0.137085
0.0220425
0.001
0.001
0.001
0.00380286
0.0996373
0.460798
0.958834
1
0.937575
0.528828
0.201455
0.040202
0.001
0.001
0.001
0.001
0.00451399
0.0788454
0.309388
0.722691
1
1
0.628886
0.185767
0.0246448
0.001
0.001
0.001
0.00152871
0.072088
0.362607
0.88377
1
0.894795
0.407604
0.105918
0.0101537
0.001
0.001
0.001
0.001
0.0101537
0.105918
0.407604
0.894795
1
0.88377
0.362607
0.072088
0.00152871
0.001
0.001
0.001
0.0246448
0.185767
0.628886
1
1
0.722691
0.309388
0.0788454
0.00451399
0.001
0.001
0.001
0.001
0.001
0.0237494
0.141409
0.494029
1
1
0.872785
0.334426
0.0665143
0.00203787
0.001
0.001
0.001
0.0619029
0.36104
0.967724
1
0.982474
0.402607
0.0844987
0.00106269
0.001
0.001
0.001
0.001
0.00106269
0.0844987
0.402607
0.982474
1
0.967724
0.36104
0.0619029
0.001
0.001
0.001
0.00203787
0.0665143
0.334426
0.872785
1
1
0.494029
0.141409
0.0237494
0.001
0.001
0.001
0.001
0.001
0.00559541
0.0160317
0.0848946
0.35985
0.903193
1
1
0.556203
0.163329
0.0211999
0.001
0.001
0.001
0.0584835
0.376233
1
1
1
0.428186
0.0883014
0.001
0.001
0.001
0.001
0.001
0.001
0.0883014
0.428186
1
1
1
0.376233
0.0584835
0.001
0.001
0.001
0.0211999
0.163329
0.556203
1
1
0.903193
0.35985
0.0848946
0.0160317
0.00559541
0.001
0.001
0.001
0.0497098
0.133868
0.196583
0.249688
0.422035
0.782611
1
1
0.867741
0.361845
0.0908231
0.00861095
0.001
0.001
0.0566487
0.40579
1
1
1
0.459752
0.0912307
0.001
0.001
0.001
0.001
0.001
0.001
0.0912307
0.459752
1
1
1
0.40579
0.0566487
0.001
0.001
0.00861095
0.0908231
0.361845
0.867741
1
1
0.782611
0.422035
0.249688
0.196583
0.133868
0.0497098
0.001
0.00493927
0.126436
0.344522
0.476807
0.529054
0.604227
0.736979
1
1
1
0.695757
0.243216
0.0406015
0.00110428
0.001
0.0713675
0.467112
1
1
1
0.484749
0.0927632
0.001
0.001
0.001
0.001
0.001
0.001
0.0927632
0.484749
1
1
1
0.467112
0.0713675
0.001
0.00110428
0.0406015
0.243216
0.695757
1
1
1
0.736979
0.604227
0.529054
0.476807
0.344522
0.126436
0.00493927
0.007984
0.170403
0.441764
0.621652
0.704566
0.751576
0.770178
1
1
1
1
0.572381
0.156175
0.017131
0.00156349
0.120783
0.583796
1
1
1
0.493729
0.0930484
0.001
0.001
0.001
0.001
0.001
0.001
0.0930484
0.493729
1
1
1
0.583796
0.120783
0.00156349
0.017131
0.156175
0.572381
1
1
1
1
0.770178
0.751576
0.704566
0.621652
0.441764
0.170403
0.007984
0.00561145
0.138703
0.395584
0.584472
0.668873
0.68256
0.664757
0.875728
1
1
1
1
0.493477
0.119672
0.0154069
0.189771
0.729828
1
1
1
0.484304
0.0919092
0.001
0.001
0.001
0.001
0.001
0.001
0.0919092
0.484304
1
1
1
0.729828
0.189771
0.0154069
0.119672
0.493477
1
1
1
1
0.875728
0.664757
0.68256
0.668873
0.584472
0.395584
0.138703
0.00561145
0.00132721
0.0715178
0.233718
0.385526
0.417344
0.375967
0.35093
0.522233
1
1
1
1
1
0.44592
0.120884
0.265274
0.854246
1
1
1
0.463502
0.0891493
0.001
0.001
0.001
0.001
0.001
0.001
0.0891493
0.463502
1
1
1
0.854246
0.265274
0.120884
0.44592
1
1
1
1
1
0.522233
0.35093
0.375967
0.417344
0.385526
0.233718
0.0715178
0.00132721
0.001
0.0139514
0.0618835
0.112426
0.117095
0.0877608
0.0782779
0.199221
0.61538
1
1
1
1
0.99089
0.456888
0.41776
0.9368
1
1
1
0.440011
0.0842312
0.001
0.001
0.001
0.001
0.001
0.001
0.0842312
0.440011
1
1
1
0.9368
0.41776
0.456888
0.99089
1
1
1
1
0.61538
0.199221
0.0782779
0.0877608
0.117095
0.112426
0.0618835
0.0139514
0.001
0.001
0.001
0.001
0.001
0.001
0.001
0.00316214
0.0623246
0.298437
0.795555
1
1
1
1
0.93886
0.669928
0.975104
1
1
1
0.422374
0.0774049
0.001
0.001
0.001
0.001
0.001
0.001
0.0774049
0.422374
1
1
1
0.975104
0.669928
0.93886
1
1
1
1
0.795555
0.298437
0.0623246
0.00316214
0.001
0.001
0.001
0.001
0.001
0.001
0.001
0.001
0.00179869
0.0014666
0.001
0.001
0.001
0.014343
0.101829
0.381255
0.949369
1
1
1
1
0.991182
1
1
1
1
0.447385
0.0850315
0.00124301
0.001
0.001
0.001
0.001
0.00124301
0.0850315
0.447385
1
1
1
1
0.991182
1
1
1
1
0.949369
0.381255
0.101829
0.014343
0.001
0.001
0.001
0.0014666
0.00179869
0.001
0.001
0.00303721
0.057772
0.131363
0.122525
0.0466459
0.00572569
0.001
0.001
0.0146362
0.124886
0.524864
1
1
1
1
1
1
1
1
1
0.569068
0.142465
0.00972182
0.001
0.001
0.001
0.001
0.00972182
0.142465
0.569068
1
1
1
1
1
1
1
1
1
0.524864
0.124886
0.0146362
0.001
0.001
0.00572569
0.0466459
0.122525
0.131363
0.057772
0.00303721
0.011454
0.15519
0.37886
0.398244
0.222682
0.0806238
0.0123136
0.001
0.001
0.0280154
0.239077
0.760361
1
1
1
1
1
1
1
1
0.789428
0.250405
0.0245847
0.001
0.001
0.001
0.001
0.0245847
0.250405
0.789428
1
1
1
1
1
1
1
1
0.760361
0.239077
0.0280154
0.001
0.001
0.0123136
0.0806238
0.222682
0.398244
0.37886
0.15519
0.011454
0.0157146
0.197127
0.502901
0.638366
0.517637
0.292277
0.123249
0.0852424
0.0982316
0.120731
0.218347
0.485191
1
1
1
1
1
1
1
1
0.949385
0.342616
0.0479074
0.00828887
0.0111361
0.0111361
0.00828887
0.0479074
0.342616
0.949385
1
1
1
1
1
1
1
1
0.485191
0.218347
0.120731
0.0982316
0.0852424
0.123249
0.292277
0.517637
0.638366
0.502901
0.197127
0.0157146
0.0110444
0.168783
0.469465
0.715755
0.757091
0.704009
0.598861
0.600973
0.647377
0.683686
0.71291
0.746149
1
1
1
1
1
1
1
1
1
1
1
0.737327
0.203977
0.203977
0.737327
1
1
1
1
1
1
1
1
1
1
1
0.746149
0.71291
0.683686
0.647377
0.600973
0.598861
0.704009
0.757091
0.715755
0.469465
0.168783
0.0110444
0.00583234
0.151268
0.443201
0.714668
0.872058
1
1
1
1
1
1
1
1
1
1
1
1
1
1
1
1
1
1
1
0.44366
0.44366
1
1
1
1
1
1
1
1
1
1
1
1
1
1
1
1
1
1
1
0.872058
0.714668
0.443201
0.151268
0.00583234
