0.001
0.001
0.163381
0.787562
0.798535
0.8
0.8
0.916919
0.957705
0.967793
0.970955
0.98682
1
1
1
1
1
1
1
1
1
1
1
1
0.377116
0.376953
1
1
1
1
1
1
1
1
1
1
1
1
0.986363
0.970129
0.966868
0.956727
0.915955
0.8
0.8
0.798535
0.787562
0.163531
0.001
0.001
0.001
0.001
0.169906
0.548436
0.637763
0.794677
0.688132
0.647186
0.700491
0.718234
0.739318
0.79076
1
1
1
1
1
1
1
1
1
1
1
0.667133
0.196369
0.196397
0.667025
1
1
1
1
1
1
1
1
1
1
1
0.790758
0.739318
0.718236
0.700494
0.647187
0.688132
0.794677
0.637763
0.548435
0.170062
0.001
0.001
0.001
0.001
0.0875883
0.197327
0.182577
0.109888
0.128613
0.149116
0.131676
0.130292
0.153504
0.420569
1
1
1
1
1
1
1
1
0.625954
0.0821658
0.0324279
0.0507344
0.0292337
0.0293224
0.0508857
0.0325111
0.0818267
0.62555
1
1
1
1
1
1
1
1
0.419192
0.151566
0.128443
0.130246
0.148562
0.128555
0.110011
0.18279
0.19755
0.0876809
0.001
0.001
0.001
0.001
0.001
0.00111098
0.00107444
0.001
0.001
0.001
0.001
0.001
0.0719469
0.610882
1
1
1
1
1
1
1
1
0.384927
0.0231763
0.001
0.001
0.001
0.001
0.001
0.001
0.0229547
0.384533
1
1
1
1
1
1
1
1
0.610868
0.0717227
0.001
0.001
0.001
0.001
0.001
0.00109265
0.00112982
0.001
0.001
0.001
0.001
0.001
0.001
0.001
0.001
0.001
0.001
0.001
0.001
0.0388883
0.281356
1
1
1
1
1
1
1
1
0.950882
0.229429
0.00131974
0.001
0.001
0.001
0.001
0.001
0.001
0.0012994
0.228979
0.952145
1
1
1
1
1
1
1
1
0.281121
0.0387788
0.001
0.001
0.001
0.001
0.001
0.001
0.001
0.001
0.001
0.001
0.001
0.001
0.001
0.001
0.001
0.001
0.001
0.00589375
0.158362
0.713821
1
1
1
1
1
1
1
1
0.767855
0.172906
0.001
0.001
0.001
0.001
0.001
0.001
0.001
0.001
0.172245
0.767592
1
1
1
1
1
1
1
1
0.712795
0.157696
0.00582751
0.001
0.001
0.001
0.001
0.001
0.001
0.001
0.001
0.001
0.001
0.001
0.001
0.001
0.074137
0.183605
0.197653
0.187296
0.480671
1
1
1
1
1
1
1
1
1
0.653719
0.136968
0.001
0.001
0.001
0.001
0.001
0.001
0.001
0.001
0.136325
0.653692
1
1
1
1
1
1
1
1
1
0.479163
0.18701
0.193532
0.176175
0.0693229
0.001
0.001
0.001
0.001
0.001
0.001
0.001
0.001
0.001
0.001
0.185027
0.518585
0.588611
0.54851
0.949243
1
1
1
1
1
0.99414
1
1
1
0.679847
0.137652
0.001
0.001
0.001
0.001
0.001
0.001
0.001
0.001
0.137605
0.681453
1
1
1
0.996142
1
1
1
1
1
0.949332
0.5495
0.589292
0.548959
0.178943
0.001
0.001
0.001
0.001
0.001
0.001
0.001
0.001
0.001
0.001
0.174548
0.548521
0.675085
0.784839
1
1
1
1
1
0.965503
0.527018
0.894032
1
1
0.855289
0.185444
0.001
0.001
0.001
0.001
0.001
0.001
0.001
0.001
0.186383
0.859824
1
1
0.899977
0.528297
0.966052
1
1
1
1
1
0.784519
0.675085
0.545003
0.173085
0.001
0.001
0.001
0.001
0.001
0.001
0.001
0.001
0.001
0.001
0.0597162
0.23322
0.612961
0.870764
1
1
1
1
1
0.432766
0.164038
0.576585
1
1
0.96448
0.251315
0.0054537
0.001
0.001
0.001
0.001
0.001
0.001
0.00537581
0.252672
0.970612
1
1
0.579832
0.164416
0.433139
1
1
1
1
1
0.871739
0.611663
0.236704
0.0610982
0.001
0.001
0.001
0.001
0.001
0.001
0.001
0.001
0.001
0.001
0.00967722
0.161765
0.548516
1
1
1
1
1
0.594115
0.1073
0.0129552
0.31397
1
1
1
0.397518
0.0498554
0.001
0.001
0.001
0.001
0.001
0.001
0.0498497
0.399099
1
1
1
0.315659
0.012813
0.107438
0.594867
1
1
1
1
1
0.548799
0.162003
0.00987436
0.001
0.001
0.001
0.001
0.001
0.001
0.001
0.00143196
0.00240835
0.0184971
0.123873
0.381965
0.8
1
1
1
1
0.827101
0.227685
0.0144961
0.001
0.184199
0.877634
1
1
0.643516
0.128921
0.001
0.001
0.001
0.001
0.001
0.001
0.129414
0.647124
1
1
0.884518
0.185746
0.001
0.0145286
0.227968
0.827769
1
1
1
1
0.8
0.382226
0.124055
0.0184054
0.00234435
0.0013576
0.001
0.001
0.001
0.069907
0.189466
0.23986
0.262233
0.415372
0.764414
0.827808
0.986378
1
1
0.981807
0.434879
0.0638245
0.001
0.001
0.102638
0.62143
1
1
0.798538
0.189407
0.001
0.001
0.001
0.001
0.001
0.001
0.19088
0.804851
1
1
0.627401
0.103467
0.001
0.001
0.0638876
0.434847
0.98215
1
1
0.986059
0.827448
0.764414
0.41511
0.261392
0.240115
0.191062
0.0711488
0.001
0.001
0.189273
0.569428
0.699837
0.795628
0.8
0.8
0.8
0.85097
0.95897
0.974599
0.8
0.289092
0.00797734
0.001
0.001
0.0322038
0.433753
1
1
1
0.3904
0.0207371
0.001
0.001
0.001
0.001
0.0213898
0.397544
1
1
1
0.440928
0.0322517
0.001
0.001
0.00800641
0.288938
0.8
0.974803
0.959028
0.850898
0.8
0.8
0.8
0.795416
0.699875
0.563278
0.195527
0.001
0.001
0.189204
0.563789
0.701327
0.8
0.736806
0.706406
0.8
0.8
0.811143
0.803249
0.8
0.227897
0.00271976
0.001
0.001
0.00408067
0.352943
1
1
1
0.66639
0.142004
0.00226284
0.001
0.001
0.00191087
0.142634
0.668382
1
1
1
0.359466
0.00404074
0.001
0.001
0.00271528
0.227851
0.8
0.80342
0.811229
0.8
0.8
0.706406
0.736806
0.8
0.701636
0.552576
0.197377
0.001
0.001
0.0697858
0.18535
0.235392
0.286868
0.419552
0.697607
0.8
0.8
0.8
0.8
0.8
0.176705
0.00194487
0.001
0.001
0.0723958
0.466822
1
1
1
0.992245
0.519463
0.202649
0.0462399
0.0536148
0.219342
0.534463
0.992245
1
1
1
0.469488
0.0716632
0.001
0.001
0.00194376
0.176737
0.8
0.8
0.8
0.8
0.8
0.698565
0.419264
0.285381
0.238114
0.191664
0.073739
0.001
0.001
0.001
0.00104563
0.00278519
0.0318331
0.296418
0.847198
1
1
0.951444
1
0.886175
0.270196
0.00998047
0.001
0.001
0.200294
0.763944
0.860639
0.943307
1
1
0.930653
0.644566
0.209688
0.224517
0.691447
0.930653
1
1
0.943307
0.860363
0.762775
0.197829
0.001
0.001
0.00996266
0.270262
0.886844
1
0.951811
1
1
0.848027
0.296853
0.0317132
0.00273144
0.001
0.001
0.001
0.001
0.001
0.001
0.001
0.144759
0.628821
0.982003
1
0.970601
1
0.958137
1
0.60698
0.16613
0.001
0.001
0.209638
0.741202
0.799756
0.920535
0.796629
0.910426
0.956644
0.741502
0.261007
0.2771
0.783479
0.956644
0.910426
0.796629
0.920535
0.799836
0.732136
0.206715
0.001
0.001
0.166421
0.606693
1
0.958056
1
0.970601
1
0.982003
0.628948
0.144907
0.001
0.001
0.001
0.001
0.001
0.001
0.001
0.0662098
0.414903
0.906595
1
1
0.905848
0.901664
0.894181
0.973609
0.796423
0.426555
0.0651439
0.001
0.0841947
0.278181
0.347592
0.273072
0.253245
0.284626
0.326521
0.278587
0.121198
0.129062
0.298654
0.344774
0.283366
0.25232
0.273223
0.346381
0.275826
0.0828465
0.001
0.0652468
0.427254
0.796423
0.973609
0.894164
0.901664
0.905848
1
1
0.906595
0.415228
0.0662637
0.001
0.001
0.001
0.001
0.001
0.001
0.159703
0.853651
1
1
0.860168
0.403646
0.612732
0.840188
0.915271
0.988045
0.812137
0.247788
0.001
0.001
0.001
0.001
0.001
0.001
0.001
0.001
0.001
0.001
0.001
0.001
0.001
0.001
0.001
0.001
0.001
0.001
0.001
0.001
0.24824
0.81221
0.98803
0.915271
0.839911
0.612526
0.403661
0.860168
1
1
0.853651
0.15982
0.001
0.001
0.001
0.001
0.001
0.001
0.266039
0.970005
0.981108
0.858156
0.354727
0.0962067
0.204499
0.660497
0.868246
0.934403
0.79539
0.303086
0.001
0.001
0.001
0.001
0.001
0.001
0.001
0.001
0.001
0.001
0.001
0.001
0.001
0.001
0.001
0.001
0.001
0.001
0.001
0.001
0.303724
0.795122
0.934339
0.868246
0.660928
0.204623
0.0962083
0.354881
0.858156
0.981108
0.970005
0.266184
0.001
0.001
0.001
0.001
0.001
0.001
0.249075
0.85184
0.867491
0.304428
0.0662924
0.001
0.0344368
0.13844
0.224761
0.317165
0.31481
0.142737
0.001
0.001
0.001
0.001
0.001
0.001
0.001
0.001
0.001
0.001
0.001
0.001
0.001
0.001
0.001
0.001
0.001
0.001
0.001
0.001
0.14309
0.315515
0.31771
0.224856
0.138462
0.0344566
0.001
0.0663198
0.304553
0.867492
0.85184
0.249182
0.001
0.001
0.001
0.001
0.001
0.001
0.112641
0.254
0.218527
0.0626353
0.001
0.001
0.001
0.001
0.001
0.001
0.001
0.001
0.001
0.001
0.001
0.001
0.001
0.001
0.001
0.001
0.001
0.001
0.001
0.001
0.001
0.001
0.001
0.001
0.001
0.001
0.001
0.001
0.001
0.001
0.001
0.001
0.001
0.001
0.001
0.001
0.0626552
0.218606
0.254098
0.112687
0.001
0.001
0.001
0.001
0.001
0.001
0.001
0.001
0.001
0.001
0.001
0.001
0.001
0.001
0.001
0.001
0.001
0.001
0.001
0.001
0.001
0.001
0.001
0.001
0.001
0.001
0.001
0.001
0.001
0.001
0.001
0.001
0.001
0.001
0.001
0.001
0.001
0.001
0.001
0.001
0.001
0.001
0.001
0.001
0.001
0.001
0.001
0.001
0.001
0.001
0.001
0.001
0.001
0.001
0.001
0.001
0.001
0.001
0.001
0.001
0.001
0.001
0.001
0.001
0.001
0.001
0.001
0.001
0.001
0.001
0.001
0.001
0.001
0.001
0.001
0.001
0.001
0.001
0.001
0.001
0.001
0.001
0.001
0.001
0.001
0.001
0.001
0.001
0.001
0.001
0.001
0.001
0.001
0.001
0.001
0.001
0.001
0.001
0.001
0.001
0.001
0.001
0.001
0.001
0.001
0.001
0.001
0.001
0.001
0.001
0.001
0.001
0.001
0.001
0.001
0.001
0.001
0.001
0.001
0.001
0.001
0.001
0.001
0.001
0.001
0.001
0.001
0.001
0.001
0.001
0.001
0.001
0.001
0.001
0.001
0.001
0.001
0.001
0.001
0.001
0.001
0.001
0.001
0.001
0.001
0.001
0.001
0.001
0.001
0.001
0.001
0.001
0.001
0.001
0.001
0.001
0.001
0.001
0.001
0.001
0.001
0.001
0.001
0.001
0.001
0.001
0.001
0.001
0.001
0.001
0.001
0.001
0.001
0.001
0.001
0.001
0.001
0.001
0.001
0.001
0.001
0.001
0.001
0.001
0.001
0.001
0.001
0.001
0.001
0.001
0.001
0.001
0.001
0.001
0.001
0.001
0.001
0.001
0.001
0.001
0.001
0.001
0.001
0.001
0.001
0.001
0.11266
0.254038
0.218554
0.0626385
0.001
0.001
0.001
0.001
0.001
0.001
0.001
0.001
0.001
0.001
0.001
0.001
0.001
0.001
0.001
0.001
0.001
0.001
0.001
0.001
0.001
0.001
0.001
0.001
0.001
0.001
0.001
0.001
0.001
0.001
0.001
0.001
0.001
0.001
0.001
0.001
0.0626565
0.218617
0.254115
0.112696
0.001
0.001
0.001
0.001
0.001
0.001
0.249122
0.85184
0.867491
0.304477
0.0662957
0.001
0.0344653
0.138532
0.224933
0.317659
0.315436
0.143051
0.001
0.001
0.001
0.001
0.001
0.001
0.001
0.001
0.001
0.001
0.001
0.001
0.001
0.001
0.001
0.001
0.001
0.001
0.001
0.001
0.143228
0.315771
0.317907
0.22492
0.138492
0.0344377
0.001
0.0663253
0.304579
0.867491
0.85184
0.249206
0.001
0.001
0.001
0.001
0.001
0.001
0.266123
0.970005
0.981108
0.858156
0.354791
0.0962207
0.20466
0.660927
0.868246
0.934329
0.795095
0.30363
0.001
0.001
0.001
0.001
0.001
0.001
0.001
0.001
0.001
0.001
0.001
0.001
0.001
0.001
0.001
0.001
0.001
0.001
0.001
0.001
0.303866
0.794844
0.934268
0.868246
0.660869
0.20461
0.0962234
0.35492
0.858156
0.981108
0.970005
0.266232
0.001
0.001
0.001
0.001
0.001
0.001
0.159744
0.853651
1
1
0.860168
0.403696
0.612781
0.840095
0.915271
0.988027
0.812217
0.248141
0.001
0.001
0.001
0.001
0.001
0.001
0.001
0.001
0.001
0.001
0.001
0.001
0.001
0.001
0.001
0.001
0.001
0.001
0.001
0.001
0.248212
0.812287
0.988013
0.915271
0.839907
0.612597
0.403675
0.860168
1
1
0.853651
0.159875
0.001
0.001
0.001
0.001
0.001
0.001
0.0661936
0.415028
0.906595
1
1
0.905848
0.901664
0.894156
0.973609
0.796423
0.426949
0.0651981
0.001
0.0808873
0.272752
0.345419
0.27495
0.25462
0.288001
0.318176
0.264066
0.11304
0.112927
0.262984
0.316688
0.287053
0.254595
0.274629
0.344998
0.27266
0.0810447
0.001
0.0651454
0.426925
0.796423
0.973609
0.894141
0.901664
0.905848
1
1
0.906595
0.415425
0.0662936
0.001
0.001
0.001
0.001
0.001
0.001
0.001
0.144855
0.628986
0.982003
1
0.970601
1
0.958058
1
0.606849
0.166304
0.001
0.001
0.203082
0.725524
0.799858
0.920535
0.796629
0.910426
0.956644
0.718539
0.238882
0.239412
0.709811
0.956644
0.910426
0.796629
0.920535
0.799939
0.727674
0.203514
0.001
0.001
0.166307
0.606571
1
0.957982
1
0.970601
1
0.982003
0.629101
0.145029
0.001
0.001
0.001
0.001
0.001
0.001
0.001
0.0027355
0.031944
0.296956
0.847989
1
1
0.951844
1
0.886879
0.270313
0.00997643
0.001
0.001
0.195526
0.759607
0.860369
0.943307
1
1
0.930653
0.592926
0.187273
0.188513
0.593659
0.930653
1
1
0.943307
0.860099
0.762247
0.19598
0.001
0.001
0.00993407
0.27022
0.887013
1
0.951944
1
1
0.848537
0.297171
0.0317003
0.00272144
0.001
0.001
0.001
0.001
0.0731818
0.190983
0.238447
0.286897
0.419368
0.698772
0.8
0.8
0.8
0.8
0.8
0.176778
0.00194511
0.001
0.001
0.0715182
0.465642
1
1
1
0.992245
0.50545
0.184175
0.0368007
0.0380135
0.184889
0.504002
0.992245
1
1
1
0.466667
0.0717137
0.001
0.001
0.00194353
0.176774
0.8
0.8
0.8
0.8
0.8
0.699672
0.418712
0.285907
0.239663
0.194187
0.0752015
0.001
0.001
0.194501
0.554171
0.701571
0.8
0.736806
0.706406
0.8
0.8
0.811465
0.803651
0.8
0.227981
0.00271951
0.001
0.001
0.00413244
0.353733
1
1
1
0.666522
0.140898
0.00198809
0.001
0.001
0.00198079
0.1409
0.668482
1
1
1
0.354586
0.00409973
0.001
0.001
0.00271903
0.22803
0.8
0.803942
0.81178
0.8
0.8
0.706406
0.736806
0.8
0.702162
0.556153
0.199124
0.001
0.001
0.191538
0.568889
0.699965
0.79537
0.8
0.8
0.8
0.851362
0.959481
0.975198
0.8
0.289206
0.00800768
0.001
0.001
0.0323879
0.435222
1
1
1
0.391192
0.020719
0.001
0.001
0.001
0.001
0.021204
0.392093
1
1
1
0.435818
0.0322867
0.001
0.001
0.00799727
0.289353
0.8
0.975697
0.960092
0.85208
0.8
0.8
0.8
0.795092
0.699977
0.5662
0.195539
0.001
0.001
0.069022
0.187644
0.238799
0.262837
0.415417
0.764414
0.82823
0.986814
1
1
0.982599
0.435168
0.0639136
0.001
0.001
0.102946
0.622967
1
1
0.799802
0.18972
0.001
0.001
0.001
0.001
0.001
0.001
0.189644
0.799545
1
1
0.622914
0.102894
0.001
0.001
0.0639226
0.435385
0.983055
1
1
0.987874
0.82948
0.764414
0.415535
0.263709
0.240095
0.189571
0.0701644
0.001
0.001
0.001
0.00138587
0.00239579
0.0186455
0.124654
0.383322
0.8
1
1
1
1
0.827971
0.22799
0.014528
0.001
0.184593
0.879262
1
1
0.644147
0.128985
0.001
0.001
0.001
0.001
0.001
0.001
0.128936
0.643959
1
1
0.879054
0.184561
0.001
0.014522
0.227975
0.828086
1
1
1
1
0.8
0.385136
0.125549
0.0187966
0.00238899
0.00137227
0.001
0.001
0.001
0.001
0.001
0.001
0.001
0.00980831
0.161496
0.548284
1
1
1
1
1
0.594822
0.10743
0.0129163
0.314468
1
1
1
0.39771
0.0497942
0.001
0.001
0.001
0.001
0.001
0.001
0.0497949
0.397607
1
1
1
0.314266
0.0128914
0.107375
0.594615
1
1
1
1
1
0.548356
0.161559
0.00993147
0.001
0.001
0.001
0.001
0.001
0.001
0.001
0.001
0.001
0.001
0.0587085
0.230687
0.612986
0.871899
1
1
1
1
1
0.433055
0.164142
0.577613
1
1
0.966008
0.251536
0.00542166
0.001
0.001
0.001
0.001
0.001
0.001
0.00542431
0.251494
0.965645
1
1
0.577252
0.164043
0.432769
1
1
1
1
1
0.870317
0.612105
0.230474
0.05959
0.001
0.001
0.001
0.001
0.001
0.001
0.001
0.001
0.001
0.001
0.185501
0.541078
0.675085
0.784494
1
1
1
1
1
0.965974
0.527395
0.895789
1
1
0.856488
0.18562
0.001
0.001
0.001
0.001
0.001
0.001
0.001
0.001
0.185579
0.85612
1
1
0.89548
0.52711
0.965437
1
1
1
1
1
0.784975
0.675085
0.551234
0.199489
0.001
0.001
0.001
0.001
0.001
0.001
0.001
0.001
0.001
0.001
0.204522
0.539341
0.588286
0.54436
0.948153
1
1
1
1
1
0.994819
1
1
1
0.680226
0.137572
0.001
0.001
0.001
0.001
0.001
0.001
0.001
0.001
0.137507
0.679868
1
1
1
0.994352
1
1
1
1
1
0.947344
0.541119
0.589572
0.584425
0.224218
0.001
0.001
0.001
0.001
0.001
0.001
0.001
0.001
0.001
0.001
0.0853375
0.204261
0.208853
0.185052
0.478781
1
1
1
1
1
1
1
1
1
0.653562
0.136653
0.001
0.001
0.001
0.001
0.001
0.001
0.001
0.001
0.1366
0.653211
1
1
1
1
1
1
1
1
1
0.479068
0.184341
0.222478
0.224138
0.0946706
0.001
0.001
0.001
0.001
0.001
0.001
0.001
0.001
0.001
0.001
0.001
0.001
0.001
0.00585439
0.157591
0.712184
1
1
1
1
1
1
1
1
0.767585
0.172567
0.001
0.001
0.001
0.001
0.001
0.001
0.001
0.001
0.172508
0.76721
1
1
1
1
1
1
1
1
0.711922
0.157699
0.00593115
0.001
0.001
0.001
0.001
0.001
0.001
0.001
0.001
0.001
0.001
0.001
0.001
0.001
0.001
0.001
0.001
0.001
0.0387656
0.28095
1
1
1
1
1
1
1
1
0.951166
0.229171
0.00130971
0.001
0.001
0.001
0.001
0.001
0.001
0.00131055
0.229085
0.950823
1
1
1
1
1
1
1
1
0.280904
0.0388036
0.001
0.001
0.001
0.001
0.001
0.001
0.001
0.001
0.001
0.001
0.001
0.001
0.00113773
0.00110069
0.001
0.001
0.001
0.001
0.001
0.0717433
0.610368
1
1
1
1
1
1
1
1
0.384695
0.0230726
0.001
0.001
0.001
0.001
0.001
0.001
0.0230677
0.38455
1
1
1
1
1
1
1
1
0.610006
0.0717704
0.001
0.001
0.001
0.001
0.001
0.0011128
0.00114971
0.001
0.001
0.001
0.001
0.001
0.0879523
0.198179
0.183385
0.110373
0.129062
0.149407
0.131486
0.129873
0.153017
0.420031
1
1
1
1
1
1
1
1
0.625719
0.0820051
0.0324857
0.050838
0.0292945
0.0292951
0.0508389
0.0324855
0.0819793
0.62549
1
1
1
1
1
1
1
1
0.420557
0.154018
0.130847
0.132409
0.150255
0.129715
0.11092
0.184291
0.199141
0.0883708
0.001
0.001
0.001
0.001
0.17057
0.548436
0.637763
0.794677
0.688132
0.647199
0.700508
0.718248
0.739318
0.790767
1
1
1
1
1
1
1
1
1
1
1
0.667067
0.196387
0.196372
0.666994
1
1
1
1
1
1
1
1
1
1
1
0.790765
0.739318
0.718251
0.700511
0.647201
0.688132
0.794677
0.637763
0.548435
0.17136
0.001
0.001
0.001
0.001
0.164002
0.787562
0.798535
0.8
0.8
0.918495
0.959326
0.969395
0.972514
0.988203
1
1
1
1
1
1
1
1
1
1
1
1
0.377008
0.376974
1
1
1
1
1
1
1
1
1
1
1
1
0.991228
0.976152
0.973232
0.963277
0.922357
0.8
0.8
0.798535
0.787562
0.164743
0.001
0.001
