0.001
0.001
0.163773
0.787562
0.798535
0.8
0.8
0.917855
0.958658
0.968707
0.97182
0.987662
1
1
1
1
1
1
1
1
1
1
1
1
0.376976
0.377145
1
1
1
1
1
1
1
1
1
1
1
1
0.986326
0.970486
0.96731
0.957216
0.916446
0.8
0.8
0.798535
0.787562
0.163728
0.001
0.001
0.001
0.001
0.170325
0.548436
0.637763
0.794677
0.688132
0.647186
0.700491
0.718234
0.739318
0.79076
1
1
1
1
1
1
1
1
1
1
1
0.666901
0.196322
0.196287
0.666999
1
1
1
1
1
1
1
1
1
1
1
0.790758
0.739318
0.718236
0.700494
0.647187
0.688132
0.794677
0.637763
0.548435
0.170274
0.001
0.001
0.001
0.001
0.0878163
0.197859
0.183082
0.110192
0.128892
0.149284
0.131519
0.129967
0.153146
0.420429
1
1
1
1
1
1
1
1
0.625526
0.081824
0.032435
0.0507559
0.0292464
0.0291489
0.0505897
0.0323435
0.0821966
0.625926
1
1
1
1
1
1
1
1
0.418948
0.151856
0.128709
0.130525
0.148813
0.128741
0.110167
0.183051
0.197824
0.0877976
0.001
0.001
0.001
0.001
0.001
0.00112834
0.0010915
0.001
0.001
0.001
0.001
0.001
0.0719455
0.611133
1
1
1
1
1
1
1
1
0.3845
0.0229509
0.001
0.001
0.001
0.001
0.001
0.001
0.0231983
0.384885
1
1
1
1
1
1
1
1
0.610191
0.0717855
0.001
0.001
0.001
0.001
0.001
0.00110162
0.00113892
0.001
0.001
0.001
0.001
0.001
0.001
0.001
0.001
0.001
0.001
0.001
0.001
0.0389642
0.281455
1
1
1
1
1
1
1
1
0.951729
0.228922
0.0012971
0.001
0.001
0.001
0.001
0.001
0.001
0.00132024
0.229375
0.95044
1
1
1
1
1
1
1
1
0.280915
0.0387596
0.001
0.001
0.001
0.001
0.001
0.001
0.001
0.001
0.001
0.001
0.001
0.001
0.001
0.001
0.001
0.001
0.001
0.00593883
0.158565
0.713927
1
1
1
1
1
1
1
1
0.767473
0.172171
0.001
0.001
0.001
0.001
0.001
0.001
0.001
0.001
0.172899
0.767682
1
1
1
1
1
1
1
1
0.71214
0.157563
0.00579987
0.001
0.001
0.001
0.001
0.001
0.001
0.001
0.001
0.001
0.001
0.001
0.001
0.001
0.0815928
0.197798
0.20619
0.186269
0.480363
1
1
1
1
1
1
1
1
1
0.653516
0.136225
0.001
0.001
0.001
0.001
0.001
0.001
0.001
0.001
0.13697
0.653476
1
1
1
1
1
1
1
1
1
0.47833
0.185476
0.199916
0.18915
0.0771032
0.001
0.001
0.001
0.001
0.001
0.001
0.001
0.001
0.001
0.001
0.198516
0.539095
0.589987
0.546066
0.948178
1
1
1
1
1
0.994994
1
1
1
0.681302
0.137574
0.001
0.001
0.001
0.001
0.001
0.001
0.001
0.001
0.137623
0.679402
1
1
1
0.993769
1
1
1
1
1
0.947986
0.54649
0.589698
0.525557
0.190896
0.001
0.001
0.001
0.001
0.001
0.001
0.001
0.001
0.001
0.001
0.182488
0.540978
0.675085
0.784839
1
1
1
1
1
0.964272
0.527679
0.900285
1
1
0.859846
0.186372
0.001
0.001
0.001
0.001
0.001
0.001
0.001
0.001
0.185339
0.85464
1
1
0.89353
0.526771
0.965527
1
1
1
1
1
0.784519
0.675085
0.541735
0.17851
0.001
0.001
0.001
0.001
0.001
0.001
0.001
0.001
0.001
0.001
0.059144
0.231249
0.61201
0.869905
1
1
1
1
1
0.432629
0.164202
0.580208
1
1
0.970836
0.252527
0.00534012
0.001
0.001
0.001
0.001
0.001
0.001
0.00545866
0.251064
0.963886
1
1
0.576114
0.163894
0.433061
1
1
1
1
1
0.871286
0.611663
0.233796
0.0597895
0.001
0.001
0.001
0.001
0.001
0.001
0.001
0.001
0.001
0.001
0.00970517
0.161087
0.54753
1
1
1
1
1
0.594521
0.107494
0.0128549
0.315877
1
1
1
0.398917
0.0497943
0.001
0.001
0.001
0.001
0.001
0.001
0.0498355
0.397143
1
1
1
0.313773
0.0129598
0.107498
0.594855
1
1
1
1
1
0.548104
0.161498
0.00978258
0.001
0.001
0.001
0.001
0.001
0.001
0.001
0.00141873
0.00241842
0.0186194
0.124301
0.382136
0.8
1
1
1
1
0.827064
0.227811
0.0145592
0.001
0.185791
0.884705
1
1
0.647195
0.129435
0.001
0.001
0.001
0.001
0.001
0.001
0.128859
0.643011
1
1
0.877018
0.184114
0.001
0.0145398
0.22789
0.827337
1
1
1
1
0.8
0.382017
0.124148
0.0184526
0.00234961
0.00135345
0.001
0.001
0.001
0.0696441
0.189135
0.240033
0.263137
0.415372
0.764414
0.827631
0.985997
1
1
0.981545
0.434484
0.063796
0.001
0.001
0.103505
0.627509
1
1
0.805134
0.191005
0.001
0.001
0.001
0.001
0.001
0.001
0.189406
0.798025
1
1
0.621079
0.10262
0.001
0.001
0.0637941
0.434346
0.981527
1
1
0.985468
0.82708
0.764414
0.41511
0.261873
0.239145
0.18918
0.0700463
0.001
0.001
0.187924
0.56924
0.699837
0.795628
0.8
0.8
0.8
0.85062
0.958605
0.974361
0.8
0.288728
0.00797818
0.001
0.001
0.0323264
0.440827
1
1
1
0.396751
0.0208887
0.001
0.001
0.001
0.001
0.0212436
0.391205
1
1
1
0.433947
0.0322288
0.001
0.001
0.00796139
0.288474
0.8
0.974215
0.958407
0.850379
0.8
0.8
0.8
0.795416
0.699875
0.565827
0.193556
0.001
0.001
0.187275
0.567347
0.701327
0.8
0.736806
0.706406
0.8
0.8
0.81072
0.802843
0.8
0.227752
0.00271323
0.001
0.001
0.00405782
0.359637
1
1
1
0.66639
0.142041
0.00192224
0.001
0.001
0.00223276
0.142099
0.668382
1
1
1
0.353201
0.00408508
0.001
0.001
0.00270209
0.227537
0.8
0.802777
0.81062
0.8
0.8
0.706406
0.736806
0.8
0.701636
0.553115
0.196042
0.001
0.001
0.0687255
0.183806
0.235139
0.287995
0.419552
0.697607
0.8
0.8
0.8
0.8
0.8
0.176676
0.00194635
0.001
0.001
0.0729187
0.472202
1
1
1
0.992245
0.53311
0.218364
0.0535092
0.045371
0.200406
0.516843
0.992245
1
1
1
0.466937
0.0723047
0.001
0.001
0.00193798
0.176553
0.8
0.8
0.8
0.8
0.8
0.698565
0.419264
0.285965
0.238364
0.191491
0.073538
0.001
0.001
0.001
0.00107995
0.00283375
0.0320512
0.296222
0.846413
1
1
0.950708
1
0.885307
0.269994
0.00999917
0.001
0.001
0.205468
0.764199
0.860639
0.943307
1
1
0.930653
0.690267
0.225627
0.207522
0.637858
0.930653
1
1
0.943307
0.860363
0.763219
0.200646
0.001
0.001
0.00994736
0.269897
0.885651
1
0.950855
1
1
0.847436
0.296692
0.0318032
0.00275795
0.00101016
0.001
0.001
0.001
0.001
0.001
0.001
0.144729
0.628821
0.982003
1
0.970601
1
0.958137
1
0.60698
0.166314
0.001
0.001
0.217231
0.757486
0.799756
0.920535
0.796629
0.910426
0.956644
0.783246
0.278829
0.258383
0.734335
0.956644
0.910426
0.796629
0.920535
0.799836
0.742984
0.210382
0.001
0.001
0.166239
0.606693
1
0.958056
1
0.970601
1
0.982003
0.628948
0.144955
0.001
0.001
0.001
0.001
0.001
0.001
0.001
0.06618
0.414799
0.906595
1
1
0.905848
0.901664
0.894181
0.973609
0.796423
0.426872
0.0652249
0.001
0.0880474
0.286422
0.353165
0.272328
0.252242
0.283819
0.343967
0.298925
0.129923
0.119811
0.275253
0.32346
0.284273
0.253356
0.273248
0.348485
0.279247
0.0846543
0.001
0.0651316
0.426712
0.796423
0.973609
0.894164
0.901664
0.905848
1
1
0.906595
0.415342
0.0663154
0.001
0.001
0.001
0.001
0.001
0.001
0.159665
0.853651
1
1
0.860168
0.403619
0.612732
0.840188
0.915271
0.988045
0.812137
0.247903
0.001
0.001
0.001
0.001
0.001
0.001
0.001
0.001
0.001
0.001
0.001
0.001
0.001
0.001
0.001
0.001
0.001
0.001
0.001
0.001
0.247892
0.81221
0.98803
0.915271
0.839911
0.612526
0.403629
0.860168
1
1
0.853651
0.159852
0.001
0.001
0.001
0.001
0.001
0.001
0.266011
0.970005
0.981108
0.858156
0.354708
0.0961856
0.204307
0.65996
0.868246
0.934403
0.79539
0.303202
0.001
0.001
0.001
0.001
0.001
0.001
0.001
0.001
0.001
0.001
0.001
0.001
0.001
0.001
0.001
0.001
0.001
0.001
0.001
0.001
0.303337
0.795122
0.934339
0.868246
0.660234
0.204424
0.0962007
0.354877
0.858156
0.981108
0.970005
0.266173
0.001
0.001
0.001
0.001
0.001
0.001
0.249056
0.85184
0.867491
0.304405
0.0662951
0.001
0.0343919
0.138265
0.224589
0.317297
0.314957
0.14281
0.001
0.001
0.001
0.001
0.001
0.001
0.001
0.001
0.001
0.001
0.001
0.001
0.001
0.001
0.001
0.001
0.001
0.001
0.001
0.001
0.142924
0.315158
0.317393
0.224623
0.138337
0.0344364
0.001
0.0663257
0.304539
0.867492
0.85184
0.249176
0.001
0.001
0.001
0.001
0.001
0.001
0.112634
0.253981
0.218511
0.0626336
0.001
0.001
0.001
0.001
0.001
0.001
0.001
0.001
0.001
0.001
0.001
0.001
0.001
0.001
0.001
0.001
0.001
0.001
0.001
0.001
0.001
0.001
0.001
0.001
0.001
0.001
0.001
0.001
0.001
0.001
0.001
0.001
0.001
0.001
0.001
0.001
0.0626544
0.218597
0.254089
0.112685
0.001
0.001
0.001
0.001
0.001
0.001
0.001
0.001
0.001
0.001
0.001
0.001
0.001
0.001
0.001
0.001
0.001
0.001
0.001
0.001
0.001
0.001
0.001
0.001
0.001
0.001
0.001
0.001
0.001
0.001
0.001
0.001
0.001
0.001
0.001
0.001
0.001
0.001
0.001
0.001
0.001
0.001
0.001
0.001
0.001
0.001
0.001
0.001
0.001
0.001
0.001
0.001
0.001
0.001
0.001
0.001
0.001
0.001
0.001
0.001
0.001
0.001
0.001
0.001
0.001
0.001
0.001
0.001
0.001
0.001
0.001
0.001
0.001
0.001
0.001
0.001
0.001
0.001
0.001
0.001
0.001
0.001
0.001
0.001
0.001
0.001
0.001
0.001
0.001
0.001
0.001
0.001
0.001
0.001
0.001
0.001
0.001
0.001
0.001
0.001
0.001
0.001
0.001
0.001
0.001
0.001
0.001
0.001
0.001
0.001
0.001
0.001
0.001
0.001
0.001
0.001
0.001
0.001
0.001
0.001
0.001
0.001
0.001
0.001
0.001
0.001
0.001
0.001
0.001
0.001
0.001
0.001
0.001
0.001
0.001
0.001
0.001
0.001
0.001
0.001
0.001
0.001
0.001
0.001
0.001
0.001
0.001
0.001
0.001
0.001
0.001
0.001
0.001
0.001
0.001
0.001
0.001
0.001
0.001
0.001
0.001
0.001
0.001
0.001
0.001
0.001
0.001
0.001
0.001
0.001
0.001
0.001
0.001
0.001
0.001
0.001
0.001
0.001
0.001
0.001
0.001
0.001
0.001
0.001
0.001
0.001
0.001
0.001
0.001
0.001
0.001
0.001
0.001
0.001
0.001
0.001
0.001
0.001
0.001
0.001
0.001
0.001
0.001
0.001
0.001
0.001
0.112672
0.254056
0.218565
0.062642
0.001
0.001
0.001
0.001
0.001
0.001
0.001
0.001
0.001
0.001
0.001
0.001
0.001
0.001
0.001
0.001
0.001
0.001
0.001
0.001
0.001
0.001
0.001
0.001
0.001
0.001
0.001
0.001
0.001
0.001
0.001
0.001
0.001
0.001
0.001
0.001
0.0626595
0.218643
0.254156
0.112722
0.001
0.001
0.001
0.001
0.001
0.001
0.249152
0.85184
0.867491
0.304512
0.0663168
0.001
0.034397
0.138365
0.224779
0.317672
0.315452
0.14306
0.001
0.001
0.001
0.001
0.001
0.001
0.001
0.001
0.001
0.001
0.001
0.001
0.001
0.001
0.001
0.001
0.001
0.001
0.001
0.001
0.143119
0.315532
0.317695
0.224674
0.138338
0.0344129
0.001
0.0663467
0.304638
0.867491
0.85184
0.249268
0.001
0.001
0.001
0.001
0.001
0.001
0.266178
0.970005
0.981108
0.858156
0.354876
0.0962291
0.204473
0.660444
0.868246
0.934329
0.795095
0.303632
0.001
0.001
0.001
0.001
0.001
0.001
0.001
0.001
0.001
0.001
0.001
0.001
0.001
0.001
0.001
0.001
0.001
0.001
0.001
0.001
0.303602
0.794844
0.934268
0.868246
0.660151
0.204395
0.0962374
0.35505
0.858156
0.981108
0.970005
0.266343
0.001
0.001
0.001
0.001
0.001
0.001
0.159834
0.853651
1
1
0.860168
0.403749
0.612781
0.840095
0.915271
0.988027
0.812217
0.24814
0.001
0.001
0.001
0.001
0.001
0.001
0.001
0.001
0.001
0.001
0.001
0.001
0.001
0.001
0.001
0.001
0.001
0.001
0.001
0.001
0.247982
0.812287
0.988013
0.915271
0.839907
0.612597
0.403768
0.860168
1
1
0.853651
0.160016
0.001
0.001
0.001
0.001
0.001
0.001
0.0662674
0.415282
0.906595
1
1
0.905848
0.901664
0.894156
0.973609
0.796423
0.426962
0.0652048
0.001
0.0810969
0.272546
0.344417
0.273919
0.254441
0.287268
0.317061
0.262905
0.112683
0.112406
0.264456
0.319973
0.288635
0.253953
0.272663
0.349162
0.281018
0.0856764
0.001
0.0650845
0.426626
0.796423
0.973609
0.894141
0.901664
0.905848
1
1
0.906595
0.415816
0.0663908
0.001
0.001
0.001
0.001
0.001
0.001
0.001
0.144954
0.628986
0.982003
1
0.970601
1
0.958058
1
0.606849
0.16632
0.001
0.001
0.203643
0.725081
0.799858
0.920535
0.796629
0.910426
0.956644
0.709189
0.238042
0.235635
0.722247
0.956644
0.910426
0.796629
0.920535
0.799939
0.745661
0.212271
0.001
0.001
0.166236
0.606571
1
0.957982
1
0.970601
1
0.982003
0.629101
0.145187
0.001
0.001
0.001
0.001
0.001
0.001
0.001
0.00269892
0.0316785
0.296783
0.847724
1
1
0.951332
1
0.88635
0.270126
0.00997495
0.001
0.001
0.195997
0.762221
0.860369
0.943307
1
1
0.930653
0.590333
0.186803
0.183261
0.587266
0.930653
1
1
0.943307
0.860099
0.764189
0.20192
0.001
0.001
0.00992914
0.269821
0.885716
1
0.950976
1
1
0.848533
0.297165
0.0314718
0.00264741
0.001
0.001
0.001
0.001
0.076102
0.195827
0.240369
0.284772
0.419368
0.698772
0.8
0.8
0.8
0.8
0.8
0.176622
0.00193959
0.001
0.001
0.0716494
0.465956
1
1
1
0.992245
0.502522
0.183498
0.0372056
0.0347422
0.181618
0.504875
0.992245
1
1
1
0.468669
0.0725708
0.001
0.001
0.00193841
0.176557
0.8
0.8
0.8
0.8
0.8
0.699672
0.418712
0.283877
0.24361
0.202162
0.0797613
0.001
0.001
0.201104
0.560869
0.701571
0.8
0.736806
0.706406
0.8
0.8
0.810787
0.802947
0.8
0.227614
0.0027069
0.001
0.001
0.00406935
0.354287
1
1
1
0.666522
0.140211
0.00195313
0.001
0.001
0.00194935
0.141501
0.668482
1
1
1
0.355186
0.00424671
0.001
0.001
0.00270535
0.227616
0.8
0.802971
0.810886
0.8
0.8
0.706406
0.736806
0.8
0.702162
0.576446
0.209687
0.001
0.001
0.197181
0.564057
0.699965
0.79537
0.8
0.8
0.8
0.850503
0.95847
0.974183
0.8
0.288583
0.00794552
0.001
0.001
0.0322558
0.43545
1
1
1
0.391078
0.0206693
0.001
0.001
0.001
0.001
0.021245
0.392566
1
1
1
0.43595
0.0325787
0.001
0.001
0.00795516
0.288607
0.8
0.974466
0.958871
0.851032
0.8
0.8
0.8
0.795092
0.699977
0.568161
0.204642
0.001
0.001
0.0705872
0.189744
0.238821
0.260783
0.415417
0.764414
0.82707
0.985596
1
1
0.98125
0.4343
0.0637543
0.001
0.001
0.10283
0.622524
1
1
0.798996
0.189524
0.001
0.001
0.001
0.001
0.001
0.001
0.190025
0.800259
1
1
0.623214
0.103059
0.001
0.001
0.0637886
0.434429
0.981606
1
1
0.98642
0.828232
0.764414
0.415535
0.262083
0.241453
0.193447
0.0726577
0.001
0.001
0.001
0.00133966
0.00231685
0.0184078
0.123557
0.381091
0.8
1
1
1
1
0.826715
0.227728
0.0145547
0.001
0.184456
0.878452
1
1
0.643491
0.128875
0.001
0.001
0.001
0.001
0.001
0.001
0.128981
0.644196
1
1
0.879553
0.184677
0.001
0.0145061
0.227675
0.826903
1
1
1
1
0.8
0.383762
0.124966
0.0186892
0.00236065
0.00136807
0.001
0.001
0.001
0.001
0.001
0.001
0.001
0.00971323
0.162322
0.54916
1
1
1
1
1
0.594498
0.107517
0.0129087
0.314079
1
1
1
0.397225
0.0497642
0.001
0.001
0.001
0.001
0.001
0.001
0.0497303
0.397537
1
1
1
0.314711
0.0129427
0.107297
0.593972
1
1
1
1
1
0.549584
0.162445
0.00989738
0.001
0.001
0.001
0.001
0.001
0.001
0.001
0.001
0.001
0.001
0.0598246
0.234152
0.612986
0.870426
1
1
1
1
1
0.432942
0.163925
0.576814
1
1
0.965024
0.251245
0.00542296
0.001
0.001
0.001
0.001
0.001
0.001
0.00539524
0.251384
0.966439
1
1
0.57791
0.163896
0.432342
1
1
1
1
1
0.869982
0.610487
0.228091
0.0578911
0.001
0.001
0.001
0.001
0.001
0.001
0.001
0.001
0.001
0.001
0.170204
0.551683
0.675085
0.784494
1
1
1
1
1
0.965159
0.527013
0.894944
1
1
0.855477
0.185478
0.001
0.001
0.001
0.001
0.001
0.001
0.001
0.001
0.185649
0.856664
1
1
0.896161
0.526685
0.964192
1
1
1
1
1
0.784975
0.675085
0.54247
0.194128
0.001
0.001
0.001
0.001
0.001
0.001
0.001
0.001
0.001
0.001
0.177735
0.53013
0.588286
0.549445
0.949147
1
1
1
1
1
0.994115
1
1
1
0.679461
0.137482
0.001
0.001
0.001
0.001
0.001
0.001
0.001
0.001
0.13763
0.680287
1
1
1
0.993677
1
1
1
1
1
0.947339
0.541899
0.589572
0.574873
0.218313
0.001
0.001
0.001
0.001
0.001
0.001
0.001
0.001
0.001
0.001
0.0700541
0.176092
0.193186
0.187273
0.480099
1
1
1
1
1
1
1
1
1
0.653119
0.136642
0.001
0.001
0.001
0.001
0.001
0.001
0.001
0.001
0.136656
0.653614
1
1
1
1
1
1
1
1
1
0.480484
0.184924
0.219604
0.21899
0.0922033
0.001
0.001
0.001
0.001
0.001
0.001
0.001
0.001
0.001
0.001
0.001
0.001
0.001
0.0058023
0.158102
0.713682
1
1
1
1
1
1
1
1
0.767324
0.172587
0.001
0.001
0.001
0.001
0.001
0.001
0.001
0.001
0.172559
0.767654
1
1
1
1
1
1
1
1
0.713572
0.158737
0.006046
0.001
0.001
0.001
0.001
0.001
0.001
0.001
0.001
0.001
0.001
0.001
0.001
0.001
0.001
0.001
0.001
0.001
0.0387997
0.281184
1
1
1
1
1
1
1
1
0.950604
0.229139
0.0013117
0.001
0.001
0.001
0.001
0.001
0.001
0.00130832
0.229142
0.950881
1
1
1
1
1
1
1
1
0.281401
0.0390242
0.001
0.001
0.001
0.001
0.001
0.001
0.001
0.001
0.001
0.001
0.001
0.001
0.00111166
0.001075
0.001
0.001
0.001
0.001
0.001
0.0718313
0.610688
1
1
1
1
1
1
1
1
0.384654
0.0231037
0.001
0.001
0.001
0.001
0.001
0.001
0.0230924
0.384739
1
1
1
1
1
1
1
1
0.610662
0.0719877
0.001
0.001
0.001
0.001
0.001
0.00110874
0.00114575
0.001
0.001
0.001
0.001
0.001
0.0875194
0.197168
0.182425
0.109794
0.128472
0.148864
0.13128
0.129799
0.152917
0.420046
1
1
1
1
1
1
1
1
0.625658
0.0820441
0.0324007
0.0506923
0.0292092
0.0292128
0.0506985
0.0324048
0.0820491
0.625856
1
1
1
1
1
1
1
1
0.420484
0.153673
0.130462
0.132062
0.149938
0.129471
0.110713
0.183953
0.198786
0.0882188
0.001
0.001
0.001
0.001
0.169776
0.548436
0.637763
0.794677
0.688132
0.647199
0.700508
0.718248
0.739318
0.790767
1
1
1
1
1
1
1
1
1
1
1
0.666898
0.196295
0.196313
0.666973
1
1
1
1
1
1
1
1
1
1
1
0.790765
0.739318
0.718251
0.700511
0.647201
0.688132
0.794677
0.637763
0.548435
0.171079
0.001
0.001
0.001
0.001
0.16326
0.787562
0.798535
0.8
0.8
0.915903
0.956643
0.96675
0.969959
0.985952
1
1
1
1
1
1
1
1
1
1
1
1
0.377017
0.377047
1
1
1
1
1
1
1
1
1
1
1
1
0.989846
0.974596
0.971637
0.961675
0.920818
0.8
0.8
0.798535
0.787562
0.164479
0.001
0.001
