0.00747522
0.12762
0.33622
0.514668
0.672058
0.849477
1
1
1
1
1
1
1
1
1
1
1
1
1
1
1
1
1
1
0.446305
0.446305
1
1
1
1
1
1
1
1
1
1
1
1
1
1
1
1
1
1
0.849477
0.672058
0.514668
0.33622
0.12762
0.00747522
0.0128782
0.149364
0.377443
0.527216
0.557091
0.567121
0.568778
0.618678
0.673325
0.713065
0.742856
0.77032
1
1
1
1
1
1
1
1
1
1
1
0.741555
0.205178
0.205178
0.741555
1
1
1
1
1
1
1
1
1
1
1
0.77032
0.742856
0.713065
0.673325
0.618678
0.568778
0.567121
0.557091
0.527216
0.377443
0.149364
0.0128782
0.0172684
0.189377
0.455581
0.534053
0.405077
0.235241
0.112206
0.0849164
0.0990307
0.122282
0.221849
0.491948
1
1
1
1
1
1
1
1
0.954291
0.344492
0.0481256
0.00837578
0.0111909
0.0111909
0.00837578
0.0481256
0.344492
0.954291
1
1
1
1
1
1
1
1
0.491948
0.221849
0.122282
0.0990307
0.0849164
0.112206
0.235241
0.405077
0.534053
0.455581
0.189377
0.0172684
0.0121722
0.156604
0.374794
0.378592
0.201492
0.0723071
0.0129074
0.001
0.001
0.027938
0.241428
0.77065
1
1
1
1
1
1
1
1
0.792478
0.251657
0.0247105
0.001
0.001
0.001
0.001
0.0247105
0.251657
0.792478
1
1
1
1
1
1
1
1
0.77065
0.241428
0.027938
0.001
0.001
0.0129074
0.0723071
0.201492
0.378592
0.374794
0.156604
0.0121722
0.00310167
0.0600019
0.135694
0.127
0.0494315
0.00698344
0.001
0.001
0.0143307
0.126052
0.532114
1
1
1
1
1
1
1
1
1
0.570132
0.1429
0.00976595
0.001
0.001
0.001
0.001
0.00976595
0.1429
0.570132
1
1
1
1
1
1
1
1
1
0.532114
0.126052
0.0143307
0.001
0.001
0.00698344
0.0494315
0.127
0.135694
0.0600019
0.00310167
0.001
0.001
0.00178313
0.00145943
0.001
0.001
0.001
0.0137826
0.101181
0.385689
0.966354
1
1
1
1
1
1
1
1
1
0.447932
0.0854571
0.00124991
0.001
0.001
0.001
0.001
0.00124991
0.0854571
0.447932
1
1
1
1
1
1
1
1
1
0.966354
0.385689
0.101181
0.0137826
0.001
0.001
0.001
0.00145943
0.00178313
0.001
0.001
0.001
0.001
0.001
0.001
0.001
0.001
0.00302206
0.0612732
0.299297
0.807498
1
1
1
1
0.957695
0.675198
0.972357
1
1
1
0.422671
0.0780351
0.001
0.001
0.001
0.001
0.001
0.001
0.0780351
0.422671
1
1
1
0.972357
0.675198
0.957695
1
1
1
1
0.807498
0.299297
0.0612732
0.00302206
0.001
0.001
0.001
0.001
0.001
0.001
0.001
0.0146779
0.0615479
0.106696
0.106584
0.0782385
0.0735399
0.199054
0.62373
1
1
1
1
1
0.465601
0.418401
0.931901
1
1
1
0.439876
0.0849702
0.001
0.001
0.001
0.001
0.001
0.001
0.0849702
0.439876
1
1
1
0.931901
0.418401
0.465601
1
1
1
1
1
0.62373
0.199054
0.0735399
0.0782385
0.106584
0.106696
0.0615479
0.0146779
0.001
0.00139294
0.0713815
0.225643
0.353919
0.36572
0.331554
0.334098
0.530146
1
1
1
1
1
0.452797
0.122583
0.264141
0.849878
1
1
1
0.462966
0.0899591
0.001
0.001
0.001
0.001
0.001
0.001
0.0899591
0.462966
1
1
1
0.849878
0.264141
0.122583
0.452797
1
1
1
1
1
0.530146
0.334098
0.331554
0.36572
0.353919
0.225643
0.0713815
0.00139294
0.00582651
0.135671
0.373507
0.519792
0.5687
0.597856
0.637194
0.894062
1
1
1
1
0.50059
0.120748
0.0154849
0.189531
0.726775
1
1
1
0.483614
0.0928513
0.001
0.001
0.001
0.001
0.001
0.001
0.0928513
0.483614
1
1
1
0.726775
0.189531
0.0154849
0.120748
0.50059
1
1
1
1
0.894062
0.637194
0.597856
0.5687
0.519792
0.373507
0.135671
0.00582651
0.00822965
0.167191
0.417665
0.549912
0.592499
0.659638
0.742503
1
1
1
1
0.580177
0.157211
0.0170793
0.00160344
0.121141
0.581628
1
1
1
0.493446
0.0943634
0.001
0.001
0.001
0.001
0.001
0.001
0.0943634
0.493446
1
1
1
0.581628
0.121141
0.00160344
0.0170793
0.157211
0.580177
1
1
1
1
0.742503
0.659638
0.592499
0.549912
0.417665
0.167191
0.00822965
0.00504845
0.125977
0.333108
0.431966
0.452348
0.541785
0.723908
1
1
1
0.707299
0.244673
0.0402251
0.00106993
0.001
0.0723779
0.465916
1
1
1
0.485956
0.0950053
0.001
0.001
0.001
0.001
0.001
0.001
0.0950053
0.485956
1
1
1
0.465916
0.0723779
0.001
0.00106993
0.0402251
0.244673
0.707299
1
1
1
0.723908
0.541785
0.452348
0.431966
0.333108
0.125977
0.00504845
0.001
0.0502771
0.131671
0.183662
0.220749
0.40014
0.79589
1
1
0.889137
0.368413
0.0914726
0.0085038
0.001
0.001
0.0587805
0.40637
1
1
1
0.464015
0.0952351
0.001
0.001
0.001
0.001
0.001
0.001
0.0952351
0.464015
1
1
1
0.40637
0.0587805
0.001
0.001
0.0085038
0.0914726
0.368413
0.889137
1
1
0.79589
0.40014
0.220749
0.183662
0.131671
0.0502771
0.001
0.001
0.001
0.0057625
0.0162093
0.079853
0.364811
0.940735
1
1
0.571622
0.165887
0.0216461
0.001
0.001
0.001
0.0621995
0.381451
1
1
1
0.439369
0.0950608
0.001
0.001
0.001
0.001
0.001
0.001
0.0950608
0.439369
1
1
1
0.381451
0.0621995
0.001
0.001
0.001
0.0216461
0.165887
0.571622
1
1
0.940735
0.364811
0.079853
0.0162093
0.0057625
0.001
0.001
0.001
0.001
0.001
0.0224627
0.138711
0.508087
1
1
0.907793
0.344555
0.0660742
0.00198568
0.001
0.001
0.001
0.068375
0.385254
0.989011
1
1
0.436555
0.0956299
0.001
0.001
0.001
0.001
0.001
0.001
0.0956299
0.436555
1
1
0.989011
0.385254
0.068375
0.001
0.001
0.001
0.00198568
0.0660742
0.344555
0.907793
1
1
0.508087
0.138711
0.0224627
0.001
0.001
0.001
0.001
0.001
0.00567993
0.0704726
0.280569
0.702774
1
1
0.635014
0.188382
0.0243363
0.001
0.001
0.001
0.00116424
0.0855743
0.43393
0.995894
1
1
0.493547
0.124411
0.00852057
0.001
0.001
0.001
0.001
0.00852057
0.124411
0.493547
1
1
0.995894
0.43393
0.0855743
0.00116424
0.001
0.001
0.001
0.0243363
0.188382
0.635014
1
1
0.702774
0.280569
0.0704726
0.00567993
0.001
0.001
0.001
0.001
0.039717
0.168848
0.421568
0.794505
0.970082
0.873253
0.417322
0.0929644
0.00361325
0.001
0.001
0.001
0.020223
0.168464
0.562815
0.987837
1
1
0.633348
0.236709
0.0461948
0.001
0.001
0.001
0.001
0.0461948
0.236709
0.633348
1
1
0.987837
0.562815
0.168464
0.020223
0.001
0.001
0.001
0.00361325
0.0929644
0.417322
0.873253
0.970082
0.794505
0.421568
0.168848
0.039717
0.001
0.001
0.001
0.0133477
0.106942
0.302209
0.526511
0.763241
0.810945
0.686908
0.340882
0.0804262
0.00269487
0.001
0.001
0.00199474
0.0752841
0.345439
0.728898
0.912868
0.990255
0.925471
0.777658
0.428363
0.126284
0.00888027
0.001
0.001
0.00888027
0.126284
0.428363
0.777658
0.925471
0.990255
0.912868
0.728898
0.345439
0.0752841
0.00199474
0.001
0.001
0.00269487
0.0804262
0.340882
0.686908
0.810945
0.763241
0.526511
0.302209
0.106942
0.0133477
0.001
0.001
0.0517075
0.209084
0.412988
0.609958
0.710491
0.696928
0.622429
0.403496
0.162707
0.0290474
0.001
0.001
0.0252351
0.186755
0.555777
0.789043
0.835616
0.808305
0.835132
0.802102
0.622479
0.253646
0.0434067
0.001
0.001
0.0434067
0.253646
0.622479
0.802102
0.835132
0.808305
0.835616
0.789043
0.555777
0.186755
0.0252351
0.001
0.001
0.0290474
0.162707
0.403496
0.622429
0.696928
0.710491
0.609958
0.412988
0.209084
0.0517075
0.001
0.00284586
0.100634
0.313616
0.499281
0.623314
0.594351
0.548371
0.559377
0.51806
0.308072
0.0885934
0.001
0.00157514
0.0811568
0.339219
0.70701
0.799056
0.754495
0.680813
0.724349
0.779014
0.721268
0.39922
0.105224
0.00121953
0.00121953
0.105224
0.39922
0.721268
0.779014
0.724349
0.680813
0.754495
0.799056
0.70701
0.339219
0.0811568
0.00157514
0.001
0.0885934
0.308072
0.51806
0.559377
0.548371
0.594351
0.623314
0.499281
0.313616
0.100634
0.00284586
0.0118013
0.147157
0.390622
0.537074
0.544998
0.440167
0.436239
0.535634
0.600083
0.445024
0.158363
0.00200006
0.0109933
0.155748
0.457501
0.723617
0.748101
0.547881
0.388119
0.528943
0.712174
0.747137
0.502178
0.169357
0.00575297
0.00575297
0.169357
0.502178
0.747137
0.712174
0.528943
0.388119
0.547881
0.748101
0.723617
0.457501
0.155748
0.0109933
0.00200006
0.158363
0.445024
0.600083
0.535634
0.436239
0.440167
0.544998
0.537074
0.390622
0.147157
0.0118013
0.0178981
0.188969
0.452211
0.531926
0.419819
0.313201
0.301552
0.392275
0.48664
0.398626
0.146441
0.00204529
0.0200676
0.211064
0.502079
0.612728
0.473098
0.257156
0.140371
0.249759
0.478588
0.639639
0.522373
0.202406
0.00881181
0.00881181
0.202406
0.522373
0.639639
0.478588
0.249759
0.140371
0.257156
0.473098
0.612728
0.502079
0.211064
0.0200676
0.00204529
0.146441
0.398626
0.48664
0.392275
0.301552
0.313201
0.419819
0.531926
0.452211
0.188969
0.0178981
0.012186
0.152738
0.366833
0.386947
0.243669
0.135373
0.110864
0.155276
0.206305
0.165658
0.0626659
0.001
0.0156329
0.166679
0.382481
0.389315
0.208999
0.0693161
0.0170105
0.0615438
0.198553
0.383282
0.368436
0.146629
0.00586397
0.00586397
0.146629
0.368436
0.383282
0.198553
0.0615438
0.0170105
0.0693161
0.208999
0.389315
0.382481
0.166679
0.0156329
0.001
0.0626659
0.165658
0.206305
0.155276
0.110864
0.135373
0.243669
0.386947
0.366833
0.152738
0.012186
0.0027516
0.0583108
0.133888
0.138125
0.0701114
0.0201617
0.0033199
0.0100937
0.0158038
0.010959
0.00242339
0.001
0.00423667
0.0614793
0.135592
0.128424
0.052898
0.00858187
0.001
0.00452919
0.0437502
0.114786
0.120648
0.05093
0.00118107
0.00118107
0.05093
0.120648
0.114786
0.0437502
0.00452919
0.001
0.00858187
0.052898
0.128424
0.135592
0.0614793
0.00423667
0.001
0.00242339
0.010959
0.0158038
0.0100937
0.0033199
0.0201617
0.0701114
0.138125
0.133888
0.0583108
0.0027516
0.001
0.001
0.00194927
0.00189294
0.001
0.001
0.001
0.001
0.001
0.001
0.001
0.001
0.001
0.0011527
0.00259108
0.00224476
0.001
0.001
0.001
0.001
0.001
0.001
0.001
0.001
0.001
0.001
0.001
0.001
0.001
0.001
0.001
0.001
0.001
0.001
0.00224476
0.00259108
0.0011527
0.001
0.001
0.001
0.001
0.001
0.001
0.001
0.001
0.001
0.00189294
0.00194927
0.001
0.001
0.001
0.001
0.00194927
0.00189294
0.001
0.001
0.001
0.001
0.001
0.001
0.001
0.001
0.001
0.0011527
0.00259108
0.00224476
0.001
0.001
0.001
0.001
0.001
0.001
0.001
0.001
0.001
0.001
0.001
0.001
0.001
0.001
0.001
0.001
0.001
0.001
0.00224476
0.00259108
0.0011527
0.001
0.001
0.001
0.001
0.001
0.001
0.001
0.001
0.001
0.00189294
0.00194927
0.001
0.001
0.0027516
0.0583108
0.133888
0.138125
0.0701114
0.0201617
0.0033199
0.0100937
0.0158038
0.010959
0.00242339
0.001
0.00423667
0.0614793
0.135592
0.128424
0.052898
0.00858187
0.001
0.00452919
0.0437502
0.114786
0.120648
0.05093
0.00118107
0.00118107
0.05093
0.120648
0.114786
0.0437502
0.00452919
0.001
0.00858187
0.052898
0.128424
0.135592
0.0614793
0.00423667
0.001
0.00242339
0.010959
0.0158038
0.0100937
0.0033199
0.0201617
0.0701114
0.138125
0.133888
0.0583108
0.0027516
0.012186
0.152738
0.366833
0.386947
0.243669
0.135373
0.110864
0.155276
0.206305
0.165658
0.0626659
0.001
0.0156329
0.166679
0.382481
0.389315
0.208999
0.0693161
0.0170105
0.0615438
0.198553
0.383282
0.368436
0.146629
0.00586397
0.00586397
0.146629
0.368436
0.383282
0.198553
0.0615438
0.0170105
0.0693161
0.208999
0.389315
0.382481
0.166679
0.0156329
0.001
0.0626659
0.165658
0.206305
0.155276
0.110864
0.135373
0.243669
0.386947
0.366833
0.152738
0.012186
0.0178981
0.188969
0.452211
0.531926
0.419819
0.313201
0.301552
0.392275
0.48664
0.398626
0.146441
0.00204529
0.0200676
0.211064
0.502079
0.612728
0.473098
0.257156
0.140371
0.249759
0.478588
0.639639
0.522373
0.202406
0.00881181
0.00881181
0.202406
0.522373
0.639639
0.478588
0.249759
0.140371
0.257156
0.473098
0.612728
0.502079
0.211064
0.0200676
0.00204529
0.146441
0.398626
0.48664
0.392275
0.301552
0.313201
0.419819
0.531926
0.452211
0.188969
0.0178981
0.0118013
0.147157
0.390622
0.537074
0.544998
0.440167
0.436239
0.535634
0.600083
0.445024
0.158363
0.00200006
0.0109933
0.155748
0.457501
0.723617
0.748101
0.547881
0.388119
0.528943
0.712174
0.747137
0.502178
0.169357
0.00575297
0.00575297
0.169357
0.502178
0.747137
0.712174
0.528943
0.388119
0.547881
0.748101
0.723617
0.457501
0.155748
0.0109933
0.00200006
0.158363
0.445024
0.600083
0.535634
0.436239
0.440167
0.544998
0.537074
0.390622
0.147157
0.0118013
0.00284586
0.100634
0.313616
0.499281
0.623314
0.594351
0.548371
0.559377
0.51806
0.308072
0.0885934
0.001
0.00157514
0.0811568
0.339219
0.70701
0.799056
0.754495
0.680813
0.724349
0.779014
0.721268
0.39922
0.105224
0.00121953
0.00121953
0.105224
0.39922
0.721268
0.779014
0.724349
0.680813
0.754495
0.799056
0.70701
0.339219
0.0811568
0.00157514
0.001
0.0885934
0.308072
0.51806
0.559377
0.548371
0.594351
0.623314
0.499281
0.313616
0.100634
0.00284586
0.001
0.0517075
0.209084
0.412988
0.609958
0.710491
0.696928
0.622429
0.403496
0.162707
0.0290474
0.001
0.001
0.0252351
0.186755
0.555777
0.789043
0.835616
0.808305
0.835132
0.802102
0.622479
0.253646
0.0434067
0.001
0.001
0.0434067
0.253646
0.622479
0.802102
0.835132
0.808305
0.835616
0.789043
0.555777
0.186755
0.0252351
0.001
0.001
0.0290474
0.162707
0.403496
0.622429
0.696928
0.710491
0.609958
0.412988
0.209084
0.0517075
0.001
0.001
0.0133477
0.106942
0.302209
0.526511
0.763241
0.810945
0.686908
0.340882
0.0804262
0.00269487
0.001
0.001
0.00199474
0.0752841
0.345439
0.728898
0.912868
0.990255
0.925471
0.777658
0.428363
0.126284
0.00888027
0.001
0.001
0.00888027
0.126284
0.428363
0.777658
0.925471
0.990255
0.912868
0.728898
0.345439
0.0752841
0.00199474
0.001
0.001
0.00269487
0.0804262
0.340882
0.686908
0.810945
0.763241
0.526511
0.302209
0.106942
0.0133477
0.001
0.001
0.001
0.039717
0.168848
0.421568
0.794505
0.970082
0.873253
0.417322
0.0929644
0.00361325
0.001
0.001
0.001
0.020223
0.168464
0.562815
0.987837
1
1
0.633348
0.236709
0.0461948
0.001
0.001
0.001
0.001
0.0461948
0.236709
0.633348
1
1
0.987837
0.562815
0.168464
0.020223
0.001
0.001
0.001
0.00361325
0.0929644
0.417322
0.873253
0.970082
0.794505
0.421568
0.168848
0.039717
0.001
0.001
0.001
0.001
0.00567993
0.0704726
0.280569
0.702774
1
1
0.635014
0.188382
0.0243363
0.001
0.001
0.001
0.00116424
0.0855743
0.43393
0.995894
1
1
0.493547
0.124411
0.00852057
0.001
0.001
0.001
0.001
0.00852057
0.124411
0.493547
1
1
0.995894
0.43393
0.0855743
0.00116424
0.001
0.001
0.001
0.0243363
0.188382
0.635014
1
1
0.702774
0.280569
0.0704726
0.00567993
0.001
0.001
0.001
0.001
0.001
0.0224627
0.138711
0.508087
1
1
0.907793
0.344555
0.0660742
0.00198568
0.001
0.001
0.001
0.068375
0.385254
0.989011
1
1
0.436555
0.0956299
0.001
0.001
0.001
0.001
0.001
0.001
0.0956299
0.436555
1
1
0.989011
0.385254
0.068375
0.001
0.001
0.001
0.00198568
0.0660742
0.344555
0.907793
1
1
0.508087
0.138711
0.0224627
0.001
0.001
0.001
0.001
0.001
0.0057625
0.0162093
0.079853
0.364811
0.940735
1
1
0.571622
0.165887
0.0216461
0.001
0.001
0.001
0.0621995
0.381451
1
1
1
0.439369
0.0950608
0.001
0.001
0.001
0.001
0.001
0.001
0.0950608
0.439369
1
1
1
0.381451
0.0621995
0.001
0.001
0.001
0.0216461
0.165887
0.571622
1
1
0.940735
0.364811
0.079853
0.0162093
0.0057625
0.001
0.001
0.001
0.0502771
0.131671
0.183662
0.220749
0.40014
0.79589
1
1
0.889137
0.368413
0.0914726
0.0085038
0.001
0.001
0.0587805
0.40637
1
1
1
0.464015
0.0952351
0.001
0.001
0.001
0.001
0.001
0.001
0.0952351
0.464015
1
1
1
0.40637
0.0587805
0.001
0.001
0.0085038
0.0914726
0.368413
0.889137
1
1
0.79589
0.40014
0.220749
0.183662
0.131671
0.0502771
0.001
0.00504845
0.125977
0.333108
0.431966
0.452348
0.541785
0.723908
1
1
1
0.707299
0.244673
0.0402251
0.00106993
0.001
0.0723779
0.465916
1
1
1
0.485956
0.0950053
0.001
0.001
0.001
0.001
0.001
0.001
0.0950053
0.485956
1
1
1
0.465916
0.0723779
0.001
0.00106993
0.0402251
0.244673
0.707299
1
1
1
0.723908
0.541785
0.452348
0.431966
0.333108
0.125977
0.00504845
0.00822965
0.167191
0.417665
0.549912
0.592499
0.659638
0.742503
1
1
1
1
0.580177
0.157211
0.0170793
0.00160344
0.121141
0.581628
1
1
1
0.493446
0.0943634
0.001
0.001
0.001
0.001
0.001
0.001
0.0943634
0.493446
1
1
1
0.581628
0.121141
0.00160344
0.0170793
0.157211
0.580177
1
1
1
1
0.742503
0.659638
0.592499
0.549912
0.417665
0.167191
0.00822965
0.00582651
0.135671
0.373507
0.519792
0.5687
0.597856
0.637194
0.894062
1
1
1
1
0.50059
0.120748
0.0154849
0.189531
0.726775
1
1
1
0.483614
0.0928513
0.001
0.001
0.001
0.001
0.001
0.001
0.0928513
0.483614
1
1
1
0.726775
0.189531
0.0154849
0.120748
0.50059
1
1
1
1
0.894062
0.637194
0.597856
0.5687
0.519792
0.373507
0.135671
0.00582651
0.00139294
0.0713815
0.225643
0.353919
0.36572
0.331554
0.334098
0.530146
1
1
1
1
1
0.452797
0.122583
0.264141
0.849878
1
1
1
0.462966
0.0899591
0.001
0.001
0.001
0.001
0.001
0.001
0.0899591
0.462966
1
1
1
0.849878
0.264141
0.122583
0.452797
1
1
1
1
1
0.530146
0.334098
0.331554
0.36572
0.353919
0.225643
0.0713815
0.00139294
0.001
0.0146779
0.0615479
0.106696
0.106584
0.0782385
0.0735399
0.199054
0.62373
1
1
1
1
1
0.465601
0.418401
0.931901
1
1
1
0.439876
0.0849702
0.001
0.001
0.001
0.001
0.001
0.001
0.0849702
0.439876
1
1
1
0.931901
0.418401
0.465601
1
1
1
1
1
0.62373
0.199054
0.0735399
0.0782385
0.106584
0.106696
0.0615479
0.0146779
0.001
0.001
0.001
0.001
0.001
0.001
0.001
0.00302206
0.0612732
0.299297
0.807498
1
1
1
1
0.957695
0.675198
0.972357
1
1
1
0.422671
0.0780351
0.001
0.001
0.001
0.001
0.001
0.001
0.0780351
0.422671
1
1
1
0.972357
0.675198
0.957695
1
1
1
1
0.807498
0.299297
0.0612732
0.00302206
0.001
0.001
0.001
0.001
0.001
0.001
0.001
0.001
0.00178313
0.00145943
0.001
0.001
0.001
0.0137826
0.101181
0.385689
0.966354
1
1
1
1
1
1
1
1
1
0.447932
0.0854571
0.00124991
0.001
0.001
0.001
0.001
0.00124991
0.0854571
0.447932
1
1
1
1
1
1
1
1
1
0.966354
0.385689
0.101181
0.0137826
0.001
0.001
0.001
0.00145943
0.00178313
0.001
0.001
0.00310167
0.0600019
0.135694
0.127
0.0494315
0.00698344
0.001
0.001
0.0143307
0.126052
0.532114
1
1
1
1
1
1
1
1
1
0.570132
0.1429
0.00976595
0.001
0.001
0.001
0.001
0.00976595
0.1429
0.570132
1
1
1
1
1
1
1
1
1
0.532114
0.126052
0.0143307
0.001
0.001
0.00698344
0.0494315
0.127
0.135694
0.0600019
0.00310167
0.0121722
0.156604
0.374794
0.378592
0.201492
0.0723071
0.0129074
0.001
0.001
0.027938
0.241428
0.77065
1
1
1
1
1
1
1
1
0.792478
0.251657
0.0247105
0.001
0.001
0.001
0.001
0.0247105
0.251657
0.792478
1
1
1
1
1
1
1
1
0.77065
0.241428
0.027938
0.001
0.001
0.0129074
0.0723071
0.201492
0.378592
0.374794
0.156604
0.0121722
0.0172684
0.189377
0.455581
0.534053
0.405077
0.235241
0.112206
0.0849164
0.0990307
0.122282
0.221849
0.491948
1
1
1
1
1
1
1
1
0.954291
0.344492
0.0481256
0.00837578
0.0111909
0.0111909
0.00837578
0.0481256
0.344492
0.954291
1
1
1
1
1
1
1
1
0.491948
0.221849
0.122282
0.0990307
0.0849164
0.112206
0.235241
0.405077
0.534053
0.455581
0.189377
0.0172684
0.0128782
0.149364
0.377443
0.527216
0.557091
0.567121
0.568778
0.618678
0.673325
0.713065
0.742856
0.77032
1
1
1
1
1
1
1
1
1
1
1
0.741555
0.205178
0.205178
0.741555
1
1
1
1
1
1
1
1
1
1
1
0.77032
0.742856
0.713065
0.673325
0.618678
0.568778
0.567121
0.557091
0.527216
0.377443
0.149364
0.0128782
0.00747522
0.12762
0.33622
0.514668
0.672058
0.849477
1
1
1
1
1
1
1
1
1
1
1
1
1
1
1
1
1
1
0.446305
0.446305
1
1
1
1
1
1
1
1
1
1
1
1
1
1
1
1
1
1
0.849477
0.672058
0.514668
0.33622
0.12762
0.00747522
