0.001
0.001
0.268357
0.987562
0.998535
1
1
1
1
1
1
1
1
1
1
1
1
1
1
1
1
1
1
1
0.391573
0.391831
1
1
1
1
1
1
1
1
1
1
1
1
1
1
1
1
1
1
1
0.998535
0.987562
0.26834
0.001
0.001
0.001
0.001
0.252527
0.748436
0.837763
0.994677
0.888132
0.847186
0.900491
0.918234
0.939318
0.99076
1
1
1
1
1
1
1
1
1
1
1
0.698595
0.207298
0.207355
0.698989
1
1
1
1
1
1
1
1
1
1
1
0.990758
0.939318
0.918236
0.900494
0.847187
0.888132
0.994677
0.837763
0.748435
0.252502
0.001
0.001
0.001
0.001
0.120008
0.293254
0.299677
0.219382
0.23829
0.229797
0.161171
0.148715
0.180475
0.460957
1
1
1
1
1
1
1
1
0.645917
0.08344
0.0366641
0.0578046
0.0333542
0.0333065
0.0577234
0.0366214
0.0837202
0.647153
1
1
1
1
1
1
1
1
0.459998
0.17884
0.14695
0.159662
0.228936
0.238018
0.219362
0.299623
0.293202
0.119989
0.001
0.001
0.001
0.001
0.001
0.001
0.001
0.001
0.001
0.001
0.001
0.001
0.0742421
0.638552
1
1
1
1
1
1
1
1
0.4002
0.0227721
0.001
0.001
0.001
0.001
0.001
0.001
0.02291
0.401007
1
1
1
1
1
1
1
1
0.639453
0.0745711
0.001
0.001
0.001
0.001
0.001
0.001
0.001
0.001
0.001
0.001
0.001
0.001
0.001
0.001
0.001
0.001
0.001
0.001
0.001
0.0404446
0.293604
1
1
1
1
1
1
1
1
0.999288
0.242014
0.00122032
0.001
0.001
0.001
0.001
0.001
0.001
0.00123128
0.242644
1
1
1
1
1
1
1
1
1
0.294172
0.0406931
0.001
0.001
0.001
0.001
0.001
0.001
0.001
0.001
0.001
0.001
0.001
0.001
0.001
0.001
0.001
0.001
0.001
0.00811579
0.163798
0.738264
1
1
1
1
1
1
1
1
0.798566
0.178993
0.001
0.001
0.001
0.001
0.001
0.001
0.001
0.001
0.179729
0.800618
1
1
1
1
1
1
1
1
0.739434
0.164828
0.0083765
0.001
0.001
0.001
0.001
0.001
0.001
0.001
0.001
0.001
0.001
0.001
0.001
0.001
0.094197
0.251956
0.282818
0.233782
0.486595
1
1
1
1
1
1
1
1
1
0.675801
0.136361
0.001
0.001
0.001
0.001
0.001
0.001
0.001
0.001
0.137103
0.67795
1
1
1
1
1
1
1
1
1
0.487581
0.235824
0.29583
0.268211
0.101342
0.001
0.001
0.001
0.001
0.001
0.001
0.001
0.001
0.001
0.001
0.242438
0.703616
0.788611
0.69958
0.973097
1
1
1
1
1
1
1
1
1
0.737307
0.149845
0.001
0.001
0.001
0.001
0.001
0.001
0.001
0.001
0.150288
0.739102
1
1
1
1
1
1
1
1
1
0.973347
0.704132
0.787337
0.74119
0.256399
0.001
0.001
0.001
0.001
0.001
0.001
0.001
0.001
0.001
0.001
0.23167
0.75199
0.875085
0.984839
1
1
1
1
1
1
0.579881
1
1
1
0.96671
0.214745
0.001
0.001
0.001
0.001
0.001
0.001
0.001
0.001
0.214882
0.967711
1
1
1
0.580057
1
1
1
1
1
1
0.984519
0.875085
0.746161
0.241097
0.001
0.001
0.001
0.001
0.001
0.001
0.001
0.001
0.001
0.001
0.0788779
0.364798
0.816686
1
1
1
1
1
1
0.457977
0.188914
0.644395
1
1
1
0.281142
0.00421809
0.001
0.001
0.001
0.001
0.001
0.001
0.00431127
0.281579
1
1
1
0.645059
0.189352
0.457637
1
1
1
1
1
1
0.816528
0.365487
0.0791619
0.001
0.001
0.001
0.001
0.001
0.001
0.001
0.001
0.001
0.001
0.00619627
0.225916
0.671424
1
1
1
1
1
0.623476
0.110097
0.0109942
0.340711
1
1
1
0.431466
0.0501361
0.001
0.001
0.001
0.001
0.001
0.001
0.0502769
0.432525
1
1
1
0.341235
0.0111857
0.109781
0.622645
1
1
1
1
1
0.671838
0.226198
0.00626948
0.001
0.001
0.001
0.001
0.001
0.001
0.001
0.001
0.001
0.0126446
0.160006
0.548336
1
1
1
1
1
0.883904
0.239776
0.0148358
0.001
0.209783
0.985655
1
1
0.714747
0.137743
0.001
0.001
0.001
0.001
0.001
0.001
0.137936
0.715849
1
1
0.986189
0.209649
0.001
0.0147694
0.239516
0.883431
1
1
1
1
1
0.548338
0.160215
0.0126519
0.001
0.001
0.001
0.001
0.001
0.0949849
0.268758
0.358247
0.396694
0.615372
0.964414
1
1
1
1
1
0.494985
0.0648061
0.001
0.001
0.11396
0.690252
1
1
0.869194
0.193762
0.00148086
0.001
0.001
0.001
0.001
0.00144166
0.193844
0.870158
1
1
0.690008
0.113858
0.001
0.001
0.0647326
0.494602
1
1
1
1
1
0.964414
0.61511
0.397299
0.357281
0.266674
0.0938835
0.001
0.001
0.254736
0.763644
0.899837
0.995628
1
1
1
1
1
1
1
0.421831
0.00473971
0.001
0.001
0.0304285
0.404876
1
1
0.908024
0.29929
0.0243816
0.001
0.001
0.001
0.001
0.0245658
0.298515
0.9089
1
1
0.403077
0.0304544
0.001
0.001
0.00471779
0.42141
1
1
1
1
1
1
1
0.995416
0.899875
0.76431
0.247824
0.001
0.001
0.252129
0.750067
0.901327
1
0.936806
0.906406
1
1
1
1
1
0.415803
0.001
0.001
0.001
0.00662281
0.252099
0.8
0.943336
0.825799
0.46639
0.107146
0.00461266
0.001
0.001
0.00492531
0.109225
0.468382
0.826557
0.944192
0.8
0.250086
0.00663022
0.001
0.001
0.001
0.415376
1
1
1
1
1
0.906406
0.936806
1
0.901636
0.732259
0.242648
0.001
0.001
0.091308
0.255151
0.339575
0.441334
0.619552
0.897607
1
1
1
1
1
0.331641
0.001
0.001
0.001
0.0618186
0.317199
0.8
0.8
0.8
0.792245
0.348977
0.182453
0.0567625
0.053271
0.181912
0.354879
0.792245
0.8
0.8
0.8
0.315859
0.0615966
0.001
0.001
0.001
0.331335
1
1
1
1
1
0.898565
0.619264
0.44107
0.333018
0.245663
0.0865442
0.001
0.001
0.001
0.001
0.001
0.0334685
0.243565
0.690843
1
1
1
1
1
0.306838
0.0120751
0.001
0.001
0.169061
0.56213
0.660639
0.743307
0.8
0.8
0.730653
0.565943
0.217707
0.202628
0.540566
0.730653
0.8
0.8
0.743307
0.660363
0.562474
0.168794
0.001
0.001
0.0120432
0.306627
1
1
1
1
1
0.691589
0.243886
0.0335625
0.001
0.001
0.001
0.001
0.001
0.001
0.001
0.00257428
0.115507
0.428821
0.782003
0.8
0.770601
0.8
0.758137
0.8
0.40698
0.110925
0.00162568
0.001
0.180249
0.561144
0.599756
0.720535
0.596629
0.710426
0.756644
0.633455
0.257127
0.233522
0.598151
0.756644
0.710426
0.596629
0.720535
0.599836
0.560613
0.180021
0.001
0.00162261
0.110914
0.406693
0.8
0.758056
0.8
0.770601
0.8
0.782003
0.428948
0.115516
0.00256636
0.001
0.001
0.001
0.001
0.001
0.001
0.0439721
0.258955
0.706595
0.8
0.8
0.705848
0.701664
0.694181
0.773609
0.596423
0.262463
0.0433552
0.001
0.07553
0.215726
0.238974
0.151707
0.124065
0.145249
0.233106
0.240067
0.114481
0.100569
0.215789
0.217356
0.147263
0.124028
0.151568
0.238661
0.215403
0.075416
0.001
0.0432971
0.262382
0.596423
0.773609
0.694164
0.701664
0.705848
0.8
0.8
0.706595
0.258893
0.0439096
0.001
0.001
0.001
0.001
0.001
0.001
0.0935309
0.653651
0.8
0.8
0.660168
0.248356
0.412732
0.640188
0.715271
0.788045
0.612137
0.157893
0.001
0.001
0.0019989
0.00257571
0.00208141
0.00114832
0.00177658
0.00205685
0.00157829
0.001
0.001
0.00164114
0.00215501
0.00187311
0.0011947
0.00208018
0.00257418
0.00199834
0.001
0.001
0.157943
0.61221
0.78803
0.715271
0.639911
0.412526
0.248272
0.660168
0.8
0.8
0.653651
0.0935105
0.001
0.001
0.001
0.001
0.001
0.001
0.149824
0.770005
0.781108
0.658156
0.199987
0.0672816
0.18314
0.470289
0.668246
0.734403
0.59539
0.192817
0.00122301
0.001
0.001
0.001
0.001
0.001
0.001
0.001
0.001
0.001
0.001
0.001
0.001
0.001
0.001
0.001
0.001
0.001
0.001
0.00122374
0.193022
0.595122
0.734339
0.668246
0.470433
0.183214
0.0672618
0.199994
0.658156
0.781108
0.770005
0.149855
0.001
0.001
0.001
0.001
0.001
0.001
0.141004
0.65184
0.667491
0.172609
0.0385609
0.00101905
0.0443673
0.121692
0.14639
0.182704
0.195942
0.0918986
0.001
0.001
0.001
0.001
0.001
0.001
0.001
0.001
0.001
0.001
0.001
0.001
0.001
0.001
0.001
0.001
0.001
0.001
0.001
0.001
0.0920599
0.196228
0.182872
0.146402
0.121732
0.0444003
0.00101678
0.038558
0.172631
0.667492
0.65184
0.141023
0.001
0.001
0.001
0.001
0.001
0.001
0.0641663
0.144945
0.125232
0.0364835
0.001
0.001
0.001
0.001
0.00111663
0.00191564
0.00198158
0.00126538
0.001
0.001
0.001
0.001
0.001
0.001
0.001
0.001
0.001
0.001
0.001
0.001
0.001
0.001
0.001
0.001
0.001
0.001
0.001
0.001
0.00126868
0.00198595
0.00191914
0.0011179
0.001
0.001
0.001
0.001
0.036487
0.125249
0.144966
0.0641746
0.001
0.001
0.001
0.001
0.001
0.001
0.001
0.001
0.001
0.001
0.001
0.001
0.001
0.001
0.001
0.001
0.001
0.001
0.001
0.001
0.001
0.001
0.001
0.001
0.001
0.001
0.001
0.001
0.001
0.001
0.001
0.001
0.001
0.001
0.001
0.001
0.001
0.001
0.001
0.001
0.001
0.001
0.001
0.001
0.001
0.001
0.001
0.001
0.001
0.001
0.001
0.001
0.001
0.001
0.001
0.001
0.001
0.001
0.001
0.001
0.001
0.001
0.001
0.001
0.001
0.001
0.001
0.001
0.001
0.001
0.001
0.001
0.001
0.001
0.001
0.001
0.001
0.001
0.001
0.001
0.001
0.001
0.001
0.001
0.001
0.001
0.001
0.001
0.001
0.001
0.001
0.001
0.001
0.001
0.001
0.001
0.001
0.001
0.001
0.001
0.001
0.001
0.001
0.001
0.001
0.001
0.001
0.001
0.001
0.001
0.001
0.001
0.001
0.001
0.001
0.001
0.001
0.001
0.001
0.001
0.001
0.001
0.001
0.001
0.001
0.001
0.001
0.001
0.001
0.001
0.001
0.001
0.001
0.001
0.001
0.001
0.001
0.001
0.001
0.001
0.001
0.001
0.001
0.001
0.001
0.001
0.001
0.001
0.001
0.001
0.001
0.001
0.001
0.001
0.001
0.001
0.001
0.001
0.001
0.001
0.001
0.001
0.001
0.001
0.001
0.001
0.001
0.001
0.001
0.001
0.001
0.001
0.001
0.001
0.001
0.001
0.001
0.001
0.001
0.001
0.001
0.001
0.001
0.001
0.001
0.001
0.001
0.001
0.001
0.001
0.001
0.001
0.001
0.001
0.001
0.001
0.001
0.001
0.001
0.001
0.001
0.001
0.001
0.001
0.001
0.001
0.0641818
0.144981
0.125262
0.0364906
0.001
0.001
0.001
0.001
0.00112035
0.001923
0.00198972
0.00127093
0.001
0.001
0.001
0.001
0.001
0.001
0.001
0.001
0.001
0.001
0.001
0.001
0.001
0.001
0.001
0.001
0.001
0.001
0.001
0.001
0.00127527
0.00199594
0.00192845
0.00112284
0.001
0.001
0.001
0.001
0.0364817
0.125222
0.144932
0.0641598
0.001
0.001
0.001
0.001
0.001
0.001
0.14104
0.65184
0.667491
0.172648
0.0385612
0.00101659
0.0443864
0.121721
0.146415
0.182931
0.196281
0.0920849
0.001
0.001
0.001
0.001
0.001
0.001
0.001
0.001
0.001
0.001
0.001
0.001
0.001
0.001
0.001
0.001
0.001
0.001
0.001
0.001
0.0921697
0.196413
0.182982
0.146435
0.121796
0.0444269
0.0010191
0.0385552
0.172587
0.667491
0.65184
0.140988
0.001
0.001
0.001
0.001
0.001
0.001
0.149877
0.770005
0.781108
0.658156
0.200011
0.0672787
0.183175
0.470303
0.668246
0.734329
0.595095
0.193059
0.00122603
0.001
0.001
0.001
0.001
0.001
0.001
0.001
0.001
0.001
0.001
0.001
0.001
0.001
0.001
0.001
0.001
0.001
0.001
0.0012266
0.193068
0.594844
0.734268
0.668246
0.470367
0.183234
0.0672641
0.199915
0.658156
0.781108
0.770005
0.149799
0.001
0.001
0.001
0.001
0.001
0.001
0.0935118
0.653651
0.8
0.8
0.660168
0.248324
0.412781
0.640095
0.715271
0.788027
0.612217
0.157949
0.001
0.001
0.00201537
0.00257832
0.00206538
0.00110349
0.00207719
0.00260395
0.00212984
0.001
0.001
0.00229497
0.00278189
0.00218993
0.00110355
0.00221723
0.00281316
0.00222743
0.001
0.001
0.157817
0.612287
0.788013
0.715271
0.639907
0.412597
0.248128
0.660168
0.8
0.8
0.653651
0.093498
0.001
0.001
0.001
0.001
0.001
0.001
0.0438938
0.2589
0.706595
0.8
0.8
0.705848
0.701664
0.694156
0.773609
0.596423
0.262295
0.0432776
0.001
0.0761322
0.216092
0.238196
0.150417
0.123064
0.14835
0.203708
0.192925
0.0869536
0.0839355
0.18916
0.203303
0.150241
0.123174
0.151676
0.234389
0.208147
0.0715962
0.001
0.0431631
0.261878
0.596423
0.773609
0.694141
0.701664
0.705848
0.8
0.8
0.706595
0.258838
0.0439458
0.001
0.001
0.001
0.001
0.001
0.001
0.00256509
0.11554
0.428986
0.782003
0.8
0.770601
0.8
0.758058
0.8
0.406849
0.110885
0.00162187
0.001
0.180938
0.559376
0.599858
0.720535
0.596629
0.710426
0.756644
0.561086
0.205967
0.19834
0.571537
0.756644
0.710426
0.596629
0.720535
0.599939
0.552169
0.173283
0.001
0.00161466
0.1107
0.406571
0.8
0.757982
0.8
0.770601
0.8
0.782003
0.429101
0.115446
0.00257265
0.001
0.001
0.001
0.001
0.001
0.001
0.001
0.0336837
0.244007
0.691665
1
1
1
1
1
0.306619
0.0120576
0.001
0.001
0.168978
0.564083
0.660369
0.743307
0.8
0.8
0.730653
0.500124
0.183025
0.176553
0.489076
0.730653
0.8
0.8
0.743307
0.660099
0.564272
0.165103
0.001
0.001
0.0119975
0.306322
1
1
1
1
1
0.691507
0.243829
0.0334165
0.001
0.001
0.001
0.001
0.001
0.0858738
0.244644
0.332741
0.441609
0.619368
0.898772
1
1
1
1
1
0.331318
0.001
0.001
0.001
0.0613612
0.316321
0.8
0.8
0.8
0.792245
0.346576
0.174609
0.0523815
0.0514308
0.172343
0.346859
0.792245
0.8
0.8
0.8
0.318861
0.0620553
0.001
0.001
0.001
0.331046
1
1
1
1
1
0.899672
0.618712
0.44162
0.341074
0.257329
0.0924501
0.001
0.001
0.241093
0.728445
0.901571
1
0.936806
0.906406
1
1
1
1
1
0.415319
0.001
0.001
0.001
0.00652128
0.25187
0.8
0.945028
0.826267
0.466522
0.106759
0.00480631
0.001
0.001
0.0047703
0.107221
0.468482
0.829202
0.948334
0.8
0.253165
0.00669913
0.001
0.001
0.001
0.415148
1
1
1
1
1
0.906406
0.936806
1
0.902162
0.754381
0.253815
0.001
0.001
0.246351
0.76428
0.899965
0.99537
1
1
1
1
1
1
1
0.421328
0.00472929
0.001
0.001
0.0303971
0.404568
1
1
0.90807
0.298286
0.0237908
0.001
0.001
0.001
0.001
0.0240989
0.299943
0.910869
1
1
0.406259
0.0307662
0.001
0.001
0.00470064
0.42146
1
1
1
1
1
1
1
0.995092
0.899977
0.768874
0.254966
0.001
0.001
0.0933241
0.265444
0.356341
0.397387
0.615417
0.964414
1
1
1
1
1
0.494558
0.0647586
0.001
0.001
0.11386
0.690142
1
1
0.869648
0.193794
0.00146039
0.001
0.001
0.001
0.001
0.00148869
0.194699
0.872441
1
1
0.692186
0.114274
0.001
0.001
0.0646453
0.494626
1
1
1
1
1
0.964414
0.615535
0.398776
0.358418
0.26728
0.0940134
0.001
0.001
0.001
0.001
0.001
0.0127161
0.16034
0.548164
1
1
1
1
1
0.883464
0.239531
0.0147735
0.001
0.209714
0.9858
1
1
0.714562
0.137561
0.001
0.001
0.001
0.001
0.001
0.001
0.137838
0.716067
1
1
0.988369
0.210229
0.001
0.0147552
0.239277
0.882954
1
1
1
1
1
0.549095
0.160366
0.0127088
0.001
0.001
0.001
0.001
0.001
0.001
0.001
0.001
0.001
0.0062908
0.225567
0.670621
1
1
1
1
1
0.622585
0.109775
0.0110725
0.340796
1
1
1
0.431497
0.0500126
0.001
0.001
0.001
0.001
0.001
0.001
0.0499786
0.432038
1
1
1
0.341909
0.011171
0.109661
0.622063
1
1
1
1
1
0.671518
0.225907
0.00622315
0.001
0.001
0.001
0.001
0.001
0.001
0.001
0.001
0.001
0.001
0.0786522
0.364215
0.813914
1
1
1
1
1
1
0.457616
0.189109
0.644189
1
1
1
0.281218
0.00428219
0.001
0.001
0.001
0.001
0.001
0.001
0.00426875
0.281338
1
1
1
0.645789
0.189247
0.457363
1
1
1
1
1
1
0.812674
0.364182
0.0784157
0.001
0.001
0.001
0.001
0.001
0.001
0.001
0.001
0.001
0.001
0.238666
0.740726
0.875085
0.984494
1
1
1
1
1
1
0.579821
1
1
1
0.966823
0.214725
0.001
0.001
0.001
0.001
0.001
0.001
0.001
0.001
0.214716
0.968061
1
1
1
0.579923
1
1
1
1
1
1
0.984975
0.875085
0.746405
0.233798
0.001
0.001
0.001
0.001
0.001
0.001
0.001
0.001
0.001
0.001
0.25383
0.741238
0.788286
0.708949
0.974688
1
1
1
1
1
1
1
1
1
0.738034
0.150067
0.001
0.001
0.001
0.001
0.001
0.001
0.001
0.001
0.150098
0.739034
1
1
1
1
1
1
1
1
1
0.974695
0.70589
0.789572
0.721723
0.246893
0.001
0.001
0.001
0.001
0.001
0.001
0.001
0.001
0.001
0.001
0.100541
0.268217
0.298685
0.239298
0.489489
1
1
1
1
1
1
1
1
1
0.676804
0.136794
0.001
0.001
0.001
0.001
0.001
0.001
0.001
0.001
0.136631
0.677501
1
1
1
1
1
1
1
1
1
0.48981
0.23796
0.290947
0.259465
0.0971501
0.001
0.001
0.001
0.001
0.001
0.001
0.001
0.001
0.001
0.001
0.001
0.001
0.001
0.00847467
0.165163
0.739863
1
1
1
1
1
1
1
1
0.799637
0.17949
0.001
0.001
0.001
0.001
0.001
0.001
0.001
0.001
0.179226
0.800087
1
1
1
1
1
1
1
1
0.740273
0.165466
0.00848561
0.001
0.001
0.001
0.001
0.001
0.001
0.001
0.001
0.001
0.001
0.001
0.001
0.001
0.001
0.001
0.001
0.001
0.040694
0.294085
1
1
1
1
1
1
1
1
0.999899
0.242433
0.001231
0.001
0.001
0.001
0.001
0.001
0.001
0.0012177
0.242277
1
1
1
1
1
1
1
1
1
0.294337
0.0408269
0.001
0.001
0.001
0.001
0.001
0.001
0.001
0.001
0.001
0.001
0.001
0.001
0.001
0.001
0.001
0.001
0.001
0.001
0.001
0.074455
0.639168
1
1
1
1
1
1
1
1
0.400682
0.0228828
0.001
0.001
0.001
0.001
0.001
0.001
0.0227779
0.40069
1
1
1
1
1
1
1
1
0.639887
0.0745912
0.001
0.001
0.001
0.001
0.001
0.001
0.001
0.001
0.001
0.001
0.001
0.001
0.120005
0.293236
0.299652
0.219379
0.238025
0.228914
0.159612
0.146896
0.178735
0.459793
1
1
1
1
1
1
1
1
0.646615
0.0836413
0.0365954
0.0576821
0.0332826
0.0333262
0.0577565
0.0366369
0.0835129
0.646809
1
1
1
1
1
1
1
1
0.461194
0.180126
0.148231
0.160726
0.229468
0.238109
0.219275
0.299528
0.293114
0.119954
0.001
0.001
0.001
0.001
0.252538
0.748436
0.837763
0.994677
0.888132
0.847199
0.900508
0.918248
0.939318
0.990767
1
1
1
1
1
1
1
1
1
1
1
0.698582
0.207235
0.207265
0.698626
1
1
1
1
1
1
1
1
1
1
1
0.990765
0.939318
0.918251
0.900511
0.847201
0.888132
0.994677
0.837763
0.748435
0.252428
0.001
0.001
0.001
0.001
0.268375
0.987562
0.998535
1
1
1
1
1
1
1
1
1
1
1
1
1
1
1
1
1
1
1
0.39161
0.391572
1
1
1
1
1
1
1
1
1
1
1
1
1
1
1
1
1
1
1
0.998535
0.987562
0.26826
0.001
0.001
