0.001
0.001
0.164111
0.787562
0.798535
0.8
0.8
0.918526
0.959303
0.969256
0.972223
0.987538
1
1
1
1
1
1
1
1
1
1
1
1
0.376714
0.37648
1
1
1
1
1
1
1
1
1
1
1
1
0.985676
0.969967
0.96686
0.956821
0.91609
0.8
0.8
0.798535
0.787562
0.16359
0.001
0.001
0.001
0.001
0.170689
0.548436
0.637763
0.794677
0.688132
0.647186
0.700491
0.718234
0.739318
0.79076
1
1
1
1
1
1
1
1
1
1
1
0.666174
0.195977
0.195913
0.665758
1
1
1
1
1
1
1
1
1
1
1
0.790758
0.739318
0.718236
0.700494
0.647187
0.688132
0.794677
0.637763
0.548435
0.170135
0.001
0.001
0.001
0.001
0.0880204
0.19834
0.18354
0.110457
0.129152
0.149549
0.131681
0.130074
0.153339
0.419882
1
1
1
1
1
1
1
1
0.626026
0.0823355
0.0322341
0.0504014
0.0290394
0.0290773
0.0504659
0.0322658
0.0820555
0.624671
1
1
1
1
1
1
1
1
0.419352
0.152677
0.129385
0.131027
0.148967
0.128713
0.11008
0.182898
0.197657
0.0877234
0.001
0.001
0.001
0.001
0.001
0.00114536
0.00110828
0.001
0.001
0.001
0.001
0.001
0.0720448
0.61008
1
1
1
1
1
1
1
1
0.385055
0.0232928
0.001
0.001
0.001
0.001
0.001
0.001
0.0231726
0.384094
1
1
1
1
1
1
1
1
0.610164
0.0720911
0.001
0.001
0.001
0.001
0.001
0.00109753
0.00113456
0.001
0.001
0.001
0.001
0.001
0.001
0.001
0.001
0.001
0.001
0.001
0.001
0.0389989
0.281139
0.999743
1
1
1
1
1
1
1
0.950001
0.229599
0.00132991
0.001
0.001
0.001
0.001
0.001
0.001
0.00132424
0.228823
0.948952
1
1
1
1
1
1
1
1
0.281352
0.0391511
0.001
0.001
0.001
0.001
0.001
0.001
0.001
0.001
0.001
0.001
0.001
0.001
0.001
0.001
0.001
0.001
0.001
0.00598501
0.158398
0.71241
1
1
1
1
1
1
1
1
0.768184
0.173172
0.001
0.001
0.001
0.001
0.001
0.001
0.001
0.001
0.172382
0.765797
1
1
1
1
1
1
1
1
0.712819
0.158771
0.00599448
0.001
0.001
0.001
0.001
0.001
0.001
0.001
0.001
0.001
0.001
0.001
0.001
0.001
0.0888555
0.21243
0.215667
0.185552
0.479466
1
1
1
1
1
1
1
1
1
0.654388
0.137308
0.001
0.001
0.001
0.001
0.001
0.001
0.001
0.001
0.136417
0.651682
1
1
1
1
1
1
1
1
1
0.478885
0.182948
0.205901
0.202185
0.084863
0.001
0.001
0.001
0.001
0.001
0.001
0.001
0.001
0.001
0.001
0.213046
0.565586
0.588611
0.543312
0.946054
1
1
1
1
1
0.991778
1
1
1
0.680246
0.13776
0.001
0.001
0.001
0.001
0.001
0.001
0.001
0.001
0.137277
0.678173
1
1
1
0.992476
1
1
1
1
1
0.946425
0.541061
0.589698
0.531963
0.201672
0.001
0.001
0.001
0.001
0.001
0.001
0.001
0.001
0.001
0.001
0.192694
0.538209
0.675085
0.784839
1
1
1
1
1
0.963092
0.526115
0.89254
1
1
0.854905
0.185244
0.001
0.001
0.001
0.001
0.001
0.001
0.001
0.001
0.185385
0.854419
1
1
0.894198
0.526031
0.963553
1
1
1
1
1
0.784519
0.675085
0.553368
0.180953
0.001
0.001
0.001
0.001
0.001
0.001
0.001
0.001
0.001
0.001
0.0601622
0.231913
0.612961
0.868164
1
1
1
1
1
0.432109
0.163935
0.576719
1
1
0.96348
0.25129
0.00551597
0.001
0.001
0.001
0.001
0.001
0.001
0.00538497
0.250952
0.964299
1
1
0.575535
0.163554
0.432101
1
1
1
1
1
0.87116
0.611663
0.226393
0.0557994
0.001
0.001
0.001
0.001
0.001
0.001
0.001
0.001
0.001
0.001
0.00983137
0.160685
0.546356
0.999849
1
1
1
1
0.593813
0.107379
0.0130546
0.313977
1
1
1
0.397529
0.0498578
0.001
0.001
0.001
0.001
0.001
0.001
0.0496767
0.396634
1
1
1
0.313492
0.0127836
0.10723
0.59346
1
1
1
1
0.999035
0.550132
0.163043
0.00980692
0.001
0.001
0.001
0.001
0.001
0.001
0.001
0.00134658
0.0023522
0.0186711
0.12468
0.382562
0.8
1
1
1
1
0.826187
0.227595
0.0145657
0.001
0.183764
0.876265
1
1
0.642732
0.128773
0.001
0.001
0.001
0.001
0.001
0.001
0.128744
0.643006
1
1
0.878253
0.184518
0.001
0.0145042
0.227437
0.825798
1
1
1
1
0.8
0.382418
0.124107
0.0184337
0.00234509
0.0013509
0.001
0.001
0.001
0.0688544
0.186806
0.23735
0.261834
0.415372
0.764414
0.82678
0.985005
1
1
0.980625
0.434255
0.0637717
0.001
0.001
0.102548
0.620206
1
1
0.797203
0.188972
0.001
0.001
0.001
0.001
0.001
0.001
0.189613
0.798918
1
1
0.622793
0.102788
0.001
0.001
0.0637653
0.433964
0.979924
1
1
0.984009
0.826073
0.764414
0.41511
0.261205
0.237958
0.187879
0.0694597
0.001
0.001
0.198768
0.567443
0.699837
0.795628
0.8
0.8
0.8
0.84976
0.95769
0.973437
0.8
0.288741
0.00802345
0.001
0.001
0.0325335
0.431197
1
1
1
0.387664
0.0205961
0.001
0.001
0.001
0.001
0.0212194
0.393735
1
1
1
0.437633
0.0320275
0.001
0.001
0.00801696
0.288452
0.8
0.972656
0.956969
0.84919
0.8
0.8
0.8
0.795416
0.699875
0.566472
0.195786
0.001
0.001
0.206407
0.574155
0.701327
0.8
0.736806
0.706406
0.8
0.8
0.809984
0.802115
0.8
0.227732
0.00272092
0.001
0.001
0.00421957
0.349684
1
1
1
0.66639
0.141236
0.00204832
0.001
0.001
0.00193371
0.140118
0.668382
1
1
1
0.357245
0.00403333
0.001
0.001
0.00271671
0.227494
0.8
0.801643
0.809492
0.8
0.8
0.706406
0.736806
0.8
0.701636
0.563242
0.200659
0.001
0.001
0.0796547
0.202968
0.245706
0.286057
0.419552
0.697607
0.8
0.8
0.8
0.8
0.8
0.176629
0.00195068
0.001
0.001
0.0717559
0.463269
1
1
1
0.992245
0.507825
0.185464
0.0376076
0.0450435
0.195453
0.507121
0.992245
1
1
1
0.469664
0.0722652
0.001
0.001
0.00194492
0.176431
0.8
0.8
0.8
0.8
0.8
0.698565
0.419264
0.28525
0.241021
0.196393
0.0763299
0.001
0.001
0.001
0.001
0.002727
0.0320042
0.29669
0.846729
1
1
0.949779
1
0.884678
0.269881
0.00998653
0.001
0.001
0.196443
0.760283
0.860639
0.943307
1
1
0.930653
0.596308
0.189
0.205862
0.627221
0.930653
1
1
0.943307
0.860363
0.763048
0.19664
0.001
0.001
0.00993321
0.269656
0.88471
1
0.949584
1
1
0.846824
0.296683
0.0317979
0.00270622
0.001
0.001
0.001
0.001
0.001
0.001
0.001
0.144934
0.628821
0.982003
1
0.970601
1
0.958137
1
0.60698
0.166092
0.001
0.001
0.204332
0.727266
0.799756
0.920535
0.796629
0.910426
0.956644
0.721919
0.240529
0.258002
0.72016
0.956644
0.910426
0.796629
0.920535
0.799836
0.735736
0.20364
0.001
0.001
0.165996
0.606693
1
0.958056
1
0.970601
1
0.982003
0.628948
0.144823
0.001
0.001
0.001
0.001
0.001
0.001
0.001
0.0662719
0.415143
0.906595
1
1
0.905848
0.901664
0.894181
0.973609
0.796423
0.426431
0.0651832
0.001
0.0815389
0.273581
0.345382
0.274318
0.254965
0.289639
0.319736
0.265487
0.113677
0.120835
0.275803
0.323315
0.283497
0.253589
0.274538
0.344381
0.271935
0.080938
0.001
0.065073
0.426182
0.796423
0.973609
0.894164
0.901664
0.905848
1
1
0.906595
0.414886
0.0662281
0.001
0.001
0.001
0.001
0.001
0.001
0.15976
0.853651
1
1
0.860168
0.403383
0.612732
0.840188
0.915271
0.988045
0.812137
0.247686
0.001
0.001
0.001
0.001
0.001
0.001
0.001
0.001
0.001
0.001
0.001
0.001
0.001
0.001
0.001
0.001
0.001
0.001
0.001
0.001
0.247613
0.81221
0.98803
0.915271
0.839911
0.612526
0.403071
0.860168
1
1
0.853651
0.159671
0.001
0.001
0.001
0.001
0.001
0.001
0.265947
0.970005
0.981108
0.858156
0.354569
0.096119
0.204114
0.659327
0.868246
0.934403
0.79539
0.302922
0.001
0.001
0.001
0.001
0.001
0.001
0.001
0.001
0.001
0.001
0.001
0.001
0.001
0.001
0.001
0.001
0.001
0.001
0.001
0.001
0.302996
0.795122
0.934339
0.868246
0.659474
0.204198
0.0960705
0.354439
0.858156
0.981108
0.970005
0.265858
0.001
0.001
0.001
0.001
0.001
0.001
0.248905
0.85184
0.867491
0.304201
0.0662564
0.001
0.034356
0.138121
0.224369
0.316967
0.31466
0.142677
0.001
0.001
0.001
0.001
0.001
0.001
0.001
0.001
0.001
0.001
0.001
0.001
0.001
0.001
0.001
0.001
0.001
0.001
0.001
0.001
0.142774
0.31482
0.317027
0.224365
0.138178
0.0344057
0.001
0.0662445
0.304147
0.867492
0.85184
0.248855
0.001
0.001
0.001
0.001
0.001
0.001
0.112559
0.25379
0.218329
0.0625717
0.001
0.001
0.001
0.001
0.001
0.001
0.001
0.001
0.001
0.001
0.001
0.001
0.001
0.001
0.001
0.001
0.001
0.001
0.001
0.001
0.001
0.001
0.001
0.001
0.001
0.001
0.001
0.001
0.001
0.001
0.001
0.001
0.001
0.001
0.001
0.001
0.0625687
0.218303
0.253751
0.112538
0.001
0.001
0.001
0.001
0.001
0.001
0.001
0.001
0.001
0.001
0.001
0.001
0.001
0.001
0.001
0.001
0.001
0.001
0.001
0.001
0.001
0.001
0.001
0.001
0.001
0.001
0.001
0.001
0.001
0.001
0.001
0.001
0.001
0.001
0.001
0.001
0.001
0.001
0.001
0.001
0.001
0.001
0.001
0.001
0.001
0.001
0.001
0.001
0.001
0.001
0.001
0.001
0.001
0.001
0.001
0.001
0.001
0.001
0.001
0.001
0.001
0.001
0.001
0.001
0.001
0.001
0.001
0.001
0.001
0.001
0.001
0.001
0.001
0.001
0.001
0.001
0.001
0.001
0.001
0.001
0.001
0.001
0.001
0.001
0.001
0.001
0.001
0.001
0.001
0.001
0.001
0.001
0.001
0.001
0.001
0.001
0.001
0.001
0.001
0.001
0.001
0.001
0.001
0.001
0.001
0.001
0.001
0.001
0.001
0.001
0.001
0.001
0.001
0.001
0.001
0.001
0.001
0.001
0.001
0.001
0.001
0.001
0.001
0.001
0.001
0.001
0.001
0.001
0.001
0.001
0.001
0.001
0.001
0.001
0.001
0.001
0.001
0.001
0.001
0.001
0.001
0.001
0.001
0.001
0.001
0.001
0.001
0.001
0.001
0.001
0.001
0.001
0.001
0.001
0.001
0.001
0.001
0.001
0.001
0.001
0.001
0.001
0.001
0.001
0.001
0.001
0.001
0.001
0.001
0.001
0.001
0.001
0.001
0.001
0.001
0.001
0.001
0.001
0.001
0.001
0.001
0.001
0.001
0.001
0.001
0.001
0.001
0.001
0.001
0.001
0.001
0.001
0.001
0.001
0.001
0.001
0.001
0.001
0.001
0.001
0.001
0.001
0.001
0.001
0.001
0.001
0.112556
0.253787
0.218333
0.0625773
0.001
0.001
0.001
0.001
0.001
0.001
0.001
0.001
0.001
0.001
0.001
0.001
0.001
0.001
0.001
0.001
0.001
0.001
0.001
0.001
0.001
0.001
0.001
0.001
0.001
0.001
0.001
0.001
0.001
0.001
0.001
0.001
0.001
0.001
0.001
0.001
0.0625781
0.218346
0.253807
0.112566
0.001
0.001
0.001
0.001
0.001
0.001
0.248893
0.85184
0.867491
0.304191
0.0662573
0.001
0.034401
0.138202
0.224478
0.317351
0.315146
0.142923
0.001
0.001
0.001
0.001
0.001
0.001
0.001
0.001
0.001
0.001
0.001
0.001
0.001
0.001
0.001
0.001
0.001
0.001
0.001
0.001
0.142959
0.315177
0.317327
0.224385
0.138178
0.0344033
0.001
0.0662633
0.304222
0.867491
0.85184
0.248921
0.001
0.001
0.001
0.001
0.001
0.001
0.265904
0.970005
0.981108
0.858156
0.354496
0.0961141
0.204249
0.659598
0.868246
0.934329
0.795095
0.30332
0.001
0.001
0.001
0.001
0.001
0.001
0.001
0.001
0.001
0.001
0.001
0.001
0.001
0.001
0.001
0.001
0.001
0.001
0.001
0.001
0.303246
0.794844
0.934268
0.868246
0.65932
0.204165
0.0960984
0.35455
0.858156
0.981108
0.970005
0.265961
0.001
0.001
0.001
0.001
0.001
0.001
0.15974
0.853651
1
1
0.860168
0.403222
0.612781
0.840095
0.915271
0.988027
0.812217
0.247898
0.001
0.001
0.001
0.001
0.001
0.001
0.001
0.001
0.001
0.001
0.001
0.001
0.001
0.001
0.001
0.001
0.001
0.001
0.001
0.001
0.247699
0.812287
0.988013
0.915271
0.839907
0.612597
0.403151
0.860168
1
1
0.853651
0.159801
0.001
0.001
0.001
0.001
0.001
0.001
0.0662915
0.41509
0.906595
1
1
0.905848
0.901664
0.894156
0.973609
0.796423
0.426609
0.0651723
0.001
0.0803936
0.271141
0.343688
0.273605
0.251501
0.282319
0.346447
0.296094
0.125456
0.120426
0.276542
0.324228
0.284069
0.253126
0.273398
0.345151
0.273992
0.0819682
0.001
0.0650299
0.426153
0.796423
0.973609
0.894141
0.901664
0.905848
1
1
0.906595
0.415285
0.066322
0.001
0.001
0.001
0.001
0.001
0.001
0.001
0.144903
0.628986
0.982003
1
0.970601
1
0.958058
1
0.606849
0.166196
0.001
0.001
0.202043
0.72527
0.799858
0.920535
0.796629
0.910426
0.956644
0.779526
0.270233
0.260357
0.738856
0.956644
0.910426
0.796629
0.920535
0.799939
0.728734
0.205095
0.001
0.001
0.166044
0.606571
1
0.957982
1
0.970601
1
0.982003
0.629101
0.145011
0.001
0.001
0.001
0.001
0.001
0.001
0.001
0.00274599
0.0319628
0.296786
0.846832
1
1
0.949745
1
0.884974
0.269805
0.00997787
0.001
0.001
0.194788
0.757969
0.860369
0.943307
1
1
0.930653
0.691468
0.22017
0.209703
0.643471
0.930653
1
1
0.943307
0.860099
0.761261
0.196857
0.001
0.001
0.00992281
0.269577
0.884531
1
0.949528
1
1
0.84735
0.296999
0.0317622
0.00269351
0.001
0.001
0.001
0.001
0.0786886
0.200978
0.244203
0.28545
0.419368
0.698772
0.8
0.8
0.8
0.8
0.8
0.176491
0.00194473
0.001
0.001
0.0713982
0.469244
1
1
1
0.992245
0.53562
0.220818
0.0537986
0.0462762
0.203014
0.520093
0.992245
1
1
1
0.46341
0.0716908
0.001
0.001
0.00194374
0.176461
0.8
0.8
0.8
0.8
0.8
0.699672
0.418712
0.285155
0.244179
0.201816
0.0793656
0.001
0.001
0.202576
0.564088
0.701571
0.8
0.736806
0.706406
0.8
0.8
0.809552
0.801784
0.8
0.22744
0.00271112
0.001
0.001
0.00404774
0.35956
1
1
1
0.666522
0.142315
0.00182697
0.001
0.001
0.00232366
0.142463
0.668482
1
1
1
0.34977
0.00409883
0.001
0.001
0.00271359
0.227562
0.8
0.802025
0.809884
0.8
0.8
0.706406
0.736806
0.8
0.702162
0.572268
0.206354
0.001
0.001
0.194114
0.57145
0.699965
0.79537
0.8
0.8
0.8
0.849079
0.957043
0.972927
0.8
0.28834
0.00802254
0.001
0.001
0.0321723
0.440753
1
1
1
0.397471
0.0209447
0.001
0.001
0.001
0.001
0.0211892
0.388611
1
1
1
0.430793
0.0322128
0.001
0.001
0.0080061
0.288665
0.8
0.973511
0.957851
0.850076
0.8
0.8
0.8
0.795092
0.699977
0.56647
0.199384
0.001
0.001
0.0667291
0.182753
0.234454
0.260796
0.415417
0.764414
0.825492
0.983826
1
1
0.980205
0.4339
0.0637678
0.001
0.001
0.103346
0.626632
1
1
0.803991
0.190825
0.001
0.001
0.001
0.001
0.001
0.001
0.188661
0.795452
1
1
0.618632
0.102229
0.001
0.001
0.0637689
0.434286
0.980761
1
1
0.985466
0.827467
0.764414
0.415535
0.263008
0.238592
0.188028
0.0695218
0.001
0.001
0.001
0.00129771
0.00230195
0.0184099
0.12372
0.380645
0.8
1
1
1
1
0.826295
0.22773
0.0145962
0.001
0.185562
0.883307
1
1
0.646145
0.12925
0.001
0.001
0.001
0.001
0.001
0.001
0.128615
0.641514
1
1
0.874178
0.183386
0.001
0.0145499
0.227575
0.826257
1
1
1
1
0.8
0.384011
0.125395
0.0188183
0.0023815
0.00136087
0.001
0.001
0.001
0.001
0.001
0.001
0.001
0.00983709
0.161439
0.547374
0.998344
1
1
1
1
0.594392
0.107523
0.0127974
0.315112
1
1
1
0.398235
0.049745
0.001
0.001
0.001
0.001
0.001
0.001
0.0498765
0.396823
1
1
1
0.313037
0.0130096
0.107321
0.593684
1
1
1
1
1
0.546711
0.160927
0.00995078
0.001
0.001
0.001
0.001
0.001
0.001
0.001
0.001
0.001
0.001
0.061199
0.236422
0.612986
0.86973
1
1
1
1
1
0.432637
0.163971
0.578531
1
1
0.969216
0.252105
0.00535441
0.001
0.001
0.001
0.001
0.001
0.001
0.00553656
0.250821
0.961267
1
1
0.574861
0.163689
0.431995
1
1
1
1
1
0.867645
0.612005
0.231455
0.0603794
0.001
0.001
0.001
0.001
0.001
0.001
0.001
0.001
0.001
0.001
0.172237
0.546843
0.675085
0.784494
1
1
1
1
1
0.96393
0.527132
0.898542
1
1
0.858244
0.186142
0.001
0.001
0.001
0.001
0.001
0.001
0.001
0.001
0.184963
0.852912
1
1
0.890435
0.525574
0.962991
1
1
1
1
1
0.784975
0.675085
0.552807
0.200534
0.001
0.001
0.001
0.001
0.001
0.001
0.001
0.001
0.001
0.001
0.177473
0.550961
0.588286
0.548402
0.947389
1
1
1
1
1
0.994009
1
1
1
0.6802
0.137481
0.001
0.001
0.001
0.001
0.001
0.001
0.001
0.001
0.137656
0.67895
1
1
1
0.991033
1
1
1
1
1
0.945272
0.540639
0.589572
0.585934
0.224669
0.001
0.001
0.001
0.001
0.001
0.001
0.001
0.001
0.001
0.001
0.0685084
0.174649
0.192596
0.186622
0.478636
1
1
1
1
1
1
1
1
1
0.652726
0.136278
0.001
0.001
0.001
0.001
0.001
0.001
0.001
0.001
0.137378
0.653563
1
1
1
1
1
1
1
1
1
0.479101
0.184573
0.223292
0.224399
0.0946046
0.001
0.001
0.001
0.001
0.001
0.001
0.001
0.001
0.001
0.001
0.001
0.001
0.001
0.00585622
0.157893
0.712223
1
1
1
1
1
1
1
1
0.76668
0.172221
0.001
0.001
0.001
0.001
0.001
0.001
0.001
0.001
0.173274
0.767506
1
1
1
1
1
1
1
1
0.711711
0.158263
0.00602623
0.001
0.001
0.001
0.001
0.001
0.001
0.001
0.001
0.001
0.001
0.001
0.001
0.001
0.001
0.001
0.001
0.001
0.0388618
0.280946
1
1
1
1
1
1
1
1
0.950484
0.228819
0.0013094
0.001
0.001
0.001
0.001
0.001
0.001
0.00134027
0.229595
0.949076
1
1
1
1
1
1
1
0.998956
0.280913
0.0389795
0.001
0.001
0.001
0.001
0.001
0.001
0.001
0.001
0.001
0.001
0.001
0.001
0.00113315
0.00109589
0.001
0.001
0.001
0.001
0.001
0.0717786
0.610186
1
1
1
1
1
1
1
1
0.384238
0.0230552
0.001
0.001
0.001
0.001
0.001
0.001
0.023368
0.384921
1
1
1
1
1
1
1
1
0.609371
0.0719789
0.001
0.001
0.001
0.001
0.001
0.00112044
0.00115756
0.001
0.001
0.001
0.001
0.001
0.0875324
0.197219
0.182487
0.109827
0.1283
0.14817
0.129707
0.127797
0.150934
0.418238
1
1
1
1
1
1
1
1
0.625019
0.0819238
0.0322963
0.05052
0.0291089
0.0289856
0.0503098
0.0321813
0.0824109
0.625715
1
1
1
1
1
1
1
1
0.419642
0.153566
0.130307
0.131971
0.149975
0.129558
0.110833
0.184161
0.198997
0.0883042
0.001
0.001
0.001
0.001
0.169769
0.548436
0.637763
0.794677
0.688132
0.647199
0.700508
0.718248
0.739318
0.790767
1
1
1
1
1
1
1
1
1
1
1
0.665875
0.195957
0.195928
0.66607
1
1
1
1
1
1
1
1
1
1
1
0.790765
0.739318
0.718251
0.700511
0.647201
0.688132
0.794677
0.637763
0.548435
0.171219
0.001
0.001
0.001
0.001
0.163253
0.787562
0.798535
0.8
0.8
0.913817
0.954486
0.964611
0.967876
0.984108
1
1
1
1
1
1
1
1
1
1
1
1
0.376491
0.376735
1
1
1
1
1
1
1
1
1
1
1
1
0.989177
0.974288
0.97142
0.96152
0.920698
0.8
0.8
0.798535
0.787562
0.164608
0.001
0.001
