0.001
0.001
0.164284
0.787562
0.798535
0.8
0.8
0.919333
0.960163
0.970149
0.973147
0.988591
1
1
1
1
1
1
1
1
1
1
1
1
0.377317
0.377194
1
1
1
1
1
1
1
1
1
1
1
1
0.986994
0.971299
0.968201
0.958158
0.917382
0.8
0.8
0.798535
0.787562
0.163799
0.001
0.001
0.001
0.001
0.170866
0.548436
0.637763
0.794677
0.688132
0.647186
0.700491
0.718234
0.739318
0.79076
1
1
1
1
1
1
1
1
1
1
1
0.667222
0.196294
0.196244
0.666965
1
1
1
1
1
1
1
1
1
1
1
0.790758
0.739318
0.718236
0.700494
0.647187
0.688132
0.794677
0.637763
0.548435
0.170348
0.001
0.001
0.001
0.001
0.0881085
0.198537
0.183722
0.110574
0.129292
0.149688
0.131757
0.130131
0.153454
0.420592
1
1
1
1
1
1
1
1
0.626732
0.0823402
0.0322816
0.0504773
0.0290828
0.0290874
0.0504849
0.0322834
0.0822359
0.625949
1
1
1
1
1
1
1
1
0.420341
0.15332
0.130061
0.131598
0.149323
0.128903
0.110202
0.183111
0.197892
0.0878305
0.001
0.001
0.001
0.001
0.001
0.00114797
0.00111078
0.001
0.001
0.001
0.001
0.001
0.072221
0.611395
1
1
1
1
1
1
1
1
0.38539
0.0232501
0.001
0.001
0.001
0.001
0.001
0.001
0.0232241
0.384912
1
1
1
1
1
1
1
1
0.610953
0.0720731
0.001
0.001
0.001
0.001
0.001
0.00109671
0.00113378
0.001
0.001
0.001
0.001
0.001
0.001
0.001
0.001
0.001
0.001
0.001
0.001
0.0391587
0.281837
1
1
1
1
1
1
1
1
0.951294
0.229646
0.00132213
0.001
0.001
0.001
0.001
0.001
0.001
0.00132451
0.229355
0.95033
1
1
1
1
1
1
1
1
0.281558
0.0390115
0.001
0.001
0.001
0.001
0.001
0.001
0.001
0.001
0.001
0.001
0.001
0.001
0.001
0.001
0.001
0.001
0.001
0.00603838
0.159058
0.714306
1
1
1
1
1
1
1
1
0.768764
0.173062
0.001
0.001
0.001
0.001
0.001
0.001
0.001
0.001
0.172815
0.767467
1
1
1
1
1
1
1
1
0.713967
0.15857
0.00588906
0.001
0.001
0.001
0.001
0.001
0.001
0.001
0.001
0.001
0.001
0.001
0.001
0.001
0.0898474
0.213606
0.21553
0.1847
0.48047
1
1
1
1
1
1
1
1
1
0.65468
0.137119
0.001
0.001
0.001
0.001
0.001
0.001
0.001
0.001
0.136829
0.653222
1
1
1
1
1
1
1
1
1
0.479944
0.185861
0.204435
0.195345
0.0803337
0.001
0.001
0.001
0.001
0.001
0.001
0.001
0.001
0.001
0.001
0.213288
0.562527
0.588611
0.542357
0.947503
1
1
1
1
1
0.993455
1
1
1
0.680943
0.137832
0.001
0.001
0.001
0.001
0.001
0.001
0.001
0.001
0.1375
0.679303
1
1
1
0.993423
1
1
1
1
1
0.948191
0.546115
0.589292
0.534087
0.19607
0.001
0.001
0.001
0.001
0.001
0.001
0.001
0.001
0.001
0.001
0.190727
0.539505
0.675085
0.784839
1
1
1
1
1
0.964341
0.526931
0.895052
1
1
0.856598
0.185587
0.001
0.001
0.001
0.001
0.001
0.001
0.001
0.001
0.185356
0.854866
1
1
0.893758
0.526851
0.964747
1
1
1
1
1
0.784519
0.675085
0.543227
0.180811
0.001
0.001
0.001
0.001
0.001
0.001
0.001
0.001
0.001
0.001
0.0579971
0.228321
0.612961
0.870319
1
1
1
1
1
0.432756
0.164062
0.577944
1
1
0.96576
0.251464
0.00544368
0.001
0.001
0.001
0.001
0.001
0.001
0.00542984
0.251133
0.964015
1
1
0.576241
0.163877
0.432966
1
1
1
1
1
0.87029
0.611663
0.231786
0.0590013
0.001
0.001
0.001
0.001
0.001
0.001
0.001
0.001
0.001
0.001
0.0097737
0.161812
0.548745
1
1
1
1
1
0.594555
0.10749
0.0130088
0.314677
1
1
1
0.397782
0.0498192
0.001
0.001
0.001
0.001
0.001
0.001
0.0497829
0.397092
1
1
1
0.313743
0.0128928
0.107556
0.594671
1
1
1
1
1
0.549135
0.162218
0.00979957
0.001
0.001
0.001
0.001
0.001
0.001
0.001
0.00138799
0.00239831
0.0186774
0.124787
0.383318
0.8
1
1
1
1
0.827337
0.227836
0.0145682
0.001
0.184374
0.878539
1
1
0.643934
0.12899
0.001
0.001
0.001
0.001
0.001
0.001
0.12879
0.642963
1
1
0.877459
0.184231
0.001
0.0145736
0.227792
0.827085
1
1
1
1
0.8
0.382861
0.124321
0.0185332
0.00238419
0.00138048
0.001
0.001
0.001
0.0707393
0.190885
0.24091
0.263223
0.415372
0.764414
0.828028
0.986233
1
1
0.981871
0.434831
0.0638098
0.001
0.001
0.102938
0.622111
1
1
0.799343
0.18973
0.001
0.001
0.001
0.001
0.001
0.001
0.18931
0.798025
1
1
0.62175
0.102716
0.001
0.001
0.0637836
0.434768
0.981497
1
1
0.985669
0.827409
0.764414
0.41511
0.262291
0.238372
0.187385
0.0689401
0.001
0.001
0.191568
0.565254
0.699837
0.795628
0.8
0.8
0.8
0.850866
0.958886
0.974685
0.8
0.289085
0.00799065
0.001
0.001
0.032681
0.433705
1
1
1
0.390322
0.0207294
0.001
0.001
0.001
0.001
0.0211742
0.391429
1
1
1
0.435219
0.0322365
0.001
0.001
0.00797848
0.289073
0.8
0.97433
0.958524
0.850534
0.8
0.8
0.8
0.795416
0.699875
0.568773
0.192847
0.001
0.001
0.191363
0.562243
0.701327
0.8
0.736806
0.706406
0.8
0.8
0.810966
0.803139
0.8
0.228002
0.00272327
0.001
0.001
0.00427167
0.35226
1
1
1
0.66639
0.141686
0.00202225
0.001
0.001
0.00199428
0.14042
0.668382
1
1
1
0.354416
0.00408822
0.001
0.001
0.00272241
0.227908
0.8
0.80292
0.810739
0.8
0.8
0.706406
0.736806
0.8
0.701636
0.557145
0.196792
0.001
0.001
0.0704506
0.186601
0.236547
0.287826
0.419552
0.697607
0.8
0.8
0.8
0.8
0.8
0.17687
0.00195311
0.001
0.001
0.071821
0.465381
1
1
1
0.992245
0.5084
0.184376
0.0360468
0.0404029
0.186847
0.502425
0.992245
1
1
1
0.466506
0.071877
0.001
0.001
0.00195042
0.176783
0.8
0.8
0.8
0.8
0.8
0.698565
0.419264
0.286277
0.239501
0.193218
0.0744883
0.001
0.001
0.001
0.0010593
0.00282185
0.0320563
0.296656
0.847143
1
1
0.950925
1
0.886063
0.270317
0.0100037
0.001
0.001
0.195897
0.759584
0.860639
0.943307
1
1
0.930653
0.593917
0.18656
0.190438
0.595529
0.930653
1
1
0.943307
0.860363
0.763867
0.196385
0.001
0.001
0.00995859
0.270227
0.886195
1
0.950948
1
1
0.848024
0.297081
0.0318749
0.00272637
0.001
0.001
0.001
0.001
0.001
0.001
0.001
0.144898
0.628821
0.982003
1
0.970601
1
0.958137
1
0.60698
0.166379
0.001
0.001
0.203284
0.727869
0.799756
0.920535
0.796629
0.910426
0.956644
0.727284
0.238552
0.239554
0.69265
0.956644
0.910426
0.796629
0.920535
0.799836
0.726218
0.203944
0.001
0.001
0.166374
0.606693
1
0.958056
1
0.970601
1
0.982003
0.628948
0.144997
0.001
0.001
0.001
0.001
0.001
0.001
0.001
0.06628
0.415229
0.906595
1
1
0.905848
0.901664
0.894181
0.973609
0.796423
0.42719
0.065301
0.001
0.0809568
0.272992
0.345868
0.275384
0.254729
0.289338
0.320267
0.265361
0.113087
0.112238
0.260814
0.314778
0.286019
0.254879
0.274076
0.344422
0.272599
0.0811859
0.001
0.065237
0.427159
0.796423
0.973609
0.894164
0.901664
0.905848
1
1
0.906595
0.415405
0.066295
0.001
0.001
0.001
0.001
0.001
0.001
0.159813
0.853651
1
1
0.860168
0.40392
0.612732
0.840188
0.915271
0.988045
0.812137
0.248139
0.001
0.001
0.001
0.001
0.001
0.001
0.001
0.001
0.001
0.001
0.001
0.001
0.001
0.001
0.001
0.001
0.001
0.001
0.001
0.001
0.248199
0.81221
0.98803
0.915271
0.839911
0.612526
0.403824
0.860168
1
1
0.853651
0.159872
0.001
0.001
0.001
0.001
0.001
0.001
0.266161
0.970005
0.981108
0.858156
0.354911
0.0962735
0.205023
0.661629
0.868246
0.934403
0.79539
0.303469
0.001
0.001
0.001
0.001
0.001
0.001
0.001
0.001
0.001
0.001
0.001
0.001
0.001
0.001
0.001
0.001
0.001
0.001
0.001
0.001
0.303688
0.795122
0.934339
0.868246
0.661715
0.205056
0.0962516
0.354972
0.858156
0.981108
0.970005
0.266237
0.001
0.001
0.001
0.001
0.001
0.001
0.249178
0.85184
0.867491
0.304558
0.0663338
0.001
0.0347064
0.138838
0.225099
0.317513
0.315212
0.142927
0.001
0.001
0.001
0.001
0.001
0.001
0.001
0.001
0.001
0.001
0.001
0.001
0.001
0.001
0.001
0.001
0.001
0.001
0.001
0.001
0.143086
0.3155
0.317687
0.225079
0.138841
0.0347247
0.001
0.0663395
0.304607
0.867492
0.85184
0.249221
0.001
0.001
0.001
0.001
0.001
0.001
0.112687
0.254097
0.218609
0.0626609
0.001
0.001
0.001
0.001
0.001
0.001
0.001
0.001
0.001
0.001
0.001
0.001
0.001
0.001
0.001
0.001
0.001
0.001
0.001
0.001
0.001
0.001
0.001
0.001
0.001
0.001
0.001
0.001
0.001
0.001
0.001
0.001
0.001
0.001
0.001
0.001
0.0626645
0.218634
0.254132
0.112704
0.001
0.001
0.001
0.001
0.001
0.001
0.001
0.001
0.001
0.001
0.001
0.001
0.001
0.001
0.001
0.001
0.001
0.001
0.001
0.001
0.001
0.001
0.001
0.001
0.001
0.001
0.001
0.001
0.001
0.001
0.001
0.001
0.001
0.001
0.001
0.001
0.001
0.001
0.001
0.001
0.001
0.001
0.001
0.001
0.001
0.001
0.001
0.001
0.001
0.001
0.001
0.001
0.001
0.001
0.001
0.001
0.001
0.001
0.001
0.001
0.001
0.001
0.001
0.001
0.001
0.001
0.001
0.001
0.001
0.001
0.001
0.001
0.001
0.001
0.001
0.001
0.001
0.001
0.001
0.001
0.001
0.001
0.001
0.001
0.001
0.001
0.001
0.001
0.001
0.001
0.001
0.001
0.001
0.001
0.001
0.001
0.001
0.001
0.001
0.001
0.001
0.001
0.001
0.001
0.001
0.001
0.001
0.001
0.001
0.001
0.001
0.001
0.001
0.001
0.001
0.001
0.001
0.001
0.001
0.001
0.001
0.001
0.001
0.001
0.001
0.001
0.001
0.001
0.001
0.001
0.001
0.001
0.001
0.001
0.001
0.001
0.001
0.001
0.001
0.001
0.001
0.001
0.001
0.001
0.001
0.001
0.001
0.001
0.001
0.001
0.001
0.001
0.001
0.001
0.001
0.001
0.001
0.001
0.001
0.001
0.001
0.001
0.001
0.001
0.001
0.001
0.001
0.001
0.001
0.001
0.001
0.001
0.001
0.001
0.001
0.001
0.001
0.001
0.001
0.001
0.001
0.001
0.001
0.001
0.001
0.001
0.001
0.001
0.001
0.001
0.001
0.001
0.001
0.001
0.001
0.001
0.001
0.001
0.001
0.001
0.001
0.001
0.001
0.001
0.001
0.001
0.112703
0.254127
0.21863
0.0626645
0.001
0.001
0.001
0.001
0.001
0.001
0.001
0.001
0.001
0.001
0.001
0.001
0.001
0.001
0.001
0.001
0.001
0.001
0.001
0.001
0.001
0.001
0.001
0.001
0.001
0.001
0.001
0.001
0.001
0.001
0.001
0.001
0.001
0.001
0.001
0.001
0.0626665
0.218629
0.25412
0.112697
0.001
0.001
0.001
0.001
0.001
0.001
0.249216
0.85184
0.867491
0.304599
0.0663431
0.001
0.0346789
0.138784
0.225053
0.317718
0.31549
0.143078
0.001
0.001
0.001
0.001
0.001
0.001
0.001
0.001
0.001
0.001
0.001
0.001
0.001
0.001
0.001
0.001
0.001
0.001
0.001
0.001
0.143168
0.315641
0.317799
0.225116
0.138916
0.0347603
0.001
0.0663377
0.304584
0.867491
0.85184
0.2492
0.001
0.001
0.001
0.001
0.001
0.001
0.266227
0.970005
0.981108
0.858156
0.354962
0.0962789
0.204954
0.661373
0.868246
0.934329
0.795095
0.303632
0.001
0.001
0.001
0.001
0.001
0.001
0.001
0.001
0.001
0.001
0.001
0.001
0.001
0.001
0.001
0.001
0.001
0.001
0.001
0.001
0.303687
0.794844
0.934268
0.868246
0.661597
0.205073
0.0962539
0.354898
0.858156
0.981108
0.970005
0.266189
0.001
0.001
0.001
0.001
0.001
0.001
0.159897
0.853651
1
1
0.860168
0.403878
0.612781
0.840095
0.915271
0.988027
0.812217
0.248129
0.001
0.001
0.001
0.001
0.001
0.001
0.001
0.001
0.001
0.001
0.001
0.001
0.001
0.001
0.001
0.001
0.001
0.001
0.001
0.001
0.248045
0.812287
0.988013
0.915271
0.839907
0.612597
0.403694
0.860168
1
1
0.853651
0.159842
0.001
0.001
0.001
0.001
0.001
0.001
0.0663375
0.415478
0.906595
1
1
0.905848
0.901664
0.894156
0.973609
0.796423
0.42699
0.0652097
0.001
0.0809077
0.272171
0.344776
0.274456
0.252361
0.28367
0.345191
0.298963
0.129177
0.119231
0.274311
0.323022
0.284735
0.253634
0.274935
0.345414
0.272794
0.0811343
0.001
0.0651046
0.426711
0.796423
0.973609
0.894141
0.901664
0.905848
1
1
0.906595
0.415327
0.0663006
0.001
0.001
0.001
0.001
0.001
0.001
0.001
0.145018
0.628986
0.982003
1
0.970601
1
0.958058
1
0.606849
0.166342
0.001
0.001
0.203472
0.733192
0.799858
0.920535
0.796629
0.910426
0.956644
0.784202
0.277345
0.257947
0.733974
0.956644
0.910426
0.796629
0.920535
0.799939
0.7327
0.203828
0.001
0.001
0.166249
0.606571
1
0.957982
1
0.970601
1
0.982003
0.629101
0.144965
0.001
0.001
0.001
0.001
0.001
0.001
0.001
0.00275499
0.0318428
0.29695
0.847733
1
1
0.950803
1
0.885977
0.270189
0.00998266
0.001
0.001
0.196425
0.762088
0.860369
0.943307
1
1
0.930653
0.692109
0.224744
0.20778
0.639276
0.930653
1
1
0.943307
0.860099
0.76208
0.196512
0.001
0.001
0.00993062
0.269949
0.885786
1
0.950601
1
1
0.847914
0.297034
0.0318187
0.0027771
0.00103633
0.001
0.001
0.001
0.0730783
0.190606
0.237875
0.286287
0.419368
0.698772
0.8
0.8
0.8
0.8
0.8
0.176798
0.00195149
0.001
0.001
0.0721918
0.470447
1
1
1
0.992245
0.534733
0.21948
0.053721
0.0457955
0.201333
0.518447
0.992245
1
1
1
0.465375
0.0720586
0.001
0.001
0.0019452
0.176643
0.8
0.8
0.8
0.8
0.8
0.699672
0.418712
0.286447
0.236135
0.187571
0.071352
0.001
0.001
0.196883
0.55348
0.701571
0.8
0.736806
0.706406
0.8
0.8
0.81082
0.803014
0.8
0.22793
0.0027226
0.001
0.001
0.00414765
0.358436
1
1
1
0.666522
0.142381
0.0018967
0.001
0.001
0.00228138
0.142464
0.668482
1
1
1
0.350851
0.00415346
0.001
0.001
0.00271629
0.22777
0.8
0.802766
0.810588
0.8
0.8
0.706406
0.736806
0.8
0.702162
0.559971
0.192579
0.001
0.001
0.19602
0.562447
0.699965
0.79537
0.8
0.8
0.8
0.850772
0.958783
0.974609
0.8
0.289119
0.00799369
0.001
0.001
0.0323976
0.439691
1
1
1
0.39629
0.0209356
0.001
0.001
0.001
0.001
0.0212527
0.389674
1
1
1
0.431911
0.0323743
0.001
0.001
0.00797481
0.288962
0.8
0.974304
0.958562
0.850689
0.8
0.8
0.8
0.795092
0.699977
0.565793
0.191871
0.001
0.001
0.0718846
0.192578
0.241559
0.262633
0.415417
0.764414
0.827764
0.986101
1
1
0.981819
0.434863
0.0638108
0.001
0.001
0.103413
0.626555
1
1
0.804158
0.190816
0.001
0.001
0.001
0.001
0.001
0.001
0.189071
0.796704
1
1
0.619714
0.102482
0.001
0.001
0.063789
0.434754
0.981576
1
1
0.985936
0.827881
0.764414
0.415535
0.263449
0.240536
0.190054
0.0703529
0.001
0.001
0.001
0.00139037
0.00239126
0.0186689
0.124601
0.382845
0.8
1
1
1
1
0.827337
0.227927
0.0146239
0.001
0.185542
0.883628
1
1
0.646635
0.129366
0.001
0.001
0.001
0.001
0.001
0.001
0.128779
0.642386
1
1
0.875597
0.183733
0.001
0.0145702
0.227796
0.827174
1
1
1
1
0.8
0.383814
0.12486
0.0186789
0.00240028
0.00138051
0.001
0.001
0.001
0.001
0.001
0.001
0.001
0.00977979
0.161393
0.547905
1
1
1
1
1
0.594909
0.107662
0.0128835
0.315678
1
1
1
0.398772
0.0498088
0.001
0.001
0.001
0.001
0.001
0.001
0.049882
0.397175
1
1
1
0.313599
0.0130108
0.107525
0.594599
1
1
1
1
1
0.549583
0.162488
0.00985796
0.001
0.001
0.001
0.001
0.001
0.001
0.001
0.001
0.001
0.001
0.0590988
0.230617
0.612986
0.86972
1
1
1
1
1
0.432907
0.164227
0.579848
1
1
0.969943
0.252385
0.00535789
0.001
0.001
0.001
0.001
0.001
0.001
0.00549733
0.251015
0.962814
1
1
0.575881
0.163908
0.432908
1
1
1
1
1
0.870631
0.612005
0.227449
0.0571548
0.001
0.001
0.001
0.001
0.001
0.001
0.001
0.001
0.001
0.001
0.187495
0.539066
0.675085
0.784494
1
1
1
1
1
0.964232
0.527679
0.899194
1
1
0.85937
0.186253
0.001
0.001
0.001
0.001
0.001
0.001
0.001
0.001
0.185213
0.854271
1
1
0.892034
0.526549
0.964679
1
1
1
1
1
0.784975
0.675085
0.543117
0.188899
0.001
0.001
0.001
0.001
0.001
0.001
0.001
0.001
0.001
0.001
0.206566
0.553391
0.588286
0.544986
0.947807
1
1
1
1
1
0.994623
1
1
1
0.6814
0.137664
0.001
0.001
0.001
0.001
0.001
0.001
0.001
0.001
0.137813
0.679881
1
1
1
0.992794
1
1
1
1
1
0.947221
0.541643
0.589572
0.558623
0.211761
0.001
0.001
0.001
0.001
0.001
0.001
0.001
0.001
0.001
0.001
0.0859163
0.206402
0.211895
0.185992
0.480238
1
1
1
1
1
1
1
1
1
0.653966
0.136498
0.001
0.001
0.001
0.001
0.001
0.001
0.001
0.001
0.137447
0.654398
1
1
1
1
1
1
1
1
1
0.479215
0.183876
0.213951
0.212361
0.0894275
0.001
0.001
0.001
0.001
0.001
0.001
0.001
0.001
0.001
0.001
0.001
0.001
0.001
0.00594728
0.158527
0.713914
1
1
1
1
1
1
1
1
0.767996
0.172473
0.001
0.001
0.001
0.001
0.001
0.001
0.001
0.001
0.173423
0.768618
1
1
1
1
1
1
1
1
0.713134
0.158231
0.00588341
0.001
0.001
0.001
0.001
0.001
0.001
0.001
0.001
0.001
0.001
0.001
0.001
0.001
0.001
0.001
0.001
0.001
0.0389623
0.281472
1
1
1
1
1
1
1
1
0.951762
0.229202
0.00130713
0.001
0.001
0.001
0.001
0.001
0.001
0.00133756
0.22988
0.950543
1
1
1
1
1
1
1
1
0.281354
0.0389484
0.001
0.001
0.001
0.001
0.001
0.001
0.001
0.001
0.001
0.001
0.001
0.001
0.00114523
0.00110799
0.001
0.001
0.001
0.001
0.001
0.0719477
0.611091
1
1
1
1
1
1
1
1
0.384882
0.02307
0.001
0.001
0.001
0.001
0.001
0.001
0.0233763
0.385501
1
1
1
1
1
1
1
1
0.610607
0.0720519
0.001
0.001
0.001
0.001
0.001
0.00110937
0.00114655
0.001
0.001
0.001
0.001
0.001
0.0880369
0.19837
0.183562
0.11047
0.12918
0.149597
0.131755
0.130169
0.15336
0.420567
1
1
1
1
1
1
1
1
0.626056
0.0820349
0.0323239
0.0505583
0.0291303
0.0290112
0.0503553
0.0322128
0.0825072
0.62671
1
1
1
1
1
1
1
1
0.420188
0.153359
0.130086
0.131712
0.149631
0.12924
0.110524
0.183635
0.198444
0.0880681
0.001
0.001
0.001
0.001
0.170729
0.548436
0.637763
0.794677
0.688132
0.647199
0.700508
0.718248
0.739318
0.790767
1
1
1
1
1
1
1
1
1
1
1
0.667012
0.196279
0.196251
0.667196
1
1
1
1
1
1
1
1
1
1
1
0.790765
0.739318
0.718251
0.700511
0.647201
0.688132
0.794677
0.637763
0.548435
0.17079
0.001
0.001
0.001
0.001
0.164157
0.787562
0.798535
0.8
0.8
0.918667
0.959474
0.969496
0.972564
0.988241
1
1
1
1
1
1
1
1
1
1
1
1
0.377158
0.377395
1
1
1
1
1
1
1
1
1
1
1
1
0.988211
0.972822
0.969794
0.959784
0.918967
0.8
0.8
0.798535
0.787562
0.164212
0.001
0.001
