0.001
0.001
0.268744
0.987562
0.998535
1
1
1
1
1
1
1
1
1
1
1
1
1
1
1
1
1
1
1
0.392201
0.392559
1
1
1
1
1
1
1
1
1
1
1
1
1
1
1
1
1
1
1
0.998535
0.987562
0.268755
0.001
0.001
0.001
0.001
0.252892
0.748436
0.837763
0.994677
0.888132
0.847186
0.900491
0.918234
0.939318
0.99076
1
1
1
1
1
1
1
1
1
1
1
0.699402
0.20748
0.20759
0.700027
1
1
1
1
1
1
1
1
1
1
1
0.990758
0.939318
0.918236
0.900494
0.847187
0.888132
0.994677
0.837763
0.748435
0.252913
0.001
0.001
0.001
0.001
0.120175
0.293654
0.300081
0.219698
0.238226
0.228752
0.158922
0.145944
0.177744
0.459354
1
1
1
1
1
1
1
1
0.646763
0.0836155
0.0366034
0.0576974
0.033291
0.0332537
0.0576338
0.0365721
0.0839433
0.64871
1
1
1
1
1
1
1
1
0.461403
0.17982
0.147953
0.160637
0.229724
0.238532
0.219715
0.300129
0.293701
0.120192
0.001
0.001
0.001
0.001
0.001
0.001
0.001
0.001
0.001
0.001
0.001
0.001
0.0745163
0.639862
1
1
1
1
1
1
1
1
0.400574
0.0228563
0.001
0.001
0.001
0.001
0.001
0.001
0.0229908
0.401763
1
1
1
1
1
1
1
1
0.64089
0.0747702
0.001
0.001
0.001
0.001
0.001
0.001
0.001
0.001
0.001
0.001
0.001
0.001
0.001
0.001
0.001
0.001
0.001
0.001
0.001
0.0408902
0.294401
1
1
1
1
1
1
1
1
0.999779
0.242078
0.00122667
0.001
0.001
0.001
0.001
0.001
0.001
0.00123579
0.242846
1
1
1
1
1
1
1
1
1
0.294824
0.0410206
0.001
0.001
0.001
0.001
0.001
0.001
0.001
0.001
0.001
0.001
0.001
0.001
0.001
0.001
0.001
0.001
0.001
0.00857351
0.166034
0.741355
1
1
1
1
1
1
1
1
0.799125
0.179167
0.001
0.001
0.001
0.001
0.001
0.001
0.001
0.001
0.179958
0.802236
1
1
1
1
1
1
1
1
0.741901
0.166327
0.00857175
0.001
0.001
0.001
0.001
0.001
0.001
0.001
0.001
0.001
0.001
0.001
0.001
0.001
0.0994184
0.265352
0.296809
0.240087
0.491319
1
1
1
1
1
1
1
1
1
0.676144
0.136625
0.001
0.001
0.001
0.001
0.001
0.001
0.001
0.001
0.13739
0.67928
1
1
1
1
1
1
1
1
1
0.491603
0.23715
0.280303
0.244687
0.0900519
0.001
0.001
0.001
0.001
0.001
0.001
0.001
0.001
0.001
0.001
0.251476
0.735943
0.788611
0.710099
0.976684
1
1
1
1
1
1
1
1
1
0.73661
0.149786
0.001
0.001
0.001
0.001
0.001
0.001
0.001
0.001
0.150457
0.739769
1
1
1
1
1
1
1
1
1
0.976844
0.703641
0.789292
0.688504
0.234455
0.001
0.001
0.001
0.001
0.001
0.001
0.001
0.001
0.001
0.001
0.237081
0.742198
0.875085
0.984839
1
1
1
1
1
1
0.579392
1
1
1
0.964738
0.214263
0.001
0.001
0.001
0.001
0.001
0.001
0.001
0.001
0.214695
0.967846
1
1
1
0.579611
1
1
1
1
1
1
0.984519
0.875085
0.753157
0.226191
0.001
0.001
0.001
0.001
0.001
0.001
0.001
0.001
0.001
0.001
0.0787277
0.364796
0.813224
1
1
1
1
1
1
0.458076
0.188708
0.643201
1
1
1
0.280487
0.00425823
0.001
0.001
0.001
0.001
0.001
0.001
0.00431903
0.281143
1
1
1
0.645401
0.188931
0.457912
1
1
1
1
1
1
0.813228
0.364184
0.078371
0.001
0.001
0.001
0.001
0.001
0.001
0.001
0.001
0.001
0.001
0.00633667
0.226041
0.671375
1
1
1
1
1
0.623881
0.110085
0.0110717
0.340219
1
1
1
0.430863
0.0502212
0.001
0.001
0.001
0.001
0.001
0.001
0.0503116
0.432531
1
1
1
0.341901
0.0112474
0.110033
0.623548
1
1
1
1
1
0.673097
0.226886
0.00621404
0.001
0.001
0.001
0.001
0.001
0.001
0.001
0.001
0.001
0.0127174
0.160257
0.546766
1
1
1
1
1
0.884434
0.240087
0.0147854
0.001
0.209343
0.983573
1
1
0.713778
0.137775
0.001
0.001
0.001
0.001
0.001
0.001
0.138353
0.716944
1
1
0.987797
0.210095
0.001
0.0147768
0.239903
0.884045
1
1
1
1
1
0.546916
0.1598
0.0126421
0.001
0.001
0.001
0.001
0.001
0.0950248
0.269048
0.358985
0.39767
0.615372
0.964414
1
1
1
1
1
0.493775
0.0649625
0.001
0.001
0.113732
0.688683
1
1
0.867589
0.193585
0.00147885
0.001
0.001
0.001
0.001
0.00149539
0.195015
0.872463
1
1
0.691426
0.114226
0.001
0.001
0.0648843
0.493978
1
1
1
1
1
0.964414
0.61511
0.39654
0.358155
0.268793
0.0951891
0.001
0.001
0.24844
0.762346
0.899837
0.995628
1
1
1
1
1
1
1
0.420063
0.00473582
0.001
0.001
0.0304132
0.403769
1
1
0.905824
0.298924
0.0244532
0.001
0.001
0.001
0.001
0.0248125
0.301043
0.910848
1
1
0.404943
0.0308083
0.001
0.001
0.00471922
0.420428
1
1
1
1
1
1
1
0.995416
0.899875
0.757663
0.24903
0.001
0.001
0.241852
0.739236
0.901327
1
0.936806
0.906406
1
1
1
1
1
0.415096
0.001
0.001
0.001
0.00663312
0.251586
0.8
0.940565
0.823591
0.46639
0.107799
0.00479054
0.001
0.001
0.00500336
0.110307
0.468382
0.829081
0.94633
0.8
0.252007
0.00678927
0.001
0.001
0.001
0.415236
1
1
1
1
1
0.906406
0.936806
1
0.901636
0.728831
0.242515
0.001
0.001
0.0857031
0.24433
0.332907
0.442548
0.619552
0.897607
1
1
1
1
1
0.331573
0.001
0.001
0.001
0.0613515
0.315743
0.8
0.8
0.8
0.792245
0.346874
0.180017
0.0554032
0.0528347
0.184009
0.359163
0.792245
0.8
0.8
0.8
0.316751
0.0615916
0.001
0.001
0.001
0.331548
1
1
1
1
1
0.898565
0.619264
0.440261
0.33136
0.244081
0.0859462
0.001
0.001
0.001
0.001
0.001
0.0336693
0.243579
0.690666
1
1
1
1
1
0.306728
0.0121188
0.001
0.001
0.170747
0.564654
0.660639
0.743307
0.8
0.8
0.730653
0.569275
0.219283
0.200043
0.539004
0.730653
0.8
0.8
0.743307
0.660363
0.563923
0.169309
0.001
0.001
0.0120789
0.306624
1
1
1
1
1
0.691324
0.243859
0.0335246
0.001
0.001
0.001
0.001
0.001
0.001
0.001
0.00258125
0.1157
0.428821
0.782003
0.8
0.770601
0.8
0.758137
0.8
0.40698
0.111304
0.00164395
0.001
0.183986
0.567112
0.599756
0.720535
0.596629
0.710426
0.756644
0.648821
0.262863
0.228105
0.591952
0.756644
0.710426
0.596629
0.720535
0.599836
0.56205
0.181171
0.001
0.00164183
0.111268
0.406693
0.8
0.758056
0.8
0.770601
0.8
0.782003
0.428948
0.115934
0.00259376
0.001
0.001
0.001
0.001
0.001
0.001
0.0440442
0.259341
0.706595
0.8
0.8
0.705848
0.701664
0.694181
0.773609
0.596423
0.263268
0.0435286
0.001
0.0778514
0.219663
0.240482
0.150643
0.124353
0.144445
0.239234
0.24839
0.118839
0.0967284
0.209756
0.214177
0.148165
0.124171
0.151161
0.239087
0.216688
0.0762017
0.001
0.0434717
0.263153
0.596423
0.773609
0.694164
0.701664
0.705848
0.8
0.8
0.706595
0.259786
0.0441753
0.001
0.001
0.001
0.001
0.001
0.001
0.0936618
0.653651
0.8
0.8
0.660168
0.248752
0.412732
0.640188
0.715271
0.788045
0.612137
0.158347
0.001
0.001
0.00194659
0.00250775
0.00203117
0.00115955
0.00173858
0.00196309
0.00147108
0.001
0.001
0.00167169
0.00219382
0.00190023
0.00119371
0.00206883
0.00256206
0.00199066
0.001
0.001
0.158371
0.61221
0.78803
0.715271
0.639911
0.412526
0.248762
0.660168
0.8
0.8
0.653651
0.0937994
0.001
0.001
0.001
0.001
0.001
0.001
0.150021
0.770005
0.781108
0.658156
0.200303
0.0673747
0.1831
0.470409
0.668246
0.734403
0.59539
0.193343
0.00123619
0.001
0.001
0.001
0.001
0.001
0.001
0.001
0.001
0.001
0.001
0.001
0.001
0.001
0.001
0.001
0.001
0.001
0.001
0.00123845
0.193526
0.595122
0.734339
0.668246
0.470516
0.183155
0.0673863
0.200405
0.658156
0.781108
0.770005
0.150111
0.001
0.001
0.001
0.001
0.001
0.001
0.141195
0.65184
0.667491
0.172861
0.0386362
0.00102448
0.0442461
0.121569
0.146452
0.183192
0.196492
0.0921627
0.001
0.001
0.001
0.001
0.001
0.001
0.001
0.001
0.001
0.001
0.001
0.001
0.001
0.001
0.001
0.001
0.001
0.001
0.001
0.001
0.0923272
0.196785
0.183367
0.146465
0.121596
0.0442603
0.0010255
0.0386575
0.172939
0.667492
0.65184
0.14126
0.001
0.001
0.001
0.001
0.001
0.001
0.0642546
0.145141
0.125405
0.036541
0.001
0.001
0.001
0.001
0.00112679
0.00193357
0.00200036
0.00127751
0.001
0.001
0.001
0.001
0.001
0.001
0.001
0.001
0.001
0.001
0.001
0.001
0.001
0.001
0.001
0.001
0.001
0.001
0.001
0.001
0.00128313
0.00200833
0.0019405
0.00112998
0.001
0.001
0.001
0.001
0.0365539
0.125453
0.145201
0.0642827
0.001
0.001
0.001
0.001
0.001
0.001
0.001
0.001
0.001
0.001
0.001
0.001
0.001
0.001
0.001
0.001
0.001
0.001
0.001
0.001
0.001
0.001
0.001
0.001
0.001
0.001
0.001
0.001
0.001
0.001
0.001
0.001
0.001
0.001
0.001
0.001
0.001
0.001
0.001
0.001
0.001
0.001
0.001
0.001
0.001
0.001
0.001
0.001
0.001
0.001
0.001
0.001
0.001
0.001
0.001
0.001
0.001
0.001
0.001
0.001
0.001
0.001
0.001
0.001
0.001
0.001
0.001
0.001
0.001
0.001
0.001
0.001
0.001
0.001
0.001
0.001
0.001
0.001
0.001
0.001
0.001
0.001
0.001
0.001
0.001
0.001
0.001
0.001
0.001
0.001
0.001
0.001
0.001
0.001
0.001
0.001
0.001
0.001
0.001
0.001
0.001
0.001
0.001
0.001
0.001
0.001
0.001
0.001
0.001
0.001
0.001
0.001
0.001
0.001
0.001
0.001
0.001
0.001
0.001
0.001
0.001
0.001
0.001
0.001
0.001
0.001
0.001
0.001
0.001
0.001
0.001
0.001
0.001
0.001
0.001
0.001
0.001
0.001
0.001
0.001
0.001
0.001
0.001
0.001
0.001
0.001
0.001
0.001
0.001
0.001
0.001
0.001
0.001
0.001
0.001
0.001
0.001
0.001
0.001
0.001
0.001
0.001
0.001
0.001
0.001
0.001
0.001
0.001
0.001
0.001
0.001
0.001
0.001
0.001
0.001
0.001
0.001
0.001
0.001
0.001
0.001
0.001
0.001
0.001
0.001
0.001
0.001
0.001
0.001
0.001
0.001
0.001
0.001
0.001
0.001
0.001
0.001
0.001
0.001
0.001
0.001
0.001
0.001
0.001
0.001
0.001
0.064251
0.14513
0.125394
0.036539
0.001
0.001
0.001
0.001
0.00112868
0.00193726
0.00200433
0.0012801
0.001
0.001
0.001
0.001
0.001
0.001
0.001
0.001
0.001
0.001
0.001
0.001
0.001
0.001
0.001
0.001
0.001
0.001
0.001
0.001
0.00129135
0.00202069
0.00195193
0.00113598
0.001
0.001
0.001
0.001
0.0365482
0.125432
0.145176
0.0642717
0.001
0.001
0.001
0.001
0.001
0.001
0.141187
0.65184
0.667491
0.172851
0.0386424
0.00102749
0.0443043
0.121686
0.146481
0.183149
0.196502
0.0921877
0.001
0.001
0.001
0.001
0.001
0.001
0.001
0.001
0.001
0.001
0.001
0.001
0.001
0.001
0.001
0.001
0.001
0.001
0.001
0.001
0.092479
0.197055
0.183545
0.146503
0.121637
0.0442683
0.00102575
0.0386502
0.172906
0.667491
0.65184
0.141235
0.001
0.001
0.001
0.001
0.001
0.001
0.150012
0.770005
0.781108
0.658156
0.200283
0.0673979
0.183171
0.470387
0.668246
0.734329
0.595095
0.193194
0.00123342
0.001
0.001
0.001
0.001
0.001
0.001
0.001
0.001
0.001
0.001
0.001
0.001
0.001
0.001
0.001
0.001
0.001
0.001
0.0012435
0.193663
0.594844
0.734268
0.668246
0.470459
0.183162
0.0673798
0.200346
0.658156
0.781108
0.770005
0.15008
0.001
0.001
0.001
0.001
0.001
0.001
0.0937313
0.653651
0.8
0.8
0.660168
0.248656
0.412781
0.640095
0.715271
0.788027
0.612217
0.158031
0.001
0.001
0.0022855
0.00288197
0.00226823
0.00112322
0.00184228
0.00218449
0.00171255
0.001
0.00104284
0.00240998
0.00290388
0.00226913
0.00111873
0.00218185
0.00275235
0.00216957
0.001
0.001
0.158333
0.612287
0.788013
0.715271
0.639907
0.412597
0.248658
0.660168
0.8
0.8
0.653651
0.0937688
0.001
0.001
0.001
0.001
0.001
0.001
0.0441584
0.259548
0.706595
0.8
0.8
0.705848
0.701664
0.694156
0.773609
0.596423
0.262447
0.0433101
0.001
0.0701473
0.206009
0.233821
0.152525
0.123031
0.145522
0.212055
0.210037
0.0979541
0.0820997
0.187161
0.203658
0.152099
0.123868
0.151645
0.235997
0.211053
0.0732118
0.001
0.0433783
0.262813
0.596423
0.773609
0.694141
0.701664
0.705848
0.8
0.8
0.706595
0.259685
0.0441536
0.001
0.001
0.001
0.001
0.001
0.001
0.00259529
0.115763
0.428986
0.782003
0.8
0.770601
0.8
0.758058
0.8
0.406849
0.110948
0.00162734
0.001
0.171068
0.556998
0.599858
0.720535
0.596629
0.710426
0.756644
0.572069
0.227073
0.195451
0.5795
0.756644
0.710426
0.596629
0.720535
0.599939
0.547969
0.176008
0.001
0.001638
0.111136
0.406571
0.8
0.757982
0.8
0.770601
0.8
0.782003
0.429101
0.115883
0.00259285
0.001
0.001
0.001
0.001
0.001
0.001
0.001
0.0334613
0.243701
0.690978
1
1
1
1
1
0.306345
0.0120504
0.001
0.001
0.164093
0.563888
0.660369
0.743307
0.8
0.8
0.730653
0.526058
0.197459
0.175091
0.488497
0.730653
0.8
0.8
0.743307
0.660099
0.563506
0.166689
0.001
0.001
0.0120454
0.306383
1
1
1
1
1
0.691387
0.243882
0.0334235
0.001
0.001
0.001
0.001
0.001
0.0915983
0.255598
0.339791
0.441462
0.619368
0.898772
1
1
1
1
1
0.331176
0.001
0.001
0.001
0.0621948
0.31815
0.8
0.8
0.8
0.792245
0.346637
0.177344
0.0536101
0.051533
0.173453
0.349977
0.792245
0.8
0.8
0.8
0.320069
0.0621687
0.001
0.001
0.001
0.33134
1
1
1
1
1
0.899672
0.618712
0.439955
0.333937
0.248453
0.0883597
0.001
0.001
0.252827
0.751478
0.901571
1
0.936806
0.906406
1
1
1
1
1
0.414767
0.001
0.001
0.001
0.0064955
0.251047
0.8
0.941818
0.823492
0.466522
0.107024
0.00498927
0.001
0.001
0.00474791
0.108013
0.468482
0.832889
0.951529
0.8
0.255182
0.00680688
0.001
0.001
0.001
0.415084
1
1
1
1
1
0.906406
0.936806
1
0.902162
0.73639
0.246486
0.001
0.001
0.255386
0.763286
0.899965
0.99537
1
1
1
1
1
1
1
0.420115
0.00472187
0.001
0.001
0.0303768
0.403275
1
1
0.905638
0.297708
0.0239675
0.001
0.001
0.001
0.001
0.0243235
0.302796
0.913687
1
1
0.408512
0.0311099
0.001
0.001
0.00469895
0.420545
1
1
1
1
1
1
1
0.995092
0.899977
0.763334
0.250881
0.001
0.001
0.0952096
0.26923
0.358959
0.397651
0.615417
0.964414
1
1
1
1
1
0.493754
0.0648605
0.001
0.001
0.113638
0.688365
1
1
0.867657
0.193514
0.00145601
0.001
0.001
0.001
0.001
0.00154158
0.196018
0.875567
1
1
0.694179
0.114662
0.001
0.001
0.0648027
0.494072
1
1
1
1
1
0.964414
0.615535
0.397306
0.357956
0.267777
0.0945897
0.001
0.001
0.001
0.001
0.001
0.0126913
0.160131
0.547023
1
1
1
1
1
0.88384
0.239878
0.014802
0.001
0.20925
0.983455
1
1
0.713403
0.137526
0.001
0.001
0.001
0.001
0.001
0.001
0.138399
0.717763
1
1
0.990715
0.210766
0.001
0.0148055
0.239782
0.883789
1
1
1
1
1
0.546693
0.15962
0.0127008
0.001
0.001
0.001
0.001
0.001
0.001
0.001
0.001
0.001
0.00625126
0.226266
0.671765
1
1
1
1
1
0.623549
0.110074
0.0111143
0.340193
1
1
1
0.430714
0.0500613
0.001
0.001
0.001
0.001
0.001
0.001
0.0500918
0.432475
1
1
1
0.342804
0.0112637
0.110089
0.623437
1
1
1
1
1
0.671742
0.226165
0.00615392
0.001
0.001
0.001
0.001
0.001
0.001
0.001
0.001
0.001
0.001
0.0791655
0.365566
0.813914
1
1
1
1
1
1
0.457977
0.188689
0.642902
1
1
1
0.280456
0.00427949
0.001
0.001
0.001
0.001
0.001
0.001
0.00431662
0.281159
1
1
1
0.64651
0.188944
0.457968
1
1
1
1
1
1
0.812105
0.367933
0.0801174
0.001
0.001
0.001
0.001
0.001
0.001
0.001
0.001
0.001
0.001
0.236637
0.746746
0.875085
0.984494
1
1
1
1
1
1
0.579181
1
1
1
0.964702
0.214249
0.001
0.001
0.001
0.001
0.001
0.001
0.001
0.001
0.21462
0.968803
1
1
1
0.579772
1
1
1
1
1
1
0.984975
0.875085
0.750137
0.216872
0.001
0.001
0.001
0.001
0.001
0.001
0.001
0.001
0.001
0.001
0.249983
0.730885
0.788286
0.708805
0.976355
1
1
1
1
1
1
1
1
1
0.736977
0.14994
0.001
0.001
0.001
0.001
0.001
0.001
0.001
0.001
0.150374
0.740344
1
1
1
1
1
1
1
1
1
0.979663
0.712086
0.789572
0.683175
0.217593
0.001
0.001
0.001
0.001
0.001
0.001
0.001
0.001
0.001
0.001
0.0983339
0.262163
0.293904
0.239309
0.490836
1
1
1
1
1
1
1
1
1
0.676748
0.136945
0.001
0.001
0.001
0.001
0.001
0.001
0.001
0.001
0.137098
0.679523
1
1
1
1
1
1
1
1
1
0.494073
0.242367
0.272076
0.227001
0.0808416
0.001
0.001
0.001
0.001
0.001
0.001
0.001
0.001
0.001
0.001
0.001
0.001
0.001
0.00848889
0.16572
0.740886
1
1
1
1
1
1
1
1
0.799843
0.179569
0.001
0.001
0.001
0.001
0.001
0.001
0.001
0.001
0.179629
0.80239
1
1
1
1
1
1
1
1
0.742365
0.166251
0.00845792
0.001
0.001
0.001
0.001
0.001
0.001
0.001
0.001
0.001
0.001
0.001
0.001
0.001
0.001
0.001
0.001
0.001
0.040824
0.294234
1
1
1
1
1
1
1
1
1
0.242412
0.0012377
0.001
0.001
0.001
0.001
0.001
0.001
0.00122357
0.24264
1
1
1
1
1
1
1
1
1
0.294834
0.0409566
0.001
0.001
0.001
0.001
0.001
0.001
0.001
0.001
0.001
0.001
0.001
0.001
0.001
0.001
0.001
0.001
0.001
0.001
0.001
0.0744784
0.639614
1
1
1
1
1
1
1
1
0.400925
0.0229619
0.001
0.001
0.001
0.001
0.001
0.001
0.0228791
0.401688
1
1
1
1
1
1
1
1
0.641288
0.0747356
0.001
0.001
0.001
0.001
0.001
0.001
0.001
0.001
0.001
0.001
0.001
0.001
0.120137
0.29356
0.299983
0.219624
0.238221
0.228918
0.159305
0.146408
0.178197
0.459599
1
1
1
1
1
1
1
1
0.647222
0.0837919
0.0365349
0.0575758
0.03322
0.0332696
0.0576605
0.0365849
0.0837918
0.648763
1
1
1
1
1
1
1
1
0.462877
0.18147
0.149688
0.162004
0.230122
0.238219
0.219139
0.299375
0.292986
0.119911
0.001
0.001
0.001
0.001
0.252814
0.748436
0.837763
0.994677
0.888132
0.847199
0.900508
0.918248
0.939318
0.990767
1
1
1
1
1
1
1
1
1
1
1
0.699336
0.207409
0.207529
0.699804
1
1
1
1
1
1
1
1
1
1
1
0.990765
0.939318
0.918251
0.900511
0.847201
0.888132
0.994677
0.837763
0.748435
0.252355
0.001
0.001
0.001
0.001
0.268664
0.987562
0.998535
1
1
1
1
1
1
1
1
1
1
1
1
1
1
1
1
1
1
1
0.392216
0.392379
1
1
1
1
1
1
1
1
1
1
1
1
1
1
1
1
1
1
1
0.998535
0.987562
0.268186
0.001
0.001
