0.312766
0.569603
0.829093
0.738247
0.543735
0.543735
0.738247
0.829093
0.569603
0.312766
0.356282
0.524438
0.649523
0.58396
0.472822
0.472822
0.58396
0.649523
0.524438
0.356282
0.3755
0.441691
0.467938
0.425961
0.388379
0.388379
0.425961
0.467938
0.441691
0.3755
0.297416
0.31397
0.31453
0.294794
0.280437
0.280437
0.294794
0.31453
0.31397
0.297416
0.172079
0.172676
0.166743
0.156972
0.150445
0.150445
0.156972
0.166743
0.172676
0.172079
0.172079
0.172676
0.166743
0.156972
0.150445
0.150445
0.156972
0.166743
0.172676
0.172079
0.297416
0.31397
0.31453
0.294794
0.280437
0.280437
0.294794
0.31453
0.31397
0.297416
0.3755
0.441691
0.467938
0.425961
0.388379
0.388379
0.425961
0.467938
0.441691
0.3755
0.356282
0.524438
0.649523
0.58396
0.472822
0.472822
0.58396
0.649523
0.524438
0.356282
0.312766
0.569603
0.829093
0.738247
0.543735
0.543735
0.738247
0.829093
0.569603
0.312766
