0.001
0.001
0.0148359
0.0960376
0.204618
0.259504
0.279088
0.300337
0.314772
0.325211
0.331977
0.335539
0.336543
0.335675
0.33383
0.332038
0.331429
0.333073
0.337958
0.347037
0.361594
0.38423
0.418387
0.492585
0.632204
0.949397
1
1
1
1
1
1
1
1
1
1
1
1
1
1
1
0.388402
0.062052
0.0111838
0.0305001
0.0828725
0.157916
0.239371
0.311358
0.355314
0.355314
0.311358
0.239371
0.157916
0.0828725
0.0305001
0.0111838
0.062052
0.388402
1
1
1
1
1
1
1
1
1
1
1
1
1
1
1
0.949397
0.632204
0.492585
0.418387
0.38423
0.361594
0.347037
0.337958
0.333073
0.331429
0.332038
0.33383
0.335675
0.336543
0.335539
0.331977
0.325211
0.314772
0.300337
0.279088
0.259504
0.204618
0.0960376
0.0148359
0.001
0.001
0.001
0.001
0.011421
0.0827526
0.18409
0.23966
0.258361
0.278569
0.293832
0.306132
0.315667
0.322596
0.32727
0.33013
0.331904
0.333547
0.336239
0.341213
0.349777
0.363352
0.384065
0.415633
0.469292
0.583917
0.804857
1
1
1
1
1
1
1
1
1
1
1
1
1
1
1
1
0.384199
0.0640136
0.0108178
0.0206297
0.0631768
0.134582
0.217552
0.290475
0.333971
0.333971
0.290475
0.217552
0.134582
0.0631768
0.0206297
0.0108178
0.0640136
0.384199
1
1
1
1
1
1
1
1
1
1
1
1
1
1
1
1
0.804857
0.583917
0.469292
0.415633
0.384065
0.363352
0.349777
0.341213
0.336239
0.333547
0.331904
0.33013
0.32727
0.322596
0.315667
0.306132
0.293832
0.278569
0.258361
0.23966
0.18409
0.0827526
0.011421
0.001
0.001
0.001
0.001
0.00649525
0.0625195
0.153083
0.208789
0.227367
0.245725
0.261996
0.276887
0.29046
0.30249
0.312951
0.321972
0.33008
0.338188
0.347648
0.360084
0.377451
0.402081
0.437569
0.490104
0.584251
0.765762
1
1
1
1
1
1
1
1
1
1
1
1
1
1
1
1
1
0.373999
0.071868
0.0146518
0.00943521
0.0363185
0.0977342
0.181781
0.258096
0.301948
0.301948
0.258096
0.181781
0.0977342
0.0363185
0.00943521
0.0146518
0.071868
0.373999
1
1
1
1
1
1
1
1
1
1
1
1
1
1
1
1
1
0.765762
0.584251
0.490104
0.437569
0.402081
0.377451
0.360084
0.347648
0.338188
0.33008
0.321972
0.312951
0.30249
0.29046
0.276887
0.261996
0.245725
0.227367
0.208789
0.153083
0.0625195
0.00649525
0.001
0.001
0.001
0.001
0.00365904
0.0492072
0.131246
0.187654
0.207215
0.22407
0.240671
0.257051
0.273359
0.289283
0.304689
0.319648
0.334707
0.350968
0.370125
0.394345
0.426163
0.468522
0.525252
0.605525
0.734846
0.962146
1
1
1
1
1
1
1
1
1
1
1
1
1
1
1
1
0.933967
0.363647
0.0912693
0.0270982
0.00646807
0.0170307
0.0592706
0.133211
0.210903
0.25812
0.25812
0.210903
0.133211
0.0592706
0.0170307
0.00646807
0.0270982
0.0912693
0.363647
0.933967
1
1
1
1
1
1
1
1
1
1
1
1
1
1
1
1
0.962146
0.734846
0.605525
0.525252
0.468522
0.426163
0.394345
0.370125
0.350968
0.334707
0.319648
0.304689
0.289283
0.273359
0.257051
0.240671
0.22407
0.207215
0.187654
0.131246
0.0492072
0.00365904
0.001
0.001
0.001
0.001
0.00334956
0.0480917
0.130347
0.188096
0.208317
0.224952
0.241485
0.258233
0.275731
0.293967
0.313102
0.333536
0.356175
0.382536
0.414649
0.454833
0.505125
0.567434
0.642283
0.739844
0.873904
1
1
1
1
1
1
1
1
1
1
1
1
1
1
1
1
1
0.832129
0.353193
0.123662
0.0502329
0.0131038
0.006804
0.0263981
0.0725472
0.133053
0.175267
0.175267
0.133053
0.0725472
0.0263981
0.006804
0.0131038
0.0502329
0.123662
0.353193
0.832129
1
1
1
1
1
1
1
1
1
1
1
1
1
1
1
1
1
0.873904
0.739844
0.642283
0.567434
0.505125
0.454833
0.414649
0.382536
0.356175
0.333536
0.313102
0.293967
0.275731
0.258233
0.241485
0.224952
0.208317
0.188096
0.130347
0.0480917
0.00334956
0.001
0.001
0.001
0.001
0.00512564
0.0578062
0.14841
0.207872
0.228511
0.24722
0.264863
0.282753
0.301951
0.323023
0.346724
0.374007
0.406217
0.445029
0.492108
0.548582
0.614054
0.687211
0.762454
0.848154
0.954428
1
1
1
1
1
1
1
1
1
1
1
1
1
1
1
1
1
0.729061
0.345965
0.166019
0.0853788
0.0301699
0.00710963
0.00761401
0.0246582
0.0521715
0.0745921
0.0745921
0.0521715
0.0246582
0.00761401
0.00710963
0.0301699
0.0853788
0.166019
0.345965
0.729061
1
1
1
1
1
1
1
1
1
1
1
1
1
1
1
1
1
0.954428
0.848154
0.762454
0.687211
0.614054
0.548582
0.492108
0.445029
0.406217
0.374007
0.346724
0.323023
0.301951
0.282753
0.264863
0.24722
0.228511
0.207872
0.14841
0.0578062
0.00512564
0.001
0.001
0.001
0.001
0.00876873
0.0730466
0.172936
0.233723
0.256759
0.28067
0.302462
0.324724
0.34888
0.376074
0.407536
0.444452
0.487988
0.539
0.597485
0.661943
0.728346
0.791603
0.842049
0.888778
0.955789
1
1
1
1
1
1
1
1
1
1
1
1
1
1
1
1
1
0.645624
0.347282
0.212507
0.130362
0.0599565
0.0179579
0.00317799
0.00355853
0.00854689
0.013334
0.013334
0.00854689
0.00355853
0.00317799
0.0179579
0.0599565
0.130362
0.212507
0.347282
0.645624
1
1
1
1
1
1
1
1
1
1
1
1
1
1
1
1
1
0.955789
0.888778
0.842049
0.791603
0.728346
0.661943
0.597485
0.539
0.487988
0.444452
0.407536
0.376074
0.34888
0.324724
0.302462
0.28067
0.256759
0.233723
0.172936
0.0730466
0.00876873
0.001
0.001
0.001
0.001
0.0135741
0.0881825
0.192841
0.254031
0.282079
0.313656
0.342958
0.373551
0.406737
0.443742
0.485536
0.532615
0.584892
0.641359
0.69959
0.755357
0.802265
0.833786
0.843158
0.849945
0.895949
1
1
1
1
1
1
1
1
1
1
1
1
1
1
1
1
1
0.590299
0.358464
0.257008
0.17897
0.101219
0.0391517
0.00803703
0.001
0.001
0.001
0.001
0.001
0.001
0.00803703
0.0391517
0.101219
0.17897
0.257008
0.358464
0.590299
1
1
1
1
1
1
1
1
1
1
1
1
1
1
1
1
1
0.895949
0.849945
0.843158
0.833786
0.802265
0.755357
0.69959
0.641359
0.584892
0.532615
0.485536
0.443742
0.406737
0.373551
0.342958
0.313656
0.282079
0.254031
0.192841
0.0881825
0.0135741
0.001
0.001
0.001
0.001
0.0181773
0.099628
0.204589
0.265209
0.298951
0.338549
0.37688
0.417677
0.46141
0.508475
0.558572
0.610594
0.66258
0.711594
0.753589
0.783494
0.796046
0.787233
0.760723
0.755561
0.823246
0.97327
1
1
1
1
1
1
1
1
1
1
1
1
1
1
1
0.902391
0.547412
0.372178
0.293837
0.223614
0.147037
0.0699268
0.0189395
0.00163607
0.001
0.001
0.001
0.001
0.00163607
0.0189395
0.0699268
0.147037
0.223614
0.293837
0.372178
0.547412
0.902391
1
1
1
1
1
1
1
1
1
1
1
1
1
1
1
0.97327
0.823246
0.755561
0.760723
0.787233
0.796046
0.783494
0.753589
0.711594
0.66258
0.610594
0.558572
0.508475
0.46141
0.417677
0.37688
0.338549
0.298951
0.265209
0.204589
0.099628
0.0181773
0.001
0.001
0.001
0.001
0.0213507
0.106274
0.209932
0.269856
0.308075
0.354057
0.400037
0.448986
0.499896
0.551588
0.602009
0.648393
0.68748
0.715739
0.729654
0.726211
0.704489
0.66582
0.628731
0.652377
0.78215
0.97378
1
1
1
1
1
1
1
1
1
1
1
1
1
1
1
0.771821
0.502431
0.38014
0.319427
0.258583
0.188875
0.105403
0.0352694
0.00410923
0.001
0.001
0.001
0.001
0.00410923
0.0352694
0.105403
0.188875
0.258583
0.319427
0.38014
0.502431
0.771821
1
1
1
1
1
1
1
1
1
1
1
1
1
1
1
0.97378
0.78215
0.652377
0.628731
0.66582
0.704489
0.726211
0.729654
0.715739
0.68748
0.648393
0.602009
0.551588
0.499896
0.448986
0.400037
0.354057
0.308075
0.269856
0.209932
0.106274
0.0213507
0.001
0.001
0.001
0.001
0.0226449
0.108639
0.21177
0.272143
0.313318
0.363059
0.412834
0.464233
0.514632
0.561373
0.601229
0.63088
0.64737
0.648562
0.633562
0.603217
0.561483
0.515303
0.500476
0.586974
0.795372
1
1
1
1
1
1
1
1
1
1
1
1
1
1
1
1
0.665823
0.459698
0.380475
0.333519
0.281903
0.221178
0.138451
0.0541273
0.00835244
0.001
0.001
0.001
0.001
0.00835244
0.0541273
0.138451
0.221178
0.281903
0.333519
0.380475
0.459698
0.665823
1
1
1
1
1
1
1
1
1
1
1
1
1
1
1
1
0.795372
0.586974
0.500476
0.515303
0.561483
0.603217
0.633562
0.648562
0.64737
0.63088
0.601229
0.561373
0.514632
0.464233
0.412834
0.363059
0.313318
0.272143
0.21177
0.108639
0.0226449
0.001
0.001
0.001
0.001
0.0222832
0.107844
0.212112
0.27466
0.317533
0.36795
0.416349
0.462946
0.50415
0.536834
0.557995
0.565362
0.557865
0.536004
0.502022
0.460081
0.416969
0.385008
0.419821
0.583441
0.857663
1
1
1
1
1
1
1
1
1
1
1
1
1
1
1
0.91434
0.584534
0.424593
0.374402
0.337932
0.294573
0.242265
0.163993
0.0720071
0.0139141
0.001
0.001
0.001
0.001
0.0139141
0.0720071
0.163993
0.242265
0.294573
0.337932
0.374402
0.424593
0.584534
0.91434
1
1
1
1
1
1
1
1
1
1
1
1
1
1
1
0.857663
0.583441
0.419821
0.385008
0.416969
0.460081
0.502022
0.536004
0.557865
0.565362
0.557995
0.536834
0.50415
0.462946
0.416349
0.36795
0.317533
0.27466
0.212112
0.107844
0.0222832
0.001
0.001
0.001
0.001
0.0207539
0.104894
0.21159
0.277443
0.320399
0.367949
0.409804
0.445523
0.471717
0.486117
0.487246
0.474893
0.450351
0.416449
0.377372
0.338595
0.307429
0.304298
0.404572
0.64243
0.950821
1
1
1
1
1
1
1
1
1
1
1
1
1
1
1
0.791252
0.515306
0.395202
0.363028
0.334872
0.298677
0.253336
0.180845
0.0865498
0.0196491
0.001
0.001
0.001
0.001
0.0196491
0.0865498
0.180845
0.253336
0.298677
0.334872
0.363028
0.395202
0.515306
0.791252
1
1
1
1
1
1
1
1
1
1
1
1
1
1
1
0.950821
0.64243
0.404572
0.304298
0.307429
0.338595
0.377372
0.416449
0.450351
0.474893
0.487246
0.486117
0.471717
0.445523
0.409804
0.367949
0.320399
0.277443
0.21159
0.104894
0.0207539
0.001
0.001
0.001
0.001
0.0185333
0.100362
0.209619
0.278523
0.31921
0.360243
0.391711
0.413567
0.423709
0.421553
0.407578
0.383517
0.35229
0.317766
0.284443
0.25739
0.24399
0.27967
0.448995
0.752346
1
1
1
1
1
1
1
1
1
1
1
1
1
1
1
1
0.691914
0.456277
0.369296
0.347933
0.326434
0.2964
0.256811
0.190121
0.0966814
0.0244034
0.001
0.001
0.001
0.001
0.0244034
0.0966814
0.190121
0.256811
0.2964
0.326434
0.347933
0.369296
0.456277
0.691914
1
1
1
1
1
1
1
1
1
1
1
1
1
1
1
1
0.752346
0.448995
0.27967
0.24399
0.25739
0.284443
0.317766
0.35229
0.383517
0.407578
0.421553
0.423709
0.413567
0.391711
0.360243
0.31921
0.278523
0.209619
0.100362
0.0185333
0.001
0.001
0.001
0.001
0.0160008
0.0944426
0.204891
0.275181
0.311032
0.342764
0.362305
0.370793
0.36788
0.354652
0.333093
0.306025
0.276903
0.249493
0.227609
0.215071
0.221584
0.306406
0.538399
0.886317
1
1
1
1
1
1
1
0.997695
1
1
1
1
1
1
1
0.968263
0.619312
0.410694
0.346322
0.330995
0.314504
0.289629
0.254901
0.193385
0.102293
0.0275539
0.00114604
0.001
0.001
0.00114604
0.0275539
0.102293
0.193385
0.254901
0.289629
0.314504
0.330995
0.346322
0.410694
0.619312
0.968263
1
1
1
1
1
1
1
0.997695
1
1
1
1
1
1
1
0.886317
0.538399
0.306406
0.221584
0.215071
0.227609
0.249493
0.276903
0.306025
0.333093
0.354652
0.36788
0.370793
0.362305
0.342764
0.311032
0.275181
0.204891
0.0944426
0.0160008
0.001
0.001
0.001
0.001
0.0134576
0.0872482
0.196202
0.265351
0.294526
0.31597
0.324563
0.322807
0.311874
0.29395
0.271737
0.248317
0.226923
0.210608
0.201959
0.203351
0.233746
0.377986
0.671722
1
1
1
1
1
1
1
0.972646
0.888049
0.907637
1
1
1
1
1
1
0.891215
0.564083
0.376434
0.325765
0.313674
0.300612
0.279827
0.249186
0.192036
0.103944
0.0290462
0.00133236
0.001
0.001
0.00133236
0.0290462
0.103944
0.192036
0.249186
0.279827
0.300612
0.313674
0.325765
0.376434
0.564083
0.891215
1
1
1
1
1
1
0.907637
0.888049
0.972646
1
1
1
1
1
1
1
0.671722
0.377986
0.233746
0.203351
0.201959
0.210608
0.226923
0.248317
0.271737
0.29395
0.311874
0.322807
0.324563
0.31597
0.294526
0.265351
0.196202
0.0872482
0.0134576
0.001
0.001
0.001
0.001
0.0111568
0.0791799
0.183461
0.248901
0.270899
0.283133
0.283745
0.276203
0.262632
0.245656
0.228067
0.212656
0.201935
0.197809
0.201176
0.214665
0.27922
0.486218
0.837125
1
1
1
1
1
1
1
0.856611
0.761954
0.813672
0.988176
1
1
1
1
1
0.831404
0.521621
0.350703
0.307752
0.297121
0.286013
0.268168
0.240825
0.187291
0.102527
0.0291672
0.00142886
0.001
0.001
0.00142886
0.0291672
0.102527
0.187291
0.240825
0.268168
0.286013
0.297121
0.307752
0.350703
0.521621
0.831404
1
1
1
1
1
0.988176
0.813672
0.761954
0.856611
1
1
1
1
1
1
1
0.837125
0.486218
0.27922
0.214665
0.201176
0.197809
0.201935
0.212656
0.228067
0.245656
0.262632
0.276203
0.283745
0.283133
0.270899
0.248901
0.183461
0.0791799
0.0111568
0.001
0.001
0.001
0.001
0.00929932
0.0711298
0.168343
0.228339
0.244069
0.249822
0.246484
0.237867
0.22646
0.214815
0.205332
0.200014
0.200222
0.206536
0.218396
0.244907
0.359795
0.632047
1
1
1
1
1
1
1
0.913273
0.709499
0.632983
0.740163
0.96389
1
1
1
1
1
0.792014
0.493347
0.332711
0.292991
0.282358
0.271854
0.255771
0.230881
0.180314
0.0990474
0.0283402
0.00144749
0.001
0.001
0.00144749
0.0283402
0.0990474
0.180314
0.230881
0.255771
0.271854
0.282358
0.292991
0.332711
0.493347
0.792014
1
1
1
1
1
0.96389
0.740163
0.632983
0.709499
0.913273
1
1
1
1
1
1
1
0.632047
0.359795
0.244907
0.218396
0.206536
0.200222
0.200014
0.205332
0.214815
0.22646
0.237867
0.246484
0.249822
0.244069
0.228339
0.168343
0.0711298
0.00929932
0.001
0.001
0.001
0.001
0.0080099
0.0643307
0.154018
0.208381
0.219882
0.222768
0.219633
0.214043
0.20834
0.204551
0.204227
0.20827
0.217007
0.23009
0.246988
0.296123
0.473322
0.811984
1
1
1
1
1
1
1
0.749261
0.543996
0.511773
0.677464
0.943122
1
1
1
1
1
0.77332
0.479023
0.321998
0.281984
0.270224
0.259244
0.243834
0.220522
0.17232
0.0945283
0.0270135
0.00141664
0.001
0.001
0.00141664
0.0270135
0.0945283
0.17232
0.220522
0.243834
0.259244
0.270224
0.281984
0.321998
0.479023
0.77332
1
1
1
1
1
0.943122
0.677464
0.511773
0.543996
0.749261
1
1
1
1
1
1
1
0.811984
0.473322
0.296123
0.246988
0.23009
0.217007
0.20827
0.204227
0.204551
0.20834
0.214043
0.219633
0.222768
0.219882
0.208381
0.154018
0.0643307
0.0080099
0.001
0.001
0.001
0.001
0.00732616
0.05991
0.143861
0.19416
0.20414
0.20776
0.208129
0.208122
0.209514
0.21351
0.220739
0.231318
0.245173
0.261254
0.283702
0.375297
0.62282
1
1
1
1
1
1
1
0.839254
0.55681
0.390563
0.41529
0.619701
0.910753
1
1
1
1
1
0.770872
0.476696
0.317781
0.274921
0.261356
0.249212
0.233592
0.211016
0.164563
0.0899476
0.0256025
0.00136913
0.001
0.001
0.00136913
0.0256025
0.0899476
0.164563
0.211016
0.233592
0.249212
0.261356
0.274921
0.317781
0.476696
0.770872
1
1
1
1
1
0.910753
0.619701
0.41529
0.390563
0.55681
0.839254
1
1
1
1
1
1
1
0.62282
0.375297
0.283702
0.261254
0.245173
0.231318
0.220739
0.21351
0.209514
0.208122
0.208129
0.20776
0.20414
0.19416
0.143861
0.05991
0.00732616
0.001
0.001
0.001
0.001
0.00721166
0.0584102
0.139851
0.188761
0.19987
0.206846
0.2123
0.218271
0.225876
0.235646
0.247665
0.261828
0.277921
0.294495
0.33256
0.48525
0.808027
1
1
1
1
1
1
0.948342
0.622677
0.374977
0.275055
0.344219
0.563829
0.864393
1
1
1
1
1
0.77958
0.484609
0.319505
0.271801
0.256091
0.242506
0.226078
0.203512
0.15818
0.0861503
0.0244513
0.00133447
0.001
0.001
0.00133447
0.0244513
0.0861503
0.15818
0.203512
0.226078
0.242506
0.256091
0.271801
0.319505
0.484609
0.77958
1
1
1
1
1
0.864393
0.563829
0.344219
0.275055
0.374977
0.622677
0.948342
1
1
1
1
1
1
0.808027
0.48525
0.33256
0.294495
0.277921
0.261828
0.247665
0.235646
0.225876
0.218271
0.2123
0.206846
0.19987
0.188761
0.139851
0.0584102
0.00721166
0.001
0.001
0.001
0.001
0.00757643
0.0595772
0.141697
0.191713
0.205708
0.217126
0.227536
0.238379
0.250347
0.263628
0.278133
0.293867
0.310002
0.328287
0.404215
0.631866
1
1
1
1
1
1
1
0.708745
0.408111
0.236631
0.203766
0.292574
0.507433
0.803595
1
1
1
1
1
0.79777
0.501879
0.327054
0.272387
0.254295
0.239344
0.221828
0.198743
0.153958
0.0837243
0.0238002
0.00133563
0.001
0.001
0.00133563
0.0238002
0.0837243
0.153958
0.198743
0.221828
0.239344
0.254295
0.272387
0.327054
0.501879
0.79777
1
1
1
1
1
0.803595
0.507433
0.292574
0.203766
0.236631
0.408111
0.708745
1
1
1
1
1
1
1
0.631866
0.404215
0.328287
0.310002
0.293867
0.278133
0.263628
0.250347
0.238379
0.227536
0.217126
0.205708
0.191713
0.141697
0.0595772
0.00757643
0.001
0.001
0.001
0.001
0.008296
0.0625616
0.147355
0.199813
0.217236
0.232945
0.247369
0.2617
0.27643
0.291625
0.307251
0.323305
0.33798
0.368763
0.505362
0.815783
1
1
1
1
1
1
0.810808
0.466013
0.24478
0.156838
0.166088
0.256513
0.45395
0.736173
1
1
1
1
1
0.824201
0.52751
0.340425
0.276258
0.255358
0.239313
0.22071
0.196824
0.152162
0.082926
0.023771
0.00138883
0.001
0.001
0.00138883
0.023771
0.082926
0.152162
0.196824
0.22071
0.239313
0.255358
0.276258
0.340425
0.52751
0.824201
1
1
1
1
1
0.736173
0.45395
0.256513
0.166088
0.156838
0.24478
0.466013
0.810808
1
1
1
1
1
1
0.815783
0.505362
0.368763
0.33798
0.323305
0.307251
0.291625
0.27643
0.2617
0.247369
0.232945
0.217236
0.199813
0.147355
0.0625616
0.008296
0.001
0.001
0.001
0.001
0.00923087
0.066352
0.154361
0.209348
0.22984
0.249088
0.2665
0.283227
0.29967
0.315877
0.331971
0.34716
0.36211
0.429666
0.64576
1
1
1
1
1
1
0.916195
0.543392
0.276714
0.149367
0.121246
0.148814
0.234173
0.408086
0.66995
0.970044
1
1
1
1
0.855663
0.559962
0.359593
0.283048
0.25842
0.241529
0.222033
0.197284
0.152539
0.083677
0.0243725
0.00150475
0.001
0.001
0.00150475
0.0243725
0.083677
0.152539
0.197284
0.222033
0.241529
0.25842
0.283048
0.359593
0.559962
0.855663
1
1
1
1
0.970044
0.66995
0.408086
0.234173
0.148814
0.121246
0.149367
0.276714
0.543392
0.916195
1
1
1
1
1
1
0.64576
0.429666
0.36211
0.34716
0.331971
0.315877
0.29967
0.283227
0.2665
0.249088
0.22984
0.209348
0.154361
0.066352
0.00923087
0.001
0.001
0.001
0.001
0.0102466
0.0701202
0.160851
0.217692
0.240455
0.262291
0.281775
0.300083
0.31756
0.334335
0.35041
0.363613
0.390731
0.520709
0.825574
1
1
1
1
1
1
0.62331
0.322048
0.162218
0.108423
0.107865
0.143813
0.223639
0.372948
0.6071
0.886486
1
1
1
1
0.888282
0.597816
0.384854
0.292885
0.262754
0.244948
0.224818
0.199308
0.154484
0.0856606
0.0255281
0.00169015
0.001
0.001
0.00169015
0.0255281
0.0856606
0.154484
0.199308
0.224818
0.244948
0.262754
0.292885
0.384854
0.597816
0.888282
1
1
1
1
0.886486
0.6071
0.372948
0.223639
0.143813
0.107865
0.108423
0.162218
0.322048
0.62331
1
1
1
1
1
1
0.825574
0.520709
0.390731
0.363613
0.35041
0.334335
0.31756
0.300083
0.281775
0.262291
0.240455
0.217692
0.160851
0.0701202
0.0102466
0.001
0.001
0.001
0.001
0.0112311
0.07335
0.16585
0.223629
0.24777
0.271215
0.291936
0.311133
0.329148
0.346233
0.361275
0.374812
0.44081
0.655553
1
1
1
1
1
1
0.709016
0.377585
0.188831
0.112984
0.0928932
0.104991
0.147232
0.222963
0.350585
0.550961
0.801456
1
1
1
1
0.919262
0.640315
0.417045
0.306651
0.268098
0.248689
0.228123
0.202036
0.157285
0.088448
0.0271117
0.00194917
0.001
0.001
0.00194917
0.0271117
0.088448
0.157285
0.202036
0.228123
0.248689
0.268098
0.306651
0.417045
0.640315
0.919262
1
1
1
1
0.801456
0.550961
0.350585
0.222963
0.147232
0.104991
0.0928932
0.112984
0.188831
0.377585
0.709016
1
1
1
1
1
1
0.655553
0.44081
0.374812
0.361275
0.346233
0.329148
0.311133
0.291936
0.271215
0.24777
0.223629
0.16585
0.07335
0.0112311
0.001
0.001
0.001
0.001
0.012105
0.0758065
0.169084
0.226992
0.251715
0.275866
0.297054
0.31651
0.334695
0.351566
0.364484
0.392222
0.524846
0.832197
1
1
1
1
1
0.799013
0.444781
0.226826
0.130065
0.0943176
0.0868582
0.108733
0.15678
0.230405
0.341565
0.508378
0.725634
0.955983
1
1
1
0.947208
0.687453
0.457423
0.326084
0.274909
0.252259
0.231229
0.204777
0.160323
0.0916294
0.0289883
0.00228466
0.001
0.001
0.00228466
0.0289883
0.0916294
0.160323
0.204777
0.231229
0.252259
0.274909
0.326084
0.457423
0.687453
0.947208
1
1
1
0.955983
0.725634
0.508378
0.341565
0.230405
0.15678
0.108733
0.0868582
0.0943176
0.130065
0.226826
0.444781
0.799013
1
1
1
1
1
0.832197
0.524846
0.392222
0.364484
0.351566
0.334695
0.31651
0.297054
0.275866
0.251715
0.226992
0.169084
0.0758065
0.012105
0.001
0.001
0.001
0.001
0.012825
0.0774475
0.170681
0.228148
0.252862
0.276979
0.297989
0.317218
0.335252
0.350631
0.364988
0.436604
0.659588
1
1
1
1
1
0.881532
0.516362
0.27302
0.157135
0.108535
0.0845195
0.0863984
0.117412
0.170705
0.243957
0.343986
0.482724
0.664186
0.866354
1
1
1
0.972747
0.739455
0.507216
0.353529
0.284499
0.25572
0.233743
0.207099
0.163176
0.0948937
0.0310451
0.00269977
0.001
0.001
0.00269977
0.0310451
0.0948937
0.163176
0.207099
0.233743
0.25572
0.284499
0.353529
0.507216
0.739455
0.972747
1
1
1
0.866354
0.664186
0.482724
0.343986
0.243957
0.170705
0.117412
0.0863984
0.0845195
0.108535
0.157135
0.27302
0.516362
0.881532
1
1
1
1
1
0.659588
0.436604
0.364988
0.350631
0.335252
0.317218
0.297989
0.276979
0.252862
0.228148
0.170681
0.0774475
0.012825
0.001
0.001
0.001
0.001
0.0133838
0.0783458
0.170923
0.227635
0.251992
0.275573
0.295983
0.314747
0.331953
0.345169
0.378282
0.522497
0.837755
1
1
1
1
0.950502
0.586044
0.325033
0.192665
0.133006
0.0964742
0.0789233
0.0906967
0.129722
0.187614
0.261611
0.354702
0.472717
0.6202
0.790066
0.957826
1
1
0.99355
0.79366
0.565957
0.391114
0.299026
0.259829
0.235629
0.208818
0.16564
0.0980639
0.0332123
0.00320022
0.001
0.001
0.00320022
0.0332123
0.0980639
0.16564
0.208818
0.235629
0.259829
0.299026
0.391114
0.565957
0.79366
0.99355
1
1
0.957826
0.790066
0.6202
0.472717
0.354702
0.261611
0.187614
0.129722
0.0906967
0.0789233
0.0964742
0.133006
0.192665
0.325033
0.586044
0.950502
1
1
1
1
0.837755
0.522497
0.378282
0.345169
0.331953
0.314747
0.295983
0.275573
0.251992
0.227635
0.170923
0.0783458
0.0133838
0.001
0.001
0.001
0.001
0.0138077
0.0786426
0.170127
0.225964
0.249854
0.272668
0.292381
0.310522
0.32565
0.343166
0.427989
0.665982
1
1
1
1
1
0.651306
0.38158
0.23583
0.166285
0.120567
0.0873865
0.077492
0.0988657
0.144595
0.206403
0.2816
0.370405
0.473643
0.593131
0.729839
0.87451
0.997301
1
1
0.841918
0.629451
0.439361
0.321147
0.266146
0.23728
0.20996
0.167681
0.10109
0.035471
0.00379708
0.001
0.001
0.00379708
0.035471
0.10109
0.167681
0.20996
0.23728
0.266146
0.321147
0.439361
0.629451
0.841918
1
1
0.997301
0.87451
0.729839
0.593131
0.473643
0.370405
0.2816
0.206403
0.144595
0.0988657
0.077492
0.0873865
0.120567
0.166285
0.23583
0.38158
0.651306
1
1
1
1
1
0.665982
0.427989
0.343166
0.32565
0.310522
0.292381
0.272668
0.249854
0.225964
0.170127
0.0786426
0.0138077
0.001
0.001
0.001
0.001
0.0141573
0.0785331
0.168601
0.223552
0.247064
0.269178
0.288373
0.305235
0.319396
0.364037
0.528832
0.850925
1
1
1
1
0.708242
0.439521
0.285313
0.207375
0.154822
0.11047
0.0813281
0.0800131
0.109977
0.16118
0.226211
0.302477
0.38814
0.480288
0.577533
0.682825
0.798698
0.912856
0.989241
0.983089
0.874288
0.690391
0.49623
0.353218
0.277028
0.23963
0.210757
0.169389
0.104022
0.0378522
0.00451025
0.001
0.001
0.00451025
0.0378522
0.104022
0.169389
0.210757
0.23963
0.277028
0.353218
0.49623
0.690391
0.874288
0.983089
0.989241
0.912856
0.798698
0.682825
0.577533
0.480288
0.38814
0.302477
0.226211
0.16118
0.109977
0.0800131
0.0813281
0.11047
0.154822
0.207375
0.285313
0.439521
0.708242
1
1
1
1
0.850925
0.528832
0.364037
0.319396
0.305235
0.288373
0.269178
0.247064
0.223552
0.168601
0.0785331
0.0141573
0.001
0.001
0.001
0.001
0.0145299
0.0782736
0.166658
0.220732
0.244117
0.265877
0.284529
0.29967
0.324951
0.43276
0.688811
1
1
1
1
0.753868
0.494768
0.338844
0.255314
0.197694
0.145683
0.102574
0.0785257
0.0859581
0.123203
0.178824
0.246364
0.323113
0.405657
0.488606
0.567954
0.646001
0.731168
0.825906
0.909809
0.941035
0.884041
0.740778
0.557065
0.396118
0.295345
0.244304
0.211714
0.170948
0.106982
0.0404319
0.00537232
0.001
0.001
0.00537232
0.0404319
0.106982
0.170948
0.211714
0.244304
0.295345
0.396118
0.557065
0.740778
0.884041
0.941035
0.909809
0.825906
0.731168
0.646001
0.567954
0.488606
0.405657
0.323113
0.246364
0.178824
0.123203
0.0859581
0.0785257
0.102574
0.145683
0.197694
0.255314
0.338844
0.494768
0.753868
1
1
1
1
0.688811
0.43276
0.324951
0.29967
0.284529
0.265877
0.244117
0.220732
0.166658
0.0782736
0.0145299
0.001
0.001
0.001
0.001
0.0150691
0.0782081
0.164662
0.21781
0.241456
0.263179
0.280801
0.299886
0.366204
0.561915
0.877336
1
1
1
0.785542
0.54293
0.392293
0.307965
0.2476
0.190645
0.138326
0.0972178
0.0789317
0.0946483
0.137883
0.197022
0.266293
0.34261
0.421354
0.495768
0.560351
0.616065
0.672974
0.743027
0.82182
0.877739
0.868368
0.773433
0.615145
0.448158
0.323695
0.253668
0.213764
0.172652
0.110141
0.0433258
0.00643292
0.001
0.001
0.00643292
0.0433258
0.110141
0.172652
0.213764
0.253668
0.323695
0.448158
0.615145
0.773433
0.868368
0.877739
0.82182
0.743027
0.672974
0.616065
0.560351
0.495768
0.421354
0.34261
0.266293
0.197022
0.137883
0.0946483
0.0789317
0.0972178
0.138326
0.190645
0.2476
0.307965
0.392293
0.54293
0.785542
1
1
1
0.877336
0.561915
0.366204
0.299886
0.280801
0.263179
0.241456
0.21781
0.164662
0.0782081
0.0150691
0.001
0.001
0.001
0.001
0.0159853
0.0788136
0.163093
0.215171
0.239423
0.260899
0.280058
0.324532
0.467962
0.735888
1
1
1
0.803832
0.579502
0.4399
0.360696
0.30167
0.2428
0.185157
0.133173
0.0944365
0.0823278
0.105421
0.153507
0.215337
0.285457
0.360203
0.434097
0.499914
0.551816
0.589836
0.62334
0.668262
0.732671
0.799198
0.827719
0.782833
0.662605
0.50463
0.363098
0.270596
0.218473
0.175
0.113717
0.0466877
0.00776421
0.001
0.001
0.00776421
0.0466877
0.113717
0.175
0.218473
0.270596
0.363098
0.50463
0.662605
0.782833
0.827719
0.799198
0.732671
0.668262
0.62334
0.589836
0.551816
0.499914
0.434097
0.360203
0.285457
0.215337
0.153507
0.105421
0.0823278
0.0944365
0.133173
0.185157
0.2428
0.30167
0.360696
0.4399
0.579502
0.803832
1
1
1
0.735888
0.467962
0.324532
0.280058
0.260899
0.239423
0.215171
0.163093
0.0788136
0.0159853
0.001
0.001
0.001
0.001
0.0175908
0.0807595
0.162633
0.213302
0.238063
0.260432
0.295769
0.400689
0.625818
0.895793
1
1
0.808321
0.602657
0.475518
0.406559
0.354358
0.298261
0.239358
0.181728
0.13026
0.094234
0.0883561
0.117716
0.169653
0.233343
0.303293
0.375191
0.443064
0.499903
0.540455
0.564604
0.580283
0.603297
0.64862
0.712936
0.765857
0.7662
0.69179
0.558251
0.41171
0.297663
0.228162
0.178889
0.118016
0.0507138
0.00946913
0.001
0.001
0.00946913
0.0507138
0.118016
0.178889
0.228162
0.297663
0.41171
0.558251
0.69179
0.7662
0.765857
0.712936
0.64862
0.603297
0.580283
0.564604
0.540455
0.499903
0.443064
0.375191
0.303293
0.233343
0.169653
0.117716
0.0883561
0.094234
0.13026
0.181728
0.239358
0.298261
0.354358
0.406559
0.475518
0.602657
0.808321
1
1
0.895793
0.625818
0.400689
0.295769
0.260432
0.238063
0.213302
0.162633
0.0807595
0.0175908
0.001
0.001
0.001
0.001
0.0203455
0.0849557
0.164172
0.212674
0.238431
0.271481
0.352412
0.534451
0.784582
0.962507
0.956603
0.797125
0.612615
0.495205
0.438357
0.397876
0.350551
0.295852
0.237808
0.180362
0.129596
0.0965746
0.0965891
0.131071
0.185922
0.250555
0.319182
0.386902
0.447633
0.495109
0.525254
0.538485
0.541484
0.547794
0.573929
0.626775
0.689414
0.724314
0.69678
0.6003
0.464204
0.335678
0.245674
0.185855
0.123546
0.0556646
0.0116967
0.001
0.001
0.0116967
0.0556646
0.123546
0.185855
0.245674
0.335678
0.464204
0.6003
0.69678
0.724314
0.689414
0.626775
0.573929
0.547794
0.541484
0.538485
0.525254
0.495109
0.447633
0.386902
0.319182
0.250555
0.185922
0.131071
0.0965891
0.0965746
0.129596
0.180362
0.237808
0.295852
0.350551
0.397876
0.438357
0.495205
0.612615
0.797125
0.956603
0.962507
0.784582
0.534451
0.352412
0.271481
0.238431
0.212674
0.164172
0.0849557
0.0203455
0.001
0.001
0.001
0.001
0.024891
0.0924906
0.168646
0.214455
0.247789
0.314744
0.462179
0.682233
0.866251
0.899123
0.777538
0.610198
0.499077
0.451694
0.424827
0.391289
0.347082
0.294846
0.237946
0.180925
0.131146
0.101323
0.106582
0.14506
0.20187
0.266406
0.332444
0.394678
0.447322
0.485243
0.505851
0.510468
0.50498
0.500134
0.510411
0.547403
0.60685
0.661869
0.674997
0.622421
0.512286
0.382154
0.273438
0.198243
0.13125
0.0619272
0.0146688
0.001
0.001
0.0146688
0.0619272
0.13125
0.198243
0.273438
0.382154
0.512286
0.622421
0.674997
0.661869
0.60685
0.547403
0.510411
0.500134
0.50498
0.510468
0.505851
0.485243
0.447322
0.394678
0.332444
0.266406
0.20187
0.14506
0.106582
0.101323
0.131146
0.180925
0.237946
0.294846
0.347082
0.391289
0.424827
0.451694
0.499077
0.610198
0.777538
0.899123
0.866251
0.682233
0.462179
0.314744
0.247789
0.214455
0.168646
0.0924906
0.024891
0.001
0.001
0.001
0.00166828
0.03211
0.104351
0.177208
0.224167
0.282834
0.404352
0.593696
0.771256
0.830076
0.744434
0.597028
0.489773
0.446598
0.431144
0.413033
0.383966
0.343921
0.294586
0.239267
0.183144
0.13475
0.108217
0.117883
0.159235
0.216954
0.280213
0.342332
0.397888
0.441774
0.470261
0.482335
0.480282
0.469517
0.458308
0.457657
0.479102
0.52672
0.586823
0.628259
0.618636
0.546166
0.430545
0.311668
0.218863
0.142803
0.0701683
0.01872
0.00109836
0.00109836
0.01872
0.0701683
0.142803
0.218863
0.311668
0.430545
0.546166
0.618636
0.628259
0.586823
0.52672
0.479102
0.457657
0.458308
0.469517
0.480282
0.482335
0.470261
0.441774
0.397888
0.342332
0.280213
0.216954
0.159235
0.117883
0.108217
0.13475
0.183144
0.239267
0.294586
0.343921
0.383966
0.413033
0.431144
0.446598
0.489773
0.597028
0.744434
0.830076
0.771256
0.593696
0.404352
0.282834
0.224167
0.177208
0.104351
0.03211
0.00166828
0.001
0.001
0.00417234
0.0434765
0.1214
0.193329
0.254407
0.356486
0.517878
0.682034
0.756124
0.701489
0.575377
0.471414
0.427201
0.417775
0.412453
0.399251
0.375331
0.339889
0.294059
0.241082
0.186564
0.140092
0.116865
0.129998
0.173055
0.230495
0.291166
0.348047
0.395928
0.430732
0.450285
0.455055
0.448126
0.434523
0.420557
0.413821
0.423193
0.455784
0.508864
0.563068
0.587442
0.556988
0.470941
0.356427
0.249652
0.160736
0.081627
0.0243661
0.00192307
0.00192307
0.0243661
0.081627
0.160736
0.249652
0.356427
0.470941
0.556988
0.587442
0.563068
0.508864
0.455784
0.423193
0.413821
0.420557
0.434523
0.448126
0.455055
0.450285
0.430732
0.395928
0.348047
0.291166
0.230495
0.173055
0.129998
0.116865
0.140092
0.186564
0.241082
0.294059
0.339889
0.375331
0.399251
0.412453
0.417775
0.427201
0.471414
0.575377
0.701489
0.756124
0.682034
0.517878
0.356486
0.254407
0.193329
0.1214
0.0434765
0.00417234
0.001
0.001
0.0105661
0.0618845
0.146011
0.224829
0.315219
0.451942
0.599151
0.680245
0.651341
0.547679
0.448958
0.400613
0.390827
0.392366
0.391292
0.382817
0.364101
0.333693
0.29221
0.242549
0.190562
0.146699
0.12674
0.142346
0.185849
0.241668
0.298358
0.348778
0.388289
0.414108
0.425629
0.42457
0.414496
0.399946
0.385682
0.376618
0.378448
0.3975
0.436957
0.489405
0.533069
0.539784
0.492429
0.398977
0.289354
0.187777
0.098415
0.0325062
0.00357325
0.00357325
0.0325062
0.098415
0.187777
0.289354
0.398977
0.492429
0.539784
0.533069
0.489405
0.436957
0.3975
0.378448
0.376618
0.385682
0.399946
0.414496
0.42457
0.425629
0.414108
0.388289
0.348778
0.298358
0.241668
0.185849
0.142346
0.12674
0.146699
0.190562
0.242549
0.29221
0.333693
0.364101
0.382817
0.391292
0.392366
0.390827
0.400613
0.448958
0.547679
0.651341
0.680245
0.599151
0.451942
0.315219
0.224829
0.146011
0.0618845
0.0105661
0.001
0.001
0.0229897
0.0906828
0.182745
0.276761
0.392658
0.521617
0.603567
0.595323
0.514976
0.425565
0.373593
0.358943
0.360769
0.365371
0.367259
0.362871
0.349147
0.324196
0.287922
0.242672
0.194338
0.153901
0.13715
0.154188
0.196738
0.249428
0.300709
0.343632
0.374461
0.391855
0.396638
0.391421
0.379868
0.365847
0.35283
0.343843
0.342049
0.351542
0.376688
0.417849
0.464872
0.495762
0.486425
0.42687
0.330815
0.22419
0.12312
0.0449732
0.00706094
0.00706094
0.0449732
0.12312
0.22419
0.330815
0.42687
0.486425
0.495762
0.464872
0.417849
0.376688
0.351542
0.342049
0.343843
0.35283
0.365847
0.379868
0.391421
0.396638
0.391855
0.374461
0.343632
0.300709
0.249428
0.196738
0.154188
0.13715
0.153901
0.194338
0.242672
0.287922
0.324196
0.349147
0.362871
0.367259
0.365371
0.360769
0.358943
0.373593
0.425565
0.514976
0.595323
0.603567
0.521617
0.392658
0.276761
0.182745
0.0906828
0.0229897
0.001
0.00319558
0.0409414
0.129456
0.232635
0.337331
0.447802
0.525964
0.533628
0.476539
0.400971
0.349082
0.328752
0.326553
0.330825
0.336385
0.340103
0.338887
0.329777
0.310477
0.280131
0.240413
0.196977
0.160874
0.147257
0.164654
0.204739
0.252701
0.297235
0.331955
0.354287
0.364318
0.364002
0.356401
0.344885
0.33249
0.321588
0.313936
0.311099
0.315173
0.329295
0.356454
0.395102
0.433788
0.451753
0.429298
0.36207
0.26509
0.157419
0.0649903
0.014389
0.014389
0.0649903
0.157419
0.26509
0.36207
0.429298
0.451753
0.433788
0.395102
0.356454
0.329295
0.315173
0.311099
0.313936
0.321588
0.33249
0.344885
0.356401
0.364002
0.364318
0.354287
0.331955
0.297235
0.252701
0.204739
0.164654
0.147257
0.160874
0.196977
0.240413
0.280131
0.310477
0.329777
0.338887
0.340103
0.336385
0.330825
0.326553
0.328752
0.349082
0.400971
0.476539
0.533628
0.525964
0.447802
0.337331
0.232635
0.129456
0.0409414
0.00319558
0.00661311
0.0604613
0.170261
0.281263
0.375654
0.449432
0.468403
0.432704
0.373969
0.326736
0.302893
0.295601
0.296193
0.300294
0.305581
0.309867
0.310693
0.305375
0.291414
0.267364
0.234188
0.196992
0.166245
0.155696
0.172267
0.208158
0.249702
0.286369
0.312705
0.327384
0.33168
0.328212
0.32
0.309799
0.299751
0.291327
0.285473
0.282903
0.284512
0.291911
0.30759
0.333423
0.366544
0.39524
0.400832
0.367974
0.296085
0.195514
0.0934485
0.0281159
0.0281159
0.0934485
0.195514
0.296085
0.367974
0.400832
0.39524
0.366544
0.333423
0.30759
0.291911
0.284512
0.282903
0.285473
0.291327
0.299751
0.309799
0.32
0.328212
0.33168
0.327384
0.312705
0.286369
0.249702
0.208158
0.172267
0.155696
0.166245
0.196992
0.234188
0.267364
0.291414
0.305375
0.310693
0.309867
0.305581
0.300294
0.296193
0.295601
0.302893
0.326736
0.373969
0.432704
0.468403
0.449432
0.375654
0.281263
0.170261
0.0604613
0.00661311
0.00739087
0.0727252
0.20049
0.307609
0.367749
0.395539
0.380158
0.340109
0.301931
0.278214
0.26733
0.263837
0.26446
0.267549
0.271808
0.275783
0.277649
0.275162
0.265938
0.248262
0.222515
0.192967
0.168719
0.161179
0.175567
0.205288
0.238684
0.266676
0.285007
0.293421
0.293897
0.289157
0.281755
0.273662
0.266199
0.26017
0.256038
0.254112
0.254736
0.258561
0.266875
0.281529
0.303383
0.328817
0.346959
0.342519
0.304022
0.22504
0.122986
0.045424
0.045424
0.122986
0.22504
0.304022
0.342519
0.346959
0.328817
0.303383
0.281529
0.266875
0.258561
0.254736
0.254112
0.256038
0.26017
0.266199
0.273662
0.281755
0.289157
0.293897
0.293421
0.285007
0.266676
0.238684
0.205288
0.175567
0.161179
0.168719
0.192967
0.222515
0.248262
0.265938
0.275162
0.277649
0.275783
0.271808
0.267549
0.26446
0.263837
0.26733
0.278214
0.301931
0.340109
0.380158
0.395539
0.367749
0.307609
0.20049
0.0727252
0.00739087
0.00419803
0.0579361
0.183511
0.293239
0.332895
0.328516
0.303817
0.275818
0.25548
0.243548
0.237367
0.234857
0.234889
0.236637
0.239264
0.241737
0.242682
0.240355
0.232874
0.218913
0.198919
0.17647
0.158657
0.153719
0.165135
0.188135
0.21399
0.235541
0.249385
0.255479
0.255645
0.252172
0.247009
0.241519
0.236547
0.232589
0.229944
0.228807
0.22935
0.231829
0.236753
0.245069
0.257945
0.275322
0.292913
0.299681
0.27854
0.213477
0.119135
0.0458079
0.0458079
0.119135
0.213477
0.27854
0.299681
0.292913
0.275322
0.257945
0.245069
0.236753
0.231829
0.22935
0.228807
0.229944
0.232589
0.236547
0.241519
0.247009
0.252172
0.255645
0.255479
0.249385
0.235541
0.21399
0.188135
0.165135
0.153719
0.158657
0.17647
0.198919
0.218913
0.232874
0.240355
0.242682
0.241737
0.239264
0.236637
0.234889
0.234857
0.237367
0.243548
0.25548
0.275818
0.303817
0.328516
0.332895
0.293239
0.183511
0.0579361
0.00419803
0.00126747
0.0244588
0.10037
0.198114
0.246762
0.248565
0.235957
0.220932
0.208296
0.198332
0.190616
0.184811
0.180642
0.177799
0.175818
0.173985
0.171325
0.166688
0.158989
0.147685
0.133472
0.11885
0.107997
0.105273
0.112396
0.126887
0.143933
0.159139
0.170028
0.176151
0.178359
0.177936
0.176049
0.173574
0.171114
0.169091
0.167805
0.167465
0.168227
0.170224
0.173624
0.178699
0.185795
0.194823
0.203511
0.204455
0.183545
0.13138
0.0671376
0.0241769
0.0241769
0.0671376
0.13138
0.183545
0.204455
0.203511
0.194823
0.185795
0.178699
0.173624
0.170224
0.168227
0.167465
0.167805
0.169091
0.171114
0.173574
0.176049
0.177936
0.178359
0.176151
0.170028
0.159139
0.143933
0.126887
0.112396
0.105273
0.107997
0.11885
0.133472
0.147685
0.158989
0.166688
0.171325
0.173985
0.175818
0.177799
0.180642
0.184811
0.190616
0.198332
0.208296
0.220932
0.235957
0.248565
0.246762
0.198114
0.10037
0.0244588
0.00126747
0.001
0.00339597
0.0238444
0.0655764
0.106472
0.127683
0.133758
0.130343
0.122811
0.114028
0.105278
0.0970935
0.0897669
0.083475
0.0781848
0.0736077
0.0692797
0.0647026
0.059496
0.0535687
0.0472884
0.0415478
0.0376088
0.0366554
0.0391225
0.0443386
0.0509109
0.0573945
0.0627704
0.0666083
0.0689471
0.0700672
0.070316
0.0700268
0.069495
0.0689715
0.0686572
0.0687001
0.0691993
0.0702126
0.0717573
0.073784
0.0760928
0.0781012
0.0783163
0.0736984
0.059976
0.0376794
0.0162974
0.00454863
0.00454863
0.0162974
0.0376794
0.059976
0.0736984
0.0783163
0.0781012
0.0760928
0.073784
0.0717573
0.0702126
0.0691993
0.0687001
0.0686572
0.0689715
0.069495
0.0700268
0.070316
0.0700672
0.0689471
0.0666083
0.0627704
0.0573945
0.0509109
0.0443386
0.0391225
0.0366554
0.0376088
0.0415478
0.0472884
0.0535687
0.059496
0.0647026
0.0692797
0.0736077
0.0781848
0.083475
0.0897669
0.0970935
0.105278
0.114028
0.122811
0.130343
0.133758
0.127683
0.106472
0.0655764
0.0238444
0.00339597
0.001
0.001
0.001
0.00126714
0.00471188
0.0134311
0.0246323
0.0327473
0.0352547
0.0338735
0.0306145
0.0266344
0.0225145
0.018601
0.0151271
0.0122016
0.00980921
0.00786308
0.00626759
0.00495435
0.00388889
0.0030612
0.002473
0.00212915
0.00203308
0.00218059
0.00255262
0.00311121
0.00379733
0.0045339
0.00523844
0.00584064
0.00629667
0.00659503
0.0067535
0.00680958
0.0068081
0.00679019
0.0067863
0.00681324
0.00687216
0.00694266
0.00701754
0.00695402
0.00653855
0.00562526
0.00412393
0.00249003
0.00127707
0.001
0.001
0.001
0.001
0.00127707
0.00249003
0.00412393
0.00562526
0.00653855
0.00695402
0.00701754
0.00694266
0.00687216
0.00681324
0.0067863
0.00679019
0.0068081
0.00680958
0.0067535
0.00659503
0.00629667
0.00584064
0.00523844
0.0045339
0.00379733
0.00311121
0.00255262
0.00218059
0.00203308
0.00212915
0.002473
0.0030612
0.00388889
0.00495435
0.00626759
0.00786308
0.00980921
0.0122016
0.0151271
0.018601
0.0225145
0.0266344
0.0306145
0.0338735
0.0352547
0.0327473
0.0246323
0.0134311
0.00471188
0.00126714
0.001
0.001
0.001
0.001
0.001
0.001
0.001
0.001
0.001
0.001
0.001
0.001
0.001
0.001
0.001
0.001
0.001
0.001
0.001
0.001
0.001
0.001
0.001
0.001
0.001
0.001
0.001
0.001
0.001
0.001
0.001
0.001
0.001
0.001
0.001
0.001
0.001
0.001
0.001
0.001
0.001
0.001
0.001
0.001
0.001
0.001
0.001
0.001
0.001
0.001
0.001
0.001
0.001
0.001
0.001
0.001
0.001
0.001
0.001
0.001
0.001
0.001
0.001
0.001
0.001
0.001
0.001
0.001
0.001
0.001
0.001
0.001
0.001
0.001
0.001
0.001
0.001
0.001
0.001
0.001
0.001
0.001
0.001
0.001
0.001
0.001
0.001
0.001
0.001
0.001
0.001
0.001
0.001
0.001
0.001
0.001
0.001
0.001
0.001
0.001
0.001
0.001
0.001
0.001
0.001
0.001
0.001
0.001
0.001
0.001
0.001
0.001
0.001
0.001
0.001
0.001
0.001
0.001
0.001
0.001
0.001
0.001
0.001
0.001
0.001
0.001
0.001
0.001
0.001
0.001
0.001
0.001
0.001
0.001
0.001
0.001
0.001
0.001
0.001
0.001
0.001
0.001
0.001
0.001
0.001
0.001
0.001
0.001
0.001
0.001
0.001
0.001
0.001
0.001
0.001
0.001
0.001
0.001
0.001
0.001
0.001
0.001
0.001
0.001
0.001
0.001
0.001
0.001
0.001
0.001
0.001
0.001
0.001
0.001
0.001
0.001
0.001
0.001
0.001
0.001
0.001
0.001
0.001
0.001
0.001
0.001
0.001
0.001
0.001
0.001
0.001
0.001
0.001
0.001
0.001
0.001
0.001
0.001
0.001
0.001
0.001
0.001
0.001
0.001
0.001
0.001
0.001
0.001
0.001
0.001
0.001
0.001
0.001
0.001
0.001
0.001
0.001
0.001
0.001
0.001
0.001
0.001
0.001
0.001
0.001
0.001
0.001
0.001
0.001
0.001
0.001
0.001
0.001
0.001
0.001
0.001
0.001
0.001
0.001
0.001
0.001
0.001
0.001
0.001
0.001
0.001
0.001
0.001
0.001
0.001
0.001
0.001
0.001
0.001
0.001
0.001
0.001
0.001
0.001
0.001
0.001
0.001
0.001
0.001
0.001
0.001
0.001
0.001
0.001
0.001
0.001
0.001
0.001
0.001
0.001
0.001
0.001
0.001
0.001
0.001
0.001
0.001
0.001
0.001
0.001
0.001
0.001
0.001
0.001
0.001
0.001
0.001
0.001
0.001
0.001
0.001
0.001
0.001
0.001
0.001
0.001
0.001
0.001
0.001
0.001
0.001
0.001
0.001
0.001
0.001
0.001
0.001
0.001
0.001
0.001
0.001
0.001
0.001
0.001
0.001
0.001
0.001
0.001
0.001
0.001
0.001
0.001
0.001
0.001
0.001
0.001
0.001
0.001
0.001
0.001
0.001
0.001
0.001
0.001
0.001
0.001
0.001
0.001
0.001
0.001
0.001
0.001
0.001
0.001
0.001
0.001
0.001
0.001
0.001
0.001
0.001
0.001
0.001
0.001
0.001
0.001
0.001
0.001
0.001
0.001
0.001
0.001
0.001
0.001
0.001
0.001
0.001
0.001
0.001
0.001
0.001
0.001
0.001
0.001
0.001
0.001
0.001
0.001
0.001
0.001
0.001
0.001
0.001
0.001
0.001
0.001
0.001
0.001
0.001
0.001
0.001
0.001
0.001
0.001
0.001
0.001
0.001
0.001
0.001
0.00126714
0.00471188
0.0134311
0.0246323
0.0327473
0.0352547
0.0338735
0.0306145
0.0266344
0.0225145
0.018601
0.0151271
0.0122016
0.00980921
0.00786308
0.00626759
0.00495435
0.00388889
0.0030612
0.002473
0.00212915
0.00203308
0.00218059
0.00255262
0.00311121
0.00379733
0.0045339
0.00523844
0.00584064
0.00629667
0.00659503
0.0067535
0.00680958
0.0068081
0.00679019
0.0067863
0.00681324
0.00687216
0.00694266
0.00701754
0.00695402
0.00653855
0.00562526
0.00412393
0.00249003
0.00127707
0.001
0.001
0.001
0.001
0.00127707
0.00249003
0.00412393
0.00562526
0.00653855
0.00695402
0.00701754
0.00694266
0.00687216
0.00681324
0.0067863
0.00679019
0.0068081
0.00680958
0.0067535
0.00659503
0.00629667
0.00584064
0.00523844
0.0045339
0.00379733
0.00311121
0.00255262
0.00218059
0.00203308
0.00212915
0.002473
0.0030612
0.00388889
0.00495435
0.00626759
0.00786308
0.00980921
0.0122016
0.0151271
0.018601
0.0225145
0.0266344
0.0306145
0.0338735
0.0352547
0.0327473
0.0246323
0.0134311
0.00471188
0.00126714
0.001
0.001
0.001
0.00339597
0.0238444
0.0655764
0.106472
0.127683
0.133758
0.130343
0.122811
0.114028
0.105278
0.0970935
0.0897669
0.083475
0.0781848
0.0736077
0.0692797
0.0647026
0.059496
0.0535687
0.0472884
0.0415478
0.0376088
0.0366554
0.0391225
0.0443386
0.0509109
0.0573945
0.0627704
0.0666083
0.0689471
0.0700672
0.070316
0.0700268
0.069495
0.0689715
0.0686572
0.0687001
0.0691993
0.0702126
0.0717573
0.073784
0.0760928
0.0781012
0.0783163
0.0736984
0.059976
0.0376794
0.0162974
0.00454863
0.00454863
0.0162974
0.0376794
0.059976
0.0736984
0.0783163
0.0781012
0.0760928
0.073784
0.0717573
0.0702126
0.0691993
0.0687001
0.0686572
0.0689715
0.069495
0.0700268
0.070316
0.0700672
0.0689471
0.0666083
0.0627704
0.0573945
0.0509109
0.0443386
0.0391225
0.0366554
0.0376088
0.0415478
0.0472884
0.0535687
0.059496
0.0647026
0.0692797
0.0736077
0.0781848
0.083475
0.0897669
0.0970935
0.105278
0.114028
0.122811
0.130343
0.133758
0.127683
0.106472
0.0655764
0.0238444
0.00339597
0.001
0.00126747
0.0244588
0.10037
0.198114
0.246762
0.248565
0.235957
0.220932
0.208296
0.198332
0.190616
0.184811
0.180642
0.177799
0.175818
0.173985
0.171325
0.166688
0.158989
0.147685
0.133472
0.11885
0.107997
0.105273
0.112396
0.126887
0.143933
0.159139
0.170028
0.176151
0.178359
0.177936
0.176049
0.173574
0.171114
0.169091
0.167805
0.167465
0.168227
0.170224
0.173624
0.178699
0.185795
0.194823
0.203511
0.204455
0.183545
0.13138
0.0671376
0.0241769
0.0241769
0.0671376
0.13138
0.183545
0.204455
0.203511
0.194823
0.185795
0.178699
0.173624
0.170224
0.168227
0.167465
0.167805
0.169091
0.171114
0.173574
0.176049
0.177936
0.178359
0.176151
0.170028
0.159139
0.143933
0.126887
0.112396
0.105273
0.107997
0.11885
0.133472
0.147685
0.158989
0.166688
0.171325
0.173985
0.175818
0.177799
0.180642
0.184811
0.190616
0.198332
0.208296
0.220932
0.235957
0.248565
0.246762
0.198114
0.10037
0.0244588
0.00126747
0.00419803
0.0579361
0.183511
0.293239
0.332895
0.328516
0.303817
0.275818
0.25548
0.243548
0.237367
0.234857
0.234889
0.236637
0.239264
0.241737
0.242682
0.240355
0.232874
0.218913
0.198919
0.17647
0.158657
0.153719
0.165135
0.188135
0.21399
0.235541
0.249385
0.255479
0.255645
0.252172
0.247009
0.241519
0.236547
0.232589
0.229944
0.228807
0.22935
0.231829
0.236753
0.245069
0.257945
0.275322
0.292913
0.299681
0.27854
0.213477
0.119135
0.0458079
0.0458079
0.119135
0.213477
0.27854
0.299681
0.292913
0.275322
0.257945
0.245069
0.236753
0.231829
0.22935
0.228807
0.229944
0.232589
0.236547
0.241519
0.247009
0.252172
0.255645
0.255479
0.249385
0.235541
0.21399
0.188135
0.165135
0.153719
0.158657
0.17647
0.198919
0.218913
0.232874
0.240355
0.242682
0.241737
0.239264
0.236637
0.234889
0.234857
0.237367
0.243548
0.25548
0.275818
0.303817
0.328516
0.332895
0.293239
0.183511
0.0579361
0.00419803
0.00739087
0.0727252
0.20049
0.307609
0.367749
0.395539
0.380158
0.340109
0.301931
0.278214
0.26733
0.263837
0.26446
0.267549
0.271808
0.275783
0.277649
0.275162
0.265938
0.248262
0.222515
0.192967
0.168719
0.161179
0.175567
0.205288
0.238684
0.266676
0.285007
0.293421
0.293897
0.289157
0.281755
0.273662
0.266199
0.26017
0.256038
0.254112
0.254736
0.258561
0.266875
0.281529
0.303383
0.328817
0.346959
0.342519
0.304022
0.22504
0.122986
0.045424
0.045424
0.122986
0.22504
0.304022
0.342519
0.346959
0.328817
0.303383
0.281529
0.266875
0.258561
0.254736
0.254112
0.256038
0.26017
0.266199
0.273662
0.281755
0.289157
0.293897
0.293421
0.285007
0.266676
0.238684
0.205288
0.175567
0.161179
0.168719
0.192967
0.222515
0.248262
0.265938
0.275162
0.277649
0.275783
0.271808
0.267549
0.26446
0.263837
0.26733
0.278214
0.301931
0.340109
0.380158
0.395539
0.367749
0.307609
0.20049
0.0727252
0.00739087
0.00661311
0.0604613
0.170261
0.281263
0.375654
0.449432
0.468403
0.432704
0.373969
0.326736
0.302893
0.295601
0.296193
0.300294
0.305581
0.309867
0.310693
0.305375
0.291414
0.267364
0.234188
0.196992
0.166245
0.155696
0.172267
0.208158
0.249702
0.286369
0.312705
0.327384
0.33168
0.328212
0.32
0.309799
0.299751
0.291327
0.285473
0.282903
0.284512
0.291911
0.30759
0.333423
0.366544
0.39524
0.400832
0.367974
0.296085
0.195514
0.0934485
0.0281159
0.0281159
0.0934485
0.195514
0.296085
0.367974
0.400832
0.39524
0.366544
0.333423
0.30759
0.291911
0.284512
0.282903
0.285473
0.291327
0.299751
0.309799
0.32
0.328212
0.33168
0.327384
0.312705
0.286369
0.249702
0.208158
0.172267
0.155696
0.166245
0.196992
0.234188
0.267364
0.291414
0.305375
0.310693
0.309867
0.305581
0.300294
0.296193
0.295601
0.302893
0.326736
0.373969
0.432704
0.468403
0.449432
0.375654
0.281263
0.170261
0.0604613
0.00661311
0.00319558
0.0409414
0.129456
0.232635
0.337331
0.447802
0.525964
0.533628
0.476539
0.400971
0.349082
0.328752
0.326553
0.330825
0.336385
0.340103
0.338887
0.329777
0.310477
0.280131
0.240413
0.196977
0.160874
0.147257
0.164654
0.204739
0.252701
0.297235
0.331955
0.354287
0.364318
0.364002
0.356401
0.344885
0.33249
0.321588
0.313936
0.311099
0.315173
0.329295
0.356454
0.395102
0.433788
0.451753
0.429298
0.36207
0.26509
0.157419
0.0649903
0.014389
0.014389
0.0649903
0.157419
0.26509
0.36207
0.429298
0.451753
0.433788
0.395102
0.356454
0.329295
0.315173
0.311099
0.313936
0.321588
0.33249
0.344885
0.356401
0.364002
0.364318
0.354287
0.331955
0.297235
0.252701
0.204739
0.164654
0.147257
0.160874
0.196977
0.240413
0.280131
0.310477
0.329777
0.338887
0.340103
0.336385
0.330825
0.326553
0.328752
0.349082
0.400971
0.476539
0.533628
0.525964
0.447802
0.337331
0.232635
0.129456
0.0409414
0.00319558
0.001
0.0229897
0.0906828
0.182745
0.276761
0.392658
0.521617
0.603567
0.595323
0.514976
0.425565
0.373593
0.358943
0.360769
0.365371
0.367259
0.362871
0.349147
0.324196
0.287922
0.242672
0.194338
0.153901
0.13715
0.154188
0.196738
0.249428
0.300709
0.343632
0.374461
0.391855
0.396638
0.391421
0.379868
0.365847
0.35283
0.343843
0.342049
0.351542
0.376688
0.417849
0.464872
0.495762
0.486425
0.42687
0.330815
0.22419
0.12312
0.0449732
0.00706094
0.00706094
0.0449732
0.12312
0.22419
0.330815
0.42687
0.486425
0.495762
0.464872
0.417849
0.376688
0.351542
0.342049
0.343843
0.35283
0.365847
0.379868
0.391421
0.396638
0.391855
0.374461
0.343632
0.300709
0.249428
0.196738
0.154188
0.13715
0.153901
0.194338
0.242672
0.287922
0.324196
0.349147
0.362871
0.367259
0.365371
0.360769
0.358943
0.373593
0.425565
0.514976
0.595323
0.603567
0.521617
0.392658
0.276761
0.182745
0.0906828
0.0229897
0.001
0.001
0.0105661
0.0618845
0.146011
0.224829
0.315219
0.451942
0.599151
0.680245
0.651341
0.547679
0.448958
0.400613
0.390827
0.392366
0.391292
0.382817
0.364101
0.333693
0.29221
0.242549
0.190562
0.146699
0.12674
0.142346
0.185849
0.241668
0.298358
0.348778
0.388289
0.414108
0.425629
0.42457
0.414496
0.399946
0.385682
0.376618
0.378448
0.3975
0.436957
0.489405
0.533069
0.539784
0.492429
0.398977
0.289354
0.187777
0.098415
0.0325062
0.00357325
0.00357325
0.0325062
0.098415
0.187777
0.289354
0.398977
0.492429
0.539784
0.533069
0.489405
0.436957
0.3975
0.378448
0.376618
0.385682
0.399946
0.414496
0.42457
0.425629
0.414108
0.388289
0.348778
0.298358
0.241668
0.185849
0.142346
0.12674
0.146699
0.190562
0.242549
0.29221
0.333693
0.364101
0.382817
0.391292
0.392366
0.390827
0.400613
0.448958
0.547679
0.651341
0.680245
0.599151
0.451942
0.315219
0.224829
0.146011
0.0618845
0.0105661
0.001
0.001
0.00417234
0.0434765
0.1214
0.193329
0.254407
0.356486
0.517878
0.682034
0.756124
0.701489
0.575377
0.471414
0.427201
0.417775
0.412453
0.399251
0.375331
0.339889
0.294059
0.241082
0.186564
0.140092
0.116865
0.129998
0.173055
0.230495
0.291166
0.348047
0.395928
0.430732
0.450285
0.455055
0.448126
0.434523
0.420557
0.413821
0.423193
0.455784
0.508864
0.563068
0.587442
0.556988
0.470941
0.356427
0.249652
0.160736
0.081627
0.0243661
0.00192307
0.00192307
0.0243661
0.081627
0.160736
0.249652
0.356427
0.470941
0.556988
0.587442
0.563068
0.508864
0.455784
0.423193
0.413821
0.420557
0.434523
0.448126
0.455055
0.450285
0.430732
0.395928
0.348047
0.291166
0.230495
0.173055
0.129998
0.116865
0.140092
0.186564
0.241082
0.294059
0.339889
0.375331
0.399251
0.412453
0.417775
0.427201
0.471414
0.575377
0.701489
0.756124
0.682034
0.517878
0.356486
0.254407
0.193329
0.1214
0.0434765
0.00417234
0.001
0.001
0.00166828
0.03211
0.104351
0.177208
0.224167
0.282834
0.404352
0.593696
0.771256
0.830076
0.744434
0.597028
0.489773
0.446598
0.431144
0.413033
0.383966
0.343921
0.294586
0.239267
0.183144
0.13475
0.108217
0.117883
0.159235
0.216954
0.280213
0.342332
0.397888
0.441774
0.470261
0.482335
0.480282
0.469517
0.458308
0.457657
0.479102
0.52672
0.586823
0.628259
0.618636
0.546166
0.430545
0.311668
0.218863
0.142803
0.0701683
0.01872
0.00109836
0.00109836
0.01872
0.0701683
0.142803
0.218863
0.311668
0.430545
0.546166
0.618636
0.628259
0.586823
0.52672
0.479102
0.457657
0.458308
0.469517
0.480282
0.482335
0.470261
0.441774
0.397888
0.342332
0.280213
0.216954
0.159235
0.117883
0.108217
0.13475
0.183144
0.239267
0.294586
0.343921
0.383966
0.413033
0.431144
0.446598
0.489773
0.597028
0.744434
0.830076
0.771256
0.593696
0.404352
0.282834
0.224167
0.177208
0.104351
0.03211
0.00166828
0.001
0.001
0.001
0.024891
0.0924906
0.168646
0.214455
0.247789
0.314744
0.462179
0.682233
0.866251
0.899123
0.777538
0.610198
0.499077
0.451694
0.424827
0.391289
0.347082
0.294846
0.237946
0.180925
0.131146
0.101323
0.106582
0.14506
0.20187
0.266406
0.332444
0.394678
0.447322
0.485243
0.505851
0.510468
0.50498
0.500134
0.510411
0.547403
0.60685
0.661869
0.674997
0.622421
0.512286
0.382154
0.273438
0.198243
0.13125
0.0619272
0.0146688
0.001
0.001
0.0146688
0.0619272
0.13125
0.198243
0.273438
0.382154
0.512286
0.622421
0.674997
0.661869
0.60685
0.547403
0.510411
0.500134
0.50498
0.510468
0.505851
0.485243
0.447322
0.394678
0.332444
0.266406
0.20187
0.14506
0.106582
0.101323
0.131146
0.180925
0.237946
0.294846
0.347082
0.391289
0.424827
0.451694
0.499077
0.610198
0.777538
0.899123
0.866251
0.682233
0.462179
0.314744
0.247789
0.214455
0.168646
0.0924906
0.024891
0.001
0.001
0.001
0.001
0.0203455
0.0849557
0.164172
0.212674
0.238431
0.271481
0.352412
0.534451
0.784582
0.962507
0.956603
0.797125
0.612615
0.495205
0.438357
0.397876
0.350551
0.295852
0.237808
0.180362
0.129596
0.0965746
0.0965891
0.131071
0.185922
0.250555
0.319182
0.386902
0.447633
0.495109
0.525254
0.538485
0.541484
0.547794
0.573929
0.626775
0.689414
0.724314
0.69678
0.6003
0.464204
0.335678
0.245674
0.185855
0.123546
0.0556646
0.0116967
0.001
0.001
0.0116967
0.0556646
0.123546
0.185855
0.245674
0.335678
0.464204
0.6003
0.69678
0.724314
0.689414
0.626775
0.573929
0.547794
0.541484
0.538485
0.525254
0.495109
0.447633
0.386902
0.319182
0.250555
0.185922
0.131071
0.0965891
0.0965746
0.129596
0.180362
0.237808
0.295852
0.350551
0.397876
0.438357
0.495205
0.612615
0.797125
0.956603
0.962507
0.784582
0.534451
0.352412
0.271481
0.238431
0.212674
0.164172
0.0849557
0.0203455
0.001
0.001
0.001
0.001
0.0175908
0.0807595
0.162633
0.213302
0.238063
0.260432
0.295769
0.400689
0.625818
0.895793
1
1
0.808321
0.602657
0.475518
0.406559
0.354358
0.298261
0.239358
0.181728
0.13026
0.094234
0.0883561
0.117716
0.169653
0.233343
0.303293
0.375191
0.443064
0.499903
0.540455
0.564604
0.580283
0.603297
0.64862
0.712936
0.765857
0.7662
0.69179
0.558251
0.41171
0.297663
0.228162
0.178889
0.118016
0.0507138
0.00946913
0.001
0.001
0.00946913
0.0507138
0.118016
0.178889
0.228162
0.297663
0.41171
0.558251
0.69179
0.7662
0.765857
0.712936
0.64862
0.603297
0.580283
0.564604
0.540455
0.499903
0.443064
0.375191
0.303293
0.233343
0.169653
0.117716
0.0883561
0.094234
0.13026
0.181728
0.239358
0.298261
0.354358
0.406559
0.475518
0.602657
0.808321
1
1
0.895793
0.625818
0.400689
0.295769
0.260432
0.238063
0.213302
0.162633
0.0807595
0.0175908
0.001
0.001
0.001
0.001
0.0159853
0.0788136
0.163093
0.215171
0.239423
0.260899
0.280058
0.324532
0.467962
0.735888
1
1
1
0.803832
0.579502
0.4399
0.360696
0.30167
0.2428
0.185157
0.133173
0.0944365
0.0823278
0.105421
0.153507
0.215337
0.285457
0.360203
0.434097
0.499914
0.551816
0.589836
0.62334
0.668262
0.732671
0.799198
0.827719
0.782833
0.662605
0.50463
0.363098
0.270596
0.218473
0.175
0.113717
0.0466877
0.00776421
0.001
0.001
0.00776421
0.0466877
0.113717
0.175
0.218473
0.270596
0.363098
0.50463
0.662605
0.782833
0.827719
0.799198
0.732671
0.668262
0.62334
0.589836
0.551816
0.499914
0.434097
0.360203
0.285457
0.215337
0.153507
0.105421
0.0823278
0.0944365
0.133173
0.185157
0.2428
0.30167
0.360696
0.4399
0.579502
0.803832
1
1
1
0.735888
0.467962
0.324532
0.280058
0.260899
0.239423
0.215171
0.163093
0.0788136
0.0159853
0.001
0.001
0.001
0.001
0.0150691
0.0782081
0.164662
0.21781
0.241456
0.263179
0.280801
0.299886
0.366204
0.561915
0.877336
1
1
1
0.785542
0.54293
0.392293
0.307965
0.2476
0.190645
0.138326
0.0972178
0.0789317
0.0946483
0.137883
0.197022
0.266293
0.34261
0.421354
0.495768
0.560351
0.616065
0.672974
0.743027
0.82182
0.877739
0.868368
0.773433
0.615145
0.448158
0.323695
0.253668
0.213764
0.172652
0.110141
0.0433258
0.00643292
0.001
0.001
0.00643292
0.0433258
0.110141
0.172652
0.213764
0.253668
0.323695
0.448158
0.615145
0.773433
0.868368
0.877739
0.82182
0.743027
0.672974
0.616065
0.560351
0.495768
0.421354
0.34261
0.266293
0.197022
0.137883
0.0946483
0.0789317
0.0972178
0.138326
0.190645
0.2476
0.307965
0.392293
0.54293
0.785542
1
1
1
0.877336
0.561915
0.366204
0.299886
0.280801
0.263179
0.241456
0.21781
0.164662
0.0782081
0.0150691
0.001
0.001
0.001
0.001
0.0145299
0.0782736
0.166658
0.220732
0.244117
0.265877
0.284529
0.29967
0.324951
0.43276
0.688811
1
1
1
1
0.753868
0.494768
0.338844
0.255314
0.197694
0.145683
0.102574
0.0785257
0.0859581
0.123203
0.178824
0.246364
0.323113
0.405657
0.488606
0.567954
0.646001
0.731168
0.825906
0.909809
0.941035
0.884041
0.740778
0.557065
0.396118
0.295345
0.244304
0.211714
0.170948
0.106982
0.0404319
0.00537232
0.001
0.001
0.00537232
0.0404319
0.106982
0.170948
0.211714
0.244304
0.295345
0.396118
0.557065
0.740778
0.884041
0.941035
0.909809
0.825906
0.731168
0.646001
0.567954
0.488606
0.405657
0.323113
0.246364
0.178824
0.123203
0.0859581
0.0785257
0.102574
0.145683
0.197694
0.255314
0.338844
0.494768
0.753868
1
1
1
1
0.688811
0.43276
0.324951
0.29967
0.284529
0.265877
0.244117
0.220732
0.166658
0.0782736
0.0145299
0.001
0.001
0.001
0.001
0.0141573
0.0785331
0.168601
0.223552
0.247064
0.269178
0.288373
0.305235
0.319396
0.364037
0.528832
0.850925
1
1
1
1
0.708242
0.439521
0.285313
0.207375
0.154822
0.11047
0.0813281
0.0800131
0.109977
0.16118
0.226211
0.302477
0.38814
0.480288
0.577533
0.682825
0.798698
0.912856
0.989241
0.983089
0.874288
0.690391
0.49623
0.353218
0.277028
0.23963
0.210757
0.169389
0.104022
0.0378522
0.00451025
0.001
0.001
0.00451025
0.0378522
0.104022
0.169389
0.210757
0.23963
0.277028
0.353218
0.49623
0.690391
0.874288
0.983089
0.989241
0.912856
0.798698
0.682825
0.577533
0.480288
0.38814
0.302477
0.226211
0.16118
0.109977
0.0800131
0.0813281
0.11047
0.154822
0.207375
0.285313
0.439521
0.708242
1
1
1
1
0.850925
0.528832
0.364037
0.319396
0.305235
0.288373
0.269178
0.247064
0.223552
0.168601
0.0785331
0.0141573
0.001
0.001
0.001
0.001
0.0138077
0.0786426
0.170127
0.225964
0.249854
0.272668
0.292381
0.310522
0.32565
0.343166
0.427989
0.665982
1
1
1
1
1
0.651306
0.38158
0.23583
0.166285
0.120567
0.0873865
0.077492
0.0988657
0.144595
0.206403
0.2816
0.370405
0.473643
0.593131
0.729839
0.87451
0.997301
1
1
0.841918
0.629451
0.439361
0.321147
0.266146
0.23728
0.20996
0.167681
0.10109
0.035471
0.00379708
0.001
0.001
0.00379708
0.035471
0.10109
0.167681
0.20996
0.23728
0.266146
0.321147
0.439361
0.629451
0.841918
1
1
0.997301
0.87451
0.729839
0.593131
0.473643
0.370405
0.2816
0.206403
0.144595
0.0988657
0.077492
0.0873865
0.120567
0.166285
0.23583
0.38158
0.651306
1
1
1
1
1
0.665982
0.427989
0.343166
0.32565
0.310522
0.292381
0.272668
0.249854
0.225964
0.170127
0.0786426
0.0138077
0.001
0.001
0.001
0.001
0.0133838
0.0783458
0.170923
0.227635
0.251992
0.275573
0.295983
0.314747
0.331953
0.345169
0.378282
0.522497
0.837755
1
1
1
1
0.950502
0.586044
0.325033
0.192665
0.133006
0.0964742
0.0789233
0.0906967
0.129722
0.187614
0.261611
0.354702
0.472717
0.6202
0.790066
0.957826
1
1
0.99355
0.79366
0.565957
0.391114
0.299026
0.259829
0.235629
0.208818
0.16564
0.0980639
0.0332123
0.00320022
0.001
0.001
0.00320022
0.0332123
0.0980639
0.16564
0.208818
0.235629
0.259829
0.299026
0.391114
0.565957
0.79366
0.99355
1
1
0.957826
0.790066
0.6202
0.472717
0.354702
0.261611
0.187614
0.129722
0.0906967
0.0789233
0.0964742
0.133006
0.192665
0.325033
0.586044
0.950502
1
1
1
1
0.837755
0.522497
0.378282
0.345169
0.331953
0.314747
0.295983
0.275573
0.251992
0.227635
0.170923
0.0783458
0.0133838
0.001
0.001
0.001
0.001
0.012825
0.0774475
0.170681
0.228148
0.252862
0.276979
0.297989
0.317218
0.335252
0.350631
0.364988
0.436604
0.659588
1
1
1
1
1
0.881532
0.516362
0.27302
0.157135
0.108535
0.0845195
0.0863984
0.117412
0.170705
0.243957
0.343986
0.482724
0.664186
0.866354
1
1
1
0.972747
0.739455
0.507216
0.353529
0.284499
0.25572
0.233743
0.207099
0.163176
0.0948937
0.0310451
0.00269977
0.001
0.001
0.00269977
0.0310451
0.0948937
0.163176
0.207099
0.233743
0.25572
0.284499
0.353529
0.507216
0.739455
0.972747
1
1
1
0.866354
0.664186
0.482724
0.343986
0.243957
0.170705
0.117412
0.0863984
0.0845195
0.108535
0.157135
0.27302
0.516362
0.881532
1
1
1
1
1
0.659588
0.436604
0.364988
0.350631
0.335252
0.317218
0.297989
0.276979
0.252862
0.228148
0.170681
0.0774475
0.012825
0.001
0.001
0.001
0.001
0.012105
0.0758065
0.169084
0.226992
0.251715
0.275866
0.297054
0.31651
0.334695
0.351566
0.364484
0.392222
0.524846
0.832197
1
1
1
1
1
0.799013
0.444781
0.226826
0.130065
0.0943176
0.0868582
0.108733
0.15678
0.230405
0.341565
0.508378
0.725634
0.955983
1
1
1
0.947208
0.687453
0.457423
0.326084
0.274909
0.252259
0.231229
0.204777
0.160323
0.0916294
0.0289883
0.00228466
0.001
0.001
0.00228466
0.0289883
0.0916294
0.160323
0.204777
0.231229
0.252259
0.274909
0.326084
0.457423
0.687453
0.947208
1
1
1
0.955983
0.725634
0.508378
0.341565
0.230405
0.15678
0.108733
0.0868582
0.0943176
0.130065
0.226826
0.444781
0.799013
1
1
1
1
1
0.832197
0.524846
0.392222
0.364484
0.351566
0.334695
0.31651
0.297054
0.275866
0.251715
0.226992
0.169084
0.0758065
0.012105
0.001
0.001
0.001
0.001
0.0112311
0.07335
0.16585
0.223629
0.24777
0.271215
0.291936
0.311133
0.329148
0.346233
0.361275
0.374812
0.44081
0.655553
1
1
1
1
1
1
0.709016
0.377585
0.188831
0.112984
0.0928932
0.104991
0.147232
0.222963
0.350585
0.550961
0.801456
1
1
1
1
0.919262
0.640315
0.417045
0.306651
0.268098
0.248689
0.228123
0.202036
0.157285
0.088448
0.0271117
0.00194917
0.001
0.001
0.00194917
0.0271117
0.088448
0.157285
0.202036
0.228123
0.248689
0.268098
0.306651
0.417045
0.640315
0.919262
1
1
1
1
0.801456
0.550961
0.350585
0.222963
0.147232
0.104991
0.0928932
0.112984
0.188831
0.377585
0.709016
1
1
1
1
1
1
0.655553
0.44081
0.374812
0.361275
0.346233
0.329148
0.311133
0.291936
0.271215
0.24777
0.223629
0.16585
0.07335
0.0112311
0.001
0.001
0.001
0.001
0.0102466
0.0701202
0.160851
0.217692
0.240455
0.262291
0.281775
0.300083
0.31756
0.334335
0.35041
0.363613
0.390731
0.520709
0.825574
1
1
1
1
1
1
0.62331
0.322048
0.162218
0.108423
0.107865
0.143813
0.223639
0.372948
0.6071
0.886486
1
1
1
1
0.888282
0.597816
0.384854
0.292885
0.262754
0.244948
0.224818
0.199308
0.154484
0.0856606
0.0255281
0.00169015
0.001
0.001
0.00169015
0.0255281
0.0856606
0.154484
0.199308
0.224818
0.244948
0.262754
0.292885
0.384854
0.597816
0.888282
1
1
1
1
0.886486
0.6071
0.372948
0.223639
0.143813
0.107865
0.108423
0.162218
0.322048
0.62331
1
1
1
1
1
1
0.825574
0.520709
0.390731
0.363613
0.35041
0.334335
0.31756
0.300083
0.281775
0.262291
0.240455
0.217692
0.160851
0.0701202
0.0102466
0.001
0.001
0.001
0.001
0.00923087
0.066352
0.154361
0.209348
0.22984
0.249088
0.2665
0.283227
0.29967
0.315877
0.331971
0.34716
0.36211
0.429666
0.64576
1
1
1
1
1
1
0.916195
0.543392
0.276714
0.149367
0.121246
0.148814
0.234173
0.408086
0.66995
0.970044
1
1
1
1
0.855663
0.559962
0.359593
0.283048
0.25842
0.241529
0.222033
0.197284
0.152539
0.083677
0.0243725
0.00150475
0.001
0.001
0.00150475
0.0243725
0.083677
0.152539
0.197284
0.222033
0.241529
0.25842
0.283048
0.359593
0.559962
0.855663
1
1
1
1
0.970044
0.66995
0.408086
0.234173
0.148814
0.121246
0.149367
0.276714
0.543392
0.916195
1
1
1
1
1
1
0.64576
0.429666
0.36211
0.34716
0.331971
0.315877
0.29967
0.283227
0.2665
0.249088
0.22984
0.209348
0.154361
0.066352
0.00923087
0.001
0.001
0.001
0.001
0.008296
0.0625616
0.147355
0.199813
0.217236
0.232945
0.247369
0.2617
0.27643
0.291625
0.307251
0.323305
0.33798
0.368763
0.505362
0.815783
1
1
1
1
1
1
0.810808
0.466013
0.24478
0.156838
0.166088
0.256513
0.45395
0.736173
1
1
1
1
1
0.824201
0.52751
0.340425
0.276258
0.255358
0.239313
0.22071
0.196824
0.152162
0.082926
0.023771
0.00138883
0.001
0.001
0.00138883
0.023771
0.082926
0.152162
0.196824
0.22071
0.239313
0.255358
0.276258
0.340425
0.52751
0.824201
1
1
1
1
1
0.736173
0.45395
0.256513
0.166088
0.156838
0.24478
0.466013
0.810808
1
1
1
1
1
1
0.815783
0.505362
0.368763
0.33798
0.323305
0.307251
0.291625
0.27643
0.2617
0.247369
0.232945
0.217236
0.199813
0.147355
0.0625616
0.008296
0.001
0.001
0.001
0.001
0.00757643
0.0595772
0.141697
0.191713
0.205708
0.217126
0.227536
0.238379
0.250347
0.263628
0.278133
0.293867
0.310002
0.328287
0.404215
0.631866
1
1
1
1
1
1
1
0.708745
0.408111
0.236631
0.203766
0.292574
0.507433
0.803595
1
1
1
1
1
0.79777
0.501879
0.327054
0.272387
0.254295
0.239344
0.221828
0.198743
0.153958
0.0837243
0.0238002
0.00133563
0.001
0.001
0.00133563
0.0238002
0.0837243
0.153958
0.198743
0.221828
0.239344
0.254295
0.272387
0.327054
0.501879
0.79777
1
1
1
1
1
0.803595
0.507433
0.292574
0.203766
0.236631
0.408111
0.708745
1
1
1
1
1
1
1
0.631866
0.404215
0.328287
0.310002
0.293867
0.278133
0.263628
0.250347
0.238379
0.227536
0.217126
0.205708
0.191713
0.141697
0.0595772
0.00757643
0.001
0.001
0.001
0.001
0.00721166
0.0584102
0.139851
0.188761
0.19987
0.206846
0.2123
0.218271
0.225876
0.235646
0.247665
0.261828
0.277921
0.294495
0.33256
0.48525
0.808027
1
1
1
1
1
1
0.948342
0.622677
0.374977
0.275055
0.344219
0.563829
0.864393
1
1
1
1
1
0.77958
0.484609
0.319505
0.271801
0.256091
0.242506
0.226078
0.203512
0.15818
0.0861503
0.0244513
0.00133447
0.001
0.001
0.00133447
0.0244513
0.0861503
0.15818
0.203512
0.226078
0.242506
0.256091
0.271801
0.319505
0.484609
0.77958
1
1
1
1
1
0.864393
0.563829
0.344219
0.275055
0.374977
0.622677
0.948342
1
1
1
1
1
1
0.808027
0.48525
0.33256
0.294495
0.277921
0.261828
0.247665
0.235646
0.225876
0.218271
0.2123
0.206846
0.19987
0.188761
0.139851
0.0584102
0.00721166
0.001
0.001
0.001
0.001
0.00732616
0.05991
0.143861
0.19416
0.20414
0.20776
0.208129
0.208122
0.209514
0.21351
0.220739
0.231318
0.245173
0.261254
0.283702
0.375297
0.62282
1
1
1
1
1
1
1
0.839254
0.55681
0.390563
0.41529
0.619701
0.910753
1
1
1
1
1
0.770872
0.476696
0.317781
0.274921
0.261356
0.249212
0.233592
0.211016
0.164563
0.0899476
0.0256025
0.00136913
0.001
0.001
0.00136913
0.0256025
0.0899476
0.164563
0.211016
0.233592
0.249212
0.261356
0.274921
0.317781
0.476696
0.770872
1
1
1
1
1
0.910753
0.619701
0.41529
0.390563
0.55681
0.839254
1
1
1
1
1
1
1
0.62282
0.375297
0.283702
0.261254
0.245173
0.231318
0.220739
0.21351
0.209514
0.208122
0.208129
0.20776
0.20414
0.19416
0.143861
0.05991
0.00732616
0.001
0.001
0.001
0.001
0.0080099
0.0643307
0.154018
0.208381
0.219882
0.222768
0.219633
0.214043
0.20834
0.204551
0.204227
0.20827
0.217007
0.23009
0.246988
0.296123
0.473322
0.811984
1
1
1
1
1
1
1
0.749261
0.543996
0.511773
0.677464
0.943122
1
1
1
1
1
0.77332
0.479023
0.321998
0.281984
0.270224
0.259244
0.243834
0.220522
0.17232
0.0945283
0.0270135
0.00141664
0.001
0.001
0.00141664
0.0270135
0.0945283
0.17232
0.220522
0.243834
0.259244
0.270224
0.281984
0.321998
0.479023
0.77332
1
1
1
1
1
0.943122
0.677464
0.511773
0.543996
0.749261
1
1
1
1
1
1
1
0.811984
0.473322
0.296123
0.246988
0.23009
0.217007
0.20827
0.204227
0.204551
0.20834
0.214043
0.219633
0.222768
0.219882
0.208381
0.154018
0.0643307
0.0080099
0.001
0.001
0.001
0.001
0.00929932
0.0711298
0.168343
0.228339
0.244069
0.249822
0.246484
0.237867
0.22646
0.214815
0.205332
0.200014
0.200222
0.206536
0.218396
0.244907
0.359795
0.632047
1
1
1
1
1
1
1
0.913273
0.709499
0.632983
0.740163
0.96389
1
1
1
1
1
0.792014
0.493347
0.332711
0.292991
0.282358
0.271854
0.255771
0.230881
0.180314
0.0990474
0.0283402
0.00144749
0.001
0.001
0.00144749
0.0283402
0.0990474
0.180314
0.230881
0.255771
0.271854
0.282358
0.292991
0.332711
0.493347
0.792014
1
1
1
1
1
0.96389
0.740163
0.632983
0.709499
0.913273
1
1
1
1
1
1
1
0.632047
0.359795
0.244907
0.218396
0.206536
0.200222
0.200014
0.205332
0.214815
0.22646
0.237867
0.246484
0.249822
0.244069
0.228339
0.168343
0.0711298
0.00929932
0.001
0.001
0.001
0.001
0.0111568
0.0791799
0.183461
0.248901
0.270899
0.283133
0.283745
0.276203
0.262632
0.245656
0.228067
0.212656
0.201935
0.197809
0.201176
0.214665
0.27922
0.486218
0.837125
1
1
1
1
1
1
1
0.856611
0.761954
0.813672
0.988176
1
1
1
1
1
0.831404
0.521621
0.350703
0.307752
0.297121
0.286013
0.268168
0.240825
0.187291
0.102527
0.0291672
0.00142886
0.001
0.001
0.00142886
0.0291672
0.102527
0.187291
0.240825
0.268168
0.286013
0.297121
0.307752
0.350703
0.521621
0.831404
1
1
1
1
1
0.988176
0.813672
0.761954
0.856611
1
1
1
1
1
1
1
0.837125
0.486218
0.27922
0.214665
0.201176
0.197809
0.201935
0.212656
0.228067
0.245656
0.262632
0.276203
0.283745
0.283133
0.270899
0.248901
0.183461
0.0791799
0.0111568
0.001
0.001
0.001
0.001
0.0134576
0.0872482
0.196202
0.265351
0.294526
0.31597
0.324563
0.322807
0.311874
0.29395
0.271737
0.248317
0.226923
0.210608
0.201959
0.203351
0.233746
0.377986
0.671722
1
1
1
1
1
1
1
0.972646
0.888049
0.907637
1
1
1
1
1
1
0.891215
0.564083
0.376434
0.325765
0.313674
0.300612
0.279827
0.249186
0.192036
0.103944
0.0290462
0.00133236
0.001
0.001
0.00133236
0.0290462
0.103944
0.192036
0.249186
0.279827
0.300612
0.313674
0.325765
0.376434
0.564083
0.891215
1
1
1
1
1
1
0.907637
0.888049
0.972646
1
1
1
1
1
1
1
0.671722
0.377986
0.233746
0.203351
0.201959
0.210608
0.226923
0.248317
0.271737
0.29395
0.311874
0.322807
0.324563
0.31597
0.294526
0.265351
0.196202
0.0872482
0.0134576
0.001
0.001
0.001
0.001
0.0160008
0.0944426
0.204891
0.275181
0.311032
0.342764
0.362305
0.370793
0.36788
0.354652
0.333093
0.306025
0.276903
0.249493
0.227609
0.215071
0.221584
0.306406
0.538399
0.886317
1
1
1
1
1
1
1
0.997695
1
1
1
1
1
1
1
0.968263
0.619312
0.410694
0.346322
0.330995
0.314504
0.289629
0.254901
0.193385
0.102293
0.0275539
0.00114604
0.001
0.001
0.00114604
0.0275539
0.102293
0.193385
0.254901
0.289629
0.314504
0.330995
0.346322
0.410694
0.619312
0.968263
1
1
1
1
1
1
1
0.997695
1
1
1
1
1
1
1
0.886317
0.538399
0.306406
0.221584
0.215071
0.227609
0.249493
0.276903
0.306025
0.333093
0.354652
0.36788
0.370793
0.362305
0.342764
0.311032
0.275181
0.204891
0.0944426
0.0160008
0.001
0.001
0.001
0.001
0.0185333
0.100362
0.209619
0.278523
0.31921
0.360243
0.391711
0.413567
0.423709
0.421553
0.407578
0.383517
0.35229
0.317766
0.284443
0.25739
0.24399
0.27967
0.448995
0.752346
1
1
1
1
1
1
1
1
1
1
1
1
1
1
1
1
0.691914
0.456277
0.369296
0.347933
0.326434
0.2964
0.256811
0.190121
0.0966814
0.0244034
0.001
0.001
0.001
0.001
0.0244034
0.0966814
0.190121
0.256811
0.2964
0.326434
0.347933
0.369296
0.456277
0.691914
1
1
1
1
1
1
1
1
1
1
1
1
1
1
1
1
0.752346
0.448995
0.27967
0.24399
0.25739
0.284443
0.317766
0.35229
0.383517
0.407578
0.421553
0.423709
0.413567
0.391711
0.360243
0.31921
0.278523
0.209619
0.100362
0.0185333
0.001
0.001
0.001
0.001
0.0207539
0.104894
0.21159
0.277443
0.320399
0.367949
0.409804
0.445523
0.471717
0.486117
0.487246
0.474893
0.450351
0.416449
0.377372
0.338595
0.307429
0.304298
0.404572
0.64243
0.950821
1
1
1
1
1
1
1
1
1
1
1
1
1
1
1
0.791252
0.515306
0.395202
0.363028
0.334872
0.298677
0.253336
0.180845
0.0865498
0.0196491
0.001
0.001
0.001
0.001
0.0196491
0.0865498
0.180845
0.253336
0.298677
0.334872
0.363028
0.395202
0.515306
0.791252
1
1
1
1
1
1
1
1
1
1
1
1
1
1
1
0.950821
0.64243
0.404572
0.304298
0.307429
0.338595
0.377372
0.416449
0.450351
0.474893
0.487246
0.486117
0.471717
0.445523
0.409804
0.367949
0.320399
0.277443
0.21159
0.104894
0.0207539
0.001
0.001
0.001
0.001
0.0222832
0.107844
0.212112
0.27466
0.317533
0.36795
0.416349
0.462946
0.50415
0.536834
0.557995
0.565362
0.557865
0.536004
0.502022
0.460081
0.416969
0.385008
0.419821
0.583441
0.857663
1
1
1
1
1
1
1
1
1
1
1
1
1
1
1
0.91434
0.584534
0.424593
0.374402
0.337932
0.294573
0.242265
0.163993
0.0720071
0.0139141
0.001
0.001
0.001
0.001
0.0139141
0.0720071
0.163993
0.242265
0.294573
0.337932
0.374402
0.424593
0.584534
0.91434
1
1
1
1
1
1
1
1
1
1
1
1
1
1
1
0.857663
0.583441
0.419821
0.385008
0.416969
0.460081
0.502022
0.536004
0.557865
0.565362
0.557995
0.536834
0.50415
0.462946
0.416349
0.36795
0.317533
0.27466
0.212112
0.107844
0.0222832
0.001
0.001
0.001
0.001
0.0226449
0.108639
0.21177
0.272143
0.313318
0.363059
0.412834
0.464233
0.514632
0.561373
0.601229
0.63088
0.64737
0.648562
0.633562
0.603217
0.561483
0.515303
0.500476
0.586974
0.795372
1
1
1
1
1
1
1
1
1
1
1
1
1
1
1
1
0.665823
0.459698
0.380475
0.333519
0.281903
0.221178
0.138451
0.0541273
0.00835244
0.001
0.001
0.001
0.001
0.00835244
0.0541273
0.138451
0.221178
0.281903
0.333519
0.380475
0.459698
0.665823
1
1
1
1
1
1
1
1
1
1
1
1
1
1
1
1
0.795372
0.586974
0.500476
0.515303
0.561483
0.603217
0.633562
0.648562
0.64737
0.63088
0.601229
0.561373
0.514632
0.464233
0.412834
0.363059
0.313318
0.272143
0.21177
0.108639
0.0226449
0.001
0.001
0.001
0.001
0.0213507
0.106274
0.209932
0.269856
0.308075
0.354057
0.400037
0.448986
0.499896
0.551588
0.602009
0.648393
0.68748
0.715739
0.729654
0.726211
0.704489
0.66582
0.628731
0.652377
0.78215
0.97378
1
1
1
1
1
1
1
1
1
1
1
1
1
1
1
0.771821
0.502431
0.38014
0.319427
0.258583
0.188875
0.105403
0.0352694
0.00410923
0.001
0.001
0.001
0.001
0.00410923
0.0352694
0.105403
0.188875
0.258583
0.319427
0.38014
0.502431
0.771821
1
1
1
1
1
1
1
1
1
1
1
1
1
1
1
0.97378
0.78215
0.652377
0.628731
0.66582
0.704489
0.726211
0.729654
0.715739
0.68748
0.648393
0.602009
0.551588
0.499896
0.448986
0.400037
0.354057
0.308075
0.269856
0.209932
0.106274
0.0213507
0.001
0.001
0.001
0.001
0.0181773
0.099628
0.204589
0.265209
0.298951
0.338549
0.37688
0.417677
0.46141
0.508475
0.558572
0.610594
0.66258
0.711594
0.753589
0.783494
0.796046
0.787233
0.760723
0.755561
0.823246
0.97327
1
1
1
1
1
1
1
1
1
1
1
1
1
1
1
0.902391
0.547412
0.372178
0.293837
0.223614
0.147037
0.0699268
0.0189395
0.00163607
0.001
0.001
0.001
0.001
0.00163607
0.0189395
0.0699268
0.147037
0.223614
0.293837
0.372178
0.547412
0.902391
1
1
1
1
1
1
1
1
1
1
1
1
1
1
1
0.97327
0.823246
0.755561
0.760723
0.787233
0.796046
0.783494
0.753589
0.711594
0.66258
0.610594
0.558572
0.508475
0.46141
0.417677
0.37688
0.338549
0.298951
0.265209
0.204589
0.099628
0.0181773
0.001
0.001
0.001
0.001
0.0135741
0.0881825
0.192841
0.254031
0.282079
0.313656
0.342958
0.373551
0.406737
0.443742
0.485536
0.532615
0.584892
0.641359
0.69959
0.755357
0.802265
0.833786
0.843158
0.849945
0.895949
1
1
1
1
1
1
1
1
1
1
1
1
1
1
1
1
1
0.590299
0.358464
0.257008
0.17897
0.101219
0.0391517
0.00803703
0.001
0.001
0.001
0.001
0.001
0.001
0.00803703
0.0391517
0.101219
0.17897
0.257008
0.358464
0.590299
1
1
1
1
1
1
1
1
1
1
1
1
1
1
1
1
1
0.895949
0.849945
0.843158
0.833786
0.802265
0.755357
0.69959
0.641359
0.584892
0.532615
0.485536
0.443742
0.406737
0.373551
0.342958
0.313656
0.282079
0.254031
0.192841
0.0881825
0.0135741
0.001
0.001
0.001
0.001
0.00876873
0.0730466
0.172936
0.233723
0.256759
0.28067
0.302462
0.324724
0.34888
0.376074
0.407536
0.444452
0.487988
0.539
0.597485
0.661943
0.728346
0.791603
0.842049
0.888778
0.955789
1
1
1
1
1
1
1
1
1
1
1
1
1
1
1
1
1
0.645624
0.347282
0.212507
0.130362
0.0599565
0.0179579
0.00317799
0.00355853
0.00854689
0.013334
0.013334
0.00854689
0.00355853
0.00317799
0.0179579
0.0599565
0.130362
0.212507
0.347282
0.645624
1
1
1
1
1
1
1
1
1
1
1
1
1
1
1
1
1
0.955789
0.888778
0.842049
0.791603
0.728346
0.661943
0.597485
0.539
0.487988
0.444452
0.407536
0.376074
0.34888
0.324724
0.302462
0.28067
0.256759
0.233723
0.172936
0.0730466
0.00876873
0.001
0.001
0.001
0.001
0.00512564
0.0578062
0.14841
0.207872
0.228511
0.24722
0.264863
0.282753
0.301951
0.323023
0.346724
0.374007
0.406217
0.445029
0.492108
0.548582
0.614054
0.687211
0.762454
0.848154
0.954428
1
1
1
1
1
1
1
1
1
1
1
1
1
1
1
1
1
0.729061
0.345965
0.166019
0.0853788
0.0301699
0.00710963
0.00761401
0.0246582
0.0521715
0.0745921
0.0745921
0.0521715
0.0246582
0.00761401
0.00710963
0.0301699
0.0853788
0.166019
0.345965
0.729061
1
1
1
1
1
1
1
1
1
1
1
1
1
1
1
1
1
0.954428
0.848154
0.762454
0.687211
0.614054
0.548582
0.492108
0.445029
0.406217
0.374007
0.346724
0.323023
0.301951
0.282753
0.264863
0.24722
0.228511
0.207872
0.14841
0.0578062
0.00512564
0.001
0.001
0.001
0.001
0.00334956
0.0480917
0.130347
0.188096
0.208317
0.224952
0.241485
0.258233
0.275731
0.293967
0.313102
0.333536
0.356175
0.382536
0.414649
0.454833
0.505125
0.567434
0.642283
0.739844
0.873904
1
1
1
1
1
1
1
1
1
1
1
1
1
1
1
1
1
0.832129
0.353193
0.123662
0.0502329
0.0131038
0.006804
0.0263981
0.0725472
0.133053
0.175267
0.175267
0.133053
0.0725472
0.0263981
0.006804
0.0131038
0.0502329
0.123662
0.353193
0.832129
1
1
1
1
1
1
1
1
1
1
1
1
1
1
1
1
1
0.873904
0.739844
0.642283
0.567434
0.505125
0.454833
0.414649
0.382536
0.356175
0.333536
0.313102
0.293967
0.275731
0.258233
0.241485
0.224952
0.208317
0.188096
0.130347
0.0480917
0.00334956
0.001
0.001
0.001
0.001
0.00365904
0.0492072
0.131246
0.187654
0.207215
0.22407
0.240671
0.257051
0.273359
0.289283
0.304689
0.319648
0.334707
0.350968
0.370125
0.394345
0.426163
0.468522
0.525252
0.605525
0.734846
0.962146
1
1
1
1
1
1
1
1
1
1
1
1
1
1
1
1
0.933967
0.363647
0.0912693
0.0270982
0.00646807
0.0170307
0.0592706
0.133211
0.210903
0.25812
0.25812
0.210903
0.133211
0.0592706
0.0170307
0.00646807
0.0270982
0.0912693
0.363647
0.933967
1
1
1
1
1
1
1
1
1
1
1
1
1
1
1
1
0.962146
0.734846
0.605525
0.525252
0.468522
0.426163
0.394345
0.370125
0.350968
0.334707
0.319648
0.304689
0.289283
0.273359
0.257051
0.240671
0.22407
0.207215
0.187654
0.131246
0.0492072
0.00365904
0.001
0.001
0.001
0.001
0.00649525
0.0625195
0.153083
0.208789
0.227367
0.245725
0.261996
0.276887
0.29046
0.30249
0.312951
0.321972
0.33008
0.338188
0.347648
0.360084
0.377451
0.402081
0.437569
0.490104
0.584251
0.765762
1
1
1
1
1
1
1
1
1
1
1
1
1
1
1
1
1
0.373999
0.071868
0.0146518
0.00943521
0.0363185
0.0977342
0.181781
0.258096
0.301948
0.301948
0.258096
0.181781
0.0977342
0.0363185
0.00943521
0.0146518
0.071868
0.373999
1
1
1
1
1
1
1
1
1
1
1
1
1
1
1
1
1
0.765762
0.584251
0.490104
0.437569
0.402081
0.377451
0.360084
0.347648
0.338188
0.33008
0.321972
0.312951
0.30249
0.29046
0.276887
0.261996
0.245725
0.227367
0.208789
0.153083
0.0625195
0.00649525
0.001
0.001
0.001
0.001
0.011421
0.0827526
0.18409
0.23966
0.258361
0.278569
0.293832
0.306132
0.315667
0.322596
0.32727
0.33013
0.331904
0.333547
0.336239
0.341213
0.349777
0.363352
0.384065
0.415633
0.469292
0.583917
0.804857
1
1
1
1
1
1
1
1
1
1
1
1
1
1
1
1
0.384199
0.0640136
0.0108178
0.0206297
0.0631768
0.134582
0.217552
0.290475
0.333971
0.333971
0.290475
0.217552
0.134582
0.0631768
0.0206297
0.0108178
0.0640136
0.384199
1
1
1
1
1
1
1
1
1
1
1
1
1
1
1
1
0.804857
0.583917
0.469292
0.415633
0.384065
0.363352
0.349777
0.341213
0.336239
0.333547
0.331904
0.33013
0.32727
0.322596
0.315667
0.306132
0.293832
0.278569
0.258361
0.23966
0.18409
0.0827526
0.011421
0.001
0.001
0.001
0.001
0.0148359
0.0960376
0.204618
0.259504
0.279088
0.300337
0.314772
0.325211
0.331977
0.335539
0.336543
0.335675
0.33383
0.332038
0.331429
0.333073
0.337958
0.347037
0.361594
0.38423
0.418387
0.492585
0.632204
0.949397
1
1
1
1
1
1
1
1
1
1
1
1
1
1
1
0.388402
0.062052
0.0111838
0.0305001
0.0828725
0.157916
0.239371
0.311358
0.355314
0.355314
0.311358
0.239371
0.157916
0.0828725
0.0305001
0.0111838
0.062052
0.388402
1
1
1
1
1
1
1
1
1
1
1
1
1
1
1
0.949397
0.632204
0.492585
0.418387
0.38423
0.361594
0.347037
0.337958
0.333073
0.331429
0.332038
0.33383
0.335675
0.336543
0.335539
0.331977
0.325211
0.314772
0.300337
0.279088
0.259504
0.204618
0.0960376
0.0148359
0.001
0.001
