327.757
327.015
324.886
321.987
318.941
315.881
313.025
311.394
310.14
308.662
307.527
306.667
305.986
305.428
304.961
304.564
304.11
303.568
302.925
302.164
301.254
300.139
298.703
296.647
293
293
293
293
293
293
293
293
293
293
293
293
293
293
293
293
293
293
293
293
293
293
293
293
293
293
293
293
293
293
293
293
293
296.647
298.703
300.139
301.254
302.164
302.925
303.568
304.11
304.564
304.961
305.428
305.986
306.667
307.527
308.662
310.14
311.394
313.025
315.881
318.941
321.987
324.886
327.015
327.757
327.726
326.984
324.86
321.967
318.928
315.889
313.054
311.427
310.172
308.696
307.569
306.708
306.024
305.464
304.995
304.597
304.148
303.611
302.978
302.232
301.349
300.292
299.007
297.434
295.664
294.944
294.593
294.394
294.267
294.179
294.114
294.066
294.028
293.998
293.975
293.957
293.942
293.932
293.924
293.92
293.919
293.92
293.924
293.932
293.942
293.957
293.975
293.998
294.028
294.066
294.114
294.179
294.267
294.394
294.593
294.944
295.664
297.434
299.007
300.292
301.349
302.232
302.978
303.611
304.148
304.597
304.995
305.464
306.024
306.708
307.569
308.696
310.172
311.427
313.054
315.889
318.928
321.967
324.86
326.984
327.726
327.634
326.89
324.775
321.898
318.884
315.917
313.147
311.526
310.266
308.802
307.693
306.832
306.14
305.573
305.098
304.697
304.258
303.738
303.129
302.422
301.604
300.66
299.585
298.406
297.263
296.505
296.021
295.701
295.48
295.32
295.199
295.107
295.034
294.977
294.931
294.895
294.867
294.846
294.832
294.824
294.821
294.824
294.832
294.846
294.867
294.895
294.931
294.977
295.034
295.107
295.199
295.32
295.48
295.701
296.021
296.505
297.263
298.406
299.585
300.66
301.604
302.422
303.129
303.738
304.258
304.697
305.098
305.573
306.14
306.832
307.693
308.802
310.266
311.526
313.147
315.917
318.884
321.898
324.775
326.89
327.634
327.484
326.735
324.625
321.773
318.807
315.955
313.319
311.693
310.413
308.993
307.901
307.035
306.332
305.751
305.267
304.859
304.436
303.939
303.365
302.71
301.97
301.146
300.252
299.328
298.463
297.779
297.271
296.897
296.618
296.407
296.243
296.114
296.011
295.929
295.863
295.811
295.771
295.741
295.72
295.707
295.703
295.707
295.72
295.741
295.771
295.811
295.863
295.929
296.011
296.114
296.243
296.407
296.618
296.897
297.271
297.779
298.463
299.328
300.252
301.146
301.97
302.71
303.365
303.939
304.436
304.859
305.267
305.751
306.332
307.035
307.901
308.993
310.413
311.693
313.319
315.955
318.807
321.773
324.625
326.735
327.484
327.292
326.535
324.423
321.605
318.716
316.01
313.571
311.929
310.615
309.265
308.188
307.313
306.594
305.997
305.497
305.079
304.673
304.203
303.668
303.068
302.406
301.689
300.934
300.177
299.469
298.863
298.372
297.983
297.675
297.432
297.237
297.081
296.954
296.851
296.768
296.702
296.651
296.612
296.585
296.569
296.564
296.569
296.585
296.612
296.651
296.702
296.768
296.851
296.954
297.081
297.237
297.432
297.675
297.983
298.372
298.863
299.469
300.177
300.934
301.689
302.406
303.068
303.668
304.203
304.673
305.079
305.497
305.997
306.594
307.313
308.188
309.265
310.615
311.929
313.571
316.01
318.716
321.605
324.423
326.535
327.292
327.086
326.318
324.203
321.431
318.646
316.109
313.885
312.236
310.889
309.61
308.548
307.662
306.923
306.304
305.786
305.352
304.96
304.517
304.022
303.475
302.883
302.254
301.606
300.964
300.358
299.819
299.357
298.972
298.655
298.394
298.18
298.004
297.859
297.74
297.643
297.565
297.503
297.457
297.425
297.406
297.4
297.406
297.425
297.457
297.503
297.565
297.643
297.74
297.859
298.004
298.18
298.394
298.655
298.972
299.357
299.819
300.358
300.964
301.606
302.254
302.883
303.475
304.022
304.517
304.96
305.352
305.786
306.304
306.923
307.662
308.548
309.61
310.889
312.236
313.885
316.109
318.646
321.431
324.203
326.318
327.086
326.895
326.118
324.004
321.293
318.632
316.266
314.237
312.614
311.257
310.029
308.976
308.077
307.315
306.671
306.128
305.673
305.284
304.87
304.413
303.914
303.382
302.826
302.258
301.699
301.167
300.682
300.252
299.881
299.564
299.296
299.071
298.882
298.723
298.592
298.484
298.396
298.327
298.275
298.238
298.216
298.209
298.216
298.238
298.275
298.327
298.396
298.484
298.592
298.723
298.882
299.071
299.296
299.564
299.881
300.252
300.682
301.167
301.699
302.258
302.826
303.382
303.914
304.413
304.87
305.284
305.673
306.128
306.671
307.315
308.077
308.976
310.029
311.257
312.614
314.237
316.266
318.632
321.293
324.004
326.118
326.895
326.75
325.967
323.865
321.233
318.704
316.492
314.615
313.051
311.716
310.518
309.466
308.552
307.766
307.095
306.525
306.045
305.643
305.254
304.83
304.374
303.892
303.393
302.889
302.392
301.917
301.475
301.075
300.721
300.41
300.142
299.911
299.714
299.548
299.407
299.291
299.196
299.12
299.063
299.022
298.998
298.99
298.998
299.022
299.063
299.12
299.196
299.291
299.407
299.548
299.714
299.911
300.142
300.41
300.721
301.075
301.475
301.917
302.392
302.889
303.393
303.892
304.374
304.83
305.254
305.643
306.045
306.525
307.095
307.766
308.552
309.466
310.518
311.716
313.051
314.615
316.492
318.704
321.233
323.865
325.967
326.75
326.679
325.895
323.822
321.283
318.883
316.805
315.04
313.546
312.248
311.069
310.016
309.085
308.274
307.574
306.974
306.465
306.038
305.66
305.265
304.845
304.405
303.953
303.498
303.05
302.618
302.213
301.839
301.502
301.201
300.936
300.704
300.503
300.331
300.185
300.062
299.961
299.881
299.819
299.776
299.75
299.742
299.75
299.776
299.819
299.881
299.961
300.062
300.185
300.331
300.503
300.704
300.936
301.201
301.502
301.839
302.213
302.618
303.05
303.498
303.953
304.405
304.845
305.265
305.66
306.038
306.465
306.974
307.574
308.274
309.085
310.016
311.069
312.248
313.546
315.04
316.805
318.883
321.283
323.822
325.895
326.679
326.701
325.927
323.902
321.467
319.188
317.222
315.546
314.109
312.844
311.68
310.624
309.675
308.838
308.108
307.476
306.934
306.472
306.082
305.711
305.321
304.916
304.502
304.086
303.676
303.28
302.904
302.554
302.233
301.942
301.682
301.452
301.25
301.075
300.925
300.798
300.693
300.609
300.544
300.498
300.471
300.462
300.471
300.498
300.544
300.609
300.693
300.798
300.925
301.075
301.25
301.452
301.682
301.942
302.233
302.554
302.904
303.28
303.676
304.086
304.502
304.916
305.321
305.711
306.082
306.472
306.934
307.476
308.108
308.838
309.675
310.624
311.68
312.844
314.109
315.546
317.222
319.188
321.467
323.902
325.927
326.701
326.83
326.083
324.122
321.796
319.628
317.752
316.143
314.748
313.507
312.352
311.29
310.324
309.46
308.698
308.032
307.454
306.957
306.534
306.163
305.799
305.423
305.039
304.655
304.275
303.907
303.556
303.225
302.919
302.639
302.385
302.158
301.956
301.78
301.627
301.498
301.39
301.303
301.236
301.188
301.16
301.151
301.16
301.188
301.236
301.303
301.39
301.498
301.627
301.78
301.956
302.158
302.385
302.639
302.919
303.225
303.556
303.907
304.275
304.655
305.039
305.423
305.799
306.163
306.534
306.957
307.454
308.032
308.698
309.46
310.324
311.29
312.352
313.507
314.748
316.143
317.752
319.628
321.796
324.122
326.083
326.83
327.07
326.369
324.489
322.274
320.204
318.4
316.839
315.469
314.243
313.089
312.019
311.033
310.142
309.347
308.645
308.029
307.494
307.031
306.633
306.275
305.922
305.563
305.204
304.849
304.504
304.173
303.859
303.566
303.295
303.047
302.823
302.623
302.447
302.293
302.162
302.052
301.963
301.894
301.845
301.816
301.806
301.816
301.845
301.894
301.963
302.052
302.162
302.293
302.447
302.623
302.823
303.047
303.295
303.566
303.859
304.173
304.504
304.849
305.204
305.563
305.922
306.275
306.633
307.031
307.494
308.029
308.645
309.347
310.142
311.033
312.019
313.089
314.243
315.469
316.839
318.4
320.204
322.274
324.489
326.369
327.07
327.432
326.781
324.999
322.897
320.914
319.166
317.638
316.28
315.058
313.898
312.814
311.807
310.887
310.058
309.318
308.664
308.088
307.584
307.144
306.761
306.413
306.074
305.735
305.4
305.073
304.758
304.458
304.176
303.913
303.671
303.451
303.253
303.077
302.923
302.791
302.679
302.588
302.518
302.468
302.439
302.429
302.439
302.468
302.518
302.588
302.679
302.791
302.923
303.077
303.253
303.451
303.671
303.913
304.176
304.458
304.758
305.073
305.4
305.735
306.074
306.413
306.761
307.144
307.584
308.088
308.664
309.318
310.058
310.887
311.807
312.814
313.898
315.058
316.28
317.638
319.166
320.914
322.897
324.999
326.781
327.432
327.916
327.313
325.643
323.654
321.751
320.049
318.543
317.185
315.958
314.785
313.683
312.652
311.701
310.837
310.058
309.362
308.744
308.197
307.715
307.29
306.913
306.572
306.249
305.928
305.616
305.314
305.025
304.752
304.497
304.26
304.044
303.847
303.672
303.517
303.384
303.272
303.18
303.109
303.058
303.027
303.017
303.027
303.058
303.109
303.18
303.272
303.384
303.517
303.672
303.847
304.044
304.26
304.497
304.752
305.025
305.314
305.616
305.928
306.249
306.572
306.913
307.29
307.715
308.197
308.744
309.362
310.058
310.837
311.701
312.652
313.683
314.785
315.958
317.185
318.543
320.049
321.751
323.654
325.643
327.313
327.916
328.52
327.959
326.411
324.535
322.707
321.044
319.553
318.191
316.948
315.757
314.632
313.574
312.59
311.688
310.868
310.129
309.467
308.876
308.35
307.882
307.464
307.088
306.75
306.435
306.135
305.843
305.563
305.297
305.048
304.815
304.601
304.406
304.231
304.077
303.943
303.829
303.737
303.664
303.613
303.582
303.572
303.582
303.613
303.664
303.737
303.829
303.943
304.077
304.231
304.406
304.601
304.815
305.048
305.297
305.563
305.843
306.135
306.435
306.75
307.088
307.464
307.882
308.35
308.876
309.467
310.129
310.868
311.688
312.59
313.574
314.632
315.757
316.948
318.191
319.553
321.044
322.707
324.535
326.411
327.959
328.52
329.242
328.714
327.29
325.526
323.77
322.145
320.666
319.299
318.033
316.822
315.668
314.579
313.559
312.617
311.754
310.971
310.263
309.627
309.056
308.544
308.084
307.67
307.295
306.952
306.638
306.346
306.072
305.813
305.568
305.338
305.126
304.932
304.757
304.602
304.467
304.353
304.259
304.186
304.133
304.102
304.092
304.102
304.133
304.186
304.259
304.353
304.467
304.602
304.757
304.932
305.126
305.338
305.568
305.813
306.072
306.346
306.638
306.952
307.295
307.67
308.084
308.544
309.056
309.627
310.263
310.971
311.754
312.617
313.559
314.579
315.668
316.822
318.033
319.299
320.666
322.145
323.77
325.526
327.29
328.714
329.242
330.077
329.579
328.267
326.611
324.928
323.342
321.877
320.509
319.218
317.985
316.797
315.672
314.614
313.63
312.722
311.892
311.138
310.454
309.836
309.28
308.777
308.323
307.911
307.535
307.191
306.875
306.581
306.31
306.06
305.83
305.617
305.423
305.248
305.093
304.957
304.841
304.746
304.672
304.619
304.587
304.576
304.587
304.619
304.672
304.746
304.841
304.957
305.093
305.248
305.423
305.617
305.83
306.06
306.31
306.581
306.875
307.191
307.535
307.911
308.323
308.777
309.28
309.836
310.454
311.138
311.892
312.722
313.63
314.614
315.672
316.797
317.985
319.218
320.509
321.877
323.342
324.928
326.611
328.267
329.579
330.077
330.992
330.531
329.323
327.771
326.163
324.622
323.176
321.812
320.503
319.247
318.024
316.86
315.761
314.733
313.779
312.9
312.096
311.364
310.699
310.095
309.548
309.052
308.602
308.191
307.816
307.472
307.155
306.864
306.597
306.352
306.129
305.925
305.743
305.581
305.44
305.321
305.223
305.146
305.091
305.058
305.047
305.058
305.091
305.146
305.223
305.321
305.44
305.581
305.743
305.925
306.129
306.352
306.597
306.864
307.155
307.472
307.816
308.191
308.602
309.052
309.548
310.095
310.699
311.364
312.096
312.9
313.779
314.733
315.761
316.86
318.024
319.247
320.503
321.812
323.176
324.622
326.163
327.771
329.323
330.531
330.992
331.964
331.544
330.437
328.989
327.457
325.965
324.547
323.195
321.881
320.605
319.356
318.15
317.007
315.931
314.928
314
313.146
312.363
311.648
310.996
310.403
309.864
309.373
308.925
308.516
308.142
307.799
307.486
307.199
306.937
306.699
306.484
306.291
306.121
305.974
305.849
305.746
305.666
305.609
305.575
305.563
305.575
305.609
305.666
305.746
305.849
305.974
306.121
306.291
306.484
306.699
306.937
307.199
307.486
307.799
308.142
308.516
308.925
309.373
309.864
310.403
310.996
311.648
312.363
313.146
314
314.928
315.931
317.007
318.15
319.356
320.605
321.881
323.195
324.547
325.965
327.457
328.989
330.437
331.544
331.964
332.983
332.603
331.592
330.244
328.791
327.353
325.97
324.64
323.341
322.056
320.79
319.546
318.355
317.231
316.178
315.198
314.291
313.456
312.69
311.989
311.348
310.764
310.23
309.743
309.299
308.892
308.521
308.181
307.872
307.591
307.336
307.106
306.901
306.721
306.565
306.433
306.325
306.241
306.18
306.144
306.132
306.144
306.18
306.241
306.325
306.433
306.565
306.721
306.901
307.106
307.336
307.591
307.872
308.181
308.521
308.892
309.299
309.743
310.23
310.764
311.348
311.989
312.69
313.456
314.291
315.198
316.178
317.231
318.355
319.546
320.79
322.056
323.341
324.64
325.97
327.353
328.791
330.244
331.592
332.603
332.983
334.04
333.696
332.773
331.52
330.146
328.766
327.424
326.124
324.852
323.58
322.31
321.049
319.813
318.638
317.533
316.5
315.539
314.651
313.832
313.08
312.39
311.759
311.181
310.653
310.17
309.729
309.327
308.959
308.625
308.321
308.047
307.801
307.582
307.39
307.224
307.083
306.968
306.879
306.815
306.777
306.764
306.777
306.815
306.879
306.968
307.083
307.224
307.39
307.582
307.801
308.047
308.321
308.625
308.959
309.327
309.729
310.17
310.653
311.181
311.759
312.39
313.08
313.832
314.651
315.539
316.5
317.533
318.638
319.813
321.049
322.31
323.58
324.852
326.124
327.424
328.766
330.146
331.52
332.773
333.696
334.04
335.124
334.813
333.969
332.806
331.507
330.186
328.889
327.626
326.388
325.151
323.897
322.636
321.38
320.158
318.999
317.912
316.897
315.953
315.081
314.276
313.536
312.856
312.233
311.662
311.139
310.662
310.226
309.828
309.467
309.139
308.844
308.579
308.344
308.138
307.961
307.811
307.688
307.593
307.526
307.485
307.471
307.485
307.526
307.593
307.688
307.811
307.961
308.138
308.344
308.579
308.844
309.139
309.467
309.828
310.226
310.662
311.139
311.662
312.233
312.856
313.536
314.276
315.081
315.953
316.897
317.912
318.999
320.158
321.38
322.636
323.897
325.151
326.388
327.626
328.889
330.186
331.507
332.806
333.969
334.813
335.124
336.227
335.945
335.172
334.09
332.863
331.599
330.348
329.124
327.922
326.728
325.518
324.281
323.031
321.789
320.582
319.439
318.368
317.37
316.443
315.585
314.793
314.064
313.394
312.779
312.216
311.7
311.229
310.8
310.409
310.056
309.738
309.453
309.201
308.98
308.79
308.63
308.499
308.398
308.326
308.282
308.268
308.282
308.326
308.398
308.499
308.63
308.79
308.98
309.201
309.453
309.738
310.056
310.409
310.8
311.229
311.7
312.216
312.779
313.394
314.064
314.793
315.585
316.443
317.37
318.368
319.439
320.582
321.789
323.031
324.281
325.518
326.728
327.922
329.124
330.348
331.599
332.863
334.09
335.172
335.945
336.227
337.344
337.087
336.376
335.367
334.207
332.996
331.789
330.603
329.438
328.285
327.126
325.941
324.725
323.495
322.275
321.086
319.961
318.907
317.926
317.015
316.171
315.392
314.675
314.015
313.41
312.855
312.348
311.886
311.466
311.086
310.744
310.439
310.169
309.933
309.729
309.559
309.419
309.312
309.235
309.189
309.173
309.189
309.235
309.312
309.419
309.559
309.729
309.933
310.169
310.439
310.744
311.086
311.466
311.886
312.348
312.855
313.41
314.015
314.675
315.392
316.171
317.015
317.926
318.907
319.961
321.086
322.275
323.495
324.725
325.941
327.126
328.285
329.438
330.603
331.789
332.996
334.207
335.367
336.376
337.087
337.344
338.473
338.237
337.58
336.634
335.533
334.372
333.205
332.053
330.923
329.808
328.694
327.567
326.412
325.224
324.027
322.836
321.675
320.571
319.535
318.571
317.677
316.849
316.085
315.381
314.734
314.14
313.597
313.102
312.653
312.246
311.881
311.555
311.267
311.016
310.801
310.62
310.472
310.358
310.277
310.229
310.213
310.229
310.277
310.358
310.472
310.62
310.801
311.016
311.267
311.555
311.881
312.246
312.653
313.102
313.597
314.14
314.734
315.381
316.085
316.849
317.677
318.571
319.535
320.571
321.675
322.836
324.027
325.224
326.412
327.567
328.694
329.808
330.923
332.053
333.205
334.372
335.533
336.634
337.58
338.237
338.473
339.617
339.398
338.786
337.894
336.844
335.726
334.593
333.473
332.372
331.288
330.214
329.136
328.044
326.926
325.781
324.623
323.474
322.354
321.277
320.263
319.318
318.443
317.634
316.888
316.2
315.569
314.992
314.465
313.987
313.556
313.169
312.824
312.521
312.257
312.032
311.843
311.689
311.57
311.486
311.435
311.419
311.435
311.486
311.57
311.689
311.843
312.032
312.257
312.521
312.824
313.169
313.556
313.987
314.465
314.992
315.569
316.2
316.888
317.634
318.443
319.318
320.263
321.277
322.354
323.474
324.623
325.781
326.926
328.044
329.136
330.214
331.288
332.372
333.473
334.593
335.726
336.844
337.894
338.786
339.398
339.617
340.78
340.575
339.999
339.152
338.144
337.061
335.957
334.862
333.785
332.728
331.684
330.646
329.604
328.55
327.478
326.384
325.276
324.181
323.112
322.084
321.104
320.186
319.334
318.547
317.823
317.157
316.548
315.994
315.492
315.038
314.634
314.275
313.962
313.691
313.46
313.267
313.11
312.99
312.905
312.854
312.837
312.854
312.905
312.99
313.11
313.267
313.46
313.691
313.962
314.275
314.634
315.038
315.492
315.994
316.548
317.157
317.823
318.547
319.334
320.186
321.104
322.084
323.112
324.181
325.276
326.384
327.478
328.55
329.604
330.646
331.684
332.728
333.785
334.862
335.957
337.061
338.144
339.152
339.999
340.575
340.78
341.972
341.778
341.229
340.416
339.44
338.384
337.303
336.226
335.168
334.131
333.111
332.104
331.101
330.097
329.085
328.062
327.028
325.99
324.956
323.948
322.979
322.057
321.189
320.375
319.62
318.926
318.29
317.712
317.188
316.719
316.304
315.942
315.628
315.36
315.133
314.944
314.792
314.676
314.594
314.545
314.529
314.545
314.594
314.676
314.792
314.944
315.133
315.36
315.628
315.942
316.304
316.719
317.188
317.712
318.29
318.926
319.62
320.375
321.189
322.057
322.979
323.948
324.956
325.99
327.028
328.062
329.085
330.097
331.101
332.104
333.111
334.131
335.168
336.226
337.303
338.384
339.44
340.416
341.229
341.778
341.972
343.209
343.023
342.493
341.703
340.748
339.709
338.641
337.575
336.529
335.505
334.504
333.52
332.548
331.582
330.617
329.65
328.682
327.714
326.751
325.799
324.867
323.966
323.11
322.307
321.559
320.866
320.227
319.642
319.108
318.633
318.222
317.871
317.574
317.325
317.117
316.947
316.812
316.71
316.639
316.598
316.584
316.598
316.639
316.71
316.812
316.947
317.117
317.325
317.574
317.871
318.222
318.633
319.108
319.642
320.227
320.866
321.559
322.307
323.11
323.966
324.867
325.799
326.751
327.714
328.682
329.65
330.617
331.582
332.548
333.52
334.504
335.505
336.529
337.575
338.641
339.709
340.748
341.703
342.493
343.023
343.209
344.516
344.334
343.814
343.035
342.088
341.054
339.988
338.925
337.881
336.865
335.874
334.907
333.957
333.021
332.094
331.174
330.258
329.35
328.45
327.565
326.699
325.861
325.055
324.29
323.568
322.894
322.27
321.698
321.177
320.697
320.26
319.882
319.568
319.304
319.08
318.895
318.746
318.632
318.554
318.509
318.494
318.509
318.554
318.632
318.746
318.895
319.08
319.304
319.568
319.882
320.26
320.697
321.177
321.698
322.27
322.894
323.568
324.29
325.055
325.861
326.699
327.565
328.45
329.35
330.258
331.174
332.094
333.021
333.957
334.907
335.874
336.865
337.881
338.925
339.988
341.054
342.088
343.035
343.814
344.334
344.516
345.93
345.748
345.227
344.444
343.49
342.445
341.369
340.296
339.246
338.228
337.24
336.282
335.348
334.434
333.537
332.654
331.783
330.925
330.082
329.257
328.454
327.679
326.938
326.234
325.572
324.955
324.385
323.863
323.386
322.95
322.549
322.168
321.81
321.489
321.212
320.98
320.792
320.649
320.553
320.5
320.483
320.5
320.553
320.649
320.792
320.98
321.212
321.489
321.81
322.168
322.549
322.95
323.386
323.863
324.385
324.955
325.572
326.234
326.938
327.679
328.454
329.257
330.082
330.925
331.783
332.654
333.537
334.434
335.348
336.282
337.24
338.228
339.246
340.296
341.369
342.445
343.49
344.444
345.227
345.748
345.93
347.51
347.323
346.789
345.984
345.002
343.927
342.82
341.722
340.653
339.62
338.626
337.668
336.741
335.843
334.968
334.115
333.282
332.468
331.675
330.905
330.161
329.448
328.77
328.13
327.532
326.979
326.473
326.016
325.604
325.234
324.901
324.597
324.324
324.084
323.882
323.715
323.582
323.477
323.395
323.341
323.322
323.341
323.395
323.477
323.582
323.715
323.882
324.084
324.324
324.597
324.901
325.234
325.604
326.016
326.473
326.979
327.532
328.13
328.77
329.448
330.161
330.905
331.675
332.468
333.282
334.115
334.968
335.843
336.741
337.668
338.626
339.62
340.653
341.722
342.82
343.927
345.002
345.984
346.789
347.323
347.51
349.347
349.15
348.586
347.735
346.697
345.563
344.401
343.255
342.146
341.083
340.068
339.099
338.17
337.277
336.417
335.587
334.783
334.007
333.259
332.539
331.851
331.198
330.582
330.007
329.476
328.991
328.554
328.165
327.822
327.521
327.258
327.029
326.831
326.665
326.53
326.423
326.34
326.277
326.231
326.202
326.193
326.202
326.231
326.277
326.34
326.423
326.53
326.665
326.831
327.029
327.258
327.521
327.822
328.165
328.554
328.991
329.476
330.007
330.582
331.198
331.851
332.539
333.259
334.007
334.783
335.587
336.417
337.277
338.17
339.099
340.068
341.083
342.146
343.255
344.401
345.563
346.697
347.735
348.586
349.15
349.347
351.587
351.372
350.756
349.827
348.693
347.459
346.202
344.972
343.794
342.677
341.622
340.624
339.679
338.781
337.926
337.109
336.329
335.583
334.873
334.199
333.563
332.966
332.412
331.901
331.437
331.02
330.653
330.333
330.059
329.826
329.632
329.472
329.342
329.239
329.162
329.105
329.065
329.038
329.019
329.008
329.004
329.008
329.019
329.038
329.065
329.105
329.162
329.239
329.342
329.472
329.632
329.826
330.059
330.333
330.653
331.02
331.437
331.901
332.412
332.966
333.563
334.199
334.873
335.583
336.329
337.109
337.926
338.781
339.679
340.624
341.622
342.677
343.794
344.972
346.202
347.459
348.693
349.827
350.756
351.372
351.587
354.423
354.182
353.492
352.445
351.165
349.773
348.364
346.998
345.705
344.495
343.368
342.318
341.337
340.417
339.553
338.74
337.973
337.252
336.574
335.941
335.352
334.808
334.312
333.864
333.465
333.115
332.815
332.563
332.355
332.188
332.057
331.958
331.886
331.837
331.807
331.791
331.784
331.784
331.785
331.786
331.786
331.786
331.785
331.784
331.784
331.791
331.807
331.837
331.886
331.958
332.057
332.188
332.355
332.563
332.815
333.115
333.465
333.864
334.312
334.808
335.352
335.941
336.574
337.252
337.973
338.74
339.553
340.417
341.337
342.318
343.368
344.495
345.705
346.998
348.364
349.773
351.165
352.445
353.492
354.182
354.423
357.977
357.712
356.944
355.764
354.301
352.695
351.067
349.496
348.025
346.669
345.426
344.286
343.24
342.276
341.385
340.561
339.798
339.092
338.441
337.843
337.297
336.805
336.364
335.977
335.641
335.356
335.121
334.933
334.788
334.681
334.608
334.563
334.54
334.535
334.542
334.558
334.577
334.596
334.611
334.621
334.624
334.621
334.611
334.596
334.577
334.558
334.542
334.535
334.54
334.563
334.608
334.681
334.788
334.933
335.121
335.356
335.641
335.977
336.364
336.805
337.297
337.843
338.441
339.092
339.798
340.561
341.385
342.276
343.24
344.286
345.426
346.669
348.025
349.496
351.067
352.695
354.301
355.764
356.944
357.712
357.977
361.913
361.644
360.859
359.625
358.048
356.26
354.405
352.59
350.888
349.328
347.917
346.645
345.497
344.461
343.522
342.671
341.899
341.2
340.57
340.004
339.5
339.057
338.672
338.344
338.071
337.851
337.68
337.555
337.47
337.421
337.403
337.408
337.431
337.466
337.509
337.554
337.598
337.635
337.664
337.681
337.687
337.681
337.664
337.635
337.598
337.554
337.509
337.466
337.431
337.408
337.403
337.421
337.47
337.555
337.68
337.851
338.071
338.344
338.672
339.057
339.5
340.004
340.57
341.2
341.899
342.671
343.522
344.461
345.497
346.645
347.917
349.328
350.888
352.59
354.405
356.26
358.048
359.625
360.859
361.644
361.913
365.416
365.168
364.443
363.289
361.778
359.994
358.052
356.078
354.181
352.422
350.829
349.402
348.133
347.004
346.003
345.114
344.325
343.629
343.016
342.481
342.02
341.626
341.297
341.029
340.819
340.661
340.553
340.49
340.466
340.475
340.512
340.571
340.645
340.729
340.816
340.9
340.978
341.043
341.092
341.123
341.133
341.123
341.092
341.043
340.978
340.9
340.816
340.729
340.645
340.571
340.512
340.475
340.466
340.49
340.553
340.661
340.819
341.029
341.297
341.626
342.02
342.481
343.016
343.629
344.325
345.114
346.003
347.004
348.133
349.402
350.829
352.422
354.181
356.078
358.052
359.994
361.778
363.289
364.443
365.168
365.416
368.113
367.886
367.219
366.153
364.744
363.067
361.206
359.25
357.299
355.446
353.742
352.206
350.842
349.64
348.587
347.667
346.868
346.177
345.584
345.08
344.657
344.308
344.027
343.809
343.648
343.54
343.48
343.462
343.483
343.536
343.616
343.717
343.831
343.952
344.074
344.189
344.292
344.377
344.441
344.481
344.495
344.481
344.441
344.377
344.292
344.189
344.074
343.952
343.831
343.717
343.616
343.536
343.483
343.462
343.48
343.54
343.648
343.809
344.027
344.308
344.657
345.08
345.584
346.177
346.868
347.667
348.587
349.64
350.842
352.206
353.742
355.446
357.299
359.25
361.206
363.067
364.744
366.153
367.219
367.886
368.113
369.799
369.586
368.958
367.95
366.616
365.023
363.246
361.364
359.456
357.606
355.879
354.311
352.912
351.681
350.607
349.677
348.878
348.195
347.617
347.132
346.732
346.406
346.149
345.953
345.812
345.722
345.678
345.674
345.707
345.77
345.859
345.966
346.086
346.212
346.335
346.449
346.548
346.631
346.692
346.73
346.743
346.73
346.692
346.631
346.548
346.449
346.335
346.212
346.086
345.966
345.859
345.77
345.707
345.674
345.678
345.722
345.812
345.953
346.149
346.406
346.732
347.132
347.617
348.195
348.878
349.677
350.607
351.681
352.912
354.311
355.879
357.606
359.456
361.364
363.246
365.023
366.616
367.95
368.958
369.586
369.799
370.37
370.161
369.547
368.561
367.253
365.689
363.944
362.092
360.21
358.373
356.651
355.08
353.677
352.441
351.364
350.434
349.635
348.956
348.382
347.902
347.506
347.185
346.931
346.738
346.6
346.511
346.467
346.464
346.495
346.557
346.644
346.749
346.867
346.989
347.109
347.221
347.319
347.399
347.46
347.497
347.51
347.497
347.46
347.399
347.319
347.221
347.109
346.989
346.867
346.749
346.644
346.557
346.495
346.464
346.467
346.511
346.6
346.738
346.931
347.185
347.506
347.902
348.382
348.956
349.635
350.434
351.364
352.441
353.677
355.08
356.651
358.373
360.21
362.092
363.944
365.689
367.253
368.561
369.547
370.161
370.37
369.799
369.586
368.958
367.95
366.616
365.023
363.246
361.364
359.456
357.606
355.879
354.311
352.912
351.681
350.607
349.677
348.878
348.195
347.617
347.132
346.732
346.406
346.149
345.953
345.812
345.722
345.678
345.674
345.707
345.77
345.859
345.966
346.086
346.212
346.335
346.449
346.548
346.631
346.692
346.73
346.743
346.73
346.692
346.631
346.548
346.449
346.335
346.212
346.086
345.966
345.859
345.77
345.707
345.674
345.678
345.722
345.812
345.953
346.149
346.406
346.732
347.132
347.617
348.195
348.878
349.677
350.607
351.681
352.912
354.311
355.879
357.606
359.456
361.364
363.246
365.023
366.616
367.95
368.958
369.586
369.799
368.113
367.886
367.219
366.153
364.744
363.067
361.206
359.25
357.299
355.446
353.742
352.206
350.842
349.64
348.587
347.667
346.868
346.177
345.584
345.08
344.657
344.308
344.027
343.809
343.648
343.54
343.48
343.462
343.483
343.536
343.616
343.717
343.831
343.952
344.074
344.189
344.292
344.377
344.441
344.481
344.495
344.481
344.441
344.377
344.292
344.189
344.074
343.952
343.831
343.717
343.616
343.536
343.483
343.462
343.48
343.54
343.648
343.809
344.027
344.308
344.657
345.08
345.584
346.177
346.868
347.667
348.587
349.64
350.842
352.206
353.742
355.446
357.299
359.25
361.206
363.067
364.744
366.153
367.219
367.886
368.113
365.416
365.168
364.443
363.289
361.778
359.994
358.052
356.078
354.181
352.422
350.829
349.402
348.133
347.004
346.003
345.114
344.325
343.629
343.016
342.481
342.02
341.626
341.297
341.029
340.819
340.661
340.553
340.49
340.466
340.475
340.512
340.571
340.645
340.729
340.816
340.9
340.978
341.043
341.092
341.123
341.133
341.123
341.092
341.043
340.978
340.9
340.816
340.729
340.645
340.571
340.512
340.475
340.466
340.49
340.553
340.661
340.819
341.029
341.297
341.626
342.02
342.481
343.016
343.629
344.325
345.114
346.003
347.004
348.133
349.402
350.829
352.422
354.181
356.078
358.052
359.994
361.778
363.289
364.443
365.168
365.416
361.913
361.644
360.859
359.625
358.048
356.26
354.405
352.59
350.888
349.328
347.917
346.645
345.497
344.461
343.522
342.671
341.899
341.2
340.57
340.004
339.5
339.057
338.672
338.344
338.071
337.851
337.68
337.555
337.47
337.421
337.403
337.408
337.431
337.466
337.509
337.554
337.598
337.635
337.664
337.681
337.687
337.681
337.664
337.635
337.598
337.554
337.509
337.466
337.431
337.408
337.403
337.421
337.47
337.555
337.68
337.851
338.071
338.344
338.672
339.057
339.5
340.004
340.57
341.2
341.899
342.671
343.522
344.461
345.497
346.645
347.917
349.328
350.888
352.59
354.405
356.26
358.048
359.625
360.859
361.644
361.913
357.977
357.712
356.944
355.764
354.301
352.695
351.067
349.496
348.025
346.669
345.426
344.286
343.24
342.276
341.385
340.561
339.798
339.092
338.441
337.843
337.297
336.805
336.364
335.977
335.641
335.356
335.121
334.933
334.788
334.681
334.608
334.563
334.54
334.535
334.542
334.558
334.577
334.596
334.611
334.621
334.624
334.621
334.611
334.596
334.577
334.558
334.542
334.535
334.54
334.563
334.608
334.681
334.788
334.933
335.121
335.356
335.641
335.977
336.364
336.805
337.297
337.843
338.441
339.092
339.798
340.561
341.385
342.276
343.24
344.286
345.426
346.669
348.025
349.496
351.067
352.695
354.301
355.764
356.944
357.712
357.977
354.423
354.182
353.492
352.445
351.165
349.773
348.364
346.998
345.705
344.495
343.368
342.318
341.337
340.417
339.553
338.74
337.973
337.252
336.574
335.941
335.352
334.808
334.312
333.864
333.465
333.115
332.815
332.563
332.355
332.188
332.057
331.958
331.886
331.837
331.807
331.791
331.784
331.784
331.785
331.786
331.786
331.786
331.785
331.784
331.784
331.791
331.807
331.837
331.886
331.958
332.057
332.188
332.355
332.563
332.815
333.115
333.465
333.864
334.312
334.808
335.352
335.941
336.574
337.252
337.973
338.74
339.553
340.417
341.337
342.318
343.368
344.495
345.705
346.998
348.364
349.773
351.165
352.445
353.492
354.182
354.423
351.587
351.372
350.756
349.827
348.693
347.459
346.202
344.972
343.794
342.677
341.622
340.624
339.679
338.781
337.926
337.109
336.329
335.583
334.873
334.199
333.563
332.966
332.412
331.901
331.437
331.02
330.653
330.333
330.059
329.826
329.632
329.472
329.342
329.239
329.162
329.105
329.065
329.038
329.019
329.008
329.004
329.008
329.019
329.038
329.065
329.105
329.162
329.239
329.342
329.472
329.632
329.826
330.059
330.333
330.653
331.02
331.437
331.901
332.412
332.966
333.563
334.199
334.873
335.583
336.329
337.109
337.926
338.781
339.679
340.624
341.622
342.677
343.794
344.972
346.202
347.459
348.693
349.827
350.756
351.372
351.587
349.347
349.15
348.586
347.735
346.697
345.563
344.401
343.255
342.146
341.083
340.068
339.099
338.17
337.277
336.417
335.587
334.783
334.007
333.259
332.539
331.851
331.198
330.582
330.007
329.476
328.991
328.554
328.165
327.822
327.521
327.258
327.029
326.831
326.665
326.53
326.423
326.34
326.277
326.231
326.202
326.193
326.202
326.231
326.277
326.34
326.423
326.53
326.665
326.831
327.029
327.258
327.521
327.822
328.165
328.554
328.991
329.476
330.007
330.582
331.198
331.851
332.539
333.259
334.007
334.783
335.587
336.417
337.277
338.17
339.099
340.068
341.083
342.146
343.255
344.401
345.563
346.697
347.735
348.586
349.15
349.347
347.51
347.323
346.789
345.984
345.002
343.927
342.82
341.722
340.653
339.62
338.626
337.668
336.741
335.843
334.968
334.115
333.282
332.468
331.675
330.905
330.161
329.448
328.77
328.13
327.532
326.979
326.473
326.016
325.604
325.234
324.901
324.597
324.324
324.084
323.882
323.715
323.582
323.477
323.395
323.341
323.322
323.341
323.395
323.477
323.582
323.715
323.882
324.084
324.324
324.597
324.901
325.234
325.604
326.016
326.473
326.979
327.532
328.13
328.77
329.448
330.161
330.905
331.675
332.468
333.282
334.115
334.968
335.843
336.741
337.668
338.626
339.62
340.653
341.722
342.82
343.927
345.002
345.984
346.789
347.323
347.51
345.93
345.748
345.227
344.444
343.49
342.445
341.369
340.296
339.246
338.228
337.24
336.282
335.348
334.434
333.537
332.654
331.783
330.925
330.082
329.257
328.454
327.679
326.938
326.234
325.572
324.955
324.385
323.863
323.386
322.95
322.549
322.168
321.81
321.489
321.212
320.98
320.792
320.649
320.553
320.5
320.483
320.5
320.553
320.649
320.792
320.98
321.212
321.489
321.81
322.168
322.549
322.95
323.386
323.863
324.385
324.955
325.572
326.234
326.938
327.679
328.454
329.257
330.082
330.925
331.783
332.654
333.537
334.434
335.348
336.282
337.24
338.228
339.246
340.296
341.369
342.445
343.49
344.444
345.227
345.748
345.93
344.516
344.334
343.814
343.035
342.088
341.054
339.988
338.925
337.881
336.865
335.874
334.907
333.957
333.021
332.094
331.174
330.258
329.35
328.45
327.565
326.699
325.861
325.055
324.29
323.568
322.894
322.27
321.698
321.177
320.697
320.26
319.882
319.568
319.304
319.08
318.895
318.746
318.632
318.554
318.509
318.494
318.509
318.554
318.632
318.746
318.895
319.08
319.304
319.568
319.882
320.26
320.697
321.177
321.698
322.27
322.894
323.568
324.29
325.055
325.861
326.699
327.565
328.45
329.35
330.258
331.174
332.094
333.021
333.957
334.907
335.874
336.865
337.881
338.925
339.988
341.054
342.088
343.035
343.814
344.334
344.516
343.209
343.023
342.493
341.703
340.748
339.709
338.641
337.575
336.529
335.505
334.504
333.52
332.548
331.582
330.617
329.65
328.682
327.714
326.751
325.799
324.867
323.966
323.11
322.307
321.559
320.866
320.227
319.642
319.108
318.633
318.222
317.871
317.574
317.325
317.117
316.947
316.812
316.71
316.639
316.598
316.584
316.598
316.639
316.71
316.812
316.947
317.117
317.325
317.574
317.871
318.222
318.633
319.108
319.642
320.227
320.866
321.559
322.307
323.11
323.966
324.867
325.799
326.751
327.714
328.682
329.65
330.617
331.582
332.548
333.52
334.504
335.505
336.529
337.575
338.641
339.709
340.748
341.703
342.493
343.023
343.209
341.972
341.778
341.229
340.416
339.44
338.384
337.303
336.226
335.168
334.131
333.111
332.104
331.101
330.097
329.085
328.062
327.028
325.99
324.956
323.948
322.979
322.057
321.189
320.375
319.62
318.926
318.29
317.712
317.188
316.719
316.304
315.942
315.628
315.36
315.133
314.944
314.792
314.676
314.594
314.545
314.529
314.545
314.594
314.676
314.792
314.944
315.133
315.36
315.628
315.942
316.304
316.719
317.188
317.712
318.29
318.926
319.62
320.375
321.189
322.057
322.979
323.948
324.956
325.99
327.028
328.062
329.085
330.097
331.101
332.104
333.111
334.131
335.168
336.226
337.303
338.384
339.44
340.416
341.229
341.778
341.972
340.78
340.575
339.999
339.152
338.144
337.061
335.957
334.862
333.785
332.728
331.684
330.646
329.604
328.55
327.478
326.384
325.276
324.181
323.112
322.084
321.104
320.186
319.334
318.547
317.823
317.157
316.548
315.994
315.492
315.038
314.634
314.275
313.962
313.691
313.46
313.267
313.11
312.99
312.905
312.854
312.837
312.854
312.905
312.99
313.11
313.267
313.46
313.691
313.962
314.275
314.634
315.038
315.492
315.994
316.548
317.157
317.823
318.547
319.334
320.186
321.104
322.084
323.112
324.181
325.276
326.384
327.478
328.55
329.604
330.646
331.684
332.728
333.785
334.862
335.957
337.061
338.144
339.152
339.999
340.575
340.78
339.617
339.398
338.786
337.894
336.844
335.726
334.593
333.473
332.372
331.288
330.214
329.136
328.044
326.926
325.781
324.623
323.474
322.354
321.277
320.263
319.318
318.443
317.634
316.888
316.2
315.569
314.992
314.465
313.987
313.556
313.169
312.824
312.521
312.257
312.032
311.843
311.689
311.57
311.486
311.435
311.419
311.435
311.486
311.57
311.689
311.843
312.032
312.257
312.521
312.824
313.169
313.556
313.987
314.465
314.992
315.569
316.2
316.888
317.634
318.443
319.318
320.263
321.277
322.354
323.474
324.623
325.781
326.926
328.044
329.136
330.214
331.288
332.372
333.473
334.593
335.726
336.844
337.894
338.786
339.398
339.617
338.473
338.237
337.58
336.634
335.533
334.372
333.205
332.053
330.923
329.808
328.694
327.567
326.412
325.224
324.027
322.836
321.675
320.571
319.535
318.571
317.677
316.849
316.085
315.381
314.734
314.14
313.597
313.102
312.653
312.246
311.881
311.555
311.267
311.016
310.801
310.62
310.472
310.358
310.277
310.229
310.213
310.229
310.277
310.358
310.472
310.62
310.801
311.016
311.267
311.555
311.881
312.246
312.653
313.102
313.597
314.14
314.734
315.381
316.085
316.849
317.677
318.571
319.535
320.571
321.675
322.836
324.027
325.224
326.412
327.567
328.694
329.808
330.923
332.053
333.205
334.372
335.533
336.634
337.58
338.237
338.473
337.344
337.087
336.376
335.367
334.207
332.996
331.789
330.603
329.438
328.285
327.126
325.941
324.725
323.495
322.275
321.086
319.961
318.907
317.926
317.015
316.171
315.392
314.675
314.015
313.41
312.855
312.348
311.886
311.466
311.086
310.744
310.439
310.169
309.933
309.729
309.559
309.419
309.312
309.235
309.189
309.173
309.189
309.235
309.312
309.419
309.559
309.729
309.933
310.169
310.439
310.744
311.086
311.466
311.886
312.348
312.855
313.41
314.015
314.675
315.392
316.171
317.015
317.926
318.907
319.961
321.086
322.275
323.495
324.725
325.941
327.126
328.285
329.438
330.603
331.789
332.996
334.207
335.367
336.376
337.087
337.344
336.227
335.945
335.172
334.09
332.863
331.599
330.348
329.124
327.922
326.728
325.518
324.281
323.031
321.789
320.582
319.439
318.368
317.37
316.443
315.585
314.793
314.064
313.394
312.779
312.216
311.7
311.229
310.8
310.409
310.056
309.738
309.453
309.201
308.98
308.79
308.63
308.499
308.398
308.326
308.282
308.268
308.282
308.326
308.398
308.499
308.63
308.79
308.98
309.201
309.453
309.738
310.056
310.409
310.8
311.229
311.7
312.216
312.779
313.394
314.064
314.793
315.585
316.443
317.37
318.368
319.439
320.582
321.789
323.031
324.281
325.518
326.728
327.922
329.124
330.348
331.599
332.863
334.09
335.172
335.945
336.227
335.124
334.813
333.969
332.806
331.507
330.186
328.889
327.626
326.388
325.151
323.897
322.636
321.38
320.158
318.999
317.912
316.897
315.953
315.081
314.276
313.536
312.856
312.233
311.662
311.139
310.662
310.226
309.828
309.467
309.139
308.844
308.579
308.344
308.138
307.961
307.811
307.688
307.593
307.526
307.485
307.471
307.485
307.526
307.593
307.688
307.811
307.961
308.138
308.344
308.579
308.844
309.139
309.467
309.828
310.226
310.662
311.139
311.662
312.233
312.856
313.536
314.276
315.081
315.953
316.897
317.912
318.999
320.158
321.38
322.636
323.897
325.151
326.388
327.626
328.889
330.186
331.507
332.806
333.969
334.813
335.124
334.04
333.696
332.773
331.52
330.146
328.766
327.424
326.124
324.852
323.58
322.31
321.049
319.813
318.638
317.533
316.5
315.539
314.651
313.832
313.08
312.39
311.759
311.181
310.653
310.17
309.729
309.327
308.959
308.625
308.321
308.047
307.801
307.582
307.39
307.224
307.083
306.968
306.879
306.815
306.777
306.764
306.777
306.815
306.879
306.968
307.083
307.224
307.39
307.582
307.801
308.047
308.321
308.625
308.959
309.327
309.729
310.17
310.653
311.181
311.759
312.39
313.08
313.832
314.651
315.539
316.5
317.533
318.638
319.813
321.049
322.31
323.58
324.852
326.124
327.424
328.766
330.146
331.52
332.773
333.696
334.04
332.983
332.603
331.592
330.244
328.791
327.353
325.97
324.64
323.341
322.056
320.79
319.546
318.355
317.231
316.178
315.198
314.291
313.456
312.69
311.989
311.348
310.764
310.23
309.743
309.299
308.892
308.521
308.181
307.872
307.591
307.336
307.106
306.901
306.721
306.565
306.433
306.325
306.241
306.18
306.144
306.132
306.144
306.18
306.241
306.325
306.433
306.565
306.721
306.901
307.106
307.336
307.591
307.872
308.181
308.521
308.892
309.299
309.743
310.23
310.764
311.348
311.989
312.69
313.456
314.291
315.198
316.178
317.231
318.355
319.546
320.79
322.056
323.341
324.64
325.97
327.353
328.791
330.244
331.592
332.603
332.983
331.964
331.544
330.437
328.989
327.457
325.965
324.547
323.195
321.881
320.605
319.356
318.15
317.007
315.931
314.928
314
313.146
312.363
311.648
310.996
310.403
309.864
309.373
308.925
308.516
308.142
307.799
307.486
307.199
306.937
306.699
306.484
306.291
306.121
305.974
305.849
305.746
305.666
305.609
305.575
305.563
305.575
305.609
305.666
305.746
305.849
305.974
306.121
306.291
306.484
306.699
306.937
307.199
307.486
307.799
308.142
308.516
308.925
309.373
309.864
310.403
310.996
311.648
312.363
313.146
314
314.928
315.931
317.007
318.15
319.356
320.605
321.881
323.195
324.547
325.965
327.457
328.989
330.437
331.544
331.964
330.992
330.531
329.323
327.771
326.163
324.622
323.176
321.812
320.503
319.247
318.024
316.86
315.761
314.733
313.779
312.9
312.096
311.364
310.699
310.095
309.548
309.052
308.602
308.191
307.816
307.472
307.155
306.864
306.597
306.352
306.129
305.925
305.743
305.581
305.44
305.321
305.223
305.146
305.091
305.058
305.047
305.058
305.091
305.146
305.223
305.321
305.44
305.581
305.743
305.925
306.129
306.352
306.597
306.864
307.155
307.472
307.816
308.191
308.602
309.052
309.548
310.095
310.699
311.364
312.096
312.9
313.779
314.733
315.761
316.86
318.024
319.247
320.503
321.812
323.176
324.622
326.163
327.771
329.323
330.531
330.992
330.077
329.579
328.267
326.611
324.928
323.342
321.877
320.509
319.218
317.985
316.797
315.672
314.614
313.63
312.722
311.892
311.138
310.454
309.836
309.28
308.777
308.323
307.911
307.535
307.191
306.875
306.581
306.31
306.06
305.83
305.617
305.423
305.248
305.093
304.957
304.841
304.746
304.672
304.619
304.587
304.576
304.587
304.619
304.672
304.746
304.841
304.957
305.093
305.248
305.423
305.617
305.83
306.06
306.31
306.581
306.875
307.191
307.535
307.911
308.323
308.777
309.28
309.836
310.454
311.138
311.892
312.722
313.63
314.614
315.672
316.797
317.985
319.218
320.509
321.877
323.342
324.928
326.611
328.267
329.579
330.077
329.242
328.714
327.29
325.526
323.77
322.145
320.666
319.299
318.033
316.822
315.668
314.579
313.559
312.617
311.754
310.971
310.263
309.627
309.056
308.544
308.084
307.67
307.295
306.952
306.638
306.346
306.072
305.813
305.568
305.338
305.126
304.932
304.757
304.602
304.467
304.353
304.259
304.186
304.133
304.102
304.092
304.102
304.133
304.186
304.259
304.353
304.467
304.602
304.757
304.932
305.126
305.338
305.568
305.813
306.072
306.346
306.638
306.952
307.295
307.67
308.084
308.544
309.056
309.627
310.263
310.971
311.754
312.617
313.559
314.579
315.668
316.822
318.033
319.299
320.666
322.145
323.77
325.526
327.29
328.714
329.242
328.52
327.959
326.411
324.535
322.707
321.044
319.553
318.191
316.948
315.757
314.632
313.574
312.59
311.688
310.868
310.129
309.467
308.876
308.35
307.882
307.464
307.088
306.75
306.435
306.135
305.843
305.563
305.297
305.048
304.815
304.601
304.406
304.231
304.077
303.943
303.829
303.737
303.664
303.613
303.582
303.572
303.582
303.613
303.664
303.737
303.829
303.943
304.077
304.231
304.406
304.601
304.815
305.048
305.297
305.563
305.843
306.135
306.435
306.75
307.088
307.464
307.882
308.35
308.876
309.467
310.129
310.868
311.688
312.59
313.574
314.632
315.757
316.948
318.191
319.553
321.044
322.707
324.535
326.411
327.959
328.52
327.916
327.313
325.643
323.654
321.751
320.049
318.543
317.185
315.958
314.785
313.683
312.652
311.701
310.837
310.058
309.362
308.744
308.197
307.715
307.29
306.913
306.572
306.249
305.928
305.616
305.314
305.025
304.752
304.497
304.26
304.044
303.847
303.672
303.517
303.384
303.272
303.18
303.109
303.058
303.027
303.017
303.027
303.058
303.109
303.18
303.272
303.384
303.517
303.672
303.847
304.044
304.26
304.497
304.752
305.025
305.314
305.616
305.928
306.249
306.572
306.913
307.29
307.715
308.197
308.744
309.362
310.058
310.837
311.701
312.652
313.683
314.785
315.958
317.185
318.543
320.049
321.751
323.654
325.643
327.313
327.916
327.432
326.781
324.999
322.897
320.914
319.166
317.638
316.28
315.058
313.898
312.814
311.807
310.887
310.058
309.318
308.664
308.088
307.584
307.144
306.761
306.413
306.074
305.735
305.4
305.073
304.758
304.458
304.176
303.913
303.671
303.451
303.253
303.077
302.923
302.791
302.679
302.588
302.518
302.468
302.439
302.429
302.439
302.468
302.518
302.588
302.679
302.791
302.923
303.077
303.253
303.451
303.671
303.913
304.176
304.458
304.758
305.073
305.4
305.735
306.074
306.413
306.761
307.144
307.584
308.088
308.664
309.318
310.058
310.887
311.807
312.814
313.898
315.058
316.28
317.638
319.166
320.914
322.897
324.999
326.781
327.432
327.07
326.369
324.489
322.274
320.204
318.4
316.839
315.469
314.243
313.089
312.019
311.033
310.142
309.347
308.645
308.029
307.494
307.031
306.633
306.275
305.922
305.563
305.204
304.849
304.504
304.173
303.859
303.566
303.295
303.047
302.823
302.623
302.447
302.293
302.162
302.052
301.963
301.894
301.845
301.816
301.806
301.816
301.845
301.894
301.963
302.052
302.162
302.293
302.447
302.623
302.823
303.047
303.295
303.566
303.859
304.173
304.504
304.849
305.204
305.563
305.922
306.275
306.633
307.031
307.494
308.029
308.645
309.347
310.142
311.033
312.019
313.089
314.243
315.469
316.839
318.4
320.204
322.274
324.489
326.369
327.07
326.83
326.083
324.122
321.796
319.628
317.752
316.143
314.748
313.507
312.352
311.29
310.324
309.46
308.698
308.032
307.454
306.957
306.534
306.163
305.799
305.423
305.039
304.655
304.275
303.907
303.556
303.225
302.919
302.639
302.385
302.158
301.956
301.78
301.627
301.498
301.39
301.303
301.236
301.188
301.16
301.151
301.16
301.188
301.236
301.303
301.39
301.498
301.627
301.78
301.956
302.158
302.385
302.639
302.919
303.225
303.556
303.907
304.275
304.655
305.039
305.423
305.799
306.163
306.534
306.957
307.454
308.032
308.698
309.46
310.324
311.29
312.352
313.507
314.748
316.143
317.752
319.628
321.796
324.122
326.083
326.83
326.701
325.927
323.902
321.467
319.188
317.222
315.546
314.109
312.844
311.68
310.624
309.675
308.838
308.108
307.476
306.934
306.472
306.082
305.711
305.321
304.916
304.502
304.086
303.676
303.28
302.904
302.554
302.233
301.942
301.682
301.452
301.25
301.075
300.925
300.798
300.693
300.609
300.544
300.498
300.471
300.462
300.471
300.498
300.544
300.609
300.693
300.798
300.925
301.075
301.25
301.452
301.682
301.942
302.233
302.554
302.904
303.28
303.676
304.086
304.502
304.916
305.321
305.711
306.082
306.472
306.934
307.476
308.108
308.838
309.675
310.624
311.68
312.844
314.109
315.546
317.222
319.188
321.467
323.902
325.927
326.701
326.679
325.895
323.822
321.283
318.883
316.805
315.04
313.546
312.248
311.069
310.016
309.085
308.274
307.574
306.974
306.465
306.038
305.66
305.265
304.845
304.405
303.953
303.498
303.05
302.618
302.213
301.839
301.502
301.201
300.936
300.704
300.503
300.331
300.185
300.062
299.961
299.881
299.819
299.776
299.75
299.742
299.75
299.776
299.819
299.881
299.961
300.062
300.185
300.331
300.503
300.704
300.936
301.201
301.502
301.839
302.213
302.618
303.05
303.498
303.953
304.405
304.845
305.265
305.66
306.038
306.465
306.974
307.574
308.274
309.085
310.016
311.069
312.248
313.546
315.04
316.805
318.883
321.283
323.822
325.895
326.679
326.75
325.967
323.865
321.233
318.704
316.492
314.615
313.051
311.716
310.518
309.466
308.552
307.766
307.095
306.525
306.045
305.643
305.254
304.83
304.374
303.892
303.393
302.889
302.392
301.917
301.475
301.075
300.721
300.41
300.142
299.911
299.714
299.548
299.407
299.291
299.196
299.12
299.063
299.022
298.998
298.99
298.998
299.022
299.063
299.12
299.196
299.291
299.407
299.548
299.714
299.911
300.142
300.41
300.721
301.075
301.475
301.917
302.392
302.889
303.393
303.892
304.374
304.83
305.254
305.643
306.045
306.525
307.095
307.766
308.552
309.466
310.518
311.716
313.051
314.615
316.492
318.704
321.233
323.865
325.967
326.75
326.895
326.118
324.004
321.293
318.632
316.266
314.237
312.614
311.257
310.029
308.976
308.077
307.315
306.671
306.128
305.673
305.284
304.87
304.413
303.914
303.382
302.826
302.258
301.699
301.167
300.682
300.252
299.881
299.564
299.296
299.071
298.882
298.723
298.592
298.484
298.396
298.327
298.275
298.238
298.216
298.209
298.216
298.238
298.275
298.327
298.396
298.484
298.592
298.723
298.882
299.071
299.296
299.564
299.881
300.252
300.682
301.167
301.699
302.258
302.826
303.382
303.914
304.413
304.87
305.284
305.673
306.128
306.671
307.315
308.077
308.976
310.029
311.257
312.614
314.237
316.266
318.632
321.293
324.004
326.118
326.895
327.086
326.318
324.203
321.431
318.646
316.109
313.885
312.236
310.889
309.61
308.548
307.662
306.923
306.304
305.786
305.352
304.96
304.517
304.022
303.475
302.883
302.254
301.606
300.964
300.358
299.819
299.357
298.972
298.655
298.394
298.18
298.004
297.859
297.74
297.643
297.565
297.503
297.457
297.425
297.406
297.4
297.406
297.425
297.457
297.503
297.565
297.643
297.74
297.859
298.004
298.18
298.394
298.655
298.972
299.357
299.819
300.358
300.964
301.606
302.254
302.883
303.475
304.022
304.517
304.96
305.352
305.786
306.304
306.923
307.662
308.548
309.61
310.889
312.236
313.885
316.109
318.646
321.431
324.203
326.318
327.086
327.292
326.535
324.423
321.605
318.716
316.01
313.571
311.929
310.615
309.265
308.188
307.313
306.594
305.997
305.497
305.079
304.673
304.203
303.668
303.068
302.406
301.689
300.934
300.177
299.469
298.863
298.372
297.983
297.675
297.432
297.237
297.081
296.954
296.851
296.768
296.702
296.651
296.612
296.585
296.569
296.564
296.569
296.585
296.612
296.651
296.702
296.768
296.851
296.954
297.081
297.237
297.432
297.675
297.983
298.372
298.863
299.469
300.177
300.934
301.689
302.406
303.068
303.668
304.203
304.673
305.079
305.497
305.997
306.594
307.313
308.188
309.265
310.615
311.929
313.571
316.01
318.716
321.605
324.423
326.535
327.292
327.484
326.735
324.625
321.773
318.807
315.955
313.319
311.693
310.413
308.993
307.901
307.035
306.332
305.751
305.267
304.859
304.436
303.939
303.365
302.71
301.97
301.146
300.252
299.328
298.463
297.779
297.271
296.897
296.618
296.407
296.243
296.114
296.011
295.929
295.863
295.811
295.771
295.741
295.72
295.707
295.703
295.707
295.72
295.741
295.771
295.811
295.863
295.929
296.011
296.114
296.243
296.407
296.618
296.897
297.271
297.779
298.463
299.328
300.252
301.146
301.97
302.71
303.365
303.939
304.436
304.859
305.267
305.751
306.332
307.035
307.901
308.993
310.413
311.693
313.319
315.955
318.807
321.773
324.625
326.735
327.484
327.634
326.89
324.775
321.898
318.884
315.917
313.147
311.526
310.266
308.802
307.693
306.832
306.14
305.573
305.098
304.697
304.258
303.738
303.129
302.422
301.604
300.66
299.585
298.406
297.263
296.505
296.021
295.701
295.48
295.32
295.199
295.107
295.034
294.977
294.931
294.895
294.867
294.846
294.832
294.824
294.821
294.824
294.832
294.846
294.867
294.895
294.931
294.977
295.034
295.107
295.199
295.32
295.48
295.701
296.021
296.505
297.263
298.406
299.585
300.66
301.604
302.422
303.129
303.738
304.258
304.697
305.098
305.573
306.14
306.832
307.693
308.802
310.266
311.526
313.147
315.917
318.884
321.898
324.775
326.89
327.634
327.726
326.984
324.86
321.967
318.928
315.889
313.054
311.427
310.172
308.696
307.569
306.708
306.024
305.464
304.995
304.597
304.148
303.611
302.978
302.232
301.349
300.292
299.007
297.434
295.664
294.944
294.593
294.394
294.267
294.179
294.114
294.066
294.028
293.998
293.975
293.957
293.942
293.932
293.924
293.92
293.919
293.92
293.924
293.932
293.942
293.957
293.975
293.998
294.028
294.066
294.114
294.179
294.267
294.394
294.593
294.944
295.664
297.434
299.007
300.292
301.349
302.232
302.978
303.611
304.148
304.597
304.995
305.464
306.024
306.708
307.569
308.696
310.172
311.427
313.054
315.889
318.928
321.967
324.86
326.984
327.726
327.757
327.015
324.886
321.987
318.941
315.881
313.025
311.394
310.14
308.662
307.527
306.667
305.986
305.428
304.961
304.564
304.11
303.568
302.925
302.164
301.254
300.139
298.703
296.647
293
293
293
293
293
293
293
293
293
293
293
293
293
293
293
293
293
293
293
293
293
293
293
293
293
293
293
293
293
293
293
293
293
296.647
298.703
300.139
301.254
302.164
302.925
303.568
304.11
304.564
304.961
305.428
305.986
306.667
307.527
308.662
310.14
311.394
313.025
315.881
318.941
321.987
324.886
327.015
327.757
