317.239
316.44
314.015
311.437
309.96
308.756
307.639
306.604
305.622
304.681
303.768
302.87
301.974
301.068
300.145
299.206
298.292
297.495
296.939
296.549
296.285
295.962
295.429
294.582
293
293
293
293
293
293
293
293
293
293
293
293
293
293
293
293
293
293
293
293
293
293
293
293
293
293
293
293
293
293
293
293
293
294.582
295.429
295.962
296.285
296.549
296.939
297.495
298.292
299.206
300.145
301.068
301.974
302.87
303.768
304.681
305.622
306.604
307.639
308.756
309.96
311.437
314.015
316.44
317.239
317.257
316.49
314.182
311.528
309.955
308.719
307.58
306.525
305.526
304.571
303.646
302.741
301.842
300.94
300.029
299.116
298.261
297.561
297.072
296.698
296.411
296.064
295.583
294.948
294.203
293.904
293.761
293.682
293.633
293.601
293.578
293.561
293.547
293.533
293.563
294.306
295.311
295.411
294.761
294.368
294.276
294.368
294.761
295.411
295.311
294.306
293.563
293.533
293.547
293.561
293.578
293.601
293.633
293.682
293.761
293.904
294.203
294.948
295.583
296.064
296.411
296.698
297.072
297.561
298.261
299.116
300.029
300.94
301.842
302.741
303.646
304.571
305.526
306.525
307.58
308.719
309.955
311.528
314.182
316.49
317.257
317.246
316.545
314.473
311.723
309.886
308.56
307.365
306.265
305.23
304.246
303.302
302.388
301.494
300.61
299.742
298.93
298.245
297.714
297.304
296.955
296.642
296.296
295.886
295.419
294.954
294.647
294.454
294.329
294.245
294.187
294.145
294.114
294.09
294.064
294.112
295.294
296.967
297.375
296.569
295.82
295.632
295.82
296.569
297.375
296.967
295.294
294.112
294.064
294.09
294.114
294.145
294.187
294.245
294.329
294.454
294.647
294.954
295.419
295.886
296.296
296.642
296.955
297.304
297.714
298.245
298.93
299.742
300.61
301.494
302.388
303.302
304.246
305.23
306.265
307.365
308.56
309.886
311.723
314.473
316.545
317.246
317.075
316.413
314.483
311.663
309.545
308.126
306.892
305.77
304.722
303.735
302.798
301.9
301.035
300.212
299.468
298.843
298.333
297.904
297.533
297.21
296.903
296.586
296.243
295.883
295.541
295.271
295.073
294.93
294.827
294.752
294.697
294.657
294.628
294.604
294.678
296.138
298.326
299.234
298.785
297.772
297.365
297.772
298.785
299.234
298.326
296.138
294.678
294.604
294.628
294.657
294.697
294.752
294.827
294.93
295.073
295.271
295.541
295.883
296.243
296.586
296.903
297.21
297.533
297.904
298.333
298.843
299.468
300.212
301.035
301.9
302.798
303.735
304.722
305.77
306.892
308.126
309.545
311.663
314.483
316.413
317.075
316.663
315.99
314.008
311.021
308.793
307.388
306.187
305.099
304.087
303.136
302.237
301.392
300.619
299.949
299.39
298.918
298.498
298.109
297.758
297.444
297.168
296.896
296.613
296.325
296.052
295.819
295.632
295.487
295.376
295.292
295.229
295.184
295.155
295.144
295.257
296.776
299.404
300.943
301.35
300.886
300.485
300.886
301.35
300.943
299.404
296.776
295.257
295.144
295.155
295.184
295.229
295.292
295.376
295.487
295.632
295.819
296.052
296.325
296.613
296.896
297.168
297.444
297.758
298.109
298.498
298.918
299.39
299.949
300.619
301.392
302.237
303.136
304.087
305.099
306.187
307.388
308.793
311.021
314.008
315.99
316.663
316.037
315.311
313.144
309.965
307.901
306.613
305.483
304.454
303.495
302.599
301.775
301.051
300.441
299.929
299.484
299.078
298.686
298.31
297.943
297.635
297.424
297.214
296.982
296.745
296.518
296.316
296.145
296.005
295.893
295.805
295.737
295.689
295.662
295.67
295.838
297.18
300.043
302.225
303.472
303.94
304.008
303.94
303.472
302.225
300.043
297.18
295.838
295.67
295.662
295.689
295.737
295.805
295.893
296.005
296.145
296.316
296.518
296.745
296.982
297.214
297.424
297.635
297.943
298.31
298.686
299.078
299.484
299.929
300.441
301.051
301.775
302.599
303.495
304.454
305.483
306.613
307.901
309.965
313.144
315.311
316.037
315.301
314.511
312.131
308.95
307.179
305.994
304.924
303.954
303.058
302.252
301.559
300.98
300.49
300.056
299.654
299.271
298.868
298.464
298.096
297.851
297.712
297.547
297.353
297.151
296.955
296.777
296.622
296.491
296.382
296.294
296.223
296.167
296.127
296.159
296.396
297.486
300.107
302.879
304.812
305.872
306.196
305.872
304.812
302.879
300.107
297.486
296.396
296.159
296.127
296.167
296.223
296.294
296.382
296.491
296.622
296.777
296.955
297.151
297.353
297.547
297.712
297.851
298.096
298.464
298.868
299.271
299.654
300.056
300.49
300.98
301.559
302.252
303.058
303.954
304.924
305.994
307.179
308.95
312.131
314.511
315.301
314.582
313.744
311.224
308.241
306.672
305.533
304.511
303.607
302.811
302.136
301.573
301.088
300.652
300.243
299.843
299.441
299.013
298.577
298.3
298.18
298.068
297.905
297.728
297.545
297.37
297.21
297.069
296.949
296.846
296.76
296.687
296.626
296.574
296.629
296.937
297.857
299.836
302.887
305.465
306.976
307.469
306.976
305.465
302.887
299.836
297.857
296.937
296.629
296.574
296.626
296.687
296.76
296.846
296.949
297.069
297.21
297.37
297.545
297.728
297.905
298.068
298.18
298.3
298.577
299.013
299.441
299.843
300.243
300.652
301.088
301.573
302.136
302.811
303.607
304.511
305.533
306.672
308.241
311.224
313.744
314.582
313.976
313.116
310.554
307.808
306.332
305.209
304.243
303.439
302.774
302.219
301.733
301.288
300.863
300.447
300.027
299.601
299.145
298.773
298.663
298.583
298.439
298.275
298.101
297.928
297.765
297.618
297.491
297.383
297.29
297.208
297.135
297.07
297.02
297.103
297.48
298.309
299.737
302.483
305.63
307.537
308.165
307.537
305.63
302.483
299.737
298.309
297.48
297.103
297.02
297.07
297.135
297.208
297.29
297.383
297.491
297.618
297.765
297.928
298.101
298.275
298.439
298.583
298.663
298.773
299.145
299.601
300.027
300.447
300.863
301.288
301.733
302.219
302.774
303.439
304.243
305.209
306.332
307.808
310.554
313.116
313.976
313.527
312.66
310.106
307.548
306.126
305.041
304.175
303.497
302.937
302.442
301.98
301.535
301.097
300.674
300.295
299.988
299.52
299.22
299.131
299.004
298.825
298.648
298.47
298.297
298.138
298.001
297.891
297.798
297.718
297.643
297.57
297.494
297.462
297.593
298.045
298.82
299.96
302.128
305.575
307.816
308.554
307.816
305.575
302.128
299.96
298.82
298.045
297.593
297.462
297.494
297.57
297.643
297.718
297.798
297.891
298.001
298.138
298.297
298.47
298.648
298.825
299.004
299.131
299.22
299.52
299.988
300.295
300.674
301.097
301.535
301.98
302.442
302.937
303.497
304.175
305.041
306.126
307.548
310.106
312.66
313.527
313.252
312.371
309.806
307.402
306.07
305.089
304.351
303.762
303.242
302.754
302.285
301.839
301.468
301.343
301.383
301.001
300.028
299.696
299.576
299.395
299.206
299.017
298.829
298.648
298.484
298.354
298.266
298.197
298.134
298.071
298.003
297.924
297.909
298.107
298.637
299.386
300.386
302.13
305.553
308.036
308.855
308.036
305.553
302.13
300.386
299.386
298.637
298.107
297.909
297.924
298.003
298.071
298.134
298.197
298.266
298.354
298.484
298.648
298.829
299.017
299.206
299.395
299.576
299.696
300.028
301.001
301.383
301.343
301.468
301.839
302.285
302.754
303.242
303.762
304.351
305.089
306.07
307.402
309.806
312.371
313.252
313.175
312.262
309.621
307.391
306.217
305.372
304.723
304.162
303.642
303.154
302.734
302.545
302.792
303.03
302.673
301.527
300.374
300.156
299.998
299.788
299.583
299.379
299.176
298.976
298.791
298.661
298.618
298.585
298.546
298.499
298.444
298.374
298.374
298.655
299.269
300.024
300.962
302.476
305.733
308.363
309.233
308.363
305.733
302.476
300.962
300.024
299.269
298.655
298.374
298.374
298.444
298.499
298.546
298.585
298.618
298.661
298.791
298.976
299.176
299.379
299.583
299.788
299.998
300.156
300.374
301.527
302.673
303.03
302.792
302.545
302.734
303.154
303.642
304.162
304.723
305.372
306.217
307.391
309.621
312.262
313.175
313.361
312.399
309.619
307.587
306.593
305.846
305.226
304.668
304.169
303.821
303.893
304.394
304.718
304.37
303.247
301.495
300.761
300.599
300.388
300.172
299.954
299.736
299.514
299.288
299.071
298.964
298.97
298.974
298.959
298.932
298.894
298.847
298.875
299.255
299.954
300.741
301.664
303.08
306.208
308.896
309.787
308.896
306.208
303.08
301.664
300.741
299.954
299.255
298.875
298.847
298.894
298.932
298.959
298.974
298.97
298.964
299.071
299.288
299.514
299.736
299.954
300.172
300.388
300.599
300.761
301.495
303.247
304.37
304.718
304.394
303.893
303.821
304.169
304.668
305.226
305.846
306.593
307.587
309.619
312.399
313.361
313.908
312.906
309.976
308.054
307.177
306.471
305.857
305.349
305.093
305.395
306.025
306.354
306.018
304.934
303.085
301.497
301.193
301.009
300.778
300.551
300.322
300.091
299.852
299.612
299.355
299.308
299.354
299.377
299.381
299.371
299.349
299.331
299.404
299.909
300.699
301.541
302.484
303.905
307.019
309.678
310.56
309.678
307.019
303.905
302.484
301.541
300.699
299.909
299.404
299.331
299.349
299.371
299.381
299.377
299.354
299.308
299.355
299.612
299.852
300.091
300.322
300.551
300.778
301.009
301.193
301.497
303.085
304.934
306.018
306.354
306.025
305.395
305.093
305.349
305.857
306.471
307.177
308.054
309.976
312.906
313.908
314.898
313.915
310.974
308.848
307.952
307.265
306.728
306.562
306.988
307.61
307.865
307.526
306.506
304.734
302.613
301.819
301.628
301.396
301.161
300.926
300.689
300.448
300.207
299.931
299.648
299.696
299.76
299.794
299.812
299.817
299.811
299.817
299.947
300.592
301.49
302.415
303.419
304.96
308.144
310.69
311.535
310.69
308.144
304.96
303.419
302.415
301.49
300.592
299.947
299.817
299.811
299.817
299.812
299.794
299.76
299.696
299.648
299.931
300.207
300.448
300.689
300.926
301.161
301.396
301.628
301.819
302.613
304.734
306.506
307.526
307.865
307.61
306.988
306.562
306.728
307.265
307.952
308.848
310.974
313.915
314.898
316.289
315.429
312.826
310.242
309.042
308.417
308.278
308.652
309.086
309.17
308.778
307.818
306.198
304.008
302.536
302.228
302.02
301.779
301.539
301.299
301.055
300.801
300.584
300.283
300.035
300.132
300.183
300.223
300.251
300.269
300.281
300.306
300.489
301.266
302.287
303.334
304.454
306.235
309.478
311.847
312.638
311.847
309.478
306.235
304.454
303.334
302.287
301.266
300.489
300.306
300.281
300.269
300.251
300.223
300.183
300.132
300.035
300.283
300.584
300.801
301.055
301.299
301.539
301.779
302.02
302.228
302.536
304.008
306.198
307.818
308.778
309.17
309.086
308.652
308.278
308.417
309.042
310.242
312.826
315.429
316.289
317.838
317.164
315.201
312.699
311.068
310.513
310.449
310.428
310.203
309.657
308.696
307.226
305.255
303.464
302.859
302.648
302.4
302.156
301.914
301.671
301.425
301.201
301.044
300.926
300.625
300.592
300.615
300.659
300.695
300.724
300.75
300.791
301.021
301.888
303.021
304.219
305.517
307.613
310.836
313.023
313.759
313.023
310.836
307.613
305.517
304.219
303.021
301.888
301.021
300.791
300.75
300.724
300.695
300.659
300.615
300.592
300.625
300.926
301.044
301.201
301.425
301.671
301.914
302.156
302.4
302.648
302.859
303.464
305.255
307.226
308.696
309.657
310.203
310.428
310.449
310.513
311.068
312.699
315.201
317.164
317.838
319.172
318.63
317.123
315.116
313.447
312.387
311.629
310.918
310.083
309.011
307.659
306.067
304.471
303.553
303.244
303.017
302.772
302.528
302.284
302.041
301.807
301.653
301.924
302.136
301.313
301.055
301.052
301.099
301.141
301.178
301.214
301.267
301.534
302.438
303.631
304.956
306.448
308.841
312.02
314.089
314.788
314.089
312.02
308.841
306.448
304.956
303.631
302.438
301.534
301.267
301.214
301.178
301.141
301.099
301.052
301.055
301.313
302.136
301.924
301.653
301.807
302.041
302.284
302.528
302.772
303.017
303.244
303.553
304.471
306.067
307.659
309.011
310.083
310.918
311.629
312.387
313.447
315.116
317.123
318.63
319.172
320.028
319.499
318.008
315.9
313.962
312.486
311.241
310.08
308.923
307.741
306.546
305.357
304.365
303.871
303.637
303.385
303.139
302.894
302.648
302.4
302.237
302.456
303.364
303.444
302.045
301.518
301.491
301.54
301.585
301.628
301.671
301.731
302.02
302.926
304.118
305.492
307.103
309.704
312.918
314.964
315.654
314.964
312.918
309.704
307.103
305.492
304.118
302.926
302.02
301.731
301.671
301.628
301.585
301.54
301.491
301.518
302.045
303.444
303.364
302.456
302.237
302.4
302.648
302.894
303.139
303.385
303.637
303.871
304.365
305.357
306.546
307.741
308.923
310.08
311.241
312.486
313.962
315.9
318.008
319.499
320.028
320.38
319.767
317.966
315.285
313.142
311.652
310.383
309.239
308.172
307.157
306.18
305.245
304.559
304.213
303.983
303.742
303.5
303.256
303.01
302.816
302.874
303.969
305.059
304.728
302.881
301.994
301.935
301.98
302.028
302.074
302.12
302.182
302.48
303.371
304.536
305.892
307.51
310.184
313.531
315.632
316.335
315.632
313.531
310.184
307.51
305.892
304.536
303.371
302.48
302.182
302.12
302.074
302.028
301.98
301.935
301.994
302.881
304.728
305.059
303.969
302.874
302.816
303.01
303.256
303.5
303.742
303.983
304.213
304.559
305.245
306.18
307.157
308.172
309.239
310.383
311.652
313.142
315.285
317.966
319.767
320.38
320.394
319.662
317.44
314.293
312.394
311.104
309.943
308.895
307.919
307.002
306.126
305.336
304.822
304.568
304.333
304.096
303.858
303.616
303.398
303.337
304.195
305.941
306.694
305.988
303.824
302.5
302.386
302.413
302.466
302.515
302.563
302.625
302.917
303.791
304.931
306.248
307.81
310.439
313.944
316.133
316.862
316.133
313.944
310.439
307.81
306.248
304.931
303.791
302.917
302.625
302.563
302.515
302.466
302.413
302.386
302.5
303.824
305.988
306.694
305.941
304.195
303.337
303.398
303.616
303.858
304.096
304.333
304.568
304.822
305.336
306.126
307.002
307.919
308.895
309.943
311.104
312.394
314.293
317.44
319.662
320.394
320.309
319.486
316.966
313.7
312.024
310.831
309.737
308.753
307.836
306.976
306.156
305.491
305.111
304.903
304.678
304.448
304.213
303.986
303.858
304.351
306.217
307.895
308.226
307.172
304.773
303.039
302.845
302.848
302.903
302.953
303.001
303.062
303.34
304.191
305.327
306.616
308.123
310.658
314.268
316.533
317.285
316.533
314.268
310.658
308.123
306.616
305.327
304.191
303.34
303.062
303.001
302.953
302.903
302.848
302.845
303.039
304.773
307.172
308.226
307.895
306.217
304.351
303.858
303.986
304.213
304.448
304.678
304.903
305.111
305.491
306.156
306.976
307.836
308.753
309.737
310.831
312.024
313.7
316.966
319.486
320.309
320.308
319.452
316.843
313.588
311.956
310.78
309.703
308.738
307.839
306.995
306.219
305.691
305.436
305.239
305.024
304.799
304.57
304.411
304.628
306.202
308.459
309.674
309.583
308.181
305.571
303.594
303.314
303.292
303.341
303.388
303.437
303.5
303.756
304.571
305.723
307.008
308.49
310.954
314.587
316.885
317.647
316.885
314.587
310.954
308.49
307.008
305.723
304.571
303.756
303.5
303.437
303.388
303.341
303.292
303.314
303.594
305.571
308.181
309.583
309.674
308.459
306.202
304.628
304.411
304.57
304.799
305.024
305.239
305.436
305.691
306.219
306.995
307.839
308.738
309.703
310.78
311.956
313.588
316.843
319.452
320.308
320.457
319.619
317.086
313.836
312.132
310.924
309.818
308.823
307.899
307.03
306.337
305.968
305.788
305.588
305.375
305.149
304.975
305.028
306.088
308.484
310.45
311.198
310.687
308.921
306.13
304.153
303.794
303.743
303.774
303.816
303.867
303.94
304.175
304.927
306.102
307.407
308.898
311.34
314.927
317.211
317.97
317.211
314.927
311.34
308.898
307.407
306.102
304.927
304.175
303.94
303.867
303.816
303.774
303.743
303.794
304.153
306.13
308.921
310.687
311.198
310.45
308.484
306.088
305.028
304.975
305.149
305.375
305.588
305.788
305.968
306.337
307.03
307.899
308.823
309.818
310.924
312.132
313.836
317.086
319.619
320.457
320.718
319.927
317.554
314.323
312.481
311.209
310.04
308.98
307.99
307.104
306.56
306.313
306.142
305.945
305.735
305.547
305.495
306.074
308.098
310.612
312.125
312.42
311.484
309.33
306.467
304.7
304.291
304.197
304.194
304.23
304.287
304.383
304.602
305.256
306.431
307.771
309.294
311.75
315.259
317.501
318.248
317.501
315.259
311.75
309.294
307.771
306.431
305.256
304.602
304.383
304.287
304.23
304.194
304.197
304.291
304.7
306.467
309.33
311.484
312.42
312.125
310.612
308.098
306.074
305.495
305.547
305.735
305.945
306.142
306.313
306.56
307.104
307.99
308.98
310.04
311.209
312.481
314.323
317.554
319.927
320.718
320.998
320.258
318.052
314.879
312.878
311.524
310.279
309.136
308.076
307.271
306.883
306.688
306.502
306.31
306.122
306.017
306.257
307.605
310.176
312.388
313.456
313.312
311.943
309.402
306.656
305.21
304.804
304.66
304.602
304.62
304.69
304.821
305.04
305.568
306.668
308.044
309.607
312.094
315.528
317.723
318.456
317.723
315.528
312.094
309.607
308.044
306.668
305.568
305.04
304.821
304.69
304.62
304.602
304.66
304.804
305.21
306.656
309.402
311.943
313.312
313.456
312.388
310.176
307.605
306.257
306.017
306.122
306.31
306.502
306.688
306.883
307.271
308.076
309.136
310.279
311.524
312.878
314.879
318.052
320.258
320.998
321.196
320.493
318.404
315.288
313.147
311.713
310.401
309.194
308.159
307.546
307.249
307.055
306.865
306.685
306.567
306.627
307.298
309.278
311.943
313.78
314.435
313.866
312.058
309.213
306.789
305.686
305.32
305.129
305
304.97
305.064
305.247
305.484
305.894
306.817
308.185
309.783
312.299
315.685
317.846
318.568
317.846
315.685
312.299
309.783
308.185
306.817
305.894
305.484
305.247
305.064
304.97
305
305.129
305.32
305.686
306.789
309.213
312.058
313.866
314.435
313.78
311.943
309.278
307.298
306.627
306.567
306.685
306.865
307.055
307.249
307.546
308.159
309.194
310.401
311.713
313.147
315.288
318.404
320.493
321.196
321.239
320.551
318.507
315.398
313.166
311.684
310.341
309.159
308.316
307.882
307.608
307.398
307.217
307.108
307.118
307.372
308.387
310.729
313.293
314.795
315.076
314.098
311.854
308.91
306.952
306.158
305.835
305.607
305.424
305.347
305.453
305.671
305.931
306.268
306.95
308.204
309.814
312.338
315.697
317.844
318.562
317.844
315.697
312.338
309.814
308.204
306.95
306.268
305.931
305.671
305.453
305.347
305.424
305.607
305.835
306.158
306.952
308.91
311.854
314.098
315.076
314.795
313.293
310.729
308.387
307.372
307.118
307.108
307.217
307.398
307.608
307.882
308.316
309.159
310.341
311.684
313.166
315.398
318.507
320.551
321.239
321.095
320.402
318.341
315.199
312.96
311.482
310.18
309.18
308.589
308.237
307.957
307.739
307.62
307.63
307.766
308.145
309.308
311.832
314.245
315.468
315.412
314.046
311.409
308.655
307.21
306.645
306.343
306.09
305.868
305.744
305.856
306.101
306.381
306.693
307.175
308.179
309.725
312.212
315.555
317.709
318.43
317.709
315.555
312.212
309.725
308.179
307.175
306.693
306.381
306.101
305.856
305.744
305.868
306.09
306.343
306.645
307.21
308.655
311.409
314.046
315.412
315.468
314.245
311.832
309.308
308.145
307.766
307.63
307.62
307.739
307.957
308.237
308.589
309.18
310.18
311.482
312.96
315.199
318.341
320.402
321.095
320.773
320.061
317.938
314.787
312.644
311.228
310.092
309.37
308.938
308.603
308.315
308.123
308.104
308.233
308.456
308.873
310.021
312.587
314.867
315.857
315.496
313.764
310.87
308.575
307.585
307.154
306.853
306.587
306.352
306.196
306.301
306.555
306.842
307.153
307.534
308.244
309.581
311.943
315.258
317.445
318.178
317.445
315.258
311.943
309.581
308.244
307.534
307.153
306.842
306.555
306.301
306.196
306.352
306.587
306.853
307.154
307.585
308.575
310.87
313.764
315.496
315.857
314.867
312.587
310.021
308.873
308.456
308.233
308.104
308.123
308.315
308.603
308.938
309.37
310.092
311.228
312.644
314.787
317.938
320.061
320.773
320.313
319.569
317.351
314.284
312.334
311.073
310.216
309.705
309.324
308.987
308.702
308.573
308.67
308.882
309.153
309.568
310.592
313.065
315.242
316.033
315.391
313.313
310.422
308.734
308.058
307.682
307.377
307.116
306.903
306.762
306.84
307.061
307.33
307.64
307.991
308.498
309.508
311.58
314.819
317.072
317.829
317.072
314.819
311.58
309.508
308.498
307.991
307.64
307.33
307.061
306.84
306.762
306.903
307.116
307.377
307.682
308.058
308.734
310.422
313.313
315.391
316.033
315.242
313.065
310.592
309.568
309.153
308.882
308.67
308.573
308.702
308.987
309.324
309.705
310.216
311.073
312.334
314.284
317.351
319.569
320.313
319.779
318.991
316.656
313.811
312.152
311.153
310.541
310.113
309.742
309.412
309.165
309.134
309.312
309.56
309.86
310.268
311.124
313.368
315.465
316.079
315.168
312.781
310.244
309.116
308.596
308.232
307.932
307.707
307.571
307.517
307.552
307.67
307.876
308.161
308.505
308.929
309.644
311.25
314.275
316.635
317.431
316.635
314.275
311.25
309.644
308.929
308.505
308.161
307.876
307.67
307.552
307.517
307.571
307.707
307.932
308.232
308.596
309.116
310.244
312.781
315.168
316.079
315.465
313.368
311.124
310.268
309.86
309.56
309.312
309.134
309.165
309.412
309.742
310.113
310.541
311.153
312.152
313.811
316.656
318.991
319.779
319.258
318.419
315.969
313.5
312.214
311.473
310.979
310.572
310.217
309.937
309.79
309.845
310.028
310.273
310.589
311.001
311.714
313.618
315.641
316.087
314.906
312.335
310.425
309.648
309.18
308.817
308.548
308.407
308.411
308.486
308.493
308.456
308.525
308.741
309.065
309.469
310.026
311.145
313.724
316.214
317.062
316.214
313.724
311.145
310.026
309.469
309.065
308.741
308.525
308.456
308.493
308.486
308.411
308.407
308.548
308.817
309.18
309.648
310.425
312.335
314.906
316.087
315.641
313.618
311.714
311.001
310.589
310.273
310.028
309.845
309.79
309.937
310.217
310.572
310.979
311.473
312.214
313.5
315.969
318.419
319.258
318.854
317.957
315.446
313.481
312.542
311.948
311.488
311.101
310.814
310.672
310.662
310.726
310.843
311.048
311.36
311.786
312.422
313.954
315.886
316.159
314.683
312.204
310.909
310.271
309.809
309.462
309.267
309.267
309.441
309.634
309.636
309.459
309.342
309.423
309.688
310.08
310.588
311.389
313.344
315.916
316.826
315.916
313.344
311.389
310.588
310.08
309.688
309.423
309.342
309.459
309.636
309.634
309.441
309.267
309.267
309.462
309.809
310.271
310.909
312.204
314.683
316.159
315.886
313.954
312.422
311.786
311.36
311.048
310.843
310.726
310.662
310.672
310.814
311.101
311.488
311.948
312.542
313.481
315.446
317.957
318.854
318.682
317.719
315.258
313.803
313.065
312.52
312.081
311.768
311.644
311.698
311.782
311.788
311.794
311.916
312.197
312.637
313.264
314.513
316.329
316.425
314.631
312.529
311.575
310.96
310.501
310.208
310.14
310.313
310.635
310.914
310.924
310.658
310.365
310.261
310.409
310.763
311.263
311.946
313.346
315.868
316.85
315.868
313.346
311.946
311.263
310.763
310.409
310.261
310.365
310.658
310.924
310.914
310.635
310.313
310.14
310.208
310.501
310.96
311.575
312.529
314.631
316.425
316.329
314.513
313.264
312.637
312.197
311.916
311.794
311.788
311.782
311.698
311.644
311.768
312.081
312.52
313.065
313.803
315.258
317.719
318.682
318.876
317.848
315.532
314.402
313.724
313.197
312.828
312.68
312.783
313.006
313.123
313.054
312.937
312.942
313.157
313.595
314.256
315.408
317.121
317.052
314.973
313.23
312.366
311.743
311.315
311.13
311.225
311.553
311.987
312.332
312.353
312.03
311.605
311.317
311.3
311.564
312.05
312.721
313.848
316.224
317.275
316.224
313.848
312.721
312.05
311.564
311.3
311.317
311.605
312.03
312.353
312.332
311.987
311.553
311.225
311.13
311.315
311.743
312.366
313.23
314.973
317.052
317.121
315.408
314.256
313.595
313.157
312.942
312.937
313.054
313.123
313.006
312.783
312.68
312.828
313.197
313.724
314.402
315.532
317.848
318.876
319.577
318.53
316.285
315.201
314.529
314.054
313.829
313.909
314.24
314.59
314.708
314.547
314.287
314.147
314.259
314.671
315.427
316.791
318.425
318.234
316.026
314.201
313.261
312.652
312.311
312.27
312.519
312.982
313.536
313.963
314.003
313.62
313.063
312.604
312.41
312.545
312.974
313.662
314.851
317.184
318.244
317.184
314.851
313.662
312.974
312.545
312.41
312.604
313.063
313.62
314.003
313.963
313.536
312.982
312.519
312.27
312.311
312.652
313.261
314.201
316.026
318.234
318.425
316.791
315.427
314.671
314.259
314.147
314.287
314.547
314.708
314.59
314.24
313.909
313.829
314.054
314.529
315.201
316.285
318.53
319.577
320.833
319.915
317.719
316.276
315.552
315.23
315.321
315.812
316.489
317.013
317.14
316.857
316.374
315.978
315.89
316.262
317.304
318.997
320.33
320.061
318.097
315.86
314.531
313.936
313.784
313.993
314.492
315.186
315.921
316.443
316.505
316.066
315.327
314.578
314.059
313.919
314.206
314.999
316.679
318.892
319.781
318.892
316.679
314.999
314.206
313.919
314.059
314.578
315.327
316.066
316.505
316.443
315.921
315.186
314.492
313.993
313.784
313.936
314.531
315.86
318.097
320.061
320.33
318.997
317.304
316.262
315.89
315.978
316.374
316.857
317.14
317.013
316.489
315.812
315.321
315.23
315.552
316.276
317.719
319.915
320.833
322.381
321.752
320.047
318.39
317.534
317.512
318.059
318.864
319.616
320.113
320.277
320.126
319.781
319.438
319.336
319.708
320.63
321.764
322.426
322.126
320.825
319.03
317.59
316.92
316.907
317.295
317.89
318.552
319.148
319.526
319.563
319.239
318.639
317.908
317.209
316.764
316.864
317.795
319.424
320.968
321.538
320.968
319.424
317.795
316.864
316.764
317.209
317.908
318.639
319.239
319.563
319.526
319.148
318.552
317.89
317.295
316.907
316.92
317.59
319.03
320.825
322.126
322.426
321.764
320.63
319.708
319.336
319.438
319.781
320.126
320.277
320.113
319.616
318.864
318.059
317.512
317.534
318.39
320.047
321.752
322.381
323.625
323.233
322.226
321.14
320.467
320.354
320.676
321.214
321.756
322.151
322.329
322.301
322.154
322.026
322.072
322.403
323
323.631
323.93
323.635
322.746
321.557
320.51
319.895
319.743
319.94
320.344
320.824
321.253
321.517
321.537
321.299
320.864
320.343
319.884
319.661
319.854
320.554
321.592
322.516
322.873
322.516
321.592
320.554
319.854
319.661
319.884
320.343
320.864
321.299
321.537
321.517
321.253
320.824
320.344
319.94
319.743
319.895
320.51
321.557
322.746
323.635
323.93
323.631
323
322.403
322.072
322.026
322.154
322.301
322.329
322.151
321.756
321.214
320.676
320.354
320.467
321.14
322.226
323.233
323.625
324.088
323.77
322.964
322.07
321.474
321.327
321.563
322.009
322.481
322.842
323.024
323.034
322.947
322.882
322.966
323.278
323.777
324.267
324.466
324.176
323.404
322.385
321.461
320.875
320.687
320.823
321.164
321.584
321.961
322.191
322.205
321.994
321.611
321.16
320.779
320.626
320.838
321.457
322.318
323.068
323.362
323.068
322.318
321.457
320.838
320.626
320.779
321.16
321.611
321.994
322.205
322.191
321.961
321.584
321.164
320.823
320.687
320.875
321.461
322.385
323.404
324.176
324.466
324.267
323.777
323.278
322.966
322.882
322.947
323.034
323.024
322.842
322.481
322.009
321.563
321.327
321.474
322.07
322.964
323.77
324.088
323.625
323.233
322.226
321.14
320.467
320.354
320.676
321.214
321.756
322.151
322.329
322.301
322.154
322.026
322.072
322.403
323
323.631
323.93
323.635
322.746
321.557
320.51
319.895
319.743
319.94
320.344
320.824
321.253
321.517
321.537
321.299
320.864
320.343
319.884
319.661
319.854
320.554
321.592
322.516
322.873
322.516
321.592
320.554
319.854
319.661
319.884
320.343
320.864
321.299
321.537
321.517
321.253
320.824
320.344
319.94
319.743
319.895
320.51
321.557
322.746
323.635
323.93
323.631
323
322.403
322.072
322.026
322.154
322.301
322.329
322.151
321.756
321.214
320.676
320.354
320.467
321.14
322.226
323.233
323.625
322.381
321.752
320.047
318.39
317.534
317.512
318.059
318.864
319.616
320.113
320.277
320.126
319.781
319.438
319.336
319.708
320.63
321.764
322.426
322.126
320.825
319.03
317.59
316.92
316.907
317.295
317.89
318.552
319.148
319.526
319.563
319.239
318.639
317.908
317.209
316.764
316.864
317.795
319.424
320.968
321.538
320.968
319.424
317.795
316.864
316.764
317.209
317.908
318.639
319.239
319.563
319.526
319.148
318.552
317.89
317.295
316.907
316.92
317.59
319.03
320.825
322.126
322.426
321.764
320.63
319.708
319.336
319.438
319.781
320.126
320.277
320.113
319.616
318.864
318.059
317.512
317.534
318.39
320.047
321.752
322.381
320.833
319.915
317.719
316.276
315.552
315.23
315.321
315.812
316.489
317.013
317.14
316.857
316.374
315.978
315.89
316.262
317.304
318.997
320.33
320.061
318.097
315.86
314.531
313.936
313.784
313.993
314.492
315.186
315.921
316.443
316.505
316.066
315.327
314.578
314.059
313.919
314.206
314.999
316.679
318.892
319.781
318.892
316.679
314.999
314.206
313.919
314.059
314.578
315.327
316.066
316.505
316.443
315.921
315.186
314.492
313.993
313.784
313.936
314.531
315.86
318.097
320.061
320.33
318.997
317.304
316.262
315.89
315.978
316.374
316.857
317.14
317.013
316.489
315.812
315.321
315.23
315.552
316.276
317.719
319.915
320.833
319.577
318.53
316.285
315.201
314.529
314.054
313.829
313.909
314.24
314.59
314.708
314.547
314.287
314.147
314.259
314.671
315.427
316.791
318.425
318.234
316.026
314.201
313.261
312.652
312.311
312.27
312.519
312.982
313.536
313.963
314.003
313.62
313.063
312.604
312.41
312.545
312.974
313.662
314.851
317.184
318.244
317.184
314.851
313.662
312.974
312.545
312.41
312.604
313.063
313.62
314.003
313.963
313.536
312.982
312.519
312.27
312.311
312.652
313.261
314.201
316.026
318.234
318.425
316.791
315.427
314.671
314.259
314.147
314.287
314.547
314.708
314.59
314.24
313.909
313.829
314.054
314.529
315.201
316.285
318.53
319.577
318.876
317.848
315.532
314.402
313.724
313.197
312.828
312.68
312.783
313.006
313.123
313.054
312.937
312.942
313.157
313.595
314.256
315.408
317.121
317.052
314.973
313.23
312.366
311.743
311.315
311.13
311.225
311.553
311.987
312.332
312.353
312.03
311.605
311.317
311.3
311.564
312.05
312.721
313.848
316.224
317.275
316.224
313.848
312.721
312.05
311.564
311.3
311.317
311.605
312.03
312.353
312.332
311.987
311.553
311.225
311.13
311.315
311.743
312.366
313.23
314.973
317.052
317.121
315.408
314.256
313.595
313.157
312.942
312.937
313.054
313.123
313.006
312.783
312.68
312.828
313.197
313.724
314.402
315.532
317.848
318.876
318.682
317.719
315.258
313.803
313.065
312.52
312.081
311.768
311.644
311.698
311.782
311.788
311.794
311.916
312.197
312.637
313.264
314.513
316.329
316.425
314.631
312.529
311.575
310.96
310.501
310.208
310.14
310.313
310.635
310.914
310.924
310.658
310.365
310.261
310.409
310.763
311.263
311.946
313.346
315.868
316.85
315.868
313.346
311.946
311.263
310.763
310.409
310.261
310.365
310.658
310.924
310.914
310.635
310.313
310.14
310.208
310.501
310.96
311.575
312.529
314.631
316.425
316.329
314.513
313.264
312.637
312.197
311.916
311.794
311.788
311.782
311.698
311.644
311.768
312.081
312.52
313.065
313.803
315.258
317.719
318.682
318.854
317.957
315.446
313.481
312.542
311.948
311.488
311.101
310.814
310.672
310.662
310.726
310.843
311.048
311.36
311.786
312.422
313.954
315.886
316.159
314.683
312.204
310.909
310.271
309.809
309.462
309.267
309.267
309.441
309.634
309.636
309.459
309.342
309.423
309.688
310.08
310.588
311.389
313.344
315.916
316.826
315.916
313.344
311.389
310.588
310.08
309.688
309.423
309.342
309.459
309.636
309.634
309.441
309.267
309.267
309.462
309.809
310.271
310.909
312.204
314.683
316.159
315.886
313.954
312.422
311.786
311.36
311.048
310.843
310.726
310.662
310.672
310.814
311.101
311.488
311.948
312.542
313.481
315.446
317.957
318.854
319.258
318.419
315.969
313.5
312.214
311.473
310.979
310.572
310.217
309.937
309.79
309.845
310.028
310.273
310.589
311.001
311.714
313.618
315.641
316.087
314.906
312.335
310.425
309.648
309.18
308.817
308.548
308.407
308.411
308.486
308.493
308.456
308.525
308.741
309.065
309.469
310.026
311.145
313.724
316.214
317.062
316.214
313.724
311.145
310.026
309.469
309.065
308.741
308.525
308.456
308.493
308.486
308.411
308.407
308.548
308.817
309.18
309.648
310.425
312.335
314.906
316.087
315.641
313.618
311.714
311.001
310.589
310.273
310.028
309.845
309.79
309.937
310.217
310.572
310.979
311.473
312.214
313.5
315.969
318.419
319.258
319.779
318.991
316.656
313.811
312.152
311.153
310.541
310.113
309.742
309.412
309.165
309.134
309.312
309.56
309.86
310.268
311.124
313.368
315.465
316.079
315.168
312.781
310.244
309.116
308.596
308.232
307.932
307.707
307.571
307.517
307.552
307.67
307.876
308.161
308.505
308.929
309.644
311.25
314.275
316.635
317.431
316.635
314.275
311.25
309.644
308.929
308.505
308.161
307.876
307.67
307.552
307.517
307.571
307.707
307.932
308.232
308.596
309.116
310.244
312.781
315.168
316.079
315.465
313.368
311.124
310.268
309.86
309.56
309.312
309.134
309.165
309.412
309.742
310.113
310.541
311.153
312.152
313.811
316.656
318.991
319.779
320.313
319.569
317.351
314.284
312.334
311.073
310.216
309.705
309.324
308.987
308.702
308.573
308.67
308.882
309.153
309.568
310.592
313.065
315.242
316.033
315.391
313.313
310.422
308.734
308.058
307.682
307.377
307.116
306.903
306.762
306.84
307.061
307.33
307.64
307.991
308.498
309.508
311.58
314.819
317.072
317.829
317.072
314.819
311.58
309.508
308.498
307.991
307.64
307.33
307.061
306.84
306.762
306.903
307.116
307.377
307.682
308.058
308.734
310.422
313.313
315.391
316.033
315.242
313.065
310.592
309.568
309.153
308.882
308.67
308.573
308.702
308.987
309.324
309.705
310.216
311.073
312.334
314.284
317.351
319.569
320.313
320.773
320.061
317.938
314.787
312.644
311.228
310.092
309.37
308.938
308.603
308.315
308.123
308.104
308.233
308.456
308.873
310.021
312.587
314.867
315.857
315.496
313.764
310.87
308.575
307.585
307.154
306.853
306.587
306.352
306.196
306.301
306.555
306.842
307.153
307.534
308.244
309.581
311.943
315.258
317.445
318.178
317.445
315.258
311.943
309.581
308.244
307.534
307.153
306.842
306.555
306.301
306.196
306.352
306.587
306.853
307.154
307.585
308.575
310.87
313.764
315.496
315.857
314.867
312.587
310.021
308.873
308.456
308.233
308.104
308.123
308.315
308.603
308.938
309.37
310.092
311.228
312.644
314.787
317.938
320.061
320.773
321.095
320.402
318.341
315.199
312.96
311.482
310.18
309.18
308.589
308.237
307.957
307.739
307.62
307.63
307.766
308.145
309.308
311.832
314.245
315.468
315.412
314.046
311.409
308.655
307.21
306.645
306.343
306.09
305.868
305.744
305.856
306.101
306.381
306.693
307.175
308.179
309.725
312.212
315.555
317.709
318.43
317.709
315.555
312.212
309.725
308.179
307.175
306.693
306.381
306.101
305.856
305.744
305.868
306.09
306.343
306.645
307.21
308.655
311.409
314.046
315.412
315.468
314.245
311.832
309.308
308.145
307.766
307.63
307.62
307.739
307.957
308.237
308.589
309.18
310.18
311.482
312.96
315.199
318.341
320.402
321.095
321.239
320.551
318.507
315.398
313.166
311.684
310.341
309.159
308.316
307.882
307.608
307.398
307.217
307.108
307.118
307.372
308.387
310.729
313.293
314.795
315.076
314.098
311.854
308.91
306.952
306.158
305.835
305.607
305.424
305.347
305.453
305.671
305.931
306.268
306.95
308.204
309.814
312.338
315.697
317.844
318.562
317.844
315.697
312.338
309.814
308.204
306.95
306.268
305.931
305.671
305.453
305.347
305.424
305.607
305.835
306.158
306.952
308.91
311.854
314.098
315.076
314.795
313.293
310.729
308.387
307.372
307.118
307.108
307.217
307.398
307.608
307.882
308.316
309.159
310.341
311.684
313.166
315.398
318.507
320.551
321.239
321.196
320.493
318.404
315.288
313.147
311.713
310.401
309.194
308.159
307.546
307.249
307.055
306.865
306.685
306.567
306.627
307.298
309.278
311.943
313.78
314.435
313.866
312.058
309.213
306.789
305.686
305.32
305.129
305
304.97
305.064
305.247
305.484
305.894
306.817
308.185
309.783
312.299
315.685
317.846
318.568
317.846
315.685
312.299
309.783
308.185
306.817
305.894
305.484
305.247
305.064
304.97
305
305.129
305.32
305.686
306.789
309.213
312.058
313.866
314.435
313.78
311.943
309.278
307.298
306.627
306.567
306.685
306.865
307.055
307.249
307.546
308.159
309.194
310.401
311.713
313.147
315.288
318.404
320.493
321.196
320.998
320.258
318.052
314.879
312.878
311.524
310.279
309.136
308.076
307.271
306.883
306.688
306.502
306.31
306.122
306.017
306.257
307.605
310.176
312.388
313.456
313.312
311.943
309.402
306.656
305.21
304.804
304.66
304.602
304.62
304.69
304.821
305.04
305.568
306.668
308.044
309.607
312.094
315.528
317.723
318.456
317.723
315.528
312.094
309.607
308.044
306.668
305.568
305.04
304.821
304.69
304.62
304.602
304.66
304.804
305.21
306.656
309.402
311.943
313.312
313.456
312.388
310.176
307.605
306.257
306.017
306.122
306.31
306.502
306.688
306.883
307.271
308.076
309.136
310.279
311.524
312.878
314.879
318.052
320.258
320.998
320.718
319.927
317.554
314.323
312.481
311.209
310.04
308.98
307.99
307.104
306.56
306.313
306.142
305.945
305.735
305.547
305.495
306.074
308.098
310.612
312.125
312.42
311.484
309.33
306.467
304.7
304.291
304.197
304.194
304.23
304.287
304.383
304.602
305.256
306.431
307.771
309.294
311.75
315.259
317.501
318.248
317.501
315.259
311.75
309.294
307.771
306.431
305.256
304.602
304.383
304.287
304.23
304.194
304.197
304.291
304.7
306.467
309.33
311.484
312.42
312.125
310.612
308.098
306.074
305.495
305.547
305.735
305.945
306.142
306.313
306.56
307.104
307.99
308.98
310.04
311.209
312.481
314.323
317.554
319.927
320.718
320.457
319.619
317.086
313.836
312.132
310.924
309.818
308.823
307.899
307.03
306.337
305.968
305.788
305.588
305.375
305.149
304.975
305.028
306.088
308.484
310.45
311.198
310.687
308.921
306.13
304.153
303.794
303.743
303.774
303.816
303.867
303.94
304.175
304.927
306.102
307.407
308.898
311.34
314.927
317.211
317.97
317.211
314.927
311.34
308.898
307.407
306.102
304.927
304.175
303.94
303.867
303.816
303.774
303.743
303.794
304.153
306.13
308.921
310.687
311.198
310.45
308.484
306.088
305.028
304.975
305.149
305.375
305.588
305.788
305.968
306.337
307.03
307.899
308.823
309.818
310.924
312.132
313.836
317.086
319.619
320.457
320.308
319.452
316.843
313.588
311.956
310.78
309.703
308.738
307.839
306.995
306.219
305.691
305.436
305.239
305.024
304.799
304.57
304.411
304.628
306.202
308.459
309.674
309.583
308.181
305.571
303.594
303.314
303.292
303.341
303.388
303.437
303.5
303.756
304.571
305.723
307.008
308.49
310.954
314.587
316.885
317.647
316.885
314.587
310.954
308.49
307.008
305.723
304.571
303.756
303.5
303.437
303.388
303.341
303.292
303.314
303.594
305.571
308.181
309.583
309.674
308.459
306.202
304.628
304.411
304.57
304.799
305.024
305.239
305.436
305.691
306.219
306.995
307.839
308.738
309.703
310.78
311.956
313.588
316.843
319.452
320.308
320.309
319.486
316.966
313.7
312.024
310.831
309.737
308.753
307.836
306.976
306.156
305.491
305.111
304.903
304.678
304.448
304.213
303.986
303.858
304.351
306.217
307.895
308.226
307.172
304.773
303.039
302.845
302.848
302.903
302.953
303.001
303.062
303.34
304.191
305.327
306.616
308.123
310.658
314.268
316.533
317.285
316.533
314.268
310.658
308.123
306.616
305.327
304.191
303.34
303.062
303.001
302.953
302.903
302.848
302.845
303.039
304.773
307.172
308.226
307.895
306.217
304.351
303.858
303.986
304.213
304.448
304.678
304.903
305.111
305.491
306.156
306.976
307.836
308.753
309.737
310.831
312.024
313.7
316.966
319.486
320.309
320.394
319.662
317.44
314.293
312.394
311.104
309.943
308.895
307.919
307.002
306.126
305.336
304.822
304.568
304.333
304.096
303.858
303.616
303.398
303.337
304.195
305.941
306.694
305.988
303.824
302.5
302.386
302.413
302.466
302.515
302.563
302.625
302.917
303.791
304.931
306.248
307.81
310.439
313.944
316.133
316.862
316.133
313.944
310.439
307.81
306.248
304.931
303.791
302.917
302.625
302.563
302.515
302.466
302.413
302.386
302.5
303.824
305.988
306.694
305.941
304.195
303.337
303.398
303.616
303.858
304.096
304.333
304.568
304.822
305.336
306.126
307.002
307.919
308.895
309.943
311.104
312.394
314.293
317.44
319.662
320.394
320.38
319.767
317.966
315.285
313.142
311.652
310.383
309.239
308.172
307.157
306.18
305.245
304.559
304.213
303.983
303.742
303.5
303.256
303.01
302.816
302.874
303.969
305.059
304.728
302.881
301.994
301.935
301.98
302.028
302.074
302.12
302.182
302.48
303.371
304.536
305.892
307.51
310.184
313.531
315.632
316.335
315.632
313.531
310.184
307.51
305.892
304.536
303.371
302.48
302.182
302.12
302.074
302.028
301.98
301.935
301.994
302.881
304.728
305.059
303.969
302.874
302.816
303.01
303.256
303.5
303.742
303.983
304.213
304.559
305.245
306.18
307.157
308.172
309.239
310.383
311.652
313.142
315.285
317.966
319.767
320.38
320.028
319.499
318.008
315.9
313.962
312.486
311.241
310.08
308.923
307.741
306.546
305.357
304.365
303.871
303.637
303.385
303.139
302.894
302.648
302.4
302.237
302.456
303.364
303.444
302.045
301.518
301.491
301.54
301.585
301.628
301.671
301.731
302.02
302.926
304.118
305.492
307.103
309.704
312.918
314.964
315.654
314.964
312.918
309.704
307.103
305.492
304.118
302.926
302.02
301.731
301.671
301.628
301.585
301.54
301.491
301.518
302.045
303.444
303.364
302.456
302.237
302.4
302.648
302.894
303.139
303.385
303.637
303.871
304.365
305.357
306.546
307.741
308.923
310.08
311.241
312.486
313.962
315.9
318.008
319.499
320.028
319.172
318.63
317.123
315.116
313.447
312.387
311.629
310.918
310.083
309.011
307.659
306.067
304.471
303.553
303.244
303.017
302.772
302.528
302.284
302.041
301.807
301.653
301.924
302.136
301.313
301.055
301.052
301.099
301.141
301.178
301.214
301.267
301.534
302.438
303.631
304.956
306.448
308.841
312.02
314.089
314.788
314.089
312.02
308.841
306.448
304.956
303.631
302.438
301.534
301.267
301.214
301.178
301.141
301.099
301.052
301.055
301.313
302.136
301.924
301.653
301.807
302.041
302.284
302.528
302.772
303.017
303.244
303.553
304.471
306.067
307.659
309.011
310.083
310.918
311.629
312.387
313.447
315.116
317.123
318.63
319.172
317.838
317.164
315.201
312.699
311.068
310.513
310.449
310.428
310.203
309.657
308.696
307.226
305.255
303.464
302.859
302.648
302.4
302.156
301.914
301.671
301.425
301.201
301.044
300.926
300.625
300.592
300.615
300.659
300.695
300.724
300.75
300.791
301.021
301.888
303.021
304.219
305.517
307.613
310.836
313.023
313.759
313.023
310.836
307.613
305.517
304.219
303.021
301.888
301.021
300.791
300.75
300.724
300.695
300.659
300.615
300.592
300.625
300.926
301.044
301.201
301.425
301.671
301.914
302.156
302.4
302.648
302.859
303.464
305.255
307.226
308.696
309.657
310.203
310.428
310.449
310.513
311.068
312.699
315.201
317.164
317.838
316.289
315.429
312.826
310.242
309.042
308.417
308.278
308.652
309.086
309.17
308.778
307.818
306.198
304.008
302.536
302.228
302.02
301.779
301.539
301.299
301.055
300.801
300.584
300.283
300.035
300.132
300.183
300.223
300.251
300.269
300.281
300.306
300.489
301.266
302.287
303.334
304.454
306.235
309.478
311.847
312.638
311.847
309.478
306.235
304.454
303.334
302.287
301.266
300.489
300.306
300.281
300.269
300.251
300.223
300.183
300.132
300.035
300.283
300.584
300.801
301.055
301.299
301.539
301.779
302.02
302.228
302.536
304.008
306.198
307.818
308.778
309.17
309.086
308.652
308.278
308.417
309.042
310.242
312.826
315.429
316.289
314.898
313.915
310.974
308.848
307.952
307.265
306.728
306.562
306.988
307.61
307.865
307.526
306.506
304.734
302.613
301.819
301.628
301.396
301.161
300.926
300.689
300.448
300.207
299.931
299.648
299.696
299.76
299.794
299.812
299.817
299.811
299.817
299.947
300.592
301.49
302.415
303.419
304.96
308.144
310.69
311.535
310.69
308.144
304.96
303.419
302.415
301.49
300.592
299.947
299.817
299.811
299.817
299.812
299.794
299.76
299.696
299.648
299.931
300.207
300.448
300.689
300.926
301.161
301.396
301.628
301.819
302.613
304.734
306.506
307.526
307.865
307.61
306.988
306.562
306.728
307.265
307.952
308.848
310.974
313.915
314.898
313.908
312.906
309.976
308.054
307.177
306.471
305.857
305.349
305.093
305.395
306.025
306.354
306.018
304.934
303.085
301.497
301.193
301.009
300.778
300.551
300.322
300.091
299.852
299.612
299.355
299.308
299.354
299.377
299.381
299.371
299.349
299.331
299.404
299.909
300.699
301.541
302.484
303.905
307.019
309.678
310.56
309.678
307.019
303.905
302.484
301.541
300.699
299.909
299.404
299.331
299.349
299.371
299.381
299.377
299.354
299.308
299.355
299.612
299.852
300.091
300.322
300.551
300.778
301.009
301.193
301.497
303.085
304.934
306.018
306.354
306.025
305.395
305.093
305.349
305.857
306.471
307.177
308.054
309.976
312.906
313.908
313.361
312.399
309.619
307.587
306.593
305.846
305.226
304.668
304.169
303.821
303.893
304.394
304.718
304.37
303.247
301.495
300.761
300.599
300.388
300.172
299.954
299.736
299.514
299.288
299.071
298.964
298.97
298.974
298.959
298.932
298.894
298.847
298.875
299.255
299.954
300.741
301.664
303.08
306.208
308.896
309.787
308.896
306.208
303.08
301.664
300.741
299.954
299.255
298.875
298.847
298.894
298.932
298.959
298.974
298.97
298.964
299.071
299.288
299.514
299.736
299.954
300.172
300.388
300.599
300.761
301.495
303.247
304.37
304.718
304.394
303.893
303.821
304.169
304.668
305.226
305.846
306.593
307.587
309.619
312.399
313.361
313.175
312.262
309.621
307.391
306.217
305.372
304.723
304.162
303.642
303.154
302.734
302.545
302.792
303.03
302.673
301.527
300.374
300.156
299.998
299.788
299.583
299.379
299.176
298.976
298.791
298.661
298.618
298.585
298.546
298.499
298.444
298.374
298.374
298.655
299.269
300.024
300.962
302.476
305.733
308.363
309.233
308.363
305.733
302.476
300.962
300.024
299.269
298.655
298.374
298.374
298.444
298.499
298.546
298.585
298.618
298.661
298.791
298.976
299.176
299.379
299.583
299.788
299.998
300.156
300.374
301.527
302.673
303.03
302.792
302.545
302.734
303.154
303.642
304.162
304.723
305.372
306.217
307.391
309.621
312.262
313.175
313.252
312.371
309.806
307.402
306.07
305.089
304.351
303.762
303.242
302.754
302.285
301.839
301.468
301.343
301.383
301.001
300.028
299.696
299.576
299.395
299.206
299.017
298.829
298.648
298.484
298.354
298.266
298.197
298.134
298.071
298.003
297.924
297.909
298.107
298.637
299.386
300.386
302.13
305.553
308.036
308.855
308.036
305.553
302.13
300.386
299.386
298.637
298.107
297.909
297.924
298.003
298.071
298.134
298.197
298.266
298.354
298.484
298.648
298.829
299.017
299.206
299.395
299.576
299.696
300.028
301.001
301.383
301.343
301.468
301.839
302.285
302.754
303.242
303.762
304.351
305.089
306.07
307.402
309.806
312.371
313.252
313.527
312.66
310.106
307.548
306.126
305.041
304.175
303.497
302.937
302.442
301.98
301.535
301.097
300.674
300.295
299.988
299.52
299.22
299.131
299.004
298.825
298.648
298.47
298.297
298.138
298.001
297.891
297.798
297.718
297.643
297.57
297.494
297.462
297.593
298.045
298.82
299.96
302.128
305.575
307.816
308.554
307.816
305.575
302.128
299.96
298.82
298.045
297.593
297.462
297.494
297.57
297.643
297.718
297.798
297.891
298.001
298.138
298.297
298.47
298.648
298.825
299.004
299.131
299.22
299.52
299.988
300.295
300.674
301.097
301.535
301.98
302.442
302.937
303.497
304.175
305.041
306.126
307.548
310.106
312.66
313.527
313.976
313.116
310.554
307.808
306.332
305.209
304.243
303.439
302.774
302.219
301.733
301.288
300.863
300.447
300.027
299.601
299.145
298.773
298.663
298.583
298.439
298.275
298.101
297.928
297.765
297.618
297.491
297.383
297.29
297.208
297.135
297.07
297.02
297.103
297.48
298.309
299.737
302.483
305.63
307.537
308.165
307.537
305.63
302.483
299.737
298.309
297.48
297.103
297.02
297.07
297.135
297.208
297.29
297.383
297.491
297.618
297.765
297.928
298.101
298.275
298.439
298.583
298.663
298.773
299.145
299.601
300.027
300.447
300.863
301.288
301.733
302.219
302.774
303.439
304.243
305.209
306.332
307.808
310.554
313.116
313.976
314.582
313.744
311.224
308.241
306.672
305.533
304.511
303.607
302.811
302.136
301.573
301.088
300.652
300.243
299.843
299.441
299.013
298.577
298.3
298.18
298.068
297.905
297.728
297.545
297.37
297.21
297.069
296.949
296.846
296.76
296.687
296.626
296.574
296.629
296.937
297.857
299.836
302.887
305.465
306.976
307.469
306.976
305.465
302.887
299.836
297.857
296.937
296.629
296.574
296.626
296.687
296.76
296.846
296.949
297.069
297.21
297.37
297.545
297.728
297.905
298.068
298.18
298.3
298.577
299.013
299.441
299.843
300.243
300.652
301.088
301.573
302.136
302.811
303.607
304.511
305.533
306.672
308.241
311.224
313.744
314.582
315.301
314.511
312.131
308.95
307.179
305.994
304.924
303.954
303.058
302.252
301.559
300.98
300.49
300.056
299.654
299.271
298.868
298.464
298.096
297.851
297.712
297.547
297.353
297.151
296.955
296.777
296.622
296.491
296.382
296.294
296.223
296.167
296.127
296.159
296.396
297.486
300.107
302.879
304.812
305.872
306.196
305.872
304.812
302.879
300.107
297.486
296.396
296.159
296.127
296.167
296.223
296.294
296.382
296.491
296.622
296.777
296.955
297.151
297.353
297.547
297.712
297.851
298.096
298.464
298.868
299.271
299.654
300.056
300.49
300.98
301.559
302.252
303.058
303.954
304.924
305.994
307.179
308.95
312.131
314.511
315.301
316.037
315.311
313.144
309.965
307.901
306.613
305.483
304.454
303.495
302.599
301.775
301.051
300.441
299.929
299.484
299.078
298.686
298.31
297.943
297.635
297.424
297.214
296.982
296.745
296.518
296.316
296.145
296.005
295.893
295.805
295.737
295.689
295.662
295.67
295.838
297.18
300.043
302.225
303.472
303.94
304.008
303.94
303.472
302.225
300.043
297.18
295.838
295.67
295.662
295.689
295.737
295.805
295.893
296.005
296.145
296.316
296.518
296.745
296.982
297.214
297.424
297.635
297.943
298.31
298.686
299.078
299.484
299.929
300.441
301.051
301.775
302.599
303.495
304.454
305.483
306.613
307.901
309.965
313.144
315.311
316.037
316.663
315.99
314.008
311.021
308.793
307.388
306.187
305.099
304.087
303.136
302.237
301.392
300.619
299.949
299.39
298.918
298.498
298.109
297.758
297.444
297.168
296.896
296.613
296.325
296.052
295.819
295.632
295.487
295.376
295.292
295.229
295.184
295.155
295.144
295.257
296.776
299.404
300.943
301.35
300.886
300.485
300.886
301.35
300.943
299.404
296.776
295.257
295.144
295.155
295.184
295.229
295.292
295.376
295.487
295.632
295.819
296.052
296.325
296.613
296.896
297.168
297.444
297.758
298.109
298.498
298.918
299.39
299.949
300.619
301.392
302.237
303.136
304.087
305.099
306.187
307.388
308.793
311.021
314.008
315.99
316.663
317.075
316.413
314.483
311.663
309.545
308.126
306.892
305.77
304.722
303.735
302.798
301.9
301.035
300.212
299.468
298.843
298.333
297.904
297.533
297.21
296.903
296.586
296.243
295.883
295.541
295.271
295.073
294.93
294.827
294.752
294.697
294.657
294.628
294.604
294.678
296.138
298.326
299.234
298.785
297.772
297.365
297.772
298.785
299.234
298.326
296.138
294.678
294.604
294.628
294.657
294.697
294.752
294.827
294.93
295.073
295.271
295.541
295.883
296.243
296.586
296.903
297.21
297.533
297.904
298.333
298.843
299.468
300.212
301.035
301.9
302.798
303.735
304.722
305.77
306.892
308.126
309.545
311.663
314.483
316.413
317.075
317.246
316.545
314.473
311.723
309.886
308.56
307.365
306.265
305.23
304.246
303.302
302.388
301.494
300.61
299.742
298.93
298.245
297.714
297.304
296.955
296.642
296.296
295.886
295.419
294.954
294.647
294.454
294.329
294.245
294.187
294.145
294.114
294.09
294.064
294.112
295.294
296.967
297.375
296.569
295.82
295.632
295.82
296.569
297.375
296.967
295.294
294.112
294.064
294.09
294.114
294.145
294.187
294.245
294.329
294.454
294.647
294.954
295.419
295.886
296.296
296.642
296.955
297.304
297.714
298.245
298.93
299.742
300.61
301.494
302.388
303.302
304.246
305.23
306.265
307.365
308.56
309.886
311.723
314.473
316.545
317.246
317.257
316.49
314.182
311.528
309.955
308.719
307.58
306.525
305.526
304.571
303.646
302.741
301.842
300.94
300.029
299.116
298.261
297.561
297.072
296.698
296.411
296.064
295.583
294.948
294.203
293.904
293.761
293.682
293.633
293.601
293.578
293.561
293.547
293.533
293.563
294.306
295.311
295.411
294.761
294.368
294.276
294.368
294.761
295.411
295.311
294.306
293.563
293.533
293.547
293.561
293.578
293.601
293.633
293.682
293.761
293.904
294.203
294.948
295.583
296.064
296.411
296.698
297.072
297.561
298.261
299.116
300.029
300.94
301.842
302.741
303.646
304.571
305.526
306.525
307.58
308.719
309.955
311.528
314.182
316.49
317.257
317.239
316.44
314.015
311.437
309.96
308.756
307.639
306.604
305.622
304.681
303.768
302.87
301.974
301.068
300.145
299.206
298.292
297.495
296.939
296.549
296.285
295.962
295.429
294.582
293
293
293
293
293
293
293
293
293
293
293
293
293
293
293
293
293
293
293
293
293
293
293
293
293
293
293
293
293
293
293
293
293
294.582
295.429
295.962
296.285
296.549
296.939
297.495
298.292
299.206
300.145
301.068
301.974
302.87
303.768
304.681
305.622
306.604
307.639
308.756
309.96
311.437
314.015
316.44
317.239
