318.18
317.339
314.783
311.231
309.454
308.22
307.046
305.974
304.964
304.009
303.1
302.234
301.407
300.618
299.864
299.149
298.473
297.843
297.257
296.749
296.348
296.025
295.488
294.625
293
293
293
293
293
293
293
293
293
293
293
293
293
293
293
293
293
293
293
293
293
293
293
293
293
293
293
293
293
293
293
293
293
294.625
295.488
296.025
296.348
296.749
297.257
297.843
298.473
299.149
299.864
300.618
301.407
302.234
303.1
304.009
304.964
305.974
307.046
308.22
309.454
311.231
314.783
317.339
318.18
318.24
317.416
314.922
311.385
309.516
308.254
307.063
305.977
304.959
303.998
303.086
302.219
301.394
300.609
299.863
299.158
298.493
297.876
297.309
296.826
296.461
296.129
295.649
295.004
294.242
293.936
293.789
293.707
293.655
293.62
293.593
293.574
293.563
293.573
293.752
295.11
295.668
295.417
294.794
294.487
294.413
294.487
294.794
295.417
295.668
295.11
293.752
293.573
293.563
293.574
293.593
293.62
293.655
293.707
293.789
293.936
294.242
295.004
295.649
296.129
296.461
296.826
297.309
297.876
298.493
299.158
299.863
300.609
301.394
302.219
303.086
303.998
304.959
305.977
307.063
308.254
309.516
311.385
314.922
317.416
318.24
318.386
317.602
315.254
311.78
309.687
308.341
307.105
305.984
304.941
303.963
303.044
302.178
301.361
300.593
299.871
299.194
298.561
297.974
297.447
297.016
296.71
296.376
295.969
295.497
295.022
294.708
294.509
294.379
294.29
294.225
294.175
294.135
294.101
294.116
294.378
296.522
297.666
297.655
296.769
296.094
295.915
296.094
296.769
297.655
297.666
296.522
294.378
294.116
294.101
294.135
294.175
294.225
294.29
294.379
294.509
294.708
295.022
295.497
295.969
296.376
296.71
297.016
297.447
297.974
298.561
299.194
299.871
300.593
301.361
302.178
303.044
303.963
304.941
305.984
307.105
308.341
309.687
311.78
315.254
317.602
318.386
318.537
317.791
315.577
312.2
309.878
308.429
307.137
305.971
304.9
303.907
302.986
302.13
301.336
300.6
299.916
299.278
298.683
298.128
297.642
297.267
296.994
296.69
296.35
295.986
295.637
295.361
295.156
295.006
294.894
294.81
294.742
294.685
294.63
294.657
294.997
297.505
299.281
299.923
299.412
298.476
298.074
298.476
299.412
299.923
299.281
297.505
294.997
294.657
294.63
294.685
294.742
294.81
294.894
295.006
295.156
295.361
295.637
295.986
296.35
296.69
296.994
297.267
297.642
298.128
298.683
299.278
299.916
300.6
301.336
302.13
302.986
303.907
304.9
305.971
307.137
308.429
309.878
312.2
315.577
317.791
318.537
318.616
317.885
315.72
312.374
309.936
308.426
307.101
305.912
304.831
303.843
302.94
302.115
301.36
300.667
300.024
299.423
298.856
298.324
297.871
297.552
297.303
297.036
296.749
296.455
296.176
295.936
295.742
295.589
295.468
295.372
295.294
295.228
295.166
295.216
295.662
298.077
300.473
301.937
302.418
302.203
301.98
302.203
302.418
301.937
300.473
298.077
295.662
295.216
295.166
295.228
295.294
295.372
295.468
295.589
295.742
295.936
296.176
296.455
296.749
297.036
297.303
297.552
297.871
298.324
298.856
299.423
300.024
300.667
301.36
302.115
302.94
303.843
304.831
305.912
307.101
308.426
309.936
312.374
315.72
317.885
318.616
318.596
317.85
315.634
312.206
309.795
308.303
306.987
305.817
304.762
303.81
302.95
302.171
301.461
300.806
300.193
299.614
299.06
298.542
298.115
297.841
297.627
297.395
297.151
296.905
296.671
296.462
296.283
296.134
296.012
295.912
295.83
295.764
295.713
295.807
296.378
298.343
301.106
303.378
304.748
305.364
305.514
305.364
304.748
303.378
301.106
298.343
296.378
295.807
295.713
295.764
295.83
295.912
296.012
296.134
296.283
296.462
296.671
296.905
297.151
297.395
297.627
297.841
298.115
298.542
299.06
299.614
300.193
300.806
301.461
302.171
302.95
303.81
304.762
305.817
306.987
308.303
309.795
312.206
315.634
317.85
318.596
318.504
317.725
315.392
311.833
309.555
308.131
306.861
305.743
304.743
303.847
303.039
302.305
301.63
301.001
300.404
299.833
299.277
298.765
298.371
298.143
297.963
297.762
297.551
297.339
297.136
296.951
296.789
296.649
296.53
296.429
296.345
296.28
296.255
296.413
297.082
298.589
301.203
304.17
306.27
307.443
307.812
307.443
306.27
304.17
301.203
298.589
297.082
296.413
296.255
296.28
296.345
296.429
296.53
296.649
296.789
296.951
297.136
297.339
297.551
297.762
297.963
298.143
298.371
298.765
299.277
299.833
300.404
301.001
301.63
302.305
303.039
303.847
304.743
305.743
306.861
308.131
309.555
311.833
315.392
317.725
318.504
318.408
317.59
315.129
311.471
309.352
308.006
306.798
305.747
304.81
303.97
303.207
302.506
301.853
301.234
300.64
300.063
299.493
298.989
298.652
298.473
298.314
298.135
297.946
297.758
297.579
297.414
297.267
297.137
297.024
296.925
296.835
296.75
296.758
297.006
297.742
298.975
301.1
304.406
307.157
308.763
309.287
308.763
307.157
304.406
301.1
298.975
297.742
297.006
296.758
296.75
296.835
296.925
297.024
297.137
297.267
297.414
297.579
297.758
297.946
298.135
298.314
298.473
298.652
298.989
299.493
300.063
300.64
301.234
301.853
302.506
303.207
303.97
304.81
305.747
306.798
308.006
309.352
311.471
315.129
317.59
318.408
318.386
317.535
314.973
311.266
309.271
307.994
306.851
305.863
304.982
304.184
303.45
302.766
302.119
301.498
300.893
300.296
299.703
299.236
298.978
298.836
298.681
298.512
298.337
298.164
298.002
297.854
297.722
297.605
297.5
297.405
297.317
297.233
297.266
297.608
298.382
299.48
301.175
304.332
307.638
309.601
310.246
309.601
307.638
304.332
301.175
299.48
298.382
297.608
297.266
297.233
297.317
297.405
297.5
297.605
297.722
297.854
298.002
298.164
298.337
298.512
298.681
298.836
298.978
299.236
299.703
300.296
300.893
301.498
302.119
302.766
303.45
304.184
304.982
305.863
306.851
307.994
309.271
311.266
314.973
317.535
318.386
318.502
317.632
315.007
311.275
309.357
308.137
307.051
306.111
305.265
304.49
303.767
303.083
302.429
301.794
301.165
300.532
299.924
299.538
299.354
299.221
299.058
298.89
298.72
298.556
298.406
298.273
298.157
298.055
297.962
297.874
297.79
297.727
297.797
298.236
299.036
300.07
301.512
304.283
307.957
310.196
310.932
310.196
307.957
304.283
301.512
300.07
299.036
298.236
297.797
297.727
297.79
297.874
297.962
298.055
298.157
298.273
298.406
298.556
298.72
298.89
299.058
299.221
299.354
299.538
299.924
300.532
301.165
301.794
302.429
303.083
303.767
304.49
305.265
306.111
307.051
308.137
309.357
311.275
315.007
317.632
318.502
318.798
317.92
315.275
311.518
309.635
308.458
307.411
306.497
305.664
304.892
304.164
303.47
302.799
302.138
301.471
300.784
300.196
299.909
299.758
299.605
299.437
299.263
299.092
298.93
298.787
298.67
298.575
298.492
298.413
298.334
298.245
298.212
298.35
298.897
299.722
300.732
302.044
304.489
308.316
310.732
311.528
310.732
308.316
304.489
302.044
300.732
299.722
298.897
298.35
298.212
298.245
298.334
298.413
298.492
298.575
298.67
298.787
298.93
299.092
299.263
299.437
299.605
299.758
299.909
300.196
300.784
301.471
302.138
302.799
303.47
304.164
304.892
305.664
306.497
307.411
308.458
309.635
311.518
315.275
317.92
318.798
319.285
318.416
315.792
312.015
310.118
308.961
307.93
307.019
306.182
305.4
304.659
303.949
303.256
302.556
301.821
301.063
300.548
300.329
300.18
299.998
299.815
299.631
299.449
299.279
299.137
299.041
298.975
298.918
298.861
298.799
298.726
298.718
298.933
299.589
300.449
301.463
302.723
304.995
308.831
311.328
312.152
311.328
308.831
304.995
302.723
301.463
300.449
299.589
298.933
298.718
298.726
298.799
298.861
298.918
298.975
299.041
299.137
299.279
299.449
299.631
299.815
299.998
300.18
300.329
300.548
301.063
301.821
302.556
303.256
303.949
304.659
305.4
306.182
307.019
307.93
308.961
310.118
312.015
315.792
318.416
319.285
319.949
319.104
316.551
312.785
310.813
309.642
308.603
307.679
306.827
306.032
305.278
304.548
303.811
303.029
302.174
301.364
300.954
300.763
300.585
300.389
300.19
299.99
299.79
299.596
299.436
299.377
299.363
299.339
299.309
299.272
299.225
299.247
299.548
300.307
301.217
302.259
303.525
305.753
309.534
312.034
312.862
312.034
309.534
305.753
303.525
302.259
301.217
300.307
299.548
299.247
299.225
299.272
299.309
299.339
299.363
299.377
299.436
299.596
299.79
299.99
300.19
300.389
300.585
300.763
300.954
301.364
302.174
303.029
303.811
304.548
305.278
306.032
306.827
307.679
308.603
309.642
310.813
312.785
316.551
319.104
319.949
320.743
319.936
317.508
313.827
311.718
310.492
309.426
308.476
307.606
306.793
306.009
305.217
304.372
303.442
302.449
301.695
301.381
301.199
300.988
300.776
300.562
300.345
300.122
299.904
299.748
299.729
299.755
299.763
299.76
299.748
299.732
299.791
300.182
301.039
302.015
303.11
304.425
306.697
310.401
312.85
313.664
312.85
310.401
306.697
304.425
303.11
302.015
301.039
300.182
299.791
299.732
299.748
299.76
299.763
299.755
299.729
299.748
299.904
300.122
300.345
300.562
300.776
300.988
301.199
301.381
301.695
302.449
303.442
304.372
305.217
306.009
306.793
307.606
308.476
309.426
310.492
311.718
313.827
317.508
319.936
320.743
321.586
320.829
318.562
315.059
312.795
311.481
310.368
309.38
308.469
307.593
306.709
305.774
304.764
303.688
302.654
302.066
301.815
301.61
301.385
301.16
300.933
300.701
300.47
300.218
300.08
300.112
300.16
300.193
300.213
300.224
300.234
300.331
300.809
301.763
302.82
303.989
305.385
307.756
311.37
313.741
314.531
313.741
311.37
307.756
305.385
303.989
302.82
301.763
300.809
300.331
300.234
300.224
300.213
300.193
300.16
300.112
300.08
300.218
300.47
300.701
300.933
301.16
301.385
301.61
301.815
302.066
302.654
303.688
304.764
305.774
306.709
307.593
308.469
309.38
310.368
311.481
312.795
315.059
318.562
320.829
321.586
322.379
321.67
319.561
316.279
313.904
312.492
311.306
310.235
309.216
308.199
307.15
306.057
304.93
303.795
302.882
302.465
302.249
302.012
301.778
301.542
301.304
301.061
300.816
300.534
300.446
300.519
300.578
300.631
300.671
300.703
300.732
300.859
301.405
302.451
303.599
304.858
306.357
308.845
312.367
314.651
315.414
314.651
312.367
308.845
306.357
304.858
303.599
302.451
301.405
300.859
300.732
300.703
300.671
300.631
300.578
300.519
300.446
300.534
300.816
301.061
301.304
301.542
301.778
302.012
302.249
302.465
302.882
303.795
304.93
306.057
307.15
308.199
309.216
310.235
311.306
312.492
313.904
316.279
319.561
321.67
322.379
323.027
322.349
320.342
317.214
314.777
313.271
311.978
310.775
309.608
308.445
307.277
306.113
304.962
303.877
303.183
302.877
302.652
302.408
302.166
301.923
301.675
301.44
301.182
300.892
300.869
300.95
301.01
301.077
301.132
301.182
301.227
301.373
301.955
303.077
304.316
305.667
307.274
309.872
313.311
315.522
316.261
315.522
313.311
309.872
307.274
305.667
304.316
303.077
301.955
301.373
301.227
301.182
301.132
301.077
301.01
300.95
300.869
300.892
301.182
301.44
301.675
301.923
302.166
302.408
302.652
302.877
303.183
303.877
304.962
306.113
307.277
308.445
309.608
310.775
311.978
313.271
314.777
317.214
320.342
322.349
323.027
323.467
322.795
320.802
317.681
315.192
313.611
312.217
310.908
309.648
308.424
307.233
306.08
304.963
304.025
303.54
303.299
303.047
302.799
302.55
302.302
302.063
301.84
301.62
301.382
301.352
301.398
301.453
301.528
301.595
301.656
301.714
301.871
302.455
303.626
304.94
306.373
308.071
310.756
314.14
316.301
317.024
316.301
314.14
310.756
308.071
306.373
304.94
303.626
302.455
301.871
301.714
301.656
301.595
301.528
301.453
301.398
301.352
301.382
301.62
301.84
302.063
302.302
302.55
302.799
303.047
303.299
303.54
304.025
304.963
306.08
307.233
308.424
309.648
310.908
312.217
313.611
315.192
317.681
320.802
322.795
323.467
323.689
322.999
320.942
317.697
315.173
313.565
312.13
310.791
309.522
308.31
307.151
306.04
304.992
304.266
303.924
303.688
303.436
303.183
302.93
302.674
302.462
302.321
302.317
302.106
301.882
301.861
301.904
301.983
302.057
302.129
302.198
302.357
302.909
304.094
305.46
306.951
308.712
311.451
314.816
316.955
317.67
316.955
314.816
311.451
308.712
306.951
305.46
304.094
302.909
302.357
302.198
302.129
302.057
301.983
301.904
301.861
301.882
302.106
302.317
302.321
302.462
302.674
302.93
303.183
303.436
303.688
303.924
304.266
304.992
306.04
307.151
308.31
309.522
310.791
312.13
313.565
315.173
317.697
320.942
322.999
323.689
323.728
323.008
320.848
317.43
314.918
313.337
311.916
310.601
309.365
308.194
307.082
306.013
305.095
304.582
304.329
304.073
303.819
303.565
303.307
303.082
302.949
303.151
303.422
303.007
302.461
302.343
302.365
302.438
302.517
302.597
302.678
302.832
303.328
304.486
305.88
307.401
309.192
311.952
315.328
317.47
318.186
317.47
315.328
311.952
309.192
307.401
305.88
304.486
303.328
302.832
302.678
302.597
302.517
302.438
302.365
302.343
302.461
303.007
303.422
303.151
302.949
303.082
303.307
303.565
303.819
304.073
304.329
304.582
305.095
306.013
307.082
308.194
309.365
310.601
311.916
313.337
314.918
317.43
320.848
323.008
323.728
323.646
322.895
320.635
317.072
314.612
313.081
311.696
310.422
309.229
308.101
307.027
306.015
305.293
304.941
304.704
304.452
304.199
303.945
303.706
303.547
303.746
304.464
304.699
303.937
303.089
302.845
302.826
302.883
302.972
303.06
303.151
303.299
303.727
304.813
306.211
307.741
309.535
312.287
315.688
317.849
318.57
317.849
315.688
312.287
309.535
307.741
306.211
304.813
303.727
303.299
303.151
303.06
302.972
302.883
302.826
302.845
303.089
303.937
304.699
304.464
303.746
303.547
303.706
303.945
304.199
304.452
304.704
304.941
305.293
306.015
307.027
308.101
309.229
310.422
311.696
313.081
314.612
317.072
320.635
322.895
323.646
323.502
322.729
320.399
316.754
314.352
312.863
311.514
310.277
309.121
308.028
306.981
306.087
305.582
305.331
305.08
304.828
304.575
304.329
304.143
304.243
305.088
305.987
305.881
304.792
303.755
303.379
303.3
303.333
303.423
303.516
303.615
303.758
304.118
305.087
306.464
307.991
309.772
312.495
315.919
318.106
318.835
318.106
315.919
312.495
309.772
307.991
306.464
305.087
304.118
303.758
303.615
303.516
303.423
303.333
303.3
303.379
303.755
304.792
305.881
305.987
305.088
304.243
304.143
304.329
304.575
304.828
305.08
305.331
305.582
306.087
306.981
308.028
309.121
310.277
311.514
312.863
314.352
316.754
320.399
322.729
323.502
323.341
322.557
320.197
316.527
314.164
312.702
311.376
310.166
309.037
307.963
306.962
306.267
305.929
305.699
305.451
305.199
304.943
304.745
304.751
305.453
306.729
307.378
306.867
305.527
304.43
303.952
303.799
303.793
303.865
303.96
304.066
304.209
304.511
305.33
306.65
308.168
309.931
312.611
316.048
318.259
318.996
318.259
316.048
312.611
309.931
308.168
306.65
305.33
304.511
304.209
304.066
303.96
303.865
303.793
303.799
303.952
304.43
305.527
306.867
307.378
306.729
305.453
304.751
304.745
304.943
305.199
305.451
305.699
305.929
306.267
306.962
307.963
309.037
310.166
311.376
312.702
314.164
316.527
320.197
322.557
323.341
323.184
322.401
320.044
316.392
314.042
312.586
311.273
310.078
308.962
307.9
307.026
306.552
306.311
306.068
305.821
305.568
305.357
305.297
305.748
307.012
308.268
308.54
307.633
306.151
305.087
304.557
304.326
304.257
304.295
304.39
304.501
304.649
304.911
305.567
306.782
308.284
310.032
312.662
316.096
318.325
319.068
318.325
316.096
312.662
310.032
308.284
306.782
305.567
304.911
304.649
304.501
304.39
304.295
304.257
304.326
304.557
305.087
306.151
307.633
308.54
308.268
307.012
305.748
305.297
305.357
305.568
305.821
306.068
306.311
306.552
307.026
307.9
308.962
310.078
311.273
312.586
314.042
316.392
320.044
322.401
323.184
323.031
322.256
319.926
316.319
313.958
312.495
311.183
309.994
308.88
307.873
307.217
306.898
306.675
306.436
306.192
305.975
305.875
306.117
307.059
308.548
309.575
309.454
308.206
306.7
305.72
305.182
304.887
304.746
304.728
304.799
304.919
305.08
305.322
305.834
306.888
308.349
310.085
312.663
316.075
318.317
319.064
318.317
316.075
312.663
310.085
308.349
306.888
305.834
305.322
305.08
304.919
304.799
304.728
304.746
304.887
305.182
305.72
306.7
308.206
309.454
309.575
308.548
307.059
306.117
305.875
305.975
306.192
306.436
306.675
306.898
307.217
307.873
308.88
309.994
311.183
312.495
313.958
316.319
319.926
322.256
323.031
322.865
322.102
319.814
316.265
313.882
312.401
311.086
309.893
308.797
307.957
307.516
307.269
307.038
306.804
306.587
306.468
306.589
307.175
308.399
309.891
310.641
310.143
308.65
307.222
306.341
305.815
305.478
305.271
305.189
305.222
305.337
305.512
305.751
306.159
307.014
308.38
310.095
312.618
315.993
318.241
318.991
318.241
315.993
312.618
310.095
308.38
307.014
306.159
305.751
305.512
305.337
305.222
305.189
305.271
305.478
305.815
306.341
307.222
308.65
310.143
310.641
309.891
308.399
307.175
306.589
306.468
306.587
306.804
307.038
307.269
307.516
307.957
308.797
309.893
311.086
312.401
313.882
316.265
319.814
322.102
322.865
322.663
321.913
319.667
316.184
313.783
312.282
310.958
309.768
308.784
308.185
307.864
307.633
307.4
307.187
307.066
307.132
307.491
308.275
309.61
311.03
311.491
310.653
309.042
307.752
306.964
306.456
306.093
305.832
305.687
305.674
305.776
305.958
306.201
306.551
307.212
308.41
310.071
312.527
315.85
318.103
318.855
318.103
315.85
312.527
310.071
308.41
307.212
306.551
306.201
305.958
305.776
305.674
305.687
305.832
306.093
306.456
306.964
307.752
309.042
310.653
311.491
311.03
309.61
308.275
307.491
307.132
307.066
307.187
307.4
307.633
307.864
308.185
308.784
309.768
310.958
312.282
313.783
316.184
319.667
321.913
322.663
322.397
321.657
319.445
316.031
313.636
312.123
310.798
309.683
308.925
308.508
308.221
307.981
307.773
307.655
307.702
307.954
308.445
309.307
310.687
311.987
312.169
311.051
309.449
308.313
307.602
307.108
306.728
306.43
306.228
306.163
306.24
306.422
306.674
307
307.517
308.49
310.029
312.388
315.644
317.906
318.663
317.906
315.644
312.388
310.029
308.49
307.517
307
306.674
306.422
306.24
306.163
306.228
306.43
306.728
307.108
307.602
308.313
309.449
311.051
312.169
311.987
310.687
309.307
308.445
307.954
307.702
307.655
307.773
307.981
308.221
308.508
308.925
309.683
310.798
312.123
313.636
316.031
319.445
321.657
322.397
322.049
321.312
319.113
315.772
313.433
311.927
310.663
309.751
309.219
308.875
308.595
308.368
308.236
308.266
308.474
308.832
309.378
310.272
311.645
312.801
312.728
311.414
309.915
308.919
308.263
307.777
307.385
307.061
306.815
306.696
306.738
306.912
307.17
307.493
307.93
308.682
310.009
312.209
315.377
317.656
318.421
317.656
315.377
312.209
310.009
308.682
307.93
307.493
307.17
306.912
306.738
306.696
306.815
307.061
307.385
307.777
308.263
308.919
309.915
311.414
312.728
312.801
311.645
310.272
309.378
308.832
308.474
308.266
308.236
308.368
308.595
308.875
309.219
309.751
310.663
311.927
313.433
315.772
319.113
321.312
322.049
321.612
320.866
318.647
315.399
313.187
311.751
310.676
310.013
309.596
309.268
308.998
308.826
308.819
308.998
309.303
309.714
310.293
311.191
312.516
313.523
313.226
311.813
310.461
309.573
308.953
308.469
308.066
307.725
307.451
307.286
307.282
307.435
307.692
308.02
308.425
309.019
310.081
312.021
315.056
317.367
318.146
317.367
315.056
312.021
310.081
309.019
308.425
308.02
307.692
307.435
307.282
307.286
307.451
307.725
308.066
308.469
308.953
309.573
310.461
311.813
313.226
313.523
312.516
311.191
310.293
309.714
309.303
308.998
308.819
308.826
308.998
309.268
309.596
310.013
310.676
311.751
313.187
315.399
318.647
320.866
321.612
321.105
320.333
318.046
314.95
312.965
311.72
310.908
310.401
310.016
309.694
309.462
309.389
309.52
309.794
310.152
310.604
311.208
312.095
313.349
314.209
313.727
312.303
311.096
310.281
309.677
309.188
308.776
308.425
308.139
307.944
307.892
308.007
308.25
308.579
308.978
309.492
310.315
311.896
314.705
317.065
317.867
317.065
314.705
311.896
310.315
309.492
308.978
308.579
308.25
308.007
307.892
307.944
308.139
308.425
308.776
309.188
309.677
310.281
311.096
312.303
313.727
314.209
313.349
312.095
311.208
310.604
310.152
309.794
309.52
309.389
309.462
309.694
310.016
310.401
310.908
311.72
312.965
314.95
318.046
320.333
321.105
320.577
319.762
317.361
314.537
312.899
311.925
311.307
310.853
310.476
310.18
310.027
310.08
310.307
310.63
311.027
311.515
312.144
313.021
314.195
314.916
314.291
312.918
311.821
311.044
310.441
309.943
309.523
309.172
308.887
308.681
308.59
308.653
308.861
309.179
309.578
310.065
310.738
311.943
314.38
316.793
317.628
316.793
314.38
311.943
310.738
310.065
309.578
309.179
308.861
308.653
308.59
308.681
308.887
309.172
309.523
309.943
310.441
311.044
311.821
312.918
314.291
314.916
314.195
313.021
312.144
311.515
311.027
310.63
310.307
310.08
310.027
310.18
310.476
310.853
311.307
311.925
312.899
314.537
317.361
319.762
320.577
320.118
319.241
316.719
314.332
313.09
312.335
311.797
311.357
311.002
310.774
310.737
310.891
311.164
311.513
311.942
312.466
313.126
314.004
315.105
315.697
314.976
313.671
312.638
311.869
311.254
310.745
310.322
309.979
309.71
309.513
309.4
309.405
309.553
309.836
310.227
310.71
311.322
312.253
314.189
316.614
317.497
316.614
314.189
312.253
311.322
310.71
310.227
309.836
309.553
309.405
309.4
309.513
309.71
309.979
310.322
310.745
311.254
311.869
312.638
313.671
314.976
315.697
315.105
314.004
313.126
312.466
311.942
311.513
311.164
310.891
310.737
310.774
311.002
311.357
311.797
312.335
313.09
314.332
316.719
319.241
320.118
319.852
318.897
316.312
314.464
313.523
312.873
312.358
311.94
311.649
311.537
311.611
311.814
312.098
312.461
312.913
313.475
314.177
315.077
316.123
316.603
315.825
314.57
313.55
312.762
312.127
311.609
311.193
310.87
310.629
310.456
310.34
310.298
310.369
310.585
310.943
311.421
312.021
312.825
314.29
316.619
317.569
316.619
314.29
312.825
312.021
311.421
310.943
310.585
310.369
310.298
310.34
310.456
310.629
310.87
311.193
311.609
312.127
312.762
313.55
314.57
315.825
316.603
316.123
315.077
314.177
313.475
312.913
312.461
312.098
311.814
311.611
311.537
311.649
311.94
312.358
312.873
313.523
314.464
316.312
318.897
319.852
319.934
318.893
316.332
314.925
314.126
313.505
313.012
312.659
312.489
312.506
312.648
312.862
313.14
313.503
313.972
314.57
315.327
316.275
317.293
317.68
316.874
315.627
314.572
313.744
313.085
312.565
312.168
311.879
311.677
311.535
311.428
311.356
311.353
311.477
311.766
312.217
312.821
313.602
314.802
316.946
317.983
316.946
314.802
313.602
312.821
312.217
311.766
311.477
311.353
311.356
311.428
311.535
311.677
311.879
312.168
312.565
313.085
313.744
314.572
315.627
316.874
317.68
317.293
316.275
315.327
314.57
313.972
313.503
313.14
312.862
312.648
312.506
312.489
312.659
313.012
313.505
314.126
314.925
316.332
318.893
319.934
320.543
319.437
316.872
315.637
314.876
314.272
313.842
313.616
313.592
313.704
313.875
314.081
314.34
314.687
315.158
315.788
316.612
317.639
318.663
318.986
318.165
316.871
315.733
314.847
314.171
313.665
313.305
313.062
312.904
312.794
312.7
312.614
312.559
312.591
312.781
313.165
313.746
314.535
315.719
317.81
318.922
317.81
315.719
314.535
313.746
313.165
312.781
312.591
312.559
312.614
312.7
312.794
312.904
313.062
313.305
313.665
314.171
314.847
315.733
316.871
318.165
318.986
318.663
317.639
316.612
315.788
315.158
314.687
314.34
314.081
313.875
313.704
313.592
313.616
313.842
314.272
314.876
315.637
316.872
319.437
320.543
321.811
320.753
318.121
316.578
315.761
315.217
314.916
314.849
314.948
315.119
315.304
315.499
315.739
316.075
316.564
317.268
318.237
319.432
320.506
320.786
319.955
318.538
317.204
316.184
315.457
314.96
314.639
314.445
314.331
314.25
314.167
314.069
313.97
313.921
313.997
314.279
314.823
315.713
317.267
319.513
320.565
319.513
317.267
315.713
314.823
314.279
313.997
313.921
313.97
314.069
314.167
314.25
314.331
314.445
314.639
314.96
315.457
316.184
317.204
318.538
319.955
320.786
320.506
319.432
318.237
317.268
316.564
316.075
315.739
315.499
315.304
315.119
314.948
314.849
314.916
315.217
315.761
316.578
318.121
320.753
321.811
323.642
322.826
320.529
318.347
317.156
316.684
316.605
316.775
317.059
317.354
317.616
317.862
318.146
318.547
319.155
320.041
321.2
322.445
323.381
323.57
322.855
321.508
320.024
318.776
317.89
317.329
317.006
316.836
316.747
316.68
316.593
316.467
316.308
316.158
316.099
316.261
316.839
318.115
320.11
322.069
322.821
322.069
320.11
318.115
316.839
316.261
316.099
316.158
316.308
316.467
316.593
316.68
316.747
316.836
317.006
317.329
317.89
318.776
320.024
321.508
322.855
323.57
323.381
322.445
321.2
320.041
319.155
318.547
318.146
317.862
317.616
317.354
317.059
316.775
316.605
316.684
317.156
318.347
320.529
322.826
323.642
325.542
325.029
323.629
321.946
320.672
320.072
320.004
320.228
320.563
320.913
321.251
321.595
321.985
322.477
323.115
323.913
324.815
325.668
326.241
326.319
325.836
324.922
323.833
322.804
321.971
321.366
320.959
320.699
320.531
320.408
320.296
320.183
320.077
320.018
320.078
320.367
321.017
322.101
323.449
324.593
325.03
324.593
323.449
322.101
321.017
320.367
320.078
320.018
320.077
320.183
320.296
320.408
320.531
320.699
320.959
321.366
321.971
322.804
323.833
324.922
325.836
326.319
326.241
325.668
324.815
323.913
323.115
322.477
321.985
321.595
321.251
320.913
320.563
320.228
320.004
320.072
320.672
321.946
323.629
325.029
325.542
326.905
326.561
325.647
324.509
323.539
322.95
322.742
322.806
323.026
323.321
323.655
324.026
324.454
324.967
325.582
326.286
327.016
327.656
328.053
328.083
327.712
327.019
326.16
325.296
324.539
323.939
323.496
323.184
322.967
322.809
322.687
322.593
322.54
322.563
322.72
323.08
323.697
324.558
325.508
326.265
326.553
326.265
325.508
324.558
323.697
323.08
322.72
322.563
322.54
322.593
322.687
322.809
322.967
323.184
323.496
323.939
324.539
325.296
326.16
327.019
327.712
328.083
328.053
327.656
327.016
326.286
325.582
324.967
324.454
324.026
323.655
323.321
323.026
322.806
322.742
322.95
323.539
324.509
325.647
326.561
326.905
327.394
327.101
326.325
325.344
324.471
323.897
323.653
323.67
323.854
324.13
324.46
324.837
325.275
325.792
326.397
327.069
327.747
328.322
328.669
328.687
328.348
327.72
326.93
326.118
325.388
324.792
324.34
324.013
323.78
323.612
323.487
323.4
323.364
323.412
323.597
323.973
324.573
325.362
326.196
326.845
327.089
326.845
326.196
325.362
324.573
323.973
323.597
323.412
323.364
323.4
323.487
323.612
323.78
324.013
324.34
324.792
325.388
326.118
326.93
327.72
328.348
328.687
328.669
328.322
327.747
327.069
326.397
325.792
325.275
324.837
324.46
324.13
323.854
323.67
323.653
323.897
324.471
325.344
326.325
327.101
327.394
326.905
326.561
325.647
324.509
323.539
322.95
322.742
322.806
323.026
323.321
323.655
324.026
324.454
324.967
325.582
326.286
327.016
327.656
328.053
328.083
327.712
327.019
326.16
325.296
324.539
323.939
323.496
323.184
322.967
322.809
322.687
322.593
322.54
322.563
322.72
323.08
323.697
324.558
325.508
326.265
326.553
326.265
325.508
324.558
323.697
323.08
322.72
322.563
322.54
322.593
322.687
322.809
322.967
323.184
323.496
323.939
324.539
325.296
326.16
327.019
327.712
328.083
328.053
327.656
327.016
326.286
325.582
324.967
324.454
324.026
323.655
323.321
323.026
322.806
322.742
322.95
323.539
324.509
325.647
326.561
326.905
325.542
325.029
323.629
321.946
320.672
320.072
320.004
320.228
320.563
320.913
321.251
321.595
321.985
322.477
323.115
323.913
324.815
325.668
326.241
326.319
325.836
324.922
323.833
322.804
321.971
321.366
320.959
320.699
320.531
320.408
320.296
320.183
320.077
320.018
320.078
320.367
321.017
322.101
323.449
324.593
325.03
324.593
323.449
322.101
321.017
320.367
320.078
320.018
320.077
320.183
320.296
320.408
320.531
320.699
320.959
321.366
321.971
322.804
323.833
324.922
325.836
326.319
326.241
325.668
324.815
323.913
323.115
322.477
321.985
321.595
321.251
320.913
320.563
320.228
320.004
320.072
320.672
321.946
323.629
325.029
325.542
323.642
322.826
320.529
318.347
317.156
316.684
316.605
316.775
317.059
317.354
317.616
317.862
318.146
318.547
319.155
320.041
321.2
322.445
323.381
323.57
322.855
321.508
320.024
318.776
317.89
317.329
317.006
316.836
316.747
316.68
316.593
316.467
316.308
316.158
316.099
316.261
316.839
318.115
320.11
322.069
322.821
322.069
320.11
318.115
316.839
316.261
316.099
316.158
316.308
316.467
316.593
316.68
316.747
316.836
317.006
317.329
317.89
318.776
320.024
321.508
322.855
323.57
323.381
322.445
321.2
320.041
319.155
318.547
318.146
317.862
317.616
317.354
317.059
316.775
316.605
316.684
317.156
318.347
320.529
322.826
323.642
321.811
320.753
318.121
316.578
315.761
315.217
314.916
314.849
314.948
315.119
315.304
315.499
315.739
316.075
316.564
317.268
318.237
319.432
320.506
320.786
319.955
318.538
317.204
316.184
315.457
314.96
314.639
314.445
314.331
314.25
314.167
314.069
313.97
313.921
313.997
314.279
314.823
315.713
317.267
319.513
320.565
319.513
317.267
315.713
314.823
314.279
313.997
313.921
313.97
314.069
314.167
314.25
314.331
314.445
314.639
314.96
315.457
316.184
317.204
318.538
319.955
320.786
320.506
319.432
318.237
317.268
316.564
316.075
315.739
315.499
315.304
315.119
314.948
314.849
314.916
315.217
315.761
316.578
318.121
320.753
321.811
320.543
319.437
316.872
315.637
314.876
314.272
313.842
313.616
313.592
313.704
313.875
314.081
314.34
314.687
315.158
315.788
316.612
317.639
318.663
318.986
318.165
316.871
315.733
314.847
314.171
313.665
313.305
313.062
312.904
312.794
312.7
312.614
312.559
312.591
312.781
313.165
313.746
314.535
315.719
317.81
318.922
317.81
315.719
314.535
313.746
313.165
312.781
312.591
312.559
312.614
312.7
312.794
312.904
313.062
313.305
313.665
314.171
314.847
315.733
316.871
318.165
318.986
318.663
317.639
316.612
315.788
315.158
314.687
314.34
314.081
313.875
313.704
313.592
313.616
313.842
314.272
314.876
315.637
316.872
319.437
320.543
319.934
318.893
316.332
314.925
314.126
313.505
313.012
312.659
312.489
312.506
312.648
312.862
313.14
313.503
313.972
314.57
315.327
316.275
317.293
317.68
316.874
315.627
314.572
313.744
313.085
312.565
312.168
311.879
311.677
311.535
311.428
311.356
311.353
311.477
311.766
312.217
312.821
313.602
314.802
316.946
317.983
316.946
314.802
313.602
312.821
312.217
311.766
311.477
311.353
311.356
311.428
311.535
311.677
311.879
312.168
312.565
313.085
313.744
314.572
315.627
316.874
317.68
317.293
316.275
315.327
314.57
313.972
313.503
313.14
312.862
312.648
312.506
312.489
312.659
313.012
313.505
314.126
314.925
316.332
318.893
319.934
319.852
318.897
316.312
314.464
313.523
312.873
312.358
311.94
311.649
311.537
311.611
311.814
312.098
312.461
312.913
313.475
314.177
315.077
316.123
316.603
315.825
314.57
313.55
312.762
312.127
311.609
311.193
310.87
310.629
310.456
310.34
310.298
310.369
310.585
310.943
311.421
312.021
312.825
314.29
316.619
317.569
316.619
314.29
312.825
312.021
311.421
310.943
310.585
310.369
310.298
310.34
310.456
310.629
310.87
311.193
311.609
312.127
312.762
313.55
314.57
315.825
316.603
316.123
315.077
314.177
313.475
312.913
312.461
312.098
311.814
311.611
311.537
311.649
311.94
312.358
312.873
313.523
314.464
316.312
318.897
319.852
320.118
319.241
316.719
314.332
313.09
312.335
311.797
311.357
311.002
310.774
310.737
310.891
311.164
311.513
311.942
312.466
313.126
314.004
315.105
315.697
314.976
313.671
312.638
311.869
311.254
310.745
310.322
309.979
309.71
309.513
309.4
309.405
309.553
309.836
310.227
310.71
311.322
312.253
314.189
316.614
317.497
316.614
314.189
312.253
311.322
310.71
310.227
309.836
309.553
309.405
309.4
309.513
309.71
309.979
310.322
310.745
311.254
311.869
312.638
313.671
314.976
315.697
315.105
314.004
313.126
312.466
311.942
311.513
311.164
310.891
310.737
310.774
311.002
311.357
311.797
312.335
313.09
314.332
316.719
319.241
320.118
320.577
319.762
317.361
314.537
312.899
311.925
311.307
310.853
310.476
310.18
310.027
310.08
310.307
310.63
311.027
311.515
312.144
313.021
314.195
314.916
314.291
312.918
311.821
311.044
310.441
309.943
309.523
309.172
308.887
308.681
308.59
308.653
308.861
309.179
309.578
310.065
310.738
311.943
314.38
316.793
317.628
316.793
314.38
311.943
310.738
310.065
309.578
309.179
308.861
308.653
308.59
308.681
308.887
309.172
309.523
309.943
310.441
311.044
311.821
312.918
314.291
314.916
314.195
313.021
312.144
311.515
311.027
310.63
310.307
310.08
310.027
310.18
310.476
310.853
311.307
311.925
312.899
314.537
317.361
319.762
320.577
321.105
320.333
318.046
314.95
312.965
311.72
310.908
310.401
310.016
309.694
309.462
309.389
309.52
309.794
310.152
310.604
311.208
312.095
313.349
314.209
313.727
312.303
311.096
310.281
309.677
309.188
308.776
308.425
308.139
307.944
307.892
308.007
308.25
308.579
308.978
309.492
310.315
311.896
314.705
317.065
317.867
317.065
314.705
311.896
310.315
309.492
308.978
308.579
308.25
308.007
307.892
307.944
308.139
308.425
308.776
309.188
309.677
310.281
311.096
312.303
313.727
314.209
313.349
312.095
311.208
310.604
310.152
309.794
309.52
309.389
309.462
309.694
310.016
310.401
310.908
311.72
312.965
314.95
318.046
320.333
321.105
321.612
320.866
318.647
315.399
313.187
311.751
310.676
310.013
309.596
309.268
308.998
308.826
308.819
308.998
309.303
309.714
310.293
311.191
312.516
313.523
313.226
311.813
310.461
309.573
308.953
308.469
308.066
307.725
307.451
307.286
307.282
307.435
307.692
308.02
308.425
309.019
310.081
312.021
315.056
317.367
318.146
317.367
315.056
312.021
310.081
309.019
308.425
308.02
307.692
307.435
307.282
307.286
307.451
307.725
308.066
308.469
308.953
309.573
310.461
311.813
313.226
313.523
312.516
311.191
310.293
309.714
309.303
308.998
308.819
308.826
308.998
309.268
309.596
310.013
310.676
311.751
313.187
315.399
318.647
320.866
321.612
322.049
321.312
319.113
315.772
313.433
311.927
310.663
309.751
309.219
308.875
308.595
308.368
308.236
308.266
308.474
308.832
309.378
310.272
311.645
312.801
312.728
311.414
309.915
308.919
308.263
307.777
307.385
307.061
306.815
306.696
306.738
306.912
307.17
307.493
307.93
308.682
310.009
312.209
315.377
317.656
318.421
317.656
315.377
312.209
310.009
308.682
307.93
307.493
307.17
306.912
306.738
306.696
306.815
307.061
307.385
307.777
308.263
308.919
309.915
311.414
312.728
312.801
311.645
310.272
309.378
308.832
308.474
308.266
308.236
308.368
308.595
308.875
309.219
309.751
310.663
311.927
313.433
315.772
319.113
321.312
322.049
322.397
321.657
319.445
316.031
313.636
312.123
310.798
309.683
308.925
308.508
308.221
307.981
307.773
307.655
307.702
307.954
308.445
309.307
310.687
311.987
312.169
311.051
309.449
308.313
307.602
307.108
306.728
306.43
306.228
306.163
306.24
306.422
306.674
307
307.517
308.49
310.029
312.388
315.644
317.906
318.663
317.906
315.644
312.388
310.029
308.49
307.517
307
306.674
306.422
306.24
306.163
306.228
306.43
306.728
307.108
307.602
308.313
309.449
311.051
312.169
311.987
310.687
309.307
308.445
307.954
307.702
307.655
307.773
307.981
308.221
308.508
308.925
309.683
310.798
312.123
313.636
316.031
319.445
321.657
322.397
322.663
321.913
319.667
316.184
313.783
312.282
310.958
309.768
308.784
308.185
307.864
307.633
307.4
307.187
307.066
307.132
307.491
308.275
309.61
311.03
311.491
310.653
309.042
307.752
306.964
306.456
306.093
305.832
305.687
305.674
305.776
305.958
306.201
306.551
307.212
308.41
310.071
312.527
315.85
318.103
318.855
318.103
315.85
312.527
310.071
308.41
307.212
306.551
306.201
305.958
305.776
305.674
305.687
305.832
306.093
306.456
306.964
307.752
309.042
310.653
311.491
311.03
309.61
308.275
307.491
307.132
307.066
307.187
307.4
307.633
307.864
308.185
308.784
309.768
310.958
312.282
313.783
316.184
319.667
321.913
322.663
322.865
322.102
319.814
316.265
313.882
312.401
311.086
309.893
308.797
307.957
307.516
307.269
307.038
306.804
306.587
306.468
306.589
307.175
308.399
309.891
310.641
310.143
308.65
307.222
306.341
305.815
305.478
305.271
305.189
305.222
305.337
305.512
305.751
306.159
307.014
308.38
310.095
312.618
315.993
318.241
318.991
318.241
315.993
312.618
310.095
308.38
307.014
306.159
305.751
305.512
305.337
305.222
305.189
305.271
305.478
305.815
306.341
307.222
308.65
310.143
310.641
309.891
308.399
307.175
306.589
306.468
306.587
306.804
307.038
307.269
307.516
307.957
308.797
309.893
311.086
312.401
313.882
316.265
319.814
322.102
322.865
323.031
322.256
319.926
316.319
313.958
312.495
311.183
309.994
308.88
307.873
307.217
306.898
306.675
306.436
306.192
305.975
305.875
306.117
307.059
308.548
309.575
309.454
308.206
306.7
305.72
305.182
304.887
304.746
304.728
304.799
304.919
305.08
305.322
305.834
306.888
308.349
310.085
312.663
316.075
318.317
319.064
318.317
316.075
312.663
310.085
308.349
306.888
305.834
305.322
305.08
304.919
304.799
304.728
304.746
304.887
305.182
305.72
306.7
308.206
309.454
309.575
308.548
307.059
306.117
305.875
305.975
306.192
306.436
306.675
306.898
307.217
307.873
308.88
309.994
311.183
312.495
313.958
316.319
319.926
322.256
323.031
323.184
322.401
320.044
316.392
314.042
312.586
311.273
310.078
308.962
307.9
307.026
306.552
306.311
306.068
305.821
305.568
305.357
305.297
305.748
307.012
308.268
308.54
307.633
306.151
305.087
304.557
304.326
304.257
304.295
304.39
304.501
304.649
304.911
305.567
306.782
308.284
310.032
312.662
316.096
318.325
319.068
318.325
316.096
312.662
310.032
308.284
306.782
305.567
304.911
304.649
304.501
304.39
304.295
304.257
304.326
304.557
305.087
306.151
307.633
308.54
308.268
307.012
305.748
305.297
305.357
305.568
305.821
306.068
306.311
306.552
307.026
307.9
308.962
310.078
311.273
312.586
314.042
316.392
320.044
322.401
323.184
323.341
322.557
320.197
316.527
314.164
312.702
311.376
310.166
309.037
307.963
306.962
306.267
305.929
305.699
305.451
305.199
304.943
304.745
304.751
305.453
306.729
307.378
306.867
305.527
304.43
303.952
303.799
303.793
303.865
303.96
304.066
304.209
304.511
305.33
306.65
308.168
309.931
312.611
316.048
318.259
318.996
318.259
316.048
312.611
309.931
308.168
306.65
305.33
304.511
304.209
304.066
303.96
303.865
303.793
303.799
303.952
304.43
305.527
306.867
307.378
306.729
305.453
304.751
304.745
304.943
305.199
305.451
305.699
305.929
306.267
306.962
307.963
309.037
310.166
311.376
312.702
314.164
316.527
320.197
322.557
323.341
323.502
322.729
320.399
316.754
314.352
312.863
311.514
310.277
309.121
308.028
306.981
306.087
305.582
305.331
305.08
304.828
304.575
304.329
304.143
304.243
305.088
305.987
305.881
304.792
303.755
303.379
303.3
303.333
303.423
303.516
303.615
303.758
304.118
305.087
306.464
307.991
309.772
312.495
315.919
318.106
318.835
318.106
315.919
312.495
309.772
307.991
306.464
305.087
304.118
303.758
303.615
303.516
303.423
303.333
303.3
303.379
303.755
304.792
305.881
305.987
305.088
304.243
304.143
304.329
304.575
304.828
305.08
305.331
305.582
306.087
306.981
308.028
309.121
310.277
311.514
312.863
314.352
316.754
320.399
322.729
323.502
323.646
322.895
320.635
317.072
314.612
313.081
311.696
310.422
309.229
308.101
307.027
306.015
305.293
304.941
304.704
304.452
304.199
303.945
303.706
303.547
303.746
304.464
304.699
303.937
303.089
302.845
302.826
302.883
302.972
303.06
303.151
303.299
303.727
304.813
306.211
307.741
309.535
312.287
315.688
317.849
318.57
317.849
315.688
312.287
309.535
307.741
306.211
304.813
303.727
303.299
303.151
303.06
302.972
302.883
302.826
302.845
303.089
303.937
304.699
304.464
303.746
303.547
303.706
303.945
304.199
304.452
304.704
304.941
305.293
306.015
307.027
308.101
309.229
310.422
311.696
313.081
314.612
317.072
320.635
322.895
323.646
323.728
323.008
320.848
317.43
314.918
313.337
311.916
310.601
309.365
308.194
307.082
306.013
305.095
304.582
304.329
304.073
303.819
303.565
303.307
303.082
302.949
303.151
303.422
303.007
302.461
302.343
302.365
302.438
302.517
302.597
302.678
302.832
303.328
304.486
305.88
307.401
309.192
311.952
315.328
317.47
318.186
317.47
315.328
311.952
309.192
307.401
305.88
304.486
303.328
302.832
302.678
302.597
302.517
302.438
302.365
302.343
302.461
303.007
303.422
303.151
302.949
303.082
303.307
303.565
303.819
304.073
304.329
304.582
305.095
306.013
307.082
308.194
309.365
310.601
311.916
313.337
314.918
317.43
320.848
323.008
323.728
323.689
322.999
320.942
317.697
315.173
313.565
312.13
310.791
309.522
308.31
307.151
306.04
304.992
304.266
303.924
303.688
303.436
303.183
302.93
302.674
302.462
302.321
302.317
302.106
301.882
301.861
301.904
301.983
302.057
302.129
302.198
302.357
302.909
304.094
305.46
306.951
308.712
311.451
314.816
316.955
317.67
316.955
314.816
311.451
308.712
306.951
305.46
304.094
302.909
302.357
302.198
302.129
302.057
301.983
301.904
301.861
301.882
302.106
302.317
302.321
302.462
302.674
302.93
303.183
303.436
303.688
303.924
304.266
304.992
306.04
307.151
308.31
309.522
310.791
312.13
313.565
315.173
317.697
320.942
322.999
323.689
323.467
322.795
320.802
317.681
315.192
313.611
312.217
310.908
309.648
308.424
307.233
306.08
304.963
304.025
303.54
303.299
303.047
302.799
302.55
302.302
302.063
301.84
301.62
301.382
301.352
301.398
301.453
301.528
301.595
301.656
301.714
301.871
302.455
303.626
304.94
306.373
308.071
310.756
314.14
316.301
317.024
316.301
314.14
310.756
308.071
306.373
304.94
303.626
302.455
301.871
301.714
301.656
301.595
301.528
301.453
301.398
301.352
301.382
301.62
301.84
302.063
302.302
302.55
302.799
303.047
303.299
303.54
304.025
304.963
306.08
307.233
308.424
309.648
310.908
312.217
313.611
315.192
317.681
320.802
322.795
323.467
323.027
322.349
320.342
317.214
314.777
313.271
311.978
310.775
309.608
308.445
307.277
306.113
304.962
303.877
303.183
302.877
302.652
302.408
302.166
301.923
301.675
301.44
301.182
300.892
300.869
300.95
301.01
301.077
301.132
301.182
301.227
301.373
301.955
303.077
304.316
305.667
307.274
309.872
313.311
315.522
316.261
315.522
313.311
309.872
307.274
305.667
304.316
303.077
301.955
301.373
301.227
301.182
301.132
301.077
301.01
300.95
300.869
300.892
301.182
301.44
301.675
301.923
302.166
302.408
302.652
302.877
303.183
303.877
304.962
306.113
307.277
308.445
309.608
310.775
311.978
313.271
314.777
317.214
320.342
322.349
323.027
322.379
321.67
319.561
316.279
313.904
312.492
311.306
310.235
309.216
308.199
307.15
306.057
304.93
303.795
302.882
302.465
302.249
302.012
301.778
301.542
301.304
301.061
300.816
300.534
300.446
300.519
300.578
300.631
300.671
300.703
300.732
300.859
301.405
302.451
303.599
304.858
306.357
308.845
312.367
314.651
315.414
314.651
312.367
308.845
306.357
304.858
303.599
302.451
301.405
300.859
300.732
300.703
300.671
300.631
300.578
300.519
300.446
300.534
300.816
301.061
301.304
301.542
301.778
302.012
302.249
302.465
302.882
303.795
304.93
306.057
307.15
308.199
309.216
310.235
311.306
312.492
313.904
316.279
319.561
321.67
322.379
321.586
320.829
318.562
315.059
312.795
311.481
310.368
309.38
308.469
307.593
306.709
305.774
304.764
303.688
302.654
302.066
301.815
301.61
301.385
301.16
300.933
300.701
300.47
300.218
300.08
300.112
300.16
300.193
300.213
300.224
300.234
300.331
300.809
301.763
302.82
303.989
305.385
307.756
311.37
313.741
314.531
313.741
311.37
307.756
305.385
303.989
302.82
301.763
300.809
300.331
300.234
300.224
300.213
300.193
300.16
300.112
300.08
300.218
300.47
300.701
300.933
301.16
301.385
301.61
301.815
302.066
302.654
303.688
304.764
305.774
306.709
307.593
308.469
309.38
310.368
311.481
312.795
315.059
318.562
320.829
321.586
320.743
319.936
317.508
313.827
311.718
310.492
309.426
308.476
307.606
306.793
306.009
305.217
304.372
303.442
302.449
301.695
301.381
301.199
300.988
300.776
300.562
300.345
300.122
299.904
299.748
299.729
299.755
299.763
299.76
299.748
299.732
299.791
300.182
301.039
302.015
303.11
304.425
306.697
310.401
312.85
313.664
312.85
310.401
306.697
304.425
303.11
302.015
301.039
300.182
299.791
299.732
299.748
299.76
299.763
299.755
299.729
299.748
299.904
300.122
300.345
300.562
300.776
300.988
301.199
301.381
301.695
302.449
303.442
304.372
305.217
306.009
306.793
307.606
308.476
309.426
310.492
311.718
313.827
317.508
319.936
320.743
319.949
319.104
316.551
312.785
310.813
309.642
308.603
307.679
306.827
306.032
305.278
304.548
303.811
303.029
302.174
301.364
300.954
300.763
300.585
300.389
300.19
299.99
299.79
299.596
299.436
299.377
299.363
299.339
299.309
299.272
299.225
299.247
299.548
300.307
301.217
302.259
303.525
305.753
309.534
312.034
312.862
312.034
309.534
305.753
303.525
302.259
301.217
300.307
299.548
299.247
299.225
299.272
299.309
299.339
299.363
299.377
299.436
299.596
299.79
299.99
300.19
300.389
300.585
300.763
300.954
301.364
302.174
303.029
303.811
304.548
305.278
306.032
306.827
307.679
308.603
309.642
310.813
312.785
316.551
319.104
319.949
319.285
318.416
315.792
312.015
310.118
308.961
307.93
307.019
306.182
305.4
304.659
303.949
303.256
302.556
301.821
301.063
300.548
300.329
300.18
299.998
299.815
299.631
299.449
299.279
299.137
299.041
298.975
298.918
298.861
298.799
298.726
298.718
298.933
299.589
300.449
301.463
302.723
304.995
308.831
311.328
312.152
311.328
308.831
304.995
302.723
301.463
300.449
299.589
298.933
298.718
298.726
298.799
298.861
298.918
298.975
299.041
299.137
299.279
299.449
299.631
299.815
299.998
300.18
300.329
300.548
301.063
301.821
302.556
303.256
303.949
304.659
305.4
306.182
307.019
307.93
308.961
310.118
312.015
315.792
318.416
319.285
318.798
317.92
315.275
311.518
309.635
308.458
307.411
306.497
305.664
304.892
304.164
303.47
302.799
302.138
301.471
300.784
300.196
299.909
299.758
299.605
299.437
299.263
299.092
298.93
298.787
298.67
298.575
298.492
298.413
298.334
298.245
298.212
298.35
298.897
299.722
300.732
302.044
304.489
308.316
310.732
311.528
310.732
308.316
304.489
302.044
300.732
299.722
298.897
298.35
298.212
298.245
298.334
298.413
298.492
298.575
298.67
298.787
298.93
299.092
299.263
299.437
299.605
299.758
299.909
300.196
300.784
301.471
302.138
302.799
303.47
304.164
304.892
305.664
306.497
307.411
308.458
309.635
311.518
315.275
317.92
318.798
318.502
317.632
315.007
311.275
309.357
308.137
307.051
306.111
305.265
304.49
303.767
303.083
302.429
301.794
301.165
300.532
299.924
299.538
299.354
299.221
299.058
298.89
298.72
298.556
298.406
298.273
298.157
298.055
297.962
297.874
297.79
297.727
297.797
298.236
299.036
300.07
301.512
304.283
307.957
310.196
310.932
310.196
307.957
304.283
301.512
300.07
299.036
298.236
297.797
297.727
297.79
297.874
297.962
298.055
298.157
298.273
298.406
298.556
298.72
298.89
299.058
299.221
299.354
299.538
299.924
300.532
301.165
301.794
302.429
303.083
303.767
304.49
305.265
306.111
307.051
308.137
309.357
311.275
315.007
317.632
318.502
318.386
317.535
314.973
311.266
309.271
307.994
306.851
305.863
304.982
304.184
303.45
302.766
302.119
301.498
300.893
300.296
299.703
299.236
298.978
298.836
298.681
298.512
298.337
298.164
298.002
297.854
297.722
297.605
297.5
297.405
297.317
297.233
297.266
297.608
298.382
299.48
301.175
304.332
307.638
309.601
310.246
309.601
307.638
304.332
301.175
299.48
298.382
297.608
297.266
297.233
297.317
297.405
297.5
297.605
297.722
297.854
298.002
298.164
298.337
298.512
298.681
298.836
298.978
299.236
299.703
300.296
300.893
301.498
302.119
302.766
303.45
304.184
304.982
305.863
306.851
307.994
309.271
311.266
314.973
317.535
318.386
318.408
317.59
315.129
311.471
309.352
308.006
306.798
305.747
304.81
303.97
303.207
302.506
301.853
301.234
300.64
300.063
299.493
298.989
298.652
298.473
298.314
298.135
297.946
297.758
297.579
297.414
297.267
297.137
297.024
296.925
296.835
296.75
296.758
297.006
297.742
298.975
301.1
304.406
307.157
308.763
309.287
308.763
307.157
304.406
301.1
298.975
297.742
297.006
296.758
296.75
296.835
296.925
297.024
297.137
297.267
297.414
297.579
297.758
297.946
298.135
298.314
298.473
298.652
298.989
299.493
300.063
300.64
301.234
301.853
302.506
303.207
303.97
304.81
305.747
306.798
308.006
309.352
311.471
315.129
317.59
318.408
318.504
317.725
315.392
311.833
309.555
308.131
306.861
305.743
304.743
303.847
303.039
302.305
301.63
301.001
300.404
299.833
299.277
298.765
298.371
298.143
297.963
297.762
297.551
297.339
297.136
296.951
296.789
296.649
296.53
296.429
296.345
296.28
296.255
296.413
297.082
298.589
301.203
304.17
306.27
307.443
307.812
307.443
306.27
304.17
301.203
298.589
297.082
296.413
296.255
296.28
296.345
296.429
296.53
296.649
296.789
296.951
297.136
297.339
297.551
297.762
297.963
298.143
298.371
298.765
299.277
299.833
300.404
301.001
301.63
302.305
303.039
303.847
304.743
305.743
306.861
308.131
309.555
311.833
315.392
317.725
318.504
318.596
317.85
315.634
312.206
309.795
308.303
306.987
305.817
304.762
303.81
302.95
302.171
301.461
300.806
300.193
299.614
299.06
298.542
298.115
297.841
297.627
297.395
297.151
296.905
296.671
296.462
296.283
296.134
296.012
295.912
295.83
295.764
295.713
295.807
296.378
298.343
301.106
303.378
304.748
305.364
305.514
305.364
304.748
303.378
301.106
298.343
296.378
295.807
295.713
295.764
295.83
295.912
296.012
296.134
296.283
296.462
296.671
296.905
297.151
297.395
297.627
297.841
298.115
298.542
299.06
299.614
300.193
300.806
301.461
302.171
302.95
303.81
304.762
305.817
306.987
308.303
309.795
312.206
315.634
317.85
318.596
318.616
317.885
315.72
312.374
309.936
308.426
307.101
305.912
304.831
303.843
302.94
302.115
301.36
300.667
300.024
299.423
298.856
298.324
297.871
297.552
297.303
297.036
296.749
296.455
296.176
295.936
295.742
295.589
295.468
295.372
295.294
295.228
295.166
295.216
295.662
298.077
300.473
301.937
302.418
302.203
301.98
302.203
302.418
301.937
300.473
298.077
295.662
295.216
295.166
295.228
295.294
295.372
295.468
295.589
295.742
295.936
296.176
296.455
296.749
297.036
297.303
297.552
297.871
298.324
298.856
299.423
300.024
300.667
301.36
302.115
302.94
303.843
304.831
305.912
307.101
308.426
309.936
312.374
315.72
317.885
318.616
318.537
317.791
315.577
312.2
309.878
308.429
307.137
305.971
304.9
303.907
302.986
302.13
301.336
300.6
299.916
299.278
298.683
298.128
297.642
297.267
296.994
296.69
296.35
295.986
295.637
295.361
295.156
295.006
294.894
294.81
294.742
294.685
294.63
294.657
294.997
297.505
299.281
299.923
299.412
298.476
298.074
298.476
299.412
299.923
299.281
297.505
294.997
294.657
294.63
294.685
294.742
294.81
294.894
295.006
295.156
295.361
295.637
295.986
296.35
296.69
296.994
297.267
297.642
298.128
298.683
299.278
299.916
300.6
301.336
302.13
302.986
303.907
304.9
305.971
307.137
308.429
309.878
312.2
315.577
317.791
318.537
318.386
317.602
315.254
311.78
309.687
308.341
307.105
305.984
304.941
303.963
303.044
302.178
301.361
300.593
299.871
299.194
298.561
297.974
297.447
297.016
296.71
296.376
295.969
295.497
295.022
294.708
294.509
294.379
294.29
294.225
294.175
294.135
294.101
294.116
294.378
296.522
297.666
297.655
296.769
296.094
295.915
296.094
296.769
297.655
297.666
296.522
294.378
294.116
294.101
294.135
294.175
294.225
294.29
294.379
294.509
294.708
295.022
295.497
295.969
296.376
296.71
297.016
297.447
297.974
298.561
299.194
299.871
300.593
301.361
302.178
303.044
303.963
304.941
305.984
307.105
308.341
309.687
311.78
315.254
317.602
318.386
318.24
317.416
314.922
311.385
309.516
308.254
307.063
305.977
304.959
303.998
303.086
302.219
301.394
300.609
299.863
299.158
298.493
297.876
297.309
296.826
296.461
296.129
295.649
295.004
294.242
293.936
293.789
293.707
293.655
293.62
293.593
293.574
293.563
293.573
293.752
295.11
295.668
295.417
294.794
294.487
294.413
294.487
294.794
295.417
295.668
295.11
293.752
293.573
293.563
293.574
293.593
293.62
293.655
293.707
293.789
293.936
294.242
295.004
295.649
296.129
296.461
296.826
297.309
297.876
298.493
299.158
299.863
300.609
301.394
302.219
303.086
303.998
304.959
305.977
307.063
308.254
309.516
311.385
314.922
317.416
318.24
318.18
317.339
314.783
311.231
309.454
308.22
307.046
305.974
304.964
304.009
303.1
302.234
301.407
300.618
299.864
299.149
298.473
297.843
297.257
296.749
296.348
296.025
295.488
294.625
293
293
293
293
293
293
293
293
293
293
293
293
293
293
293
293
293
293
293
293
293
293
293
293
293
293
293
293
293
293
293
293
293
294.625
295.488
296.025
296.348
296.749
297.257
297.843
298.473
299.149
299.864
300.618
301.407
302.234
303.1
304.009
304.964
305.974
307.046
308.22
309.454
311.231
314.783
317.339
318.18
