321.234
320.692
319.147
316.868
314.401
312.47
311.285
310.653
310.317
310.05
309.667
309.035
308.08
306.779
305.154
303.259
301.159
298.871
296.827
296.285
296.068
295.828
295.339
294.53
293
293
293
293
293
293
293
293
293
293
293
293
293
293
293
293
293
293
293
293
293
293
293
293
293
293
293
293
293
293
293
293
293
294.53
295.339
295.828
296.068
296.285
296.827
298.871
301.159
303.259
305.154
306.779
308.08
309.035
309.667
310.05
310.317
310.653
311.285
312.47
314.401
316.868
319.147
320.692
321.234
320.994
320.413
318.733
316.182
313.364
311.322
310.228
309.724
309.502
309.327
309.01
308.416
307.471
306.16
304.508
302.581
300.475
298.398
297.083
296.608
296.276
295.951
295.496
294.888
294.169
293.88
293.742
293.664
293.615
293.582
293.558
293.539
293.526
293.521
293.534
294.138
295.775
296.614
296.664
295.963
295.5
295.963
296.664
296.614
295.775
294.138
293.534
293.521
293.526
293.539
293.558
293.582
293.615
293.664
293.742
293.88
294.169
294.888
295.496
295.951
296.276
296.608
297.083
298.398
300.475
302.581
304.508
306.16
307.471
308.416
309.01
309.327
309.502
309.724
310.228
311.322
313.364
316.182
318.733
320.413
320.994
320.355
319.67
317.628
314.275
310.683
308.57
307.542
307.121
307.109
307.188
307.068
306.585
305.667
304.321
302.573
300.542
298.867
297.852
297.32
296.886
296.544
296.198
295.802
295.352
294.902
294.605
294.417
294.295
294.211
294.15
294.104
294.068
294.039
294.021
294.038
294.972
297.787
299.455
300.056
299.574
299.003
299.574
300.056
299.455
297.787
294.972
294.038
294.021
294.039
294.068
294.104
294.15
294.211
294.295
294.417
294.605
294.902
295.352
295.802
296.198
296.544
296.886
297.32
297.852
298.867
300.542
302.573
304.321
305.667
306.585
307.068
307.188
307.109
307.121
307.542
308.57
310.683
314.275
317.628
319.67
320.355
319.523
318.721
316.277
312.077
308.558
307.172
306.203
305.383
304.779
304.419
304.165
303.701
302.761
301.393
300.024
299.051
298.473
297.931
297.531
297.151
296.812
296.491
296.157
295.809
295.479
295.217
295.023
294.882
294.778
294.699
294.637
294.585
294.538
294.49
294.517
295.692
299.383
301.801
303.128
303.544
303.534
303.544
303.128
301.801
299.383
295.692
294.517
294.49
294.538
294.585
294.637
294.699
294.778
294.882
295.023
295.217
295.479
295.809
296.157
296.491
296.812
297.151
297.531
297.931
298.473
299.051
300.024
301.393
302.761
303.701
304.165
304.419
304.779
305.383
306.203
307.172
308.558
312.077
316.277
318.721
319.523
318.732
317.853
315.154
310.52
307.554
306.406
305.481
304.676
303.958
303.266
302.529
301.707
300.873
300.155
299.575
299.022
298.591
298.156
297.75
297.369
297.057
296.792
296.522
296.245
295.981
295.755
295.571
295.428
295.315
295.227
295.154
295.091
295.031
294.965
295.008
296.419
300.694
303.673
305.554
306.517
306.789
306.517
305.554
303.673
300.694
296.419
295.008
294.965
295.031
295.091
295.154
295.227
295.315
295.428
295.571
295.755
295.981
296.245
296.522
296.792
297.057
297.369
297.75
298.156
298.591
299.022
299.575
300.155
300.873
301.707
302.529
303.266
303.958
304.676
305.481
306.406
307.554
310.52
315.154
317.853
318.732
318.136
317.241
314.505
309.898
307.157
305.931
304.96
304.186
303.493
302.794
302.037
301.284
300.65
300.121
299.666
299.225
298.793
298.346
297.94
297.513
297.25
297.095
296.888
296.663
296.443
296.244
296.075
295.937
295.824
295.733
295.657
295.59
295.527
295.455
295.529
297.22
301.748
305.082
307.336
308.618
309.027
308.618
307.336
305.082
301.748
297.22
295.529
295.455
295.527
295.59
295.657
295.733
295.824
295.937
296.075
296.244
296.443
296.663
296.888
297.095
297.25
297.513
297.94
298.346
298.793
299.225
299.666
300.121
300.65
301.284
302.037
302.794
303.493
304.186
304.96
305.931
307.157
309.898
314.505
317.241
318.136
317.766
316.91
314.313
310.015
307.135
305.702
304.619
303.816
303.13
302.468
301.807
301.211
300.724
300.298
299.858
299.414
299.006
298.488
297.984
297.648
297.564
297.444
297.268
297.072
296.877
296.699
296.544
296.415
296.308
296.219
296.145
296.081
296.026
295.978
296.118
297.977
302.454
306.007
308.529
310.027
310.522
310.027
308.529
306.007
302.454
297.977
296.118
295.978
296.026
296.081
296.145
296.219
296.308
296.415
296.544
296.699
296.877
297.072
297.268
297.444
297.564
297.648
297.984
298.488
299.006
299.414
299.858
300.298
300.724
301.211
301.807
302.468
303.13
303.816
304.619
305.702
307.135
310.015
314.313
316.91
317.766
317.545
316.755
314.392
310.545
307.367
305.644
304.405
303.529
302.87
302.315
301.8
301.335
300.906
300.484
300.049
299.529
299.072
298.599
298.145
298.06
298.016
297.844
297.662
297.474
297.291
297.125
296.983
296.866
296.768
296.687
296.617
296.558
296.513
296.516
296.765
298.477
302.61
306.398
309.185
310.878
311.444
310.878
309.185
306.398
302.61
298.477
296.765
296.516
296.513
296.558
296.617
296.687
296.768
296.866
296.983
297.125
297.291
297.474
297.662
297.844
298.016
298.06
298.145
298.599
299.072
299.529
300.049
300.484
300.906
301.335
301.8
302.315
302.87
303.529
304.405
305.644
307.367
310.545
314.392
316.755
317.545
317.341
316.612
314.46
311.032
307.626
305.592
304.257
303.433
302.905
302.461
302.013
301.558
301.083
300.595
300.175
299.984
299.99
299.457
298.694
298.597
298.437
298.25
298.057
297.866
297.684
297.523
297.393
297.291
297.209
297.137
297.073
297.016
296.963
297.025
297.411
298.762
302.119
306.234
309.371
311.292
311.937
311.292
309.371
306.234
302.119
298.762
297.411
297.025
296.963
297.016
297.073
297.137
297.209
297.291
297.393
297.523
297.684
297.866
298.057
298.25
298.437
298.597
298.694
299.457
299.99
299.984
300.175
300.595
301.083
301.558
302.013
302.461
302.905
303.433
304.257
305.592
307.626
311.032
314.46
316.612
317.341
317.034
316.328
314.261
311.015
307.514
305.404
304.272
303.661
303.216
302.787
302.332
301.826
301.379
301.447
301.892
301.935
301.272
299.923
299.203
299.107
298.871
298.657
298.447
298.243
298.051
297.885
297.769
297.694
297.633
297.575
297.519
297.464
297.414
297.538
298.045
299.107
301.41
305.585
309.21
311.419
312.158
311.419
309.21
305.585
301.41
299.107
298.045
297.538
297.414
297.464
297.519
297.575
297.633
297.694
297.769
297.885
298.051
298.243
298.447
298.657
298.871
299.107
299.203
299.923
301.272
301.935
301.892
301.447
301.379
301.826
302.332
302.787
303.216
303.661
304.272
305.404
307.514
311.015
314.261
316.328
317.034
316.579
315.841
313.685
310.305
306.939
305.267
304.505
304.021
303.591
303.165
302.746
302.725
303.433
304.04
303.968
303.194
301.692
299.961
299.699
299.506
299.281
299.053
298.827
298.602
298.386
298.194
298.098
298.078
298.048
298.007
297.958
297.904
297.861
298.051
298.694
299.639
301.147
304.706
308.909
311.452
312.297
311.452
308.909
304.706
301.147
299.639
298.694
298.051
297.861
297.904
297.958
298.007
298.048
298.078
298.098
298.194
298.386
298.602
298.827
299.053
299.281
299.506
299.699
299.961
301.692
303.194
303.968
304.04
303.433
302.725
302.746
303.165
303.591
304.021
304.505
305.267
306.939
310.305
313.685
315.841
316.579
316.035
315.211
312.791
309.128
306.488
305.468
304.897
304.43
304
303.69
304.205
305.299
306.043
305.997
305.185
303.621
301.413
300.322
300.189
299.932
299.687
299.444
299.199
298.95
298.699
298.458
298.43
298.467
298.468
298.443
298.398
298.329
298.301
298.567
299.388
300.338
301.493
304.082
308.754
311.621
312.563
311.621
308.754
304.082
301.493
300.338
299.388
298.567
298.301
298.329
298.398
298.443
298.468
298.467
298.43
298.458
298.699
298.95
299.199
299.444
299.687
299.932
300.189
300.322
301.413
303.621
305.185
305.997
306.043
305.299
304.205
303.69
304
304.43
304.897
305.468
306.488
309.128
312.791
315.211
316.035
315.576
314.615
311.752
308.233
306.668
305.939
305.379
304.901
304.677
305.544
306.966
307.848
307.911
307.158
305.592
303.201
301.094
300.819
300.589
300.339
300.088
299.833
299.571
299.294
299.011
298.754
298.828
298.889
298.907
298.896
298.858
298.792
298.768
299.09
300.151
301.171
302.239
304.192
309.071
312.151
313.152
312.151
309.071
304.192
302.239
301.171
300.151
299.09
298.768
298.792
298.858
298.896
298.907
298.889
298.828
298.754
299.011
299.294
299.571
299.833
300.088
300.339
300.589
300.819
301.094
303.201
305.592
307.158
307.911
307.848
306.966
305.544
304.677
304.901
305.379
305.939
306.668
308.233
311.752
314.615
315.576
315.475
314.366
311.01
308.28
307.293
306.566
305.987
305.834
306.911
308.498
309.48
309.665
309.033
307.568
305.265
302.429
301.43
301.263
301.003
300.745
300.486
300.223
299.955
299.703
299.315
299.161
299.289
299.348
299.372
299.369
299.342
299.286
299.276
299.694
301.037
302.155
303.31
305.347
310.159
313.197
314.179
313.197
310.159
305.347
303.31
302.155
301.037
299.694
299.276
299.286
299.342
299.369
299.372
299.348
299.289
299.161
299.315
299.703
299.955
300.223
300.486
300.745
301.003
301.263
301.43
302.429
305.265
307.568
309.033
309.665
309.48
308.498
306.911
305.834
305.987
306.566
307.293
308.28
311.01
314.366
315.475
316.03
314.851
311.213
309.078
308.132
307.408
307.322
308.45
309.992
310.967
311.235
310.738
309.425
307.253
304.23
302.149
301.933
301.672
301.41
301.148
300.883
300.614
300.353
300.168
299.927
299.77
299.797
299.837
299.858
299.862
299.85
299.816
299.841
300.571
302.297
303.529
304.983
307.827
312.091
314.739
315.608
314.739
312.091
307.827
304.983
303.529
302.297
300.571
299.841
299.816
299.85
299.862
299.858
299.837
299.797
299.77
299.927
300.168
300.353
300.614
300.883
301.148
301.41
301.672
301.933
302.149
304.23
307.253
309.425
310.738
311.235
310.967
309.992
308.45
307.322
307.408
308.132
309.078
311.213
314.851
316.03
317.383
316.338
313.139
310.535
309.388
309.365
310.341
311.552
312.34
312.584
312.19
311.064
309.115
306.258
303.237
302.533
302.336
302.077
301.814
301.549
301.278
300.993
300.855
301.26
301.337
300.422
300.317
300.339
300.356
300.368
300.373
300.37
300.439
301.591
304.084
306.069
308.165
311.159
314.398
316.496
317.211
316.496
314.398
311.159
308.165
306.069
304.084
301.591
300.439
300.37
300.373
300.368
300.356
300.339
300.317
300.422
301.337
301.26
300.855
300.993
301.278
301.549
301.814
302.077
302.336
302.533
303.237
306.258
309.115
311.064
312.19
312.584
312.34
311.552
310.341
309.365
309.388
310.535
313.139
316.338
317.383
319.262
318.515
316.361
314.048
312.971
312.989
313.346
313.643
313.67
313.276
312.316
310.651
308.153
304.921
303.204
303.023
302.746
302.48
302.215
301.95
301.682
301.496
301.91
302.883
302.682
301.078
300.832
300.84
300.855
300.875
300.899
300.929
301.045
302.296
305.237
308.04
310.811
313.697
316.317
318.072
318.684
318.072
316.317
313.697
310.811
308.04
305.237
302.296
301.045
300.929
300.899
300.875
300.855
300.84
300.832
301.078
302.682
302.883
301.91
301.496
301.682
301.95
302.215
302.48
302.746
303.023
303.204
304.921
308.153
310.651
312.316
313.276
313.67
313.643
313.346
312.989
312.971
314.048
316.361
318.515
319.262
321.071
320.548
319.143
317.463
316.167
315.38
314.883
314.44
313.86
312.97
311.586
309.507
306.568
304.056
303.622
303.399
303.139
302.876
302.612
302.351
302.121
302.274
303.651
304.583
303.943
301.787
301.331
301.327
301.346
301.374
301.413
301.469
301.645
302.697
305.342
308.535
311.829
314.951
317.538
319.23
319.817
319.23
317.538
314.951
311.829
308.535
305.342
302.697
301.645
301.469
301.413
301.374
301.346
301.327
301.331
301.787
303.943
304.583
303.651
302.274
302.121
302.351
302.612
302.876
303.139
303.399
303.622
304.056
306.568
309.507
311.586
312.97
313.86
314.44
314.883
315.38
316.167
317.463
319.143
320.548
321.071
322.364
321.902
320.641
318.953
317.3
315.923
314.802
313.811
312.798
311.596
309.988
307.708
305.272
304.284
304.071
303.798
303.532
303.267
303.002
302.745
302.715
304.093
305.897
306.297
305.177
302.528
301.801
301.787
301.821
301.858
301.905
301.971
302.205
303.085
304.922
307.751
311.474
315.179
318.09
319.931
320.56
319.931
318.09
315.179
311.474
307.751
304.922
303.085
302.205
301.971
301.905
301.858
301.821
301.787
301.801
302.528
305.177
306.297
305.897
304.093
302.715
302.745
303.002
303.267
303.532
303.798
304.071
304.284
305.272
307.708
309.988
311.596
312.798
313.811
314.802
315.923
317.3
318.953
320.641
321.902
322.364
323.018
322.493
321.005
318.844
316.595
314.648
313.033
311.648
310.379
309.102
307.685
306.153
305.055
304.714
304.45
304.184
303.92
303.653
303.38
303.263
304.306
306.682
308.052
307.969
306.388
303.273
302.271
302.245
302.288
302.329
302.373
302.427
302.7
303.536
304.863
306.767
310.13
314.648
318.15
320.283
320.998
320.283
318.15
314.648
310.13
306.767
304.863
303.536
302.7
302.427
302.373
302.329
302.288
302.245
302.271
303.273
306.388
307.969
308.052
306.682
304.306
303.263
303.38
303.653
303.92
304.184
304.45
304.714
305.055
306.153
307.685
309.102
310.379
311.648
313.033
314.648
316.595
318.844
321.005
322.493
323.018
323.161
322.484
320.481
317.296
314.346
312.276
310.828
309.714
308.764
307.857
306.89
305.936
305.352
305.09
304.824
304.564
304.304
304.041
303.858
304.362
306.832
309.181
310.099
309.576
307.574
304.037
302.748
302.708
302.753
302.791
302.825
302.854
303.138
304.012
305.186
306.584
308.894
313.792
318.018
320.489
321.302
320.489
318.018
313.792
308.894
306.584
305.186
304.012
303.138
302.854
302.825
302.791
302.753
302.708
302.748
304.037
307.574
309.576
310.099
309.181
306.832
304.362
303.858
304.041
304.304
304.564
304.824
305.09
305.352
305.936
306.89
307.857
308.764
309.714
310.828
312.276
314.346
317.296
320.481
322.484
323.161
323.093
322.239
319.617
315.411
312.847
311.471
310.345
309.404
308.554
307.724
306.856
306.085
305.676
305.435
305.189
304.939
304.687
304.467
304.607
306.678
309.724
311.557
312.024
311.1
308.741
304.877
303.24
303.177
303.221
303.254
303.276
303.283
303.538
304.506
305.692
306.948
308.663
313.315
318.083
320.791
321.671
320.791
318.083
313.315
308.663
306.948
305.692
304.506
303.538
303.283
303.276
303.254
303.221
303.177
303.24
304.877
308.741
311.1
312.024
311.557
309.724
306.678
304.607
304.467
304.687
304.939
305.189
305.435
305.676
306.085
306.856
307.724
308.554
309.404
310.345
311.471
312.847
315.411
319.617
322.239
323.093
323.172
322.2
319.154
314.418
312.489
311.346
310.299
309.392
308.554
307.733
306.899
306.249
305.986
305.779
305.552
305.312
305.081
305.049
306.531
309.794
312.4
313.737
313.778
312.497
309.858
305.811
303.758
303.66
303.696
303.722
303.738
303.739
303.943
305.03
306.333
307.622
309.363
313.905
318.662
321.36
322.236
321.36
318.662
313.905
309.363
307.622
306.333
305.03
303.943
303.739
303.738
303.722
303.696
303.66
303.758
305.811
309.858
312.497
313.778
313.737
312.4
309.794
306.531
305.049
305.081
305.312
305.552
305.779
305.986
306.249
306.899
307.733
308.554
309.392
310.299
311.346
312.489
314.418
319.154
322.2
323.172
323.633
322.671
319.668
314.932
312.814
311.619
310.524
309.542
308.629
307.717
306.895
306.461
306.33
306.14
305.922
305.68
305.577
306.449
309.484
312.71
314.785
315.651
315.291
313.69
310.835
306.727
304.307
304.16
304.176
304.193
304.212
304.226
304.416
305.636
307.159
308.669
311.046
315.614
319.757
322.188
322.99
322.188
319.757
315.614
311.046
308.669
307.159
305.636
304.416
304.226
304.212
304.193
304.176
304.16
304.307
306.727
310.835
313.69
315.291
315.651
314.785
312.71
309.484
306.449
305.577
305.68
305.922
306.14
306.33
306.461
306.895
307.717
308.629
309.542
310.524
311.619
312.814
314.932
319.668
322.671
323.633
324.455
323.623
321.093
316.993
313.975
312.317
311.044
309.917
308.85
307.702
306.999
306.832
306.708
306.524
306.309
306.16
306.504
309.017
312.574
315.251
316.814
317.23
316.483
314.574
311.52
307.381
304.861
304.665
304.651
304.658
304.685
304.728
304.938
306.311
308.327
310.455
313.566
317.655
321.008
323.084
323.784
323.084
321.008
317.655
313.566
310.455
308.327
306.311
304.938
304.728
304.685
304.658
304.651
304.665
304.861
307.381
311.52
314.574
316.483
317.23
316.814
315.251
312.574
309.017
306.504
306.16
306.309
306.524
306.708
306.832
306.999
307.702
308.85
309.917
311.044
312.317
313.975
316.993
321.093
323.623
324.455
325.38
324.709
322.75
319.743
316.728
314.534
312.921
311.418
309.756
307.97
307.413
307.314
307.126
306.936
306.754
306.779
308.466
312.032
315.185
317.343
318.43
318.41
317.274
315.039
311.754
307.571
305.397
305.174
305.106
305.099
305.142
305.246
305.47
306.731
309.259
312.144
315.591
319.116
321.973
323.794
324.416
323.794
321.973
319.116
315.591
312.144
309.259
306.731
305.47
305.246
305.142
305.099
305.106
305.174
305.397
307.571
311.754
315.039
317.274
318.41
318.43
317.343
315.185
312.032
308.466
306.779
306.754
306.936
307.126
307.314
307.413
307.97
309.756
311.418
312.921
314.534
316.728
319.743
322.75
324.709
325.38
326.085
325.521
323.904
321.498
318.841
316.414
314.274
312.208
309.999
308.242
307.885
307.738
307.541
307.336
307.27
307.889
311.023
314.55
317.238
318.942
319.59
319.144
317.601
314.993
311.399
307.384
305.97
305.732
305.558
305.486
305.578
305.787
306.043
306.874
309.238
312.493
316.227
319.69
322.414
324.139
324.729
324.139
322.414
319.69
316.227
312.493
309.238
306.874
306.043
305.787
305.578
305.486
305.558
305.732
305.97
307.384
311.399
314.993
317.601
319.144
319.59
318.942
317.238
314.55
311.023
307.889
307.27
307.336
307.541
307.738
307.885
308.242
309.999
312.208
314.274
316.414
318.841
321.498
323.904
325.521
326.085
326.356
325.822
324.283
321.947
319.181
316.465
314.004
311.657
309.593
308.616
308.349
308.142
307.959
307.826
307.908
309.389
313.158
316.381
318.713
320.036
320.281
319.412
317.432
314.375
310.387
307.25
306.575
306.311
306.025
305.832
306.001
306.31
306.612
307.075
308.62
311.634
315.671
319.441
322.29
324.059
324.658
324.059
322.29
319.441
315.671
311.634
308.62
307.075
306.612
306.31
306.001
305.832
306.025
306.311
306.575
307.25
310.387
314.375
317.432
319.412
320.281
320.036
318.713
316.381
313.158
309.389
307.908
307.826
307.959
308.142
308.349
308.616
309.593
311.657
314.004
316.465
319.181
321.947
324.283
325.822
326.356
326.133
325.565
323.899
321.262
317.938
314.859
312.445
310.592
309.489
309.038
308.745
308.518
308.379
308.395
308.638
310.604
314.468
317.541
319.633
320.647
320.522
319.231
316.776
313.197
309.185
307.479
307.138
306.851
306.545
306.212
306.463
306.798
307.111
307.428
308.185
310.34
314.303
318.558
321.683
323.585
324.225
323.585
321.683
318.558
314.303
310.34
308.185
307.428
307.111
306.798
306.463
306.212
306.545
306.851
307.138
307.479
309.185
313.197
316.776
319.231
320.522
320.647
319.633
317.541
314.468
310.604
308.638
308.395
308.379
308.518
308.745
309.038
309.489
310.592
312.445
314.859
317.938
321.262
323.899
325.565
326.133
325.486
324.842
322.922
319.746
315.793
313.018
311.323
310.271
309.758
309.405
309.084
308.871
308.904
309.087
309.394
311.15
315.067
318.119
320.069
320.834
320.367
318.65
315.689
311.603
308.557
307.913
307.643
307.361
307.102
306.679
306.975
307.28
307.56
307.846
308.23
309.408
312.67
317.289
320.736
322.813
323.507
322.813
320.736
317.289
312.67
309.408
308.23
307.846
307.56
307.28
306.975
306.679
307.102
307.361
307.643
307.913
308.557
311.603
315.689
318.65
320.367
320.834
320.069
318.119
315.067
311.15
309.394
309.087
308.904
308.871
309.084
309.405
309.758
310.271
311.323
313.018
315.793
319.746
322.922
324.842
325.486
324.562
323.834
321.639
317.936
313.99
312.031
310.966
310.413
310.07
309.747
309.417
309.301
309.51
309.774
310.066
311.234
315.081
318.236
320.127
320.691
319.9
317.751
314.262
310.241
308.715
308.393
308.129
307.903
307.816
307.874
307.88
307.824
308.013
308.283
308.563
309.12
311.263
315.836
319.596
321.86
322.616
321.86
319.596
315.836
311.263
309.12
308.563
308.283
308.013
307.824
307.88
307.874
307.816
307.903
308.129
308.393
308.715
310.241
314.262
317.751
319.9
320.691
320.127
318.236
315.081
311.234
310.066
309.774
309.51
309.301
309.417
309.747
310.07
310.413
310.966
312.031
313.99
317.936
321.639
323.834
324.562
323.532
322.731
320.318
316.31
312.961
311.653
311.048
310.703
310.396
310.091
309.765
309.826
310.125
310.399
310.685
311.353
314.682
318.057
319.95
320.34
319.228
316.634
312.676
309.738
309.147
308.876
308.638
308.539
308.992
309.839
309.502
308.608
308.54
308.741
309.003
309.339
310.447
314.318
318.391
320.853
321.675
320.853
318.391
314.318
310.447
309.339
309.003
308.741
308.54
308.608
309.502
309.839
308.992
308.539
308.638
308.876
309.147
309.738
312.676
316.634
319.228
320.34
319.95
318.057
314.682
311.353
310.685
310.399
310.125
309.826
309.765
310.091
310.396
310.703
311.048
311.653
312.961
316.31
320.318
322.731
323.532
322.543
321.677
319.09
315.015
312.533
311.746
311.358
311.049
310.767
310.542
310.389
310.56
310.781
311.021
311.312
311.755
314.19
317.803
319.714
319.929
318.476
315.4
311.496
310.006
309.641
309.377
309.22
309.334
310.537
311.747
311.445
309.85
309.209
309.258
309.486
309.785
310.357
312.988
317.257
319.923
320.815
319.923
317.257
312.988
310.357
309.785
309.486
309.258
309.209
309.85
311.445
311.747
310.537
309.334
309.22
309.377
309.641
310.006
311.496
315.4
318.476
319.929
319.714
317.803
314.19
311.755
311.312
311.021
310.781
310.56
310.389
310.542
310.767
311.049
311.358
311.746
312.533
315.015
319.09
321.677
322.543
321.722
320.781
317.98
314.175
312.631
312.112
311.759
311.467
311.31
311.562
311.871
311.682
311.574
311.714
311.997
312.396
314.013
317.721
319.612
319.622
317.789
314.204
311.236
310.523
310.163
309.931
309.93
310.358
312.249
313.623
313.353
311.463
310.097
309.895
310.025
310.321
310.763
312.24
316.308
319.206
320.175
319.206
316.308
312.24
310.763
310.321
310.025
309.895
310.097
311.463
313.353
313.623
312.249
310.358
309.93
309.931
310.163
310.523
311.236
314.204
317.789
319.622
319.612
317.721
314.013
312.396
311.997
311.714
311.574
311.682
311.871
311.562
311.31
311.467
311.759
312.112
312.631
314.175
317.98
320.781
321.722
321.222
320.185
317.086
314.023
313.099
312.611
312.254
312.083
312.4
313.564
314.161
313.374
312.647
312.572
312.805
313.243
314.419
318.019
319.829
319.595
317.336
313.475
311.721
311.136
310.744
310.599
310.84
311.649
314.02
315.585
315.355
313.337
311.294
310.726
310.674
310.943
311.422
312.343
315.679
318.856
319.912
318.856
315.679
312.343
311.422
310.943
310.674
310.726
311.294
313.337
315.355
315.585
314.02
311.649
310.84
310.599
310.744
311.136
311.721
313.475
317.336
319.595
319.829
318.019
314.419
313.243
312.805
312.572
312.647
313.374
314.161
313.564
312.4
312.083
312.254
312.611
313.099
314.023
317.086
320.185
321.222
321.232
320.11
316.738
314.536
313.776
313.246
312.967
313.178
314.456
316.303
316.847
315.685
314.156
313.694
313.816
314.307
315.445
318.868
320.527
320.031
317.336
313.656
312.506
311.861
311.466
311.471
312
313.307
316.092
317.783
317.605
315.571
312.918
311.832
311.528
311.716
312.248
313.089
315.66
319.078
320.198
319.078
315.66
313.089
312.248
311.716
311.528
311.832
312.918
315.571
317.605
317.783
316.092
313.307
312
311.471
311.466
311.861
312.506
313.656
317.336
320.031
320.527
318.868
315.445
314.307
313.816
313.694
314.156
315.685
316.847
316.303
314.456
313.178
312.967
313.246
313.776
314.536
316.738
320.11
321.232
321.922
320.81
317.428
315.456
314.619
314.119
314.167
315.317
317.544
319.406
319.813
318.65
316.505
315.18
315.024
315.615
317.28
320.452
321.818
321.108
318.182
314.682
313.458
312.749
312.422
312.665
313.662
315.871
318.762
320.292
320.166
318.398
315.473
313.422
312.673
312.69
313.226
314.231
316.751
320.084
321.162
320.084
316.751
314.231
313.226
312.69
312.673
313.422
315.473
318.398
320.166
320.292
318.762
315.871
313.662
312.665
312.422
312.749
313.458
314.682
318.182
321.108
321.818
320.452
317.28
315.615
315.024
315.18
316.505
318.65
319.813
319.406
317.544
315.317
314.167
314.119
314.619
315.456
317.428
320.81
321.922
323.273
322.352
319.547
317.05
315.929
315.828
316.928
318.991
321.139
322.496
322.802
321.998
320.167
318.246
317.346
318.134
320.34
322.757
323.623
322.845
320.287
316.864
314.892
314.216
314.356
315.319
317.147
319.592
321.786
322.895
322.811
321.544
319.236
316.763
315.056
314.442
314.804
316.343
319.191
321.852
322.719
321.852
319.191
316.343
314.804
314.442
315.056
316.763
319.236
321.544
322.811
322.895
321.786
319.592
317.147
315.319
314.356
314.216
314.892
316.864
320.287
322.845
323.623
322.757
320.34
318.134
317.346
318.246
320.167
321.998
322.802
322.496
321.139
318.991
316.928
315.828
315.929
317.05
319.547
322.352
323.273
324.902
324.3
322.599
320.678
319.708
320.034
321.213
322.726
324.138
325.074
325.34
324.908
323.938
322.896
322.39
322.84
324.022
325.168
325.511
324.807
323.049
320.645
318.868
318.36
318.822
319.865
321.322
322.969
324.376
325.131
325.076
324.223
322.754
321.099
319.722
318.956
319.102
320.367
322.307
323.883
324.446
323.883
322.307
320.367
319.102
318.956
319.722
321.099
322.754
324.223
325.076
325.131
324.376
322.969
321.322
319.865
318.822
318.36
318.868
320.645
323.049
324.807
325.511
325.168
324.022
322.84
322.39
322.896
323.938
324.908
325.34
325.074
324.138
322.726
321.213
320.034
319.708
320.678
322.599
324.3
324.902
326.171
325.79
324.796
323.696
323.091
323.237
323.989
325.035
326.05
326.761
327.013
326.793
326.248
325.679
325.424
325.67
326.276
326.823
326.884
326.258
324.997
323.446
322.224
321.731
321.954
322.714
323.819
325.033
326.054
326.614
326.577
325.955
324.908
323.729
322.748
322.239
322.387
323.205
324.382
325.365
325.737
325.365
324.382
323.205
322.387
322.239
322.748
323.729
324.908
325.955
326.577
326.614
326.054
325.033
323.819
322.714
321.954
321.731
322.224
323.446
324.997
326.258
326.884
326.823
326.276
325.67
325.424
325.679
326.248
326.793
327.013
326.761
326.05
325.035
323.989
323.237
323.091
323.696
324.796
325.79
326.171
326.642
326.33
325.538
324.666
324.172
324.279
324.908
325.811
326.705
327.346
327.594
327.441
327.021
326.583
326.393
326.58
327.024
327.403
327.379
326.783
325.674
324.357
323.299
322.828
322.989
323.656
324.646
325.727
326.632
327.13
327.099
326.551
325.632
324.598
323.741
323.306
323.442
324.126
325.087
325.897
326.207
325.897
325.087
324.126
323.442
323.306
323.741
324.598
325.632
326.551
327.099
327.13
326.632
325.727
324.646
323.656
322.989
322.828
323.299
324.357
325.674
326.783
327.379
327.403
327.024
326.58
326.393
326.583
327.021
327.441
327.594
327.346
326.705
325.811
324.908
324.279
324.172
324.666
325.538
326.33
326.642
326.171
325.79
324.796
323.696
323.091
323.237
323.989
325.035
326.05
326.761
327.013
326.793
326.248
325.679
325.424
325.67
326.276
326.823
326.884
326.258
324.997
323.446
322.224
321.731
321.954
322.714
323.819
325.033
326.054
326.614
326.577
325.955
324.908
323.729
322.748
322.239
322.387
323.205
324.382
325.365
325.737
325.365
324.382
323.205
322.387
322.239
322.748
323.729
324.908
325.955
326.577
326.614
326.054
325.033
323.819
322.714
321.954
321.731
322.224
323.446
324.997
326.258
326.884
326.823
326.276
325.67
325.424
325.679
326.248
326.793
327.013
326.761
326.05
325.035
323.989
323.237
323.091
323.696
324.796
325.79
326.171
324.902
324.3
322.599
320.678
319.708
320.034
321.213
322.726
324.138
325.074
325.34
324.908
323.938
322.896
322.39
322.84
324.022
325.168
325.511
324.807
323.049
320.645
318.868
318.36
318.822
319.865
321.322
322.969
324.376
325.131
325.076
324.223
322.754
321.099
319.722
318.956
319.102
320.367
322.307
323.883
324.446
323.883
322.307
320.367
319.102
318.956
319.722
321.099
322.754
324.223
325.076
325.131
324.376
322.969
321.322
319.865
318.822
318.36
318.868
320.645
323.049
324.807
325.511
325.168
324.022
322.84
322.39
322.896
323.938
324.908
325.34
325.074
324.138
322.726
321.213
320.034
319.708
320.678
322.599
324.3
324.902
323.273
322.352
319.547
317.05
315.929
315.828
316.928
318.991
321.139
322.496
322.802
321.998
320.167
318.246
317.346
318.134
320.34
322.757
323.623
322.845
320.287
316.864
314.892
314.216
314.356
315.319
317.147
319.592
321.786
322.895
322.811
321.544
319.236
316.763
315.056
314.442
314.804
316.343
319.191
321.852
322.719
321.852
319.191
316.343
314.804
314.442
315.056
316.763
319.236
321.544
322.811
322.895
321.786
319.592
317.147
315.319
314.356
314.216
314.892
316.864
320.287
322.845
323.623
322.757
320.34
318.134
317.346
318.246
320.167
321.998
322.802
322.496
321.139
318.991
316.928
315.828
315.929
317.05
319.547
322.352
323.273
321.922
320.81
317.428
315.456
314.619
314.119
314.167
315.317
317.544
319.406
319.813
318.65
316.505
315.18
315.024
315.615
317.28
320.452
321.818
321.108
318.182
314.682
313.458
312.749
312.422
312.665
313.662
315.871
318.762
320.292
320.166
318.398
315.473
313.422
312.673
312.69
313.226
314.231
316.751
320.084
321.162
320.084
316.751
314.231
313.226
312.69
312.673
313.422
315.473
318.398
320.166
320.292
318.762
315.871
313.662
312.665
312.422
312.749
313.458
314.682
318.182
321.108
321.818
320.452
317.28
315.615
315.024
315.18
316.505
318.65
319.813
319.406
317.544
315.317
314.167
314.119
314.619
315.456
317.428
320.81
321.922
321.232
320.11
316.738
314.536
313.776
313.246
312.967
313.178
314.456
316.303
316.847
315.685
314.156
313.694
313.816
314.307
315.445
318.868
320.527
320.031
317.336
313.656
312.506
311.861
311.466
311.471
312
313.307
316.092
317.783
317.605
315.571
312.918
311.832
311.528
311.716
312.248
313.089
315.66
319.078
320.198
319.078
315.66
313.089
312.248
311.716
311.528
311.832
312.918
315.571
317.605
317.783
316.092
313.307
312
311.471
311.466
311.861
312.506
313.656
317.336
320.031
320.527
318.868
315.445
314.307
313.816
313.694
314.156
315.685
316.847
316.303
314.456
313.178
312.967
313.246
313.776
314.536
316.738
320.11
321.232
321.222
320.185
317.086
314.023
313.099
312.611
312.254
312.083
312.4
313.564
314.161
313.374
312.647
312.572
312.805
313.243
314.419
318.019
319.829
319.595
317.336
313.475
311.721
311.136
310.744
310.599
310.84
311.649
314.02
315.585
315.355
313.337
311.294
310.726
310.674
310.943
311.422
312.343
315.679
318.856
319.912
318.856
315.679
312.343
311.422
310.943
310.674
310.726
311.294
313.337
315.355
315.585
314.02
311.649
310.84
310.599
310.744
311.136
311.721
313.475
317.336
319.595
319.829
318.019
314.419
313.243
312.805
312.572
312.647
313.374
314.161
313.564
312.4
312.083
312.254
312.611
313.099
314.023
317.086
320.185
321.222
321.722
320.781
317.98
314.175
312.631
312.112
311.759
311.467
311.31
311.562
311.871
311.682
311.574
311.714
311.997
312.396
314.013
317.721
319.612
319.622
317.789
314.204
311.236
310.523
310.163
309.931
309.93
310.358
312.249
313.623
313.353
311.463
310.097
309.895
310.025
310.321
310.763
312.24
316.308
319.206
320.175
319.206
316.308
312.24
310.763
310.321
310.025
309.895
310.097
311.463
313.353
313.623
312.249
310.358
309.93
309.931
310.163
310.523
311.236
314.204
317.789
319.622
319.612
317.721
314.013
312.396
311.997
311.714
311.574
311.682
311.871
311.562
311.31
311.467
311.759
312.112
312.631
314.175
317.98
320.781
321.722
322.543
321.677
319.09
315.015
312.533
311.746
311.358
311.049
310.767
310.542
310.389
310.56
310.781
311.021
311.312
311.755
314.19
317.803
319.714
319.929
318.476
315.4
311.496
310.006
309.641
309.377
309.22
309.334
310.537
311.747
311.445
309.85
309.209
309.258
309.486
309.785
310.357
312.988
317.257
319.923
320.815
319.923
317.257
312.988
310.357
309.785
309.486
309.258
309.209
309.85
311.445
311.747
310.537
309.334
309.22
309.377
309.641
310.006
311.496
315.4
318.476
319.929
319.714
317.803
314.19
311.755
311.312
311.021
310.781
310.56
310.389
310.542
310.767
311.049
311.358
311.746
312.533
315.015
319.09
321.677
322.543
323.532
322.731
320.318
316.31
312.961
311.653
311.048
310.703
310.396
310.091
309.765
309.826
310.125
310.399
310.685
311.353
314.682
318.057
319.95
320.34
319.228
316.634
312.676
309.738
309.147
308.876
308.638
308.539
308.992
309.839
309.502
308.608
308.54
308.741
309.003
309.339
310.447
314.318
318.391
320.853
321.675
320.853
318.391
314.318
310.447
309.339
309.003
308.741
308.54
308.608
309.502
309.839
308.992
308.539
308.638
308.876
309.147
309.738
312.676
316.634
319.228
320.34
319.95
318.057
314.682
311.353
310.685
310.399
310.125
309.826
309.765
310.091
310.396
310.703
311.048
311.653
312.961
316.31
320.318
322.731
323.532
324.562
323.834
321.639
317.936
313.99
312.031
310.966
310.413
310.07
309.747
309.417
309.301
309.51
309.774
310.066
311.234
315.081
318.236
320.127
320.691
319.9
317.751
314.262
310.241
308.715
308.393
308.129
307.903
307.816
307.874
307.88
307.824
308.013
308.283
308.563
309.12
311.263
315.836
319.596
321.86
322.616
321.86
319.596
315.836
311.263
309.12
308.563
308.283
308.013
307.824
307.88
307.874
307.816
307.903
308.129
308.393
308.715
310.241
314.262
317.751
319.9
320.691
320.127
318.236
315.081
311.234
310.066
309.774
309.51
309.301
309.417
309.747
310.07
310.413
310.966
312.031
313.99
317.936
321.639
323.834
324.562
325.486
324.842
322.922
319.746
315.793
313.018
311.323
310.271
309.758
309.405
309.084
308.871
308.904
309.087
309.394
311.15
315.067
318.119
320.069
320.834
320.367
318.65
315.689
311.603
308.557
307.913
307.643
307.361
307.102
306.679
306.975
307.28
307.56
307.846
308.23
309.408
312.67
317.289
320.736
322.813
323.507
322.813
320.736
317.289
312.67
309.408
308.23
307.846
307.56
307.28
306.975
306.679
307.102
307.361
307.643
307.913
308.557
311.603
315.689
318.65
320.367
320.834
320.069
318.119
315.067
311.15
309.394
309.087
308.904
308.871
309.084
309.405
309.758
310.271
311.323
313.018
315.793
319.746
322.922
324.842
325.486
326.133
325.565
323.899
321.262
317.938
314.859
312.445
310.592
309.489
309.038
308.745
308.518
308.379
308.395
308.638
310.604
314.468
317.541
319.633
320.647
320.522
319.231
316.776
313.197
309.185
307.479
307.138
306.851
306.545
306.212
306.463
306.798
307.111
307.428
308.185
310.34
314.303
318.558
321.683
323.585
324.225
323.585
321.683
318.558
314.303
310.34
308.185
307.428
307.111
306.798
306.463
306.212
306.545
306.851
307.138
307.479
309.185
313.197
316.776
319.231
320.522
320.647
319.633
317.541
314.468
310.604
308.638
308.395
308.379
308.518
308.745
309.038
309.489
310.592
312.445
314.859
317.938
321.262
323.899
325.565
326.133
326.356
325.822
324.283
321.947
319.181
316.465
314.004
311.657
309.593
308.616
308.349
308.142
307.959
307.826
307.908
309.389
313.158
316.381
318.713
320.036
320.281
319.412
317.432
314.375
310.387
307.25
306.575
306.311
306.025
305.832
306.001
306.31
306.612
307.075
308.62
311.634
315.671
319.441
322.29
324.059
324.658
324.059
322.29
319.441
315.671
311.634
308.62
307.075
306.612
306.31
306.001
305.832
306.025
306.311
306.575
307.25
310.387
314.375
317.432
319.412
320.281
320.036
318.713
316.381
313.158
309.389
307.908
307.826
307.959
308.142
308.349
308.616
309.593
311.657
314.004
316.465
319.181
321.947
324.283
325.822
326.356
326.085
325.521
323.904
321.498
318.841
316.414
314.274
312.208
309.999
308.242
307.885
307.738
307.541
307.336
307.27
307.889
311.023
314.55
317.238
318.942
319.59
319.144
317.601
314.993
311.399
307.384
305.97
305.732
305.558
305.486
305.578
305.787
306.043
306.874
309.238
312.493
316.227
319.69
322.414
324.139
324.729
324.139
322.414
319.69
316.227
312.493
309.238
306.874
306.043
305.787
305.578
305.486
305.558
305.732
305.97
307.384
311.399
314.993
317.601
319.144
319.59
318.942
317.238
314.55
311.023
307.889
307.27
307.336
307.541
307.738
307.885
308.242
309.999
312.208
314.274
316.414
318.841
321.498
323.904
325.521
326.085
325.38
324.709
322.75
319.743
316.728
314.534
312.921
311.418
309.756
307.97
307.413
307.314
307.126
306.936
306.754
306.779
308.466
312.032
315.185
317.343
318.43
318.41
317.274
315.039
311.754
307.571
305.397
305.174
305.106
305.099
305.142
305.246
305.47
306.731
309.259
312.144
315.591
319.116
321.973
323.794
324.416
323.794
321.973
319.116
315.591
312.144
309.259
306.731
305.47
305.246
305.142
305.099
305.106
305.174
305.397
307.571
311.754
315.039
317.274
318.41
318.43
317.343
315.185
312.032
308.466
306.779
306.754
306.936
307.126
307.314
307.413
307.97
309.756
311.418
312.921
314.534
316.728
319.743
322.75
324.709
325.38
324.455
323.623
321.093
316.993
313.975
312.317
311.044
309.917
308.85
307.702
306.999
306.832
306.708
306.524
306.309
306.16
306.504
309.017
312.574
315.251
316.814
317.23
316.483
314.574
311.52
307.381
304.861
304.665
304.651
304.658
304.685
304.728
304.938
306.311
308.327
310.455
313.566
317.655
321.008
323.084
323.784
323.084
321.008
317.655
313.566
310.455
308.327
306.311
304.938
304.728
304.685
304.658
304.651
304.665
304.861
307.381
311.52
314.574
316.483
317.23
316.814
315.251
312.574
309.017
306.504
306.16
306.309
306.524
306.708
306.832
306.999
307.702
308.85
309.917
311.044
312.317
313.975
316.993
321.093
323.623
324.455
323.633
322.671
319.668
314.932
312.814
311.619
310.524
309.542
308.629
307.717
306.895
306.461
306.33
306.14
305.922
305.68
305.577
306.449
309.484
312.71
314.785
315.651
315.291
313.69
310.835
306.727
304.307
304.16
304.176
304.193
304.212
304.226
304.416
305.636
307.159
308.669
311.046
315.614
319.757
322.188
322.99
322.188
319.757
315.614
311.046
308.669
307.159
305.636
304.416
304.226
304.212
304.193
304.176
304.16
304.307
306.727
310.835
313.69
315.291
315.651
314.785
312.71
309.484
306.449
305.577
305.68
305.922
306.14
306.33
306.461
306.895
307.717
308.629
309.542
310.524
311.619
312.814
314.932
319.668
322.671
323.633
323.172
322.2
319.154
314.418
312.489
311.346
310.299
309.392
308.554
307.733
306.899
306.249
305.986
305.779
305.552
305.312
305.081
305.049
306.531
309.794
312.4
313.737
313.778
312.497
309.858
305.811
303.758
303.66
303.696
303.722
303.738
303.739
303.943
305.03
306.333
307.622
309.363
313.905
318.662
321.36
322.236
321.36
318.662
313.905
309.363
307.622
306.333
305.03
303.943
303.739
303.738
303.722
303.696
303.66
303.758
305.811
309.858
312.497
313.778
313.737
312.4
309.794
306.531
305.049
305.081
305.312
305.552
305.779
305.986
306.249
306.899
307.733
308.554
309.392
310.299
311.346
312.489
314.418
319.154
322.2
323.172
323.093
322.239
319.617
315.411
312.847
311.471
310.345
309.404
308.554
307.724
306.856
306.085
305.676
305.435
305.189
304.939
304.687
304.467
304.607
306.678
309.724
311.557
312.024
311.1
308.741
304.877
303.24
303.177
303.221
303.254
303.276
303.283
303.538
304.506
305.692
306.948
308.663
313.315
318.083
320.791
321.671
320.791
318.083
313.315
308.663
306.948
305.692
304.506
303.538
303.283
303.276
303.254
303.221
303.177
303.24
304.877
308.741
311.1
312.024
311.557
309.724
306.678
304.607
304.467
304.687
304.939
305.189
305.435
305.676
306.085
306.856
307.724
308.554
309.404
310.345
311.471
312.847
315.411
319.617
322.239
323.093
323.161
322.484
320.481
317.296
314.346
312.276
310.828
309.714
308.764
307.857
306.89
305.936
305.352
305.09
304.824
304.564
304.304
304.041
303.858
304.362
306.832
309.181
310.099
309.576
307.574
304.037
302.748
302.708
302.753
302.791
302.825
302.854
303.138
304.012
305.186
306.584
308.894
313.792
318.018
320.489
321.302
320.489
318.018
313.792
308.894
306.584
305.186
304.012
303.138
302.854
302.825
302.791
302.753
302.708
302.748
304.037
307.574
309.576
310.099
309.181
306.832
304.362
303.858
304.041
304.304
304.564
304.824
305.09
305.352
305.936
306.89
307.857
308.764
309.714
310.828
312.276
314.346
317.296
320.481
322.484
323.161
323.018
322.493
321.005
318.844
316.595
314.648
313.033
311.648
310.379
309.102
307.685
306.153
305.055
304.714
304.45
304.184
303.92
303.653
303.38
303.263
304.306
306.682
308.052
307.969
306.388
303.273
302.271
302.245
302.288
302.329
302.373
302.427
302.7
303.536
304.863
306.767
310.13
314.648
318.15
320.283
320.998
320.283
318.15
314.648
310.13
306.767
304.863
303.536
302.7
302.427
302.373
302.329
302.288
302.245
302.271
303.273
306.388
307.969
308.052
306.682
304.306
303.263
303.38
303.653
303.92
304.184
304.45
304.714
305.055
306.153
307.685
309.102
310.379
311.648
313.033
314.648
316.595
318.844
321.005
322.493
323.018
322.364
321.902
320.641
318.953
317.3
315.923
314.802
313.811
312.798
311.596
309.988
307.708
305.272
304.284
304.071
303.798
303.532
303.267
303.002
302.745
302.715
304.093
305.897
306.297
305.177
302.528
301.801
301.787
301.821
301.858
301.905
301.971
302.205
303.085
304.922
307.751
311.474
315.179
318.09
319.931
320.56
319.931
318.09
315.179
311.474
307.751
304.922
303.085
302.205
301.971
301.905
301.858
301.821
301.787
301.801
302.528
305.177
306.297
305.897
304.093
302.715
302.745
303.002
303.267
303.532
303.798
304.071
304.284
305.272
307.708
309.988
311.596
312.798
313.811
314.802
315.923
317.3
318.953
320.641
321.902
322.364
321.071
320.548
319.143
317.463
316.167
315.38
314.883
314.44
313.86
312.97
311.586
309.507
306.568
304.056
303.622
303.399
303.139
302.876
302.612
302.351
302.121
302.274
303.651
304.583
303.943
301.787
301.331
301.327
301.346
301.374
301.413
301.469
301.645
302.697
305.342
308.535
311.829
314.951
317.538
319.23
319.817
319.23
317.538
314.951
311.829
308.535
305.342
302.697
301.645
301.469
301.413
301.374
301.346
301.327
301.331
301.787
303.943
304.583
303.651
302.274
302.121
302.351
302.612
302.876
303.139
303.399
303.622
304.056
306.568
309.507
311.586
312.97
313.86
314.44
314.883
315.38
316.167
317.463
319.143
320.548
321.071
319.262
318.515
316.361
314.048
312.971
312.989
313.346
313.643
313.67
313.276
312.316
310.651
308.153
304.921
303.204
303.023
302.746
302.48
302.215
301.95
301.682
301.496
301.91
302.883
302.682
301.078
300.832
300.84
300.855
300.875
300.899
300.929
301.045
302.296
305.237
308.04
310.811
313.697
316.317
318.072
318.684
318.072
316.317
313.697
310.811
308.04
305.237
302.296
301.045
300.929
300.899
300.875
300.855
300.84
300.832
301.078
302.682
302.883
301.91
301.496
301.682
301.95
302.215
302.48
302.746
303.023
303.204
304.921
308.153
310.651
312.316
313.276
313.67
313.643
313.346
312.989
312.971
314.048
316.361
318.515
319.262
317.383
316.338
313.139
310.535
309.388
309.365
310.341
311.552
312.34
312.584
312.19
311.064
309.115
306.258
303.237
302.533
302.336
302.077
301.814
301.549
301.278
300.993
300.855
301.26
301.337
300.422
300.317
300.339
300.356
300.368
300.373
300.37
300.439
301.591
304.084
306.069
308.165
311.159
314.398
316.496
317.211
316.496
314.398
311.159
308.165
306.069
304.084
301.591
300.439
300.37
300.373
300.368
300.356
300.339
300.317
300.422
301.337
301.26
300.855
300.993
301.278
301.549
301.814
302.077
302.336
302.533
303.237
306.258
309.115
311.064
312.19
312.584
312.34
311.552
310.341
309.365
309.388
310.535
313.139
316.338
317.383
316.03
314.851
311.213
309.078
308.132
307.408
307.322
308.45
309.992
310.967
311.235
310.738
309.425
307.253
304.23
302.149
301.933
301.672
301.41
301.148
300.883
300.614
300.353
300.168
299.927
299.77
299.797
299.837
299.858
299.862
299.85
299.816
299.841
300.571
302.297
303.529
304.983
307.827
312.091
314.739
315.608
314.739
312.091
307.827
304.983
303.529
302.297
300.571
299.841
299.816
299.85
299.862
299.858
299.837
299.797
299.77
299.927
300.168
300.353
300.614
300.883
301.148
301.41
301.672
301.933
302.149
304.23
307.253
309.425
310.738
311.235
310.967
309.992
308.45
307.322
307.408
308.132
309.078
311.213
314.851
316.03
315.475
314.366
311.01
308.28
307.293
306.566
305.987
305.834
306.911
308.498
309.48
309.665
309.033
307.568
305.265
302.429
301.43
301.263
301.003
300.745
300.486
300.223
299.955
299.703
299.315
299.161
299.289
299.348
299.372
299.369
299.342
299.286
299.276
299.694
301.037
302.155
303.31
305.347
310.159
313.197
314.179
313.197
310.159
305.347
303.31
302.155
301.037
299.694
299.276
299.286
299.342
299.369
299.372
299.348
299.289
299.161
299.315
299.703
299.955
300.223
300.486
300.745
301.003
301.263
301.43
302.429
305.265
307.568
309.033
309.665
309.48
308.498
306.911
305.834
305.987
306.566
307.293
308.28
311.01
314.366
315.475
315.576
314.615
311.752
308.233
306.668
305.939
305.379
304.901
304.677
305.544
306.966
307.848
307.911
307.158
305.592
303.201
301.094
300.819
300.589
300.339
300.088
299.833
299.571
299.294
299.011
298.754
298.828
298.889
298.907
298.896
298.858
298.792
298.768
299.09
300.151
301.171
302.239
304.192
309.071
312.151
313.152
312.151
309.071
304.192
302.239
301.171
300.151
299.09
298.768
298.792
298.858
298.896
298.907
298.889
298.828
298.754
299.011
299.294
299.571
299.833
300.088
300.339
300.589
300.819
301.094
303.201
305.592
307.158
307.911
307.848
306.966
305.544
304.677
304.901
305.379
305.939
306.668
308.233
311.752
314.615
315.576
316.035
315.211
312.791
309.128
306.488
305.468
304.897
304.43
304
303.69
304.205
305.299
306.043
305.997
305.185
303.621
301.413
300.322
300.189
299.932
299.687
299.444
299.199
298.95
298.699
298.458
298.43
298.467
298.468
298.443
298.398
298.329
298.301
298.567
299.388
300.338
301.493
304.082
308.754
311.621
312.563
311.621
308.754
304.082
301.493
300.338
299.388
298.567
298.301
298.329
298.398
298.443
298.468
298.467
298.43
298.458
298.699
298.95
299.199
299.444
299.687
299.932
300.189
300.322
301.413
303.621
305.185
305.997
306.043
305.299
304.205
303.69
304
304.43
304.897
305.468
306.488
309.128
312.791
315.211
316.035
316.579
315.841
313.685
310.305
306.939
305.267
304.505
304.021
303.591
303.165
302.746
302.725
303.433
304.04
303.968
303.194
301.692
299.961
299.699
299.506
299.281
299.053
298.827
298.602
298.386
298.194
298.098
298.078
298.048
298.007
297.958
297.904
297.861
298.051
298.694
299.639
301.147
304.706
308.909
311.452
312.297
311.452
308.909
304.706
301.147
299.639
298.694
298.051
297.861
297.904
297.958
298.007
298.048
298.078
298.098
298.194
298.386
298.602
298.827
299.053
299.281
299.506
299.699
299.961
301.692
303.194
303.968
304.04
303.433
302.725
302.746
303.165
303.591
304.021
304.505
305.267
306.939
310.305
313.685
315.841
316.579
317.034
316.328
314.261
311.015
307.514
305.404
304.272
303.661
303.216
302.787
302.332
301.826
301.379
301.447
301.892
301.935
301.272
299.923
299.203
299.107
298.871
298.657
298.447
298.243
298.051
297.885
297.769
297.694
297.633
297.575
297.519
297.464
297.414
297.538
298.045
299.107
301.41
305.585
309.21
311.419
312.158
311.419
309.21
305.585
301.41
299.107
298.045
297.538
297.414
297.464
297.519
297.575
297.633
297.694
297.769
297.885
298.051
298.243
298.447
298.657
298.871
299.107
299.203
299.923
301.272
301.935
301.892
301.447
301.379
301.826
302.332
302.787
303.216
303.661
304.272
305.404
307.514
311.015
314.261
316.328
317.034
317.341
316.612
314.46
311.032
307.626
305.592
304.257
303.433
302.905
302.461
302.013
301.558
301.083
300.595
300.175
299.984
299.99
299.457
298.694
298.597
298.437
298.25
298.057
297.866
297.684
297.523
297.393
297.291
297.209
297.137
297.073
297.016
296.963
297.025
297.411
298.762
302.119
306.234
309.371
311.292
311.937
311.292
309.371
306.234
302.119
298.762
297.411
297.025
296.963
297.016
297.073
297.137
297.209
297.291
297.393
297.523
297.684
297.866
298.057
298.25
298.437
298.597
298.694
299.457
299.99
299.984
300.175
300.595
301.083
301.558
302.013
302.461
302.905
303.433
304.257
305.592
307.626
311.032
314.46
316.612
317.341
317.545
316.755
314.392
310.545
307.367
305.644
304.405
303.529
302.87
302.315
301.8
301.335
300.906
300.484
300.049
299.529
299.072
298.599
298.145
298.06
298.016
297.844
297.662
297.474
297.291
297.125
296.983
296.866
296.768
296.687
296.617
296.558
296.513
296.516
296.765
298.477
302.61
306.398
309.185
310.878
311.444
310.878
309.185
306.398
302.61
298.477
296.765
296.516
296.513
296.558
296.617
296.687
296.768
296.866
296.983
297.125
297.291
297.474
297.662
297.844
298.016
298.06
298.145
298.599
299.072
299.529
300.049
300.484
300.906
301.335
301.8
302.315
302.87
303.529
304.405
305.644
307.367
310.545
314.392
316.755
317.545
317.766
316.91
314.313
310.015
307.135
305.702
304.619
303.816
303.13
302.468
301.807
301.211
300.724
300.298
299.858
299.414
299.006
298.488
297.984
297.648
297.564
297.444
297.268
297.072
296.877
296.699
296.544
296.415
296.308
296.219
296.145
296.081
296.026
295.978
296.118
297.977
302.454
306.007
308.529
310.027
310.522
310.027
308.529
306.007
302.454
297.977
296.118
295.978
296.026
296.081
296.145
296.219
296.308
296.415
296.544
296.699
296.877
297.072
297.268
297.444
297.564
297.648
297.984
298.488
299.006
299.414
299.858
300.298
300.724
301.211
301.807
302.468
303.13
303.816
304.619
305.702
307.135
310.015
314.313
316.91
317.766
318.136
317.241
314.505
309.898
307.157
305.931
304.96
304.186
303.493
302.794
302.037
301.284
300.65
300.121
299.666
299.225
298.793
298.346
297.94
297.513
297.25
297.095
296.888
296.663
296.443
296.244
296.075
295.937
295.824
295.733
295.657
295.59
295.527
295.455
295.529
297.22
301.748
305.082
307.336
308.618
309.027
308.618
307.336
305.082
301.748
297.22
295.529
295.455
295.527
295.59
295.657
295.733
295.824
295.937
296.075
296.244
296.443
296.663
296.888
297.095
297.25
297.513
297.94
298.346
298.793
299.225
299.666
300.121
300.65
301.284
302.037
302.794
303.493
304.186
304.96
305.931
307.157
309.898
314.505
317.241
318.136
318.732
317.853
315.154
310.52
307.554
306.406
305.481
304.676
303.958
303.266
302.529
301.707
300.873
300.155
299.575
299.022
298.591
298.156
297.75
297.369
297.057
296.792
296.522
296.245
295.981
295.755
295.571
295.428
295.315
295.227
295.154
295.091
295.031
294.965
295.008
296.419
300.694
303.673
305.554
306.517
306.789
306.517
305.554
303.673
300.694
296.419
295.008
294.965
295.031
295.091
295.154
295.227
295.315
295.428
295.571
295.755
295.981
296.245
296.522
296.792
297.057
297.369
297.75
298.156
298.591
299.022
299.575
300.155
300.873
301.707
302.529
303.266
303.958
304.676
305.481
306.406
307.554
310.52
315.154
317.853
318.732
319.523
318.721
316.277
312.077
308.558
307.172
306.203
305.383
304.779
304.419
304.165
303.701
302.761
301.393
300.024
299.051
298.473
297.931
297.531
297.151
296.812
296.491
296.157
295.809
295.479
295.217
295.023
294.882
294.778
294.699
294.637
294.585
294.538
294.49
294.517
295.692
299.383
301.801
303.128
303.544
303.534
303.544
303.128
301.801
299.383
295.692
294.517
294.49
294.538
294.585
294.637
294.699
294.778
294.882
295.023
295.217
295.479
295.809
296.157
296.491
296.812
297.151
297.531
297.931
298.473
299.051
300.024
301.393
302.761
303.701
304.165
304.419
304.779
305.383
306.203
307.172
308.558
312.077
316.277
318.721
319.523
320.355
319.67
317.628
314.275
310.683
308.57
307.542
307.121
307.109
307.188
307.068
306.585
305.667
304.321
302.573
300.542
298.867
297.852
297.32
296.886
296.544
296.198
295.802
295.352
294.902
294.605
294.417
294.295
294.211
294.15
294.104
294.068
294.039
294.021
294.038
294.972
297.787
299.455
300.056
299.574
299.003
299.574
300.056
299.455
297.787
294.972
294.038
294.021
294.039
294.068
294.104
294.15
294.211
294.295
294.417
294.605
294.902
295.352
295.802
296.198
296.544
296.886
297.32
297.852
298.867
300.542
302.573
304.321
305.667
306.585
307.068
307.188
307.109
307.121
307.542
308.57
310.683
314.275
317.628
319.67
320.355
320.994
320.413
318.733
316.182
313.364
311.322
310.228
309.724
309.502
309.327
309.01
308.416
307.471
306.16
304.508
302.581
300.475
298.398
297.083
296.608
296.276
295.951
295.496
294.888
294.169
293.88
293.742
293.664
293.615
293.582
293.558
293.539
293.526
293.521
293.534
294.138
295.775
296.614
296.664
295.963
295.5
295.963
296.664
296.614
295.775
294.138
293.534
293.521
293.526
293.539
293.558
293.582
293.615
293.664
293.742
293.88
294.169
294.888
295.496
295.951
296.276
296.608
297.083
298.398
300.475
302.581
304.508
306.16
307.471
308.416
309.01
309.327
309.502
309.724
310.228
311.322
313.364
316.182
318.733
320.413
320.994
321.234
320.692
319.147
316.868
314.401
312.47
311.285
310.653
310.317
310.05
309.667
309.035
308.08
306.779
305.154
303.259
301.159
298.871
296.827
296.285
296.068
295.828
295.339
294.53
293
293
293
293
293
293
293
293
293
293
293
293
293
293
293
293
293
293
293
293
293
293
293
293
293
293
293
293
293
293
293
293
293
294.53
295.339
295.828
296.068
296.285
296.827
298.871
301.159
303.259
305.154
306.779
308.08
309.035
309.667
310.05
310.317
310.653
311.285
312.47
314.401
316.868
319.147
320.692
321.234
