337.869
325.446
310.941
303.803
297.38
296.721
293
293
293
293
293
293
293
293
293
296.721
297.38
303.803
310.941
325.446
337.869
339.188
327.105
311.277
303.958
298.836
298.214
296.818
296.211
296.886
310.196
317.323
310.196
296.886
296.211
296.818
298.214
298.836
303.958
311.277
327.105
339.188
341.918
330.542
312.061
304.597
301.408
300.55
299.771
299.497
301.335
321.415
330.904
321.415
301.335
299.497
299.771
300.55
301.408
304.597
312.061
330.542
341.918
343.485
332.438
312.922
306.382
304.244
303.22
302.731
303.184
306.104
328.098
338.467
328.098
306.104
303.184
302.731
303.22
304.244
306.382
312.922
332.438
343.485
342.679
331.241
314.211
309.283
307.11
305.897
305.842
307.068
310.397
330.204
341.787
330.204
310.397
307.068
305.842
305.897
307.11
309.283
314.211
331.241
342.679
340.765
329.291
317.073
313.016
310.33
308.909
309.394
311.5
315.056
330.386
343.337
330.386
315.056
311.5
309.394
308.909
310.33
313.016
317.073
329.291
340.765
340.313
330.254
321.732
317.474
314.244
312.699
313.806
316.759
320.861
332.156
346.052
332.156
320.861
316.759
313.806
312.699
314.244
317.474
321.732
330.254
340.313
343.255
335.239
327.73
322.998
319.65
318.316
319.777
323.187
328.119
338.182
352.38
338.182
328.119
323.187
319.777
318.316
319.65
322.998
327.73
335.239
343.255
350.193
343.539
335.166
330.416
328.45
327.926
328.439
331.049
337.391
351.129
363.817
351.129
337.391
331.049
328.439
327.926
328.45
330.416
335.166
343.539
350.193
364.97
359.859
351.669
348.541
349.46
349.862
348.361
348.251
355.506
369.628
378.182
369.628
355.506
348.251
348.361
349.862
349.46
348.541
351.669
359.859
364.97
374.182
370.96
365.257
362.242
362.013
362.062
361.632
363.022
369.501
379.681
385.18
379.681
369.501
363.022
361.632
362.062
362.013
362.242
365.257
370.96
374.182
364.97
359.859
351.669
348.541
349.46
349.862
348.361
348.251
355.506
369.628
378.182
369.628
355.506
348.251
348.361
349.862
349.46
348.541
351.669
359.859
364.97
350.193
343.539
335.166
330.416
328.45
327.926
328.439
331.049
337.391
351.129
363.817
351.129
337.391
331.049
328.439
327.926
328.45
330.416
335.166
343.539
350.193
343.255
335.239
327.73
322.998
319.65
318.316
319.777
323.187
328.119
338.182
352.38
338.182
328.119
323.187
319.777
318.316
319.65
322.998
327.73
335.239
343.255
340.313
330.254
321.732
317.474
314.244
312.699
313.806
316.759
320.861
332.156
346.052
332.156
320.861
316.759
313.806
312.699
314.244
317.474
321.732
330.254
340.313
340.765
329.291
317.073
313.016
310.33
308.909
309.394
311.5
315.056
330.386
343.337
330.386
315.056
311.5
309.394
308.909
310.33
313.016
317.073
329.291
340.765
342.679
331.241
314.211
309.283
307.11
305.897
305.842
307.068
310.397
330.204
341.787
330.204
310.397
307.068
305.842
305.897
307.11
309.283
314.211
331.241
342.679
343.485
332.438
312.922
306.382
304.244
303.22
302.731
303.184
306.104
328.098
338.467
328.098
306.104
303.184
302.731
303.22
304.244
306.382
312.922
332.438
343.485
341.918
330.542
312.061
304.597
301.408
300.55
299.771
299.497
301.335
321.415
330.904
321.415
301.335
299.497
299.771
300.55
301.408
304.597
312.061
330.542
341.918
339.188
327.105
311.277
303.958
298.836
298.214
296.818
296.211
296.886
310.196
317.323
310.196
296.886
296.211
296.818
298.214
298.836
303.958
311.277
327.105
339.188
337.869
325.446
310.941
303.803
297.38
296.721
293
293
293
293
293
293
293
293
293
296.721
297.38
303.803
310.941
325.446
337.869
