0.153446
0.244343
0.353916
0.444025
1
1
1
0.929293
0.36605
0.124006
0.124006
0.36605
0.929293
1
1
1
0.444025
0.353916
0.244343
0.153446
0.142163
0.229663
0.355549
0.510467
0.941926
1
1
0.774004
0.340967
0.120377
0.120377
0.340967
0.774004
1
1
0.941926
0.510467
0.355549
0.229663
0.142163
0.129882
0.22272
0.378505
0.599502
0.860988
0.987549
0.892547
0.618615
0.320196
0.127582
0.127582
0.320196
0.618615
0.892547
0.987549
0.860988
0.599502
0.378505
0.22272
0.129882
0.131944
0.241949
0.429566
0.650045
0.815489
0.838787
0.74142
0.556223
0.323923
0.149287
0.149287
0.323923
0.556223
0.74142
0.838787
0.815489
0.650045
0.429566
0.241949
0.131944
0.153364
0.284686
0.483646
0.646051
0.714791
0.693968
0.63177
0.517247
0.337288
0.178049
0.178049
0.337288
0.517247
0.63177
0.693968
0.714791
0.646051
0.483646
0.284686
0.153364
0.195052
0.334519
0.505043
0.586758
0.583332
0.553779
0.534151
0.47911
0.347608
0.210627
0.210627
0.347608
0.47911
0.534151
0.553779
0.583332
0.586758
0.505043
0.334519
0.195052
0.240595
0.357481
0.466658
0.479723
0.447288
0.429318
0.436803
0.421348
0.338173
0.235891
0.235891
0.338173
0.421348
0.436803
0.429318
0.447288
0.479723
0.466658
0.357481
0.240595
0.262044
0.331763
0.378355
0.359779
0.332103
0.326953
0.341734
0.345015
0.301354
0.237165
0.237165
0.301354
0.345015
0.341734
0.326953
0.332103
0.359779
0.378355
0.331763
0.262044
0.199723
0.226927
0.237323
0.21961
0.205845
0.205873
0.215831
0.221289
0.201632
0.16844
0.16844
0.201632
0.221289
0.215831
0.205873
0.205845
0.21961
0.237323
0.226927
0.199723
0.0839377
0.0924224
0.0929951
0.0839624
0.0779239
0.0776758
0.081202
0.0827971
0.0748112
0.0624801
0.0624801
0.0748112
0.0827971
0.081202
0.0776758
0.0779239
0.0839624
0.0929951
0.0924224
0.0839377
0.0839377
0.0924224
0.0929951
0.0839624
0.0779239
0.0776758
0.081202
0.0827971
0.0748112
0.0624801
0.0624801
0.0748112
0.0827971
0.081202
0.0776758
0.0779239
0.0839624
0.0929951
0.0924224
0.0839377
0.199723
0.226927
0.237323
0.21961
0.205845
0.205873
0.215831
0.221289
0.201632
0.16844
0.16844
0.201632
0.221289
0.215831
0.205873
0.205845
0.21961
0.237323
0.226927
0.199723
0.262044
0.331763
0.378355
0.359779
0.332103
0.326953
0.341734
0.345015
0.301354
0.237165
0.237165
0.301354
0.345015
0.341734
0.326953
0.332103
0.359779
0.378355
0.331763
0.262044
0.240595
0.357481
0.466658
0.479723
0.447288
0.429318
0.436803
0.421348
0.338173
0.235891
0.235891
0.338173
0.421348
0.436803
0.429318
0.447288
0.479723
0.466658
0.357481
0.240595
0.195052
0.334519
0.505043
0.586758
0.583332
0.553779
0.534151
0.47911
0.347608
0.210627
0.210627
0.347608
0.47911
0.534151
0.553779
0.583332
0.586758
0.505043
0.334519
0.195052
0.153364
0.284686
0.483646
0.646051
0.714791
0.693968
0.63177
0.517247
0.337288
0.178049
0.178049
0.337288
0.517247
0.63177
0.693968
0.714791
0.646051
0.483646
0.284686
0.153364
0.131944
0.241949
0.429566
0.650045
0.815489
0.838787
0.74142
0.556223
0.323923
0.149287
0.149287
0.323923
0.556223
0.74142
0.838787
0.815489
0.650045
0.429566
0.241949
0.131944
0.129882
0.22272
0.378505
0.599502
0.860988
0.987549
0.892547
0.618615
0.320196
0.127582
0.127582
0.320196
0.618615
0.892547
0.987549
0.860988
0.599502
0.378505
0.22272
0.129882
0.142163
0.229663
0.355549
0.510467
0.941926
1
1
0.774004
0.340967
0.120377
0.120377
0.340967
0.774004
1
1
0.941926
0.510467
0.355549
0.229663
0.142163
0.153446
0.244343
0.353916
0.444025
1
1
1
0.929293
0.36605
0.124006
0.124006
0.36605
0.929293
1
1
1
0.444025
0.353916
0.244343
0.153446
