-7.83148e-24
-5.72286e-23
-0.0172174
-107.864
-284.459
-304.932
-715.398
-419.917
-334.264
-349.259
-357.244
-267.697
-133.784
-302.315
-106114
-41853.6
-19559.9
-14243.5
-10191.8
-6063.48
-2398.47
-612.062
-304.099
-137.511
-0.683265
-0.686087
-137.69
-304.411
-612.774
-2399.71
-6064.05
-10189.8
-14237.5
-19548.6
-41826
-106042
-302.103
-133.622
-269.1
-359.94
-352.281
-337.408
-424.31
-714.743
-304.859
-284.456
-107.872
-0.0170935
-5.7238e-23
-7.83293e-24
-8.97393e-24
-3.36587e-23
-0.0129185
-269.016
-218.255
-70.7422
-229.527
-108.032
-55.4536
-53.1727
-61.0057
-68.8495
-34.9035
-134.048
-292.07
-281.081
-246.677
-209.452
-174.868
-137.779
-40.0999
-1.66592
-0.807086
-51.2353
-0.00679371
-0.00682536
-51.057
-0.807096
-1.67132
-40.1151
-137.77
-174.823
-209.346
-246.513
-280.878
-291.863
-133.96
-34.8858
-69.4723
-61.9252
-53.9893
-56.1843
-108.803
-229.407
-70.724
-218.204
-269.01
-0.0128205
-3.36652e-23
-8.97604e-24
-1.28636e-23
-2.73429e-23
-1.99221e-05
-0.0414211
-0.0210717
-0.000152978
-0.00044403
-0.00121445
-0.000267743
-0.000144262
-0.000349267
-1.90509
-60.1843
-156.708
-208.621
-221.923
-215.609
-208.871
-227.574
-145.835
-29.2136
-3.71315e-06
-1.23374e-09
-8.644e-08
-3.62509e-10
-3.60726e-10
-8.60272e-08
-1.22842e-09
-3.80533e-06
-29.4407
-145.844
-227.528
-208.732
-215.425
-221.733
-208.455
-156.596
-60.1429
-1.89567
-0.000331682
-0.000135454
-0.000254383
-0.00118327
-0.000437399
-0.000151571
-0.0208987
-0.0411011
-1.97739e-05
-2.73508e-23
-1.28686e-23
-1.19625e-23
-1.85341e-23
-3.33117e-23
-1.2461e-22
-9.13569e-23
-3.3532e-23
-2.50964e-23
-1.81089e-23
-1.27725e-23
-9.2737e-24
-3.87146e-07
-25.8139
-145.908
-217.409
-196.051
-192.842
-190.039
-186.309
-174.051
-78.3972
-2.54217
-3.03671e-11
-1.8094e-23
-1.83175e-23
-1.55338e-23
-1.55368e-23
-1.83196e-23
-1.80901e-23
-3.12311e-11
-2.59387
-78.6329
-174.114
-186.098
-189.806
-192.637
-195.873
-217.216
-145.772
-25.9019
-3.89111e-07
-9.28759e-24
-1.27729e-23
-1.80974e-23
-2.50718e-23
-3.35111e-23
-9.29155e-23
-1.26926e-22
-3.33273e-23
-1.85457e-23
-1.19719e-23
-8.07325e-24
-1.16218e-23
-1.94036e-23
-2.4738e-23
-2.55731e-23
-2.25037e-23
-1.79764e-23
-1.41872e-23
-1.27771e-23
-2.96213e-09
-0.172787
-40.9927
-165.407
-176.471
-171.487
-166.65
-168.083
-174.027
-136.032
-62.3848
-0.0388949
-1.84037e-22
-1.3237e-23
-1.13537e-23
-9.69556e-24
-9.69692e-24
-1.13556e-23
-1.32365e-23
-1.82093e-22
-0.0398268
-62.0208
-136.013
-173.496
-167.765
-166.441
-171.332
-176.339
-165.277
-40.9558
-0.172894
-2.91671e-09
-1.27905e-23
-1.42066e-23
-1.79864e-23
-2.25242e-23
-2.56001e-23
-2.47666e-23
-1.9428e-23
-1.1638e-23
-8.08714e-24
-4.00732e-24
-7.13828e-24
-1.28219e-23
-1.80117e-23
-2.14292e-23
-2.27622e-23
-2.07426e-23
-1.74644e-23
-1.5546e-16
-0.00150369
-53.2798
-124.422
-190.867
-166.296
-150.024
-138.247
-145.174
-185.34
-119.314
-61.5344
-0.00414468
-1.79105e-23
-1.13919e-23
-7.54124e-24
-5.52777e-24
-5.52977e-24
-7.54676e-24
-1.14005e-23
-1.79227e-23
-0.00427446
-62.1291
-119.014
-184.686
-144.871
-138.086
-149.921
-166.219
-190.824
-124.42
-53.2236
-0.00146931
-1.34668e-16
-1.75357e-23
-2.07712e-23
-2.28437e-23
-2.14944e-23
-1.80595e-23
-1.28543e-23
-7.15762e-24
-4.02281e-24
-1.46831e-24
-5.00975e-24
-1.06466e-23
-1.74411e-23
-2.53792e-23
-6.47898e-06
-0.0222633
-0.0234285
-0.00719931
-22.2708
-71.3737
-172.677
-166.334
-151.267
-129.34
-100.863
-104.446
-163.864
-99.9361
-40.0531
-0.000517479
-1.9054e-23
-1.06435e-23
-5.40839e-24
-2.83849e-24
-2.8418e-24
-5.4191e-24
-1.06653e-23
-1.90998e-23
-0.000543992
-39.9236
-99.9236
-163.654
-104.263
-100.805
-129.311
-151.241
-166.309
-172.663
-71.351
-21.9136
-0.0076826
-0.0172172
-0.0117561
-2.53978e-06
-2.54902e-23
-1.75039e-23
-1.06837e-23
-5.02871e-24
-1.47946e-24
-1.00163e-24
-4.84853e-24
-1.11296e-23
-1.98628e-23
-3.24864e-23
-0.0281832
-153.758
-201.782
-96.8759
-50.5254
-119.266
-155.564
-157.046
-146.633
-113.181
-45.8832
-61.0335
-168.718
-116.937
-44.7175
-0.000585406
-2.01373e-23
-1.0516e-23
-4.32544e-24
-1.27695e-24
-1.28108e-24
-4.33885e-24
-1.05426e-23
-2.01876e-23
-0.00060937
-44.7249
-116.783
-168.099
-60.8493
-45.8818
-113.167
-146.654
-157.037
-155.544
-119.281
-50.5729
-99.5172
-204.067
-156.8
-0.0163301
-3.25608e-23
-1.9921e-23
-1.11647e-23
-4.86212e-24
-1.00004e-24
-2.50051e-24
-6.20765e-24
-1.30174e-23
-2.24311e-23
-3.59274e-23
-0.0132112
-169.802
-189.736
-102.91
-74.4748
-146.1
-157.026
-160.606
-142.84
-83.2633
-11.044
-98.9137
-169.16
-152.14
-79.7229
-0.0094
-2.11925e-23
-1.08525e-23
-3.99321e-24
-5.63349e-25
-5.67507e-25
-4.00614e-24
-1.08745e-23
-2.12202e-23
-0.00947294
-79.3632
-151.462
-167.977
-98.1761
-11.023
-83.3897
-142.787
-160.595
-156.99
-146.008
-74.3443
-102.49
-189.089
-168.083
-0.0108129
-3.59722e-23
-2.24869e-23
-1.30512e-23
-6.21186e-24
-2.4758e-24
-5.59608e-24
-8.93297e-24
-1.61336e-23
-2.47408e-23
-3.53371e-23
-4.17594e-07
-0.137715
-166.536
-69.0513
-104.028
-156.893
-166.909
-171.481
-76.5402
-2.62783
-0.000388751
-12.7973
-132.862
-186.768
-76.7963
-0.13119
-7.99384e-17
-1.16474e-23
-4.26692e-24
-4.97024e-25
-5.008e-25
-4.27888e-24
-1.16669e-23
-9.16301e-17
-0.133278
-76.1324
-186.057
-131.976
-12.995
-0.000398695
-2.62094
-76.4865
-171.414
-166.894
-156.958
-103.999
-69.1698
-165.146
-0.169127
-6.19439e-07
-3.54275e-23
-2.4824e-23
-1.61774e-23
-8.92368e-24
-5.53448e-24
-9.61412e-24
-1.33071e-23
-2.16005e-23
-2.87007e-23
-3.50739e-23
-3.28161e-14
-0.00358215
-86.9756
-52.0386
-135.623
-160.879
-185.549
-107.437
-22.5637
-1.21696e-05
-3.01792e-14
-0.17729
-65.8704
-159.101
-79.863
-7.48576
-4.87809e-08
-1.34823e-23
-5.09775e-24
-9.16036e-25
-9.18964e-25
-5.10935e-24
-1.35059e-23
-4.98027e-08
-7.65381
-79.9104
-158.8
-65.6694
-0.18388
-3.57607e-14
-1.21643e-05
-22.5434
-107.362
-185.518
-160.898
-135.633
-51.9854
-86.8072
-0.00356149
-3.50873e-14
-3.52179e-23
-2.88386e-23
-2.16751e-23
-1.32724e-23
-9.49718e-24
-1.30928e-23
-2.02563e-23
-4.61995e-22
-8.22036e-20
-9.88469e-12
-0.000326864
-9.56977
-112.725
-86.6258
-148.694
-169.722
-115.167
-66.8051
-0.0230274
-1.43369e-13
-3.58987e-24
-0.00269994
-83.6548
-163.71
-129.243
-62.3457
-0.000337781
-1.55087e-23
-6.16429e-24
-1.62851e-24
-1.6288e-24
-6.17431e-24
-1.55381e-23
-0.000342727
-62.256
-129.112
-163.439
-83.4366
-0.00267574
-3.59811e-24
-1.43342e-13
-0.0229785
-66.7114
-115.123
-169.755
-148.647
-86.5849
-112.94
-9.5299
-0.00032373
-9.45306e-12
-9.24664e-20
-6.44862e-22
-2.01485e-23
-1.29072e-23
-1.33212e-23
-9.45823e-07
-0.0179695
-0.179438
-0.257081
-18.3892
-216.28
-232.98
-99.3424
-128.085
-143.067
-76.6713
-5.659
-1.51817e-07
-3.59103e-24
-3.76746e-24
-1.68184e-05
-34.9113
-149.665
-163.881
-75.8522
-0.0091317
-1.59649e-23
-7.14674e-24
-2.50319e-24
-2.49534e-24
-7.15237e-24
-1.59999e-23
-0.00926356
-75.7902
-163.569
-149.343
-34.8073
-1.70615e-05
-3.76842e-24
-3.58908e-24
-1.50504e-07
-5.61564
-76.9066
-142.891
-128.092
-99.9714
-234.397
-216.151
-18.3129
-0.258343
-0.2115
-0.024347
-1.46698e-06
-1.31012e-23
-7.52867e-24
-0.0132433
-204.043
-209.946
-149.592
-224.814
-227.368
-304.361
-336.605
-180.316
-135.241
-192.672
-0.196533
-7.81364e-16
-2.32349e-24
-3.11795e-24
-2.91866e-10
-5.7595
-61.4612
-107.16
-31.2849
-5.25299
-1.23039e-11
-8.61799e-24
-3.5671e-24
-3.53253e-24
-8.61966e-24
-1.55803e-11
-5.06475
-31.2813
-106.952
-61.3319
-5.37547
-3.68796e-10
-3.11199e-24
-2.31843e-24
-7.62058e-16
-0.194141
-193.281
-135.6
-181.004
-338.766
-304.594
-227.055
-224.15
-149.326
-206.672
-202.684
-0.0134072
-7.44139e-24
-3.72398e-24
-0.0141896
-167.316
-184.278
-137.68
-396.653
-230.086
-223.709
-508.662
-568.812
-580.017
-251.984
-0.0296836
-3.84781e-20
-1.36237e-24
-2.50185e-24
-1.59298e-18
-1.03841
-36.5776
-75.8619
-47.2322
-33.308
-0.000424924
-4.58577e-21
-4.68533e-24
-4.54995e-24
-5.40366e-21
-0.000512416
-33.2975
-47.0672
-75.6397
-36.4933
-0.929151
-3.40991e-18
-2.49684e-24
-1.35496e-24
-3.69095e-20
-0.0293757
-252.037
-582.533
-571.283
-508.987
-224.414
-230.038
-395.349
-136.98
-180.254
-164.785
-0.0112253
-3.69237e-24
-3.65883e-24
-1.77622e-06
-0.0202439
-0.130759
-0.261893
-7.62321
-106.269
-202.906
-407.444
-478.815
-474.613
-222.238
-0.00225072
-1.31836e-21
-6.85785e-25
-2.86454e-24
-5.97791e-07
-14.5178
-20.0803
-35.4855
-40.5713
-17.121
-19.0989
-0.00705906
-4.05913e-09
-6.09683e-10
-0.00448867
-21.4342
-17.0523
-40.3621
-35.4049
-20.0901
-13.9246
-6.41333e-07
-2.87478e-24
-6.77642e-25
-1.26875e-21
-0.00222206
-221.902
-473.689
-477.846
-407.025
-203.219
-106.267
-7.57594
-0.254473
-0.107613
-0.0139655
-1.04911e-06
-3.57613e-24
-3.12263e-24
-1.15549e-23
-1.97466e-23
-1.80937e-19
-6.52135e-10
-0.284538
-16.4325
-27.3372
-37.3564
-63.5031
-37.6507
-58.0867
-0.0540323
-3.14821e-15
-5.42163e-25
-3.75475e-24
-0.0103294
-46.0795
-43.6396
-17.2155
-17.5545
-22.1796
-28.8272
-105.443
-0.00419521
-0.00166964
-111.072
-28.2076
-21.8651
-17.4098
-17.1915
-44.1739
-46.5844
-0.0128894
-3.78969e-24
-5.28556e-25
-2.9897e-15
-0.0530478
-58.4294
-37.5776
-63.8372
-37.3594
-27.3903
-16.6168
-0.282108
-5.92285e-10
-1.87003e-19
-2.14942e-23
-1.15557e-23
-3.05817e-24
-2.56005e-24
-9.9007e-24
-1.96932e-23
-2.74223e-23
-0.000845554
-44.9157
-27.1368
-42.154
-32.9095
-14.8171
-46.5301
-22.7705
-21.6897
-0.000610121
-2.53203e-24
-5.83122e-24
-0.0314364
-89.0845
-49.3987
-6.33663
-22.9714
-16.5367
-18.8411
-122.233
-0.156095
-0.0797417
-94.2702
-18.8312
-16.1459
-22.871
-6.30252
-49.8852
-77.7852
-0.0432433
-5.86867e-24
-2.4925e-24
-0.000604274
-21.5816
-22.732
-46.5108
-14.7976
-32.8868
-42.1899
-27.1799
-45.0141
-0.000848993
-2.75993e-23
-1.98441e-23
-9.93731e-24
-2.5239e-24
-2.54555e-24
-1.14316e-23
-2.71004e-23
-1.2293e-06
-14.3364
-26.7859
-40.3606
-29.5945
-18.4413
-9.04564
-55.3012
-32.1641
-50.4382
-5.68485
-2.80472e-07
-1.27849e-23
-7.81683e-06
-1.00053
-9.00998
-1.24639
-0.651215
-1.89522
-6.15603
-1.44931
-0.000429472
-0.000264247
-1.19216
-6.16101
-2.28818
-0.652853
-1.19989
-10.0303
-1.28266
-1.20161e-05
-1.28294e-23
-2.75752e-07
-5.63187
-50.3831
-32.1296
-55.2325
-9.02648
-18.4348
-29.615
-40.4021
-26.8142
-14.4059
-1.25038e-06
-2.72298e-23
-1.14722e-23
-2.52441e-24
-3.1389e-24
-1.43094e-23
-3.79573e-23
-0.00658023
-18.7462
-27.6575
-29.7715
-24.4432
-3.59144
-27.8882
-34.8263
-48.4792
-18.3997
-26.8443
-0.175571
-2.41742e-23
-3.61106e-23
-6.10358e-23
-8.1691e-23
-9.37028e-23
-1.00689e-22
-1.05319e-22
-1.05342e-22
-9.48141e-23
-7.77893e-23
-7.80093e-23
-9.54892e-23
-1.05771e-22
-1.0536e-22
-1.0065e-22
-9.36962e-23
-8.18466e-23
-6.13089e-23
-3.62849e-23
-2.41523e-23
-0.174329
-26.7447
-18.3763
-48.4178
-34.8378
-27.9181
-3.5721
-24.4612
-29.798
-27.6832
-18.7769
-0.0066036
-3.80703e-23
-1.43424e-23
-3.12024e-24
-4.29773e-24
-1.67546e-23
-4.59079e-23
-0.729521
-16.005
-24.121
-20.8468
-2.64272
-1.24735e-05
-0.0192666
-76.5371
-10.04
-18.9804
-62.1296
-2.56416
-4.26965e-23
-3.63542e-23
-4.35956e-23
-5.31373e-23
-6.04536e-23
-6.51777e-23
-6.75957e-23
-6.70854e-23
-6.28673e-23
-5.76752e-23
-5.77674e-23
-6.31039e-23
-6.72843e-23
-6.76866e-23
-6.5223e-23
-6.05098e-23
-5.32437e-23
-4.37226e-23
-3.64218e-23
-4.26489e-23
-2.56375
-62.2154
-18.9553
-10.0245
-76.7368
-0.0191734
-1.24276e-05
-2.63761
-20.8606
-24.1388
-16.0172
-0.728653
-4.59916e-23
-1.67746e-23
-4.2775e-24
-5.49027e-24
-1.7207e-23
-4.65313e-23
-0.548796
-37.9498
-21.1905
-1.27361
-7.58987e-07
-2.30359e-23
-2.45199e-09
-0.00129963
-0.126281
-3.43856
-4.64475
-0.00252686
-4.83824e-23
-3.37314e-23
-3.16894e-23
-3.38954e-23
-3.67463e-23
-3.8946e-23
-4.00527e-23
-3.98071e-23
-3.82943e-23
-3.66837e-23
-3.6721e-23
-3.8387e-23
-3.9901e-23
-4.01195e-23
-3.89964e-23
-3.67986e-23
-3.39593e-23
-3.17505e-23
-3.3759e-23
-4.83484e-23
-0.00254272
-4.66695
-3.44849
-0.125492
-0.0012912
-2.44953e-09
-2.30309e-23
-7.59378e-07
-1.27213
-21.1981
-37.9707
-0.548395
-4.65813e-23
-1.72157e-23
-5.47133e-24
-5.30347e-24
-1.42661e-23
-3.67416e-23
-0.000272515
-0.587174
-0.111862
-7.31657e-07
-2.47746e-23
-1.8135e-23
-2.11077e-23
-2.9747e-23
-3.90955e-23
-4.69512e-23
-5.11864e-23
-4.6128e-23
-3.21079e-23
-2.37241e-23
-2.0252e-23
-1.9483e-23
-1.97915e-23
-2.02773e-23
-2.05026e-23
-2.02885e-23
-1.97112e-23
-1.91835e-23
-1.91982e-23
-1.97483e-23
-2.03313e-23
-2.05405e-23
-2.0311e-23
-1.98249e-23
-1.95169e-23
-2.02794e-23
-2.37341e-23
-3.20926e-23
-4.60881e-23
-5.11512e-23
-4.69273e-23
-3.90756e-23
-2.97295e-23
-2.10962e-23
-1.81291e-23
-2.47716e-23
-7.31675e-07
-0.111759
-0.586599
-0.000272269
-3.67647e-23
-1.42689e-23
-5.28994e-24
-3.23981e-24
-8.7245e-24
-1.86769e-23
-2.98279e-23
-2.8863e-23
-2.26574e-23
-1.6296e-23
-1.08122e-23
-8.39262e-24
-8.73635e-24
-1.1013e-23
-1.41487e-23
-1.744e-23
-2.01075e-23
-2.00942e-23
-1.67765e-23
-1.3237e-23
-1.07273e-23
-9.2806e-24
-8.53378e-24
-8.13068e-24
-7.83238e-24
-7.521e-24
-7.19843e-24
-6.97629e-24
-6.98151e-24
-7.2119e-24
-7.53782e-24
-7.84907e-24
-8.14649e-24
-8.54886e-24
-9.29396e-24
-1.07359e-23
-1.32374e-23
-1.67676e-23
-2.0079e-23
-2.00935e-23
-1.74291e-23
-1.41396e-23
-1.10055e-23
-8.73058e-24
-8.3883e-24
-1.08085e-23
-1.62925e-23
-2.2656e-23
-2.88688e-23
-2.98427e-23
-1.86872e-23
-8.7266e-24
-3.2333e-24
-1.24278e-24
-4.91522e-24
-9.07863e-24
-1.01172e-23
-6.09866e-24
-2.52657e-24
-1.85136e-24
-1.72495e-24
-1.49484e-24
-1.45442e-24
-1.83235e-24
-2.81183e-24
-4.59716e-24
-6.95202e-24
-8.59694e-24
-8.43196e-24
-7.03567e-24
-5.352e-24
-3.91702e-24
-2.85847e-24
-2.11458e-24
-1.58591e-24
-1.19877e-24
-9.24398e-25
-7.7557e-25
-7.77189e-25
-9.28396e-25
-1.20334e-24
-1.5897e-24
-2.11702e-24
-2.85933e-24
-3.91589e-24
-5.34817e-24
-7.02876e-24
-8.42267e-24
-8.58732e-24
-6.94437e-24
-4.59191e-24
-2.80822e-24
-1.82979e-24
-1.45242e-24
-1.49302e-24
-1.72297e-24
-1.84916e-24
-2.52543e-24
-6.10192e-24
-1.01256e-23
-9.08685e-24
-4.91906e-24
-1.24189e-24
-1.2418e-24
-4.91407e-24
-9.07653e-24
-1.01138e-23
-6.09454e-24
-2.52251e-24
-1.84793e-24
-1.72217e-24
-1.49237e-24
-1.45192e-24
-1.82972e-24
-2.80931e-24
-4.59512e-24
-6.95061e-24
-8.59652e-24
-8.43361e-24
-7.04037e-24
-5.36042e-24
-3.92979e-24
-2.87665e-24
-2.13989e-24
-1.62035e-24
-1.24366e-24
-9.79205e-25
-8.36873e-25
-8.38909e-25
-9.83545e-25
-1.24673e-24
-1.6195e-24
-2.1343e-24
-2.86677e-24
-3.91678e-24
-5.34581e-24
-7.02574e-24
-8.42041e-24
-8.586e-24
-6.94356e-24
-4.59141e-24
-2.80799e-24
-1.8298e-24
-1.45262e-24
-1.4934e-24
-1.72358e-24
-1.85009e-24
-2.52671e-24
-6.10328e-24
-1.01266e-23
-9.0877e-24
-4.92003e-24
-1.24362e-24
-3.23739e-24
-8.72134e-24
-1.86706e-23
-2.98164e-23
-2.88487e-23
-2.26438e-23
-1.62854e-23
-1.08043e-23
-8.3856e-24
-8.72865e-24
-1.10041e-23
-1.41394e-23
-1.74312e-23
-2.00991e-23
-2.00879e-23
-1.67779e-23
-1.32489e-23
-1.07509e-23
-9.31641e-24
-8.58449e-24
-8.20216e-24
-7.9326e-24
-7.65676e-24
-7.37013e-24
-7.17321e-24
-7.18166e-24
-7.38867e-24
-7.67237e-24
-7.93686e-24
-8.1934e-24
-8.565e-24
-9.29029e-24
-1.07231e-23
-1.3224e-23
-1.67586e-23
-2.00748e-23
-2.00914e-23
-1.74281e-23
-1.41392e-23
-1.10056e-23
-8.73121e-24
-8.38944e-24
-1.08103e-23
-1.62954e-23
-2.26598e-23
-2.88724e-23
-2.98441e-23
-1.86887e-23
-8.72909e-24
-3.23839e-24
-5.30089e-24
-1.42619e-23
-3.67311e-23
-0.00027281
-0.587761
-0.11197
-7.32409e-07
-2.47637e-23
-1.81251e-23
-2.10944e-23
-2.97287e-23
-3.90745e-23
-4.69273e-23
-5.11554e-23
-4.60946e-23
-3.20979e-23
-2.37389e-23
-2.02877e-23
-1.95352e-23
-1.9862e-23
-2.03785e-23
-2.06551e-23
-2.0515e-23
-2.00219e-23
-1.95601e-23
-1.95895e-23
-2.00851e-23
-2.05687e-23
-2.06774e-23
-2.03697e-23
-1.983e-23
-1.94894e-23
-2.02393e-23
-2.36989e-23
-3.20725e-23
-4.60844e-23
-5.11514e-23
-4.69282e-23
-3.90764e-23
-2.973e-23
-2.10971e-23
-1.81309e-23
-2.47746e-23
-7.3128e-07
-0.111744
-0.586565
-0.000272262
-3.67628e-23
-1.42713e-23
-5.29781e-24
-5.48873e-24
-1.72032e-23
-4.65204e-23
-0.549413
-37.9399
-21.1844
-1.27491
-7.60133e-07
-2.30272e-23
-2.4634e-09
-0.00129976
-0.126142
-3.45662
-4.67531
-0.00254693
-4.83444e-23
-3.37493e-23
-3.174e-23
-3.39555e-23
-3.68103e-23
-3.90368e-23
-4.0217e-23
-4.01088e-23
-3.87787e-23
-3.73309e-23
-3.74233e-23
-3.89651e-23
-4.02508e-23
-4.02715e-23
-3.90251e-23
-3.67562e-23
-3.38754e-23
-3.1656e-23
-3.36872e-23
-4.83199e-23
-0.002577
-4.72261
-3.48095
-0.125802
-0.00128891
-2.41653e-09
-2.30331e-23
-7.58911e-07
-1.27229
-21.1974
-37.9671
-0.548353
-4.65684e-23
-1.72153e-23
-5.48058e-24
-4.29736e-24
-1.67521e-23
-4.58981e-23
-0.73035
-16.0009
-24.1142
-20.8407
-2.64407
-1.24861e-05
-0.0192504
-76.6095
-10.0308
-18.9589
-62.2437
-2.56892
-4.26388e-23
-3.63944e-23
-4.36815e-23
-5.31965e-23
-6.04591e-23
-6.51702e-23
-6.76622e-23
-6.73884e-23
-6.35524e-23
-5.87516e-23
-5.90436e-23
-6.40758e-23
-6.77095e-23
-6.77405e-23
-6.51314e-23
-6.03648e-23
-5.30573e-23
-4.3533e-23
-3.62988e-23
-4.26297e-23
-2.59108
-62.5024
-18.9856
-10.0305
-76.7441
-0.019146
-1.24233e-05
-2.6379
-20.8564
-24.1338
-16.0142
-0.728936
-4.59641e-23
-1.67689e-23
-4.28639e-24
-3.13923e-24
-1.43089e-23
-3.79499e-23
-0.00660919
-18.7403
-27.6495
-29.7619
-24.4289
-3.58467
-27.9008
-34.7967
-48.4043
-18.3706
-26.7471
-0.17461
-2.41413e-23
-3.62348e-23
-6.12192e-23
-8.17341e-23
-9.35458e-23
-1.0041e-22
-1.05005e-22
-1.05394e-22
-9.56152e-23
-7.94779e-23
-8.04733e-23
-9.70661e-23
-1.06007e-22
-1.04959e-22
-1.00262e-22
-9.33977e-23
-8.15034e-23
-6.09355e-23
-3.60585e-23
-2.41308e-23
-0.17581
-26.77
-18.3962
-48.4539
-34.861
-27.9327
-3.56968
-24.4479
-29.7883
-27.6748
-18.7672
-0.00659565
-3.80302e-23
-1.4331e-23
-3.12794e-24
-2.54629e-24
-1.14347e-23
-2.70982e-23
-1.24413e-06
-14.3963
-26.7798
-40.3504
-29.569
-18.4015
-9.03602
-55.2395
-32.1167
-50.3691
-5.62723
-2.7512e-07
-1.28144e-23
-1.13825e-05
-1.23675
-9.81838
-1.19146
-0.632361
-1.88121
-6.35736
-1.57201
-0.00047059
-0.00105596
-3.23124
-10.2105
-1.90052
-0.6245
-1.22667
-8.90437
-0.986629
-7.69704e-06
-1.27676e-23
-2.75936e-07
-5.66619
-50.4554
-32.1591
-55.2926
-9.03564
-18.4063
-29.5909
-40.3897
-26.8059
-14.3863
-1.24201e-06
-2.71829e-23
-1.14572e-23
-2.53273e-24
-2.56067e-24
-9.91174e-24
-1.97015e-23
-2.74096e-23
-0.000849393
-44.8515
-27.1548
-42.1106
-32.8379
-14.7897
-46.496
-22.7278
-21.5969
-0.000604525
-2.49747e-24
-5.8616e-24
-0.0415076
-79.8992
-49.7171
-6.30443
-22.8069
-16.1616
-18.8599
-93.495
-0.180614
-0.464752
-57.2335
-21.0314
-16.8275
-22.9519
-6.31076
-49.3011
-88.7554
-0.0309255
-5.83192e-24
-2.526e-24
-0.000609057
-21.6768
-22.7522
-46.5683
-14.7939
-32.8531
-42.141
-27.1924
-44.9585
-0.000850146
-2.75378e-23
-1.97885e-23
-9.92245e-24
-2.53774e-24
-3.12087e-24
-1.15879e-23
-1.97825e-23
-1.57489e-19
-6.0008e-10
-0.285287
-16.5125
-27.3192
-37.2829
-63.6542
-37.5634
-58.2697
-0.0532507
-3.05556e-15
-5.29935e-25
-3.78408e-24
-0.012431
-46.3687
-44.0567
-17.1523
-17.3778
-21.9049
-28.815
-90.2582
-0.00432019
-0.0160717
-66.0452
-32.6503
-23.3292
-18.0835
-17.3747
-43.9284
-46.2947
-0.0102352
-3.76093e-24
-5.42403e-25
-2.97115e-15
-0.0533431
-58.1405
-37.5762
-63.548
-37.2962
-27.3342
-16.6354
-0.284848
-5.70919e-10
-1.45651e-19
-1.99018e-23
-1.15497e-23
-3.08282e-24
-3.65191e-24
-1.90655e-06
-0.0210672
-0.127363
-0.247236
-7.57869
-106.175
-203.052
-406.581
-477.56
-473.498
-221.831
-0.002219
-1.25635e-21
-6.77844e-25
-2.8727e-24
-6.13334e-07
-13.9939
-20.0294
-35.2687
-40.1522
-16.9051
-19.1472
-0.00838907
-4.36634e-09
-2.43874e-08
-0.0184117
-19.3708
-17.6815
-41.5
-35.9733
-20.2283
-14.6413
-6.07719e-07
-2.87167e-24
-6.87782e-25
-1.2804e-21
-0.00222586
-221.895
-473.627
-477.666
-406.476
-203.257
-106.115
-7.49525
-0.24629
-0.11534
-0.0170863
-1.45676e-06
-3.60811e-24
-3.72605e-24
-0.0163427
-166.626
-182.381
-137.168
-395.505
-230.027
-224.295
-508.688
-570.71
-582.008
-251.923
-0.0292959
-3.66324e-20
-1.35463e-24
-2.49544e-24
-1.74853e-18
-0.95957
-36.3452
-75.2953
-46.7873
-32.2827
-0.000457958
-1.08513e-20
-4.95518e-24
-5.37348e-24
-4.38372e-21
-0.000478704
-31.5951
-47.9403
-76.8039
-36.9515
-1.03724
-2.65754e-18
-2.51188e-24
-1.36516e-24
-3.77244e-20
-0.029454
-251.899
-581.628
-570.404
-509.201
-224.784
-230.516
-396.016
-137.326
-180.752
-166.01
-0.0129441
-3.70354e-24
-7.54777e-24
-0.0162758
-203.521
-208.035
-149.66
-224.226
-226.967
-304.322
-338.814
-181.044
-135.664
-193.227
-0.193749
-7.52625e-16
-2.31762e-24
-3.10757e-24
-3.04995e-10
-5.46031
-61.0887
-106.471
-30.9953
-4.97057
-1.24477e-11
-8.4672e-24
-3.76515e-24
-3.90767e-24
-8.63849e-24
-1.60371e-11
-5.36806
-31.8515
-107.982
-61.9056
-5.81627
-3.39885e-10
-3.13257e-24
-2.32515e-24
-7.53614e-16
-0.195337
-193.009
-135.516
-180.719
-337.93
-305.093
-227.35
-224.51
-150.266
-208.091
-203.595
-0.0132834
-7.46941e-24
-1.3184e-23
-1.30416e-06
-0.0215424
-0.193
-0.247338
-18.3561
-216.054
-234.737
-100.043
-128.093
-142.863
-76.9404
-5.60954
-1.50267e-07
-3.58905e-24
-3.76329e-24
-1.64879e-05
-34.6446
-148.949
-163.122
-75.3163
-0.00894792
-1.56455e-23
-7.05544e-24
-2.61535e-24
-2.66991e-24
-7.12999e-24
-1.56133e-23
-0.00933488
-76.413
-164.252
-149.985
-35.2538
-1.76094e-05
-3.77883e-24
-3.58761e-24
-1.50113e-07
-5.62535
-76.9042
-142.832
-128.209
-99.7139
-233.699
-216.376
-18.4719
-0.258029
-0.191754
-0.0203144
-1.13224e-06
-1.32155e-23
-1.29268e-23
-2.00692e-23
-4.2484e-22
-7.29264e-20
-9.16737e-12
-0.00031659
-9.36069
-112.781
-86.4794
-148.555
-169.74
-115.103
-66.6872
-0.022918
-1.40861e-13
-3.59478e-24
-0.00265762
-83.5621
-162.871
-128.833
-61.9619
-0.000335281
-1.53e-23
-6.10433e-24
-1.6843e-24
-1.70821e-24
-6.14567e-24
-1.53173e-23
-0.000344124
-61.5973
-129.427
-164.419
-83.1725
-0.00275651
-3.59264e-24
-1.41625e-13
-0.022785
-66.7171
-115.193
-169.972
-148.865
-86.7131
-112.931
-9.53223
-0.00032013
-9.69368e-12
-8.67586e-20
-5.42201e-22
-2.02356e-23
-1.30173e-23
-9.48476e-24
-1.32181e-23
-2.15472e-23
-2.86693e-23
-3.50053e-23
-3.50438e-14
-0.00359364
-86.8889
-51.9424
-135.547
-160.861
-185.518
-107.364
-22.5403
-1.20788e-05
-3.32334e-14
-0.177652
-65.3609
-158.214
-79.3777
-7.47005
-4.93995e-08
-1.33524e-23
-5.05514e-24
-9.37355e-25
-9.48812e-25
-5.07876e-24
-1.33734e-23
-4.93854e-08
-7.68469
-80.6233
-159.896
-66.3876
-0.185408
-3.2102e-14
-1.20453e-05
-22.4817
-107.307
-185.602
-161.065
-135.842
-52.0374
-87.3789
-0.00371241
-3.36117e-14
-3.51958e-23
-2.88041e-23
-2.1668e-23
-1.33112e-23
-9.57512e-24
-5.52229e-24
-8.90302e-24
-1.61417e-23
-2.47854e-23
-3.53801e-23
-6.06913e-07
-0.167036
-167.608
-69.2541
-104.017
-156.926
-166.909
-171.464
-76.5549
-2.63025
-0.000391256
-12.7362
-132.018
-185.635
-76.8072
-0.130325
-9.03428e-17
-1.15633e-23
-4.2327e-24
-4.97482e-25
-5.02993e-25
-4.24445e-24
-1.15713e-23
-8.15891e-17
-0.135251
-75.532
-187.395
-132.778
-13.14
-0.000399128
-2.6029
-76.317
-171.294
-166.915
-157.116
-104.038
-69.4503
-166.805
-0.151594
-4.81623e-07
-3.54382e-23
-2.48072e-23
-1.61715e-23
-8.94041e-24
-5.57979e-24
-2.47659e-24
-6.22316e-24
-1.30917e-23
-2.25969e-23
-3.623e-23
-0.00852279
-175.536
-193.658
-103.671
-74.5159
-146.091
-157.029
-160.613
-142.893
-83.2436
-11.0516
-98.7781
-168.271
-151.595
-79.4537
-0.00932074
-2.11071e-23
-1.07948e-23
-3.96372e-24
-5.51763e-25
-5.54346e-25
-3.96916e-24
-1.07974e-23
-2.10979e-23
-0.00960978
-79.5429
-151.915
-168.734
-97.9052
-11.0128
-83.6861
-142.578
-160.577
-156.95
-145.917
-74.2667
-101.854
-187.002
-168.795
-0.00948912
-3.59625e-23
-2.24544e-23
-1.30322e-23
-6.21169e-24
-2.4946e-24
-1.00557e-24
-4.88837e-24
-1.12443e-23
-2.01212e-23
-3.30481e-23
-0.0112055
-168.711
-208.532
-100.22
-50.5165
-119.468
-155.579
-157.072
-146.703
-113.313
-46.0156
-60.5179
-168.002
-116.388
-44.5657
-0.000595816
-2.00866e-23
-1.04761e-23
-4.29902e-24
-1.25858e-24
-1.2597e-24
-4.30147e-24
-1.0478e-23
-2.00881e-23
-0.00059804
-44.8145
-117.488
-168.81
-61.5334
-45.6575
-112.902
-146.618
-157.009
-155.48
-119.42
-50.3351
-99.8265
-199.488
-143.978
-0.0156649
-3.24049e-23
-1.98399e-23
-1.1126e-23
-4.84867e-24
-1.0006e-24
-1.46898e-24
-5.04176e-24
-1.07403e-23
-1.76493e-23
-2.58308e-23
-1.41517e-06
-0.00778188
-0.0136401
-0.00776997
-21.9166
-71.4992
-172.749
-166.348
-151.275
-129.356
-100.738
-103.976
-163.243
-99.6128
-39.9193
-0.000535554
-1.90214e-23
-1.06126e-23
-5.38303e-24
-2.81608e-24
-2.81636e-24
-5.38342e-24
-1.06125e-23
-1.90218e-23
-0.000524502
-39.9548
-100.34
-164.415
-104.859
-100.948
-129.302
-151.257
-166.321
-172.69
-71.5949
-22.6135
-0.00797003
-0.0177944
-0.0119028
-2.7624e-06
-2.5287e-23
-1.74148e-23
-1.06417e-23
-5.01138e-24
-1.47277e-24
-3.97816e-24
-7.13512e-24
-1.2845e-23
-1.80698e-23
-2.15241e-23
-2.28437e-23
-2.04006e-23
-1.72985e-23
-1.43167e-16
-0.00148858
-53.2052
-124.394
-190.802
-166.21
-149.892
-137.993
-144.694
-184.557
-118.826
-61.6227
-0.00424632
-1.78781e-23
-1.1363e-23
-7.51515e-24
-5.50275e-24
-5.50252e-24
-7.51405e-24
-1.136e-23
-1.78717e-23
-0.00416362
-62.1315
-119.605
-185.577
-145.45
-138.401
-150.095
-166.333
-190.791
-124.302
-53.4729
-0.00156246
-1.57369e-16
-1.76279e-23
-2.09897e-23
-2.27983e-23
-2.14376e-23
-1.8019e-23
-1.28305e-23
-7.14706e-24
-4.01955e-24
-8.00484e-24
-1.15723e-23
-1.93405e-23
-2.46476e-23
-2.54421e-23
-2.23207e-23
-1.77339e-23
-1.40282e-23
-1.26764e-23
-2.9449e-09
-0.172863
-40.9742
-165.297
-176.313
-171.267
-166.336
-167.648
-173.49
-135.7
-62.2323
-0.03949
-1.92135e-22
-1.3209e-23
-1.13263e-23
-9.66898e-24
-9.66868e-24
-1.13249e-23
-1.32053e-23
-1.73248e-22
-0.0391784
-62.0805
-136.459
-174.066
-168.279
-166.839
-171.645
-176.627
-165.615
-41.1112
-0.175187
-3.04844e-09
-1.2816e-23
-1.4261e-23
-1.8085e-23
-2.25799e-23
-2.56249e-23
-2.47738e-23
-1.94287e-23
-1.16393e-23
-8.09303e-24
-1.18677e-23
-1.84416e-23
-3.31564e-23
-1.19785e-22
-8.7464e-23
-3.32049e-23
-2.48087e-23
-1.792e-23
-1.26712e-23
-9.236e-24
-3.9003e-07
-25.8566
-145.769
-217.166
-195.77
-192.493
-189.631
-185.888
-173.737
-78.3193
-2.56834
-3.15506e-11
-1.80652e-23
-1.82884e-23
-1.55072e-23
-1.55073e-23
-1.82881e-23
-1.80638e-23
-2.98906e-11
-2.56421
-78.798
-174.545
-186.607
-190.309
-193.091
-196.28
-217.637
-146.051
-25.9888
-3.96757e-07
-9.28649e-24
-1.27884e-23
-1.81411e-23
-2.51508e-23
-3.3598e-23
-7.75589e-23
-1.05971e-22
-3.33525e-23
-1.85588e-23
-1.19859e-23
-1.27744e-23
-2.72224e-23
-1.94619e-05
-0.0404093
-0.0205229
-0.000148698
-0.000428755
-0.00115759
-0.000247662
-0.000131821
-0.000325129
-1.87826
-60.1339
-156.522
-208.298
-221.529
-215.188
-208.45
-227.129
-145.554
-29.2804
-3.79107e-06
-1.21599e-09
-8.50482e-08
-3.56513e-10
-3.62751e-10
-8.65148e-08
-1.23431e-09
-3.71829e-06
-29.3783
-146.222
-228.112
-209.262
-215.955
-222.245
-208.91
-156.951
-60.2939
-1.95226
-0.000364876
-0.000151352
-0.000276504
-0.00121303
-0.000436785
-0.000149302
-0.0205663
-0.0404581
-1.9479e-05
-2.7372e-23
-1.28841e-23
-8.92362e-24
-3.35439e-23
-0.0126386
-267.943
-217.248
-70.4359
-228.43
-108.864
-56.4562
-54.3415
-62.3338
-69.7234
-34.8424
-133.828
-291.555
-280.574
-246.214
-209.054
-174.541
-137.525
-40.0352
-1.66595
-0.806356
-51.108
-0.00679539
-0.00680919
-51.09
-0.806698
-1.67205
-40.205
-138.106
-175.246
-209.849
-247.089
-281.506
-292.473
-134.233
-34.948
-69.1793
-61.5766
-53.6935
-55.9259
-108.567
-229.656
-70.7933
-218.431
-269.238
-0.0126495
-3.36865e-23
-8.98529e-24
-7.81104e-24
-5.7077e-23
-0.0168675
-107.55
-283.51
-303.732
-711.707
-425.527
-338.216
-353.004
-360.488
-269.345
-133.187
-301.593
-105907
-41775
-19523.7
-14217.4
-10173.7
-6053.42
-2395.11
-611.539
-303.916
-137.464
-0.685048
-0.684181
-137.647
-304.472
-613.418
-2404.26
-6077.37
-10213.2
-14270.3
-19592.5
-41914.6
-106256
-302.627
-133.803
-268.47
-359.075
-351.299
-336.377
-422.785
-715.576
-305.125
-284.658
-107.937
-0.0168664
-5.72668e-23
-7.83672e-24
