-2.47773e-06
-6.66837
-32.5335
-11.6156
-22.52
-32.0453
-61.683
-75.6773
-78.1992
-79.2953
-78.6244
-69.8438
-55.3463
-137.406
-46279.4
-17901
-8189.9
-6033.32
-4580.63
-3233.42
-1859.83
-743.819
-246.772
-91.3488
-10.1338
-10.1338
-91.3488
-246.772
-743.819
-1859.83
-3233.42
-4580.63
-6033.32
-8189.9
-17901
-46279.4
-137.406
-55.3463
-69.8438
-78.6244
-79.2953
-78.1992
-75.6773
-61.683
-32.0453
-22.52
-11.6156
-32.5335
-6.66837
-2.47773e-06
-2.38526e-05
-7.15749
-30.4373
-20.229
-21.4889
-18.3055
-18.6151
-20.3013
-23.0033
-26.1379
-29.2254
-29.3144
-17.9277
-63.4491
-127.892
-116.546
-99.9666
-84.5229
-71.072
-57.022
-39.0477
-10.5723
-0.441963
-1.98644
-8.70268
-8.70268
-1.98644
-0.441963
-10.5723
-39.0477
-57.022
-71.072
-84.5229
-99.9666
-116.546
-127.892
-63.4491
-17.9277
-29.3144
-29.2254
-26.1379
-23.0033
-20.3013
-18.6151
-18.3055
-21.4889
-20.229
-30.4373
-7.15749
-2.38526e-05
-0.000173931
-15.7976
-47.1402
-25.221
-29.9717
-25.0176
-1.27305
-0.256058
-0.360768
-0.524797
-2.9755
-17.3206
-34.6404
-74.1312
-87.9933
-87.7147
-82.9533
-79.2033
-77.406
-71.4349
-47.9337
-16.6308
-0.0466406
-5.91527e-05
-0.00012544
-0.00012544
-5.91527e-05
-0.0466406
-16.6308
-47.9337
-71.4349
-77.406
-79.2033
-82.9533
-87.7147
-87.9933
-74.1312
-34.6404
-17.3206
-2.9755
-0.524797
-0.360768
-0.256058
-1.27305
-25.0176
-29.9717
-25.221
-47.1402
-15.7976
-0.000173931
-7.7359e-05
-8.4012
-83.9045
-52.2205
-21.5514
-0.211932
-6.51721e-05
-2.08034e-09
-1.76609e-09
-0.00109668
-6.33485
-40.9279
-58.3231
-79.3077
-75.0004
-70.0493
-68.5184
-73.005
-80.4113
-56.4882
-39.2055
-17.7096
-0.00249442
-6.20613e-09
-5.30849e-09
-5.30849e-09
-6.20613e-09
-0.00249442
-17.7096
-39.2055
-56.4882
-80.4113
-73.005
-68.5184
-70.0493
-75.0004
-79.3077
-58.3231
-40.9279
-6.33485
-0.00109668
-1.76609e-09
-2.08034e-09
-6.51721e-05
-0.211932
-21.5514
-52.2205
-83.9045
-8.4012
-7.7359e-05
-3.46962e-07
-0.091719
-3.48077
-1.73587
-0.0209854
-2.14037e-06
-1.18286e-09
-1.41407e-09
-0.000109682
-0.965134
-22.6019
-47.4411
-84.3548
-75.2917
-65.3794
-53.0542
-52.0113
-65.5295
-83.3743
-49.882
-29.6361
-4.02892
-5.83892e-05
-4.4846e-09
-3.38201e-09
-3.38201e-09
-4.4846e-09
-5.83892e-05
-4.02892
-29.6361
-49.882
-83.3743
-65.5295
-52.0113
-53.0542
-65.3794
-75.2917
-84.3548
-47.4411
-22.6019
-0.965134
-0.000109682
-1.41407e-09
-1.18286e-09
-2.14037e-06
-0.0209854
-1.73587
-3.48077
-0.091719
-3.46962e-07
-1.64946e-09
-2.59228e-09
-2.90608e-08
-7.88662e-09
-8.26543e-10
-5.69769e-10
-1.05878e-09
-0.000109675
-0.548624
-19.7361
-37.6662
-76.4486
-80.1664
-73.71
-56.8824
-28.7589
-34.1772
-58.4932
-77.2968
-43.0173
-23.6207
-0.610562
-1.5865e-08
-3.63911e-09
-2.14319e-09
-2.14319e-09
-3.63911e-09
-1.5865e-08
-0.610562
-23.6207
-43.0173
-77.2968
-58.4932
-34.1772
-28.7589
-56.8824
-73.71
-80.1664
-76.4486
-37.6662
-19.7361
-0.548624
-0.000109675
-1.05878e-09
-5.69769e-10
-8.26543e-10
-7.88662e-09
-2.90608e-08
-2.59228e-09
-1.64946e-09
-3.85214e-10
-1.34881e-09
-1.73595e-09
-1.33871e-09
-1.09772e-09
-1.30639e-09
-2.18761e-07
-0.0706372
-24.1709
-38.1685
-59.2377
-83.3454
-81.0324
-71.5534
-43.1292
-25.8054
-35.5731
-64.6745
-77.5736
-41.1765
-27.8643
-0.47735
-7.18537e-09
-3.3084e-09
-1.39962e-09
-1.39962e-09
-3.3084e-09
-7.18537e-09
-0.47735
-27.8643
-41.1765
-77.5736
-64.6745
-35.5731
-25.8054
-43.1292
-71.5534
-81.0324
-83.3454
-59.2377
-38.1685
-24.1709
-0.0706372
-2.18761e-07
-1.30639e-09
-1.09772e-09
-1.33871e-09
-1.73595e-09
-1.34881e-09
-3.85214e-10
-8.29981e-10
-0.000124628
-0.0920882
-1.19649
-1.02194
-0.251217
-0.160392
-7.52533
-29.667
-49.8648
-87.2241
-84.5298
-80.9197
-39.3074
-16.6234
-10.0354
-40.4543
-68.1755
-82.242
-42.2271
-29.3111
-0.767139
-7.96314e-09
-3.2789e-09
-9.81397e-10
-9.81397e-10
-3.2789e-09
-7.96314e-09
-0.767139
-29.3111
-42.2271
-82.242
-68.1755
-40.4543
-10.0354
-16.6234
-39.3074
-80.9197
-84.5298
-87.2241
-49.8648
-29.667
-7.52533
-0.160392
-0.251217
-1.02194
-1.19649
-0.0920882
-0.000124628
-8.29981e-10
-5.20093e-09
-0.199185
-35.7293
-49.859
-34.3935
-25.6328
-22.106
-24.4438
-36.9225
-82.7988
-85.4952
-85.8133
-42.5409
-13.6204
-0.510635
-4.56231
-40.9491
-61.9102
-88.1444
-44.5312
-29.291
-1.08333
-8.77449e-09
-3.39236e-09
-7.59336e-10
-7.59336e-10
-3.39236e-09
-8.77449e-09
-1.08333
-29.291
-44.5312
-88.1444
-61.9102
-40.9491
-4.56231
-0.510635
-13.6204
-42.5409
-85.8133
-85.4952
-82.7988
-36.9225
-24.4438
-22.106
-25.6328
-34.3935
-49.859
-35.7293
-0.199185
-5.20093e-09
-1.60751e-06
-4.10383
-60.9562
-30.0949
-32.7272
-36.5587
-41.5504
-44.2652
-64.68
-81.9448
-86.3952
-44.7028
-17.0874
-0.86404
-9.90469e-05
-3.17795
-39.7423
-57.0362
-95.8546
-47.3025
-28.7268
-1.32755
-9.42855e-09
-3.52979e-09
-6.42882e-10
-6.42882e-10
-3.52979e-09
-9.42855e-09
-1.32755
-28.7268
-47.3025
-95.8546
-57.0362
-39.7423
-3.17795
-9.90469e-05
-0.86404
-17.0874
-44.7028
-86.3952
-81.9448
-64.68
-44.2652
-41.5504
-36.5587
-32.7272
-30.0949
-60.9562
-4.10383
-1.60751e-06
-6.55047e-06
-8.82878
-44.7562
-23.0296
-27.2569
-28.646
-35.7346
-33.1622
-67.8062
-81.027
-45.9443
-23.7148
-3.90724
-0.000252104
-1.1362e-08
-0.930512
-28.269
-54.7836
-101.209
-48.8462
-28.7296
-1.46044
-9.82416e-09
-3.61902e-09
-5.74955e-10
-5.74955e-10
-3.61902e-09
-9.82416e-09
-1.46044
-28.7296
-48.8462
-101.209
-54.7836
-28.269
-0.930512
-1.1362e-08
-0.000252104
-3.90724
-23.7148
-45.9443
-81.027
-67.8062
-33.1622
-35.7346
-28.646
-27.2569
-23.0296
-44.7562
-8.82878
-6.55047e-06
-1.44379e-06
-2.9919
-78.3874
-42.157
-35.2094
-31.83
-35.2417
-37.1064
-72.5579
-48.7166
-35.6481
-19.8075
-0.0132128
-3.10447e-09
-2.21862e-09
-0.151618
-19.1322
-50.339
-97.0537
-47.2866
-29.6041
-1.46125
-9.91994e-09
-3.62488e-09
-5.22639e-10
-5.22639e-10
-3.62488e-09
-9.91994e-09
-1.46125
-29.6041
-47.2866
-97.0537
-50.339
-19.1322
-0.151618
-2.21862e-09
-3.10447e-09
-0.0132128
-19.8075
-35.6481
-48.7166
-72.5579
-37.1064
-35.2417
-31.83
-35.2094
-42.157
-78.3874
-2.9919
-1.44379e-06
-2.48043e-09
-0.0447063
-3.89196
-13.0683
-16.1985
-17.6278
-37.2964
-51.8869
-66.0343
-41.5046
-28.7082
-0.536392
-1.80123e-05
-1.61708e-09
-2.59283e-09
-0.069955
-21.7232
-44.368
-87.3025
-43.4046
-31.9529
-1.33695
-9.71894e-09
-3.54218e-09
-4.70086e-10
-4.70086e-10
-3.54218e-09
-9.71894e-09
-1.33695
-31.9529
-43.4046
-87.3025
-44.368
-21.7232
-0.069955
-2.59283e-09
-1.61708e-09
-1.80123e-05
-0.536392
-28.7082
-41.5046
-66.0343
-51.8869
-37.2964
-17.6278
-16.1985
-13.0683
-3.89196
-0.0447063
-2.48043e-09
-1.34293e-09
-3.43905e-09
-5.17003e-06
-0.000380695
-0.315803
-21.0473
-43.5199
-73.678
-48.2257
-28.1868
-6.78463
-0.00113684
-2.21616e-09
-1.31285e-09
-2.96238e-09
-0.0877542
-26.4472
-38.4174
-76.6547
-38.7643
-35.5283
-1.10548
-9.29147e-09
-3.40018e-09
-4.16656e-10
-4.16656e-10
-3.40018e-09
-9.29147e-09
-1.10548
-35.5283
-38.7643
-76.6547
-38.4174
-26.4472
-0.0877542
-2.96238e-09
-1.31285e-09
-2.21616e-09
-0.00113684
-6.78463
-28.1868
-48.2257
-73.678
-43.5199
-21.0473
-0.315803
-0.000380695
-5.17003e-06
-3.43905e-09
-1.34293e-09
-5.55898e-10
-2.32759e-09
-4.43506e-09
-0.00201045
-3.0228
-22.7423
-46.8254
-71.2873
-41.7797
-31.2941
-0.166693
-6.35102e-08
-1.30827e-09
-1.12183e-09
-3.32741e-09
-0.118677
-30.5801
-39.0813
-65.892
-38.2892
-39.1524
-0.849938
-1.12505e-08
-3.27323e-09
-3.7698e-10
-3.7698e-10
-3.27323e-09
-1.12505e-08
-0.849938
-39.1524
-38.2892
-65.892
-39.0813
-30.5801
-0.118677
-3.32741e-09
-1.12183e-09
-1.30827e-09
-6.35102e-08
-0.166693
-31.2941
-41.7797
-71.2873
-46.8254
-22.7423
-3.0228
-0.00201045
-4.43506e-09
-2.32759e-09
-5.55898e-10
-6.01366e-10
-2.70598e-09
-2.42051e-06
-0.355998
-34.2797
-38.8333
-59.0192
-52.4832
-36.084
-9.76543
-0.00226817
-2.43634e-09
-6.68208e-10
-1.07232e-09
-2.04501e-08
-0.231199
-36.5362
-55.4292
-54.2245
-57.0423
-42.9131
-1.92984
-9.18706e-05
-3.28141e-09
-3.73999e-10
-3.73999e-10
-3.28141e-09
-9.18706e-05
-1.92984
-42.9131
-57.0423
-54.2245
-55.4292
-36.5362
-0.231199
-2.04501e-08
-1.07232e-09
-6.68208e-10
-2.43634e-09
-0.00226817
-9.76543
-36.084
-52.4832
-59.0192
-38.8333
-34.2797
-0.355998
-2.42051e-06
-2.70598e-09
-6.01366e-10
-1.2249e-09
-4.01389e-09
-0.0235943
-18.5168
-17.5255
-25.9276
-46.9361
-32.9677
-18.3007
-0.831102
-9.62848e-07
-1.54997e-09
-2.69576e-10
-1.21807e-09
-0.00103872
-3.28775
-52.4442
-83.571
-75.9672
-85.7102
-61.7397
-18.7067
-0.0338336
-3.56351e-09
-4.18587e-10
-4.18587e-10
-3.56351e-09
-0.0338336
-18.7067
-61.7397
-85.7102
-75.9672
-83.571
-52.4442
-3.28775
-0.00103872
-1.21807e-09
-2.69576e-10
-1.54997e-09
-9.62848e-07
-0.831102
-18.3007
-32.9677
-46.9361
-25.9276
-17.5255
-18.5168
-0.0235943
-4.01389e-09
-1.2249e-09
-1.86038e-09
-8.82021e-05
-2.47428
-37.9731
-18.5555
-23.9646
-25.6935
-24.8405
-19.56
-0.734883
-6.74128e-08
-1.1232e-09
-1.0529e-10
-1.05935e-07
-0.12149
-35.4899
-87.909
-98.6195
-68.7999
-95.4171
-84.5138
-65.6884
-1.37138
-6.82484e-05
-4.88321e-10
-4.88321e-10
-6.82484e-05
-1.37138
-65.6884
-84.5138
-95.4171
-68.7999
-98.6195
-87.909
-35.4899
-0.12149
-1.05935e-07
-1.0529e-10
-1.1232e-09
-6.74128e-08
-0.734883
-19.56
-24.8405
-25.6935
-23.9646
-18.5555
-37.9731
-2.47428
-8.82021e-05
-1.86038e-09
-2.04262e-09
-0.048604
-34.3109
-16.7514
-21.2766
-21.4177
-19.9839
-20.7127
-21.2766
-10.3253
-0.00166091
-1.03736e-09
-1.16648e-10
-0.002013
-4.65135
-68.2399
-112.085
-115.18
-89.2525
-104.204
-109.373
-89.4018
-18.0461
-0.0206499
-5.61553e-10
-5.61553e-10
-0.0206499
-18.0461
-89.4018
-109.373
-104.204
-89.2525
-115.18
-112.085
-68.2399
-4.65135
-0.002013
-1.16648e-10
-1.03736e-09
-0.00166091
-10.3253
-21.2766
-20.7127
-19.9839
-21.4177
-21.2766
-16.7514
-34.3109
-0.048604
-2.04262e-09
-4.6354e-08
-1.37645
-37.9088
-17.8392
-20.1425
-18.4405
-16.0647
-22.7133
-32.392
-54.4859
-0.208115
-1.15215e-09
-2.67426e-09
-0.240939
-33.9078
-78.8992
-111.64
-98.0768
-57.0503
-96.4208
-116.828
-97.0599
-55.8082
-0.459226
-4.76429e-09
-4.76429e-09
-0.459226
-55.8082
-97.0599
-116.828
-96.4208
-57.0503
-98.0768
-111.64
-78.8992
-33.9078
-0.240939
-2.67426e-09
-1.15215e-09
-0.208115
-54.4859
-32.392
-22.7133
-16.0647
-18.4405
-20.1425
-17.8392
-37.9088
-1.37645
-4.6354e-08
-1.52203e-05
-7.29182
-30.9212
-20.196
-20.4067
-14.3582
-14.4362
-30.0068
-36.5198
-71.0161
-2.96741
-2.43618e-08
-1.52601e-05
-4.37692
-47.6682
-56.8721
-84.6519
-71.4546
-47.2435
-78.7603
-108.783
-88.0406
-85.5607
-3.06461
-2.61106e-06
-2.61106e-06
-3.06461
-85.5607
-88.0406
-108.783
-78.7603
-47.2435
-71.4546
-84.6519
-56.8721
-47.6682
-4.37692
-1.52601e-05
-2.43618e-08
-2.96741
-71.0161
-36.5198
-30.0068
-14.4362
-14.3582
-20.4067
-20.196
-30.9212
-7.29182
-1.52203e-05
-0.000136434
-17.2864
-41.5841
-22.7786
-24.4047
-32.1457
-42.8366
-55.5763
-68.3656
-103.278
-3.22894
-4.35275e-08
-0.000376135
-18.6343
-45.772
-37.4643
-52.7207
-21.194
-1.80797
-15.7054
-74.9769
-62.6453
-77.1706
-10.0813
-2.11552e-05
-2.11552e-05
-10.0813
-77.1706
-62.6453
-74.9769
-15.7054
-1.80797
-21.194
-52.7207
-37.4643
-45.772
-18.6343
-0.000376135
-4.35275e-08
-3.22894
-103.278
-68.3656
-55.5763
-42.8366
-32.1457
-24.4047
-22.7786
-41.5841
-17.2864
-0.000136434
-4.93801e-05
-7.65276
-79.1856
-48.1895
-42.8862
-4.61625
-1.61086
-6.08205
-18.8447
-8.19714
-0.0843561
-2.50989e-09
-0.000191742
-13.0452
-62.7273
-46.9725
-22.6209
-0.190084
-0.00103099
-0.0833023
-11.7115
-57.1267
-76.6723
-4.31835
-4.83062e-06
-4.83062e-06
-4.31835
-76.6723
-57.1267
-11.7115
-0.0833023
-0.00103099
-0.190084
-22.6209
-46.9725
-62.7273
-13.0452
-0.000191742
-2.50989e-09
-0.0843561
-8.19714
-18.8447
-6.08205
-1.61086
-4.61625
-42.8862
-48.1895
-79.1856
-7.65276
-4.93801e-05
-1.18426e-07
-0.0711085
-3.20152
-2.76427
-0.138076
-0.00051558
-5.46469e-07
-6.76766e-05
-0.000454859
-9.83683e-05
-1.55923e-07
-1.38111e-09
-5.87583e-07
-0.128117
-4.61449
-2.99042
-0.0576802
-2.06348e-05
-2.91742e-09
-2.83049e-06
-0.0192497
-1.13636
-1.68906
-0.0354479
-4.28344e-09
-4.28344e-09
-0.0354479
-1.68906
-1.13636
-0.0192497
-2.83049e-06
-2.91742e-09
-2.06348e-05
-0.0576802
-2.99042
-4.61449
-0.128117
-5.87583e-07
-1.38111e-09
-1.55923e-07
-9.83683e-05
-0.000454859
-6.76766e-05
-5.46469e-07
-0.00051558
-0.138076
-2.76427
-3.20152
-0.0711085
-1.18426e-07
-5.90407e-10
-1.42448e-09
-1.77135e-08
-9.76121e-09
-8.05227e-10
-8.41565e-10
-8.65534e-10
-9.75477e-10
-1.15782e-09
-1.15207e-09
-6.80178e-10
-1.98581e-10
-4.20608e-10
-1.45545e-09
-3.33831e-08
-1.33275e-08
-8.13004e-10
-6.25061e-10
-4.20729e-10
-3.90137e-10
-5.15787e-10
-7.0904e-10
-1.04764e-09
-9.33409e-10
-2.92553e-10
-2.92553e-10
-9.33409e-10
-1.04764e-09
-7.0904e-10
-5.15787e-10
-3.90137e-10
-4.20729e-10
-6.25061e-10
-8.13004e-10
-1.33275e-08
-3.33831e-08
-1.45545e-09
-4.20608e-10
-1.98581e-10
-6.80178e-10
-1.15207e-09
-1.15782e-09
-9.75477e-10
-8.65534e-10
-8.41565e-10
-8.05227e-10
-9.76121e-09
-1.77135e-08
-1.42448e-09
-5.90407e-10
-5.90407e-10
-1.42448e-09
-1.77135e-08
-9.76121e-09
-8.05227e-10
-8.41565e-10
-8.65534e-10
-9.75477e-10
-1.15782e-09
-1.15207e-09
-6.80178e-10
-1.98581e-10
-4.20608e-10
-1.45545e-09
-3.33831e-08
-1.33275e-08
-8.13004e-10
-6.25061e-10
-4.20729e-10
-3.90137e-10
-5.15787e-10
-7.0904e-10
-1.04764e-09
-9.33409e-10
-2.92553e-10
-2.92553e-10
-9.33409e-10
-1.04764e-09
-7.0904e-10
-5.15787e-10
-3.90137e-10
-4.20729e-10
-6.25061e-10
-8.13004e-10
-1.33275e-08
-3.33831e-08
-1.45545e-09
-4.20608e-10
-1.98581e-10
-6.80178e-10
-1.15207e-09
-1.15782e-09
-9.75477e-10
-8.65534e-10
-8.41565e-10
-8.05227e-10
-9.76121e-09
-1.77135e-08
-1.42448e-09
-5.90407e-10
-1.18426e-07
-0.0711085
-3.20152
-2.76427
-0.138076
-0.00051558
-5.46469e-07
-6.76766e-05
-0.000454859
-9.83683e-05
-1.55923e-07
-1.38111e-09
-5.87583e-07
-0.128117
-4.61449
-2.99042
-0.0576802
-2.06348e-05
-2.91742e-09
-2.83049e-06
-0.0192497
-1.13636
-1.68906
-0.0354479
-4.28344e-09
-4.28344e-09
-0.0354479
-1.68906
-1.13636
-0.0192497
-2.83049e-06
-2.91742e-09
-2.06348e-05
-0.0576802
-2.99042
-4.61449
-0.128117
-5.87583e-07
-1.38111e-09
-1.55923e-07
-9.83683e-05
-0.000454859
-6.76766e-05
-5.46469e-07
-0.00051558
-0.138076
-2.76427
-3.20152
-0.0711085
-1.18426e-07
-4.93801e-05
-7.65276
-79.1856
-48.1895
-42.8862
-4.61625
-1.61086
-6.08205
-18.8447
-8.19714
-0.0843561
-2.50989e-09
-0.000191742
-13.0452
-62.7273
-46.9725
-22.6209
-0.190084
-0.00103099
-0.0833023
-11.7115
-57.1267
-76.6723
-4.31835
-4.83062e-06
-4.83062e-06
-4.31835
-76.6723
-57.1267
-11.7115
-0.0833023
-0.00103099
-0.190084
-22.6209
-46.9725
-62.7273
-13.0452
-0.000191742
-2.50989e-09
-0.0843561
-8.19714
-18.8447
-6.08205
-1.61086
-4.61625
-42.8862
-48.1895
-79.1856
-7.65276
-4.93801e-05
-0.000136434
-17.2864
-41.5841
-22.7786
-24.4047
-32.1457
-42.8366
-55.5763
-68.3656
-103.278
-3.22894
-4.35275e-08
-0.000376135
-18.6343
-45.772
-37.4643
-52.7207
-21.194
-1.80797
-15.7054
-74.9769
-62.6453
-77.1706
-10.0813
-2.11552e-05
-2.11552e-05
-10.0813
-77.1706
-62.6453
-74.9769
-15.7054
-1.80797
-21.194
-52.7207
-37.4643
-45.772
-18.6343
-0.000376135
-4.35275e-08
-3.22894
-103.278
-68.3656
-55.5763
-42.8366
-32.1457
-24.4047
-22.7786
-41.5841
-17.2864
-0.000136434
-1.52203e-05
-7.29182
-30.9212
-20.196
-20.4067
-14.3582
-14.4362
-30.0068
-36.5198
-71.0161
-2.96741
-2.43618e-08
-1.52601e-05
-4.37692
-47.6682
-56.8721
-84.6519
-71.4546
-47.2435
-78.7603
-108.783
-88.0406
-85.5607
-3.06461
-2.61106e-06
-2.61106e-06
-3.06461
-85.5607
-88.0406
-108.783
-78.7603
-47.2435
-71.4546
-84.6519
-56.8721
-47.6682
-4.37692
-1.52601e-05
-2.43618e-08
-2.96741
-71.0161
-36.5198
-30.0068
-14.4362
-14.3582
-20.4067
-20.196
-30.9212
-7.29182
-1.52203e-05
-4.6354e-08
-1.37645
-37.9088
-17.8392
-20.1425
-18.4405
-16.0647
-22.7133
-32.392
-54.4859
-0.208115
-1.15215e-09
-2.67426e-09
-0.240939
-33.9078
-78.8992
-111.64
-98.0768
-57.0503
-96.4208
-116.828
-97.0599
-55.8082
-0.459226
-4.76429e-09
-4.76429e-09
-0.459226
-55.8082
-97.0599
-116.828
-96.4208
-57.0503
-98.0768
-111.64
-78.8992
-33.9078
-0.240939
-2.67426e-09
-1.15215e-09
-0.208115
-54.4859
-32.392
-22.7133
-16.0647
-18.4405
-20.1425
-17.8392
-37.9088
-1.37645
-4.6354e-08
-2.04262e-09
-0.048604
-34.3109
-16.7514
-21.2766
-21.4177
-19.9839
-20.7127
-21.2766
-10.3253
-0.00166091
-1.03736e-09
-1.16648e-10
-0.002013
-4.65135
-68.2399
-112.085
-115.18
-89.2525
-104.204
-109.373
-89.4018
-18.0461
-0.0206499
-5.61553e-10
-5.61553e-10
-0.0206499
-18.0461
-89.4018
-109.373
-104.204
-89.2525
-115.18
-112.085
-68.2399
-4.65135
-0.002013
-1.16648e-10
-1.03736e-09
-0.00166091
-10.3253
-21.2766
-20.7127
-19.9839
-21.4177
-21.2766
-16.7514
-34.3109
-0.048604
-2.04262e-09
-1.86038e-09
-8.82021e-05
-2.47428
-37.9731
-18.5555
-23.9646
-25.6935
-24.8405
-19.56
-0.734883
-6.74128e-08
-1.1232e-09
-1.0529e-10
-1.05935e-07
-0.12149
-35.4899
-87.909
-98.6195
-68.7999
-95.4171
-84.5138
-65.6884
-1.37138
-6.82484e-05
-4.88321e-10
-4.88321e-10
-6.82484e-05
-1.37138
-65.6884
-84.5138
-95.4171
-68.7999
-98.6195
-87.909
-35.4899
-0.12149
-1.05935e-07
-1.0529e-10
-1.1232e-09
-6.74128e-08
-0.734883
-19.56
-24.8405
-25.6935
-23.9646
-18.5555
-37.9731
-2.47428
-8.82021e-05
-1.86038e-09
-1.2249e-09
-4.01389e-09
-0.0235943
-18.5168
-17.5255
-25.9276
-46.9361
-32.9677
-18.3007
-0.831102
-9.62848e-07
-1.54997e-09
-2.69576e-10
-1.21807e-09
-0.00103872
-3.28775
-52.4442
-83.571
-75.9672
-85.7102
-61.7397
-18.7067
-0.0338336
-3.56351e-09
-4.18587e-10
-4.18587e-10
-3.56351e-09
-0.0338336
-18.7067
-61.7397
-85.7102
-75.9672
-83.571
-52.4442
-3.28775
-0.00103872
-1.21807e-09
-2.69576e-10
-1.54997e-09
-9.62848e-07
-0.831102
-18.3007
-32.9677
-46.9361
-25.9276
-17.5255
-18.5168
-0.0235943
-4.01389e-09
-1.2249e-09
-6.01366e-10
-2.70598e-09
-2.42051e-06
-0.355998
-34.2797
-38.8333
-59.0192
-52.4832
-36.084
-9.76543
-0.00226817
-2.43634e-09
-6.68208e-10
-1.07232e-09
-2.04501e-08
-0.231199
-36.5362
-55.4292
-54.2245
-57.0423
-42.9131
-1.92984
-9.18706e-05
-3.28141e-09
-3.73999e-10
-3.73999e-10
-3.28141e-09
-9.18706e-05
-1.92984
-42.9131
-57.0423
-54.2245
-55.4292
-36.5362
-0.231199
-2.04501e-08
-1.07232e-09
-6.68208e-10
-2.43634e-09
-0.00226817
-9.76543
-36.084
-52.4832
-59.0192
-38.8333
-34.2797
-0.355998
-2.42051e-06
-2.70598e-09
-6.01366e-10
-5.55898e-10
-2.32759e-09
-4.43506e-09
-0.00201045
-3.0228
-22.7423
-46.8254
-71.2873
-41.7797
-31.2941
-0.166693
-6.35102e-08
-1.30827e-09
-1.12183e-09
-3.32741e-09
-0.118677
-30.5801
-39.0813
-65.892
-38.2892
-39.1524
-0.849938
-1.12505e-08
-3.27323e-09
-3.7698e-10
-3.7698e-10
-3.27323e-09
-1.12505e-08
-0.849938
-39.1524
-38.2892
-65.892
-39.0813
-30.5801
-0.118677
-3.32741e-09
-1.12183e-09
-1.30827e-09
-6.35102e-08
-0.166693
-31.2941
-41.7797
-71.2873
-46.8254
-22.7423
-3.0228
-0.00201045
-4.43506e-09
-2.32759e-09
-5.55898e-10
-1.34293e-09
-3.43905e-09
-5.17003e-06
-0.000380695
-0.315803
-21.0473
-43.5199
-73.678
-48.2257
-28.1868
-6.78463
-0.00113684
-2.21616e-09
-1.31285e-09
-2.96238e-09
-0.0877542
-26.4472
-38.4174
-76.6547
-38.7643
-35.5283
-1.10548
-9.29147e-09
-3.40018e-09
-4.16656e-10
-4.16656e-10
-3.40018e-09
-9.29147e-09
-1.10548
-35.5283
-38.7643
-76.6547
-38.4174
-26.4472
-0.0877542
-2.96238e-09
-1.31285e-09
-2.21616e-09
-0.00113684
-6.78463
-28.1868
-48.2257
-73.678
-43.5199
-21.0473
-0.315803
-0.000380695
-5.17003e-06
-3.43905e-09
-1.34293e-09
-2.48043e-09
-0.0447063
-3.89196
-13.0683
-16.1985
-17.6278
-37.2964
-51.8869
-66.0343
-41.5046
-28.7082
-0.536392
-1.80123e-05
-1.61708e-09
-2.59283e-09
-0.069955
-21.7232
-44.368
-87.3025
-43.4046
-31.9529
-1.33695
-9.71894e-09
-3.54218e-09
-4.70086e-10
-4.70086e-10
-3.54218e-09
-9.71894e-09
-1.33695
-31.9529
-43.4046
-87.3025
-44.368
-21.7232
-0.069955
-2.59283e-09
-1.61708e-09
-1.80123e-05
-0.536392
-28.7082
-41.5046
-66.0343
-51.8869
-37.2964
-17.6278
-16.1985
-13.0683
-3.89196
-0.0447063
-2.48043e-09
-1.44379e-06
-2.9919
-78.3874
-42.157
-35.2094
-31.83
-35.2417
-37.1064
-72.5579
-48.7166
-35.6481
-19.8075
-0.0132128
-3.10447e-09
-2.21862e-09
-0.151618
-19.1322
-50.339
-97.0537
-47.2866
-29.6041
-1.46125
-9.91994e-09
-3.62488e-09
-5.22639e-10
-5.22639e-10
-3.62488e-09
-9.91994e-09
-1.46125
-29.6041
-47.2866
-97.0537
-50.339
-19.1322
-0.151618
-2.21862e-09
-3.10447e-09
-0.0132128
-19.8075
-35.6481
-48.7166
-72.5579
-37.1064
-35.2417
-31.83
-35.2094
-42.157
-78.3874
-2.9919
-1.44379e-06
-6.55047e-06
-8.82878
-44.7562
-23.0296
-27.2569
-28.646
-35.7346
-33.1622
-67.8062
-81.027
-45.9443
-23.7148
-3.90724
-0.000252104
-1.1362e-08
-0.930512
-28.269
-54.7836
-101.209
-48.8462
-28.7296
-1.46044
-9.82416e-09
-3.61902e-09
-5.74955e-10
-5.74955e-10
-3.61902e-09
-9.82416e-09
-1.46044
-28.7296
-48.8462
-101.209
-54.7836
-28.269
-0.930512
-1.1362e-08
-0.000252104
-3.90724
-23.7148
-45.9443
-81.027
-67.8062
-33.1622
-35.7346
-28.646
-27.2569
-23.0296
-44.7562
-8.82878
-6.55047e-06
-1.60751e-06
-4.10383
-60.9562
-30.0949
-32.7272
-36.5587
-41.5504
-44.2652
-64.68
-81.9448
-86.3952
-44.7028
-17.0874
-0.86404
-9.90469e-05
-3.17795
-39.7423
-57.0362
-95.8546
-47.3025
-28.7268
-1.32755
-9.42855e-09
-3.52979e-09
-6.42882e-10
-6.42882e-10
-3.52979e-09
-9.42855e-09
-1.32755
-28.7268
-47.3025
-95.8546
-57.0362
-39.7423
-3.17795
-9.90469e-05
-0.86404
-17.0874
-44.7028
-86.3952
-81.9448
-64.68
-44.2652
-41.5504
-36.5587
-32.7272
-30.0949
-60.9562
-4.10383
-1.60751e-06
-5.20093e-09
-0.199185
-35.7293
-49.859
-34.3935
-25.6328
-22.106
-24.4438
-36.9225
-82.7988
-85.4952
-85.8133
-42.5409
-13.6204
-0.510635
-4.56231
-40.9491
-61.9102
-88.1444
-44.5312
-29.291
-1.08333
-8.77449e-09
-3.39236e-09
-7.59336e-10
-7.59336e-10
-3.39236e-09
-8.77449e-09
-1.08333
-29.291
-44.5312
-88.1444
-61.9102
-40.9491
-4.56231
-0.510635
-13.6204
-42.5409
-85.8133
-85.4952
-82.7988
-36.9225
-24.4438
-22.106
-25.6328
-34.3935
-49.859
-35.7293
-0.199185
-5.20093e-09
-8.29981e-10
-0.000124628
-0.0920882
-1.19649
-1.02194
-0.251217
-0.160392
-7.52533
-29.667
-49.8648
-87.2241
-84.5298
-80.9197
-39.3074
-16.6234
-10.0354
-40.4543
-68.1755
-82.242
-42.2271
-29.3111
-0.767139
-7.96314e-09
-3.2789e-09
-9.81397e-10
-9.81397e-10
-3.2789e-09
-7.96314e-09
-0.767139
-29.3111
-42.2271
-82.242
-68.1755
-40.4543
-10.0354
-16.6234
-39.3074
-80.9197
-84.5298
-87.2241
-49.8648
-29.667
-7.52533
-0.160392
-0.251217
-1.02194
-1.19649
-0.0920882
-0.000124628
-8.29981e-10
-3.85214e-10
-1.34881e-09
-1.73595e-09
-1.33871e-09
-1.09772e-09
-1.30639e-09
-2.18761e-07
-0.0706372
-24.1709
-38.1685
-59.2377
-83.3454
-81.0324
-71.5534
-43.1292
-25.8054
-35.5731
-64.6745
-77.5736
-41.1765
-27.8643
-0.47735
-7.18537e-09
-3.3084e-09
-1.39962e-09
-1.39962e-09
-3.3084e-09
-7.18537e-09
-0.47735
-27.8643
-41.1765
-77.5736
-64.6745
-35.5731
-25.8054
-43.1292
-71.5534
-81.0324
-83.3454
-59.2377
-38.1685
-24.1709
-0.0706372
-2.18761e-07
-1.30639e-09
-1.09772e-09
-1.33871e-09
-1.73595e-09
-1.34881e-09
-3.85214e-10
-1.64946e-09
-2.59228e-09
-2.90608e-08
-7.88662e-09
-8.26543e-10
-5.69769e-10
-1.05878e-09
-0.000109675
-0.548624
-19.7361
-37.6662
-76.4486
-80.1664
-73.71
-56.8824
-28.7589
-34.1772
-58.4932
-77.2968
-43.0173
-23.6207
-0.610562
-1.5865e-08
-3.63911e-09
-2.14319e-09
-2.14319e-09
-3.63911e-09
-1.5865e-08
-0.610562
-23.6207
-43.0173
-77.2968
-58.4932
-34.1772
-28.7589
-56.8824
-73.71
-80.1664
-76.4486
-37.6662
-19.7361
-0.548624
-0.000109675
-1.05878e-09
-5.69769e-10
-8.26543e-10
-7.88662e-09
-2.90608e-08
-2.59228e-09
-1.64946e-09
-3.46962e-07
-0.091719
-3.48077
-1.73587
-0.0209854
-2.14037e-06
-1.18286e-09
-1.41407e-09
-0.000109682
-0.965134
-22.6019
-47.4411
-84.3548
-75.2917
-65.3794
-53.0542
-52.0113
-65.5295
-83.3743
-49.882
-29.6361
-4.02892
-5.83892e-05
-4.4846e-09
-3.38201e-09
-3.38201e-09
-4.4846e-09
-5.83892e-05
-4.02892
-29.6361
-49.882
-83.3743
-65.5295
-52.0113
-53.0542
-65.3794
-75.2917
-84.3548
-47.4411
-22.6019
-0.965134
-0.000109682
-1.41407e-09
-1.18286e-09
-2.14037e-06
-0.0209854
-1.73587
-3.48077
-0.091719
-3.46962e-07
-7.7359e-05
-8.4012
-83.9045
-52.2205
-21.5514
-0.211932
-6.51721e-05
-2.08034e-09
-1.76609e-09
-0.00109668
-6.33485
-40.9279
-58.3231
-79.3077
-75.0004
-70.0493
-68.5184
-73.005
-80.4113
-56.4882
-39.2055
-17.7096
-0.00249442
-6.20613e-09
-5.30849e-09
-5.30849e-09
-6.20613e-09
-0.00249442
-17.7096
-39.2055
-56.4882
-80.4113
-73.005
-68.5184
-70.0493
-75.0004
-79.3077
-58.3231
-40.9279
-6.33485
-0.00109668
-1.76609e-09
-2.08034e-09
-6.51721e-05
-0.211932
-21.5514
-52.2205
-83.9045
-8.4012
-7.7359e-05
-0.000173931
-15.7976
-47.1402
-25.221
-29.9717
-25.0176
-1.27305
-0.256058
-0.360768
-0.524797
-2.9755
-17.3206
-34.6404
-74.1312
-87.9933
-87.7147
-82.9533
-79.2033
-77.406
-71.4349
-47.9337
-16.6308
-0.0466406
-5.91527e-05
-0.00012544
-0.00012544
-5.91527e-05
-0.0466406
-16.6308
-47.9337
-71.4349
-77.406
-79.2033
-82.9533
-87.7147
-87.9933
-74.1312
-34.6404
-17.3206
-2.9755
-0.524797
-0.360768
-0.256058
-1.27305
-25.0176
-29.9717
-25.221
-47.1402
-15.7976
-0.000173931
-2.38526e-05
-7.15749
-30.4373
-20.229
-21.4889
-18.3055
-18.6151
-20.3013
-23.0033
-26.1379
-29.2254
-29.3144
-17.9277
-63.4491
-127.892
-116.546
-99.9666
-84.5229
-71.072
-57.022
-39.0477
-10.5723
-0.441963
-1.98644
-8.70268
-8.70268
-1.98644
-0.441963
-10.5723
-39.0477
-57.022
-71.072
-84.5229
-99.9666
-116.546
-127.892
-63.4491
-17.9277
-29.3144
-29.2254
-26.1379
-23.0033
-20.3013
-18.6151
-18.3055
-21.4889
-20.229
-30.4373
-7.15749
-2.38526e-05
-2.47773e-06
-6.66837
-32.5335
-11.6156
-22.52
-32.0453
-61.683
-75.6773
-78.1992
-79.2953
-78.6244
-69.8438
-55.3463
-137.406
-46279.4
-17901
-8189.9
-6033.32
-4580.63
-3233.42
-1859.83
-743.819
-246.772
-91.3488
-10.1338
-10.1338
-91.3488
-246.772
-743.819
-1859.83
-3233.42
-4580.63
-6033.32
-8189.9
-17901
-46279.4
-137.406
-55.3463
-69.8438
-78.6244
-79.2953
-78.1992
-75.6773
-61.683
-32.0453
-22.52
-11.6156
-32.5335
-6.66837
-2.47773e-06
