-7.0186e-24
-4.92848e-23
-1.05112
-5.88573
-29.2327
-29.7691
-56.7811
-88.2587
-84.7507
-88.1989
-89.6151
-86.6845
-104.098
-291.36
-104896
-41500.7
-19463.7
-14215
-10218.1
-6113.56
-2437.19
-628.479
-315.188
-145.562
-0.818638
-0.81338
-145.506
-315.239
-628.981
-2443.09
-6133.02
-10253.7
-14266
-19533.6
-41647.8
-105268
-292.46
-104.579
-87.1718
-90.1506
-88.7497
-85.2973
-88.8367
-57.1493
-29.953
-29.4
-5.9157
-1.06372
-4.9499e-23
-7.04848e-24
-8.40337e-24
-3.25906e-23
-0.527825
-86.9361
-28.443
-7.24531
-22.6807
-35.5739
-31.4062
-35.08
-36.0866
-26.1513
-38.9721
-134.931
-290.575
-279.268
-245.113
-208.657
-175.084
-138.576
-40.6878
-1.75738
-0.81961
-37.1005
-0.0113647
-0.0113119
-37.3043
-0.819675
-1.75326
-40.8098
-139.098
-175.737
-209.44
-246.017
-280.259
-291.567
-135.378
-39.1195
-26.3053
-36.3031
-35.2996
-31.6114
-35.8162
-22.8365
-7.29379
-28.6444
-87.5047
-0.535092
-3.27712e-23
-8.4791e-24
-1.35623e-23
-3.01265e-23
-0.00043668
-1.86173
-1.35979
-0.0550562
-0.0779097
-0.0389718
-0.00106547
-0.000315289
-0.000959065
-2.43349
-59.7577
-156.022
-207.187
-219.902
-213.39
-207.234
-228.14
-147.247
-33.9187
-4.52234e-06
-3.62856e-09
-2.87182e-07
-1.21204e-09
-1.22644e-09
-2.90545e-07
-3.66718e-09
-4.36818e-06
-33.6339
-147.854
-229.057
-208.058
-214.215
-220.688
-207.847
-156.424
-59.8755
-2.44153
-0.000991376
-0.000329772
-0.00111148
-0.0402137
-0.0799596
-0.0563362
-1.38886
-1.8957
-0.000443816
-3.03502e-23
-1.37139e-23
-1.30228e-23
-1.97461e-23
-3.54941e-23
-3.92083e-23
-3.22712e-23
-2.27942e-23
-1.48871e-23
-9.68346e-24
-6.47899e-24
-4.67627e-24
-3.00043e-07
-25.4158
-142.953
-214.263
-193.945
-190.4
-186.632
-182.542
-176.303
-84.2833
-3.67014
-2.8296e-11
-1.80763e-23
-1.86516e-23
-1.59573e-23
-1.59549e-23
-1.86506e-23
-1.80808e-23
-2.66921e-11
-3.58876
-84.4539
-176.876
-183.325
-187.421
-191.106
-194.551
-214.846
-143.314
-25.3027
-2.93954e-07
-4.74583e-24
-6.6105e-24
-9.91759e-24
-1.52429e-23
-2.32392e-23
-3.27488e-23
-3.96383e-23
-3.58001e-23
-1.99207e-23
-1.31912e-23
-8.67033e-24
-1.1555e-23
-1.81072e-23
-2.0336e-23
-1.75462e-23
-1.25826e-23
-7.5427e-24
-4.70728e-24
-4.26479e-24
-1.93775e-09
-0.144202
-42.8977
-165.238
-175.013
-169.865
-164.513
-163.219
-162.482
-138.113
-46.9241
-0.0645014
-9.68998e-23
-1.33151e-23
-1.1597e-23
-1.00094e-23
-1.00082e-23
-1.15951e-23
-1.33143e-23
-8.86896e-23
-0.0628082
-46.874
-138.81
-163.411
-164.046
-165.156
-170.364
-175.405
-165.477
-42.8622
-0.143591
-1.9182e-09
-4.39817e-24
-4.92137e-24
-7.83233e-24
-1.28452e-23
-1.77758e-23
-2.05212e-23
-1.8242e-23
-1.16534e-23
-8.79474e-24
-4.08009e-24
-6.50209e-24
-1.08942e-23
-1.40649e-23
-1.54253e-23
-1.53537e-23
-1.00697e-23
-6.28619e-24
-1.30009e-15
-0.00101416
-51.9646
-121.837
-187.426
-164.216
-149.036
-138.26
-142.353
-174.894
-116.496
-70.996
-0.00605471
-1.81525e-23
-1.16453e-23
-7.81611e-24
-5.80818e-24
-5.80619e-24
-7.81079e-24
-1.16375e-23
-1.8143e-23
-0.00582368
-70.9839
-117.566
-176.575
-143.293
-138.799
-149.398
-164.54
-187.852
-122.143
-51.7931
-0.000989054
-1.15998e-15
-6.5345e-24
-1.02957e-23
-1.52068e-23
-1.53115e-23
-1.40116e-23
-1.08825e-23
-6.51989e-24
-4.13531e-24
-1.31184e-24
-4.2548e-24
-8.93223e-24
-1.48476e-23
-2.34081e-23
-1.59796e-05
-0.14803
-0.213062
-0.0263362
-8.77452
-83.6711
-177.868
-165.383
-148.654
-128.31
-105.208
-104.454
-157.623
-98.651
-40.878
-0.000575649
-1.98418e-23
-1.11722e-23
-5.77804e-24
-3.12076e-24
-3.11724e-24
-5.76742e-24
-1.11531e-23
-1.98067e-23
-0.000546822
-40.8664
-99.3132
-158.94
-105.285
-105.443
-128.426
-148.791
-165.544
-177.989
-83.5059
-8.8226
-0.0271908
-0.169906
-0.0866235
-6.74112e-06
-2.27176e-23
-1.45466e-23
-8.80084e-24
-4.21117e-24
-1.31348e-24
-9.29254e-25
-4.10634e-24
-9.4808e-24
-1.77886e-23
-3.26238e-23
-0.159236
-121.155
-40.952
-28.0769
-74.1205
-142.139
-156.582
-153.345
-140.401
-117.669
-52.1733
-61.5846
-137.915
-108.35
-49.9579
-0.00140768
-2.13843e-23
-1.13435e-23
-4.8056e-24
-1.55263e-24
-1.5475e-24
-4.79041e-24
-1.13182e-23
-2.13463e-23
-0.00136207
-49.9764
-109.66
-139.785
-62.5123
-52.1621
-117.499
-140.388
-153.388
-156.594
-141.93
-74.0406
-28.9394
-40.3917
-161.091
-0.0817976
-3.15926e-23
-1.73686e-23
-9.30602e-24
-4.0475e-24
-9.2435e-25
-2.85054e-24
-5.4719e-24
-1.07658e-23
-1.86328e-23
-3.2113e-23
-0.0975933
-56.8235
-26.495
-34.4196
-96.529
-130.525
-146.738
-152.42
-145.194
-65.5028
-11.9016
-43.0842
-132.71
-119.435
-40.3578
-0.0359978
-2.2841e-23
-1.20391e-23
-4.58745e-24
-7.84844e-25
-7.7797e-25
-4.568e-24
-1.20111e-23
-2.28137e-23
-0.0358168
-41.1464
-120.972
-134.82
-43.7754
-11.9577
-65.4424
-145.17
-152.445
-146.756
-130.472
-96.2249
-34.2231
-25.3993
-64.6097
-0.0601357
-3.13955e-23
-1.83507e-23
-1.06615e-23
-5.45737e-24
-2.89716e-24
-6.92858e-24
-8.4802e-24
-1.31016e-23
-1.8227e-23
-2.51379e-23
-4.12732e-06
-3.6599
-18.9813
-36.4915
-93.0037
-125.463
-149.029
-165.509
-80.0582
-3.50133
-0.00163016
-20.9688
-118.845
-164.589
-61.1604
-0.369412
-1.29189e-17
-1.34841e-23
-5.00216e-24
-5.75939e-25
-5.66568e-25
-4.97594e-24
-1.34477e-23
-1.17364e-17
-0.367589
-61.8663
-166.879
-120.631
-21.0261
-0.00161479
-3.51167
-80.0796
-165.58
-149.123
-125.574
-93.1576
-36.4213
-17.7605
-3.82411
-3.56172e-06
-2.50386e-23
-1.82112e-23
-1.31372e-23
-8.55227e-24
-7.07043e-24
-1.26864e-23
-1.40443e-23
-1.85703e-23
-2.04616e-23
-2.17407e-23
-3.09548e-16
-0.0269422
-34.0243
-82.0906
-130.884
-136.126
-164.097
-104.736
-23.7037
-1.62752e-05
-1.11849e-14
-0.391453
-67.0655
-145.817
-75.5301
-16.0508
-6.7614e-08
-1.65715e-23
-5.99346e-24
-7.07343e-25
-6.94222e-25
-5.95583e-24
-1.65167e-23
-6.66298e-08
-15.7725
-76.5247
-147.808
-67.9136
-0.381835
-9.61906e-15
-1.65033e-05
-23.7922
-104.811
-164.278
-136.358
-131.268
-82.4287
-34.4096
-0.0279387
-3.68045e-16
-2.20012e-23
-2.06653e-23
-1.87508e-23
-1.4218e-23
-1.2937e-23
-1.81755e-23
-2.44553e-23
-3.08584e-23
-2.83795e-23
-2.23968e-13
-0.00174605
-25.7543
-38.1577
-100.291
-110.029
-129.513
-103.43
-56.3298
-0.0353598
-1.83657e-13
-4.04975e-24
-0.00839141
-40.1027
-138.807
-95.5492
-54.2527
-0.000911565
-2.02019e-23
-7.10548e-24
-9.29869e-25
-9.11896e-25
-7.05148e-24
-2.01292e-23
-0.000890252
-54.7818
-97.1412
-141.131
-41.2274
-0.00833471
-4.06103e-24
-1.86312e-13
-0.0355619
-56.4184
-103.6
-129.762
-110.3
-100.605
-38.2745
-26.5821
-0.0018199
-2.25559e-13
-2.87154e-23
-3.11625e-23
-2.47379e-23
-1.85085e-23
-1.86044e-23
-3.1768e-05
-0.60488
-4.47583
-6.93892
-35.2273
-36.8416
-56.3658
-72.942
-88.8488
-120.517
-78.8475
-14.4407
-2.02846e-07
-4.44124e-24
-5.0958e-24
-6.54282e-05
-45.0499
-116.19
-125.158
-57.5666
-0.0184545
-7.38793e-22
-7.69996e-24
-1.07305e-24
-1.05026e-24
-7.61919e-24
-9.36212e-22
-0.0179525
-58.7864
-127.52
-118.815
-45.5487
-6.44181e-05
-5.11448e-24
-4.47611e-24
-2.03793e-07
-14.5233
-78.9927
-120.751
-89.0429
-73.125
-56.5204
-36.9385
-35.568
-7.2781
-4.68137
-0.616894
-3.19811e-05
-1.89321e-23
-8.59496e-24
-0.304341
-69.1816
-48.2717
-26.4944
-40.0055
-36.3427
-36.0863
-50.6243
-63.1468
-76.4618
-41.9162
-5.3165
-1.04422e-17
-4.00754e-24
-5.22269e-24
-3.6392e-10
-5.01615
-59.7746
-94.841
-70.5594
-0.790797
-6.47848e-11
-7.98156e-24
-1.17054e-24
-1.14848e-24
-7.82715e-24
-7.09745e-11
-0.798619
-72.7144
-96.6367
-61.4201
-5.17421
-3.34904e-10
-5.25418e-24
-4.05093e-24
-1.04754e-17
-5.35434
-41.9955
-76.6042
-63.2657
-50.7287
-36.1809
-36.4684
-40.2176
-26.7024
-48.7066
-68.7724
-0.337614
-8.73439e-24
-8.77705e-24
-0.269757
-87.5596
-47.0851
-25.247
-63.3998
-28.8989
-21.6065
-39.1257
-45.4582
-52.9391
-29.1301
-6.91012
-9.82931e-24
-4.23302e-24
-4.78902e-24
-3.52593e-16
-0.100225
-249.33
-126.117
-398.152
-37.9306
-4.70689e-05
-1.63748e-17
-1.33269e-24
-1.35358e-24
-9.11954e-18
-3.73677e-05
-39.8474
-416.333
-132.408
-259.059
-0.10703
-2.68976e-16
-4.83589e-24
-4.2949e-24
-9.91906e-24
-6.92648
-29.1846
-53.0299
-45.5231
-39.1755
-21.6516
-29.0205
-63.7606
-25.3754
-47.3734
-76.5401
-0.313918
-8.78062e-24
-1.91215e-23
-1.97758e-05
-0.333276
-2.46345
-14.1515
-21.6311
-11.2629
-21.5248
-36.839
-32.0934
-38.773
-22.5702
-1.34449
-1.31138e-23
-5.48193e-24
-5.15003e-24
-1.66287e-07
-1.37254
-129.643
-283.528
-433.407
-197.161
-3.00607
-0.00380189
-6.18718e-09
-1.29504e-08
-0.00327743
-2.33789
-204.734
-445.469
-290.457
-131.311
-1.50914
-1.86301e-07
-5.21938e-24
-5.57834e-24
-1.32482e-23
-1.34413
-22.6161
-38.8408
-32.1186
-36.814
-21.5263
-11.2072
-21.6191
-14.4084
-2.69421
-0.390161
-2.43736e-05
-1.91994e-23
-1.98543e-23
-2.57387e-23
-3.09175e-23
-2.65538e-23
-1.18882e-09
-0.0641148
-88.2734
-45.5505
-43.7743
-15.1633
-29.2913
-22.3559
-0.893704
-1.02504e-13
-8.20871e-24
-6.83197e-24
-0.0024124
-154.43
-276.185
-175.106
-176.861
-219
-214.042
-76.225
-0.00207631
-0.00647756
-93.3771
-248.975
-231.407
-183.301
-175.868
-271.726
-149.997
-0.00183208
-6.96257e-24
-8.36726e-24
-9.85289e-14
-0.892175
-22.4157
-29.3578
-15.1745
-43.7692
-45.5433
-88.2879
-0.0641546
-1.18915e-09
-2.65137e-23
-3.09567e-23
-2.58412e-23
-1.99488e-23
-1.63461e-23
-1.73647e-23
-2.19505e-23
-1.17598e-19
-7.1677e-05
-14.4155
-278.601
-441.93
-236.236
-99.6075
-404.668
-211.606
-18.6057
-6.14374e-05
-1.20438e-21
-1.16916e-23
-0.00849217
-175.795
-345.72
-103.778
-290.553
-226.993
-148.218
-268.201
-0.0456242
-0.192866
-235.078
-167.681
-224.294
-290.015
-104.084
-339.692
-169.604
-0.00492542
-1.19668e-23
-1.16126e-21
-6.10125e-05
-18.6011
-212.169
-405.977
-99.7181
-236.268
-441.821
-278.536
-14.4336
-7.09788e-05
-1.15843e-19
-2.19527e-23
-1.7408e-23
-1.64218e-23
-1.30667e-23
-1.47518e-23
-2.24127e-23
-1.99448e-08
-0.175162
-249.607
-367.084
-246.552
-128.52
-115.245
-546.229
-294.388
-406.424
-0.250732
-1.3341e-08
-2.09831e-23
-4.44324e-06
-0.113601
-0.415565
-0.00701533
-0.00121988
-0.00669518
-0.17979
-0.1059
-4.80162e-05
-0.000310179
-0.473185
-0.407347
-0.00519791
-0.0011825
-0.00749445
-0.327184
-0.068599
-2.07982e-06
-2.0981e-23
-1.30906e-08
-0.249151
-408.006
-295.267
-547.484
-115.357
-128.5
-246.481
-366.968
-249.498
-0.173677
-1.96933e-08
-2.2396e-23
-1.47711e-23
-1.31201e-23
-1.15284e-23
-1.5541e-23
-2.96235e-23
-3.27167e-05
-157.307
-252.603
-274.986
-201.541
-0.192817
-20.0066
-270.543
-500.677
-151.195
-164.184
-0.00297263
-3.15687e-23
-3.83397e-23
-3.5737e-20
-4.83862e-19
-8.38822e-20
-6.17623e-22
-4.92416e-20
-1.76955e-19
-1.27326e-20
-7.65132e-23
-7.84619e-23
-5.8919e-21
-7.49756e-20
-2.06963e-20
-3.64903e-22
-1.42198e-19
-9.40232e-19
-7.74208e-20
-3.7839e-23
-3.15772e-23
-0.00297294
-164.941
-151.681
-501.964
-271.307
-19.9487
-0.191505
-201.524
-274.91
-252.522
-157.193
-3.24889e-05
-2.95989e-23
-1.55496e-23
-1.15658e-23
-1.13142e-23
-1.74435e-23
-3.7783e-23
-0.00335188
-136.839
-209.091
-178.139
-0.0309865
-1.21487e-06
-0.0101923
-57.8835
-171.524
-178.13
-382.577
-0.0354058
-3.03198e-22
-3.81641e-23
-4.42772e-23
-5.517e-23
-6.51704e-23
-7.15239e-23
-7.39747e-23
-7.168e-23
-6.47939e-23
-5.84735e-23
-5.90595e-23
-6.58472e-23
-7.22522e-23
-7.4018e-23
-7.13327e-23
-6.488e-23
-5.47882e-23
-4.38594e-23
-3.79022e-23
-3.06426e-22
-0.0355826
-384.045
-178.652
-171.715
-57.7917
-0.0101899
-1.20886e-06
-0.0309042
-178.132
-209.041
-136.808
-0.00334148
-3.77627e-23
-1.74491e-23
-1.13416e-23
-1.08205e-23
-1.75938e-23
-3.99543e-23
-0.00276767
-312.006
-165.64
-0.0109613
-8.97745e-09
-4.7284e-23
-2.59911e-08
-0.000345624
-0.00296001
-0.0292488
-0.0619584
-4.12663e-05
-4.58761e-23
-3.3779e-23
-3.219e-23
-3.51361e-23
-3.90996e-23
-4.20734e-23
-4.32654e-23
-4.23897e-23
-3.99478e-23
-3.78482e-23
-3.80332e-23
-4.03157e-23
-4.26454e-23
-4.33258e-23
-4.19933e-23
-3.89328e-23
-3.49149e-23
-3.19637e-23
-3.36245e-23
-4.5838e-23
-4.1687e-05
-0.0624284
-0.0293389
-0.00294795
-0.000345286
-2.61458e-08
-4.73757e-23
-8.96349e-09
-0.0109458
-165.65
-311.96
-0.00276186
-3.99445e-23
-1.75994e-23
-1.08405e-23
-8.37225e-24
-1.3957e-23
-3.11842e-23
-1.36656e-06
-0.00286547
-0.000576666
-5.83544e-09
-3.11528e-23
-2.47709e-23
-2.51609e-23
-3.15179e-23
-1.24218e-22
-1.93724e-20
-2.7141e-20
-4.02399e-22
-3.11863e-23
-2.36393e-23
-2.05296e-23
-2.01354e-23
-2.09035e-23
-2.17343e-23
-2.20447e-23
-2.16477e-23
-2.07701e-23
-2.0062e-23
-2.01204e-23
-2.08934e-23
-2.17444e-23
-2.20711e-23
-2.16938e-23
-2.08142e-23
-2.00184e-23
-2.04133e-23
-2.35551e-23
-3.11508e-23
-4.14528e-22
-2.78711e-20
-1.98287e-20
-1.26384e-22
-3.15162e-23
-2.51643e-23
-2.47803e-23
-3.11668e-23
-5.83004e-09
-0.00057593
-0.00286084
-1.36409e-06
-3.1183e-23
-1.39622e-23
-8.38575e-24
-4.28963e-24
-7.9274e-24
-1.55647e-23
-2.43221e-23
-2.495e-23
-2.09785e-23
-1.66522e-23
-1.27617e-23
-1.08223e-23
-1.08246e-23
-1.26891e-23
-1.602e-23
-1.98089e-23
-2.20471e-23
-2.09236e-23
-1.71879e-23
-1.3519e-23
-1.09803e-23
-9.5996e-24
-8.98673e-24
-8.7074e-24
-8.45988e-24
-8.11274e-24
-7.70929e-24
-7.43214e-24
-7.44885e-24
-7.74538e-24
-8.14123e-24
-8.46387e-24
-8.68442e-24
-8.94267e-24
-9.54489e-24
-1.09285e-23
-1.34828e-23
-1.71729e-23
-2.09254e-23
-2.20547e-23
-1.98136e-23
-1.60204e-23
-1.26888e-23
-1.0826e-23
-1.08257e-23
-1.27661e-23
-1.66564e-23
-2.09807e-23
-2.49498e-23
-2.43206e-23
-1.55655e-23
-7.9307e-24
-4.2971e-24
-1.18754e-24
-3.86268e-24
-6.9591e-24
-7.88384e-24
-5.17451e-24
-2.4506e-24
-1.8651e-24
-2.01215e-24
-2.14049e-24
-2.34891e-24
-2.96652e-24
-4.35979e-24
-6.67367e-24
-9.10511e-24
-1.01974e-23
-9.39932e-24
-7.55586e-24
-5.62031e-24
-4.07768e-24
-3.00056e-24
-2.27369e-24
-1.75817e-24
-1.36256e-24
-1.06323e-24
-8.93835e-25
-8.96078e-25
-1.06708e-24
-1.36249e-24
-1.75084e-24
-2.25925e-24
-2.98176e-24
-4.05893e-24
-5.60684e-24
-7.55191e-24
-9.40574e-24
-1.02108e-23
-9.11947e-24
-6.68442e-24
-4.36622e-24
-2.97056e-24
-2.35208e-24
-2.14316e-24
-2.0139e-24
-1.86531e-24
-2.44924e-24
-5.17265e-24
-7.88266e-24
-6.95912e-24
-3.86366e-24
-1.18984e-24
-1.19194e-24
-3.86505e-24
-6.96082e-24
-7.8852e-24
-5.17587e-24
-2.45147e-24
-1.86518e-24
-2.01138e-24
-2.13871e-24
-2.34571e-24
-2.96128e-24
-4.35207e-24
-6.6637e-24
-9.09345e-24
-1.01842e-23
-9.38355e-24
-7.5361e-24
-5.59555e-24
-4.0471e-24
-2.96225e-24
-2.22394e-24
-1.69215e-24
-1.27601e-24
-9.54806e-25
-7.67608e-25
-7.62624e-25
-9.41292e-25
-1.25778e-24
-1.67396e-24
-2.21001e-24
-2.95549e-24
-4.04898e-24
-5.60631e-24
-7.55502e-24
-9.40905e-24
-1.02134e-23
-9.12202e-24
-6.68727e-24
-4.36904e-24
-2.97315e-24
-2.35444e-24
-2.14545e-24
-2.01633e-24
-1.86802e-24
-2.45214e-24
-5.1754e-24
-7.88485e-24
-6.96036e-24
-3.86408e-24
-1.18971e-24
-4.30317e-24
-7.93411e-24
-1.55683e-23
-2.43233e-23
-2.49528e-23
-2.09814e-23
-1.66535e-23
-1.27607e-23
-1.08183e-23
-1.08162e-23
-1.26746e-23
-1.59985e-23
-1.97821e-23
-2.20167e-23
-2.08892e-23
-1.71448e-23
-1.34622e-23
-1.09084e-23
-9.51295e-24
-8.88093e-24
-8.56997e-24
-8.27259e-24
-7.85726e-24
-7.37589e-24
-7.03093e-24
-7.01671e-24
-7.33911e-24
-7.81174e-24
-8.23233e-24
-8.54479e-24
-8.87568e-24
-9.52759e-24
-1.09385e-23
-1.35014e-23
-1.71887e-23
-2.09354e-23
-2.20633e-23
-1.98232e-23
-1.60295e-23
-1.26969e-23
-1.0833e-23
-1.08323e-23
-1.27732e-23
-1.66649e-23
-2.09904e-23
-2.49597e-23
-2.43288e-23
-1.55697e-23
-7.93181e-24
-4.29619e-24
-8.3956e-24
-1.39666e-23
-3.11834e-23
-1.36105e-06
-0.00285441
-0.000574634
-5.81776e-09
-3.11552e-23
-2.47682e-23
-2.51505e-23
-3.14968e-23
-1.26936e-22
-1.98753e-20
-2.78978e-20
-4.14258e-22
-3.11293e-23
-2.35499e-23
-2.04137e-23
-2.00067e-23
-2.07605e-23
-2.15513e-23
-2.17781e-23
-2.12457e-23
-2.01922e-23
-1.93125e-23
-1.92781e-23
-2.01055e-23
-2.11431e-23
-2.16903e-23
-2.1496e-23
-2.07457e-23
-2.0032e-23
-2.04677e-23
-2.36145e-23
-3.11929e-23
-4.36591e-22
-2.92546e-20
-2.07536e-20
-1.3157e-22
-3.15306e-23
-2.51752e-23
-2.479e-23
-3.11775e-23
-5.82952e-09
-0.000575931
-0.00286101
-1.36422e-06
-3.11914e-23
-1.39636e-23
-8.3827e-24
-1.08541e-23
-1.76033e-23
-3.99382e-23
-0.00275495
-311.898
-165.624
-0.0109176
-8.94611e-09
-4.76371e-23
-2.61052e-08
-0.000346657
-0.00295832
-0.0293166
-0.0623064
-4.15971e-05
-4.58325e-23
-3.36544e-23
-3.20205e-23
-3.49859e-23
-3.89823e-23
-4.19407e-23
-4.30271e-23
-4.1922e-23
-3.91196e-23
-3.66131e-23
-3.653e-23
-3.89177e-23
-4.16998e-23
-4.28472e-23
-4.18252e-23
-3.89421e-23
-3.50243e-23
-3.21154e-23
-3.37578e-23
-4.59145e-23
-4.2756e-05
-0.0638265
-0.0298844
-0.00295587
-0.000345015
-2.60666e-08
-4.70425e-23
-8.95809e-09
-0.010944
-165.697
-312.063
-0.00276234
-3.99575e-23
-1.76005e-23
-1.08338e-23
-1.13597e-23
-1.74522e-23
-3.77486e-23
-0.00332993
-136.769
-208.976
-178.079
-0.0308104
-1.21232e-06
-0.010199
-57.7868
-171.684
-178.503
-383.711
-0.0354662
-3.04191e-22
-3.79737e-23
-4.40067e-23
-5.50321e-23
-6.52065e-23
-7.1641e-23
-7.40175e-23
-7.13975e-23
-6.38225e-23
-5.65646e-23
-5.63585e-23
-6.33454e-23
-7.09365e-23
-7.368e-23
-7.14194e-23
-6.51073e-23
-5.50819e-23
-4.41786e-23
-3.81385e-23
-3.19732e-22
-0.0362575
-384.022
-178.55
-171.782
-57.7911
-0.0101869
-1.20748e-06
-0.0308664
-178.188
-209.119
-136.857
-0.00334316
-3.77793e-23
-1.74492e-23
-1.13302e-23
-1.15905e-23
-1.5554e-23
-2.9581e-23
-3.24301e-05
-157.104
-252.425
-274.804
-201.443
-0.191337
-20.0397
-270.944
-501.412
-151.479
-164.708
-0.00295872
-3.1594e-23
-3.79453e-23
-7.24541e-20
-8.8431e-19
-1.33338e-19
-3.38292e-22
-1.70546e-19
-1.44613e-18
-2.18946e-19
-8.85031e-23
-7.33562e-23
-2.04689e-20
-1.93125e-19
-3.71678e-20
-3.20363e-22
-8.98531e-20
-5.47352e-19
-4.21232e-20
-3.82356e-23
-3.16677e-23
-0.00300702
-164.507
-151.482
-501.433
-271.134
-19.9754
-0.190826
-201.573
-275.015
-252.628
-157.286
-3.25485e-05
-2.96155e-23
-1.5547e-23
-1.15482e-23
-1.3156e-23
-1.47815e-23
-2.23818e-23
-1.97858e-08
-0.173168
-249.379
-366.813
-246.383
-128.454
-115.354
-547.108
-294.897
-407.479
-0.247223
-1.29925e-08
-2.10066e-23
-2.15522e-06
-0.0701039
-0.330227
-0.00741126
-0.00120582
-0.00816471
-0.127043
-0.0480542
-1.4943e-05
-5.17533e-05
-0.10372
-0.163939
-0.00572135
-0.00114034
-0.00686533
-0.378953
-0.0979285
-3.71127e-06
-2.10529e-23
-1.30519e-08
-0.249599
-407.573
-294.94
-547.124
-115.309
-128.497
-246.532
-367.118
-249.636
-0.174018
-1.97676e-08
-2.2406e-23
-1.47618e-23
-1.30935e-23
-1.6475e-23
-1.74316e-23
-2.19472e-23
-1.16993e-19
-7.05062e-05
-14.4301
-278.407
-441.665
-236.176
-99.6696
-405.6
-211.943
-18.6266
-6.05705e-05
-1.14394e-21
-1.20033e-23
-0.00507028
-169.847
-342.281
-105.541
-294.603
-232.721
-149.486
-278.371
-0.0151065
-0.0459847
-270.707
-146.119
-233.796
-293.554
-104.379
-343.007
-174.704
-0.00733671
-1.18488e-23
-1.16913e-21
-6.12619e-05
-18.518
-211.927
-405.936
-99.6603
-236.236
-441.648
-278.74
-14.5064
-7.11033e-05
-1.16093e-19
-2.19499e-23
-1.73851e-23
-1.63836e-23
-2.00216e-23
-2.58946e-23
-3.09683e-23
-2.64713e-23
-1.13585e-09
-0.063811
-88.2326
-45.5321
-43.7532
-15.1656
-29.3305
-22.392
-0.887177
-9.90163e-14
-8.33107e-24
-6.98693e-24
-0.00188674
-149.982
-270.924
-175.051
-178.033
-221.459
-212.512
-55.1318
-0.000950964
-0.00245824
-72.7306
-208.209
-219.381
-178.369
-175.648
-276.029
-153.422
-0.0021884
-6.8871e-24
-8.29236e-24
-9.8532e-14
-0.885951
-22.3916
-29.3268
-15.1604
-43.7185
-45.4975
-88.5458
-0.0645307
-1.12148e-09
-2.65071e-23
-3.09358e-23
-2.57868e-23
-1.99018e-23
-1.92748e-23
-2.77773e-05
-0.433579
-2.83648
-14.2023
-21.577
-11.1891
-21.5176
-36.7815
-32.0888
-38.7994
-22.5897
-1.33508
-1.31824e-23
-5.54161e-24
-5.22592e-24
-1.91926e-07
-1.56468
-128.202
-282.3
-439.855
-200.807
-2.54605
-0.00245438
-5.41226e-09
-7.40242e-09
-0.00302859
-2.28748
-196.15
-431.962
-287.088
-131.095
-1.38157
-1.6084e-07
-5.17901e-24
-5.53431e-24
-1.31932e-23
-1.33383
-22.5854
-38.79
-32.076
-36.754
-21.539
-11.1664
-21.5978
-13.7696
-2.44456
-0.348428
-2.18902e-05
-1.91624e-23
-8.80086e-24
-0.355896
-70.3484
-47.4859
-25.3379
-63.6202
-28.9774
-21.64
-39.1423
-45.4721
-52.9615
-29.1443
-6.89539
-9.86403e-24
-4.26184e-24
-4.83128e-24
-3.56578e-16
-0.112227
-242.031
-119.714
-389.708
-38.4065
-4.10783e-05
-1.23998e-17
-1.3182e-24
-1.30966e-24
-1.36038e-17
-3.7417e-05
-40.0843
-413.775
-131.693
-259.6
-0.101199
-2.53346e-16
-4.81062e-24
-4.26861e-24
-9.8846e-24
-6.89522
-29.1376
-52.9474
-45.4599
-39.1424
-21.6551
-28.9111
-63.4051
-25.2465
-46.7245
-81.7844
-0.293221
-8.77632e-24
-8.72328e-24
-0.380842
-68.2823
-48.6825
-26.6776
-40.1373
-36.4241
-36.1474
-50.6681
-63.1764
-76.481
-41.925
-5.34805
-1.00499e-17
-4.02165e-24
-5.25118e-24
-3.88594e-10
-5.39498
-59.2691
-95.239
-69.6274
-0.840835
-5.65242e-11
-8.27776e-24
-1.14612e-24
-1.12361e-24
-8.17135e-24
-6.27276e-11
-0.762039
-72.2276
-95.3918
-61.1317
-4.98828
-3.25918e-10
-5.23583e-24
-4.03341e-24
-1.00185e-17
-5.34472
-41.9151
-76.4585
-63.1511
-50.6432
-36.1178
-36.3316
-40.01
-26.655
-48.26
-71.4011
-0.327416
-8.61671e-24
-1.88547e-23
-3.5673e-05
-0.655151
-4.74077
-7.08691
-35.2301
-36.922
-56.4744
-73.0107
-88.8907
-120.504
-78.7471
-14.4614
-1.99219e-07
-4.44471e-24
-5.10932e-24
-6.78432e-05
-45.3179
-115.387
-124.988
-57.12
-0.0194746
-9.38862e-22
-7.84455e-24
-1.05491e-24
-1.03538e-24
-7.78193e-24
-7.96755e-22
-0.0176742
-58.349
-126.379
-118.081
-45.1593
-6.31464e-05
-5.10493e-24
-4.46312e-24
-2.00931e-07
-14.4884
-78.7663
-120.473
-88.841
-72.9529
-56.4091
-36.8354
-34.9718
-7.03232
-4.62556
-0.626589
-3.35407e-05
-1.86141e-23
-1.8398e-23
-2.46023e-23
-3.09371e-23
-2.84571e-23
-2.15637e-13
-0.00174122
-26.0974
-38.2741
-100.337
-110.097
-129.672
-103.424
-56.4949
-0.0349342
-1.83415e-13
-4.04833e-24
-0.00862746
-39.2779
-139.15
-95.6444
-54.3732
-0.000926068
-2.03955e-23
-7.18064e-24
-9.19608e-25
-9.04648e-25
-7.13601e-24
-2.03279e-23
-0.000873379
-54.8651
-96.327
-139.785
-41.3203
-0.00821605
-4.06008e-24
-1.79139e-13
-0.0351531
-56.4149
-103.394
-129.555
-110.007
-100.243
-38.2411
-26.0276
-0.00176998
-2.26804e-13
-2.83341e-23
-3.0802e-23
-2.4426e-23
-1.81687e-23
-1.28414e-23
-1.41325e-23
-1.86321e-23
-2.05223e-23
-2.18325e-23
-2.97644e-16
-0.0300236
-34.287
-82.0156
-130.868
-136.177
-164.127
-104.666
-23.6483
-1.6206e-05
-1.14595e-14
-0.40196
-67.5267
-146.437
-75.8126
-16.1899
-6.6034e-08
-1.66797e-23
-6.03599e-24
-7.05566e-25
-6.94953e-25
-6.00533e-24
-1.66324e-23
-6.5354e-08
-15.7011
-75.7444
-146.298
-67.1463
-0.377192
-9.76535e-15
-1.62594e-05
-23.7187
-104.682
-164.078
-136.094
-130.748
-81.9236
-34.0817
-0.0296907
-3.78454e-16
-2.17406e-23
-2.04469e-23
-1.85492e-23
-1.40296e-23
-1.2676e-23
-7.01607e-24
-8.52007e-24
-1.31154e-23
-1.82192e-23
-2.51173e-23
-4.95032e-06
-4.2244
-19.3694
-36.5674
-93.1377
-125.486
-149.008
-165.426
-79.9995
-3.49783
-0.00164621
-21.2685
-119.139
-165.086
-61.4632
-0.373862
-1.31573e-17
-1.3547e-23
-5.03058e-24
-5.81265e-25
-5.74117e-25
-5.01097e-24
-1.35218e-23
-1.21346e-17
-0.366196
-61.2419
-165.412
-119.613
-20.7355
-0.00160587
-3.50831
-80.0484
-165.479
-149.006
-125.442
-93.0825
-36.4874
-19.4188
-4.03813
-4.50342e-06
-2.51545e-23
-1.82321e-23
-1.30985e-23
-8.4753e-24
-6.92215e-24
-2.88372e-24
-5.47063e-24
-1.07233e-23
-1.85207e-23
-3.18467e-23
-0.0686223
-51.5507
-25.5432
-34.3995
-96.5807
-130.413
-146.665
-152.346
-145.107
-65.4548
-11.8908
-43.2558
-132.949
-119.879
-40.1079
-0.0361811
-2.28997e-23
-1.2081e-23
-4.60969e-24
-7.94825e-25
-7.89897e-25
-4.59626e-24
-1.2064e-23
-2.28917e-23
-0.0357166
-41.0554
-119.922
-133.755
-43.3427
-11.9505
-65.5066
-145.208
-152.429
-146.71
-130.39
-96.6258
-34.1394
-26.3409
-57.3699
-0.0812489
-3.21674e-23
-1.86563e-23
-1.07746e-23
-5.47389e-24
-2.84922e-24
-9.29822e-25
-4.08042e-24
-9.40285e-24
-1.76067e-23
-3.21956e-23
-0.0824657
-147.213
-39.5371
-28.3112
-73.5892
-142.254
-156.495
-153.291
-140.34
-117.573
-52.1471
-61.8113
-138.303
-108.753
-50.2933
-0.00140672
-2.14286e-23
-1.13744e-23
-4.82468e-24
-1.56515e-24
-1.56159e-24
-4.81432e-24
-1.13575e-23
-2.14031e-23
-0.0013691
-49.6227
-108.777
-138.7
-61.939
-52.2044
-117.675
-140.459
-153.421
-156.632
-142.508
-73.7231
-28.3273
-41.7231
-115.005
-0.112436
-3.27089e-23
-1.78241e-23
-9.49547e-24
-4.11135e-24
-9.30228e-25
-1.30644e-24
-4.22921e-24
-8.86454e-24
-1.46998e-23
-2.30718e-23
-5.69978e-06
-0.0698962
-0.145445
-0.0270875
-8.88723
-83.8251
-177.943
-165.401
-148.654
-128.308
-105.247
-104.679
-158.076
-98.9818
-40.9854
-0.000566009
-1.98742e-23
-1.11957e-23
-5.79491e-24
-3.13431e-24
-3.13197e-24
-5.78784e-24
-1.11826e-23
-1.98473e-23
-0.000557797
-40.7901
-98.7218
-158.008
-104.771
-105.349
-128.427
-148.8
-165.59
-178.198
-83.9312
-8.68429
-0.0275226
-0.176049
-0.101843
-9.33666e-06
-2.3473e-23
-1.4874e-23
-8.94276e-24
-4.25758e-24
-1.31045e-24
-4.09134e-24
-6.49812e-24
-1.08727e-23
-1.40199e-23
-1.53467e-23
-1.52488e-23
-1.01431e-23
-6.40368e-24
-1.16506e-15
-0.00101521
-52.0659
-121.882
-187.483
-164.277
-149.114
-138.388
-142.578
-175.228
-116.742
-71.1892
-0.00596069
-1.81735e-23
-1.1663e-23
-7.8312e-24
-5.82184e-24
-5.82063e-24
-7.82819e-24
-1.16593e-23
-1.81702e-23
-0.0059314
-70.7523
-116.991
-175.739
-142.778
-138.524
-149.249
-164.443
-187.751
-122.086
-51.8923
-0.000994413
-1.17352e-15
-6.26842e-24
-1.00517e-23
-1.53706e-23
-1.54356e-23
-1.40678e-23
-1.08929e-23
-6.49831e-24
-4.07238e-24
-8.70803e-24
-1.15826e-23
-1.81453e-23
-2.03935e-23
-1.76255e-23
-1.26827e-23
-7.66577e-24
-4.80614e-24
-4.32726e-24
-1.94386e-09
-0.145008
-42.9436
-165.341
-175.125
-170.003
-164.692
-163.454
-162.76
-138.376
-47.0328
-0.0640579
-8.79037e-23
-1.33295e-23
-1.1611e-23
-1.00226e-23
-1.00219e-23
-1.16101e-23
-1.33306e-23
-9.57863e-23
-0.0634654
-46.7501
-138.312
-162.841
-163.563
-164.804
-170.122
-175.253
-165.43
-42.9059
-0.143565
-1.93764e-09
-4.24616e-24
-4.68462e-24
-7.51354e-24
-1.25559e-23
-1.75217e-23
-2.03149e-23
-1.80909e-23
-1.15428e-23
-8.65527e-24
-1.30796e-23
-1.98049e-23
-3.56009e-23
-3.93676e-23
-3.24594e-23
-2.29786e-23
-1.50405e-23
-9.7868e-24
-6.53698e-24
-4.70779e-24
-3.02238e-07
-25.5138
-143.031
-214.416
-194.131
-190.623
-186.892
-182.832
-176.611
-84.438
-3.66475
-2.7007e-11
-1.80905e-23
-1.86653e-23
-1.59695e-23
-1.59676e-23
-1.86641e-23
-1.80931e-23
-2.78229e-11
-3.61049
-84.222
-176.359
-182.785
-186.925
-190.691
-194.227
-214.589
-143.18
-25.341
-2.98874e-07
-4.66755e-24
-6.46394e-24
-9.6582e-24
-1.48498e-23
-2.27476e-23
-3.22203e-23
-3.9161e-23
-3.54595e-23
-1.9726e-23
-1.30034e-23
-1.36158e-23
-3.02064e-23
-0.000429755
-1.83262
-1.33987
-0.0543049
-0.0777608
-0.0398576
-0.00114934
-0.00034825
-0.00103835
-2.49184
-59.8133
-156.184
-207.423
-220.177
-213.686
-207.546
-228.502
-147.485
-33.9647
-4.44586e-06
-3.64714e-09
-2.88908e-07
-1.2196e-09
-1.20397e-09
-2.85256e-07
-3.60746e-09
-4.44681e-06
-33.637
-147.428
-228.406
-207.489
-213.673
-220.194
-207.452
-156.225
-59.8455
-2.45047
-0.00100826
-0.0003348
-0.00111204
-0.0392259
-0.0771345
-0.0541539
-1.33876
-1.83405
-0.000430412
-3.01015e-23
-1.35453e-23
-8.43053e-24
-3.26558e-23
-0.519666
-87.1519
-28.5209
-7.26433
-22.7432
-35.6703
-31.4864
-35.1652
-36.1728
-26.2086
-39.0307
-135.106
-290.948
-279.634
-245.451
-208.96
-175.348
-138.79
-40.7503
-1.76
-0.819908
-37.1913
-0.011344
-0.0112848
-37.3446
-0.819701
-1.75119
-40.7043
-138.718
-175.265
-208.891
-245.401
-279.595
-290.885
-135.062
-38.9978
-26.1331
-36.0648
-35.0536
-31.3813
-35.5468
-22.6645
-7.2401
-28.4211
-86.875
-0.520622
-3.25706e-23
-8.39493e-24
-7.0294e-24
-4.93627e-23
-1.035
-5.897
-29.2964
-29.8405
-56.9257
-88.4826
-84.9623
-88.4132
-89.8259
-86.8718
-104.287
-291.789
-105037
-41556.3
-19490.5
-14235.1
-10233
-6122.47
-2440.62
-629.219
-315.405
-145.62
-0.81637
-0.814389
-145.43
-314.98
-628.004
-2437.54
-6117.66
-10227.4
-14229.6
-19484.7
-41543.5
-104997
-291.56
-104.111
-86.6425
-89.5603
-88.134
-84.683
-88.1882
-56.7402
-29.749
-29.2145
-5.88246
-1.03768
-4.92612e-23
-7.01529e-24
