-7.81023e-24
-5.70705e-23
-0.0175832
-107.536
-283.484
-303.776
-712.689
-416.087
-331.556
-346.851
-355.295
-267.091
-133.442
-302.135
-106132
-41867.7
-19570.7
-14253.4
-10200.5
-6070.06
-2402.1
-613.366
-304.498
-137.643
-0.68815
-0.68521
-137.364
-303.869
-611.577
-2395.49
-6055.26
-10178.6
-14227.1
-19540.4
-41818.6
-106030
-302.04
-133.469
-270.371
-360.761
-352.86
-337.75
-424.622
-713.984
-304.587
-284.24
-107.802
-0.017266
-5.72057e-23
-7.82862e-24
-8.92539e-24
-3.35429e-23
-0.0131896
-267.924
-217.247
-70.4366
-228.512
-107.134
-54.9014
-52.6928
-60.6032
-68.6932
-34.8987
-134.109
-292.194
-281.234
-246.823
-209.598
-175.011
-137.897
-40.1551
-1.67445
-0.807414
-51.3393
-0.00672589
-0.00669557
-51.5126
-0.807152
-1.66575
-40.0406
-137.562
-174.626
-209.204
-246.431
-280.854
-291.884
-133.987
-34.8912
-69.9907
-62.2917
-54.1845
-56.28
-108.811
-229.156
-70.6525
-217.969
-268.766
-0.0129515
-3.36411e-23
-8.96565e-24
-1.27795e-23
-2.72253e-23
-2.03563e-05
-0.0423191
-0.0215134
-0.000155755
-0.000450245
-0.00122922
-0.000269887
-0.000144682
-0.000350256
-1.89889
-60.295
-156.905
-208.788
-222.06
-215.73
-209.011
-227.755
-145.944
-29.4958
-3.90968e-06
-1.13611e-09
-7.87996e-08
-3.30003e-10
-3.32182e-10
-7.93017e-08
-1.14245e-09
-3.8085e-06
-29.2252
-145.553
-227.206
-208.617
-215.393
-221.755
-208.526
-156.684
-60.1844
-1.89326
-0.000341733
-0.000139504
-0.00026114
-0.0012018
-0.000441975
-0.000153073
-0.0211274
-0.0415533
-1.9988e-05
-2.73265e-23
-1.28508e-23
-1.18765e-23
-1.84481e-23
-3.31614e-23
-1.48645e-22
-1.08986e-22
-3.3169e-23
-2.47612e-23
-1.78734e-23
-1.26319e-23
-9.19358e-24
-3.88503e-07
-25.7603
-146.16
-217.734
-196.246
-192.948
-190.106
-186.423
-174.33
-78.6164
-2.60874
-3.32272e-11
-1.81117e-23
-1.83343e-23
-1.55475e-23
-1.55442e-23
-1.83308e-23
-1.81133e-23
-3.21457e-11
-2.55682
-78.158
-173.772
-186.115
-189.842
-192.695
-195.999
-217.46
-145.993
-25.8478
-3.97052e-07
-9.27801e-24
-1.27499e-23
-1.80469e-23
-2.49938e-23
-3.34249e-23
-1.04417e-22
-1.42501e-22
-3.3297e-23
-1.85293e-23
-1.19549e-23
-8.01646e-24
-1.15822e-23
-1.93519e-23
-2.46531e-23
-2.54246e-23
-2.22535e-23
-1.75896e-23
-1.39006e-23
-1.25934e-23
-2.89614e-09
-0.171092
-41.0671
-165.715
-176.771
-171.677
-166.688
-168.029
-173.996
-136.122
-62.6689
-0.0402187
-1.99665e-22
-1.32578e-23
-1.13721e-23
-9.71042e-24
-9.70905e-24
-1.13701e-23
-1.32581e-23
-1.97714e-22
-0.0392282
-62.8646
-135.689
-173.978
-167.857
-166.486
-171.471
-176.572
-165.59
-41.0724
-0.17418
-3.09455e-09
-1.27769e-23
-1.41465e-23
-1.79024e-23
-2.24682e-23
-2.55688e-23
-2.47523e-23
-1.94221e-23
-1.16334e-23
-8.07806e-24
-3.99004e-24
-7.14721e-24
-1.28655e-23
-1.81021e-23
-2.15663e-23
-2.2858e-23
-2.00812e-23
-1.70134e-23
-1.41306e-16
-0.00148642
-53.2192
-124.67
-191.318
-166.693
-150.265
-138.193
-144.925
-184.926
-119.078
-62.116
-0.00435894
-1.79508e-23
-1.14224e-23
-7.56359e-24
-5.5438e-24
-5.54219e-24
-7.55925e-24
-1.14158e-23
-1.79415e-23
-0.00421967
-61.3345
-118.888
-184.846
-144.725
-138.012
-150.084
-166.473
-190.985
-124.416
-53.4291
-0.00158302
-1.78309e-16
-1.74033e-23
-2.0631e-23
-2.28647e-23
-2.15329e-23
-1.80904e-23
-1.28735e-23
-7.1657e-24
-4.0236e-24
-1.47606e-24
-5.05073e-24
-1.07631e-23
-1.77119e-23
-2.60169e-23
-1.25555e-05
-0.0405298
-0.0341674
-0.00713804
-22.0441
-71.2204
-172.985
-166.853
-151.855
-129.809
-100.445
-104.142
-164.118
-100.243
-39.9938
-0.000558379
-1.91333e-23
-1.06886e-23
-5.43534e-24
-2.85466e-24
-2.8522e-24
-5.42725e-24
-1.06713e-23
-1.90946e-23
-0.000531084
-40.0644
-99.7585
-163.508
-103.835
-100.305
-129.681
-151.673
-166.627
-172.757
-71.248
-22.5275
-0.00728269
-0.0273273
-0.0275148
-8.29252e-06
-2.56562e-23
-1.75868e-23
-1.07246e-23
-5.04556e-24
-1.48522e-24
-1.00238e-24
-4.88416e-24
-1.12428e-23
-2.01405e-23
-3.31315e-23
-0.050428
-171.887
-214.068
-96.1945
-51.3738
-119.325
-156.247
-157.745
-147.558
-112.703
-46.4104
-60.9258
-169.53
-117.397
-44.8426
-0.00061146
-2.02241e-23
-1.05664e-23
-4.35342e-24
-1.2911e-24
-1.28825e-24
-4.34406e-24
-1.05472e-23
-2.01851e-23
-0.000588537
-44.712
-116.816
-169.069
-60.6479
-46.4272
-112.656
-147.387
-157.535
-156.014
-119.244
-51.1477
-97.0521
-206.122
-162.831
-0.0335544
-3.27964e-23
-2.00268e-23
-1.12115e-23
-4.87793e-24
-1.00003e-24
-2.46368e-24
-6.19961e-24
-1.30445e-23
-2.25155e-23
-3.60699e-23
-0.0208058
-172.7
-198.898
-104.77
-74.0963
-146.483
-157.594
-161.241
-142.499
-84.6399
-11.0107
-99.9059
-169.483
-153.035
-80.1947
-0.00933139
-2.12626e-23
-1.08993e-23
-4.01809e-24
-5.72799e-25
-5.70248e-25
-4.01042e-24
-1.08869e-23
-2.12497e-23
-0.00922274
-80.0064
-152.708
-169.489
-99.98
-11.0043
-84.4591
-142.369
-161.027
-157.396
-146.355
-74.1486
-103.728
-192.861
-170.893
-0.0145079
-3.61083e-23
-2.2556e-23
-1.30797e-23
-6.21409e-24
-2.45733e-24
-5.51169e-24
-8.86537e-24
-1.60544e-23
-2.46423e-23
-3.51474e-23
-5.07247e-07
-0.136025
-166.152
-71.1047
-104.263
-157.933
-167.452
-171.518
-76.1168
-2.60775
-0.000390477
-12.8833
-132.877
-187.122
-77.7028
-0.131773
-9.99121e-17
-1.16924e-23
-4.28733e-24
-4.99013e-25
-4.96907e-25
-4.28152e-24
-1.16846e-23
-8.90213e-17
-0.128836
-77.957
-186.447
-132.797
-12.6497
-0.000379715
-2.60791
-76.0478
-171.313
-167.236
-157.637
-104.183
-70.3468
-167.544
-0.129626
-3.95573e-07
-3.54367e-23
-2.48386e-23
-1.61767e-23
-8.90386e-24
-5.48795e-24
-9.49907e-24
-1.31779e-23
-2.14197e-23
-2.84941e-23
-3.48055e-23
-3.75673e-14
-0.00339057
-85.7296
-51.7594
-136.035
-161.505
-186.022
-107.399
-22.6166
-1.24539e-05
-3.70309e-14
-0.180688
-65.8788
-159.785
-80.2106
-7.59616
-5.01714e-08
-1.35337e-23
-5.11472e-24
-9.07159e-25
-9.05268e-25
-5.10997e-24
-1.35248e-23
-4.89382e-08
-7.38712
-79.5337
-158.876
-65.5158
-0.174407
-3.13659e-14
-1.22833e-05
-22.5735
-107.258
-185.855
-161.414
-135.972
-52.0311
-86.9885
-0.00359194
-3.65909e-14
-3.51833e-23
-2.88233e-23
-2.16514e-23
-1.3226e-23
-9.41893e-24
-1.29928e-23
-2.00463e-23
-5.15649e-22
-8.09598e-20
-9.96152e-12
-0.000331344
-9.48822
-113.476
-86.5682
-148.821
-170.346
-115.375
-66.6964
-0.0229737
-1.5318e-13
-3.61444e-24
-0.00262096
-84.6279
-164.694
-130.421
-62.7194
-0.000338931
-1.55841e-23
-6.18182e-24
-1.60329e-24
-1.60115e-24
-6.1797e-24
-1.55826e-23
-0.000332838
-62.8371
-129.701
-163.712
-84.3904
-0.00263009
-3.59973e-24
-1.48404e-13
-0.0228344
-66.5771
-115.285
-170.345
-148.815
-86.5936
-113.664
-9.45991
-0.000326098
-9.64691e-12
-9.18319e-20
-5.99967e-22
-2.00622e-23
-1.2803e-23
-1.33086e-23
-1.65279e-06
-0.0248693
-0.206211
-0.248827
-18.3276
-216.906
-237.584
-101.311
-128.261
-142.819
-77.5642
-5.61116
-1.50373e-07
-3.61686e-24
-3.78166e-24
-1.65443e-05
-34.7206
-150.787
-165.148
-76.1736
-0.00904841
-1.60844e-23
-7.17119e-24
-2.44974e-24
-2.44476e-24
-7.17336e-24
-1.61199e-23
-0.0090077
-75.5875
-164.173
-149.89
-34.5845
-1.63635e-05
-3.76641e-24
-3.6008e-24
-1.4958e-07
-5.57904
-77.7817
-142.671
-128.305
-101.938
-238.802
-216.72
-18.2904
-0.258416
-0.215122
-0.0252757
-1.56238e-06
-1.2998e-23
-7.65068e-24
-0.0212983
-204.775
-210.51
-149.693
-224.892
-227.788
-305.246
-343.481
-182.736
-136.427
-194.79
-0.196125
-8.43795e-16
-2.34291e-24
-3.12257e-24
-3.60759e-10
-5.19228
-61.7618
-107.695
-31.2974
-4.83736
-1.23823e-11
-8.66611e-24
-3.45765e-24
-3.43895e-24
-8.65802e-24
-1.55575e-11
-5.18409
-30.9769
-106.891
-61.3055
-5.5179
-3.10686e-10
-3.11121e-24
-2.32681e-24
-8.3209e-16
-0.194221
-195.384
-136.86
-183.438
-345.419
-305.406
-227.345
-223.992
-149.063
-205.623
-201.89
-0.0142231
-7.40654e-24
-3.75991e-24
-0.0216214
-166.395
-185.363
-137.653
-396.546
-230.487
-224.995
-509.488
-576.545
-587.969
-252.701
-0.0297839
-3.93949e-20
-1.37628e-24
-2.50309e-24
-3.3818e-18
-0.887153
-36.6874
-76.0996
-47.3819
-33.9142
-0.000492877
-5.48087e-21
-4.4559e-24
-4.39095e-24
-3.93263e-21
-0.000439406
-33.6778
-46.7269
-75.2722
-36.3728
-0.989361
-2.18789e-18
-2.50419e-24
-1.36189e-24
-3.82402e-20
-0.0294817
-252.881
-590.156
-578.835
-509.889
-225.68
-230.33
-394.822
-136.726
-179.304
-164.049
-0.0118916
-3.68441e-24
-3.7325e-24
-2.55392e-06
-0.0259362
-0.138936
-0.246078
-7.6047
-106.686
-203.672
-407.663
-477.144
-473.079
-221.843
-0.00224352
-1.39193e-21
-6.9348e-25
-2.86206e-24
-6.04002e-07
-13.7555
-20.0669
-35.5737
-40.7206
-17.2279
-21.6954
-0.00447043
-6.2775e-10
-2.17498e-09
-0.00539974
-19.8087
-16.7931
-39.9744
-35.2278
-20.0239
-14.2751
-6.34956e-07
-2.88913e-24
-6.82055e-25
-1.34011e-21
-0.00221471
-221.737
-472.566
-476.491
-407.414
-204.041
-106.719
-7.57098
-0.254963
-0.109646
-0.0144857
-1.10804e-06
-3.56349e-24
-3.18792e-24
-1.16197e-23
-1.95809e-23
-1.59233e-19
-6.02134e-10
-0.281773
-16.6047
-27.4794
-37.3783
-64.9714
-37.5262
-59.2773
-0.0533151
-3.17514e-15
-5.4742e-25
-3.75037e-24
-0.0102824
-46.772
-43.5352
-17.3279
-17.5843
-22.1242
-28.4975
-116.288
-0.00197613
-0.0020063
-111.271
-26.4313
-21.4743
-17.2437
-17.208
-44.2052
-46.9502
-0.0125901
-3.81003e-24
-5.30428e-25
-3.00939e-15
-0.0524676
-59.4049
-37.4822
-65.169
-37.4094
-27.5493
-16.8091
-0.281553
-6.02581e-10
-1.96164e-19
-2.25299e-23
-1.15639e-23
-3.05002e-24
-2.60065e-24
-9.88886e-24
-1.95657e-23
-2.72263e-23
-0.000850718
-44.692
-27.131
-42.1479
-32.7777
-14.7862
-46.5091
-22.7379
-21.6696
-0.000609324
-2.53883e-24
-5.83034e-24
-0.0313994
-93.2949
-49.5862
-6.3793
-23.0106
-16.378
-19.0134
-103.87
-0.0894527
-0.0819866
-166.789
-17.3847
-16.4564
-22.9772
-6.34155
-50.1421
-77.4735
-0.0416736
-5.89398e-24
-2.48967e-24
-0.000601276
-21.5283
-22.713
-46.4992
-14.7745
-32.8042
-42.2361
-27.2061
-44.991
-0.000850495
-2.76227e-23
-1.98736e-23
-9.94717e-24
-2.52017e-24
-2.57086e-24
-1.1401e-23
-2.69747e-23
-1.25184e-06
-14.4034
-26.7604
-40.3287
-29.5594
-18.3642
-9.05929
-55.2967
-32.1526
-50.4254
-5.66975
-2.80148e-07
-1.2777e-23
-7.89497e-06
-1.00848
-9.01999
-1.23875
-0.671204
-2.2844
-6.03237
-1.22154
-0.000288833
-0.00022823
-0.891212
-4.94567
-1.9707
-0.664402
-1.21904
-9.9015
-1.24287
-1.13992e-05
-1.2865e-23
-2.74662e-07
-5.60981
-50.3738
-32.1231
-55.2284
-9.03577
-18.3929
-29.6197
-40.421
-26.8242
-14.4037
-1.25409e-06
-2.72505e-23
-1.14804e-23
-2.5226e-24
-3.16143e-24
-1.42811e-23
-3.78429e-23
-0.00661098
-18.712
-27.6344
-29.7483
-24.4228
-3.57997
-28.0571
-34.7644
-48.4722
-18.4033
-26.8555
-0.174671
-2.4175e-23
-3.60875e-23
-6.10309e-23
-8.17755e-23
-9.38846e-23
-1.00947e-22
-1.05703e-22
-1.06026e-22
-9.54695e-23
-7.7408e-23
-7.63158e-23
-9.33854e-23
-1.04987e-22
-1.05696e-22
-1.01105e-22
-9.40642e-23
-8.2114e-23
-6.1486e-23
-3.63822e-23
-2.41905e-23
-0.173859
-26.7505
-18.3805
-48.4173
-34.7938
-28.0492
-3.55139
-24.4691
-29.8099
-27.6938
-18.7838
-0.00659564
-3.80881e-23
-1.43487e-23
-3.11863e-24
-4.3221e-24
-1.6738e-23
-4.58248e-23
-0.727789
-15.9949
-24.1062
-20.8366
-2.64396
-1.23998e-05
-0.0188104
-77.4739
-10.0516
-18.999
-62.1552
-2.54992
-4.27019e-23
-3.63499e-23
-4.3601e-23
-5.31803e-23
-6.05443e-23
-6.53111e-23
-6.77713e-23
-6.72851e-23
-6.29228e-23
-5.73105e-23
-5.69532e-23
-6.21886e-23
-6.67789e-23
-6.76176e-23
-6.53356e-23
-6.06628e-23
-5.33832e-23
-4.38318e-23
-3.64995e-23
-4.27035e-23
-2.55771
-62.2456
-18.9715
-10.0357
-77.4617
-0.0188505
-1.2324e-05
-2.62981
-20.8692
-24.1476
-16.0228
-0.726078
-4.60059e-23
-1.67787e-23
-4.27547e-24
-5.51332e-24
-1.72019e-23
-4.64853e-23
-0.547275
-37.9355
-21.1875
-1.27168
-7.59964e-07
-2.30429e-23
-2.3807e-09
-0.0012567
-0.123349
-3.4204
-4.62102
-0.00251472
-4.83868e-23
-3.37311e-23
-3.16935e-23
-3.39137e-23
-3.67826e-23
-3.89956e-23
-4.01037e-23
-3.98302e-23
-3.82203e-23
-3.64364e-23
-3.63144e-23
-3.79548e-23
-3.96098e-23
-4.00048e-23
-3.89947e-23
-3.68489e-23
-3.40255e-23
-3.18155e-23
-3.38178e-23
-4.84056e-23
-0.00253559
-4.6521
-3.43503
-0.123229
-0.00125929
-2.40941e-09
-2.30447e-23
-7.5784e-07
-1.2676
-21.2063
-37.9832
-0.546242
-4.65906e-23
-1.72174e-23
-5.46879e-24
-5.32021e-24
-1.42665e-23
-3.67234e-23
-0.000271818
-0.58551
-0.11155
-7.29697e-07
-2.47866e-23
-1.81359e-23
-2.10903e-23
-2.97179e-23
-3.90799e-23
-4.69545e-23
-5.11903e-23
-4.61292e-23
-3.2106e-23
-2.37212e-23
-2.02507e-23
-1.9486e-23
-1.97986e-23
-2.02843e-23
-2.05003e-23
-2.02607e-23
-1.9633e-23
-1.9036e-23
-1.8995e-23
-1.95402e-23
-2.01757e-23
-2.04575e-23
-2.02861e-23
-1.98355e-23
-1.9545e-23
-2.0314e-23
-2.37696e-23
-3.21279e-23
-4.61252e-23
-5.11865e-23
-4.69561e-23
-3.90845e-23
-2.97231e-23
-2.10941e-23
-1.81386e-23
-2.4791e-23
-7.28995e-07
-0.111306
-0.584169
-0.000271187
-3.67681e-23
-1.42681e-23
-5.28685e-24
-3.24813e-24
-8.72445e-24
-1.86694e-23
-2.98157e-23
-2.88586e-23
-2.26606e-23
-1.6302e-23
-1.08167e-23
-8.39323e-24
-8.73181e-24
-1.10047e-23
-1.41404e-23
-1.74339e-23
-2.01016e-23
-2.0088e-23
-1.67703e-23
-1.32313e-23
-1.07226e-23
-9.27694e-24
-8.5301e-24
-8.12418e-24
-7.81839e-24
-7.49284e-24
-7.14857e-24
-6.9013e-24
-6.88895e-24
-7.12028e-24
-7.46661e-24
-7.80679e-24
-8.13035e-24
-8.55121e-24
-9.307e-24
-1.07536e-23
-1.32556e-23
-1.67843e-23
-2.00934e-23
-2.0105e-23
-1.74375e-23
-1.41438e-23
-1.10076e-23
-8.73389e-24
-8.3948e-24
-1.08185e-23
-1.63053e-23
-2.26676e-23
-2.88751e-23
-2.98434e-23
-1.86846e-23
-8.7238e-24
-3.22996e-24
-1.24438e-24
-4.91288e-24
-9.07241e-24
-1.01095e-23
-6.09387e-24
-2.52557e-24
-1.85285e-24
-1.72713e-24
-1.49632e-24
-1.45457e-24
-1.83089e-24
-2.80824e-24
-4.59167e-24
-6.94516e-24
-8.58973e-24
-8.42548e-24
-7.03064e-24
-5.34869e-24
-3.91526e-24
-2.85763e-24
-2.11351e-24
-1.58291e-24
-1.19163e-24
-9.10862e-25
-7.54792e-25
-7.51736e-25
-9.04133e-25
-1.18627e-24
-1.58266e-24
-2.1194e-24
-2.86856e-24
-3.92876e-24
-5.36159e-24
-7.04019e-24
-8.43064e-24
-8.59165e-24
-6.94608e-24
-4.59255e-24
-2.80906e-24
-1.83152e-24
-1.45495e-24
-1.4964e-24
-1.72695e-24
-1.85263e-24
-2.5265e-24
-6.09922e-24
-1.01201e-23
-9.0813e-24
-4.91557e-24
-1.23974e-24
-1.24002e-24
-4.91028e-24
-9.06987e-24
-1.01063e-23
-6.08959e-24
-2.52144e-24
-1.84964e-24
-1.72471e-24
-1.49431e-24
-1.4527e-24
-1.82918e-24
-2.80704e-24
-4.59139e-24
-6.94584e-24
-8.59164e-24
-8.43021e-24
-7.03976e-24
-5.36341e-24
-3.93689e-24
-2.88834e-24
-2.15672e-24
-1.64245e-24
-1.26993e-24
-1.00663e-24
-8.61556e-25
-8.58997e-25
-1.00081e-24
-1.26446e-24
-1.63963e-24
-2.15683e-24
-2.89041e-24
-3.93956e-24
-5.36545e-24
-7.04025e-24
-8.42882e-24
-8.58886e-24
-6.94272e-24
-4.58877e-24
-2.80511e-24
-1.82785e-24
-1.45177e-24
-1.4936e-24
-1.72417e-24
-1.84969e-24
-2.52369e-24
-6.09657e-24
-1.01174e-23
-9.08063e-24
-4.9175e-24
-1.2456e-24
-3.23547e-24
-8.71772e-24
-1.86642e-23
-2.98096e-23
-2.88468e-23
-2.26483e-23
-1.62927e-23
-1.081e-23
-8.38745e-24
-8.72578e-24
-1.09983e-23
-1.41344e-23
-1.74294e-23
-2.00976e-23
-2.00859e-23
-1.67787e-23
-1.32549e-23
-1.07634e-23
-9.33672e-24
-8.61468e-24
-8.24542e-24
-7.99166e-24
-7.73047e-24
-7.44968e-24
-7.24396e-24
-7.23437e-24
-7.42733e-24
-7.70735e-24
-7.9747e-24
-8.23491e-24
-8.60792e-24
-9.33118e-24
-1.07581e-23
-1.32498e-23
-1.67737e-23
-2.00807e-23
-2.00919e-23
-1.74244e-23
-1.41306e-23
-1.09956e-23
-8.72413e-24
-8.38679e-24
-1.08105e-23
-1.62954e-23
-2.26555e-23
-2.88601e-23
-2.98247e-23
-1.86776e-23
-8.72833e-24
-3.2481e-24
-5.30089e-24
-1.42594e-23
-3.67254e-23
-0.000271746
-0.585363
-0.111523
-7.29758e-07
-2.47775e-23
-1.81276e-23
-2.10791e-23
-2.97024e-23
-3.90623e-23
-4.69336e-23
-5.11587e-23
-4.60915e-23
-3.21004e-23
-2.37512e-23
-2.03108e-23
-1.95698e-23
-1.99119e-23
-2.04523e-23
-2.07635e-23
-2.0661e-23
-2.01838e-23
-1.96915e-23
-1.96602e-23
-2.01142e-23
-2.0595e-23
-2.07206e-23
-2.04291e-23
-1.98983e-23
-1.95583e-23
-2.02996e-23
-2.37425e-23
-3.20955e-23
-4.60894e-23
-5.11546e-23
-4.69291e-23
-3.90583e-23
-2.96988e-23
-2.10768e-23
-1.81274e-23
-2.47799e-23
-7.29181e-07
-0.11144
-0.584962
-0.000271578
-3.67359e-23
-1.42703e-23
-5.31755e-24
-5.49096e-24
-1.72014e-23
-4.6513e-23
-0.547263
-37.943
-21.1881
-1.27063
-7.58784e-07
-2.30355e-23
-2.38094e-09
-0.00125385
-0.123108
-3.44053
-4.65374
-0.00253536
-4.83411e-23
-3.37672e-23
-3.17745e-23
-3.40015e-23
-3.68719e-23
-3.9134e-23
-4.03839e-23
-4.03751e-23
-3.91037e-23
-3.75705e-23
-3.7476e-23
-3.89101e-23
-4.0219e-23
-4.03058e-23
-3.91065e-23
-3.68616e-23
-3.39883e-23
-3.17567e-23
-3.37545e-23
-4.8341e-23
-0.00255643
-4.6847
-3.45484
-0.123061
-0.00125359
-2.37971e-09
-2.30355e-23
-7.59188e-07
-1.27036
-21.1896
-37.943
-0.546831
-4.65065e-23
-1.7207e-23
-5.50823e-24
-4.3008e-24
-1.67494e-23
-4.58866e-23
-0.727744
-16.0019
-24.1163
-20.8441
-2.63786
-1.23722e-05
-0.0187722
-77.5812
-10.0397
-18.9616
-62.2112
-2.55476
-4.2624e-23
-3.64226e-23
-4.37333e-23
-5.32471e-23
-6.05055e-23
-6.52492e-23
-6.78632e-23
-6.78588e-23
-6.42594e-23
-5.92491e-23
-5.89568e-23
-6.37305e-23
-6.75266e-23
-6.77697e-23
-6.52588e-23
-6.05292e-23
-5.32413e-23
-4.37022e-23
-3.63999e-23
-4.26319e-23
-2.56609
-62.439
-18.9775
-10.0356
-77.6008
-0.0187544
-1.23515e-05
-2.63856
-20.8401
-24.1118
-15.9994
-0.727209
-4.58562e-23
-1.67464e-23
-4.316e-24
-3.14286e-24
-1.43042e-23
-3.79335e-23
-0.00659669
-18.7382
-27.6515
-29.7655
-24.4319
-3.56618
-28.0699
-34.7103
-48.3627
-18.3584
-26.7184
-0.173508
-2.41347e-23
-3.62972e-23
-6.13107e-23
-8.17764e-23
-9.35131e-23
-1.0034e-22
-1.05053e-22
-1.06162e-22
-9.73011e-23
-8.07612e-23
-7.97736e-23
-9.58468e-23
-1.05542e-22
-1.05111e-22
-1.00515e-22
-9.36475e-23
-8.17994e-23
-6.12423e-23
-3.62413e-23
-2.4137e-23
-0.17367
-26.7194
-18.3744
-48.3923
-34.7711
-28.0783
-3.55717
-24.4185
-29.7547
-27.642
-18.7241
-0.00660112
-3.7883e-23
-1.42935e-23
-3.15546e-24
-2.55057e-24
-1.14282e-23
-2.70789e-23
-1.24486e-06
-14.3852
-26.7806
-40.3578
-29.5683
-18.3568
-9.04265
-55.1912
-32.0822
-50.3134
-5.5959
-2.73915e-07
-1.28365e-23
-1.19218e-05
-1.26857
-9.87751
-1.16686
-0.601856
-1.8337
-10.9219
-3.32703
-0.000997165
-0.000471346
-1.59671
-6.51024
-1.89929
-0.62795
-1.18921
-9.61591
-1.18802
-1.07178e-05
-1.28205e-23
-2.71935e-07
-5.59289
-50.3696
-32.1089
-55.2268
-9.03927
-18.3233
-29.5436
-40.3429
-26.7701
-14.3852
-1.24861e-06
-2.70199e-23
-1.14163e-23
-2.5638e-24
-2.56792e-24
-9.9044e-24
-1.96805e-23
-2.73857e-23
-0.000851109
-44.8031
-27.1702
-42.1548
-32.7479
-14.7627
-46.4556
-22.6862
-21.5102
-0.000601146
-2.48515e-24
-5.88464e-24
-0.0429531
-76.1756
-50.0194
-6.25925
-22.9456
-16.8518
-21.1118
-54.6795
-0.442441
-0.188829
-90.823
-18.9696
-16.1872
-22.8272
-6.32733
-49.6067
-82.814
-0.0395891
-5.8805e-24
-2.49579e-24
-0.000600671
-21.5516
-22.6946
-46.4988
-14.7504
-32.7
-42.112
-27.1781
-44.7048
-0.000851205
-2.72862e-23
-1.96182e-23
-9.90448e-24
-2.58818e-24
-3.1338e-24
-1.1578e-23
-1.97509e-23
-1.76147e-19
-6.26528e-10
-0.284167
-16.7293
-27.4882
-37.3385
-65.1461
-37.4469
-59.4226
-0.0524687
-3.0799e-15
-5.30257e-25
-3.80926e-24
-0.0128036
-47.096
-44.3312
-17.4122
-18.1201
-23.393
-32.793
-62.4317
-0.0156552
-0.00473588
-87.0123
-29.0336
-21.9761
-17.4155
-17.1782
-44.1569
-46.2583
-0.0120458
-3.79697e-24
-5.33024e-25
-2.95065e-15
-0.0522598
-59.3933
-37.4197
-65.0605
-37.2833
-27.4589
-16.7668
-0.28407
-5.64226e-10
-1.38472e-19
-1.96666e-23
-1.16303e-23
-3.16507e-24
-3.66855e-24
-2.08572e-06
-0.0224266
-0.13359
-0.253617
-7.58327
-106.592
-203.823
-406.924
-476.11
-472.13
-221.473
-0.00221738
-1.35383e-21
-6.82795e-25
-2.89286e-24
-6.34212e-07
-14.5518
-20.3381
-36.1119
-41.6309
-17.7264
-19.5735
-0.0208581
-2.75756e-08
-5.59153e-09
-0.00943975
-19.389
-16.9462
-40.1849
-35.3057
-20.0428
-13.7058
-6.1487e-07
-2.88086e-24
-6.84508e-25
-1.31137e-21
-0.00219924
-221.452
-471.726
-475.433
-406.387
-203.974
-106.527
-7.48202
-0.232672
-0.134719
-0.0262309
-2.66393e-06
-3.70308e-24
-3.72553e-24
-0.0167541
-167.064
-183.179
-137.371
-395.956
-230.653
-225.572
-509.566
-577.701
-589.012
-252.53
-0.0295063
-3.84349e-20
-1.36248e-24
-2.51529e-24
-2.50046e-18
-1.04199
-37.0826
-77.0795
-48.1039
-31.6602
-0.000472083
-4.15906e-21
-5.42261e-24
-5.01545e-24
-1.74017e-20
-0.000487762
-31.9285
-46.7499
-75.3525
-36.4047
-0.897654
-2.30698e-18
-2.50022e-24
-1.36675e-24
-3.75697e-20
-0.0292959
-252.855
-591.752
-580.155
-510.04
-226.284
-231.216
-396.68
-137.609
-182.808
-166.589
-0.0209829
-3.75875e-24
-7.52271e-24
-0.0157514
-203.84
-208.809
-149.801
-224.594
-227.689
-305.518
-344.509
-182.999
-136.521
-194.975
-0.1943
-8.32666e-16
-2.325e-24
-3.13052e-24
-3.35007e-10
-5.8089
-62.0759
-108.248
-31.8798
-5.32752
-1.28752e-11
-8.6328e-24
-3.93514e-24
-3.79846e-24
-8.47731e-24
-1.51195e-11
-4.78592
-30.9215
-106.957
-61.3587
-5.18414
-3.23317e-10
-3.10957e-24
-2.33423e-24
-7.83412e-16
-0.192822
-195.942
-137.477
-184.296
-347.8
-305.93
-227.981
-224.987
-150.749
-209.674
-204.72
-0.0194435
-7.6778e-24
-1.32085e-23
-1.14365e-06
-0.019975
-0.188329
-0.256688
-18.3566
-216.926
-238.215
-101.674
-128.198
-142.626
-77.6262
-5.57708
-1.49491e-07
-3.59132e-24
-3.77765e-24
-1.74385e-05
-35.2127
-150.399
-164.725
-76.5546
-0.00931836
-1.55759e-23
-7.1237e-24
-2.68372e-24
-2.6302e-24
-7.04821e-24
-1.55891e-23
-0.00869441
-75.4481
-164.434
-150.126
-34.4149
-1.59736e-05
-3.77111e-24
-3.61173e-24
-1.47599e-07
-5.53988
-78.1741
-142.588
-128.553
-102.755
-241.207
-217.409
-18.437
-0.243557
-0.191874
-0.0215917
-1.358e-06
-1.33288e-23
-1.29507e-23
-2.00991e-23
-5.06578e-22
-8.67525e-20
-1.02037e-11
-0.000332264
-9.50752
-113.576
-86.5633
-148.725
-170.199
-115.236
-66.5816
-0.0228733
-1.50759e-13
-3.59326e-24
-0.00274188
-83.5657
-164.874
-129.883
-61.7023
-0.000341996
-1.52942e-23
-6.14066e-24
-1.71416e-24
-1.68847e-24
-6.08992e-24
-1.52447e-23
-0.000327758
-62.2472
-130.012
-163.806
-84.7147
-0.00258405
-3.61174e-24
-1.48729e-13
-0.0226688
-66.4968
-115.38
-170.73
-148.986
-86.5663
-113.829
-9.10502
-0.00030624
-9.21365e-12
-7.24142e-20
-4.20877e-22
-2.01089e-23
-1.3039e-23
-9.4918e-24
-1.32111e-23
-2.1501e-23
-2.85898e-23
-3.49194e-23
-3.79995e-14
-0.00354664
-86.6208
-51.8641
-135.912
-161.327
-185.799
-107.258
-22.547
-1.23375e-05
-3.26412e-14
-0.184136
-66.5008
-160.266
-80.7302
-7.61998
-4.91022e-08
-1.33602e-23
-5.07519e-24
-9.50668e-25
-9.36877e-25
-5.04218e-24
-1.33152e-23
-4.93833e-08
-7.38678
-79.4828
-158.812
-65.3297
-0.175147
-3.50587e-14
-1.22826e-05
-22.5602
-107.158
-185.985
-161.686
-136.073
-52.3851
-87.5975
-0.00376566
-3.45449e-14
-3.5087e-23
-2.87085e-23
-2.15671e-23
-1.32532e-23
-9.56152e-24
-5.51574e-24
-8.88383e-24
-1.60918e-23
-2.46921e-23
-3.52193e-23
-4.05085e-07
-0.125148
-166.708
-70.572
-104.229
-157.664
-167.245
-171.293
-75.9817
-2.59066
-0.000392044
-13.093
-133.156
-187.866
-76.0483
-0.134027
-8.29882e-17
-1.15654e-23
-4.24234e-24
-5.03288e-25
-4.96258e-25
-4.22535e-24
-1.15473e-23
-1.0067e-16
-0.128253
-78.3355
-186.148
-132.485
-12.6218
-0.000382498
-2.6122
-75.992
-171.24
-167.26
-157.741
-104.091
-70.4809
-170.518
-0.153719
-4.73549e-07
-3.54699e-23
-2.48181e-23
-1.61586e-23
-8.92518e-24
-5.56852e-24
-2.46638e-24
-6.2039e-24
-1.30475e-23
-2.25065e-23
-3.60346e-23
-0.0194229
-171.628
-196.673
-104.632
-74.196
-146.469
-157.471
-161.092
-142.295
-84.7414
-10.9636
-98.6118
-169.428
-152.594
-79.9221
-0.00954439
-2.10953e-23
-1.07947e-23
-3.96812e-24
-5.5447e-25
-5.5153e-25
-3.9618e-24
-1.07919e-23
-2.11083e-23
-0.00914676
-80.0871
-152.856
-169.276
-100.334
-11.0268
-84.5069
-142.318
-160.996
-157.328
-146.168
-74.0383
-102.46
-190.571
-174.343
-0.00680974
-3.62503e-23
-2.25867e-23
-1.30853e-23
-6.22774e-24
-2.49684e-24
-1.00175e-24
-4.8787e-24
-1.12225e-23
-2.0082e-23
-3.29794e-23
-0.0509736
-170.256
-211.866
-95.0868
-51.2859
-119.214
-156.115
-157.583
-147.335
-112.468
-46.0969
-61.6022
-169.466
-117.745
-44.8514
-0.000596655
-2.0085e-23
-1.04768e-23
-4.30124e-24
-1.26019e-24
-1.25963e-24
-4.30111e-24
-1.04814e-23
-2.01002e-23
-0.000603022
-44.6209
-116.754
-169.058
-60.3709
-46.5129
-112.667
-147.442
-157.528
-155.95
-119.493
-50.9765
-100.835
-203.737
-157.991
-0.00970442
-3.28626e-23
-2.00374e-23
-1.12083e-23
-4.87679e-24
-1.00669e-24
-1.47732e-24
-5.04515e-24
-1.0742e-23
-1.76562e-23
-2.58777e-23
-1.3909e-05
-0.0424378
-0.0342162
-0.0069332
-22.3256
-71.1914
-172.831
-166.715
-151.717
-129.667
-100.639
-104.709
-164.544
-100.419
-39.9899
-0.000525753
-1.90214e-23
-1.06131e-23
-5.38404e-24
-2.81718e-24
-2.81788e-24
-5.38709e-24
-1.06214e-23
-1.90405e-23
-0.000557864
-39.9211
-99.7654
-163.375
-103.585
-100.186
-129.702
-151.688
-166.64
-172.839
-71.4935
-22.5416
-0.00815193
-0.0138432
-0.00733657
-1.44727e-06
-2.55952e-23
-1.75546e-23
-1.06987e-23
-5.0253e-24
-1.46243e-24
-3.99964e-24
-7.15051e-24
-1.28626e-23
-1.80894e-23
-2.15421e-23
-2.28388e-23
-2.02097e-23
-1.7141e-23
-1.75836e-16
-0.00155405
-53.3495
-124.553
-191.205
-166.667
-150.319
-138.437
-145.433
-185.667
-119.557
-61.9522
-0.00417516
-1.78761e-23
-1.13631e-23
-7.51529e-24
-5.50312e-24
-5.50431e-24
-7.51919e-24
-1.13709e-23
-1.78905e-23
-0.00437833
-61.6692
-118.616
-184.334
-144.434
-137.859
-150.019
-166.433
-190.906
-124.346
-53.5273
-0.00159088
-1.55843e-16
-1.75318e-23
-2.07531e-23
-2.28325e-23
-2.14811e-23
-1.80369e-23
-1.28256e-23
-7.12666e-24
-3.97573e-24
-8.03688e-24
-1.15983e-23
-1.93734e-23
-2.4684e-23
-2.54707e-23
-2.23228e-23
-1.76915e-23
-1.39946e-23
-1.26734e-23
-3.04945e-09
-0.173369
-41.1148
-165.805
-176.867
-171.835
-166.957
-168.408
-174.386
-136.41
-62.5886
-0.0391898
-1.7798e-22
-1.32102e-23
-1.13256e-23
-9.66779e-24
-9.66918e-24
-1.13294e-23
-1.32163e-23
-2.16554e-22
-0.040201
-62.759
-135.616
-173.645
-167.613
-166.324
-171.378
-176.533
-165.623
-41.1188
-0.175316
-3.06986e-09
-1.27922e-23
-1.41704e-23
-1.79114e-23
-2.24248e-23
-2.54945e-23
-2.46703e-23
-1.93497e-23
-1.15775e-23
-8.01262e-24
-1.19041e-23
-1.84764e-23
-3.32093e-23
-1.50475e-22
-1.10387e-22
-3.32688e-23
-2.48559e-23
-1.79502e-23
-1.2687e-23
-9.23163e-24
-3.93964e-07
-25.8512
-146.26
-217.913
-196.463
-193.229
-190.434
-186.738
-174.546
-78.6738
-2.56114
-3.05353e-11
-1.80696e-23
-1.82853e-23
-1.55025e-23
-1.55046e-23
-1.82887e-23
-1.80722e-23
-3.4341e-11
-2.59985
-78.2633
-173.768
-185.95
-189.66
-192.545
-195.894
-217.391
-145.966
-25.966
-4.03539e-07
-9.28815e-24
-1.27335e-23
-1.80028e-23
-2.49138e-23
-3.33115e-23
-8.24544e-23
-1.12963e-22
-3.31928e-23
-1.84602e-23
-1.18843e-23
-1.28054e-23
-2.72619e-23
-2.0303e-05
-0.0422226
-0.0214729
-0.000155591
-0.000449129
-0.00122113
-0.000265463
-0.00014167
-0.000344831
-1.89961
-60.3683
-157.087
-209.043
-222.367
-216.057
-209.336
-228.113
-146.183
-29.3486
-3.74647e-06
-1.15109e-09
-8.00187e-08
-3.35147e-10
-3.23525e-10
-7.72935e-08
-1.11681e-09
-3.94484e-06
-29.3814
-145.495
-227.099
-208.48
-215.237
-221.609
-208.419
-156.65
-60.1867
-1.92114
-0.000348153
-0.000142007
-0.000261601
-0.00116877
-0.000423865
-0.00014575
-0.0201302
-0.0396493
-1.91044e-05
-2.72508e-23
-1.27924e-23
-8.94015e-24
-3.35788e-23
-0.0131516
-268.245
-217.532
-70.5232
-228.788
-107.68
-55.3305
-53.1369
-61.0685
-68.971
-34.9403
-134.268
-292.553
-281.609
-247.171
-209.899
-175.263
-138.099
-40.2008
-1.67224
-0.806578
-51.3976
-0.00670285
-0.00669943
-51.315
-0.806305
-1.66933
-40.0402
-137.511
-174.548
-209.087
-246.277
-280.679
-291.705
-133.92
-34.8754
-71.1385
-63.9616
-55.6581
-57.5817
-110.109
-228.621
-70.5096
-217.494
-268.227
-0.012415
-3.35744e-23
-8.93474e-24
-7.81694e-24
-5.712e-23
-0.0175302
-107.636
-283.773
-304.099
-713.292
-418.72
-333.476
-348.676
-356.912
-267.807
-133.545
-302.468
-106262
-41921.2
-19597
-14272.8
-10214
-6077.25
-2404.05
-613.322
-304.284
-137.475
-0.684592
-0.688138
-137.401
-303.922
-611.879
-2395.71
-6053.98
-10174.6
-14219.8
-19528.9
-41790.8
-105951
-301.714
-133.076
-272.841
-365.329
-357.986
-343.078
-432.038
-711.775
-303.99
-283.772
-107.643
-0.0165761
-5.71224e-23
-7.81711e-24
