-7.82178e-24
-5.71558e-23
-0.0172688
-107.708
-283.984
-304.337
-713.735
-420.843
-334.988
-350.141
-358.252
-268.869
-133.496
-301.96
-106002
-41807.8
-19535.6
-14223.6
-10175.9
-6053.53
-2394.67
-611.334
-303.745
-137.283
-0.682307
-0.684415
-137.543
-304.368
-613.177
-2402.03
-6070.9
-10202.7
-14256.9
-19575.3
-41874.8
-106145
-302.112
-133.433
-265.326
-352.45
-343.777
-328.447
-411.879
-712.026
-303.349
-283.076
-107.391
-0.0174498
-5.69965e-23
-7.80017e-24
-8.95079e-24
-3.36047e-23
-0.0129555
-268.48
-217.743
-70.5867
-228.987
-108.104
-55.6619
-53.4908
-61.4852
-69.379
-34.8747
-133.941
-291.803
-280.785
-246.373
-209.154
-174.582
-137.528
-40.027
-1.66465
-0.807106
-51.6445
-0.00668269
-0.00670897
-51.5072
-0.8074
-1.67282
-40.1576
-137.932
-175.057
-209.657
-246.892
-281.303
-292.242
-134.126
-34.8928
-67.9955
-59.7237
-51.9399
-54.2282
-106.337
-228.196
-70.3248
-216.866
-267.466
-0.0130899
-3.3489e-23
-8.90335e-24
-1.28239e-23
-2.72882e-23
-1.99944e-05
-0.0415723
-0.0211402
-0.000153189
-0.000443305
-0.00121133
-0.000266314
-0.000143238
-0.000348864
-1.88903
-60.1597
-156.629
-208.473
-221.708
-215.347
-208.569
-227.152
-145.522
-29.1802
-3.83223e-06
-1.16663e-09
-8.11198e-08
-3.40015e-10
-3.39551e-10
-8.10192e-08
-1.16532e-09
-3.89622e-06
-29.4109
-145.989
-227.826
-209.085
-215.807
-222.129
-208.842
-156.957
-60.3268
-1.91072
-0.000362715
-0.000149287
-0.000275946
-0.00123614
-0.000449406
-0.000154616
-0.0213214
-0.0419408
-2.01799e-05
-2.71697e-23
-1.27404e-23
-1.19237e-23
-1.84963e-23
-3.32432e-23
-1.35561e-22
-9.93856e-23
-3.33455e-23
-2.49284e-23
-1.80028e-23
-1.27217e-23
-9.25505e-24
-3.91415e-07
-25.7322
-145.954
-217.418
-195.967
-192.668
-189.811
-186.071
-173.708
-78.1192
-2.55231
-3.29318e-11
-1.8114e-23
-1.83287e-23
-1.5541e-23
-1.55436e-23
-1.83315e-23
-1.81128e-23
-3.34499e-11
-2.59012
-78.5856
-174.35
-186.508
-190.199
-193.02
-196.293
-217.761
-146.165
-25.7776
-4.03919e-07
-9.16996e-24
-1.25966e-23
-1.78056e-23
-2.46507e-23
-3.30323e-23
-9.66133e-23
-1.31691e-22
-3.30845e-23
-1.84035e-23
-1.18339e-23
-8.05107e-24
-1.16092e-23
-1.93875e-23
-2.47043e-23
-2.55035e-23
-2.23796e-23
-1.77861e-23
-1.40617e-23
-1.27183e-23
-3.04036e-09
-0.172079
-40.985
-165.484
-176.541
-171.462
-166.484
-167.844
-173.947
-135.65
-62.8174
-0.0392921
-2.12472e-22
-1.32584e-23
-1.13688e-23
-9.70682e-24
-9.70782e-24
-1.13701e-23
-1.32573e-23
-2.10212e-22
-0.0399412
-62.6649
-136.188
-174.151
-168.156
-166.767
-171.71
-176.777
-165.716
-41.0798
-0.173523
-3.17172e-09
-1.25366e-23
-1.37815e-23
-1.74098e-23
-2.21107e-23
-2.5324e-23
-2.45878e-23
-1.93114e-23
-1.15554e-23
-7.98443e-24
-4.00615e-24
-7.1523e-24
-1.28584e-23
-1.80742e-23
-2.15119e-23
-2.28117e-23
-2.03914e-23
-1.72439e-23
-1.65888e-16
-0.00152267
-53.2341
-124.614
-191.161
-166.512
-150.104
-138.042
-144.733
-184.84
-118.878
-61.2606
-0.00423672
-1.79415e-23
-1.14154e-23
-7.55816e-24
-5.54045e-24
-5.54158e-24
-7.56106e-24
-1.14194e-23
-1.79463e-23
-0.00432161
-61.9733
-119.254
-185.221
-145.102
-138.268
-150.263
-166.659
-191.261
-124.624
-53.2341
-0.00156775
-1.86587e-16
-1.67636e-23
-1.97075e-23
-2.27681e-23
-2.15488e-23
-1.81015e-23
-1.28653e-23
-7.14226e-24
-3.97571e-24
-1.47832e-24
-5.04177e-24
-1.07271e-23
-1.761e-23
-2.57387e-23
-1.12065e-05
-0.0343491
-0.0291985
-0.00680926
-22.2129
-71.162
-172.862
-166.686
-151.681
-129.688
-100.431
-103.828
-163.393
-99.6731
-40.0631
-0.000531968
-1.90916e-23
-1.067e-23
-5.42608e-24
-2.85071e-24
-2.85256e-24
-5.43199e-24
-1.06822e-23
-1.91193e-23
-0.000548992
-40.0291
-100.274
-164.242
-104.329
-100.512
-129.733
-151.773
-166.783
-172.922
-71.1879
-22.2537
-0.00594987
-0.037459
-0.058425
-2.14123e-05
-2.62025e-23
-1.78031e-23
-1.08059e-23
-5.06583e-24
-1.47658e-24
-1.00156e-24
-4.87768e-24
-1.1217e-23
-2.00605e-23
-3.29141e-23
-0.0418378
-167.382
-207.552
-94.8383
-51.2082
-119.233
-156.079
-157.554
-147.33
-112.913
-46.4116
-60.5467
-168.853
-116.668
-44.6843
-0.000586929
-2.01821e-23
-1.05458e-23
-4.34302e-24
-1.28711e-24
-1.28945e-24
-4.35036e-24
-1.056e-23
-2.02103e-23
-0.00060706
-44.8619
-117.489
-169.532
-61.141
-46.3039
-112.643
-147.422
-157.668
-156.242
-119.267
-51.3137
-90.6669
-214.834
-174.015
-0.0702239
-3.35215e-23
-2.03041e-23
-1.13116e-23
-4.90728e-24
-1.00445e-24
-2.46656e-24
-6.20942e-24
-1.30657e-23
-2.25486e-23
-3.61347e-23
-0.016401
-173.735
-195.191
-104.258
-74.3642
-146.488
-157.455
-161.043
-142.612
-84.1579
-11.0057
-99.8816
-169.286
-152.521
-79.9011
-0.00922935
-2.12491e-23
-1.08863e-23
-4.00975e-24
-5.69624e-25
-5.72134e-25
-4.01669e-24
-1.08957e-23
-2.12551e-23
-0.0094165
-80.1317
-152.927
-169.553
-99.5661
-10.9623
-84.5449
-142.422
-161.147
-157.614
-146.82
-74.6454
-106.88
-203.309
-182.851
-0.0215303
-3.63833e-23
-2.26515e-23
-1.30976e-23
-6.21014e-24
-2.4481e-24
-5.51232e-24
-8.89068e-24
-1.61259e-23
-2.47688e-23
-3.53588e-23
-3.6303e-07
-0.123642
-167.79
-70.1187
-104.238
-157.495
-167.254
-171.464
-76.232
-2.60681
-0.000381047
-12.6168
-132.636
-186.172
-77.8959
-0.129274
-8.84153e-17
-1.16852e-23
-4.2811e-24
-4.96746e-25
-4.9971e-25
-4.28853e-24
-1.1693e-23
-9.23002e-17
-0.132179
-77.2544
-187.38
-133.032
-12.9083
-0.000388335
-2.58274
-76.0458
-171.351
-167.268
-157.534
-104.39
-70.4398
-170.459
-0.0985371
-2.40468e-07
-3.52294e-23
-2.46796e-23
-1.60582e-23
-8.84563e-24
-5.46249e-24
-9.47913e-24
-1.32047e-23
-2.15398e-23
-2.86845e-23
-3.50394e-23
-3.31826e-14
-0.00354563
-86.797
-51.9481
-135.902
-161.305
-185.864
-107.337
-22.5583
-1.21991e-05
-3.11619e-14
-0.173728
-65.4158
-158.593
-79.3724
-7.40678
-4.89163e-08
-1.35265e-23
-5.10903e-24
-9.05134e-25
-9.09413e-25
-5.1193e-24
-1.35399e-23
-4.95353e-08
-7.59073
-80.3414
-159.911
-66.0541
-0.180607
-3.42582e-14
-1.19908e-05
-22.4843
-107.245
-185.801
-161.255
-135.812
-51.885
-87.7538
-0.00385419
-3.61613e-14
-3.47255e-23
-2.8434e-23
-2.13663e-23
-1.31202e-23
-9.41111e-24
-1.29315e-23
-2.0037e-23
-4.50399e-22
-7.35476e-20
-9.57321e-12
-0.000324067
-9.45943
-113.427
-86.6183
-148.818
-170.273
-115.297
-66.6475
-0.0228513
-1.48427e-13
-3.60273e-24
-0.00262897
-84.2114
-163.364
-129.404
-62.7929
-0.000332548
-1.55828e-23
-6.17629e-24
-1.60012e-24
-1.60721e-24
-6.19017e-24
-1.5595e-23
-0.00034006
-62.6141
-130.262
-164.725
-84.3328
-0.00265858
-3.60178e-24
-1.43854e-13
-0.0226634
-66.5445
-115.19
-170.194
-148.72
-86.5839
-113.215
-9.63829
-0.000329773
-9.61391e-12
-7.67321e-20
-4.43564e-22
-1.99477e-23
-1.28759e-23
-1.32126e-23
-1.52011e-06
-0.0236389
-0.201734
-0.246507
-18.3687
-216.78
-237.6
-101.261
-128.298
-142.761
-77.5009
-5.60085
-1.50013e-07
-3.60498e-24
-3.77235e-24
-1.62073e-05
-34.5964
-149.582
-163.819
-75.4346
-0.00891777
-1.61101e-23
-7.16438e-24
-2.44155e-24
-2.4558e-24
-7.18434e-24
-1.61001e-23
-0.00922299
-76.3004
-164.985
-150.623
-34.8226
-1.67512e-05
-3.77079e-24
-3.59731e-24
-1.49333e-07
-5.5817
-77.4888
-142.403
-128.142
-101.183
-236.472
-216.647
-18.1469
-0.250277
-0.189871
-0.0206995
-1.2447e-06
-1.31927e-23
-7.61527e-24
-0.0193781
-203.522
-208.564
-149.395
-224.59
-227.571
-305.09
-343.409
-182.729
-136.704
-194.809
-0.194932
-7.97985e-16
-2.33336e-24
-3.11815e-24
-2.92086e-10
-5.47125
-61.1709
-106.631
-30.8803
-5.03151
-1.22031e-11
-8.64195e-24
-3.43179e-24
-3.46757e-24
-8.68646e-24
-1.57667e-11
-5.13144
-31.4638
-107.802
-61.8087
-5.38816
-3.45792e-10
-3.11373e-24
-2.32618e-24
-7.87595e-16
-0.194187
-194.608
-136.603
-182.504
-342.877
-305.301
-227.521
-224.407
-149.67
-209.533
-204.061
-0.0183918
-7.59156e-24
-3.74212e-24
-0.0197111
-166.368
-183.213
-137.315
-396.005
-230.305
-224.934
-509.522
-576.176
-587.691
-252.712
-0.029569
-3.87383e-20
-1.36929e-24
-2.50583e-24
-1.66819e-18
-0.96716
-36.3033
-75.1575
-46.6779
-33.9141
-0.000433119
-5.94586e-21
-4.37455e-24
-4.47538e-24
-5.82608e-21
-0.000506518
-33.6606
-47.4473
-76.2101
-36.7502
-0.940245
-2.95911e-18
-2.49948e-24
-1.36126e-24
-3.84689e-20
-0.029465
-252.192
-587.715
-575.86
-509.311
-225.26
-230.334
-395.535
-137.285
-183.948
-166.403
-0.0202069
-3.74867e-24
-3.6721e-24
-2.3477e-06
-0.024473
-0.135487
-0.245394
-7.60772
-106.654
-203.654
-407.748
-477.358
-473.286
-221.93
-0.00222481
-1.33693e-21
-6.88986e-25
-2.87448e-24
-5.81521e-07
-13.9826
-19.9605
-35.1528
-39.9193
-16.7523
-20.0255
-0.00541397
-2.1461e-09
-6.97945e-10
-0.00474815
-21.6791
-17.2639
-40.7649
-35.6565
-20.1774
-13.9497
-6.31307e-07
-2.87764e-24
-6.81159e-25
-1.31805e-21
-0.00220843
-221.357
-472.072
-476.239
-406.958
-203.721
-106.572
-7.54875
-0.245347
-0.140099
-0.0263462
-2.60645e-06
-3.72499e-24
-3.14007e-24
-1.16198e-23
-1.97488e-23
-1.61503e-19
-5.96773e-10
-0.28001
-16.6506
-27.4929
-37.4122
-64.7307
-37.5444
-59.0963
-0.0530982
-3.12913e-15
-5.41935e-25
-3.77375e-24
-0.0108043
-46.3516
-43.6604
-17.1767
-17.2122
-21.4118
-26.2032
-110.905
-0.00188199
-0.00205396
-116.389
-28.6502
-22.1735
-17.597
-17.2992
-44.2519
-46.9978
-0.0128467
-3.7939e-24
-5.30523e-25
-2.97647e-15
-0.0524617
-59.1702
-37.4542
-64.7579
-37.334
-27.4585
-16.7013
-0.281284
-5.95159e-10
-1.53428e-19
-1.96126e-23
-1.16148e-23
-3.18283e-24
-2.57377e-24
-9.91484e-24
-1.96725e-23
-2.73553e-23
-0.000847529
-44.7964
-27.1507
-42.1953
-32.8284
-14.7946
-46.4986
-22.7348
-21.6266
-0.000603364
-2.52468e-24
-5.85841e-24
-0.0343722
-89.4999
-49.6278
-6.38437
-23.0103
-16.4591
-17.2412
-170.808
-0.0778116
-0.0890806
-103.253
-19.0919
-16.4007
-22.9747
-6.30885
-50.0699
-77.4191
-0.0434016
-5.87546e-24
-2.49328e-24
-0.00059864
-21.558
-22.6989
-46.4769
-14.7651
-32.7465
-42.1263
-27.1463
-44.6624
-0.000844924
-2.72356e-23
-1.95784e-23
-9.89044e-24
-2.59784e-24
-2.55556e-24
-1.14312e-23
-2.7071e-23
-1.25886e-06
-14.3688
-26.7874
-40.3689
-29.5942
-18.3975
-9.05727
-55.2668
-32.14
-50.4026
-5.6265
-2.78741e-07
-1.28143e-23
-8.95043e-06
-1.08477
-9.35073
-1.23737
-0.669902
-1.98189
-4.86615
-0.855494
-0.000216705
-0.000273366
-1.18174
-5.89929
-2.19921
-0.649585
-1.19686
-10.0614
-1.29259
-1.21631e-05
-1.28451e-23
-2.74062e-07
-5.58395
-50.3689
-32.1166
-55.2216
-9.04148
-18.3461
-29.5493
-40.3289
-26.7591
-14.3139
-1.24598e-06
-2.69806e-23
-1.14025e-23
-2.56903e-24
-3.14895e-24
-1.43077e-23
-3.79323e-23
-0.0065866
-18.7403
-27.6622
-29.7776
-24.4484
-3.55685
-28.1076
-34.7324
-48.455
-18.3975
-26.8395
-0.173586
-2.41962e-23
-3.62022e-23
-6.12157e-23
-8.19646e-23
-9.40715e-23
-1.0115e-22
-1.05729e-22
-1.04934e-22
-9.32344e-23
-7.62046e-23
-7.74158e-23
-9.54949e-23
-1.06012e-22
-1.05658e-22
-1.00893e-22
-9.38785e-23
-8.19779e-23
-6.13947e-23
-3.63312e-23
-2.41757e-23
-0.172647
-26.7588
-18.3819
-48.4113
-34.76
-28.1269
-3.54844
-24.4194
-29.7472
-27.6336
-18.7137
-0.00656901
-3.78448e-23
-1.42811e-23
-3.15939e-24
-4.31036e-24
-1.67578e-23
-4.58984e-23
-0.722227
-16.0097
-24.128
-20.8543
-2.62501
-1.23482e-05
-0.01862
-77.7749
-10.0548
-18.9977
-62.1415
-2.53574
-4.27277e-23
-3.64204e-23
-4.37014e-23
-5.32801e-23
-6.06173e-23
-6.53188e-23
-6.76006e-23
-6.67364e-23
-6.21207e-23
-5.68993e-23
-5.72935e-23
-6.29226e-23
-6.72826e-23
-6.77685e-23
-6.53236e-23
-6.06017e-23
-5.33187e-23
-4.37794e-23
-3.64641e-23
-4.26864e-23
-2.53885
-62.2562
-18.9801
-10.0403
-77.8996
-0.0185355
-1.23134e-05
-2.62845
-20.8362
-24.1053
-15.9945
-0.72289
-4.58223e-23
-1.6736e-23
-4.31909e-24
-5.50523e-24
-1.72164e-23
-4.65398e-23
-0.543054
-37.9664
-21.2026
-1.26186
-7.5561e-07
-2.30514e-23
-2.28943e-09
-0.00124142
-0.1228
-3.40532
-4.59954
-0.00250246
-4.84178e-23
-3.37779e-23
-3.17489e-23
-3.39623e-23
-3.68049e-23
-3.89649e-23
-3.99787e-23
-3.95786e-23
-3.79191e-23
-3.62853e-23
-3.64215e-23
-3.82166e-23
-3.98333e-23
-4.01153e-23
-3.9023e-23
-3.68361e-23
-3.39979e-23
-3.17866e-23
-3.37935e-23
-4.83882e-23
-0.00252042
-4.62556
-3.41777
-0.122236
-0.00123437
-2.27764e-09
-2.30424e-23
-7.56219e-07
-1.2643
-21.1866
-37.9328
-0.543749
-4.64781e-23
-1.71975e-23
-5.50899e-24
-5.31816e-24
-1.42785e-23
-3.67608e-23
-0.000269702
-0.580855
-0.110661
-7.24372e-07
-2.47999e-23
-1.81436e-23
-2.10939e-23
-2.97202e-23
-3.9088e-23
-4.69696e-23
-5.12065e-23
-4.6146e-23
-3.21278e-23
-2.37487e-23
-2.028e-23
-1.9509e-23
-1.98048e-23
-2.02613e-23
-2.04359e-23
-2.01548e-23
-1.95202e-23
-1.8979e-23
-1.90268e-23
-1.96309e-23
-2.02655e-23
-2.05131e-23
-2.03078e-23
-1.98351e-23
-1.95335e-23
-2.02988e-23
-2.37551e-23
-3.21162e-23
-4.61167e-23
-5.11809e-23
-4.69509e-23
-3.90703e-23
-2.97028e-23
-2.10805e-23
-1.81344e-23
-2.47899e-23
-7.25737e-07
-0.110876
-0.581826
-0.000270074
-3.67133e-23
-1.42606e-23
-5.31491e-24
-3.2506e-24
-8.73451e-24
-1.86916e-23
-2.9849e-23
-2.88871e-23
-2.26797e-23
-1.63141e-23
-1.08242e-23
-8.39846e-24
-8.73582e-24
-1.10085e-23
-1.41449e-23
-1.74399e-23
-2.01086e-23
-2.00966e-23
-1.67819e-23
-1.32459e-23
-1.07381e-23
-9.28924e-24
-8.53436e-24
-8.11554e-24
-7.79376e-24
-7.45486e-24
-7.10995e-24
-6.88102e-24
-6.89679e-24
-7.14801e-24
-7.49662e-24
-7.82712e-24
-8.13854e-24
-8.54999e-24
-9.30033e-24
-1.07449e-23
-1.32472e-23
-1.67775e-23
-2.00885e-23
-2.01013e-23
-1.74335e-23
-1.41381e-23
-1.10016e-23
-8.72971e-24
-8.3932e-24
-1.08182e-23
-1.63035e-23
-2.2659e-23
-2.88512e-23
-2.98046e-23
-1.86601e-23
-8.71848e-24
-3.24315e-24
-1.24714e-24
-4.92059e-24
-9.0865e-24
-1.01255e-23
-6.10455e-24
-2.53059e-24
-1.85549e-24
-1.72904e-24
-1.49797e-24
-1.45606e-24
-1.83215e-24
-2.80908e-24
-4.59231e-24
-6.94622e-24
-8.59228e-24
-8.43066e-24
-7.03861e-24
-5.35831e-24
-3.92444e-24
-2.86401e-24
-2.11509e-24
-1.57871e-24
-1.18269e-24
-9.01037e-25
-7.49419e-25
-7.53558e-25
-9.10909e-25
-1.1931e-24
-1.58593e-24
-2.11811e-24
-2.86353e-24
-3.92158e-24
-5.35399e-24
-7.03362e-24
-8.42588e-24
-8.58862e-24
-6.94413e-24
-4.59109e-24
-2.8079e-24
-1.8309e-24
-1.45497e-24
-1.49721e-24
-1.72835e-24
-1.85367e-24
-2.52438e-24
-6.08879e-24
-1.01011e-23
-9.06457e-24
-4.9081e-24
-1.24166e-24
-1.23839e-24
-4.91499e-24
-9.08037e-24
-1.01172e-23
-6.09383e-24
-2.52017e-24
-1.84719e-24
-1.72266e-24
-1.4925e-24
-1.45066e-24
-1.82657e-24
-2.80375e-24
-4.58798e-24
-6.94321e-24
-8.59116e-24
-8.43319e-24
-7.04644e-24
-5.37274e-24
-3.94695e-24
-2.89707e-24
-2.16238e-24
-1.64409e-24
-1.26802e-24
-1.00366e-24
-8.61196e-25
-8.62993e-25
-1.00703e-24
-1.26894e-24
-1.63973e-24
-2.15206e-24
-2.88178e-24
-3.92887e-24
-5.3548e-24
-7.03147e-24
-8.42282e-24
-8.58541e-24
-6.94089e-24
-4.58797e-24
-2.80507e-24
-1.82837e-24
-1.45262e-24
-1.49473e-24
-1.72538e-24
-1.84989e-24
-2.51994e-24
-6.08426e-24
-1.00973e-23
-9.06236e-24
-4.9074e-24
-1.24203e-24
-3.2255e-24
-8.71989e-24
-1.86777e-23
-2.98299e-23
-2.88555e-23
-2.26477e-23
-1.62896e-23
-1.08065e-23
-8.38311e-24
-8.71946e-24
-1.099e-23
-1.41259e-23
-1.74225e-23
-2.00926e-23
-2.00844e-23
-1.6783e-23
-1.32651e-23
-1.07774e-23
-9.35116e-24
-8.62561e-24
-8.2493e-24
-7.98619e-24
-7.71679e-24
-7.4353e-24
-7.24088e-24
-7.24849e-24
-7.45128e-24
-7.72805e-24
-7.98419e-24
-8.23214e-24
-8.59559e-24
-9.3134e-24
-1.07395e-23
-1.32344e-23
-1.67637e-23
-2.00756e-23
-2.00894e-23
-1.74229e-23
-1.41293e-23
-1.09944e-23
-8.72326e-24
-8.3863e-24
-1.08094e-23
-1.62912e-23
-2.26431e-23
-2.88339e-23
-2.97892e-23
-1.86522e-23
-8.71636e-24
-3.24492e-24
-5.28065e-24
-1.42624e-23
-3.67573e-23
-0.000269239
-0.579883
-0.110484
-7.23843e-07
-2.47759e-23
-1.81224e-23
-2.10659e-23
-2.96826e-23
-3.90465e-23
-4.69251e-23
-5.11509e-23
-4.60869e-23
-3.21079e-23
-2.37702e-23
-2.03365e-23
-1.95945e-23
-1.99272e-23
-2.04501e-23
-2.07362e-23
-2.06083e-23
-2.01266e-23
-1.96716e-23
-1.97008e-23
-2.0189e-23
-2.06598e-23
-2.07538e-23
-2.04318e-23
-1.98791e-23
-1.95263e-23
-2.02652e-23
-2.37149e-23
-3.20802e-23
-4.60864e-23
-5.11542e-23
-4.69286e-23
-3.90546e-23
-2.96926e-23
-2.10722e-23
-1.81249e-23
-2.47765e-23
-7.25963e-07
-0.110912
-0.58203
-0.000270184
-3.66954e-23
-1.42567e-23
-5.31943e-24
-5.46288e-24
-1.72128e-23
-4.65837e-23
-0.54235
-37.9735
-21.1995
-1.25851
-7.53253e-07
-2.30329e-23
-2.2975e-09
-0.00123819
-0.122198
-3.40464
-4.59843
-0.0025039
-4.83492e-23
-3.38011e-23
-3.18232e-23
-3.40481e-23
-3.68999e-23
-3.91277e-23
-4.03191e-23
-4.02321e-23
-3.89263e-23
-3.74943e-23
-3.75882e-23
-3.91167e-23
-4.03799e-23
-4.03774e-23
-3.91112e-23
-3.68255e-23
-3.39283e-23
-3.16925e-23
-3.37078e-23
-4.83251e-23
-0.00255905
-4.68956
-3.4561
-0.122826
-0.00123992
-2.28926e-09
-2.3033e-23
-7.56986e-07
-1.26497
-21.1767
-37.9138
-0.543927
-4.64475e-23
-1.71909e-23
-5.51661e-24
-4.27095e-24
-1.67767e-23
-4.60058e-23
-0.720847
-16.0201
-24.1434
-20.8657
-2.61222
-1.23053e-05
-0.0185372
-77.9856
-10.0409
-18.9556
-62.1768
-2.51829
-4.26256e-23
-3.64795e-23
-4.38252e-23
-5.33352e-23
-6.05645e-23
-6.52624e-23
-6.77661e-23
-6.75325e-23
-6.37506e-23
-5.89854e-23
-5.9282e-23
-6.42869e-23
-6.78769e-23
-6.78707e-23
-6.52388e-23
-6.04564e-23
-5.31301e-23
-4.35832e-23
-3.63242e-23
-4.26254e-23
-2.57051
-62.4859
-18.9927
-10.0395
-77.7411
-0.0186087
-1.23252e-05
-2.62894
-20.8245
-24.0913
-15.9853
-0.723035
-4.57768e-23
-1.67244e-23
-4.32825e-24
-3.11541e-24
-1.43486e-23
-3.80935e-23
-0.00656129
-18.7856
-27.6907
-29.8071
-24.4682
-3.53493
-28.1371
-34.6593
-48.328
-18.3464
-26.6945
-0.1707
-2.41383e-23
-3.64066e-23
-6.14925e-23
-8.19335e-23
-9.36277e-23
-1.00458e-22
-1.0506e-22
-1.05529e-22
-9.58753e-23
-7.98163e-23
-8.08222e-23
-9.73493e-23
-1.06201e-22
-1.05091e-22
-1.00379e-22
-9.35161e-23
-8.16065e-23
-6.10091e-23
-3.60985e-23
-2.41294e-23
-0.174389
-26.7523
-18.3873
-48.4165
-34.7714
-28.1049
-3.54447
-24.4009
-29.7281
-27.6156
-18.6964
-0.006588
-3.77861e-23
-1.42638e-23
-3.16854e-24
-2.51973e-24
-1.14807e-23
-2.72575e-23
-1.25361e-06
-14.333
-26.821
-40.4184
-29.6199
-18.3955
-9.04056
-55.1453
-32.0576
-50.2705
-5.50615
-2.68963e-07
-1.28634e-23
-1.42739e-05
-1.41991
-10.4502
-1.15798
-0.60924
-1.82563
-6.53499
-1.65602
-0.000495394
-0.000828882
-3.21403
-11.6221
-1.79424
-0.591666
-1.15948
-8.97839
-1.05433
-8.87113e-06
-1.27856e-23
-2.74924e-07
-5.62311
-50.4068
-32.1274
-55.2456
-9.04254
-18.3265
-29.5222
-40.3042
-26.7423
-14.3548
-1.25715e-06
-2.69136e-23
-1.13817e-23
-2.58005e-24
-2.51648e-24
-9.94497e-24
-1.98786e-23
-2.76384e-23
-0.000845192
-45.0125
-27.2038
-42.2399
-32.806
-14.772
-46.4379
-22.6704
-21.4703
-0.000590544
-2.46644e-24
-5.90125e-24
-0.0496568
-70.7043
-50.2768
-6.27608
-22.7926
-16.159
-18.9686
-88.7277
-0.193892
-0.381423
-54.5743
-21.1477
-16.878
-22.9802
-6.31552
-49.1995
-90.3551
-0.0340271
-5.8633e-24
-2.51914e-24
-0.000603753
-21.6049
-22.7133
-46.5178
-14.7589
-32.7154
-42.0728
-27.1438
-44.6181
-0.000848093
-2.71469e-23
-1.94946e-23
-9.87272e-24
-2.61732e-24
-3.04527e-24
-1.15532e-23
-2.22764e-23
-1.97749e-19
-6.14275e-10
-0.280276
-16.8545
-27.554
-37.4129
-65.1889
-37.453
-59.5507
-0.0519288
-2.99205e-15
-5.21685e-25
-3.81894e-24
-0.014231
-47.1047
-44.4359
-17.2036
-17.4089
-21.9571
-29.0027
-87.2147
-0.00470147
-0.0143086
-59.8703
-32.8752
-23.4323
-18.1317
-17.3683
-43.9777
-45.9901
-0.0106993
-3.78727e-24
-5.43786e-25
-2.96344e-15
-0.0524897
-58.9793
-37.4595
-64.5576
-37.2598
-27.3944
-16.709
-0.282888
-5.41631e-10
-1.25829e-19
-1.94595e-23
-1.16247e-23
-3.2183e-24
-3.55986e-24
-1.15575e-06
-0.0149205
-0.112068
-0.255134
-7.59766
-106.65
-204.009
-407.231
-476.217
-472.189
-221.52
-0.00218386
-1.26211e-21
-6.7584e-25
-2.88516e-24
-6.4366e-07
-13.6866
-20.0961
-35.3619
-40.2186
-16.9368
-19.3376
-0.00930803
-4.94643e-09
-3.11963e-08
-0.0237779
-19.8967
-17.7578
-41.6155
-36.0466
-20.2785
-14.7401
-5.84323e-07
-2.89249e-24
-6.92767e-25
-1.28709e-21
-0.00219807
-221.581
-472.195
-475.89
-406.149
-203.581
-106.297
-7.49056
-0.226804
-0.134476
-0.0273244
-2.8981e-06
-3.77269e-24
-3.68535e-24
-0.0116948
-164.001
-179.957
-136.98
-395.475
-230.65
-225.883
-510.048
-579.203
-590.737
-252.769
-0.0291361
-3.66711e-20
-1.3565e-24
-2.49298e-24
-1.94249e-18
-0.903034
-36.4489
-75.463
-46.8311
-32.1174
-0.000469585
-1.77688e-20
-5.00451e-24
-5.46385e-24
-3.79106e-21
-0.000500095
-31.3801
-48.0473
-76.9415
-37.0075
-1.0928
-1.99316e-18
-2.5299e-24
-1.37268e-24
-3.74268e-20
-0.0292294
-252.62
-588.934
-577.533
-509.705
-225.864
-231.523
-398.149
-138.326
-185.941
-166.602
-0.0243236
-3.78562e-24
-7.41822e-24
-0.0133497
-202.532
-206.082
-149.408
-224.321
-227.589
-305.69
-346.196
-183.56
-137.152
-195.533
-0.192276
-7.67965e-16
-2.32397e-24
-3.10002e-24
-3.0599e-10
-5.20439
-61.354
-106.923
-30.934
-4.73257
-1.22076e-11
-8.44764e-24
-3.79385e-24
-3.95801e-24
-8.66997e-24
-1.61473e-11
-5.5999
-31.9578
-108.035
-61.9357
-6.01645
-3.16183e-10
-3.14821e-24
-2.33218e-24
-7.74352e-16
-0.192299
-195.232
-137.141
-183.402
-345.606
-305.969
-228.359
-225.728
-151.452
-212.807
-206.584
-0.0238027
-7.75927e-24
-1.30818e-23
-1.36174e-06
-0.022938
-0.202836
-0.255669
-18.457
-216.99
-239.68
-102.039
-128.383
-142.609
-77.7808
-5.5584
-1.48559e-07
-3.60195e-24
-3.7621e-24
-1.59443e-05
-34.4319
-149.994
-164.273
-75.4523
-0.0086873
-1.55701e-23
-7.03259e-24
-2.62833e-24
-2.69682e-24
-7.14332e-24
-1.55846e-23
-0.00943597
-76.4729
-164.118
-149.818
-35.3634
-1.7602e-05
-3.78829e-24
-3.59187e-24
-1.48679e-07
-5.54761
-77.7697
-142.654
-128.47
-102.039
-239.836
-217.602
-18.45
-0.240518
-0.205295
-0.0257896
-1.80888e-06
-1.35611e-23
-1.2905e-23
-2.01729e-23
-5.05984e-22
-8.35642e-20
-9.65921e-12
-0.000321777
-9.38708
-113.817
-86.6411
-148.888
-170.38
-115.27
-66.5532
-0.0228
-1.47762e-13
-3.60348e-24
-0.00259435
-84.5429
-163.703
-129.839
-62.1868
-0.000328097
-1.52375e-23
-6.08226e-24
-1.68797e-24
-1.72206e-24
-6.153e-24
-1.53049e-23
-0.000344168
-61.511
-129.403
-164.494
-83.0383
-0.00278012
-3.5936e-24
-1.43388e-13
-0.0226263
-66.5405
-115.277
-170.433
-148.928
-86.6768
-113.77
-9.33584
-0.000314712
-9.25904e-12
-7.22123e-20
-4.36946e-22
-2.02541e-23
-1.32475e-23
-9.50447e-24
-1.32921e-23
-2.17196e-23
-2.88995e-23
-3.52938e-23
-3.3719e-14
-0.00343717
-86.322
-52.151
-135.946
-161.392
-185.822
-107.236
-22.5573
-1.21855e-05
-3.37268e-14
-0.174551
-65.3734
-158.773
-79.4727
-7.38873
-4.90915e-08
-1.33109e-23
-5.03787e-24
-9.36595e-25
-9.55183e-25
-5.08257e-24
-1.3368e-23
-4.91715e-08
-7.6719
-80.6935
-160.042
-66.5298
-0.184434
-3.11276e-14
-1.19693e-05
-22.4496
-107.194
-185.795
-161.355
-135.978
-52.1546
-87.1207
-0.00364661
-3.41481e-14
-3.49982e-23
-2.86082e-23
-2.15241e-23
-1.33087e-23
-9.69883e-24
-5.54209e-24
-8.93492e-24
-1.61972e-23
-2.48498e-23
-3.54595e-23
-6.06044e-07
-0.164978
-164.642
-69.9224
-104.08
-157.488
-167.156
-171.318
-76.168
-2.61067
-0.000383594
-12.6182
-132.54
-186.174
-78.1723
-0.128597
-9.58631e-17
-1.15421e-23
-4.22158e-24
-4.95301e-25
-5.05147e-25
-4.24546e-24
-1.1567e-23
-8.2056e-17
-0.135344
-75.4396
-187.71
-132.957
-13.0932
-0.000393725
-2.58405
-76.075
-171.236
-167.108
-157.395
-104.14
-69.7933
-167.087
-0.1533
-4.96004e-07
-3.53091e-23
-2.47083e-23
-1.61101e-23
-8.93844e-24
-5.64043e-24
-2.47922e-24
-6.21429e-24
-1.30509e-23
-2.2475e-23
-3.59301e-23
-0.0113763
-165.479
-188.738
-102.327
-74.0518
-146.172
-157.261
-160.881
-142.482
-84.0444
-11.0172
-100.183
-169.271
-152.735
-80.014
-0.0091653
-2.10991e-23
-1.0785e-23
-3.95741e-24
-5.49537e-25
-5.54284e-25
-3.96834e-24
-1.0793e-23
-2.10881e-23
-0.00965722
-79.7303
-152.247
-169.095
-98.1038
-10.959
-84.3392
-142.389
-160.877
-157.267
-146.243
-74.2862
-102.748
-190.667
-170.446
-0.00941841
-3.59804e-23
-2.245e-23
-1.30232e-23
-6.21603e-24
-2.52259e-24
-9.99978e-25
-4.85927e-24
-1.11534e-23
-1.98866e-23
-3.24637e-23
-0.0180036
-152.574
-203.207
-99.2364
-51.1228
-119.157
-155.893
-157.406
-147.217
-112.82
-46.4337
-60.4395
-168.979
-116.729
-44.615
-0.000596577
-2.00853e-23
-1.04728e-23
-4.29598e-24
-1.2567e-24
-1.25854e-24
-4.29974e-24
-1.04737e-23
-2.00781e-23
-0.000598602
-44.8401
-117.665
-169.156
-61.6402
-45.9318
-112.643
-147.061
-157.376
-155.893
-119.426
-50.9355
-98.862
-203.982
-157.921
-0.0149965
-3.26241e-23
-1.99175e-23
-1.11488e-23
-4.85511e-24
-1.00685e-24
-1.4797e-24
-5.02653e-24
-1.06755e-23
-1.74818e-23
-2.54325e-23
-3.00005e-06
-0.0132041
-0.018445
-0.00763098
-22.0191
-71.1208
-172.736
-166.554
-151.567
-129.6
-100.31
-103.706
-163.39
-99.7296
-39.9429
-0.000548416
-1.90255e-23
-1.06134e-23
-5.382e-24
-2.81436e-24
-2.81459e-24
-5.38165e-24
-1.06098e-23
-1.90154e-23
-0.000527851
-39.9842
-100.387
-164.516
-104.827
-100.805
-129.551
-151.571
-166.611
-172.865
-71.4332
-22.4525
-0.0075863
-0.0163565
-0.0110974
-2.46896e-06
-2.55021e-23
-1.74864e-23
-1.06572e-23
-5.00555e-24
-1.45406e-24
-4.02673e-24
-7.16031e-24
-1.28574e-23
-1.80644e-23
-2.15067e-23
-2.28843e-23
-2.09394e-23
-1.76359e-23
-1.50091e-16
-0.00150872
-53.2561
-124.543
-191.026
-166.383
-149.981
-137.903
-144.55
-184.544
-118.728
-61.4864
-0.00432792
-1.78846e-23
-1.13662e-23
-7.51485e-24
-5.50045e-24
-5.49988e-24
-7.51252e-24
-1.13604e-23
-1.78728e-23
-0.00420161
-61.973
-119.617
-185.723
-145.512
-138.482
-150.282
-166.591
-191.111
-124.507
-53.4651
-0.00160155
-1.84339e-16
-1.74968e-23
-2.07445e-23
-2.28168e-23
-2.14536e-23
-1.80089e-23
-1.28041e-23
-7.11483e-24
-3.96982e-24
-8.09558e-24
-1.16465e-23
-1.94421e-23
-2.47902e-23
-2.56383e-23
-2.25834e-23
-1.80708e-23
-1.42773e-23
-1.28595e-23
-3.02708e-09
-0.173057
-40.9429
-165.339
-176.395
-171.32
-166.334
-167.674
-173.74
-135.613
-62.7586
-0.0398418
-2.21043e-22
-1.32139e-23
-1.13252e-23
-9.66464e-24
-9.6639e-24
-1.13225e-23
-1.32082e-23
-1.93355e-22
-0.0392812
-62.4394
-136.454
-174.349
-168.432
-166.978
-171.826
-176.843
-165.805
-41.1327
-0.176098
-3.21073e-09
-1.27966e-23
-1.41759e-23
-1.79278e-23
-2.24436e-23
-2.55061e-23
-2.46725e-23
-1.93468e-23
-1.15754e-23
-8.01398e-24
-1.19831e-23
-1.85591e-23
-3.33513e-23
-1.31095e-22
-9.60052e-23
-3.35537e-23
-2.51127e-23
-1.81371e-23
-1.28119e-23
-9.326e-24
-3.96012e-07
-25.8343
-145.821
-217.232
-195.817
-192.525
-189.673
-185.961
-173.707
-78.1875
-2.5763
-3.41094e-11
-1.8071e-23
-1.82831e-23
-1.54983e-23
-1.54978e-23
-1.82815e-23
-1.80683e-23
-3.15525e-11
-2.56121
-78.7143
-174.574
-186.747
-190.454
-193.247
-196.469
-217.9
-146.248
-26.0037
-4.05149e-07
-9.29476e-24
-1.27531e-23
-1.80363e-23
-2.49624e-23
-3.3366e-23
-8.96418e-23
-1.22593e-22
-3.32074e-23
-1.84671e-23
-1.18922e-23
-1.28789e-23
-2.73677e-23
-1.96159e-05
-0.0407816
-0.0207369
-0.000150282
-0.000432862
-0.00117051
-0.000251147
-0.000133649
-0.000330178
-1.87574
-60.0999
-156.513
-208.345
-221.576
-215.227
-208.473
-227.081
-145.484
-29.2696
-3.90751e-06
-1.14799e-09
-7.96689e-08
-3.33732e-10
-3.42338e-10
-8.16887e-08
-1.17332e-09
-3.78784e-06
-29.3411
-146.227
-228.162
-209.364
-216.083
-222.393
-209.068
-157.115
-60.3821
-1.90307
-0.000334693
-0.000135233
-0.000252493
-0.00116404
-0.000428371
-0.000148297
-0.0204708
-0.0402861
-1.93926e-05
-2.72638e-23
-1.28021e-23
-8.98215e-24
-3.36829e-23
-0.0127111
-269.149
-218.303
-70.7527
-229.451
-109.876
-57.1773
-55.1424
-63.3428
-70.7558
-34.8817
-133.896
-291.688
-280.654
-246.262
-209.071
-174.529
-137.493
-40.0261
-1.66671
-0.806196
-51.4941
-0.00668032
-0.00669377
-51.4995
-0.806541
-1.67247
-40.2085
-138.129
-175.295
-209.931
-247.203
-281.644
-292.589
-134.296
-34.9574
-70.528
-63.3442
-55.1773
-57.1856
-109.741
-228.829
-70.5611
-217.659
-268.382
-0.0125864
-3.35877e-23
-8.94068e-24
-7.83658e-24
-5.72648e-23
-0.016948
-107.922
-284.585
-304.953
-714.434
-430.021
-341.645
-356.569
-364.059
-272.241
-133.458
-301.951
-105971
-41793.6
-19528.2
-14218.7
-10173.2
-6052.55
-2394.7
-611.452
-303.704
-137.264
-0.683909
-0.682224
-137.435
-304.256
-613.375
-2404.42
-6078.35
-10215.8
-14275
-19599.6
-41925.8
-106269
-302.447
-133.34
-271.431
-363.751
-356.341
-341.444
-429.792
-712.544
-304.191
-283.909
-107.684
-0.0167919
-5.71397e-23
-7.81936e-24
