-1.31027e-10
-4.97288
-16.321
-25.0829
-34.0434
-36.2971
-46.7759
-49.3288
-51.3001
-53.9727
-55.3062
-52.6949
-60.2363
-164.167
-56191.3
-21800.8
-9993.03
-7348.33
-5549.1
-3879.79
-2209.61
-879.92
-298.921
-114.797
-7.72218
-7.72218
-114.797
-298.921
-879.92
-2209.61
-3879.79
-5549.1
-7348.33
-9993.03
-21800.8
-56191.3
-164.167
-60.2363
-52.6949
-55.3062
-53.9727
-51.3001
-49.3288
-46.7759
-36.2971
-34.0434
-25.0829
-16.321
-4.97288
-1.31027e-10
-3.06991e-10
-6.41957
-27.0052
-20.6355
-25.7115
-18.865
-18.3387
-18.7735
-20.3895
-22.3304
-23.3655
-19.8946
-22.5708
-77.493
-156.024
-142.527
-122.34
-103.351
-86.516
-68.6941
-46.1426
-12.3516
-0.502381
-3.06418
-1.96998
-1.96998
-3.06418
-0.502381
-12.3516
-46.1426
-68.6941
-86.516
-103.351
-122.34
-142.527
-156.024
-77.493
-22.5708
-19.8946
-23.3655
-22.3304
-20.3895
-18.7735
-18.3387
-18.865
-25.7115
-20.6355
-27.0052
-6.41957
-3.06991e-10
-9.77101e-11
-2.34503
-96.9647
-35.8866
-50.6978
-13.8549
-0.961853
-0.495225
-0.429679
-0.391514
-1.80809
-17.4623
-45.2825
-92.2687
-107.838
-107.569
-101.974
-97.5779
-95.2533
-86.6429
-54.7688
-10.8814
-0.000323492
-7.51888e-07
-5.76157e-08
-5.76157e-08
-7.51888e-07
-0.000323492
-10.8814
-54.7688
-86.6429
-95.2533
-97.5779
-101.974
-107.569
-107.838
-92.2687
-45.2825
-17.4623
-1.80809
-0.391514
-0.429679
-0.495225
-0.961853
-13.8549
-50.6978
-35.8866
-96.9647
-2.34503
-9.77101e-11
-6.87004e-12
-0.0139847
-2.64748
-4.31878
-0.254753
-0.000585234
-5.52186e-10
-3.27403e-12
-2.48166e-12
-1.87732e-05
-2.47514
-42.9835
-71.9417
-94.3508
-90.9363
-85.9707
-84.6499
-91.0264
-102.568
-69.5768
-47.1848
-3.29971
-7.33733e-08
-7.62674e-12
-6.53081e-12
-6.53081e-12
-7.62674e-12
-7.33733e-08
-3.29971
-47.1848
-69.5768
-102.568
-91.0264
-84.6499
-85.9707
-90.9363
-94.3508
-71.9417
-42.9835
-2.47514
-1.87732e-05
-2.48166e-12
-3.27403e-12
-5.52186e-10
-0.000585234
-0.254753
-4.31878
-2.64748
-0.0139847
-6.87004e-12
-3.73212e-12
-5.19666e-12
-2.4329e-11
-4.27838e-11
-3.74042e-12
-2.33354e-12
-1.75389e-12
-1.9487e-12
-3.8083e-06
-0.196955
-26.6475
-62.6254
-103.142
-90.1954
-78.7074
-65.8898
-64.4276
-81.5439
-105.22
-62.2973
-27.9676
-0.239373
-7.25456e-12
-5.24542e-12
-4.05448e-12
-4.05448e-12
-5.24542e-12
-7.25456e-12
-0.239373
-27.9676
-62.2973
-105.22
-81.5439
-64.4276
-65.8898
-78.7074
-90.1954
-103.142
-62.6254
-26.6475
-0.196955
-3.8083e-06
-1.9487e-12
-1.75389e-12
-2.33354e-12
-3.74042e-12
-4.27838e-11
-2.4329e-11
-5.19666e-12
-3.73212e-12
-9.88964e-13
-1.79157e-12
-2.12687e-12
-1.53063e-12
-9.29853e-13
-8.48309e-13
-1.4201e-12
-2.21522e-07
-0.0642
-21.3143
-40.7251
-98.0057
-95.3704
-86.527
-72.3705
-35.2218
-42.3285
-71.7236
-93.7012
-51.7626
-28.2374
-0.0554692
-7.68834e-12
-4.22272e-12
-2.50794e-12
-2.50794e-12
-4.22272e-12
-7.68834e-12
-0.0554692
-28.2374
-51.7626
-93.7012
-71.7236
-42.3285
-35.2218
-72.3705
-86.527
-95.3704
-98.0057
-40.7251
-21.3143
-0.0642
-2.21522e-07
-1.4201e-12
-8.48309e-13
-9.29853e-13
-1.53063e-12
-2.12687e-12
-1.79157e-12
-9.88964e-13
-4.81506e-13
-1.98151e-12
-3.19257e-12
-3.11479e-12
-2.57101e-12
-2.29642e-12
-7.95103e-12
-0.00264857
-16.5944
-41.5382
-75.8617
-97.8147
-95.6177
-90.3637
-42.0273
-27.6686
-40.0838
-81.2273
-93.612
-49.8146
-31.8988
-0.0975487
-8.51073e-12
-3.8795e-12
-1.6134e-12
-1.6134e-12
-3.8795e-12
-8.51073e-12
-0.0975487
-31.8988
-49.8146
-93.612
-81.2273
-40.0838
-27.6686
-42.0273
-90.3637
-95.6177
-97.8147
-75.8617
-41.5382
-16.5944
-0.00264857
-7.95103e-12
-2.29642e-12
-2.57101e-12
-3.11479e-12
-3.19257e-12
-1.98151e-12
-4.81506e-13
-1.7119e-12
-5.67623e-08
-0.00811197
-0.519694
-0.563116
-0.0590077
-0.012016
-2.26595
-39.6883
-64.4456
-105.876
-101.738
-99.325
-48.5347
-14.4584
-7.2477
-44.3726
-84.9877
-100.656
-51.9887
-32.5238
-0.193154
-9.64009e-12
-3.91956e-12
-1.13457e-12
-1.13457e-12
-3.91956e-12
-9.64009e-12
-0.193154
-32.5238
-51.9887
-100.656
-84.9877
-44.3726
-7.2477
-14.4584
-48.5347
-99.325
-101.738
-105.876
-64.4456
-39.6883
-2.26595
-0.012016
-0.0590077
-0.563116
-0.519694
-0.00811197
-5.67623e-08
-1.7119e-12
-2.64825e-12
-0.0231395
-28.2777
-52.2681
-28.7053
-23.6038
-15.8811
-27.2055
-53.6213
-106.439
-105.298
-104.379
-51.9291
-13.9531
-0.0525035
-1.34154
-48.8954
-76.9061
-112.745
-56.5261
-31.5607
-0.286916
-1.075e-11
-4.118e-12
-8.95051e-13
-8.95051e-13
-4.118e-12
-1.075e-11
-0.286916
-31.5607
-56.5261
-112.745
-76.9061
-48.8954
-1.34154
-0.0525035
-13.9531
-51.9291
-104.379
-105.298
-106.439
-53.6213
-27.2055
-15.8811
-23.6038
-28.7053
-52.2681
-28.2777
-0.0231395
-2.64825e-12
-2.07146e-11
-2.63804
-59.9205
-19.6424
-29.784
-31.0917
-29.3191
-40.6637
-88.688
-98.0594
-104.909
-53.8467
-18.0781
-0.144697
-2.73313e-07
-0.307326
-43.3704
-73.3219
-127.577
-61.4497
-31.1764
-0.337502
-1.15722e-11
-4.31513e-12
-7.76022e-13
-7.76022e-13
-4.31513e-12
-1.15722e-11
-0.337502
-31.1764
-61.4497
-127.577
-73.3219
-43.3704
-0.307326
-2.73313e-07
-0.144697
-18.0781
-53.8467
-104.909
-98.0594
-88.688
-40.6637
-29.3191
-31.0917
-29.784
-19.6424
-59.9205
-2.63804
-2.07146e-11
-2.75614e-11
-2.74121
-84.8913
-22.7596
-25.9062
-29.2403
-27.4014
-47.9357
-73.9197
-93.6247
-55.5409
-23.9888
-0.577454
-2.49163e-06
-2.41172e-12
-0.0297185
-22.9511
-69.7019
-130.957
-62.6833
-31.5811
-0.360762
-1.20102e-11
-4.42983e-12
-7.07469e-13
-7.07469e-13
-4.42983e-12
-1.20102e-11
-0.360762
-31.5811
-62.6833
-130.957
-69.7019
-22.9511
-0.0297185
-2.41172e-12
-2.49163e-06
-0.577454
-23.9888
-55.5409
-93.6247
-73.9197
-47.9357
-27.4014
-29.2403
-25.9062
-22.7596
-84.8913
-2.74121
-2.75614e-11
-4.71105e-12
-0.0185085
-11.3483
-53.6458
-25.7127
-21.6835
-22.7422
-39.9509
-71.9023
-54.2783
-39.951
-4.17896
-3.23154e-05
-2.80709e-12
-2.77487e-12
-0.00557873
-21.2215
-61.7907
-120.463
-59.1939
-32.5822
-0.378724
-1.20806e-11
-4.44028e-12
-6.52878e-13
-6.52878e-13
-4.44028e-12
-1.20806e-11
-0.378724
-32.5822
-59.1939
-120.463
-61.7907
-21.2215
-0.00557873
-2.77487e-12
-2.80709e-12
-3.23154e-05
-4.17896
-39.951
-54.2783
-71.9023
-39.9509
-22.7422
-21.6835
-25.7127
-53.6458
-11.3483
-0.0185085
-4.71105e-12
-4.01143e-12
-4.1582e-10
-0.000189162
-0.0376336
-2.126
-17.0716
-33.4586
-52.9556
-67.8034
-26.7488
-27.2748
-0.00981653
-1.1457e-11
-2.08224e-12
-3.18603e-12
-0.00709708
-25.8176
-54.3339
-107.376
-53.6685
-35.3069
-0.383135
-1.18829e-11
-4.36541e-12
-5.97388e-13
-5.97388e-13
-4.36541e-12
-1.18829e-11
-0.383135
-35.3069
-53.6685
-107.376
-54.3339
-25.8176
-0.00709708
-3.18603e-12
-2.08224e-12
-1.1457e-11
-0.00981653
-27.2748
-26.7488
-67.8034
-52.9556
-33.4586
-17.0716
-2.126
-0.0376336
-0.000189162
-4.1582e-10
-4.01143e-12
-2.38729e-12
-4.68992e-12
-7.80793e-12
-9.44436e-12
-0.0233383
-25.5601
-33.5651
-78.3487
-50.4393
-35.0133
-1.6396
-2.21442e-06
-2.79062e-12
-1.72514e-12
-3.76176e-12
-0.0127065
-31.0664
-47.1559
-93.6282
-47.2357
-37.5805
-0.332854
-1.15766e-11
-4.25056e-12
-5.41397e-13
-5.41397e-13
-4.25056e-12
-1.15766e-11
-0.332854
-37.5805
-47.2357
-93.6282
-47.1559
-31.0664
-0.0127065
-3.76176e-12
-1.72514e-12
-2.79062e-12
-2.21442e-06
-1.6396
-35.0133
-50.4393
-78.3487
-33.5651
-25.5601
-0.0233383
-9.44436e-12
-7.80793e-12
-4.68992e-12
-2.38729e-12
-1.17292e-12
-3.55807e-12
-7.0295e-12
-2.64017e-08
-0.364289
-24.5718
-46.0709
-78.4278
-30.2245
-37.3983
-0.0136562
-5.21754e-12
-1.89942e-12
-1.62507e-12
-4.54535e-12
-0.0219093
-34.1471
-39.8385
-79.5035
-40.5073
-35.8469
-0.248087
-1.12614e-11
-4.14553e-12
-4.94697e-13
-4.94697e-13
-4.14553e-12
-1.12614e-11
-0.248087
-35.8469
-40.5073
-79.5035
-39.8385
-34.1471
-0.0219093
-4.54535e-12
-1.62507e-12
-1.89942e-12
-5.21754e-12
-0.0136562
-37.3983
-30.2245
-78.4278
-46.0709
-24.5718
-0.364289
-2.64017e-08
-7.0295e-12
-3.55807e-12
-1.17292e-12
-7.43557e-13
-3.76111e-12
-4.24832e-11
-0.00168955
-14.5475
-35.6899
-58.2898
-58.7328
-41.0789
-6.60274
-2.76388e-05
-3.94173e-12
-1.25777e-12
-1.72471e-12
-5.41978e-12
-0.0351333
-38.7406
-33.4581
-66.5051
-35.2746
-39.7509
-0.202255
-1.83566e-11
-4.11467e-12
-4.71985e-13
-4.71985e-13
-4.11467e-12
-1.83566e-11
-0.202255
-39.7509
-35.2746
-66.5051
-33.4581
-38.7406
-0.0351333
-5.41978e-12
-1.72471e-12
-1.25777e-12
-3.94173e-12
-2.76388e-05
-6.60274
-41.0789
-58.7328
-58.2898
-35.6899
-14.5475
-0.00168955
-4.24832e-11
-3.76111e-12
-7.43557e-13
-8.79955e-13
-4.86866e-12
-0.00115453
-2.87952
-71.4569
-50.8171
-58.1032
-38.2206
-31.6334
-0.202816
-2.56621e-11
-2.77857e-12
-8.00985e-13
-1.98471e-12
-1.00957e-08
-0.180931
-51.1222
-56.9511
-50.0749
-56.061
-53.0412
-2.4666
-0.000144591
-4.2869e-12
-4.90096e-13
-4.90096e-13
-4.2869e-12
-0.000144591
-2.4666
-53.0412
-56.061
-50.0749
-56.9511
-51.1222
-0.180931
-1.00957e-08
-1.98471e-12
-8.00985e-13
-2.77857e-12
-2.56621e-11
-0.202816
-31.6334
-38.2206
-58.1032
-50.8171
-71.4569
-2.87952
-0.00115453
-4.86866e-12
-8.79955e-13
-1.15771e-12
-2.71782e-08
-0.220182
-67.6948
-106.807
-104.892
-76.6939
-86.6436
-61.8723
-0.100978
-3.04113e-09
-2.00351e-12
-5.6032e-13
-2.48707e-12
-0.000509436
-5.98103
-110.732
-132.385
-97.1058
-131.853
-122.415
-46.8772
-0.0558931
-4.18146e-09
-5.57602e-13
-5.57602e-13
-4.18146e-09
-0.0558931
-46.8772
-122.415
-131.853
-97.1058
-132.385
-110.732
-5.98103
-0.000509436
-2.48707e-12
-5.6032e-13
-2.00351e-12
-3.04113e-09
-0.100978
-61.8723
-86.6436
-76.6939
-104.892
-106.807
-67.6948
-0.220182
-2.71782e-08
-1.15771e-12
-1.32338e-12
-0.00112366
-8.119
-96.9571
-161.867
-134.868
-102.337
-148.747
-123.699
-4.9148
-0.000551417
-1.5889e-12
-5.68501e-13
-4.89234e-06
-0.358491
-76.7221
-153.497
-152.116
-109.076
-141.694
-150.44
-106.56
-5.62931
-0.000762907
-6.8753e-13
-6.8753e-13
-0.000762907
-5.62931
-106.56
-150.44
-141.694
-109.076
-152.116
-153.497
-76.7221
-0.358491
-4.89234e-06
-5.68501e-13
-1.5889e-12
-0.000551417
-4.9148
-123.699
-148.747
-102.337
-134.868
-161.867
-96.9571
-8.119
-0.00112366
-1.32338e-12
-2.02334e-12
-0.133296
-57.6733
-135.075
-182.538
-135.092
-106.905
-194.123
-150.317
-68.2758
-0.126085
-3.70721e-12
-9.36167e-13
-0.0182341
-22.6574
-137.609
-181.904
-162.886
-83.4046
-132.248
-185.062
-145.415
-59.1651
-0.143454
-1.87436e-12
-1.87436e-12
-0.143454
-59.1651
-145.415
-185.062
-132.248
-83.4046
-162.886
-181.904
-137.609
-22.6574
-0.0182341
-9.36167e-13
-3.70721e-12
-0.126085
-68.2758
-150.317
-194.123
-106.905
-135.092
-182.538
-135.075
-57.6733
-0.133296
-2.02334e-12
-6.11668e-09
-1.56228
-92.7087
-96.5284
-166.529
-96.3303
-74.4921
-128.568
-63.2464
-88.8355
-3.13666
-6.48732e-10
-7.42071e-11
-2.01975
-70.309
-59.8453
-127.131
-97.9633
-44.2859
-91.7184
-128.87
-60.2512
-78.9872
-3.23204
-5.79901e-10
-5.79901e-10
-3.23204
-78.9872
-60.2512
-128.87
-91.7184
-44.2859
-97.9633
-127.131
-59.8453
-70.309
-2.01975
-7.42071e-11
-6.48732e-10
-3.13666
-88.8355
-63.2464
-128.568
-74.4921
-96.3303
-166.529
-96.5284
-92.7087
-1.56228
-6.11668e-09
-9.59698e-08
-6.46625
-88.0844
-64.7924
-94.5128
-10.8733
-1.15296
-27.9538
-81.8005
-106.851
-3.98654
-1.11553e-09
-4.63997e-10
-4.98138
-98.8349
-68.4141
-84.1161
-9.72834
-0.22402
-7.04985
-84.7507
-75.6859
-114.553
-4.28752
-1.40614e-09
-1.40614e-09
-4.28752
-114.553
-75.6859
-84.7507
-7.04985
-0.22402
-9.72834
-84.1161
-68.4141
-98.8349
-4.98138
-4.63997e-10
-1.11553e-09
-3.98654
-106.851
-81.8005
-27.9538
-1.15296
-10.8733
-94.5128
-64.7924
-88.0844
-6.46625
-9.59698e-08
-1.63119e-08
-2.70963
-93.6202
-67.4198
-5.60691
-0.00899936
-9.98414e-05
-0.0549319
-3.9762
-4.87803
-0.0369747
-8.94942e-12
-1.37204e-11
-0.0749122
-12.1039
-19.2902
-1.62855
-0.00926758
-8.40044e-07
-0.00592284
-1.05075
-12.8007
-7.80849
-0.0552486
-1.58964e-11
-1.58964e-11
-0.0552486
-7.80849
-12.8007
-1.05075
-0.00592284
-8.40044e-07
-0.00926758
-1.62855
-19.2902
-12.1039
-0.0749122
-1.37204e-11
-8.94942e-12
-0.0369747
-4.87803
-3.9762
-0.0549319
-9.98414e-05
-0.00899936
-5.60691
-67.4198
-93.6202
-2.70963
-1.63119e-08
-3.4174e-12
-0.00956632
-1.06258
-0.562026
-0.00193653
-3.46713e-10
-4.77865e-12
-5.54672e-12
-1.4072e-09
-1.88935e-09
-1.38811e-11
-2.36027e-12
-2.64407e-12
-1.9392e-09
-2.18706e-06
-6.38309e-06
-1.56302e-07
-5.40117e-12
-4.78093e-12
-5.2363e-12
-2.07057e-08
-9.12829e-07
-3.3224e-07
-3.40059e-10
-2.44777e-12
-2.44777e-12
-3.40059e-10
-3.3224e-07
-9.12829e-07
-2.07057e-08
-5.2363e-12
-4.78093e-12
-5.40117e-12
-1.56302e-07
-6.38309e-06
-2.18706e-06
-1.9392e-09
-2.64407e-12
-2.36027e-12
-1.38811e-11
-1.88935e-09
-1.4072e-09
-5.54672e-12
-4.77865e-12
-3.46713e-10
-0.00193653
-0.562026
-1.06258
-0.00956632
-3.4174e-12
-7.36149e-13
-1.64706e-12
-1.5111e-12
-9.64747e-13
-8.76688e-13
-7.81674e-13
-6.99783e-13
-7.1585e-13
-8.37277e-13
-9.4299e-13
-6.93797e-13
-3.07371e-13
-4.51728e-13
-1.039e-12
-1.24075e-12
-9.5982e-13
-7.33547e-13
-6.15797e-13
-5.62519e-13
-5.99509e-13
-7.10418e-13
-9.07133e-13
-1.10908e-12
-8.70943e-13
-3.62717e-13
-3.62717e-13
-8.70943e-13
-1.10908e-12
-9.07133e-13
-7.10418e-13
-5.99509e-13
-5.62519e-13
-6.15797e-13
-7.33547e-13
-9.5982e-13
-1.24075e-12
-1.039e-12
-4.51728e-13
-3.07371e-13
-6.93797e-13
-9.4299e-13
-8.37277e-13
-7.1585e-13
-6.99783e-13
-7.81674e-13
-8.76688e-13
-9.64747e-13
-1.5111e-12
-1.64706e-12
-7.36149e-13
-7.36149e-13
-1.64706e-12
-1.5111e-12
-9.64747e-13
-8.76688e-13
-7.81674e-13
-6.99783e-13
-7.1585e-13
-8.37277e-13
-9.4299e-13
-6.93797e-13
-3.07371e-13
-4.51728e-13
-1.039e-12
-1.24075e-12
-9.5982e-13
-7.33547e-13
-6.15797e-13
-5.62519e-13
-5.99509e-13
-7.10418e-13
-9.07133e-13
-1.10908e-12
-8.70943e-13
-3.62717e-13
-3.62717e-13
-8.70943e-13
-1.10908e-12
-9.07133e-13
-7.10418e-13
-5.99509e-13
-5.62519e-13
-6.15797e-13
-7.33547e-13
-9.5982e-13
-1.24075e-12
-1.039e-12
-4.51728e-13
-3.07371e-13
-6.93797e-13
-9.4299e-13
-8.37277e-13
-7.1585e-13
-6.99783e-13
-7.81674e-13
-8.76688e-13
-9.64747e-13
-1.5111e-12
-1.64706e-12
-7.36149e-13
-3.4174e-12
-0.00956632
-1.06258
-0.562026
-0.00193653
-3.46713e-10
-4.77865e-12
-5.54672e-12
-1.4072e-09
-1.88935e-09
-1.38811e-11
-2.36027e-12
-2.64407e-12
-1.9392e-09
-2.18706e-06
-6.38309e-06
-1.56302e-07
-5.40117e-12
-4.78093e-12
-5.2363e-12
-2.07057e-08
-9.12829e-07
-3.3224e-07
-3.40059e-10
-2.44777e-12
-2.44777e-12
-3.40059e-10
-3.3224e-07
-9.12829e-07
-2.07057e-08
-5.2363e-12
-4.78093e-12
-5.40117e-12
-1.56302e-07
-6.38309e-06
-2.18706e-06
-1.9392e-09
-2.64407e-12
-2.36027e-12
-1.38811e-11
-1.88935e-09
-1.4072e-09
-5.54672e-12
-4.77865e-12
-3.46713e-10
-0.00193653
-0.562026
-1.06258
-0.00956632
-3.4174e-12
-1.63119e-08
-2.70963
-93.6202
-67.4198
-5.60691
-0.00899936
-9.98414e-05
-0.0549319
-3.9762
-4.87803
-0.0369747
-8.94942e-12
-1.37204e-11
-0.0749122
-12.1039
-19.2902
-1.62855
-0.00926758
-8.40044e-07
-0.00592284
-1.05075
-12.8007
-7.80849
-0.0552486
-1.58964e-11
-1.58964e-11
-0.0552486
-7.80849
-12.8007
-1.05075
-0.00592284
-8.40044e-07
-0.00926758
-1.62855
-19.2902
-12.1039
-0.0749122
-1.37204e-11
-8.94942e-12
-0.0369747
-4.87803
-3.9762
-0.0549319
-9.98414e-05
-0.00899936
-5.60691
-67.4198
-93.6202
-2.70963
-1.63119e-08
-9.59698e-08
-6.46625
-88.0844
-64.7924
-94.5128
-10.8733
-1.15296
-27.9538
-81.8005
-106.851
-3.98654
-1.11553e-09
-4.63997e-10
-4.98138
-98.8349
-68.4141
-84.1161
-9.72834
-0.22402
-7.04985
-84.7507
-75.6859
-114.553
-4.28752
-1.40614e-09
-1.40614e-09
-4.28752
-114.553
-75.6859
-84.7507
-7.04985
-0.22402
-9.72834
-84.1161
-68.4141
-98.8349
-4.98138
-4.63997e-10
-1.11553e-09
-3.98654
-106.851
-81.8005
-27.9538
-1.15296
-10.8733
-94.5128
-64.7924
-88.0844
-6.46625
-9.59698e-08
-6.11668e-09
-1.56228
-92.7087
-96.5284
-166.529
-96.3303
-74.4921
-128.568
-63.2464
-88.8355
-3.13666
-6.48732e-10
-7.42071e-11
-2.01975
-70.309
-59.8453
-127.131
-97.9633
-44.2859
-91.7184
-128.87
-60.2512
-78.9872
-3.23204
-5.79901e-10
-5.79901e-10
-3.23204
-78.9872
-60.2512
-128.87
-91.7184
-44.2859
-97.9633
-127.131
-59.8453
-70.309
-2.01975
-7.42071e-11
-6.48732e-10
-3.13666
-88.8355
-63.2464
-128.568
-74.4921
-96.3303
-166.529
-96.5284
-92.7087
-1.56228
-6.11668e-09
-2.02334e-12
-0.133296
-57.6733
-135.075
-182.538
-135.092
-106.905
-194.123
-150.317
-68.2758
-0.126085
-3.70721e-12
-9.36167e-13
-0.0182341
-22.6574
-137.609
-181.904
-162.886
-83.4046
-132.248
-185.062
-145.415
-59.1651
-0.143454
-1.87436e-12
-1.87436e-12
-0.143454
-59.1651
-145.415
-185.062
-132.248
-83.4046
-162.886
-181.904
-137.609
-22.6574
-0.0182341
-9.36167e-13
-3.70721e-12
-0.126085
-68.2758
-150.317
-194.123
-106.905
-135.092
-182.538
-135.075
-57.6733
-0.133296
-2.02334e-12
-1.32338e-12
-0.00112366
-8.119
-96.9571
-161.867
-134.868
-102.337
-148.747
-123.699
-4.9148
-0.000551417
-1.5889e-12
-5.68501e-13
-4.89234e-06
-0.358491
-76.7221
-153.497
-152.116
-109.076
-141.694
-150.44
-106.56
-5.62931
-0.000762907
-6.8753e-13
-6.8753e-13
-0.000762907
-5.62931
-106.56
-150.44
-141.694
-109.076
-152.116
-153.497
-76.7221
-0.358491
-4.89234e-06
-5.68501e-13
-1.5889e-12
-0.000551417
-4.9148
-123.699
-148.747
-102.337
-134.868
-161.867
-96.9571
-8.119
-0.00112366
-1.32338e-12
-1.15771e-12
-2.71782e-08
-0.220182
-67.6948
-106.807
-104.892
-76.6939
-86.6436
-61.8723
-0.100978
-3.04113e-09
-2.00351e-12
-5.6032e-13
-2.48707e-12
-0.000509436
-5.98103
-110.732
-132.385
-97.1058
-131.853
-122.415
-46.8772
-0.0558931
-4.18146e-09
-5.57602e-13
-5.57602e-13
-4.18146e-09
-0.0558931
-46.8772
-122.415
-131.853
-97.1058
-132.385
-110.732
-5.98103
-0.000509436
-2.48707e-12
-5.6032e-13
-2.00351e-12
-3.04113e-09
-0.100978
-61.8723
-86.6436
-76.6939
-104.892
-106.807
-67.6948
-0.220182
-2.71782e-08
-1.15771e-12
-8.79955e-13
-4.86866e-12
-0.00115453
-2.87952
-71.4569
-50.8171
-58.1032
-38.2206
-31.6334
-0.202816
-2.56621e-11
-2.77857e-12
-8.00985e-13
-1.98471e-12
-1.00957e-08
-0.180931
-51.1222
-56.9511
-50.0749
-56.061
-53.0412
-2.4666
-0.000144591
-4.2869e-12
-4.90096e-13
-4.90096e-13
-4.2869e-12
-0.000144591
-2.4666
-53.0412
-56.061
-50.0749
-56.9511
-51.1222
-0.180931
-1.00957e-08
-1.98471e-12
-8.00985e-13
-2.77857e-12
-2.56621e-11
-0.202816
-31.6334
-38.2206
-58.1032
-50.8171
-71.4569
-2.87952
-0.00115453
-4.86866e-12
-8.79955e-13
-7.43557e-13
-3.76111e-12
-4.24832e-11
-0.00168955
-14.5475
-35.6899
-58.2898
-58.7328
-41.0789
-6.60274
-2.76388e-05
-3.94173e-12
-1.25777e-12
-1.72471e-12
-5.41978e-12
-0.0351333
-38.7406
-33.4581
-66.5051
-35.2746
-39.7509
-0.202255
-1.83566e-11
-4.11467e-12
-4.71985e-13
-4.71985e-13
-4.11467e-12
-1.83566e-11
-0.202255
-39.7509
-35.2746
-66.5051
-33.4581
-38.7406
-0.0351333
-5.41978e-12
-1.72471e-12
-1.25777e-12
-3.94173e-12
-2.76388e-05
-6.60274
-41.0789
-58.7328
-58.2898
-35.6899
-14.5475
-0.00168955
-4.24832e-11
-3.76111e-12
-7.43557e-13
-1.17292e-12
-3.55807e-12
-7.0295e-12
-2.64017e-08
-0.364289
-24.5718
-46.0709
-78.4278
-30.2245
-37.3983
-0.0136562
-5.21754e-12
-1.89942e-12
-1.62507e-12
-4.54535e-12
-0.0219093
-34.1471
-39.8385
-79.5035
-40.5073
-35.8469
-0.248087
-1.12614e-11
-4.14553e-12
-4.94697e-13
-4.94697e-13
-4.14553e-12
-1.12614e-11
-0.248087
-35.8469
-40.5073
-79.5035
-39.8385
-34.1471
-0.0219093
-4.54535e-12
-1.62507e-12
-1.89942e-12
-5.21754e-12
-0.0136562
-37.3983
-30.2245
-78.4278
-46.0709
-24.5718
-0.364289
-2.64017e-08
-7.0295e-12
-3.55807e-12
-1.17292e-12
-2.38729e-12
-4.68992e-12
-7.80793e-12
-9.44436e-12
-0.0233383
-25.5601
-33.5651
-78.3487
-50.4393
-35.0133
-1.6396
-2.21442e-06
-2.79062e-12
-1.72514e-12
-3.76176e-12
-0.0127065
-31.0664
-47.1559
-93.6282
-47.2357
-37.5805
-0.332854
-1.15766e-11
-4.25056e-12
-5.41397e-13
-5.41397e-13
-4.25056e-12
-1.15766e-11
-0.332854
-37.5805
-47.2357
-93.6282
-47.1559
-31.0664
-0.0127065
-3.76176e-12
-1.72514e-12
-2.79062e-12
-2.21442e-06
-1.6396
-35.0133
-50.4393
-78.3487
-33.5651
-25.5601
-0.0233383
-9.44436e-12
-7.80793e-12
-4.68992e-12
-2.38729e-12
-4.01143e-12
-4.1582e-10
-0.000189162
-0.0376336
-2.126
-17.0716
-33.4586
-52.9556
-67.8034
-26.7488
-27.2748
-0.00981653
-1.1457e-11
-2.08224e-12
-3.18603e-12
-0.00709708
-25.8176
-54.3339
-107.376
-53.6685
-35.3069
-0.383135
-1.18829e-11
-4.36541e-12
-5.97388e-13
-5.97388e-13
-4.36541e-12
-1.18829e-11
-0.383135
-35.3069
-53.6685
-107.376
-54.3339
-25.8176
-0.00709708
-3.18603e-12
-2.08224e-12
-1.1457e-11
-0.00981653
-27.2748
-26.7488
-67.8034
-52.9556
-33.4586
-17.0716
-2.126
-0.0376336
-0.000189162
-4.1582e-10
-4.01143e-12
-4.71105e-12
-0.0185085
-11.3483
-53.6458
-25.7127
-21.6835
-22.7422
-39.9509
-71.9023
-54.2783
-39.951
-4.17896
-3.23154e-05
-2.80709e-12
-2.77487e-12
-0.00557873
-21.2215
-61.7907
-120.463
-59.1939
-32.5822
-0.378724
-1.20806e-11
-4.44028e-12
-6.52878e-13
-6.52878e-13
-4.44028e-12
-1.20806e-11
-0.378724
-32.5822
-59.1939
-120.463
-61.7907
-21.2215
-0.00557873
-2.77487e-12
-2.80709e-12
-3.23154e-05
-4.17896
-39.951
-54.2783
-71.9023
-39.9509
-22.7422
-21.6835
-25.7127
-53.6458
-11.3483
-0.0185085
-4.71105e-12
-2.75614e-11
-2.74121
-84.8913
-22.7596
-25.9062
-29.2403
-27.4014
-47.9357
-73.9197
-93.6247
-55.5409
-23.9888
-0.577454
-2.49163e-06
-2.41172e-12
-0.0297185
-22.9511
-69.7019
-130.957
-62.6833
-31.5811
-0.360762
-1.20102e-11
-4.42983e-12
-7.07469e-13
-7.07469e-13
-4.42983e-12
-1.20102e-11
-0.360762
-31.5811
-62.6833
-130.957
-69.7019
-22.9511
-0.0297185
-2.41172e-12
-2.49163e-06
-0.577454
-23.9888
-55.5409
-93.6247
-73.9197
-47.9357
-27.4014
-29.2403
-25.9062
-22.7596
-84.8913
-2.74121
-2.75614e-11
-2.07146e-11
-2.63804
-59.9205
-19.6424
-29.784
-31.0917
-29.3191
-40.6637
-88.688
-98.0594
-104.909
-53.8467
-18.0781
-0.144697
-2.73313e-07
-0.307326
-43.3704
-73.3219
-127.577
-61.4497
-31.1764
-0.337502
-1.15722e-11
-4.31513e-12
-7.76022e-13
-7.76022e-13
-4.31513e-12
-1.15722e-11
-0.337502
-31.1764
-61.4497
-127.577
-73.3219
-43.3704
-0.307326
-2.73313e-07
-0.144697
-18.0781
-53.8467
-104.909
-98.0594
-88.688
-40.6637
-29.3191
-31.0917
-29.784
-19.6424
-59.9205
-2.63804
-2.07146e-11
-2.64825e-12
-0.0231395
-28.2777
-52.2681
-28.7053
-23.6038
-15.8811
-27.2055
-53.6213
-106.439
-105.298
-104.379
-51.9291
-13.9531
-0.0525035
-1.34154
-48.8954
-76.9061
-112.745
-56.5261
-31.5607
-0.286916
-1.075e-11
-4.118e-12
-8.95051e-13
-8.95051e-13
-4.118e-12
-1.075e-11
-0.286916
-31.5607
-56.5261
-112.745
-76.9061
-48.8954
-1.34154
-0.0525035
-13.9531
-51.9291
-104.379
-105.298
-106.439
-53.6213
-27.2055
-15.8811
-23.6038
-28.7053
-52.2681
-28.2777
-0.0231395
-2.64825e-12
-1.7119e-12
-5.67623e-08
-0.00811197
-0.519694
-0.563116
-0.0590077
-0.012016
-2.26595
-39.6883
-64.4456
-105.876
-101.738
-99.325
-48.5347
-14.4584
-7.2477
-44.3726
-84.9877
-100.656
-51.9887
-32.5238
-0.193154
-9.64009e-12
-3.91956e-12
-1.13457e-12
-1.13457e-12
-3.91956e-12
-9.64009e-12
-0.193154
-32.5238
-51.9887
-100.656
-84.9877
-44.3726
-7.2477
-14.4584
-48.5347
-99.325
-101.738
-105.876
-64.4456
-39.6883
-2.26595
-0.012016
-0.0590077
-0.563116
-0.519694
-0.00811197
-5.67623e-08
-1.7119e-12
-4.81506e-13
-1.98151e-12
-3.19257e-12
-3.11479e-12
-2.57101e-12
-2.29642e-12
-7.95103e-12
-0.00264857
-16.5944
-41.5382
-75.8617
-97.8147
-95.6177
-90.3637
-42.0273
-27.6686
-40.0838
-81.2273
-93.612
-49.8146
-31.8988
-0.0975487
-8.51073e-12
-3.8795e-12
-1.6134e-12
-1.6134e-12
-3.8795e-12
-8.51073e-12
-0.0975487
-31.8988
-49.8146
-93.612
-81.2273
-40.0838
-27.6686
-42.0273
-90.3637
-95.6177
-97.8147
-75.8617
-41.5382
-16.5944
-0.00264857
-7.95103e-12
-2.29642e-12
-2.57101e-12
-3.11479e-12
-3.19257e-12
-1.98151e-12
-4.81506e-13
-9.88964e-13
-1.79157e-12
-2.12687e-12
-1.53063e-12
-9.29853e-13
-8.48309e-13
-1.4201e-12
-2.21522e-07
-0.0642
-21.3143
-40.7251
-98.0057
-95.3704
-86.527
-72.3705
-35.2218
-42.3285
-71.7236
-93.7012
-51.7626
-28.2374
-0.0554692
-7.68834e-12
-4.22272e-12
-2.50794e-12
-2.50794e-12
-4.22272e-12
-7.68834e-12
-0.0554692
-28.2374
-51.7626
-93.7012
-71.7236
-42.3285
-35.2218
-72.3705
-86.527
-95.3704
-98.0057
-40.7251
-21.3143
-0.0642
-2.21522e-07
-1.4201e-12
-8.48309e-13
-9.29853e-13
-1.53063e-12
-2.12687e-12
-1.79157e-12
-9.88964e-13
-3.73212e-12
-5.19666e-12
-2.4329e-11
-4.27838e-11
-3.74042e-12
-2.33354e-12
-1.75389e-12
-1.9487e-12
-3.8083e-06
-0.196955
-26.6475
-62.6254
-103.142
-90.1954
-78.7074
-65.8898
-64.4276
-81.5439
-105.22
-62.2973
-27.9676
-0.239373
-7.25456e-12
-5.24542e-12
-4.05448e-12
-4.05448e-12
-5.24542e-12
-7.25456e-12
-0.239373
-27.9676
-62.2973
-105.22
-81.5439
-64.4276
-65.8898
-78.7074
-90.1954
-103.142
-62.6254
-26.6475
-0.196955
-3.8083e-06
-1.9487e-12
-1.75389e-12
-2.33354e-12
-3.74042e-12
-4.27838e-11
-2.4329e-11
-5.19666e-12
-3.73212e-12
-6.87004e-12
-0.0139847
-2.64748
-4.31878
-0.254753
-0.000585234
-5.52186e-10
-3.27403e-12
-2.48166e-12
-1.87732e-05
-2.47514
-42.9835
-71.9417
-94.3508
-90.9363
-85.9707
-84.6499
-91.0264
-102.568
-69.5768
-47.1848
-3.29971
-7.33733e-08
-7.62674e-12
-6.53081e-12
-6.53081e-12
-7.62674e-12
-7.33733e-08
-3.29971
-47.1848
-69.5768
-102.568
-91.0264
-84.6499
-85.9707
-90.9363
-94.3508
-71.9417
-42.9835
-2.47514
-1.87732e-05
-2.48166e-12
-3.27403e-12
-5.52186e-10
-0.000585234
-0.254753
-4.31878
-2.64748
-0.0139847
-6.87004e-12
-9.77101e-11
-2.34503
-96.9647
-35.8866
-50.6978
-13.8549
-0.961853
-0.495225
-0.429679
-0.391514
-1.80809
-17.4623
-45.2825
-92.2687
-107.838
-107.569
-101.974
-97.5779
-95.2533
-86.6429
-54.7688
-10.8814
-0.000323492
-7.51888e-07
-5.76157e-08
-5.76157e-08
-7.51888e-07
-0.000323492
-10.8814
-54.7688
-86.6429
-95.2533
-97.5779
-101.974
-107.569
-107.838
-92.2687
-45.2825
-17.4623
-1.80809
-0.391514
-0.429679
-0.495225
-0.961853
-13.8549
-50.6978
-35.8866
-96.9647
-2.34503
-9.77101e-11
-3.06991e-10
-6.41957
-27.0052
-20.6355
-25.7115
-18.865
-18.3387
-18.7735
-20.3895
-22.3304
-23.3655
-19.8946
-22.5708
-77.493
-156.024
-142.527
-122.34
-103.351
-86.516
-68.6941
-46.1426
-12.3516
-0.502381
-3.06418
-1.96998
-1.96998
-3.06418
-0.502381
-12.3516
-46.1426
-68.6941
-86.516
-103.351
-122.34
-142.527
-156.024
-77.493
-22.5708
-19.8946
-23.3655
-22.3304
-20.3895
-18.7735
-18.3387
-18.865
-25.7115
-20.6355
-27.0052
-6.41957
-3.06991e-10
-1.31027e-10
-4.97288
-16.321
-25.0829
-34.0434
-36.2971
-46.7759
-49.3288
-51.3001
-53.9727
-55.3062
-52.6949
-60.2363
-164.167
-56191.3
-21800.8
-9993.03
-7348.33
-5549.1
-3879.79
-2209.61
-879.92
-298.921
-114.797
-7.72218
-7.72218
-114.797
-298.921
-879.92
-2209.61
-3879.79
-5549.1
-7348.33
-9993.03
-21800.8
-56191.3
-164.167
-60.2363
-52.6949
-55.3062
-53.9727
-51.3001
-49.3288
-46.7759
-36.2971
-34.0434
-25.0829
-16.321
-4.97288
-1.31027e-10
