-7.00891e-24
-4.92148e-23
-1.03589
-5.87553
-29.1747
-29.7041
-56.6494
-88.0513
-84.556
-88.0062
-89.4335
-86.5301
-103.983
-291.232
-104887
-41501
-19465.7
-14216.5
-10218.7
-6112.99
-2436.04
-627.816
-314.864
-145.352
-0.8092
-0.802118
-145.226
-314.786
-628.002
-2441.58
-6132.85
-10256
-14270.4
-19539.1
-41649.2
-105246
-292.112
-104.243
-86.7054
-89.612
-88.1846
-84.7295
-88.2319
-56.7621
-29.7585
-29.2221
-5.88377
-1.01982
-4.92692e-23
-7.01638e-24
-8.37903e-24
-3.25321e-23
-0.519942
-86.7395
-28.3718
-7.22798
-22.6246
-35.487
-31.3333
-35.0034
-36.0128
-26.1003
-38.9519
-134.911
-290.577
-279.308
-245.155
-208.692
-175.11
-138.602
-40.6751
-1.75195
-0.819313
-37.522
-0.0112499
-0.0111767
-37.8035
-0.819318
-1.74489
-40.7951
-139.151
-175.803
-209.53
-246.128
-280.367
-291.588
-135.347
-39.0669
-26.1489
-36.0835
-35.0745
-31.399
-35.5641
-22.6731
-7.24258
-28.4308
-86.9001
-0.511682
-3.2577e-23
-8.39746e-24
-1.35145e-23
-3.00549e-23
-0.000429892
-1.83178
-1.33646
-0.0540827
-0.0762944
-0.0379216
-0.00102243
-0.000301252
-0.00092383
-2.39007
-59.775
-156.052
-207.238
-219.965
-213.449
-207.282
-228.207
-147.308
-33.6803
-4.44032e-06
-3.6947e-09
-2.92815e-07
-1.23676e-09
-1.25568e-09
-2.97223e-07
-3.74544e-09
-4.24055e-06
-33.2716
-147.955
-229.189
-208.181
-214.364
-220.848
-207.993
-156.571
-59.9727
-2.42638
-0.0010128
-0.000339642
-0.00111907
-0.0389516
-0.0761241
-0.0532792
-1.31642
-1.80279
-0.000422979
-3.01089e-23
-1.35499e-23
-1.29726e-23
-1.96939e-23
-3.53972e-23
-3.90612e-23
-3.20971e-23
-2.26248e-23
-1.47488e-23
-9.59394e-24
-6.43203e-24
-4.65254e-24
-2.92041e-07
-25.194
-143.074
-214.422
-194.05
-190.491
-186.707
-182.581
-176.243
-84.2102
-3.6219
-2.7587e-11
-1.80815e-23
-1.86502e-23
-1.59535e-23
-1.59502e-23
-1.86487e-23
-1.80876e-23
-2.56138e-11
-3.51809
-84.3256
-176.805
-183.452
-187.608
-191.316
-194.787
-215.192
-143.578
-25.0264
-2.80469e-07
-4.67678e-24
-6.47927e-24
-9.67852e-24
-1.4874e-23
-2.27731e-23
-3.22432e-23
-3.91771e-23
-3.5468e-23
-1.97299e-23
-1.30072e-23
-8.63834e-24
-1.1532e-23
-1.80746e-23
-2.02837e-23
-1.74709e-23
-1.2485e-23
-7.42276e-24
-4.61352e-24
-4.2064e-24
-1.8827e-09
-0.14131
-42.7681
-165.227
-175.125
-169.989
-164.626
-163.323
-162.573
-138.135
-46.8195
-0.0637315
-9.32377e-23
-1.33185e-23
-1.15974e-23
-1.00079e-23
-1.00063e-23
-1.15951e-23
-1.33183e-23
-8.55342e-23
-0.0617524
-46.7603
-138.881
-163.667
-164.296
-165.396
-170.611
-175.65
-165.592
-42.7486
-0.138936
-1.76919e-09
-4.24942e-24
-4.69094e-24
-7.52227e-24
-1.25625e-23
-1.75261e-23
-2.03164e-23
-1.80904e-23
-1.15424e-23
-8.65598e-24
-4.07285e-24
-6.50922e-24
-1.09187e-23
-1.41107e-23
-1.54995e-23
-1.54447e-23
-9.97996e-24
-6.16307e-24
-1.29911e-15
-0.000973334
-51.5242
-122.144
-187.832
-164.435
-149.194
-138.385
-142.484
-175.182
-116.654
-70.8719
-0.00597389
-1.81565e-23
-1.1648e-23
-7.81706e-24
-5.80769e-24
-5.80508e-24
-7.81019e-24
-1.16383e-23
-1.81453e-23
-0.00569695
-70.6972
-117.908
-177.205
-143.603
-139.041
-149.659
-164.884
-188.463
-122.623
-51.2917
-0.000901987
-8.53665e-16
-6.25943e-24
-1.00421e-23
-1.53461e-23
-1.54175e-23
-1.40554e-23
-1.08847e-23
-6.49395e-24
-4.06999e-24
-1.31931e-24
-4.28292e-24
-9.00338e-24
-1.4998e-23
-2.37409e-23
-3.14759e-05
-0.240406
-0.263692
-0.0242963
-8.47591
-83.2092
-177.996
-165.633
-148.87
-128.477
-105.316
-104.494
-157.618
-98.5947
-40.8246
-0.000567381
-1.98404e-23
-1.11735e-23
-5.77901e-24
-3.12058e-24
-3.11584e-24
-5.76478e-24
-1.1148e-23
-1.9793e-23
-0.0005308
-40.7683
-99.2552
-159.077
-105.464
-105.613
-128.646
-149.085
-165.933
-178.432
-83.4308
-8.38365
-0.0258756
-0.167754
-0.0993857
-9.2511e-06
-2.34238e-23
-1.48482e-23
-8.92869e-24
-4.25102e-24
-1.30743e-24
-9.28148e-25
-4.13477e-24
-9.5659e-24
-1.7984e-23
-3.30772e-23
-0.260741
-94.1478
-42.9077
-27.5661
-75.558
-141.88
-157.05
-153.669
-140.642
-117.861
-52.2383
-61.5642
-137.875
-108.329
-49.8937
-0.00140152
-2.1385e-23
-1.13454e-23
-4.80712e-24
-1.55279e-24
-1.54575e-24
-4.78645e-24
-1.13115e-23
-2.13345e-23
-0.00133304
-49.6826
-109.797
-140.136
-62.6662
-52.24
-117.68
-140.635
-153.711
-157.007
-142.146
-74.748
-28.1282
-41.414
-117.801
-0.112214
-3.26467e-23
-1.77918e-23
-9.47937e-24
-4.1057e-24
-9.31115e-25
-2.81191e-24
-5.47461e-24
-1.0819e-23
-1.877e-23
-3.24268e-23
-0.13466
-59.9123
-27.3827
-34.5878
-96.5524
-131.177
-147.207
-152.752
-145.433
-65.615
-11.874
-43.0669
-132.627
-119.37
-40.2826
-0.036037
-2.28458e-23
-1.20428e-23
-4.59015e-24
-7.85628e-25
-7.7601e-25
-4.56327e-24
-1.20053e-23
-2.28127e-23
-0.035397
-41.6017
-121.127
-135.36
-43.8934
-11.961
-65.5421
-145.374
-152.699
-147.08
-130.873
-96.5019
-34.3072
-26.4383
-56.7077
-0.0813172
-3.21169e-23
-1.8627e-23
-1.07611e-23
-5.47305e-24
-2.86014e-24
-6.82632e-24
-8.43701e-24
-1.3098e-23
-1.82647e-23
-2.52124e-23
-4.05206e-06
-3.55246
-19.1374
-36.5676
-93.2526
-125.853
-149.427
-165.8
-80.1372
-3.46165
-0.00162654
-20.9779
-118.755
-164.449
-61.1046
-0.370491
-1.30476e-17
-1.34892e-23
-5.00634e-24
-5.7768e-25
-5.64221e-25
-4.96914e-24
-1.34388e-23
-1.13129e-17
-0.363341
-61.8212
-167.196
-120.98
-20.8586
-0.00159185
-3.49591
-80.1322
-165.736
-149.34
-125.762
-93.2612
-36.4915
-19.2899
-4.00432
-4.514e-06
-2.51227e-23
-1.82083e-23
-1.30898e-23
-8.48348e-24
-6.95077e-24
-1.25023e-23
-1.39413e-23
-1.85106e-23
-2.04259e-23
-2.16978e-23
-3.55279e-16
-0.0277182
-33.9085
-81.914
-130.873
-136.409
-164.495
-104.846
-23.5629
-1.56083e-05
-1.08534e-14
-0.392234
-67.0169
-145.672
-75.4504
-16.0598
-6.71875e-08
-1.65776e-23
-5.99933e-24
-7.10498e-25
-6.91118e-25
-5.94462e-24
-1.64982e-23
-6.57577e-08
-15.5429
-76.5581
-147.902
-67.8602
-0.373573
-8.88435e-15
-1.61635e-05
-23.7019
-104.798
-164.437
-136.405
-130.972
-82.0305
-34.074
-0.029171
-3.75611e-16
-2.1714e-23
-2.04236e-23
-1.85445e-23
-1.40526e-23
-1.27315e-23
-1.79094e-23
-2.42671e-23
-3.07627e-23
-2.8313e-23
-2.20809e-13
-0.00174137
-25.6897
-38.1536
-100.223
-110.107
-129.906
-103.489
-56.7483
-0.0345131
-1.72655e-13
-4.05527e-24
-0.00841563
-39.9638
-138.622
-95.4308
-54.2172
-0.000911429
-2.02061e-23
-7.11253e-24
-9.3503e-25
-9.07645e-25
-7.03361e-24
-2.01005e-23
-0.000870149
-55.008
-97.4943
-141.502
-41.97
-0.00821284
-4.06643e-24
-1.7974e-13
-0.0348452
-56.7193
-103.529
-129.925
-110.191
-100.357
-38.2477
-26.0548
-0.00174555
-2.02607e-13
-2.83e-23
-3.07934e-23
-2.44773e-23
-1.82579e-23
-1.83115e-23
-3.19234e-05
-0.603529
-4.38426
-6.72318
-35.053
-36.7727
-56.3226
-72.911
-88.8425
-120.446
-78.6165
-14.3517
-1.98479e-07
-4.44185e-24
-5.10631e-24
-6.51366e-05
-45.0392
-115.872
-124.93
-57.4087
-0.0185344
-7.5708e-22
-7.70623e-24
-1.08097e-24
-1.04418e-24
-7.59064e-24
-9.10099e-22
-0.0174182
-59.2157
-128.111
-119.786
-45.5473
-6.31875e-05
-5.11642e-24
-4.48058e-24
-1.99701e-07
-14.4865
-78.6985
-120.541
-88.9217
-73.005
-56.4312
-36.8506
-34.9751
-6.91576
-4.69927
-0.657728
-3.60768e-05
-1.87232e-23
-8.4612e-24
-0.254373
-74.7325
-47.6691
-26.3709
-39.8563
-36.2582
-36.059
-50.6151
-63.1471
-76.4549
-41.9112
-5.29981
-1.02833e-17
-4.01448e-24
-5.2389e-24
-3.54078e-10
-5.06379
-59.5561
-94.6933
-70.2653
-0.798433
-6.40826e-11
-7.98276e-24
-1.18274e-24
-1.13911e-24
-7.77379e-24
-7.06712e-11
-0.779305
-73.6342
-96.8381
-62.0692
-5.09578
-3.21901e-10
-5.25465e-24
-4.05677e-24
-1.03565e-17
-5.36958
-41.9457
-76.5137
-63.1955
-50.666
-36.1237
-36.3737
-40.0794
-26.6103
-48.578
-68.6576
-0.371096
-8.67146e-24
-8.73049e-24
-0.201681
-104.28
-46.4557
-25.1383
-63.1358
-28.8219
-21.6102
-39.142
-45.4758
-52.959
-29.1406
-6.84072
-9.84997e-24
-4.24939e-24
-4.81349e-24
-3.22046e-16
-0.102454
-247.551
-124.934
-395.889
-37.8647
-4.66684e-05
-1.66381e-17
-1.3519e-24
-1.33817e-24
-7.67179e-18
-3.5729e-05
-40.0078
-423.59
-136.392
-264.25
-0.104526
-2.3565e-16
-4.83733e-24
-4.3032e-24
-9.93468e-24
-6.89489
-29.1649
-52.9948
-45.4935
-39.1507
-21.6323
-28.9284
-63.5089
-25.2899
-47.2987
-73.3583
-0.340965
-8.80262e-24
-1.89352e-23
-1.2777e-05
-0.244787
-2.09678
-13.864
-21.709
-11.2651
-21.5507
-36.8736
-32.1186
-38.8059
-22.589
-1.32257
-1.31579e-23
-5.51827e-24
-5.19492e-24
-1.71346e-07
-1.42326
-128.983
-282.502
-433.696
-197.517
-3.06251
-0.00397178
-6.90156e-09
-1.13805e-08
-0.00289664
-2.14281
-204.186
-444.371
-292.184
-132.085
-1.43759
-1.72338e-07
-5.21791e-24
-5.58846e-24
-1.32672e-23
-1.3271
-22.6123
-38.8361
-32.1134
-36.8102
-21.5259
-11.183
-21.6171
-13.9559
-2.71079
-0.408595
-2.61489e-05
-1.926e-23
-1.96645e-23
-2.558e-23
-3.08892e-23
-2.66447e-23
-1.18688e-09
-0.0639096
-88.2947
-45.6567
-43.8616
-15.1798
-29.3281
-22.3848
-0.881964
-9.81589e-14
-8.28967e-24
-6.93471e-24
-0.00200455
-151.47
-271.449
-174.041
-176.793
-219.389
-215.302
-77.4418
-0.00214898
-0.00681555
-93.7067
-252.737
-231.959
-183.863
-176.012
-271.947
-150.017
-0.0019666
-6.95674e-24
-8.37844e-24
-9.70552e-14
-0.882
-22.4232
-29.3684
-15.1802
-43.8461
-45.6439
-88.0691
-0.0631474
-1.11448e-09
-2.6474e-23
-3.09567e-23
-2.58678e-23
-2.00001e-23
-1.62051e-23
-1.72981e-23
-2.19646e-23
-1.09679e-19
-7.05122e-05
-14.4443
-278.855
-442.683
-236.547
-99.7201
-405.167
-211.89
-18.6534
-5.92591e-05
-1.06818e-21
-1.19492e-23
-0.00603973
-171.553
-341.178
-104.578
-291.479
-226.749
-148.783
-267.546
-0.0471459
-0.22425
-220.174
-170.046
-222.777
-289.25
-103.796
-339.196
-169.6
-0.0057865
-1.19597e-23
-1.09812e-21
-5.99246e-05
-18.6133
-212.249
-406.126
-99.7583
-236.397
-442.279
-278.374
-14.4092
-6.9085e-05
-1.10162e-19
-2.19441e-23
-1.74193e-23
-1.64559e-23
-1.29723e-23
-1.47251e-23
-2.24549e-23
-1.93083e-08
-0.171992
-249.91
-367.489
-246.839
-128.656
-115.354
-546.868
-294.778
-407.108
-0.24272
-1.27842e-08
-2.09801e-23
-2.81929e-06
-0.0810251
-0.342542
-0.00692845
-0.00119361
-0.00667992
-0.181296
-0.107901
-4.92869e-05
-0.000395556
-0.583636
-0.46111
-0.00480812
-0.00115975
-0.00722399
-0.348097
-0.0793149
-2.65527e-06
-2.09819e-23
-1.28434e-08
-0.244954
-408.18
-295.377
-547.685
-115.393
-128.536
-246.504
-366.904
-249.413
-0.169632
-1.91651e-08
-2.23837e-23
-1.47749e-23
-1.31411e-23
-1.14659e-23
-1.55333e-23
-2.96806e-23
-3.21229e-05
-157.572
-252.866
-275.263
-201.719
-0.190354
-20.0179
-270.817
-501.272
-151.414
-164.642
-0.00288834
-3.15489e-23
-3.79614e-23
-5.12014e-20
-6.38752e-19
-1.00583e-19
-5.39547e-22
-4.56661e-20
-1.63997e-19
-1.18112e-20
-7.68686e-23
-7.89693e-23
-3.74862e-21
-5.19115e-20
-1.5784e-20
-3.41157e-22
-1.21642e-19
-7.84781e-19
-6.32981e-20
-3.78268e-23
-3.15856e-23
-0.00292826
-165.034
-151.739
-502.138
-271.416
-19.9532
-0.188711
-201.522
-274.862
-252.464
-157.135
-3.1783e-05
-2.95845e-23
-1.55496e-23
-1.15786e-23
-1.12724e-23
-1.74427e-23
-3.78358e-23
-0.00330614
-136.956
-209.273
-178.25
-0.0304446
-1.20142e-06
-0.0102314
-58.0248
-171.575
-178.347
-383.115
-0.034407
-2.71893e-22
-3.79623e-23
-4.39943e-23
-5.49692e-23
-6.50865e-23
-7.15144e-23
-7.40144e-23
-7.17745e-23
-6.4962e-23
-5.87094e-23
-5.93374e-23
-6.60825e-23
-7.23486e-23
-7.4001e-23
-7.12737e-23
-6.48206e-23
-5.47452e-23
-4.38369e-23
-3.78976e-23
-2.86283e-22
-0.035029
-384.205
-178.71
-171.738
-58.0233
-0.0102326
-1.19619e-06
-0.0303025
-178.108
-208.999
-136.779
-0.00327908
-3.7749e-23
-1.74475e-23
-1.13491e-23
-1.07943e-23
-1.75949e-23
-3.99921e-23
-0.00272601
-312.23
-165.705
-0.0107786
-8.78028e-09
-4.3567e-23
-2.58903e-08
-0.000351052
-0.00297508
-0.0284421
-0.0601315
-3.99956e-05
-4.58184e-23
-3.36539e-23
-3.20317e-23
-3.50046e-23
-3.90231e-23
-4.20492e-23
-4.32864e-23
-4.24544e-23
-4.00559e-23
-3.79902e-23
-3.81879e-23
-4.04473e-23
-4.27215e-23
-4.33491e-23
-4.19866e-23
-3.89159e-23
-3.48997e-23
-3.19558e-23
-3.36261e-23
-4.58517e-23
-4.09521e-05
-0.0613671
-0.0288661
-0.00297064
-0.000349794
-2.58688e-08
-4.46978e-23
-8.77033e-09
-0.010747
-165.629
-311.897
-0.00271173
-3.99331e-23
-1.7597e-23
-1.08439e-23
-8.35889e-24
-1.39595e-23
-3.12066e-23
-1.34533e-06
-0.0028212
-0.000567444
-5.73109e-09
-3.11492e-23
-2.47662e-23
-2.51539e-23
-3.15051e-23
-1.1343e-22
-1.7654e-20
-2.46908e-20
-3.65085e-22
-3.11333e-23
-2.35628e-23
-2.04415e-23
-2.00577e-23
-2.0852e-23
-2.17137e-23
-2.20545e-23
-2.16859e-23
-2.08332e-23
-2.01422e-23
-2.02053e-23
-2.09675e-23
-2.17952e-23
-2.20976e-23
-2.17031e-23
-2.08148e-23
-2.00171e-23
-2.04142e-23
-2.35608e-23
-3.1163e-23
-3.87731e-22
-2.60824e-20
-1.85543e-20
-1.18105e-22
-3.1525e-23
-2.51696e-23
-2.47829e-23
-3.11676e-23
-5.7227e-09
-0.000565806
-0.00281016
-1.33932e-06
-3.11743e-23
-1.39593e-23
-8.38607e-24
-4.28563e-24
-7.93157e-24
-1.55781e-23
-2.43421e-23
-2.49635e-23
-2.09824e-23
-1.66501e-23
-1.27571e-23
-1.08162e-23
-1.08163e-23
-1.26769e-23
-1.60018e-23
-1.97848e-23
-2.20196e-23
-2.08935e-23
-1.71526e-23
-1.34772e-23
-1.09359e-23
-9.56025e-24
-8.9595e-24
-8.6959e-24
-8.4648e-24
-8.1329e-24
-7.74195e-24
-7.4728e-24
-7.49145e-24
-7.78334e-24
-8.16968e-24
-8.48181e-24
-8.69401e-24
-8.94739e-24
-9.54808e-24
-1.09328e-23
-1.349e-23
-1.71836e-23
-2.09387e-23
-2.20679e-23
-1.98242e-23
-1.60278e-23
-1.26937e-23
-1.08291e-23
-1.08275e-23
-1.27668e-23
-1.66556e-23
-2.09772e-23
-2.4943e-23
-2.43122e-23
-1.55595e-23
-7.92765e-24
-4.29573e-24
-1.18816e-24
-3.86799e-24
-6.9697e-24
-7.89615e-24
-5.18245e-24
-2.45263e-24
-1.86329e-24
-2.00846e-24
-2.13582e-24
-2.34325e-24
-2.95919e-24
-4.34989e-24
-6.66087e-24
-9.09036e-24
-1.01823e-23
-9.38495e-24
-7.54261e-24
-5.60866e-24
-4.06864e-24
-2.99526e-24
-2.27283e-24
-1.76188e-24
-1.37044e-24
-1.07439e-24
-9.06877e-25
-9.09246e-25
-1.0786e-24
-1.3711e-24
-1.75627e-24
-2.26214e-24
-2.98331e-24
-4.06061e-24
-5.61009e-24
-7.55778e-24
-9.41435e-24
-1.0221e-23
-9.129e-24
-6.69171e-24
-4.37105e-24
-2.97358e-24
-2.35404e-24
-2.1445e-24
-2.01468e-24
-1.86523e-24
-2.44768e-24
-5.16904e-24
-7.87769e-24
-6.95484e-24
-3.86121e-24
-1.18865e-24
-1.192e-24
-3.87016e-24
-6.97151e-24
-7.89795e-24
-5.18458e-24
-2.45466e-24
-1.86489e-24
-2.00973e-24
-2.13703e-24
-2.34471e-24
-2.96122e-24
-4.35266e-24
-6.66429e-24
-9.09413e-24
-1.01872e-23
-9.39245e-24
-7.55224e-24
-5.61661e-24
-4.06831e-24
-2.97922e-24
-2.23432e-24
-1.69553e-24
-1.27313e-24
-9.46942e-25
-7.56287e-25
-7.4972e-25
-9.28815e-25
-1.24717e-24
-1.66562e-24
-2.20355e-24
-2.95043e-24
-4.04541e-24
-5.6051e-24
-7.5573e-24
-9.41502e-24
-1.02217e-23
-9.13008e-24
-6.69343e-24
-4.37315e-24
-2.97588e-24
-2.35647e-24
-2.14716e-24
-2.0178e-24
-1.86902e-24
-2.45202e-24
-5.17336e-24
-7.88123e-24
-6.95732e-24
-3.86296e-24
-1.19073e-24
-4.29731e-24
-7.93768e-24
-1.55821e-23
-2.43451e-23
-2.49686e-23
-2.09878e-23
-1.66543e-23
-1.27601e-23
-1.0819e-23
-1.08201e-23
-1.26825e-23
-1.60097e-23
-1.97941e-23
-2.20291e-23
-2.09079e-23
-1.71801e-23
-1.35163e-23
-1.09728e-23
-9.57254e-24
-8.92363e-24
-8.59113e-24
-8.27305e-24
-7.84025e-24
-7.34513e-24
-6.99064e-24
-6.97288e-24
-7.29912e-24
-7.7808e-24
-8.21093e-24
-8.52993e-24
-8.86374e-24
-9.51671e-24
-1.09298e-23
-1.34978e-23
-1.7192e-23
-2.09443e-23
-2.20733e-23
-1.98311e-23
-1.60352e-23
-1.27011e-23
-1.08364e-23
-1.08353e-23
-1.27761e-23
-1.66674e-23
-2.09914e-23
-2.49573e-23
-2.43234e-23
-1.55667e-23
-7.93249e-24
-4.30145e-24
-8.37873e-24
-1.3968e-23
-3.12075e-23
-1.34613e-06
-0.00282321
-0.000567975
-5.7384e-09
-3.11517e-23
-2.47684e-23
-2.51582e-23
-3.15134e-23
-1.20563e-22
-1.89361e-20
-2.66116e-20
-3.95715e-22
-3.11915e-23
-2.36603e-23
-2.05466e-23
-2.0122e-23
-2.08331e-23
-2.15784e-23
-2.17673e-23
-2.12059e-23
-2.01289e-23
-1.92304e-23
-1.91883e-23
-2.00271e-23
-2.10901e-23
-2.16612e-23
-2.14799e-23
-2.07312e-23
-2.00129e-23
-2.04468e-23
-2.36012e-23
-3.11945e-23
-3.99173e-22
-2.68086e-20
-1.90447e-20
-1.20889e-22
-3.15388e-23
-2.51813e-23
-2.47947e-23
-3.11821e-23
-5.72312e-09
-0.000565726
-0.00280942
-1.33888e-06
-3.11848e-23
-1.39659e-23
-8.39404e-24
-1.08224e-23
-1.76032e-23
-3.99802e-23
-0.00272653
-312.147
-165.692
-0.0107847
-8.78849e-09
-4.40068e-23
-2.57087e-08
-0.000349821
-0.00298442
-0.0291922
-0.0620216
-4.14136e-05
-4.59071e-23
-3.38529e-23
-3.2272e-23
-3.51831e-23
-3.90801e-23
-4.19547e-23
-4.29858e-23
-4.18462e-23
-3.90126e-23
-3.6468e-23
-3.63617e-23
-3.87776e-23
-4.16265e-23
-4.2829e-23
-4.1829e-23
-3.89386e-23
-3.49972e-23
-3.20719e-23
-3.37266e-23
-4.59179e-23
-4.16541e-05
-0.0622524
-0.0292013
-0.00297858
-0.000350927
-2.5983e-08
-4.46872e-23
-8.76502e-09
-0.0107413
-165.678
-311.971
-0.00271027
-3.99415e-23
-1.76033e-23
-1.08525e-23
-1.13101e-23
-1.745e-23
-3.78083e-23
-0.00330322
-136.899
-209.18
-178.193
-0.0304178
-1.20119e-06
-0.0102366
-58.0818
-171.502
-178.011
-382.56
-0.0353645
-2.94704e-22
-3.83182e-23
-4.44742e-23
-5.53311e-23
-6.52824e-23
-7.15835e-23
-7.39043e-23
-7.12738e-23
-6.36768e-23
-5.63341e-23
-5.60401e-23
-6.30943e-23
-7.08656e-23
-7.37299e-23
-7.14978e-23
-6.51516e-23
-5.50532e-23
-4.40892e-23
-3.80713e-23
-2.89885e-22
-0.0354089
-384.422
-178.704
-171.841
-58.0359
-0.0102471
-1.19625e-06
-0.0302492
-178.144
-209.037
-136.804
-0.00327568
-3.77527e-23
-1.74522e-23
-1.13575e-23
-1.15172e-23
-1.55434e-23
-2.96453e-23
-3.21094e-05
-157.409
-252.716
-275.105
-201.616
-0.189789
-20.0257
-270.462
-500.19
-151.028
-163.813
-0.00294632
-3.16387e-23
-3.86167e-23
-2.44431e-20
-3.35757e-19
-5.8661e-20
-2.60099e-22
-2.00236e-19
-1.78801e-18
-2.61306e-19
-7.6434e-23
-7.2713e-23
-4.69728e-20
-3.78074e-19
-5.80406e-20
-2.73037e-22
-9.28378e-20
-5.84916e-19
-4.59938e-20
-3.80808e-23
-3.16703e-23
-0.00293656
-164.783
-151.631
-501.855
-271.35
-19.9835
-0.188088
-201.542
-274.901
-252.503
-157.148
-3.17048e-05
-2.95841e-23
-1.55529e-23
-1.15876e-23
-1.30466e-23
-1.47475e-23
-2.24268e-23
-1.93771e-08
-0.171766
-249.722
-367.248
-246.676
-128.573
-115.17
-545.896
-294.134
-406.131
-0.245703
-1.29289e-08
-2.1049e-23
-5.42903e-06
-0.128565
-0.430793
-0.00650711
-0.00115048
-0.00772463
-0.123275
-0.042392
-1.14217e-05
-2.52442e-05
-0.0617056
-0.12766
-0.00620751
-0.00111686
-0.00689515
-0.346191
-0.0821971
-2.8668e-06
-2.10503e-23
-1.26223e-08
-0.243223
-408.013
-295.205
-547.575
-115.383
-128.528
-246.511
-366.951
-249.453
-0.16903
-1.90829e-08
-2.23809e-23
-1.47778e-23
-1.31525e-23
-1.63144e-23
-1.73488e-23
-2.19538e-23
-1.11059e-19
-7.02985e-05
-14.4696
-278.685
-442.296
-236.366
-99.5746
-404.731
-211.417
-18.5321
-6.02289e-05
-1.13e-21
-1.16327e-23
-0.00998139
-177.071
-346.765
-103.639
-292.362
-232.214
-150.181
-279.687
-0.0113371
-0.0244725
-262.464
-143.821
-235.008
-294.793
-105.104
-342.423
-171.988
-0.00612847
-1.19518e-23
-1.06605e-21
-5.96053e-05
-18.546
-212.114
-406.27
-99.729
-236.379
-442.158
-278.458
-14.4619
-6.87311e-05
-1.09381e-19
-2.19383e-23
-1.7423e-23
-1.6473e-23
-1.98124e-23
-2.56974e-23
-3.09065e-23
-2.65653e-23
-1.15069e-09
-0.0639936
-88.2998
-45.608
-43.8133
-15.1588
-29.2686
-22.3389
-0.8785
-1.0005e-13
-8.14995e-24
-6.7643e-24
-0.00264588
-157.967
-280.566
-175.625
-178.496
-221.578
-213.532
-51.8519
-0.000731372
-0.00150628
-61.8673
-202.653
-217.687
-177.469
-175.493
-273.342
-151.16
-0.00202509
-6.95348e-24
-8.34145e-24
-9.5912e-14
-0.875523
-22.4101
-29.3507
-15.1717
-43.8163
-45.6184
-88.2209
-0.0632201
-1.07492e-09
-2.64468e-23
-3.09453e-23
-2.58729e-23
-2.00271e-23
-1.90841e-23
-1.82777e-05
-0.310563
-2.33497
-13.8014
-21.6537
-11.1871
-21.5243
-36.7882
-32.0695
-38.7445
-22.5534
-1.31934
-1.30751e-23
-5.44714e-24
-5.11085e-24
-1.68451e-07
-1.43916
-130.83
-285.825
-438.781
-200.012
-2.4469
-0.00225074
-4.35957e-09
-6.35964e-09
-0.00275479
-2.33024
-195.527
-430.946
-285.156
-130.027
-1.419
-1.7077e-07
-5.21322e-24
-5.55763e-24
-1.32177e-23
-1.31382
-22.5948
-38.8061
-32.084
-36.7538
-21.5295
-11.1288
-21.5988
-13.624
-2.62091
-0.398505
-2.60108e-05
-1.92971e-23
-8.77222e-24
-0.254581
-92.4888
-46.7579
-25.1993
-63.2757
-28.8696
-21.6178
-39.1146
-45.4333
-52.9037
-29.1094
-6.82713
-9.80623e-24
-4.21343e-24
-4.76609e-24
-3.2743e-16
-0.110929
-250.183
-125.326
-400.316
-38.7288
-4.08302e-05
-1.21721e-17
-1.30025e-24
-1.31749e-24
-1.80327e-17
-3.83067e-05
-40.0546
-408.557
-128.801
-255.941
-0.101155
-2.54015e-16
-4.82927e-24
-4.27841e-24
-9.894e-24
-6.82423
-29.1388
-52.9496
-45.4593
-39.1348
-21.6436
-28.8902
-63.3521
-25.2357
-46.9471
-73.2814
-0.347257
-8.82274e-24
-8.54014e-24
-0.291943
-70.1644
-48.0111
-26.5151
-39.9321
-36.2858
-36.0679
-50.6023
-63.1149
-76.4098
-41.8851
-5.28499
-1.06097e-17
-3.99502e-24
-5.20669e-24
-3.73558e-10
-5.30706
-60.4298
-95.8787
-71.2911
-0.835048
-5.57609e-11
-8.28026e-24
-1.127e-24
-1.1325e-24
-8.27882e-24
-5.7967e-11
-0.755596
-71.5697
-95.082
-60.6966
-4.99728
-3.19548e-10
-5.24897e-24
-4.03684e-24
-9.66322e-18
-5.32526
-41.902
-76.4378
-63.1419
-50.6325
-36.1026
-36.3142
-39.9803
-26.644
-48.4462
-67.2069
-0.385018
-8.62256e-24
-1.84756e-23
-3.14476e-05
-0.594475
-4.3897
-6.82611
-35.0461
-36.7833
-56.3225
-72.9076
-88.8175
-120.422
-78.6599
-14.3588
-2.00838e-07
-4.43251e-24
-5.08445e-24
-6.59648e-05
-45.3331
-117.129
-126.236
-57.8963
-0.0190023
-1.09024e-21
-7.84045e-24
-1.04024e-24
-1.04254e-24
-7.8421e-24
-7.14814e-22
-0.0177114
-58.0652
-125.885
-117.454
-45.1228
-6.31032e-05
-5.1135e-24
-4.46224e-24
-1.96595e-07
-14.4091
-78.5694
-120.394
-88.8349
-72.9447
-56.3847
-36.8236
-34.7412
-6.89501
-4.79316
-0.686606
-3.87646e-05
-1.85864e-23
-1.80467e-23
-2.43498e-23
-3.07579e-23
-2.82763e-23
-2.21167e-13
-0.0017582
-25.7115
-38.1309
-100.26
-110.069
-129.742
-103.437
-56.5923
-0.0348233
-1.75409e-13
-4.04142e-24
-0.00843644
-40.4697
-140.172
-96.5056
-54.8545
-0.000897852
-2.03999e-23
-7.1721e-24
-9.09253e-25
-9.10545e-25
-7.17421e-24
-2.04003e-23
-0.000871079
-54.8102
-96.0121
-139.374
-40.9609
-0.0082491
-4.06364e-24
-1.7768e-13
-0.0345904
-56.7032
-103.395
-129.815
-110.081
-100.265
-38.2074
-25.4187
-0.00169029
-2.12212e-13
-2.80519e-23
-3.05786e-23
-2.43227e-23
-1.81012e-23
-1.25894e-23
-1.39791e-23
-1.85077e-23
-2.03962e-23
-2.16624e-23
-3.80163e-16
-0.0266401
-33.873
-82.0321
-130.9
-136.287
-164.32
-104.782
-23.6164
-1.58103e-05
-1.03202e-14
-0.388636
-67.648
-147.002
-76.0733
-15.7545
-6.41397e-08
-1.66767e-23
-6.02845e-24
-6.99441e-25
-7.00447e-25
-6.03108e-24
-1.66807e-23
-6.46145e-08
-15.8134
-75.5733
-145.974
-67.0417
-0.379641
-9.72792e-15
-1.6002e-05
-23.6281
-104.665
-164.239
-136.219
-130.819
-81.9672
-33.8325
-0.0283666
-3.08353e-16
-2.1516e-23
-2.02682e-23
-1.84181e-23
-1.39521e-23
-1.26047e-23
-6.87168e-24
-8.45026e-24
-1.30838e-23
-1.82224e-23
-2.51413e-23
-3.81158e-06
-3.47079
-18.5043
-36.399
-93.0689
-125.674
-149.258
-165.657
-80.0788
-3.47668
-0.00160403
-21.0245
-120.035
-166.047
-61.557
-0.364015
-1.23594e-17
-1.35483e-23
-5.02669e-24
-5.78812e-25
-5.79699e-25
-5.02952e-24
-1.35543e-23
-1.24716e-17
-0.370324
-61.1415
-165.025
-119.308
-20.7701
-0.00161263
-3.48774
-80.082
-165.575
-149.133
-125.501
-92.9893
-36.3595
-19.8621
-4.50265
-6.59561e-06
-2.51626e-23
-1.82008e-23
-1.30592e-23
-8.44122e-24
-6.87716e-24
-2.82937e-24
-5.47309e-24
-1.07955e-23
-1.87144e-23
-3.23119e-23
-0.123365
-64.6699
-27.2175
-34.4507
-96.3892
-130.95
-147.042
-152.613
-145.285
-65.515
-11.8915
-43.568
-134.17
-120.411
-40.9739
-0.0354106
-2.29143e-23
-1.20832e-23
-4.60833e-24
-7.94942e-25
-7.95629e-25
-4.61056e-24
-1.20877e-23
-2.2923e-23
-0.0358794
-40.8097
-119.71
-133.389
-43.2436
-11.9322
-65.5942
-145.362
-152.593
-146.883
-130.53
-96.6851
-33.9131
-26.8292
-55.1494
-0.105532
-3.257e-23
-1.87989e-23
-1.08233e-23
-5.48329e-24
-2.83768e-24
-9.29751e-25
-4.12642e-24
-9.54154e-24
-1.79336e-23
-3.29704e-23
-0.239994
-92.0227
-43.8628
-27.931
-75.2672
-141.927
-156.934
-153.573
-140.518
-117.643
-52.1909
-62.2118
-139.156
-109.18
-49.9192
-0.00136692
-2.14246e-23
-1.13734e-23
-4.82457e-24
-1.56697e-24
-1.56738e-24
-4.82584e-24
-1.13754e-23
-2.14268e-23
-0.00136699
-49.6249
-108.64
-138.451
-61.8176
-52.2633
-117.854
-140.652
-153.65
-156.899
-142.737
-74.1142
-28.1999
-42.6043
-81.5329
-0.135019
-3.33231e-23
-1.80635e-23
-9.59054e-24
-4.14307e-24
-9.35677e-25
-1.31394e-24
-4.27348e-24
-8.98525e-24
-1.49688e-23
-2.36963e-23
-2.98544e-05
-0.239259
-0.274778
-0.025844
-8.47521
-83.2853
-178.043
-165.642
-148.863
-128.468
-105.412
-105.031
-158.489
-99.0415
-40.861
-0.000544009
-1.98652e-23
-1.11958e-23
-5.7969e-24
-3.13756e-24
-3.13774e-24
-5.79742e-24
-1.11964e-23
-1.98644e-23
-0.000552989
-40.7716
-98.6328
-157.888
-104.726
-105.429
-128.579
-149.014
-165.892
-178.582
-83.9078
-8.39859
-0.0283022
-0.178166
-0.105185
-1.01452e-05
-2.38998e-23
-1.50489e-23
-9.01288e-24
-4.27693e-24
-1.30315e-24
-4.06602e-24
-6.5014e-24
-1.09075e-23
-1.40984e-23
-1.54894e-23
-1.54435e-23
-9.99724e-24
-6.17561e-24
-1.20964e-15
-0.000960074
-51.5122
-122.219
-187.952
-164.553
-149.357
-138.68
-143.053
-176.202
-117.308
-70.8936
-0.00578072
-1.81841e-23
-1.16705e-23
-7.8363e-24
-5.82615e-24
-5.82616e-24
-7.83638e-24
-1.16708e-23
-1.81847e-23
-0.00588828
-70.6761
-117.017
-175.805
-142.802
-138.595
-149.383
-164.671
-188.242
-122.503
-51.4245
-0.000910801
-9.26012e-16
-6.11561e-24
-9.92018e-24
-1.54669e-23
-1.55011e-23
-1.40898e-23
-1.08878e-23
-6.47708e-24
-4.02669e-24
-8.63283e-24
-1.15265e-23
-1.80686e-23
-2.02808e-23
-1.74734e-23
-1.24923e-23
-7.43182e-24
-4.61805e-24
-4.20632e-24
-1.85424e-09
-0.140731
-42.7947
-165.386
-175.333
-170.255
-164.989
-163.813
-163.137
-138.567
-46.807
-0.0625
-8.33856e-23
-1.33407e-23
-1.16174e-23
-1.00266e-23
-1.00264e-23
-1.16169e-23
-1.33404e-23
-9.31023e-23
-0.0631165
-46.686
-138.277
-162.839
-163.584
-164.858
-170.212
-175.356
-165.425
-42.7681
-0.138777
-1.76086e-09
-4.15175e-24
-4.54478e-24
-7.3285e-24
-1.23862e-23
-1.73682e-23
-2.01847e-23
-1.79915e-23
-1.14692e-23
-8.56402e-24
-1.29692e-23
-1.96906e-23
-3.53948e-23
-3.90637e-23
-3.21047e-23
-2.2634e-23
-1.4756e-23
-9.59735e-24
-6.43274e-24
-4.65182e-24
-2.88196e-07
-25.1886
-143.281
-214.754
-194.389
-190.891
-187.166
-183.049
-176.601
-84.3261
-3.57789
-2.59093e-11
-1.8105e-23
-1.86703e-23
-1.59706e-23
-1.59699e-23
-1.86689e-23
-1.81034e-23
-2.70837e-11
-3.5792
-84.1599
-176.276
-182.76
-186.929
-190.722
-194.292
-214.736
-143.307
-25.0812
-2.81806e-07
-4.62255e-24
-6.38071e-24
-9.50933e-24
-1.46224e-23
-2.24604e-23
-3.19065e-23
-3.88708e-23
-3.52475e-23
-1.96031e-23
-1.28849e-23
-1.3513e-23
-3.00533e-23
-0.000430606
-1.83496
-1.33892
-0.0541871
-0.0763619
-0.0378603
-0.00101488
-0.000297945
-0.000912011
-2.38209
-59.8899
-156.321
-207.605
-220.403
-213.918
-207.759
-228.739
-147.657
-33.5557
-4.31089e-06
-3.71566e-09
-2.94708e-07
-1.24513e-09
-1.22841e-09
-2.908e-07
-3.67239e-09
-4.37111e-06
-33.4581
-147.443
-228.403
-207.469
-213.658
-220.186
-207.444
-156.229
-59.8639
-2.43251
-0.00101466
-0.00034068
-0.00110984
-0.0378961
-0.0734638
-0.0512981
-1.27026
-1.74411
-0.000409972
-2.99476e-23
-1.34405e-23
-8.37852e-24
-3.25312e-23
-0.520778
-86.7428
-28.3737
-7.22854
-22.6269
-35.4888
-31.3333
-35.0033
-36.016
-26.0991
-38.9991
-135.114
-291.059
-279.834
-245.653
-209.134
-175.485
-138.901
-40.7474
-1.75077
-0.81968
-37.7439
-0.0111918
-0.0111712
-37.7706
-0.819506
-1.74709
-40.6851
-138.704
-175.241
-208.859
-245.36
-279.536
-290.771
-134.983
-38.9512
-26.0364
-35.9274
-34.9124
-31.2479
-35.3884
-22.5619
-7.2079
-28.2867
-86.4935
-0.497282
-3.24468e-23
-8.34296e-24
-7.00878e-24
-4.92142e-23
-1.0375
-5.87564
-29.1758
-29.7057
-56.6524
-88.0509
-84.5548
-88.0073
-89.4413
-86.5449
-104.058
-291.601
-105057
-41573.2
-19503.1
-14244.9
-10239
-6124.33
-2439.67
-628.264
-314.959
-145.335
-0.804455
-0.805068
-145.241
-314.699
-627.429
-2436.18
-6115.8
-10225.3
-14226.7
-19480
-41527
-104941
-291.241
-103.881
-86.349
-89.2223
-87.779
-84.3263
-87.8083
-56.4968
-29.6265
-29.1022
-5.86227
-0.993568
-4.91148e-23
-6.99483e-24
