-7.80816e-24
-5.7056e-23
-0.0167977
-107.509
-283.39
-303.584
-711.244
-426.594
-338.972
-353.777
-361.203
-269.451
-133.23
-302.256
-106236
-41916.7
-19598.4
-14275.5
-10217
-6079.26
-2404.66
-613.348
-304.364
-137.553
-0.682393
-0.685584
-137.43
-303.881
-611.538
-2394.76
-6052.16
-10171.6
-14214.9
-19521
-41770.7
-105902
-301.611
-133.476
-262.885
-348.537
-339.646
-324.338
-406.309
-712.412
-303.308
-283.006
-107.363
-0.0176134
-5.69817e-23
-7.79817e-24
-8.91617e-24
-3.35275e-23
-0.0125845
-267.805
-217.125
-70.399
-228.299
-109.036
-56.6397
-54.5606
-62.5792
-69.7918
-34.9323
-134.246
-292.508
-281.608
-247.196
-209.944
-175.322
-138.164
-40.2157
-1.67112
-0.80661
-51.2392
-0.00677525
-0.00676708
-51.1781
-0.806266
-1.66673
-40.0267
-137.485
-174.5
-209.016
-246.18
-280.548
-291.535
-133.808
-34.8159
-66.9998
-58.4519
-50.874
-53.2961
-105.314
-228.181
-70.309
-216.815
-267.396
-0.0132144
-3.34804e-23
-8.90113e-24
-1.27605e-23
-2.72042e-23
-1.93747e-05
-0.0402234
-0.0204255
-0.000147948
-0.000426363
-0.00115041
-0.000245698
-0.000130752
-0.000322828
-1.88565
-60.3836
-157.089
-209.029
-222.375
-216.085
-209.381
-228.225
-146.291
-29.3136
-3.67884e-06
-1.22849e-09
-8.60601e-08
-3.60864e-10
-3.48349e-10
-8.31262e-08
-1.1918e-09
-3.86357e-06
-29.3087
-145.495
-227.06
-208.41
-215.158
-221.516
-208.307
-156.542
-60.148
-1.90914
-0.00036818
-0.000153077
-0.000281842
-0.00125342
-0.000454617
-0.000156101
-0.0215174
-0.0423259
-2.0367e-05
-2.71628e-23
-1.27373e-23
-1.18516e-23
-1.84258e-23
-3.31318e-23
-1.18675e-22
-8.66327e-23
-3.31685e-23
-2.47792e-23
-1.79032e-23
-1.26653e-23
-9.23686e-24
-3.91076e-07
-25.9488
-146.181
-217.827
-196.431
-193.243
-190.464
-186.744
-174.611
-78.787
-2.54819
-2.93707e-11
-1.80619e-23
-1.82823e-23
-1.55012e-23
-1.55028e-23
-1.82851e-23
-1.80644e-23
-3.29508e-11
-2.58106
-78.2742
-173.7
-185.863
-189.6
-192.486
-195.81
-217.268
-145.856
-25.6609
-3.91719e-07
-9.11747e-24
-1.25453e-23
-1.77606e-23
-2.46165e-23
-3.3007e-23
-9.43202e-23
-1.28554e-22
-3.30758e-23
-1.83992e-23
-1.18313e-23
-7.99074e-24
-1.15606e-23
-1.93257e-23
-2.46299e-23
-2.54224e-23
-2.22993e-23
-1.771e-23
-1.40145e-23
-1.26727e-23
-3.01796e-09
-0.173852
-41.0852
-165.68
-176.752
-171.786
-167.003
-168.47
-174.273
-136.544
-62.1402
-0.0389235
-1.68679e-22
-1.32019e-23
-1.13204e-23
-9.66417e-24
-9.66544e-24
-1.1324e-23
-1.32084e-23
-2.06728e-22
-0.0398633
-62.4287
-135.621
-173.497
-167.588
-166.315
-171.327
-176.432
-165.434
-41.0204
-0.171532
-3.01919e-09
-1.24598e-23
-1.37223e-23
-1.73578e-23
-2.20847e-23
-2.53123e-23
-2.4582e-23
-1.93078e-23
-1.15533e-23
-7.98308e-24
-3.96863e-24
-7.12824e-24
-1.28384e-23
-1.80656e-23
-2.15245e-23
-2.28457e-23
-2.03667e-23
-1.72775e-23
-1.57717e-16
-0.00152163
-53.2946
-124.488
-191.02
-166.469
-150.218
-138.566
-145.679
-185.86
-119.753
-62.0179
-0.00411705
-1.78631e-23
-1.1354e-23
-7.50926e-24
-5.49867e-24
-5.49981e-24
-7.51321e-24
-1.13624e-23
-1.7879e-23
-0.00431929
-61.6279
-118.694
-184.387
-144.525
-137.933
-149.996
-166.386
-190.975
-124.46
-53.1494
-0.00153211
-1.79387e-16
-1.67198e-23
-1.96408e-23
-2.27824e-23
-2.15601e-23
-1.81056e-23
-1.28657e-23
-7.14176e-24
-3.97551e-24
-1.46476e-24
-5.03881e-24
-1.07394e-23
-1.76565e-23
-2.58601e-23
-1.30949e-06
-0.00742035
-0.0133127
-0.0077919
-22.045
-71.5397
-172.836
-166.448
-151.34
-129.354
-101.105
-105.085
-164.527
-100.365
-39.9825
-0.000513851
-1.90035e-23
-1.06032e-23
-5.37815e-24
-2.81296e-24
-2.81351e-24
-5.38102e-24
-1.0612e-23
-1.90252e-23
-0.000548476
-39.9
-99.6273
-163.205
-103.716
-100.508
-129.606
-151.574
-166.598
-172.854
-71.3701
-22.3636
-0.00687109
-0.0406274
-0.0569694
-1.92473e-05
-2.62509e-23
-1.78123e-23
-1.08058e-23
-5.06477e-24
-1.47647e-24
-1.00662e-24
-4.88717e-24
-1.12431e-23
-2.01272e-23
-3.30785e-23
-0.0106217
-169.676
-209.447
-100.104
-50.6343
-119.514
-155.656
-157.11
-146.651
-112.955
-45.6203
-61.7806
-168.665
-117.543
-44.8247
-0.000594868
-2.00685e-23
-1.04685e-23
-4.29692e-24
-1.25719e-24
-1.25618e-24
-4.29581e-24
-1.04728e-23
-2.00864e-23
-0.000599441
-44.5668
-116.464
-168.389
-60.3269
-46.3164
-113.153
-147.197
-157.465
-155.987
-119.388
-50.921
-93.9527
-217.534
-172.24
-0.0695218
-3.35092e-23
-2.02888e-23
-1.13011e-23
-4.90282e-24
-1.00374e-24
-2.48417e-24
-6.22147e-24
-1.30825e-23
-2.25851e-23
-3.62218e-23
-0.0081687
-175.782
-194.281
-103.591
-74.4671
-146.095
-157.055
-160.647
-142.663
-83.6995
-10.9854
-97.232
-168.655
-151.647
-79.3931
-0.00974185
-2.10827e-23
-1.07906e-23
-3.96695e-24
-5.53561e-25
-5.49563e-25
-3.95797e-24
-1.07854e-23
-2.10975e-23
-0.00920858
-79.6918
-152.101
-168.574
-99.5542
-11.0273
-83.8844
-142.812
-161.007
-157.437
-146.55
-74.5679
-106.45
-202.795
-181.212
-0.0241591
-3.62674e-23
-2.2595e-23
-1.30725e-23
-6.20265e-24
-2.44871e-24
-5.54158e-24
-8.90032e-24
-1.61188e-23
-2.47513e-23
-3.53386e-23
-5.83567e-07
-0.165098
-168.212
-69.4253
-104.001
-156.976
-166.891
-171.318
-76.3615
-2.60397
-0.000399042
-13.1921
-132.804
-187.58
-74.6636
-0.136254
-7.58176e-17
-1.15695e-23
-4.24589e-24
-5.05002e-25
-4.95957e-25
-4.2233e-24
-1.15438e-23
-9.77669e-17
-0.129445
-77.6851
-185.636
-132.096
-12.6727
-0.000387623
-2.60627
-76.4017
-171.618
-167.256
-157.44
-104.261
-70.3289
-169.877
-0.116696
-3.81845e-07
-3.50861e-23
-2.46042e-23
-1.60282e-23
-8.84204e-24
-5.46937e-24
-9.52675e-24
-1.32153e-23
-2.14991e-23
-2.86111e-23
-3.495e-23
-3.41749e-14
-0.00361212
-86.9629
-51.9382
-135.579
-160.9
-185.5
-107.269
-22.476
-1.20695e-05
-3.06814e-14
-0.186494
-66.6002
-159.901
-80.7339
-7.71116
-4.90784e-08
-1.33782e-23
-5.08429e-24
-9.549e-25
-9.37819e-25
-5.04157e-24
-1.33162e-23
-4.95231e-08
-7.43703
-79.3185
-158.333
-65.225
-0.176182
-3.41592e-14
-1.19986e-05
-22.5265
-107.495
-185.81
-161.148
-135.763
-51.8405
-86.8534
-0.00366838
-3.7527e-14
-3.4612e-23
-2.83594e-23
-2.13464e-23
-1.31352e-23
-9.42779e-24
-1.30073e-23
-2.00681e-23
-3.90537e-22
-6.8177e-20
-9.09871e-12
-0.000312952
-9.26271
-112.962
-86.444
-148.534
-169.837
-115.106
-66.6213
-0.0228324
-1.42995e-13
-3.5805e-24
-0.00281634
-82.4818
-164.223
-128.956
-61.3677
-0.000348317
-1.53195e-23
-6.15273e-24
-1.71992e-24
-1.68955e-24
-6.08874e-24
-1.52466e-23
-0.000329931
-62.0771
-129.36
-163.182
-84.1783
-0.00260817
-3.60655e-24
-1.41744e-13
-0.022848
-66.7849
-115.206
-169.872
-148.781
-86.6852
-112.606
-9.87885
-0.000340036
-1.02163e-11
-1.24274e-19
-1.01551e-21
-2.00218e-23
-1.28944e-23
-1.33095e-23
-1.28233e-06
-0.0209343
-0.188456
-0.241956
-18.3396
-216.406
-236.224
-100.604
-128.131
-142.815
-77.1536
-5.58021
-1.49755e-07
-3.57328e-24
-3.77489e-24
-1.79317e-05
-35.4507
-149.416
-163.668
-76.4524
-0.0095767
-1.5591e-23
-7.1344e-24
-2.69033e-24
-2.63027e-24
-7.04368e-24
-1.55842e-23
-0.00871226
-75.2677
-163.725
-149.503
-34.4936
-1.61572e-05
-3.7692e-24
-3.60209e-24
-1.51415e-07
-5.66185
-76.6886
-142.668
-127.948
-99.0409
-231.177
-216.012
-18.137
-0.271175
-0.208423
-0.0223197
-1.25305e-06
-1.31781e-23
-7.66488e-24
-0.0188041
-204.528
-209.973
-149.634
-224.691
-227.28
-304.246
-340.582
-181.73
-136.089
-193.739
-0.193305
-7.76076e-16
-2.31306e-24
-3.13438e-24
-3.16657e-10
-6.12225
-61.8961
-107.943
-32.0288
-5.61422
-1.29353e-11
-8.64245e-24
-3.94474e-24
-3.79666e-24
-8.46799e-24
-1.49305e-11
-4.79253
-30.8798
-106.592
-61.1461
-5.23832
-3.17053e-10
-3.10937e-24
-2.3303e-24
-7.86592e-16
-0.196925
-192.671
-135.117
-180.062
-336.151
-304.969
-227.262
-224.284
-149.548
-209.77
-203.542
-0.0103948
-7.48623e-24
-3.75798e-24
-0.0205545
-166.266
-184.728
-137.554
-396.355
-230.066
-224.073
-508.544
-572.127
-583.629
-252.085
-0.0293716
-3.74675e-20
-1.35449e-24
-2.5182e-24
-1.88994e-18
-1.11982
-37.0655
-77.0878
-48.167
-31.6238
-0.000469888
-3.08594e-21
-5.44332e-24
-5.00845e-24
-1.69187e-20
-0.00048235
-31.9099
-46.6552
-75.1446
-36.285
-0.903881
-2.16002e-18
-2.49295e-24
-1.36661e-24
-3.86722e-20
-0.0296697
-251.711
-581.182
-569.81
-508.882
-224.362
-229.995
-395.429
-137.311
-184.038
-167.4
-0.00806617
-3.72778e-24
-3.71161e-24
-2.64519e-06
-0.0268295
-0.141553
-0.24418
-7.60502
-106.32
-202.982
-407.015
-477.485
-473.358
-221.793
-0.00222193
-1.29399e-21
-6.78561e-25
-2.89513e-24
-6.30445e-07
-14.8149
-20.3733
-36.1208
-41.6601
-17.7477
-19.6272
-0.0221482
-2.91954e-08
-5.56236e-09
-0.00945021
-19.3969
-16.9151
-40.1131
-35.1958
-19.9031
-13.7327
-5.80284e-07
-2.85227e-24
-6.8805e-25
-1.31408e-21
-0.00223731
-221.78
-473.524
-477.842
-407.145
-203.288
-106.281
-7.55501
-0.266337
-0.0965352
-0.0106525
-6.77792e-07
-3.70806e-24
-3.17065e-24
-1.16211e-23
-1.96232e-23
-1.569e-19
-6.03818e-10
-0.282629
-16.4579
-27.3572
-37.3209
-63.9613
-37.55
-58.5598
-0.0530448
-3.1097e-15
-5.27488e-25
-3.81098e-24
-0.0134403
-46.703
-44.2707
-17.3487
-18.1184
-23.4319
-32.909
-60.8713
-0.0151027
-0.00463082
-86.9474
-28.9267
-21.9338
-17.4022
-17.2357
-43.5228
-46.6029
-0.0102268
-3.73743e-24
-5.45258e-25
-3.03313e-15
-0.0535565
-58.3637
-37.573
-63.8844
-37.3694
-27.4057
-16.6916
-0.278463
-6.08602e-10
-2.22123e-19
-3.59657e-23
-1.15678e-23
-3.16573e-24
-2.59042e-24
-9.89597e-24
-1.95957e-23
-2.72655e-23
-0.000846265
-44.7529
-27.1175
-42.1204
-32.8405
-14.7885
-46.429
-22.7048
-21.5207
-0.000601849
-2.48237e-24
-5.88432e-24
-0.0463851
-74.5615
-49.9433
-6.2317
-22.9411
-16.8729
-21.1756
-53.5273
-0.417436
-0.183788
-92.0108
-18.9014
-16.1676
-22.8343
-6.37849
-49.4503
-93.0116
-0.0316315
-5.81245e-24
-2.54043e-24
-0.000610585
-21.728
-22.7662
-46.572
-14.7972
-32.8386
-42.1503
-27.1423
-44.7411
-0.000835601
-2.73044e-23
-1.96142e-23
-9.88647e-24
-2.58663e-24
-2.56453e-24
-1.14093e-23
-2.70033e-23
-1.24183e-06
-14.3585
-26.7609
-40.326
-29.5655
-18.4089
-9.03519
-55.1735
-32.0819
-50.295
-5.61409
-2.77059e-07
-1.28376e-23
-1.3163e-05
-1.34052
-10.066
-1.14198
-0.593402
-1.80673
-11.5378
-3.36845
-0.000934449
-0.000449533
-1.52549
-6.29856
-1.90032
-0.633468
-1.22896
-9.10582
-1.02063
-8.01281e-06
-1.27556e-23
-2.78279e-07
-5.67914
-50.5004
-32.1937
-55.3424
-9.04571
-18.3899
-29.5742
-40.3473
-26.7712
-14.2206
-1.235e-06
-2.7022e-23
-1.14108e-23
-2.56262e-24
-3.15575e-24
-1.42877e-23
-3.78682e-23
-0.00659605
-18.7179
-27.6343
-29.7475
-24.4237
-3.58378
-27.9685
-34.7195
-48.3641
-18.352
-26.7361
-0.173598
-2.41319e-23
-3.63017e-23
-6.13086e-23
-8.17436e-23
-9.34508e-23
-1.0027e-22
-1.04991e-22
-1.0613e-22
-9.73048e-23
-8.07616e-23
-7.97069e-23
-9.57414e-23
-1.05458e-22
-1.05059e-22
-1.00473e-22
-9.35736e-23
-8.15851e-23
-6.0925e-23
-3.60358e-23
-2.41587e-23
-0.175159
-26.8429
-18.4205
-48.5149
-34.8892
-27.9706
-3.55583
-24.4336
-29.7625
-27.6485
-18.7305
-0.00652728
-3.78894e-23
-1.42931e-23
-3.15519e-24
-4.316e-24
-1.67415e-23
-4.58423e-23
-0.728307
-15.9943
-24.1047
-20.8339
-2.64272
-1.24452e-05
-0.0189497
-77.0883
-10.0335
-18.9399
-61.9614
-2.54348
-4.26162e-23
-3.64188e-23
-4.37257e-23
-5.32269e-23
-6.04717e-23
-6.52094e-23
-6.78257e-23
-6.78306e-23
-6.42401e-23
-5.92241e-23
-5.89093e-23
-6.3666e-23
-6.7462e-23
-6.77099e-23
-6.51941e-23
-6.04402e-23
-5.31054e-23
-4.35528e-23
-3.63214e-23
-4.26911e-23
-2.5675
-62.3781
-19.0041
-10.0399
-76.9402
-0.0190743
-1.2378e-05
-2.62504
-20.8457
-24.1184
-16.0039
-0.721867
-4.58661e-23
-1.67491e-23
-4.31732e-24
-5.50778e-24
-1.72028e-23
-4.64942e-23
-0.547761
-37.931
-21.1823
-1.27199
-7.59297e-07
-2.30274e-23
-2.3777e-09
-0.00127158
-0.124535
-3.42418
-4.61998
-0.00251228
-4.83301e-23
-3.37601e-23
-3.1766e-23
-3.39878e-23
-3.68522e-23
-3.91107e-23
-4.03598e-23
-4.03523e-23
-3.9081e-23
-3.75428e-23
-3.74385e-23
-3.88638e-23
-4.0169e-23
-4.02541e-23
-3.90505e-23
-3.67959e-23
-3.39116e-23
-3.16878e-23
-3.37278e-23
-4.83918e-23
-0.00254238
-4.66558
-3.44528
-0.125108
-0.00128151
-2.40786e-09
-2.30485e-23
-7.5696e-07
-1.26634
-21.197
-37.9549
-0.544594
-4.65203e-23
-1.72126e-23
-5.51217e-24
-5.31686e-24
-1.42671e-23
-3.67268e-23
-0.000272043
-0.586007
-0.111628
-7.30065e-07
-2.47666e-23
-1.81229e-23
-2.10829e-23
-2.97097e-23
-3.90589e-23
-4.6917e-23
-5.11408e-23
-4.60772e-23
-3.2091e-23
-2.37443e-23
-2.03039e-23
-1.95612e-23
-1.99008e-23
-2.04392e-23
-2.0749e-23
-2.0645e-23
-2.01655e-23
-1.96688e-23
-1.96318e-23
-2.00806e-23
-2.05582e-23
-2.06822e-23
-2.03896e-23
-1.98577e-23
-1.95194e-23
-2.02717e-23
-2.3739e-23
-3.21275e-23
-4.61583e-23
-5.12226e-23
-4.69842e-23
-3.91143e-23
-2.97532e-23
-2.11132e-23
-1.81467e-23
-2.47948e-23
-7.2906e-07
-0.111236
-0.583428
-0.000270642
-3.67526e-23
-1.4278e-23
-5.32388e-24
-3.24769e-24
-8.72672e-24
-1.86737e-23
-2.98177e-23
-2.88516e-23
-2.26466e-23
-1.62873e-23
-1.08049e-23
-8.38432e-24
-8.72483e-24
-1.0998e-23
-1.41322e-23
-1.74235e-23
-2.00899e-23
-2.00784e-23
-1.67726e-23
-1.32503e-23
-1.07596e-23
-9.33281e-24
-8.61004e-24
-8.23973e-24
-7.98464e-24
-7.72162e-24
-7.43824e-24
-7.22917e-24
-7.21582e-24
-7.40544e-24
-7.68332e-24
-7.95001e-24
-8.21088e-24
-8.58605e-24
-9.31412e-24
-1.07503e-23
-1.32563e-23
-1.67967e-23
-2.01163e-23
-2.01287e-23
-1.7457e-23
-1.416e-23
-1.10205e-23
-8.74304e-24
-8.40102e-24
-1.08239e-23
-1.63126e-23
-2.26785e-23
-2.88854e-23
-2.98454e-23
-1.86898e-23
-8.73507e-24
-3.25429e-24
-1.24553e-24
-4.91699e-24
-9.0797e-24
-1.01165e-23
-6.09604e-24
-2.52293e-24
-1.84813e-24
-1.72237e-24
-1.49226e-24
-1.45119e-24
-1.82799e-24
-2.80587e-24
-4.58956e-24
-6.94301e-24
-8.58834e-24
-8.42761e-24
-7.0386e-24
-5.36352e-24
-3.93751e-24
-2.88869e-24
-2.15622e-24
-1.64078e-24
-1.26695e-24
-1.00233e-24
-8.55973e-25
-8.5201e-25
-9.92135e-25
-1.25405e-24
-1.628e-24
-2.14503e-24
-2.88002e-24
-3.93289e-24
-5.36531e-24
-7.0488e-24
-8.44573e-24
-8.61022e-24
-6.96274e-24
-4.60451e-24
-2.81664e-24
-1.83598e-24
-1.45775e-24
-1.49844e-24
-1.72904e-24
-1.85595e-24
-2.53192e-24
-6.1056e-24
-1.01251e-23
-9.08573e-24
-4.92051e-24
-1.24835e-24
-1.23944e-24
-4.91523e-24
-9.08106e-24
-1.01203e-23
-6.10005e-24
-2.52698e-24
-1.85204e-24
-1.72575e-24
-1.49527e-24
-1.45413e-24
-1.83096e-24
-2.80864e-24
-4.59178e-24
-6.94444e-24
-8.5887e-24
-8.42594e-24
-7.03367e-24
-5.35374e-24
-3.92065e-24
-2.86166e-24
-2.11528e-24
-1.58259e-24
-1.19056e-24
-9.11421e-25
-7.59263e-25
-7.60237e-25
-9.13873e-25
-1.1934e-24
-1.58483e-24
-2.1166e-24
-2.86261e-24
-3.92272e-24
-5.35904e-24
-7.04375e-24
-8.44008e-24
-8.60319e-24
-6.95458e-24
-4.596e-24
-2.80842e-24
-1.82848e-24
-1.45089e-24
-1.49153e-24
-1.72084e-24
-1.84512e-24
-2.51825e-24
-6.09147e-24
-1.01142e-23
-9.07764e-24
-4.91311e-24
-1.23676e-24
-3.22862e-24
-8.72275e-24
-1.86834e-23
-2.98415e-23
-2.88723e-23
-2.26637e-23
-1.63009e-23
-1.08152e-23
-8.39311e-24
-8.73377e-24
-1.10078e-23
-1.41424e-23
-1.74333e-23
-2.00989e-23
-2.00856e-23
-1.67731e-23
-1.32405e-23
-1.07354e-23
-9.2886e-24
-8.53644e-24
-8.12339e-24
-7.81132e-24
-7.48393e-24
-7.14664e-24
-6.91607e-24
-6.92221e-24
-7.16202e-24
-7.50193e-24
-7.82659e-24
-8.13358e-24
-8.54157e-24
-9.29049e-24
-1.07374e-23
-1.3246e-23
-1.67831e-23
-2.00966e-23
-2.01043e-23
-1.74312e-23
-1.4135e-23
-1.09981e-23
-8.72352e-24
-8.38208e-24
-1.08011e-23
-1.62804e-23
-2.26362e-23
-2.88436e-23
-2.98202e-23
-1.86715e-23
-8.71577e-24
-3.22101e-24
-5.28412e-24
-1.42661e-23
-3.67653e-23
-0.000271695
-0.585264
-0.111499
-7.29962e-07
-2.47826e-23
-1.81359e-23
-2.10977e-23
-2.97288e-23
-3.90824e-23
-4.69446e-23
-5.11739e-23
-4.61137e-23
-3.21092e-23
-2.37413e-23
-2.02784e-23
-1.95084e-23
-1.98062e-23
-2.02733e-23
-2.04711e-23
-2.02213e-23
-1.96077e-23
-1.90583e-23
-1.9075e-23
-1.96476e-23
-2.02637e-23
-2.05027e-23
-2.02907e-23
-1.98104e-23
-1.95023e-23
-2.02686e-23
-2.37365e-23
-3.21148e-23
-4.61277e-23
-5.11803e-23
-4.69396e-23
-3.90712e-23
-2.97152e-23
-2.10838e-23
-1.81214e-23
-2.47634e-23
-7.28679e-07
-0.111267
-0.584056
-0.000271158
-3.67482e-23
-1.42569e-23
-5.27408e-24
-5.46517e-24
-1.72155e-23
-4.65896e-23
-0.547303
-37.9787
-21.2028
-1.26937
-7.58094e-07
-2.304e-23
-2.38176e-09
-0.0012779
-0.124941
-3.43506
-4.64486
-0.00253031
-4.83847e-23
-3.37723e-23
-3.17515e-23
-3.39565e-23
-3.67907e-23
-3.89643e-23
-4.00269e-23
-3.97096e-23
-3.81121e-23
-3.64502e-23
-3.64946e-23
-3.82119e-23
-3.98012e-23
-4.00825e-23
-3.8988e-23
-3.67887e-23
-3.3932e-23
-3.17172e-23
-3.37491e-23
-4.83887e-23
-0.00257019
-4.70869
-3.46987
-0.125086
-0.00127685
-2.37841e-09
-2.30266e-23
-7.57738e-07
-1.2676
-21.1925
-37.9637
-0.546373
-4.65794e-23
-1.72087e-23
-5.45584e-24
-4.27181e-24
-1.67779e-23
-4.60094e-23
-0.727624
-16.0213
-24.1451
-20.8664
-2.63246
-1.24301e-05
-0.018998
-77.0868
-10.0401
-18.9791
-62.3002
-2.55089
-4.26941e-23
-3.64318e-23
-4.37203e-23
-5.32583e-23
-6.05495e-23
-6.52534e-23
-6.76215e-23
-6.6976e-23
-6.2558e-23
-5.72464e-23
-5.73702e-23
-6.2817e-23
-6.71683e-23
-6.77028e-23
-6.52774e-23
-6.05371e-23
-5.32022e-23
-4.36399e-23
-3.63781e-23
-4.27017e-23
-2.58388
-62.5496
-19.0005
-10.0352
-76.9912
-0.0190046
-1.23896e-05
-2.62971
-20.8597
-24.1379
-16.0167
-0.726662
-4.60107e-23
-1.67761e-23
-4.26478e-24
-3.11536e-24
-1.4349e-23
-3.80961e-23
-0.00659821
-18.7856
-27.6916
-29.8069
-24.467
-3.56819
-27.9893
-34.7773
-48.4243
-18.3831
-26.777
-0.173357
-2.41808e-23
-3.62661e-23
-6.12819e-23
-8.18961e-23
-9.38588e-23
-1.00885e-22
-1.05536e-22
-1.05325e-22
-9.43106e-23
-7.69839e-23
-7.7355e-23
-9.50249e-23
-1.05705e-22
-1.0558e-22
-1.00882e-22
-9.3848e-23
-8.17998e-23
-6.11075e-23
-3.61449e-23
-2.41779e-23
-0.175302
-26.7916
-18.4053
-48.4676
-34.8503
-27.9774
-3.55666
-24.457
-29.7996
-27.6854
-18.7853
-0.00660332
-3.81083e-23
-1.43523e-23
-3.11041e-24
-2.51914e-24
-1.14798e-23
-2.72597e-23
-1.24917e-06
-14.4033
-26.8232
-40.4157
-29.6203
-18.4287
-9.04327
-55.2531
-32.1284
-50.3917
-5.5887
-2.73039e-07
-1.28311e-23
-7.94414e-06
-1.00644
-9.09014
-1.27247
-0.657433
-2.03647
-5.21057
-1.01257
-0.000258034
-0.000274075
-1.11677
-5.56211
-2.12693
-0.659391
-1.25911
-9.05166
-0.997705
-7.71686e-06
-1.27941e-23
-2.75114e-07
-5.64674
-50.4691
-32.1659
-55.3029
-9.04021
-18.4023
-29.6037
-40.4092
-26.8193
-14.4187
-1.25545e-06
-2.72802e-23
-1.14873e-23
-2.5146e-24
-2.51534e-24
-9.94081e-24
-1.9878e-23
-2.7646e-23
-0.000850483
-45.0403
-27.1959
-42.2018
-32.8798
-14.8006
-46.519
-22.7345
-21.6085
-0.00059925
-2.50587e-24
-5.86472e-24
-0.032407
-81.204
-49.7405
-6.32791
-22.9544
-16.3721
-18.1078
-136.599
-0.088749
-0.0906014
-114.923
-18.6655
-16.3452
-22.9674
-6.37185
-49.5281
-89.0859
-0.0309586
-5.84088e-24
-2.52768e-24
-0.000606448
-21.6754
-22.7528
-46.5739
-14.7916
-32.8463
-42.1747
-27.2092
-45.027
-0.000851433
-2.76712e-23
-1.99093e-23
-9.95157e-24
-2.5082e-24
-3.04396e-24
-1.15388e-23
-2.15581e-23
-1.98469e-19
-6.21428e-10
-0.283668
-16.6598
-27.4128
-37.3689
-63.9869
-37.5742
-58.5042
-0.0530904
-3.021e-15
-5.33518e-25
-3.78451e-24
-0.0109255
-46.3924
-44.0474
-17.1874
-17.3658
-21.7379
-27.3858
-112.402
-0.00211796
-0.00210427
-113.996
-28.0997
-21.9555
-17.489
-17.2761
-43.8743
-46.5254
-0.0102356
-3.76264e-24
-5.42416e-25
-2.95619e-15
-0.0531727
-58.337
-37.5582
-63.8048
-37.3301
-27.3929
-16.7361
-0.282649
-5.49805e-10
-1.56226e-19
-2.0116e-23
-1.15518e-23
-3.03066e-24
-3.55907e-24
-1.22699e-06
-0.015599
-0.115832
-0.259283
-7.59118
-106.336
-203.403
-407.126
-477.818
-473.65
-221.904
-0.00222032
-1.27707e-21
-6.8059e-25
-2.87562e-24
-6.59508e-07
-14.4793
-20.0628
-35.3516
-40.2655
-16.9554
-20.4476
-0.0051571
-1.47775e-09
-9.67575e-10
-0.0048843
-21.0854
-17.106
-40.4771
-35.434
-20.0283
-14.2056
-6.04642e-07
-2.86884e-24
-6.88093e-25
-1.27689e-21
-0.0022179
-221.901
-473.379
-477.325
-406.64
-203.529
-106.246
-7.48118
-0.240641
-0.109779
-0.0156096
-1.27486e-06
-3.54038e-24
-3.678e-24
-0.0119167
-163.553
-179.892
-136.831
-394.93
-230.022
-224.621
-509.194
-571.633
-582.851
-252.071
-0.0294411
-3.75921e-20
-1.35735e-24
-2.49839e-24
-2.2543e-18
-0.975369
-36.4698
-75.5768
-47.0106
-33.79
-0.000453345
-5.55692e-21
-4.44977e-24
-4.47921e-24
-5.85651e-21
-0.000490915
-33.5526
-47.1538
-75.7529
-36.5351
-0.958662
-2.63803e-18
-2.50441e-24
-1.3671e-24
-3.77837e-20
-0.0294175
-252.22
-584.055
-572.747
-509.364
-225.045
-229.978
-394.096
-136.461
-177.421
-162.88
-0.0129971
-3.67239e-24
-7.37753e-24
-0.0131514
-202.289
-205.956
-149.201
-223.951
-227.017
-304.79
-338.691
-180.949
-135.6
-193.314
-0.195441
-7.80093e-16
-2.32019e-24
-3.11023e-24
-3.15068e-10
-5.50162
-61.3236
-106.914
-31.1539
-5.1158
-1.26888e-11
-8.63962e-24
-3.4639e-24
-3.4766e-24
-8.66395e-24
-1.58813e-11
-5.1739
-31.2964
-107.207
-61.4697
-5.47185
-3.34063e-10
-3.12115e-24
-2.33018e-24
-7.59462e-16
-0.195279
-193.766
-136.067
-181.587
-340.116
-304.768
-226.718
-223.52
-149.387
-204.668
-201.466
-0.0149413
-7.3656e-24
-1.30395e-23
-1.2736e-06
-0.0220977
-0.199965
-0.259434
-18.4104
-216.099
-233.999
-99.8685
-128.088
-142.846
-76.8818
-5.63723
-1.51038e-07
-3.59105e-24
-3.76475e-24
-1.66573e-05
-34.7456
-149.523
-163.754
-75.7241
-0.00915846
-1.60823e-23
-7.16415e-24
-2.45656e-24
-2.46226e-24
-7.1747e-24
-1.60828e-23
-0.00921286
-75.9288
-164.094
-149.822
-34.8243
-1.68169e-05
-3.77488e-24
-3.59938e-24
-1.49657e-07
-5.61718
-77.1883
-142.733
-128.245
-100.36
-235.159
-215.949
-18.4222
-0.250357
-0.209574
-0.0248696
-1.55036e-06
-1.29385e-23
-1.28609e-23
-2.01377e-23
-4.90986e-22
-8.28532e-20
-9.79847e-12
-0.000330165
-9.65071
-112.956
-86.6392
-148.711
-169.817
-115.158
-66.7315
-0.022987
-1.45926e-13
-3.59448e-24
-0.00266789
-83.7589
-163.521
-129.269
-62.5236
-0.00033945
-1.5581e-23
-6.17958e-24
-1.60821e-24
-1.61093e-24
-6.18477e-24
-1.55822e-23
-0.000340694
-62.4853
-129.532
-163.879
-83.8522
-0.00267253
-3.60174e-24
-1.46028e-13
-0.022798
-66.6521
-115.211
-170.088
-148.781
-86.5903
-112.953
-9.3207
-0.000309175
-9.10374e-12
-7.60122e-20
-4.91227e-22
-2.0043e-23
-1.27582e-23
-9.465e-24
-1.32577e-23
-2.16622e-23
-2.88131e-23
-3.51753e-23
-3.49316e-14
-0.00358706
-86.9492
-51.989
-135.688
-160.974
-185.6
-107.388
-22.56
-1.22137e-05
-3.23457e-14
-0.178522
-65.6574
-158.85
-79.7433
-7.5299
-4.93547e-08
-1.35286e-23
-5.11207e-24
-9.09384e-25
-9.10818e-25
-5.11501e-24
-1.35301e-23
-4.96133e-08
-7.58176
-79.977
-159.181
-65.7958
-0.180335
-3.35738e-14
-1.21936e-05
-22.5274
-107.279
-185.675
-161.133
-135.827
-51.9626
-87.5421
-0.00375309
-3.23945e-14
-3.52012e-23
-2.88485e-23
-2.16708e-23
-1.32236e-23
-9.39575e-24
-5.51445e-24
-8.91355e-24
-1.61688e-23
-2.48112e-23
-3.54024e-23
-4.28264e-07
-0.137686
-166.651
-69.3485
-104.074
-157.066
-166.991
-171.463
-76.4585
-2.62083
-0.000389796
-12.816
-132.487
-186.343
-76.8732
-0.131399
-8.71925e-17
-1.16819e-23
-4.28159e-24
-4.98087e-25
-4.99028e-25
-4.2837e-24
-1.16833e-23
-9.00319e-17
-0.132185
-76.8037
-186.621
-132.563
-12.8821
-0.000392351
-2.61949
-76.363
-171.366
-167.016
-157.24
-104.076
-69.7899
-169.407
-0.156263
-4.91894e-07
-3.55614e-23
-2.49045e-23
-1.62098e-23
-8.91368e-24
-5.48258e-24
-2.46635e-24
-6.20858e-24
-1.30527e-23
-2.24964e-23
-3.60018e-23
-0.0146425
-169.73
-191.063
-103.398
-74.3899
-146.188
-157.13
-160.712
-142.779
-83.5039
-11.0231
-98.9179
-168.774
-151.988
-79.6445
-0.00937869
-2.1237e-23
-1.0882e-23
-4.00846e-24
-5.68836e-25
-5.697e-25
-4.0108e-24
-1.08851e-23
-2.12391e-23
-0.00942058
-79.7239
-152.137
-168.833
-98.9163
-11.0331
-83.6696
-142.683
-160.692
-157.071
-146.023
-74.3142
-102.679
-190.807
-174.849
-0.00685664
-3.63216e-23
-2.26459e-23
-1.31196e-23
-6.22908e-24
-2.46114e-24
-9.989e-25
-4.86441e-24
-1.11733e-23
-1.99438e-23
-3.26244e-23
-0.0327479
-159.129
-204.366
-96.8245
-50.7558
-119.176
-155.695
-157.17
-146.807
-113.119
-46.0165
-60.8348
-168.523
-116.796
-44.7136
-0.000594085
-2.01807e-23
-1.05429e-23
-4.34072e-24
-1.28482e-24
-1.28573e-24
-4.34356e-24
-1.05484e-23
-2.01917e-23
-0.000601354
-44.76
-117.008
-168.712
-60.9412
-45.9618
-113.049
-146.836
-157.167
-155.635
-119.533
-50.4985
-100.865
-203.397
-158.981
-0.00951785
-3.2917e-23
-2.00815e-23
-1.12374e-23
-4.88813e-24
-1.00284e-24
-1.48373e-24
-5.03363e-24
-1.06922e-23
-1.75187e-23
-2.5519e-23
-7.9028e-06
-0.0262802
-0.0257537
-0.00715274
-22.0095
-71.2161
-172.706
-166.413
-151.357
-129.41
-100.732
-104.217
-163.653
-99.8496
-40.0182
-0.00052957
-1.90898e-23
-1.06657e-23
-5.42236e-24
-2.84732e-24
-2.84812e-24
-5.42492e-24
-1.0671e-23
-1.91017e-23
-0.000538669
-40.0018
-100.025
-163.873
-104.32
-100.747
-129.432
-151.391
-166.456
-172.837
-71.5914
-22.2452
-0.00806839
-0.013048
-0.0069907
-1.36763e-06
-2.56349e-23
-1.75906e-23
-1.07281e-23
-5.04507e-24
-1.47969e-24
-4.03018e-24
-7.16351e-24
-1.28607e-23
-1.80633e-23
-2.14887e-23
-2.28112e-23
-2.0656e-23
-1.74175e-23
-1.37082e-16
-0.00145704
-53.1691
-124.527
-190.97
-166.321
-149.998
-138.13
-144.948
-184.983
-119.093
-61.6498
-0.00420533
-1.79303e-23
-1.14072e-23
-7.55288e-24
-5.53659e-24
-5.53716e-24
-7.5544e-24
-1.14095e-23
-1.79335e-23
-0.00426182
-61.9276
-119.159
-185.006
-145.013
-138.181
-150.049
-166.364
-190.915
-124.428
-53.3494
-0.00150065
-1.26957e-16
-1.74746e-23
-2.07121e-23
-2.28386e-23
-2.15076e-23
-1.80717e-23
-1.28594e-23
-7.15397e-24
-4.00717e-24
-8.09618e-24
-1.16448e-23
-1.94346e-23
-2.47694e-23
-2.5593e-23
-2.25004e-23
-1.79424e-23
-1.41646e-23
-1.27654e-23
-2.88125e-09
-0.171088
-40.9329
-165.314
-176.409
-171.405
-166.519
-167.9
-173.815
-135.911
-62.371
-0.0392502
-1.86598e-22
-1.32476e-23
-1.13634e-23
-9.70391e-24
-9.70448e-24
-1.13643e-23
-1.32478e-23
-1.89936e-22
-0.0396607
-62.2976
-136.069
-173.822
-167.964
-166.6
-171.502
-176.543
-165.534
-41.0566
-0.172942
-2.91277e-09
-1.27452e-23
-1.414e-23
-1.7901e-23
-2.24411e-23
-2.55307e-23
-2.47154e-23
-1.93926e-23
-1.16116e-23
-8.05232e-24
-1.19812e-23
-1.85536e-23
-3.33375e-23
-1.30701e-22
-9.58464e-23
-3.35197e-23
-2.50769e-23
-1.80968e-23
-1.27681e-23
-9.27339e-24
-3.82437e-07
-25.759
-145.839
-217.302
-195.937
-192.704
-189.881
-186.157
-173.961
-78.3915
-2.55889
-3.10476e-11
-1.81026e-23
-1.83262e-23
-1.55416e-23
-1.55429e-23
-1.83279e-23
-1.81025e-23
-3.15958e-11
-2.58007
-78.5607
-174.17
-186.277
-189.99
-192.819
-196.073
-217.484
-145.979
-25.914
-3.90137e-07
-9.26354e-24
-1.27218e-23
-1.80102e-23
-2.4947e-23
-3.33652e-23
-7.24771e-23
-9.93015e-23
-3.32502e-23
-1.84996e-23
-1.19251e-23
-1.28761e-23
-2.73591e-23
-2.00319e-05
-0.0416573
-0.0211918
-0.000153757
-0.000445454
-0.00121622
-0.000267081
-0.00014353
-0.000347042
-1.89721
-60.1361
-156.602
-208.491
-221.775
-215.456
-208.725
-227.428
-145.744
-29.2678
-3.76026e-06
-1.21734e-09
-8.51428e-08
-3.57036e-10
-3.55807e-10
-8.4859e-08
-1.21378e-09
-3.80491e-06
-29.3737
-145.89
-227.636
-208.88
-215.597
-221.919
-208.643
-156.778
-60.2338
-1.93776
-0.000358773
-0.000148467
-0.000270675
-0.0011852
-0.000426115
-0.000145667
-0.0200959
-0.0395814
-1.9077e-05
-2.72922e-23
-1.28252e-23
-8.97985e-24
-3.36715e-23
-0.0129793
-269.072
-218.273
-70.7463
-229.528
-108.043
-55.4743
-53.202
-61.0508
-68.9307
-34.8877
-133.973
-291.903
-280.905
-246.518
-209.318
-174.762
-137.697
-40.0811
-1.66698
-0.807178
-51.2999
-0.00677581
-0.00678739
-51.2321
-0.80729
-1.67037
-40.125
-137.825
-174.91
-209.474
-246.68
-281.074
-292.047
-134.051
-34.9003
-69.9176
-62.5488
-54.5159
-56.62
-109.145
-228.902
-70.5822
-217.736
-268.504
-0.012402
-3.36097e-23
-8.95175e-24
-7.83379e-24
-5.72442e-23
-0.0172958
-107.886
-284.506
-304.96
-715.41
-419.98
-334.336
-349.341
-357.349
-267.9
-133.76
-302.191
-106057
-41829.7
-19548
-14235
-10186
-6060.45
-2397.61
-612.039
-304.097
-137.508
-0.683723
-0.684956
-137.617
-304.343
-612.733
-2400.16
-6066.14
-10194.5
-14245.3
-19560.1
-41848.1
-106087
-302.079
-133.381
-269.98
-361.439
-353.935
-339.101
-426.652
-713.048
-304.301
-284.009
-107.723
-0.0165524
-5.71651e-23
-7.82306e-24
