-7.82441e-24
-5.71777e-23
-0.0169119
-107.769
-284.189
-304.609
-714.333
-422.891
-336.461
-351.499
-359.394
-269.185
-133.588
-302.088
-106046
-41828.5
-19550.1
-14238.5
-10190.3
-6064.23
-2399.83
-612.843
-304.344
-137.6
-0.684816
-0.679482
-137.317
-303.839
-611.68
-2397.51
-6062.17
-10190.9
-14243.7
-19560.8
-41851.8
-106095
-302.069
-133.321
-270.945
-362.621
-355.206
-340.382
-428.488
-712.469
-304.113
-283.841
-107.663
-0.0167978
-5.7132e-23
-7.81844e-24
-8.95537e-24
-3.36183e-23
-0.0126831
-268.704
-217.993
-70.6647
-229.256
-108.545
-55.9883
-53.8101
-61.789
-69.4977
-34.8853
-133.964
-291.883
-280.905
-246.537
-209.364
-174.831
-137.769
-40.1157
-1.67235
-0.807131
-51.2991
-0.0067643
-0.00672322
-51.5702
-0.807066
-1.66398
-40.0854
-137.757
-174.86
-209.468
-246.713
-281.124
-292.083
-134.056
-34.9027
-70.3185
-62.9852
-54.8815
-56.9455
-109.489
-228.762
-70.5378
-217.582
-268.309
-0.0125902
-3.35834e-23
-8.9396e-24
-1.28282e-23
-2.72967e-23
-1.95369e-05
-0.040593
-0.0206383
-0.00014974
-0.000437019
-0.00121023
-0.000273787
-0.000149237
-0.000358024
-1.9181
-60.1415
-156.604
-208.484
-221.764
-215.454
-208.758
-227.531
-145.83
-29.4546
-3.88836e-06
-1.19999e-09
-8.37344e-08
-3.51062e-10
-3.58556e-10
-8.54813e-08
-1.22211e-09
-3.68433e-06
-29.1099
-145.8
-227.558
-208.912
-215.673
-221.996
-208.692
-156.776
-60.2238
-1.85823
-0.000322472
-0.000131559
-0.000247272
-0.00115644
-0.000428155
-0.000148516
-0.0204848
-0.0403078
-1.94005e-05
-2.72617e-23
-1.28018e-23
-1.19189e-23
-1.84908e-23
-3.32469e-23
-1.1278e-22
-8.25923e-23
-3.34668e-23
-2.50507e-23
-1.80858e-23
-1.27683e-23
-9.28448e-24
-3.76582e-07
-25.7426
-145.856
-217.322
-195.932
-192.673
-189.838
-186.146
-174.133
-78.599
-2.60625
-3.30294e-11
-1.80983e-23
-1.83221e-23
-1.55366e-23
-1.55317e-23
-1.83178e-23
-1.81024e-23
-3.0213e-11
-2.52055
-78.2586
-174.003
-186.4
-190.137
-192.941
-196.166
-217.574
-146.029
-25.7258
-3.74498e-07
-9.28269e-24
-1.27368e-23
-1.80083e-23
-2.49186e-23
-3.33213e-23
-8.92619e-23
-1.22053e-22
-3.32068e-23
-1.84703e-23
-1.18957e-23
-8.03141e-24
-1.15851e-23
-1.93556e-23
-2.46835e-23
-2.55217e-23
-2.24647e-23
-1.79551e-23
-1.41738e-23
-1.27695e-23
-2.69343e-09
-0.168713
-40.8915
-165.302
-176.433
-171.404
-166.464
-167.782
-173.61
-135.984
-62.2997
-0.0403317
-2.06064e-22
-1.32447e-23
-1.13602e-23
-9.69904e-24
-9.6968e-24
-1.13567e-23
-1.32441e-23
-1.84215e-22
-0.0385501
-62.7169
-135.988
-174.297
-168.212
-166.755
-171.613
-176.601
-165.436
-40.9082
-0.169108
-2.75628e-09
-1.27482e-23
-1.41175e-23
-1.78463e-23
-2.23988e-23
-2.54919e-23
-2.46776e-23
-1.9359e-23
-1.15857e-23
-8.02323e-24
-3.9751e-24
-7.11022e-24
-1.27862e-23
-1.79721e-23
-2.13919e-23
-2.27346e-23
-2.07496e-23
-1.74553e-23
-9.25089e-17
-0.00137322
-53.0703
-124.699
-191.166
-166.419
-150.032
-138.068
-144.789
-184.629
-118.937
-62.1411
-0.00437503
-1.79355e-23
-1.14095e-23
-7.55233e-24
-5.53297e-24
-5.53006e-24
-7.5443e-24
-1.13968e-23
-1.79173e-23
-0.00410698
-61.2853
-119.346
-185.521
-145.231
-138.319
-150.177
-166.529
-191.293
-124.788
-53.0553
-0.00138857
-1.09626e-16
-1.73975e-23
-2.05626e-23
-2.28247e-23
-2.14901e-23
-1.80456e-23
-1.28328e-23
-7.13263e-24
-3.98361e-24
-1.45153e-24
-4.99145e-24
-1.06203e-23
-1.74098e-23
-2.53442e-23
-3.85534e-06
-0.0149663
-0.018678
-0.00711128
-21.5784
-71.1376
-172.825
-166.56
-151.504
-129.518
-100.613
-104.112
-163.751
-100.013
-39.9355
-0.000559415
-1.91169e-23
-1.06755e-23
-5.42501e-24
-2.84513e-24
-2.84064e-24
-5.41042e-24
-1.06454e-23
-1.90532e-23
-0.000511971
-40.1005
-99.9397
-163.918
-104.396
-100.803
-129.532
-151.513
-166.606
-172.919
-71.1933
-21.4184
-0.00727761
-0.0145193
-0.00942623
-1.90922e-06
-2.56522e-23
-1.7567e-23
-1.07029e-23
-5.02805e-24
-1.46612e-24
-1.00586e-24
-4.84022e-24
-1.11089e-23
-1.98368e-23
-3.24682e-23
-0.0203208
-152.533
-200.037
-97.2977
-50.8979
-119.159
-155.822
-157.333
-147.037
-112.991
-46.1351
-60.7683
-168.643
-116.982
-44.7624
-0.000615147
-2.02041e-23
-1.05522e-23
-4.34414e-24
-1.2838e-24
-1.27845e-24
-4.32666e-24
-1.05171e-23
-2.0137e-23
-0.000579101
-44.7331
-117.018
-169.107
-61.0099
-46.0858
-113.155
-146.921
-157.311
-155.853
-119.274
-50.9317
-98.5478
-205.441
-163.576
-0.0136749
-3.28111e-23
-2.00197e-23
-1.1202e-23
-4.87479e-24
-1.00527e-24
-2.53383e-24
-6.20866e-24
-1.29934e-23
-2.2399e-23
-3.59242e-23
-0.0113368
-170.981
-189.887
-102.499
-74.1569
-146.164
-157.23
-160.85
-142.668
-83.8807
-11.0059
-98.9889
-168.479
-152.12
-79.7133
-0.00942114
-2.12338e-23
-1.08821e-23
-4.00988e-24
-5.69027e-25
-5.63964e-25
-3.994e-24
-1.08547e-23
-2.11995e-23
-0.00930108
-79.9596
-152.604
-169.698
-99.53
-11.0397
-83.5034
-142.86
-160.814
-157.239
-146.249
-74.367
-103.232
-192.249
-172.803
-0.00969798
-3.61187e-23
-2.25429e-23
-1.30722e-23
-6.22341e-24
-2.4908e-24
-5.67366e-24
-8.94289e-24
-1.60869e-23
-2.46703e-23
-3.52919e-23
-4.90493e-07
-0.147038
-164.543
-70.0591
-104.147
-157.439
-167.155
-171.439
-76.3271
-2.61493
-0.000391965
-12.8884
-132.192
-186.325
-76.8365
-0.132842
-1.00781e-16
-1.16712e-23
-4.2803e-24
-5.00679e-25
-4.96515e-25
-4.26696e-24
-1.16488e-23
-7.91687e-17
-0.129617
-77.4175
-187.004
-133.178
-12.7175
-0.000384156
-2.6309
-76.5013
-171.541
-167.106
-157.221
-104.121
-69.618
-165.36
-0.165787
-6.12466e-07
-3.54047e-23
-2.47939e-23
-1.61575e-23
-8.92597e-24
-5.5576e-24
-9.76352e-24
-1.33301e-23
-2.14913e-23
-2.855e-23
-3.49452e-23
-3.30289e-14
-0.00349318
-86.2638
-51.9084
-135.883
-161.251
-185.792
-107.327
-22.5534
-1.22984e-05
-3.53943e-14
-0.181439
-65.6593
-159.07
-79.9599
-7.63975
-5.01523e-08
-1.35052e-23
-5.10795e-24
-9.16955e-25
-9.14339e-25
-5.09699e-24
-1.34798e-23
-4.81648e-08
-7.39683
-79.8326
-159.272
-65.8564
-0.175115
-2.95346e-14
-1.22624e-05
-22.5887
-107.381
-185.705
-161.086
-135.719
-51.9334
-86.3895
-0.00348808
-3.53327e-14
-3.50718e-23
-2.87138e-23
-2.15986e-23
-1.32698e-23
-9.53841e-24
-1.33492e-23
-2.03159e-23
-3.88038e-22
-6.19662e-20
-8.85673e-12
-0.00031349
-9.34515
-113.38
-86.5992
-148.81
-170.194
-115.274
-66.667
-0.0228764
-1.4871e-13
-3.60441e-24
-0.00263992
-83.9572
-163.841
-129.63
-62.4241
-0.000340399
-1.55344e-23
-6.17058e-24
-1.62493e-24
-1.62586e-24
-6.1653e-24
-1.55088e-23
-0.000333253
-62.5336
-129.625
-163.996
-84.0867
-0.00267893
-3.59338e-24
-1.46267e-13
-0.0229882
-66.6695
-115.204
-169.994
-148.679
-86.5541
-113.256
-9.38744
-0.000317776
-9.30901e-12
-1.01667e-19
-7.68248e-22
-2.01716e-23
-1.29826e-23
-1.36803e-23
-1.8995e-06
-0.0264515
-0.203249
-0.234181
-18.3781
-217.42
-237.566
-101.009
-128.299
-142.808
-77.3497
-5.62438
-1.50882e-07
-3.59875e-24
-3.77115e-24
-1.66487e-05
-34.7012
-149.844
-164.122
-75.8641
-0.0091147
-1.59938e-23
-7.14707e-24
-2.48959e-24
-2.4989e-24
-7.15372e-24
-1.59868e-23
-0.00906504
-75.8694
-164.294
-150.03
-34.8235
-1.66588e-05
-3.76849e-24
-3.59803e-24
-1.511e-07
-5.60798
-77.288
-142.831
-128.207
-100.953
-237.037
-216.578
-18.2623
-0.257128
-0.203575
-0.0224785
-1.29808e-06
-1.32051e-23
-7.80519e-24
-0.0256398
-206.95
-214.708
-150.791
-226.07
-228.401
-305.293
-342.421
-182.273
-136.439
-194.293
-0.196213
-8.19134e-16
-2.32595e-24
-3.11229e-24
-3.57932e-10
-5.21721
-61.4551
-107.14
-31.2196
-4.8485
-1.21806e-11
-8.61429e-24
-3.52534e-24
-3.55639e-24
-8.63052e-24
-1.53584e-11
-5.3243
-31.2443
-107.285
-61.5215
-5.74715
-2.92307e-10
-3.11844e-24
-2.32759e-24
-8.00814e-16
-0.194086
-194.404
-136.377
-182.255
-342.317
-304.974
-227.401
-224.516
-149.649
-208.569
-203.569
-0.0114821
-7.48687e-24
-3.80182e-24
-0.0264758
-165.836
-189.481
-138.718
-398.872
-231.076
-224.632
-509.107
-574.168
-585.867
-252.268
-0.0295932
-3.89005e-20
-1.36072e-24
-2.49839e-24
-3.37172e-18
-0.89546
-36.5554
-75.7766
-47.1499
-33.5594
-0.000498315
-6.42504e-21
-4.54677e-24
-4.65421e-24
-3.95479e-21
-0.000430227
-33.156
-47.1205
-75.765
-36.5589
-1.04531
-1.79328e-18
-2.50721e-24
-1.36473e-24
-3.72381e-20
-0.0293106
-252.55
-586.105
-574.987
-509.31
-224.962
-230.374
-395.937
-137.337
-182.366
-166.621
-0.00936126
-3.71268e-24
-3.81667e-24
-3.18854e-06
-0.0298444
-0.143825
-0.232627
-7.62164
-106.414
-203.155
-407.116
-477.15
-472.991
-221.669
-0.00221691
-1.31628e-21
-6.81544e-25
-2.87619e-24
-6.73558e-07
-14.0514
-20.1054
-35.4484
-40.4428
-17.0782
-21.4949
-0.00453424
-6.35003e-10
-3.72104e-09
-0.00677116
-18.9613
-17.0786
-40.4704
-35.4527
-20.0708
-14.7024
-6.24086e-07
-2.87979e-24
-6.86109e-25
-1.26902e-21
-0.00220579
-221.915
-473.267
-477.194
-407.048
-203.436
-106.347
-7.57416
-0.255117
-0.100403
-0.0120863
-8.43856e-07
-3.63649e-24
-3.2522e-24
-1.16231e-23
-1.93308e-23
-1.33647e-19
-5.60379e-10
-0.280545
-16.4902
-27.3847
-37.3231
-64.3902
-37.5224
-58.9614
-0.0527917
-3.0313e-15
-5.32583e-25
-3.78816e-24
-0.0110036
-46.4523
-43.9487
-17.1906
-17.4366
-21.9138
-28.2797
-111.575
-0.00170473
-0.00389856
-106.475
-28.5735
-22.0895
-17.5177
-17.2443
-43.9165
-46.5116
-0.0104852
-3.78229e-24
-5.38305e-25
-2.96782e-15
-0.0527736
-58.7699
-37.5425
-64.3326
-37.3867
-27.4588
-16.7501
-0.278345
-5.93226e-10
-1.99241e-19
-2.6806e-23
-1.15608e-23
-3.10657e-24
-2.63623e-24
-9.85409e-24
-1.94187e-23
-2.70599e-23
-0.00084391
-44.6047
-27.0914
-42.0908
-32.7884
-14.7826
-46.4432
-22.7027
-21.5719
-0.000591045
-2.49966e-24
-5.86846e-24
-0.0324614
-81.551
-49.7638
-6.30834
-22.8973
-16.1817
-18.8744
-94.7554
-0.0800819
-0.14725
-126.499
-18.6859
-16.5085
-22.9536
-6.33544
-49.6683
-84.6339
-0.031384
-5.85905e-24
-2.51233e-24
-0.000598604
-21.6124
-22.7346
-46.5185
-14.7879
-32.8418
-42.1931
-27.161
-44.89
-0.000834788
-2.74627e-23
-1.97364e-23
-9.91294e-24
-2.55158e-24
-2.59108e-24
-1.13618e-23
-2.68505e-23
-1.24356e-06
-14.3174
-26.7282
-40.2829
-29.5328
-18.3716
-9.04559
-55.2035
-32.0961
-50.3229
-5.52532
-2.70811e-07
-1.2819e-23
-7.94836e-06
-1.00258
-9.01241
-1.25049
-0.645409
-2.27356
-6.06694
-1.17846
-0.00026296
-0.000406906
-1.38147
-5.93488
-1.84547
-0.636375
-1.25073
-8.96779
-0.989418
-7.73847e-06
-1.28094e-23
-2.73037e-07
-5.58994
-50.407
-32.1405
-55.2463
-9.0351
-18.4065
-29.5985
-40.3763
-26.7909
-14.2001
-1.23185e-06
-2.71327e-23
-1.14428e-23
-2.54069e-24
-3.17832e-24
-1.42484e-23
-3.77331e-23
-0.00657997
-18.6815
-27.6043
-29.7172
-24.4008
-3.57264
-28.0413
-34.7115
-48.3893
-18.3668
-26.7794
-0.170394
-2.41444e-23
-3.62314e-23
-6.12215e-23
-8.17888e-23
-9.36919e-23
-1.00664e-22
-1.05372e-22
-1.05775e-22
-9.54769e-23
-7.7946e-23
-7.76282e-23
-9.46513e-23
-1.05279e-22
-1.05327e-22
-1.00709e-22
-9.37323e-23
-8.17735e-23
-6.11592e-23
-3.61886e-23
-2.41576e-23
-0.172822
-26.7809
-18.3893
-48.4361
-34.8115
-28.0166
-3.53433
-24.4498
-29.7805
-27.6653
-18.7567
-0.00651147
-3.79848e-23
-1.43179e-23
-3.13439e-24
-4.33927e-24
-1.67163e-23
-4.57398e-23
-0.724894
-15.9797
-24.0835
-20.8183
-2.6353
-1.24084e-05
-0.0187877
-77.4666
-10.0409
-18.9609
-62.0249
-2.49724
-4.26371e-23
-3.63881e-23
-4.36739e-23
-5.32008e-23
-6.04848e-23
-6.52082e-23
-6.76722e-23
-6.72634e-23
-6.30694e-23
-5.7708e-23
-5.7587e-23
-6.27805e-23
-6.7034e-23
-6.75789e-23
-6.51813e-23
-6.04745e-23
-5.31805e-23
-4.36461e-23
-3.6376e-23
-4.26593e-23
-2.53867
-62.2713
-18.9766
-10.0331
-77.2751
-0.0188901
-1.2294e-05
-2.61038
-20.8519
-24.1266
-16.0092
-0.719498
-4.5928e-23
-1.67593e-23
-4.29233e-24
-5.52802e-24
-1.71894e-23
-4.6429e-23
-0.545247
-37.905
-21.1733
-1.26734
-7.56457e-07
-2.30309e-23
-2.35287e-09
-0.00126239
-0.123462
-3.36891
-4.53934
-0.0024671
-4.83307e-23
-3.37319e-23
-3.17173e-23
-3.39268e-23
-3.67715e-23
-3.8973e-23
-4.00959e-23
-3.98733e-23
-3.83518e-23
-3.66754e-23
-3.66295e-23
-3.82424e-23
-3.97698e-23
-4.00327e-23
-3.89403e-23
-3.67526e-23
-3.39108e-23
-3.17042e-23
-3.37293e-23
-4.83464e-23
-0.0025141
-4.61557
-3.41033
-0.123838
-0.00126639
-2.37476e-09
-2.3033e-23
-7.5201e-07
-1.25908
-21.1933
-37.9559
-0.542155
-4.65416e-23
-1.72079e-23
-5.4843e-24
-5.32926e-24
-1.42594e-23
-3.66915e-23
-0.000270862
-0.583519
-0.111169
-7.26718e-07
-2.47727e-23
-1.81247e-23
-2.10772e-23
-2.96992e-23
-3.90528e-23
-4.69164e-23
-5.1138e-23
-4.60717e-23
-3.20733e-23
-2.37118e-23
-2.02549e-23
-1.94921e-23
-1.98015e-23
-2.02885e-23
-2.05175e-23
-2.03061e-23
-1.97196e-23
-1.91656e-23
-1.91485e-23
-1.96782e-23
-2.02621e-23
-2.04846e-23
-2.02674e-23
-1.97879e-23
-1.94826e-23
-2.02493e-23
-2.37122e-23
-3.20814e-23
-4.6087e-23
-5.11516e-23
-4.69273e-23
-3.90655e-23
-2.97121e-23
-2.10854e-23
-1.81283e-23
-2.47764e-23
-7.24486e-07
-0.110599
-0.580286
-0.000269269
-3.67435e-23
-1.42645e-23
-5.2979e-24
-3.25148e-24
-8.71947e-24
-1.8654e-23
-2.97907e-23
-2.88377e-23
-2.26459e-23
-1.62916e-23
-1.0809e-23
-8.38652e-24
-8.72464e-24
-1.09959e-23
-1.41287e-23
-1.74182e-23
-2.00805e-23
-2.00637e-23
-1.67509e-23
-1.32198e-23
-1.0718e-23
-9.27621e-24
-8.53167e-24
-8.12968e-24
-7.83205e-24
-7.51994e-24
-7.19272e-24
-6.96106e-24
-6.95532e-24
-7.17852e-24
-7.50384e-24
-7.81881e-24
-8.1205e-24
-8.52588e-24
-9.27301e-24
-1.07173e-23
-1.3222e-23
-1.67558e-23
-2.00701e-23
-2.00862e-23
-1.74231e-23
-1.41335e-23
-1.10002e-23
-8.72763e-24
-8.3882e-24
-1.08103e-23
-1.62942e-23
-2.26536e-23
-2.88585e-23
-2.98256e-23
-1.86754e-23
-8.72253e-24
-3.23581e-24
-1.24435e-24
-4.90867e-24
-9.06368e-24
-1.00994e-23
-6.08732e-24
-2.52241e-24
-1.85072e-24
-1.72507e-24
-1.49416e-24
-1.4522e-24
-1.82798e-24
-2.80413e-24
-4.58509e-24
-6.93458e-24
-8.57524e-24
-8.40977e-24
-7.0162e-24
-5.33658e-24
-3.90545e-24
-2.84999e-24
-2.10858e-24
-1.58188e-24
-1.19589e-24
-9.21087e-25
-7.6984e-25
-7.68083e-25
-9.16836e-25
-1.19131e-24
-1.57865e-24
-2.10732e-24
-2.85064e-24
-3.90771e-24
-5.34016e-24
-7.02074e-24
-8.41466e-24
-8.57968e-24
-6.93784e-24
-4.58718e-24
-2.80547e-24
-1.82882e-24
-1.4526e-24
-1.49405e-24
-1.72441e-24
-1.84991e-24
-2.5236e-24
-6.09548e-24
-1.01154e-23
-9.07794e-24
-4.91461e-24
-1.24134e-24
-1.23918e-24
-4.90643e-24
-9.06285e-24
-1.00993e-23
-6.08674e-24
-2.52199e-24
-1.85081e-24
-1.72547e-24
-1.49479e-24
-1.45309e-24
-1.82915e-24
-2.80549e-24
-4.58649e-24
-6.93585e-24
-8.57631e-24
-8.41095e-24
-7.01829e-24
-5.34104e-24
-3.91451e-24
-2.86657e-24
-2.13595e-24
-1.62302e-24
-1.25222e-24
-9.90911e-25
-8.47521e-25
-8.45484e-25
-9.86265e-25
-1.24796e-24
-1.6214e-24
-2.13776e-24
-2.87153e-24
-3.92173e-24
-5.34932e-24
-7.02647e-24
-8.41814e-24
-8.58193e-24
-6.9396e-24
-4.5884e-24
-2.80603e-24
-1.82905e-24
-1.45287e-24
-1.4946e-24
-1.72538e-24
-1.85142e-24
-2.52567e-24
-6.0977e-24
-1.01171e-23
-9.0793e-24
-4.91597e-24
-1.24358e-24
-3.23583e-24
-8.71393e-24
-1.86553e-23
-2.97977e-23
-2.88402e-23
-2.26466e-23
-1.62925e-23
-1.08103e-23
-8.38839e-24
-8.72751e-24
-1.09996e-23
-1.41326e-23
-1.74214e-23
-2.00822e-23
-2.00638e-23
-1.67507e-23
-1.32218e-23
-1.07264e-23
-9.29751e-24
-8.5749e-24
-8.20587e-24
-7.95275e-24
-7.69286e-24
-7.41435e-24
-7.21151e-24
-7.20397e-24
-7.39708e-24
-7.67622e-24
-7.94363e-24
-8.20598e-24
-8.58289e-24
-9.31068e-24
-1.07414e-23
-1.32359e-23
-1.67622e-23
-2.00724e-23
-2.00883e-23
-1.7425e-23
-1.41337e-23
-1.09995e-23
-8.72757e-24
-8.38957e-24
-1.08133e-23
-1.62991e-23
-2.26602e-23
-2.88648e-23
-2.98291e-23
-1.86783e-23
-8.72609e-24
-3.2423e-24
-5.30373e-24
-1.4255e-23
-3.67097e-23
-0.000271074
-0.583926
-0.111242
-7.27531e-07
-2.47744e-23
-1.81274e-23
-2.1083e-23
-2.97072e-23
-3.90589e-23
-4.69177e-23
-5.11339e-23
-4.60615e-23
-3.20621e-23
-2.37027e-23
-2.02535e-23
-1.95083e-23
-1.98503e-23
-2.03918e-23
-2.07045e-23
-2.06048e-23
-2.01335e-23
-1.96495e-23
-1.96247e-23
-2.00787e-23
-2.05543e-23
-2.0676e-23
-2.03863e-23
-1.98623e-23
-1.95315e-23
-2.02802e-23
-2.37261e-23
-3.20788e-23
-4.60719e-23
-5.1143e-23
-4.69251e-23
-3.90612e-23
-2.97054e-23
-2.10821e-23
-1.81301e-23
-2.47818e-23
-7.25591e-07
-0.110907
-0.582143
-0.000270228
-3.67431e-23
-1.42684e-23
-5.30774e-24
-5.49626e-24
-1.71952e-23
-4.64872e-23
-0.545897
-37.9299
-21.1823
-1.26747
-7.56502e-07
-2.30327e-23
-2.37712e-09
-0.00126852
-0.12396
-3.40736
-4.60429
-0.00250653
-4.82998e-23
-3.3701e-23
-3.16884e-23
-3.39099e-23
-3.67849e-23
-3.90512e-23
-4.03034e-23
-4.02989e-23
-3.90396e-23
-3.75282e-23
-3.74528e-23
-3.88848e-23
-4.01729e-23
-4.0242e-23
-3.90403e-23
-3.68067e-23
-3.39524e-23
-3.17362e-23
-3.3738e-23
-4.83181e-23
-0.0025293
-4.63863
-3.42569
-0.12355
-0.00126195
-2.36052e-09
-2.30361e-23
-7.54331e-07
-1.26376
-21.1934
-37.9529
-0.5442
-4.65286e-23
-1.72087e-23
-5.49557e-24
-4.30721e-24
-1.67401e-23
-4.58496e-23
-0.726034
-15.9951
-24.1062
-20.8359
-2.63167
-1.23998e-05
-0.0188869
-77.3294
-10.0375
-18.9653
-62.2377
-2.528
-4.25995e-23
-3.63351e-23
-4.36004e-23
-5.31129e-23
-6.03935e-23
-6.51466e-23
-6.77594e-23
-6.77541e-23
-6.41718e-23
-5.92141e-23
-5.8981e-23
-6.37487e-23
-6.74772e-23
-6.76665e-23
-6.51463e-23
-6.04377e-23
-5.31915e-23
-4.36875e-23
-3.63917e-23
-4.26103e-23
-2.54019
-62.4156
-18.9692
-10.0328
-77.4944
-0.0187912
-1.23343e-05
-2.62348
-20.8473
-24.1209
-16.0056
-0.723697
-4.58984e-23
-1.67548e-23
-4.30293e-24
-3.14923e-24
-1.42918e-23
-3.78875e-23
-0.00659355
-18.724
-27.6378
-29.7511
-24.4225
-3.56272
-28.0265
-34.7364
-48.3838
-18.367
-26.7464
-0.171815
-2.41178e-23
-3.61553e-23
-6.10774e-23
-8.15821e-23
-9.33976e-23
-1.00233e-22
-1.04926e-22
-1.06004e-22
-9.71406e-23
-8.07187e-23
-7.99316e-23
-9.59893e-23
-1.05476e-22
-1.04904e-22
-1.00306e-22
-9.34767e-23
-8.17207e-23
-6.12499e-23
-3.62577e-23
-2.41248e-23
-0.171772
-26.7089
-18.3686
-48.3813
-34.7711
-28.0568
-3.54471
-24.4321
-29.7689
-27.6555
-18.7421
-0.00656955
-3.79426e-23
-1.43091e-23
-3.14351e-24
-2.55822e-24
-1.14163e-23
-2.70288e-23
-1.24848e-06
-14.3695
-26.7662
-40.3354
-29.5581
-18.3774
-9.04141
-55.2118
-32.1001
-50.3446
-5.55023
-2.70593e-07
-1.28005e-23
-7.6239e-06
-0.964624
-8.6888
-1.19372
-0.579227
-1.75114
-11.4057
-3.0827
-0.000772043
-0.000555626
-1.82859
-6.92014
-1.81085
-0.607317
-1.16282
-9.68916
-1.23224
-1.14913e-05
-1.28201e-23
-2.6752e-07
-5.53405
-50.3571
-32.1029
-55.2135
-9.03543
-18.3608
-29.5651
-40.3619
-26.7836
-14.3259
-1.24348e-06
-2.70873e-23
-1.1435e-23
-2.55045e-24
-2.58094e-24
-9.90236e-24
-1.96236e-23
-2.73059e-23
-0.000848901
-44.7724
-27.1461
-42.1169
-32.7927
-14.7784
-46.478
-22.7083
-21.573
-0.000594728
-2.50391e-24
-5.86794e-24
-0.0311512
-83.6292
-49.5339
-6.27973
-22.9325
-16.7977
-20.9724
-55.6511
-0.348361
-0.220864
-81.6839
-19.2526
-16.2064
-22.7906
-6.29819
-49.8536
-77.481
-0.041898
-5.87027e-24
-2.4876e-24
-0.000593782
-21.5607
-22.6961
-46.5
-14.7674
-32.7673
-42.1282
-27.1811
-44.8014
-0.000846601
-2.73839e-23
-1.96919e-23
-9.91775e-24
-2.56637e-24
-3.15525e-24
-1.16223e-23
-1.96599e-23
-1.5157e-19
-5.85594e-10
-0.283875
-16.601
-27.3866
-37.3043
-64.3346
-37.5138
-58.8212
-0.0527011
-3.01253e-15
-5.36997e-25
-3.79593e-24
-0.0104937
-46.4069
-44.0293
-17.3476
-18.0615
-23.3004
-32.5669
-61.342
-0.0126712
-0.00562459
-83.7353
-29.5045
-22.1122
-17.4774
-17.2092
-44.2706
-46.7033
-0.0126115
-3.79219e-24
-5.28273e-25
-2.89904e-15
-0.0522691
-58.9741
-37.4694
-64.4662
-37.2958
-27.4108
-16.7288
-0.283172
-5.64195e-10
-1.38608e-19
-1.97764e-23
-1.1616e-23
-3.12837e-24
-3.69414e-24
-2.61671e-06
-0.0262516
-0.138091
-0.240765
-7.59378
-106.312
-203.325
-406.694
-476.936
-472.921
-221.685
-0.00220812
-1.28844e-21
-6.85861e-25
-2.89326e-24
-6.34757e-07
-15.0637
-20.2762
-35.9965
-41.5101
-17.6764
-19.828
-0.0225227
-2.73234e-08
-6.17195e-09
-0.0104153
-19.3747
-17.0149
-40.304
-35.3676
-20.0588
-13.8204
-6.28557e-07
-2.87405e-24
-6.78634e-25
-1.25458e-21
-0.00219202
-221.441
-472.314
-476.348
-406.401
-203.622
-106.315
-7.48634
-0.238646
-0.124615
-0.0217952
-2.0546e-06
-3.65891e-24
-3.76271e-24
-0.0212374
-166.689
-184.338
-137.853
-397.391
-230.931
-225.006
-509.279
-574.008
-585.31
-252.231
-0.0293689
-3.78063e-20
-1.36282e-24
-2.52277e-24
-2.0177e-18
-1.10034
-36.9587
-76.8461
-47.9933
-31.5495
-0.000483708
-3.30948e-21
-5.44116e-24
-5.07771e-24
-1.6826e-20
-0.00048878
-31.7836
-46.8562
-75.4705
-36.4433
-0.915054
-2.14786e-18
-2.49207e-24
-1.35795e-24
-3.69334e-20
-0.029226
-252.178
-586.614
-575.137
-509.607
-225.568
-230.908
-396.39
-137.415
-181.47
-166.711
-0.0180573
-3.74223e-24
-7.71409e-24
-0.0202701
-205.146
-210.118
-150.507
-225.267
-227.941
-305.399
-341.806
-181.959
-136.214
-194.083
-0.194326
-8.00884e-16
-2.32151e-24
-3.13853e-24
-3.14681e-10
-6.02867
-61.7859
-107.745
-31.8878
-5.56272
-1.31834e-11
-8.63596e-24
-3.95335e-24
-3.82643e-24
-8.47522e-24
-1.52315e-11
-4.84103
-31.0216
-106.963
-61.359
-5.25617
-3.10489e-10
-3.10232e-24
-2.32364e-24
-7.81852e-16
-0.19353
-194.335
-136.382
-182.188
-342.545
-305.684
-227.734
-224.775
-150.556
-208.53
-203.977
-0.0184007
-7.63274e-24
-1.34184e-23
-1.49582e-06
-0.0231243
-0.198624
-0.246315
-18.4719
-217.064
-236.943
-100.791
-128.254
-142.795
-77.2224
-5.59981
-1.50681e-07
-3.58179e-24
-3.77927e-24
-1.76769e-05
-35.3357
-149.363
-163.624
-76.306
-0.00949956
-1.55712e-23
-7.12855e-24
-2.69652e-24
-2.64357e-24
-7.04412e-24
-1.55556e-23
-0.00873862
-75.5081
-164.171
-149.903
-34.5042
-1.60945e-05
-3.76314e-24
-3.5986e-24
-1.50254e-07
-5.5927
-77.345
-142.618
-128.271
-100.982
-237.068
-216.917
-18.4837
-0.253361
-0.206457
-0.0238703
-1.52579e-06
-1.32676e-23
-1.3137e-23
-2.02036e-23
-4.17904e-22
-7.10333e-20
-9.4415e-12
-0.000324895
-9.51879
-113.438
-86.6688
-148.809
-170.055
-115.205
-66.6598
-0.0228344
-1.43928e-13
-3.58621e-24
-0.0027914
-82.724
-164.081
-129.027
-61.4354
-0.000346138
-1.53007e-23
-6.14711e-24
-1.72285e-24
-1.69537e-24
-6.08753e-24
-1.5231e-23
-0.000330045
-62.0601
-129.717
-163.661
-84.3585
-0.00260881
-3.6024e-24
-1.40543e-13
-0.0227629
-66.6087
-115.192
-170.135
-148.852
-86.7056
-113.491
-9.55702
-0.000327385
-9.83496e-12
-8.23366e-20
-5.0298e-22
-2.01146e-23
-1.30016e-23
-9.63563e-24
-1.33052e-23
-2.16242e-23
-2.87821e-23
-3.52003e-23
-3.51176e-14
-0.00348768
-86.504
-52.002
-135.837
-161.123
-185.661
-107.302
-22.4862
-1.20753e-05
-3.03541e-14
-0.184696
-66.4177
-159.692
-80.5553
-7.67279
-4.9225e-08
-1.33658e-23
-5.07997e-24
-9.55753e-25
-9.39939e-25
-5.03986e-24
-1.33074e-23
-4.95127e-08
-7.44501
-79.5552
-158.776
-65.421
-0.175802
-3.32842e-14
-1.19775e-05
-22.5162
-107.279
-185.702
-161.174
-135.873
-52.0094
-86.7579
-0.00355128
-3.59817e-14
-3.51644e-23
-2.8772e-23
-2.16096e-23
-1.32568e-23
-9.54052e-24
-5.60519e-24
-8.9343e-24
-1.61413e-23
-2.47646e-23
-3.53762e-23
-5.20791e-07
-0.152543
-164.672
-69.5023
-104.078
-157.223
-167.015
-171.328
-76.2626
-2.59526
-0.000393241
-13.0995
-132.692
-187.345
-75.0275
-0.135351
-8.06465e-17
-1.15637e-23
-4.24327e-24
-5.04852e-25
-4.96189e-25
-4.22127e-24
-1.15378e-23
-9.83707e-17
-0.129754
-77.8065
-186.14
-132.428
-12.6762
-0.000386296
-2.60518
-76.2517
-171.343
-167.064
-157.275
-104.108
-69.7302
-166.28
-0.137785
-4.29551e-07
-3.53957e-23
-2.47875e-23
-1.61466e-23
-8.91454e-24
-5.55122e-24
-2.50111e-24
-6.20192e-24
-1.30018e-23
-2.23924e-23
-3.58245e-23
-0.0131494
-165.56
-187.751
-102.317
-74.2003
-146.114
-157.132
-160.742
-142.556
-83.9333
-10.9562
-97.6155
-168.678
-151.773
-79.482
-0.00967607
-2.10816e-23
-1.07885e-23
-3.96555e-24
-5.52987e-25
-5.48856e-25
-3.95579e-24
-1.07807e-23
-2.10902e-23
-0.00921603
-79.8879
-152.487
-169.011
-99.8218
-11.0247
-83.8465
-142.575
-160.807
-157.209
-146.204
-74.2646
-103.021
-190.982
-168.911
-0.0137887
-3.59786e-23
-2.24731e-23
-1.30367e-23
-6.20605e-24
-2.48064e-24
-9.99751e-25
-4.8396e-24
-1.11033e-23
-1.97949e-23
-3.23067e-23
-0.0249035
-147.662
-200.954
-98.1013
-50.8306
-119.145
-155.723
-157.2
-146.813
-112.826
-45.7856
-61.5902
-168.695
-117.424
-44.7939
-0.00059626
-2.00689e-23
-1.0468e-23
-4.2962e-24
-1.2564e-24
-1.255e-24
-4.29365e-24
-1.04689e-23
-2.00801e-23
-0.000597496
-44.6166
-116.733
-168.802
-60.506
-46.2828
-112.936
-147.066
-157.314
-155.818
-119.196
-50.958
-96.9409
-203.296
-156.364
-0.0297915
-3.25694e-23
-1.99142e-23
-1.11567e-23
-4.85786e-24
-9.99943e-25
-1.4721e-24
-5.007e-24
-1.06324e-23
-1.74029e-23
-2.52868e-23
-5.14683e-06
-0.0191591
-0.0222453
-0.00743829
-22.0418
-71.189
-172.735
-166.47
-151.403
-129.41
-100.917
-104.84
-164.323
-100.245
-39.9696
-0.000519165
-1.90051e-23
-1.06036e-23
-5.37772e-24
-2.81195e-24
-2.81206e-24
-5.3791e-24
-1.06093e-23
-1.90205e-23
-0.000545442
-39.9249
-99.7613
-163.442
-103.83
-100.435
-129.523
-151.482
-166.497
-172.734
-71.1944
-22.1924
-0.00719893
-0.0243556
-0.0237228
-6.96732e-06
-2.54732e-23
-1.74942e-23
-1.0677e-23
-5.02498e-24
-1.47757e-24
-4.02264e-24
-7.14825e-24
-1.28318e-23
-1.80228e-23
-2.14474e-23
-2.28138e-23
-2.09505e-23
-1.76136e-23
-1.43791e-16
-0.0014719
-53.2362
-124.597
-191.105
-166.466
-150.174
-138.441
-145.485
-185.662
-119.589
-61.8893
-0.00413515
-1.78654e-23
-1.13549e-23
-7.50873e-24
-5.49721e-24
-5.49799e-24
-7.51157e-24
-1.13613e-23
-1.7878e-23
-0.00429734
-61.5807
-118.819
-184.616
-144.632
-137.945
-149.962
-166.34
-190.979
-124.517
-53.2265
-0.00149827
-1.55095e-16
-1.74634e-23
-2.07589e-23
-2.28234e-23
-2.14815e-23
-1.80512e-23
-1.2849e-23
-7.15462e-24
-4.02086e-24
-8.10049e-24
-1.16457e-23
-1.94385e-23
-2.47884e-23
-2.56433e-23
-2.25975e-23
-1.80946e-23
-1.42798e-23
-1.28443e-23
-2.90982e-09
-0.171573
-40.978
-165.505
-176.64
-171.682
-166.877
-168.336
-174.203
-136.376
-62.2676
-0.0388756
-1.7641e-22
-1.3203e-23
-1.13192e-23
-9.66175e-24
-9.66273e-24
-1.13222e-23
-1.32085e-23
-2.07053e-22
-0.0396929
-62.5765
-135.695
-173.692
-167.697
-166.357
-171.318
-176.377
-165.322
-40.9438
-0.171861
-2.96085e-09
-1.27896e-23
-1.41898e-23
-1.7978e-23
-2.25175e-23
-2.55949e-23
-2.47625e-23
-1.94249e-23
-1.16362e-23
-8.08614e-24
-1.19961e-23
-1.85696e-23
-3.33711e-23
-1.29716e-22
-9.51105e-23
-3.36286e-23
-2.51801e-23
-1.81739e-23
-1.28208e-23
-9.31331e-24
-3.82553e-07
-25.831
-146.056
-217.651
-196.292
-193.108
-190.328
-186.614
-174.443
-78.6649
-2.54324
-2.98581e-11
-1.8063e-23
-1.82793e-23
-1.54969e-23
-1.54981e-23
-1.82817e-23
-1.80656e-23
-3.26743e-11
-2.56903
-78.2651
-173.772
-185.983
-189.698
-192.544
-195.823
-217.224
-145.809
-25.7684
-3.89174e-07
-9.28573e-24
-1.27761e-23
-1.81012e-23
-2.50792e-23
-3.35186e-23
-9.33804e-23
-1.2741e-22
-3.33272e-23
-1.85454e-23
-1.19721e-23
-1.28935e-23
-2.73859e-23
-1.98689e-05
-0.0413207
-0.0210221
-0.000152497
-0.000441087
-0.00120083
-0.000261881
-0.000140371
-0.00034085
-1.89784
-60.2572
-156.896
-208.888
-222.237
-215.945
-209.234
-228.038
-146.16
-29.273
-3.69463e-06
-1.21978e-09
-8.53398e-08
-3.57861e-10
-3.47915e-10
-8.30093e-08
-1.19065e-09
-3.83717e-06
-29.2602
-145.563
-227.173
-208.522
-215.263
-221.601
-208.356
-156.513
-60.0993
-1.89601
-0.000347407
-0.000142772
-0.000265291
-0.00120586
-0.000441245
-0.000152262
-0.0209936
-0.0412794
-1.98559e-05
-2.73516e-23
-1.28694e-23
-8.99071e-24
-3.37003e-23
-0.0128734
-269.358
-218.535
-70.8252
-229.76
-108.909
-56.2169
-54.0266
-61.9903
-69.585
-34.949
-134.214
-292.447
-281.481
-247.061
-209.81
-175.195
-138.055
-40.1823
-1.66986
-0.806483
-51.3998
-0.00673899
-0.00673048
-51.3618
-0.806235
-1.66635
-40.0404
-137.548
-174.585
-209.122
-246.307
-280.691
-291.712
-133.897
-34.8738
-69.5338
-61.7467
-53.7707
-55.9595
-108.546
-229.46
-70.7338
-218.233
-269.03
-0.0128703
-3.3666e-23
-8.9766e-24
-7.83936e-24
-5.72862e-23
-0.0171543
-107.975
-284.767
-305.244
-715.752
-424.447
-337.624
-352.595
-360.353
-269.519
-133.815
-302.635
-106250
-41911
-19589.8
-14267.3
-10210.1
-6074.79
-2402.84
-612.933
-304.169
-137.437
-0.680751
-0.68313
-137.339
-303.796
-611.552
-2395.39
-6054.5
-10176.2
-14222.1
-19531.8
-41799.5
-105985
-302.013
-133.632
-269.347
-359.35
-351.448
-336.422
-422.793
-714.99
-304.899
-284.474
-107.876
-0.0171519
-5.72389e-23
-7.83302e-24
