-7.04819e-24
-4.94968e-23
-1.04382
-5.91533
-29.3977
-29.9505
-57.145
-88.8314
-85.2935
-88.746
-90.1452
-87.1568
-104.468
-291.886
-105008
-41537.7
-19476.6
-14222
-10221.1
-6113.29
-2435.35
-627.322
-314.717
-145.289
-0.808987
-0.810001
-145.52
-315.296
-629.097
-2441.62
-6126.97
-10241.7
-14247.2
-19504.7
-41571.4
-105042
-291.438
-103.895
-86.3135
-89.1802
-87.7423
-84.2933
-87.7739
-56.4721
-29.6143
-29.0913
-5.86038
-0.999229
-4.91021e-23
-6.99309e-24
-8.47854e-24
-3.27695e-23
-0.524982
-87.4966
-28.6413
-7.29311
-22.8346
-35.8141
-31.6102
-35.2987
-36.303
-26.3087
-39.0454
-135.056
-290.826
-279.468
-245.271
-208.768
-175.156
-138.633
-40.6683
-1.74713
-0.819547
-37.5851
-0.0112234
-0.0112776
-37.4629
-0.819895
-1.75694
-40.775
-138.929
-175.52
-209.165
-245.678
-279.855
-291.058
-135.109
-38.9763
-26.0216
-35.9078
-34.8976
-31.2347
-35.3715
-22.5503
-7.20455
-28.2732
-86.4565
-0.500055
-3.24363e-23
-8.33857e-24
-1.3713e-23
-3.03485e-23
-0.000434959
-1.857
-1.36015
-0.0552102
-0.078793
-0.0399918
-0.00112754
-0.000337875
-0.00101101
-2.43948
-59.6734
-155.976
-207.286
-220.046
-213.534
-207.351
-228.266
-147.351
-33.4864
-4.39724e-06
-3.6533e-09
-2.89223e-07
-1.22139e-09
-1.24301e-09
-2.94281e-07
-3.70872e-09
-4.3561e-06
-33.8016
-147.662
-228.766
-207.787
-213.938
-220.431
-207.655
-156.425
-59.9655
-2.4386
-0.000982389
-0.000329731
-0.00108503
-0.037681
-0.0735963
-0.0515447
-1.27639
-1.75304
-0.00041216
-2.99348e-23
-1.3432e-23
-1.3191e-23
-1.99201e-23
-3.57967e-23
-3.96306e-23
-3.27398e-23
-2.32324e-23
-1.52403e-23
-9.91856e-24
-6.61231e-24
-4.74685e-24
-2.8974e-07
-25.1369
-143.025
-214.366
-194.058
-190.547
-186.789
-182.64
-176.172
-84.1122
-3.58558
-2.73925e-11
-1.80989e-23
-1.8667e-23
-1.59695e-23
-1.59715e-23
-1.86698e-23
-1.80999e-23
-2.60631e-11
-3.62146
-84.4515
-176.744
-183.077
-187.169
-190.908
-194.436
-214.837
-143.342
-25.3133
-2.85013e-07
-4.61586e-24
-6.3681e-24
-9.48947e-24
-1.45947e-23
-2.24278e-23
-3.18739e-23
-3.88442e-23
-3.52306e-23
-1.95942e-23
-1.28763e-23
-8.79627e-24
-1.16549e-23
-1.82423e-23
-2.05177e-23
-1.77678e-23
-1.28347e-23
-7.82457e-24
-4.92061e-24
-4.40011e-24
-1.86688e-09
-0.142066
-42.7366
-165.159
-175.066
-169.979
-164.681
-163.445
-162.722
-138.185
-46.6541
-0.0631706
-9.4268e-23
-1.33364e-23
-1.16143e-23
-1.0025e-23
-1.00258e-23
-1.16156e-23
-1.33366e-23
-8.30206e-23
-0.0630656
-46.9683
-138.584
-163.079
-163.768
-164.983
-170.292
-175.421
-165.537
-42.8841
-0.140185
-1.78382e-09
-4.14264e-24
-4.53155e-24
-7.31015e-24
-1.23705e-23
-1.7356e-23
-2.01766e-23
-1.79868e-23
-1.14659e-23
-8.55899e-24
-4.13875e-24
-6.52422e-24
-1.08881e-23
-1.40154e-23
-1.53088e-23
-1.51889e-23
-1.02686e-23
-6.52665e-24
-1.09195e-15
-0.000974913
-51.6189
-122.069
-187.695
-164.338
-149.151
-138.431
-142.683
-175.686
-116.939
-70.6187
-0.0059056
-1.81789e-23
-1.16661e-23
-7.83315e-24
-5.82421e-24
-5.82488e-24
-7.83474e-24
-1.16679e-23
-1.81802e-23
-0.00583937
-71.1125
-117.115
-175.85
-142.942
-138.657
-149.382
-164.624
-188.09
-122.372
-51.6845
-0.000930895
-9.74502e-16
-6.10908e-24
-9.91201e-24
-1.54863e-23
-1.55173e-23
-1.41004e-23
-1.0894e-23
-6.47946e-24
-4.02628e-24
-1.31715e-24
-4.21851e-24
-8.81482e-24
-1.45674e-23
-2.27416e-23
-5.68871e-06
-0.073707
-0.151167
-0.026027
-8.81052
-83.2846
-177.846
-165.452
-148.719
-128.366
-105.289
-104.663
-157.804
-98.5651
-40.7484
-0.000555111
-1.9856e-23
-1.11904e-23
-5.79343e-24
-3.13553e-24
-3.13652e-24
-5.79642e-24
-1.11963e-23
-1.98707e-23
-0.000552377
-40.9396
-99.1154
-158.459
-104.97
-105.414
-128.49
-148.91
-165.786
-178.56
-84.204
-8.48703
-0.0294361
-0.183084
-0.105967
-1.02229e-05
-2.39639e-23
-1.50798e-23
-9.028e-24
-4.28313e-24
-1.30513e-24
-9.23484e-25
-4.0561e-24
-9.32998e-24
-1.74182e-23
-3.17025e-23
-0.0796828
-166.691
-39.1896
-28.5242
-74.3765
-141.729
-156.62
-153.394
-140.43
-117.657
-52.1855
-61.8403
-138.495
-108.623
-49.5319
-0.00136331
-2.14164e-23
-1.13677e-23
-4.82094e-24
-1.56503e-24
-1.56632e-24
-4.82455e-24
-1.13734e-23
-2.14259e-23
-0.00138263
-50.1016
-109.086
-138.964
-62.1203
-52.1993
-117.654
-140.483
-153.47
-156.671
-142.946
-73.3699
-28.3997
-42.7837
-77.9866
-0.138107
-3.34215e-23
-1.81055e-23
-9.60867e-24
-4.14899e-24
-9.35233e-25
-2.88268e-24
-5.46158e-24
-1.06881e-23
-1.84116e-23
-3.15292e-23
-0.0638609
-56.4311
-25.3122
-34.3304
-96.3256
-130.63
-146.828
-152.479
-145.218
-65.5055
-11.9307
-43.2682
-133.523
-119.716
-40.9711
-0.0358046
-2.29117e-23
-1.2078e-23
-4.60439e-24
-7.93171e-25
-7.94848e-25
-4.60828e-24
-1.20803e-23
-2.29042e-23
-0.0353029
-40.808
-120.329
-133.92
-43.5064
-11.8787
-65.4936
-145.179
-152.385
-146.627
-130.21
-96.6839
-33.9261
-26.7113
-54.1566
-0.109535
-3.26483e-23
-1.88311e-23
-1.08348e-23
-5.48335e-24
-2.82877e-24
-7.02896e-24
-8.54403e-24
-1.31561e-23
-1.82551e-23
-2.51179e-23
-4.2522e-06
-4.04683
-18.4495
-36.5563
-93.2159
-125.645
-149.178
-165.584
-80.0623
-3.48996
-0.00160583
-20.7035
-119.379
-165.085
-61.1145
-0.368922
-1.21394e-17
-1.35405e-23
-5.02107e-24
-5.77122e-25
-5.79835e-25
-5.02738e-24
-1.3544e-23
-1.30871e-17
-0.362465
-61.5813
-165.918
-119.888
-21.1181
-0.00159578
-3.50125
-80.0101
-165.362
-148.876
-125.26
-92.8378
-36.286
-20.115
-4.62707
-7.0507e-06
-2.51854e-23
-1.82098e-23
-1.30569e-23
-8.4305e-24
-6.85445e-24
-1.28516e-23
-1.41902e-23
-1.87638e-23
-2.06881e-23
-2.20218e-23
-3.41951e-16
-0.0292565
-34.4405
-82.2153
-131.107
-136.366
-164.326
-104.773
-23.6884
-1.61656e-05
-9.69527e-15
-0.375862
-66.9818
-145.983
-75.5854
-15.7537
-6.48564e-08
-1.66581e-23
-6.01821e-24
-6.97568e-25
-7.02425e-25
-6.03105e-24
-1.66733e-23
-6.47445e-08
-15.8256
-76.0528
-146.965
-67.7196
-0.39553
-1.09112e-14
-1.62863e-05
-23.6825
-104.552
-163.937
-135.967
-130.64
-81.8848
-33.8005
-0.028345
-2.93126e-16
-2.14985e-23
-2.02579e-23
-1.83999e-23
-1.39267e-23
-1.25654e-23
-1.83626e-23
-2.46834e-23
-3.12056e-23
-2.87379e-23
-2.24749e-13
-0.00176678
-26.3528
-38.2645
-100.474
-110.241
-129.846
-103.536
-56.5817
-0.0350251
-1.79874e-13
-4.06029e-24
-0.00815776
-41.3407
-139.51
-96.135
-54.8644
-0.000863616
-2.03637e-23
-7.15345e-24
-9.0688e-25
-9.14929e-25
-7.17642e-24
-2.03939e-23
-0.000918849
-54.6892
-96.2925
-139.896
-39.8972
-0.00856698
-4.04313e-24
-1.81088e-13
-0.0351069
-56.4442
-103.292
-129.502
-109.918
-100.151
-38.1676
-25.1954
-0.00166218
-2.02995e-13
-2.80368e-23
-3.05417e-23
-2.42748e-23
-1.80482e-23
-1.87346e-23
-2.97321e-05
-0.586483
-4.44475
-6.99629
-35.6066
-36.9303
-56.4868
-73.0672
-88.9761
-120.618
-78.8081
-14.4374
-2.01287e-07
-4.45815e-24
-5.10143e-24
-6.21154e-05
-45.0737
-118.045
-126.212
-58.3509
-0.0172587
-5.78711e-22
-7.80752e-24
-1.03728e-24
-1.04915e-24
-7.84485e-24
-1.49275e-21
-0.0198842
-57.3976
-125.701
-116.174
-45.3786
-6.77808e-05
-5.09796e-24
-4.4419e-24
-2.00202e-07
-14.3446
-78.6343
-120.338
-88.7571
-72.8799
-56.3394
-36.815
-34.8536
-6.85855
-4.4711
-0.596719
-3.12382e-05
-1.85355e-23
-8.60853e-24
-0.258882
-66.7124
-48.2977
-26.5522
-40.1039
-36.4241
-36.1506
-50.6993
-63.2291
-76.546
-41.96
-5.32443
-1.04038e-17
-4.02557e-24
-5.22771e-24
-3.07594e-10
-4.85888
-61.0767
-95.1829
-72.0159
-0.723881
-5.19831e-11
-8.21668e-24
-1.12485e-24
-1.13992e-24
-8.28274e-24
-6.48407e-11
-0.893379
-70.6116
-95.7205
-59.8645
-5.54111
-4.09504e-10
-5.23265e-24
-4.01064e-24
-9.93745e-18
-5.26877
-41.8766
-76.3912
-63.0979
-50.5931
-36.0703
-36.308
-39.9659
-26.528
-48.3659
-70.0454
-0.337155
-8.60631e-24
-8.76568e-24
-0.215552
-97.4911
-47.024
-25.3075
-63.5668
-28.9652
-21.6327
-39.172
-45.5137
-53.0038
-29.1657
-6.88321
-9.86836e-24
-4.25657e-24
-4.7987e-24
-2.5203e-16
-0.0976719
-259.22
-130.926
-412.408
-38.7094
-3.76424e-05
-1.98766e-17
-1.30743e-24
-1.31704e-24
-1.14862e-17
-4.32722e-05
-39.7793
-394.629
-122.479
-245.632
-0.118862
-3.66098e-16
-4.80459e-24
-4.24155e-24
-9.83869e-24
-6.83164
-29.117
-52.9141
-45.435
-39.1104
-21.61
-28.8697
-63.3218
-25.2143
-47.1153
-74.8096
-0.318679
-8.80325e-24
-1.90361e-23
-1.44363e-05
-0.27016
-2.24646
-14.2396
-21.6973
-11.2636
-21.5406
-36.8746
-32.131
-38.8254
-22.6016
-1.33275
-1.31684e-23
-5.51528e-24
-5.16213e-24
-1.57793e-07
-1.3373
-131.213
-286.337
-429.46
-194.588
-2.31091
-0.00295416
-6.87011e-09
-4.05428e-09
-0.00221301
-2.52964
-201.464
-441.05
-284.369
-129.485
-1.51694
-1.73218e-07
-5.17664e-24
-5.50201e-24
-1.31386e-23
-1.32473
-22.5723
-38.7741
-32.0803
-36.7918
-21.5172
-11.1724
-21.6249
-13.9934
-2.68485
-0.398687
-2.52273e-05
-1.92539e-23
-1.97647e-23
-2.56622e-23
-3.08888e-23
-2.66039e-23
-1.20615e-09
-0.0639801
-88.2698
-45.6181
-43.8356
-15.1814
-29.3371
-22.3925
-0.887519
-1.00026e-13
-8.26314e-24
-6.86184e-24
-0.00221807
-154.541
-276.07
-175.224
-177.166
-217.083
-201.496
-67.2001
-0.00198466
-0.000635088
-56.9126
-216.082
-222.805
-178.848
-175.47
-275.278
-153.519
-0.0022355
-6.88947e-24
-8.25445e-24
-9.85895e-14
-0.879336
-22.3747
-29.3114
-15.1681
-43.8639
-45.6715
-88.0134
-0.0630497
-1.15425e-09
-2.64882e-23
-3.09589e-23
-2.58536e-23
-1.99913e-23
-1.62787e-23
-1.73318e-23
-2.19541e-23
-1.09867e-19
-7.07303e-05
-14.4281
-278.739
-442.4
-236.455
-99.731
-405.311
-211.966
-18.6541
-6.00352e-05
-1.09534e-21
-1.18191e-23
-0.00759824
-175.707
-343.969
-104.209
-294.088
-235.161
-142.943
-258.051
-0.034887
-0.0100342
-281.166
-151.481
-232.504
-293.657
-104.688
-344.238
-175.06
-0.00740057
-1.1839e-23
-1.17705e-21
-6.07566e-05
-18.5309
-211.791
-405.358
-99.6495
-236.397
-442.445
-278.362
-14.4066
-6.93072e-05
-1.10413e-19
-2.19488e-23
-1.74165e-23
-1.645e-23
-1.30213e-23
-1.47385e-23
-2.24323e-23
-1.92595e-08
-0.172404
-249.768
-367.311
-246.719
-128.61
-115.395
-547.124
-294.91
-407.262
-0.245444
-1.29218e-08
-2.10622e-23
-3.87532e-06
-0.0992958
-0.370609
-0.00652015
-0.00112306
-0.00584202
-0.146495
-0.0818811
-3.80348e-05
-1.03751e-05
-0.0429452
-0.135633
-0.00833682
-0.00115927
-0.00669934
-0.37561
-0.0982413
-3.75411e-06
-2.10318e-23
-1.30924e-08
-0.248108
-407.082
-294.735
-546.635
-115.224
-128.552
-246.553
-366.957
-249.449
-0.170236
-1.91525e-08
-2.23912e-23
-1.47764e-23
-1.31391e-23
-1.14981e-23
-1.5537e-23
-2.96508e-23
-3.22171e-05
-157.441
-252.746
-275.141
-201.653
-0.191902
-20.0246
-270.969
-501.548
-151.503
-164.735
-0.00291935
-3.16816e-23
-3.83256e-23
-2.89249e-20
-3.86565e-19
-6.59854e-20
-2.92837e-22
-4.05644e-20
-2.22307e-19
-2.42221e-20
-7.27311e-23
-9.17223e-23
-3.81188e-19
-2.65969e-18
-2.88326e-19
-2.56643e-22
-8.22201e-20
-5.11055e-19
-3.96407e-20
-3.82557e-23
-3.16259e-23
-0.00296205
-164.384
-151.377
-501.116
-270.961
-19.9366
-0.190077
-201.541
-274.909
-252.513
-157.177
-3.19264e-05
-2.95956e-23
-1.55541e-23
-1.158e-23
-1.12938e-23
-1.74428e-23
-3.78081e-23
-0.0033265
-136.902
-209.191
-178.211
-0.0306835
-1.21043e-06
-0.0102656
-58.2264
-171.682
-178.472
-383.499
-0.0347747
-2.76942e-22
-3.82016e-23
-4.42648e-23
-5.51689e-23
-6.51899e-23
-7.14901e-23
-7.3697e-23
-7.08166e-23
-6.30609e-23
-5.60937e-23
-5.64901e-23
-6.38664e-23
-7.14316e-23
-7.40187e-23
-7.16469e-23
-6.52627e-23
-5.51825e-23
-4.423e-23
-3.81424e-23
-3.06372e-22
-0.035475
-383.296
-178.315
-171.563
-57.983
-0.010205
-1.20187e-06
-0.030523
-178.13
-209.047
-136.814
-0.0033019
-3.77645e-23
-1.74548e-23
-1.1354e-23
-1.08074e-23
-1.75939e-23
-3.99719e-23
-0.00274459
-312.126
-165.684
-0.0108618
-8.85764e-09
-4.47366e-23
-2.58513e-08
-0.000351525
-0.00298748
-0.0287019
-0.0607012
-4.03983e-05
-4.59717e-23
-3.38123e-23
-3.21743e-23
-3.50814e-23
-3.89912e-23
-4.18572e-23
-4.28431e-23
-4.16361e-23
-3.87985e-23
-3.6415e-23
-3.65566e-23
-3.91134e-23
-4.19324e-23
-4.30428e-23
-4.19719e-23
-3.90451e-23
-3.50898e-23
-3.21477e-23
-3.37594e-23
-4.58876e-23
-4.15719e-05
-0.0622532
-0.0292695
-0.00296895
-0.000347033
-2.56114e-08
-4.59355e-23
-8.84242e-09
-0.0108199
-165.668
-311.997
-0.00273095
-3.99528e-23
-1.76072e-23
-1.08524e-23
-8.36517e-24
-1.39575e-23
-3.1194e-23
-1.35481e-06
-0.00284142
-0.000571721
-5.7783e-09
-3.1161e-23
-2.47798e-23
-2.51724e-23
-3.15339e-23
-1.14857e-22
-1.78607e-20
-2.49751e-20
-3.69286e-22
-3.1234e-23
-2.36545e-23
-2.05077e-23
-2.00698e-23
-2.07775e-23
-2.15167e-23
-2.16924e-23
-2.112e-23
-2.00613e-23
-1.92323e-23
-1.92838e-23
-2.01833e-23
-2.12501e-23
-2.1793e-23
-2.15799e-23
-2.0807e-23
-2.0071e-23
-2.04858e-23
-2.36133e-23
-3.11744e-23
-4.12298e-22
-2.77007e-20
-1.96889e-20
-1.25105e-22
-3.15152e-23
-2.51628e-23
-2.4777e-23
-3.11638e-23
-5.76371e-09
-0.000569691
-0.00282997
-1.34906e-06
-3.11952e-23
-1.3971e-23
-8.39662e-24
-4.28702e-24
-7.92864e-24
-1.55699e-23
-2.433e-23
-2.49554e-23
-2.09812e-23
-1.66544e-23
-1.27642e-23
-1.08256e-23
-1.08288e-23
-1.26952e-23
-1.60298e-23
-1.98263e-23
-2.20744e-23
-2.09555e-23
-1.72128e-23
-1.35278e-23
-1.09657e-23
-9.55387e-24
-8.899e-24
-8.56276e-24
-8.24202e-24
-7.8109e-24
-7.32904e-24
-7.00346e-24
-7.0212e-24
-7.37262e-24
-7.8606e-24
-8.28304e-24
-8.58887e-24
-8.90899e-24
-9.54847e-24
-1.09464e-23
-1.34965e-23
-1.71723e-23
-2.0911e-23
-2.20363e-23
-1.98001e-23
-1.60135e-23
-1.26859e-23
-1.08243e-23
-1.08247e-23
-1.27668e-23
-1.66608e-23
-2.09908e-23
-2.49644e-23
-2.43346e-23
-1.55757e-23
-7.93787e-24
-4.30525e-24
-1.18747e-24
-3.86468e-24
-6.96312e-24
-7.88806e-24
-5.17645e-24
-2.45051e-24
-1.86469e-24
-2.01236e-24
-2.14156e-24
-2.35098e-24
-2.97028e-24
-4.36694e-24
-6.68674e-24
-9.1255e-24
-1.02227e-23
-9.42368e-24
-7.57357e-24
-5.62708e-24
-4.07018e-24
-2.9754e-24
-2.22696e-24
-1.68629e-24
-1.26435e-24
-9.4268e-25
-7.61534e-25
-7.67077e-25
-9.56241e-25
-1.27958e-24
-1.69817e-24
-2.233e-24
-2.97457e-24
-4.06183e-24
-5.61066e-24
-7.54929e-24
-9.39382e-24
-1.01924e-23
-9.10094e-24
-6.67058e-24
-4.3576e-24
-2.96526e-24
-2.3485e-24
-2.14082e-24
-2.01324e-24
-1.86725e-24
-2.45434e-24
-5.18007e-24
-7.89021e-24
-6.96494e-24
-3.86741e-24
-1.19322e-24
-1.19234e-24
-3.86757e-24
-6.96575e-24
-7.89086e-24
-5.17966e-24
-2.4534e-24
-1.86675e-24
-2.01355e-24
-2.14197e-24
-2.35063e-24
-2.96908e-24
-4.36488e-24
-6.68392e-24
-9.12177e-24
-1.02181e-23
-9.41882e-24
-7.57012e-24
-5.62847e-24
-4.0816e-24
-3.00256e-24
-2.27491e-24
-1.75849e-24
-1.36143e-24
-1.06083e-24
-8.91612e-25
-8.96011e-25
-1.07059e-24
-1.37011e-24
-1.76259e-24
-2.27472e-24
-2.99958e-24
-4.07599e-24
-5.61817e-24
-7.55258e-24
-9.39431e-24
-1.01913e-23
-9.09966e-24
-6.66943e-24
-4.35635e-24
-2.96381e-24
-2.34674e-24
-2.13856e-24
-2.0102e-24
-1.86311e-24
-2.4491e-24
-5.17454e-24
-7.88554e-24
-6.96084e-24
-3.86325e-24
-1.18651e-24
-4.30169e-24
-7.93677e-24
-1.55762e-23
-2.43359e-23
-2.49643e-23
-2.09902e-23
-1.66611e-23
-1.27681e-23
-1.0827e-23
-1.08277e-23
-1.26913e-23
-1.60229e-23
-1.98164e-23
-2.20599e-23
-2.09361e-23
-1.71912e-23
-1.35085e-23
-1.09598e-23
-9.57817e-24
-8.97162e-24
-8.70008e-24
-8.45724e-24
-8.10998e-24
-7.70285e-24
-7.4216e-24
-7.43665e-24
-7.73535e-24
-8.13726e-24
-8.46925e-24
-8.70151e-24
-8.9718e-24
-9.5819e-24
-1.09631e-23
-1.35019e-23
-1.7169e-23
-2.09021e-23
-2.20279e-23
-1.97944e-23
-1.60091e-23
-1.26817e-23
-1.08195e-23
-1.08184e-23
-1.2758e-23
-1.66482e-23
-2.09747e-23
-2.49485e-23
-2.43235e-23
-1.55655e-23
-7.9262e-24
-4.28521e-24
-8.38966e-24
-1.3969e-23
-3.11977e-23
-1.35276e-06
-0.00283728
-0.00057106
-5.77544e-09
-3.11686e-23
-2.47828e-23
-2.51704e-23
-3.15262e-23
-1.19783e-22
-1.87437e-20
-2.62911e-20
-3.89956e-22
-3.1178e-23
-2.35953e-23
-2.04653e-23
-2.00774e-23
-2.08677e-23
-2.17194e-23
-2.20399e-23
-2.16403e-23
-2.07517e-23
-2.00318e-23
-2.00841e-23
-2.08602e-23
-2.17234e-23
-2.2069e-23
-2.17165e-23
-2.08663e-23
-2.00968e-23
-2.04974e-23
-2.36115e-23
-3.11553e-23
-4.33105e-22
-2.90012e-20
-2.05529e-20
-1.29868e-22
-3.15097e-23
-2.51565e-23
-2.4768e-23
-3.11503e-23
-5.78833e-09
-0.000572298
-0.00284392
-1.35602e-06
-3.11872e-23
-1.39546e-23
-8.3637e-24
-1.08415e-23
-1.76051e-23
-3.99608e-23
-0.00273898
-312.056
-165.688
-0.0108463
-8.86035e-09
-4.56586e-23
-2.5937e-08
-0.000351261
-0.00298474
-0.0290178
-0.0616065
-4.11076e-05
-4.58709e-23
-3.3683e-23
-3.20493e-23
-3.50255e-23
-3.90492e-23
-4.20675e-23
-4.32747e-23
-4.23857e-23
-3.9913e-23
-3.7784e-23
-3.79532e-23
-4.02401e-23
-4.25936e-23
-4.33067e-23
-4.20161e-23
-3.90133e-23
-3.50627e-23
-3.21428e-23
-3.3749e-23
-4.58426e-23
-4.28509e-05
-0.0639862
-0.0299657
-0.00299032
-0.000348207
-2.55643e-08
-4.55103e-23
-8.88034e-09
-0.010873
-165.653
-312.068
-0.00274684
-3.99639e-23
-1.75912e-23
-1.08074e-23
-1.13385e-23
-1.74527e-23
-3.77786e-23
-0.00331415
-136.847
-209.1
-178.167
-0.0305983
-1.2098e-06
-0.0102616
-58.1123
-171.753
-178.579
-383.91
-0.0351176
-2.86314e-22
-3.79773e-23
-4.39928e-23
-5.49948e-23
-6.51443e-23
-7.15792e-23
-7.40447e-23
-7.17071e-23
-6.47422e-23
-5.83546e-23
-5.89016e-23
-6.56943e-23
-7.21493e-23
-7.39632e-23
-7.13273e-23
-6.49659e-23
-5.50304e-23
-4.42159e-23
-3.81486e-23
-3.19776e-22
-0.0363595
-383.119
-178.174
-171.548
-58.1706
-0.0102402
-1.20597e-06
-0.0306633
-178.178
-209.152
-136.877
-0.00332787
-3.77997e-23
-1.74408e-23
-1.1296e-23
-1.15581e-23
-1.55503e-23
-2.96122e-23
-3.2183e-05
-157.259
-252.595
-274.987
-201.569
-0.190773
-20.0493
-271.101
-501.64
-151.547
-164.777
-0.00292802
-3.15995e-23
-3.79286e-23
-5.71866e-20
-7.00656e-19
-1.07982e-19
-5.21946e-22
-4.12975e-20
-1.45105e-19
-1.03694e-20
-7.63134e-23
-7.81664e-23
-6.69425e-21
-8.16976e-20
-2.15885e-20
-3.59732e-22
-6.91077e-20
-3.9149e-19
-2.86717e-20
-3.83471e-23
-3.15886e-23
-0.00301537
-163.98
-151.177
-500.569
-270.798
-19.9612
-0.190529
-201.608
-275.089
-252.7
-157.408
-3.2386e-05
-2.96424e-23
-1.5536e-23
-1.15032e-23
-1.31066e-23
-1.47669e-23
-2.24037e-23
-1.94484e-08
-0.17187
-249.568
-367.074
-246.573
-128.548
-115.406
-547.367
-295.03
-407.656
-0.244021
-1.2753e-08
-2.10135e-23
-2.48874e-06
-0.0745262
-0.328967
-0.00697887
-0.00118119
-0.00647116
-0.168056
-0.0987745
-4.51675e-05
-0.000281312
-0.433206
-0.383424
-0.00523983
-0.00118885
-0.00660696
-0.416205
-0.120666
-5.01148e-06
-2.09942e-23
-1.31172e-08
-0.250148
-406.781
-294.451
-546.321
-115.181
-128.546
-246.645
-367.244
-249.734
-0.173307
-1.95953e-08
-2.24247e-23
-1.47392e-23
-1.30308e-23
-1.64017e-23
-1.73946e-23
-2.1952e-23
-1.12652e-19
-7.01113e-05
-14.4461
-278.563
-442.164
-236.375
-99.726
-405.787
-212.037
-18.634
-5.96999e-05
-1.07687e-21
-1.20243e-23
-0.00552351
-169.682
-340.308
-104.941
-292.297
-227.926
-147.956
-269.109
-0.0438132
-0.18028
-241.172
-166.297
-224.532
-288.592
-102.906
-343.93
-175.586
-0.00916017
-1.16554e-23
-1.18336e-21
-6.14742e-05
-18.4774
-211.613
-405.392
-99.5963
-236.341
-442.096
-278.758
-14.516
-7.09382e-05
-1.13622e-19
-2.1948e-23
-1.7336e-23
-1.62954e-23
-1.9925e-23
-2.58056e-23
-3.0946e-23
-2.65096e-23
-1.13848e-09
-0.0637043
-88.2366
-45.6028
-43.8112
-15.1745
-29.3434
-22.4013
-0.881114
-9.76321e-14
-8.32676e-24
-6.96757e-24
-0.00191806
-150.711
-271.052
-174.148
-176.932
-219.063
-213.279
-75.6197
-0.00204432
-0.00624823
-92.8569
-246.654
-230.63
-183.182
-176.589
-279.208
-155.476
-0.00245096
-6.79799e-24
-8.22579e-24
-9.98319e-14
-0.878248
-22.3616
-29.2909
-15.1562
-43.7766
-45.5723
-88.4684
-0.064289
-1.13525e-09
-2.65604e-23
-3.08932e-23
-2.56725e-23
-1.97916e-23
-1.91849e-23
-2.32967e-05
-0.370875
-2.55511
-13.8538
-21.6128
-11.1875
-21.531
-36.7997
-32.1003
-38.8113
-22.5961
-1.32259
-1.31876e-23
-5.5399e-24
-5.21196e-24
-1.74456e-07
-1.44438
-129.066
-282.853
-432.937
-197.037
-2.93775
-0.00372328
-6.02279e-09
-1.30499e-08
-0.00331733
-2.32224
-204.009
-444.633
-291.862
-132.548
-1.36539
-1.55575e-07
-5.13764e-24
-5.50294e-24
-1.31574e-23
-1.32142
-22.564
-38.7563
-32.0609
-36.7508
-21.5357
-11.1513
-21.6547
-13.6485
-2.23854
-0.294196
-1.73919e-05
-1.90694e-23
-8.78223e-24
-0.307471
-79.8732
-47.0718
-25.2384
-63.3682
-28.9023
-21.6338
-39.1434
-45.4762
-52.9681
-29.1481
-6.83319
-9.86871e-24
-4.26323e-24
-4.82426e-24
-3.24921e-16
-0.10234
-249.23
-126.122
-398.333
-38.0671
-4.5927e-05
-1.58302e-17
-1.3346e-24
-1.34405e-24
-8.04358e-18
-3.64055e-05
-40.0063
-419.469
-134.447
-261.889
-0.105537
-2.67246e-16
-4.78978e-24
-4.25339e-24
-9.8634e-24
-6.80782
-29.1157
-52.9085
-45.429
-39.1158
-21.6345
-28.8392
-63.1745
-25.154
-46.3066
-94.7072
-0.246348
-8.77219e-24
-8.61416e-24
-0.339696
-71.2575
-48.2684
-26.5661
-39.9897
-36.3338
-36.1059
-50.6471
-63.1688
-76.4788
-41.9249
-5.29545
-9.84926e-18
-4.02505e-24
-5.24564e-24
-3.56287e-10
-5.04371
-59.75
-94.6943
-70.5747
-0.795158
-6.42065e-11
-8.00969e-24
-1.17143e-24
-1.1421e-24
-7.837e-24
-7.07847e-11
-0.792494
-73.2607
-96.9003
-61.8239
-5.13304
-3.32171e-10
-5.22469e-24
-4.02594e-24
-1.05417e-17
-5.22709
-41.889
-76.4079
-63.0997
-50.5875
-36.0597
-36.2439
-39.8714
-26.5452
-47.8737
-70.6604
-0.285923
-8.4969e-24
-1.85922e-23
-3.42536e-05
-0.629816
-4.5537
-6.85091
-35.0476
-36.8394
-56.3924
-72.9751
-88.879
-120.493
-78.7154
-14.389
-1.99338e-07
-4.45229e-24
-5.11024e-24
-6.48569e-05
-45.0239
-116.1
-125.04
-57.4957
-0.0184895
-7.58885e-22
-7.71709e-24
-1.07391e-24
-1.04589e-24
-7.62232e-24
-9.52503e-22
-0.0177348
-59.0741
-127.981
-119.446
-45.561
-6.40243e-05
-5.09888e-24
-4.46249e-24
-2.0405e-07
-14.3296
-78.7368
-120.42
-88.7674
-72.8533
-56.299
-36.7614
-34.8485
-6.92665
-4.44608
-0.597217
-3.14565e-05
-1.83622e-23
-1.81343e-23
-2.43827e-23
-3.07288e-23
-2.82505e-23
-2.15748e-13
-0.00171443
-25.6154
-38.1916
-100.344
-110.116
-129.74
-103.444
-56.5652
-0.0349426
-1.78861e-13
-4.05784e-24
-0.00836897
-40.1895
-138.679
-95.5139
-54.2941
-0.000911301
-2.02249e-23
-7.11643e-24
-9.30824e-25
-9.08938e-25
-7.05133e-24
-2.01348e-23
-0.000878865
-54.9507
-97.4343
-141.509
-41.6162
-0.00828217
-4.05574e-24
-1.77111e-13
-0.0353614
-56.4527
-103.42
-129.562
-109.923
-100.082
-38.1328
-25.4727
-0.00176997
-2.29223e-13
-2.81457e-23
-3.0635e-23
-2.42419e-23
-1.79269e-23
-1.26437e-23
-1.39992e-23
-1.85045e-23
-2.03878e-23
-2.16584e-23
-3.17307e-16
-0.0274923
-33.9673
-82.1154
-130.94
-136.223
-164.21
-104.706
-23.6652
-1.6132e-05
-1.10036e-14
-0.389868
-66.9771
-145.658
-75.4428
-15.999
-6.7558e-08
-1.65864e-23
-6.00093e-24
-7.08584e-25
-6.92593e-25
-5.95507e-24
-1.65187e-23
-6.57145e-08
-15.6233
-76.6237
-148.033
-67.9781
-0.377955
-9.20129e-15
-1.61283e-05
-23.7342
-104.806
-164.256
-136.174
-130.634
-81.7461
-33.7621
-0.0279316
-4.29099e-16
-2.15686e-23
-2.03197e-23
-1.8438e-23
-1.39136e-23
-1.24978e-23
-6.90175e-24
-8.4613e-24
-1.30845e-23
-1.82218e-23
-2.51585e-23
-5.69754e-06
-4.24543
-19.2303
-36.3907
-92.972
-125.485
-149.1
-165.567
-80.0889
-3.48939
-0.00161345
-20.8989
-118.825
-164.505
-61.0751
-0.36794
-1.35665e-17
-1.34947e-23
-5.00786e-24
-5.77558e-25
-5.66118e-25
-4.97585e-24
-1.34502e-23
-1.11304e-17
-0.364306
-61.9019
-167.238
-120.965
-20.9708
-0.00160144
-3.49785
-80.1452
-165.733
-149.292
-125.705
-93.1411
-36.4851
-19.2229
-3.6785
-4.48066e-06
-2.51848e-23
-1.8231e-23
-1.30711e-23
-8.42364e-24
-6.8197e-24
-2.84254e-24
-5.47575e-24
-1.07906e-23
-1.8705e-23
-3.23063e-23
-0.0929131
-56.5383
-26.4368
-34.2324
-96.5954
-130.506
-146.819
-152.536
-145.324
-65.5806
-11.8869
-43.0657
-132.732
-119.353
-40.4766
-0.0357828
-2.28532e-23
-1.20472e-23
-4.59213e-24
-7.86771e-25
-7.7836e-25
-4.56833e-24
-1.2013e-23
-2.28206e-23
-0.0355388
-41.4492
-121.192
-135.291
-43.9058
-11.958
-65.5222
-145.359
-152.705
-147.138
-131.06
-96.5579
-34.4055
-27.7684
-62.2443
-0.178754
-3.25934e-23
-1.88246e-23
-1.08363e-23
-5.47923e-24
-2.81255e-24
-9.31381e-25
-4.12171e-24
-9.52707e-24
-1.79033e-23
-3.29113e-23
-0.122163
-105.195
-42.134
-28.2382
-73.954
-142.466
-156.749
-153.534
-140.576
-117.831
-52.2362
-61.5554
-137.88
-108.281
-49.8476
-0.00140021
-2.13916e-23
-1.13494e-23
-4.80955e-24
-1.55479e-24
-1.54849e-24
-4.79086e-24
-1.13181e-23
-2.13442e-23
-0.00134247
-49.827
-109.856
-140.145
-62.6813
-52.2179
-117.629
-140.594
-153.693
-157.087
-142.103
-75.4737
-27.6538
-43.9631
-71.6497
-0.37379
-3.33739e-23
-1.80971e-23
-9.60931e-24
-4.14921e-24
-9.31839e-25
-1.30944e-24
-4.26505e-24
-8.96687e-24
-1.49315e-23
-2.36092e-23
-9.58627e-06
-0.100772
-0.174175
-0.0278035
-8.53267
-83.7872
-178.319
-165.699
-148.873
-128.469
-105.309
-104.472
-157.58
-98.5775
-40.8359
-0.000571578
-1.98464e-23
-1.11771e-23
-5.78167e-24
-3.12316e-24
-3.11885e-24
-5.76862e-24
-1.11533e-23
-1.98021e-23
-0.000533524
-40.8187
-99.3491
-159.142
-105.465
-105.576
-128.589
-149.006
-165.807
-178.223
-83.3874
-8.32296
-0.0243997
-0.331167
-0.348406
-4.85644e-05
-2.3971e-23
-1.50869e-23
-9.03628e-24
-4.29021e-24
-1.31303e-24
-4.06068e-24
-6.4939e-24
-1.0894e-23
-1.40773e-23
-1.54575e-23
-1.53993e-23
-1.00062e-23
-6.21944e-24
-9.74104e-16
-0.000932825
-51.5465
-122.289
-187.948
-164.466
-149.196
-138.37
-142.439
-175.051
-116.576
-70.9168
-0.0059968
-1.81591e-23
-1.16504e-23
-7.81976e-24
-5.81077e-24
-5.80839e-24
-7.8134e-24
-1.16411e-23
-1.81478e-23
-0.00571105
-70.8407
-117.854
-177.066
-143.551
-138.994
-149.598
-164.778
-188.174
-122.338
-51.5514
-0.000955106
-1.23365e-15
-6.0783e-24
-9.91923e-24
-1.55072e-23
-1.55366e-23
-1.412e-23
-1.09121e-23
-6.49431e-24
-4.04426e-24
-8.63015e-24
-1.15228e-23
-1.80636e-23
-2.0278e-23
-1.74766e-23
-1.25044e-23
-7.45649e-24
-4.64201e-24
-4.2174e-24
-1.80217e-09
-0.140557
-42.7731
-165.256
-175.143
-169.991
-164.614
-163.297
-162.54
-138.124
-46.862
-0.0638611
-9.30866e-23
-1.332e-23
-1.16004e-23
-1.00118e-23
-1.00104e-23
-1.15984e-23
-1.33197e-23
-8.35619e-23
-0.0619551
-46.7686
-138.915
-163.612
-164.252
-165.355
-170.574
-175.635
-165.666
-42.8638
-0.140165
-1.84252e-09
-4.15148e-24
-4.53322e-24
-7.32008e-24
-1.23919e-23
-1.73855e-23
-2.02095e-23
-1.80164e-23
-1.14883e-23
-8.58436e-24
-1.297e-23
-1.96913e-23
-3.53988e-23
-3.90765e-23
-3.21276e-23
-2.26621e-23
-1.47822e-23
-9.61455e-24
-6.44013e-24
-4.65518e-24
-2.874e-07
-25.2111
-143.08
-214.43
-194.052
-190.485
-186.695
-182.575
-176.272
-84.2421
-3.63775
-2.76634e-11
-1.80823e-23
-1.86545e-23
-1.59587e-23
-1.5956e-23
-1.86535e-23
-1.80879e-23
-2.56567e-11
-3.54306
-84.4023
-176.877
-183.444
-187.579
-191.283
-194.764
-215.185
-143.58
-25.1613
-2.84697e-07
-4.62507e-24
-6.38346e-24
-9.50831e-24
-1.46197e-23
-2.2463e-23
-3.19208e-23
-3.88978e-23
-3.52764e-23
-1.96229e-23
-1.29038e-23
-1.35154e-23
-3.00575e-23
-0.000423343
-1.80314
-1.31536
-0.0531877
-0.0757959
-0.0385955
-0.00109742
-0.000330929
-0.000989833
-2.4347
-59.7755
-156.058
-207.243
-219.964
-213.443
-207.275
-228.19
-147.29
-33.7783
-4.45908e-06
-3.68557e-09
-2.92151e-07
-1.23371e-09
-1.25289e-09
-2.9663e-07
-3.73685e-09
-4.26884e-06
-33.4218
-147.941
-229.175
-208.163
-214.333
-220.813
-207.973
-156.63
-60.0401
-2.32494
-0.000835983
-0.000268643
-0.000937418
-0.0367559
-0.0757912
-0.0542983
-1.34171
-1.84049
-0.000432104
-2.99665e-23
-1.34541e-23
-8.38004e-24
-3.2535e-23
-0.512451
-86.7631
-28.3818
-7.23067
-22.6344
-35.5007
-31.3431
-35.0132
-36.0255
-26.1065
-38.9575
-134.923
-290.592
-279.313
-245.155
-208.69
-175.109
-138.598
-40.6822
-1.75418
-0.819529
-37.3308
-0.011311
-0.0112505
-37.572
-0.819587
-1.74835
-40.8057
-139.147
-175.795
-209.507
-246.084
-280.298
-291.471
-135.28
-39.0204
-26.0408
-35.9352
-34.92
-31.2547
-35.3961
-22.5672
-7.20988
-28.2961
-86.5241
-0.523008
-3.24612e-23
-8.34915e-24
-7.00941e-24
-4.9219e-23
-1.02199
-5.87661
-29.1818
-29.7133
-56.6692
-88.0784
-84.5805
-88.0319
-89.4619
-86.5533
-104.005
-291.266
-104893
-41502.6
-19466
-14216.7
-10219
-6113.52
-2436.63
-628.115
-315.023
-145.456
-0.813273
-0.806973
-145.367
-315.012
-628.455
-2442.43
-6133.49
-10255.8
-14268.6
-19534.7
-41632.3
-105188
-291.784
-103.994
-86.383
-89.2454
-87.7991
-84.3449
-87.8281
-56.5106
-29.6348
-29.1111
-5.86404
-1.04279
-4.91311e-23
-6.99721e-24
