-7.01463e-24
-4.92568e-23
-1.03136
-5.88213
-29.2133
-29.7488
-56.7422
-88.1994
-84.6963
-88.1469
-89.5703
-86.6619
-104.207
-292.041
-105219
-41638.5
-19534.3
-14267.6
-10254.9
-6133.05
-2442.42
-628.525
-315.112
-145.456
-0.808677
-0.814435
-145.524
-315.09
-628.119
-2436.77
-6114.01
-10219.9
-14217.7
-19466.7
-41500.6
-104881
-291.16
-103.914
-86.435
-89.3245
-87.8919
-84.4407
-87.9282
-56.5698
-29.6631
-29.1358
-5.86831
-1.04844
-4.91595e-23
-7.00111e-24
-8.39299e-24
-3.25664e-23
-0.517448
-86.8696
-28.4205
-7.24006
-22.6645
-35.5496
-31.386
-35.059
-36.066
-26.1335
-39.0587
-135.326
-291.515
-280.285
-246.059
-209.481
-175.772
-139.129
-40.8039
-1.74881
-0.819786
-37.3797
-0.0113436
-0.0113949
-37.1681
-0.819715
-1.75363
-40.6855
-138.612
-175.126
-208.71
-245.172
-279.321
-290.575
-134.906
-38.9415
-26.0686
-35.9684
-34.9579
-31.2904
-35.4364
-22.5916
-7.21742
-28.3269
-86.6073
-0.526053
-3.24849e-23
-8.35898e-24
-1.35407e-23
-3.00956e-23
-0.00042758
-1.82198
-1.33013
-0.0538387
-0.0767709
-0.0390701
-0.00110981
-0.000334918
-0.00100406
-2.44933
-59.9943
-156.574
-207.929
-220.764
-214.288
-208.124
-229.135
-147.914
-33.4591
-4.24459e-06
-3.82506e-09
-3.04403e-07
-1.28599e-09
-1.26577e-09
-2.99683e-07
-3.77139e-09
-4.42381e-06
-33.7687
-147.307
-228.219
-207.303
-213.468
-219.984
-207.258
-156.09
-59.8039
-2.37389
-0.000885611
-0.000287562
-0.000990323
-0.0377385
-0.0768201
-0.05471
-1.35128
-1.85246
-0.000434751
-2.99953e-23
-1.34732e-23
-1.29962e-23
-1.97186e-23
-3.54504e-23
-3.91558e-23
-3.22219e-23
-2.27537e-23
-1.48568e-23
-9.66329e-24
-6.4668e-24
-4.66853e-24
-2.90732e-07
-25.3251
-143.451
-215.024
-194.668
-191.207
-187.517
-183.399
-176.862
-84.4067
-3.55436
-2.51447e-11
-1.8086e-23
-1.86558e-23
-1.59593e-23
-1.59617e-23
-1.86565e-23
-1.80809e-23
-2.70697e-11
-3.6335
-84.2471
-176.296
-182.61
-186.728
-190.509
-194.068
-214.441
-143.081
-25.2417
-2.88396e-07
-4.64074e-24
-6.40886e-24
-9.55231e-24
-1.46844e-23
-2.25397e-23
-3.1997e-23
-3.89594e-23
-3.53148e-23
-1.96427e-23
-1.2923e-23
-8.64613e-24
-1.1534e-23
-1.80801e-23
-2.03059e-23
-1.75176e-23
-1.25572e-23
-7.51914e-24
-4.68875e-24
-4.2473e-24
-1.88257e-09
-0.142384
-42.9281
-165.632
-175.529
-170.467
-165.263
-164.176
-163.55
-138.881
-46.7884
-0.0622136
-8.05669e-23
-1.33181e-23
-1.15988e-23
-1.00117e-23
-1.0013e-23
-1.16006e-23
-1.33184e-23
-8.86693e-23
-0.063693
-46.8559
-138.164
-162.593
-163.341
-164.642
-170.005
-175.142
-165.246
-42.7811
-0.141069
-1.82265e-09
-4.18099e-24
-4.57555e-24
-7.37213e-24
-1.24323e-23
-1.74147e-23
-2.02277e-23
-1.80261e-23
-1.14949e-23
-8.59492e-24
-4.06309e-24
-6.4885e-24
-1.08789e-23
-1.40514e-23
-1.54187e-23
-1.53563e-23
-1.00564e-23
-6.27482e-24
-1.17459e-15
-0.000977034
-51.8426
-122.222
-187.954
-164.618
-149.466
-138.891
-143.466
-176.948
-117.789
-70.864
-0.00569857
-1.81452e-23
-1.16398e-23
-7.81326e-24
-5.80879e-24
-5.81091e-24
-7.81894e-24
-1.16481e-23
-1.81553e-23
-0.00595059
-70.9138
-116.648
-175.163
-142.498
-138.398
-149.205
-164.45
-187.865
-122.178
-51.5173
-0.000938759
-1.08735e-15
-6.12225e-24
-9.94721e-24
-1.54549e-23
-1.54946e-23
-1.40927e-23
-1.0896e-23
-6.48763e-24
-4.04413e-24
-1.30423e-24
-4.24783e-24
-8.92484e-24
-1.48458e-23
-2.34284e-23
-9.0865e-06
-0.099708
-0.175041
-0.0281002
-8.69618
-83.9812
-178.279
-165.637
-148.821
-128.436
-105.472
-105.416
-159.128
-99.3775
-40.8421
-0.00052928
-1.98008e-23
-1.11526e-23
-5.7685e-24
-3.11888e-24
-3.12272e-24
-5.78015e-24
-1.11739e-23
-1.98407e-23
-0.000565678
-40.8402
-98.6391
-157.681
-104.53
-105.324
-128.477
-148.874
-165.653
-178.088
-83.3873
-8.32795
-0.0236969
-0.287841
-0.286938
-3.93386e-05
-2.38079e-23
-1.50112e-23
-8.99929e-24
-4.27479e-24
-1.30772e-24
-9.3239e-25
-4.10415e-24
-9.47462e-24
-1.77841e-23
-3.26361e-23
-0.110152
-116.467
-41.4865
-28.4276
-73.4042
-142.522
-156.542
-153.35
-140.342
-117.436
-52.1486
-62.6598
-140.071
-109.876
-49.9189
-0.00134587
-2.13432e-23
-1.13179e-23
-4.79101e-24
-1.54848e-24
-1.55409e-24
-4.80767e-24
-1.13459e-23
-2.13859e-23
-0.00139794
-49.8884
-108.388
-137.983
-61.6138
-52.2384
-117.843
-140.626
-153.63
-156.951
-142.041
-75.0332
-27.6766
-43.13
-84.9115
-0.305719
-3.31547e-23
-1.80009e-23
-9.56663e-24
-4.13493e-24
-9.33055e-25
-2.86788e-24
-5.47357e-24
-1.07544e-23
-1.86118e-23
-3.20919e-23
-0.0802256
-57.9513
-26.2586
-34.1556
-96.5719
-130.219
-146.585
-152.318
-145.063
-65.3996
-11.9616
-43.8822
-135.078
-121.169
-41.1759
-0.0358197
-2.28188e-23
-1.20134e-23
-4.56899e-24
-7.78551e-25
-7.86014e-25
-4.5901e-24
-1.20437e-23
-2.28483e-23
-0.0359367
-40.3903
-119.449
-132.77
-43.103
-11.9067
-65.6041
-145.423
-152.698
-147.082
-130.985
-96.5939
-34.6736
-27.543
-60.6067
-0.14829
-3.24378e-23
-1.87556e-23
-1.08089e-23
-5.47843e-24
-2.83493e-24
-6.96908e-24
-8.48829e-24
-1.30825e-23
-1.81882e-23
-2.50898e-23
-4.52312e-06
-3.93626
-19.0196
-36.4013
-92.9056
-125.307
-148.889
-165.38
-79.9878
-3.50641
-0.0016115
-21.0875
-120.815
-167.101
-61.9277
-0.366701
-1.05168e-17
-1.34523e-23
-4.97746e-24
-5.66691e-25
-5.76818e-25
-5.00572e-24
-1.34912e-23
-1.27984e-17
-0.369164
-61.1361
-164.588
-118.862
-20.9755
-0.00162881
-3.49511
-80.1665
-165.758
-149.284
-125.709
-93.2149
-36.5624
-19.2807
-3.53907
-3.89662e-06
-2.51475e-23
-1.82097e-23
-1.30699e-23
-8.44599e-24
-6.87747e-24
-1.27665e-23
-1.4066e-23
-1.85385e-23
-2.04026e-23
-2.16788e-23
-3.08776e-16
-0.0273677
-34.0134
-82.1284
-130.873
-136.044
-163.987
-104.672
-23.7214
-1.61813e-05
-9.18401e-15
-0.381825
-68.034
-148.017
-76.6111
-15.706
-6.57398e-08
-1.65241e-23
-5.95805e-24
-6.93631e-25
-7.07811e-25
-5.99858e-24
-1.65825e-23
-6.74081e-08
-16.0241
-75.512
-145.797
-67.0555
-0.39134
-1.09993e-14
-1.59868e-05
-23.6771
-104.848
-164.262
-136.172
-130.63
-81.7307
-33.8531
-0.0286586
-3.92963e-16
-2.15932e-23
-2.03301e-23
-1.84584e-23
-1.39657e-23
-1.26033e-23
-1.83146e-23
-2.45083e-23
-3.07855e-23
-2.82833e-23
-2.17595e-13
-0.00175099
-25.8495
-38.1917
-100.32
-110.02
-129.464
-103.376
-56.2992
-0.0352486
-1.75426e-13
-4.04766e-24
-0.00836854
-41.2074
-141.362
-97.2401
-54.8408
-0.000886525
-2.01421e-23
-7.05544e-24
-9.10389e-25
-9.2988e-25
-7.1139e-24
-2.02205e-23
-0.000910064
-54.2816
-95.5514
-138.804
-40.1347
-0.00839258
-4.05411e-24
-1.74389e-13
-0.0351091
-56.408
-103.439
-129.535
-109.93
-100.098
-38.1698
-25.7706
-0.00177262
-2.10295e-13
-2.81532e-23
-3.06514e-23
-2.43356e-23
-1.80862e-23
-1.87932e-23
-3.70741e-05
-0.67904
-4.85134
-7.1136
-35.0449
-36.8639
-56.3948
-72.9558
-88.8433
-120.49
-78.8246
-14.4849
-2.02331e-07
-4.45316e-24
-5.08994e-24
-6.48279e-05
-45.5861
-119.015
-127.719
-58.9048
-0.0178865
-8.97719e-22
-7.62721e-24
-1.0478e-24
-1.0726e-24
-7.715e-24
-8.02641e-22
-0.018466
-57.5449
-125.144
-116.211
-45.06
-6.5218e-05
-5.10274e-24
-4.44531e-24
-2.01894e-07
-14.4162
-78.7876
-120.458
-88.7873
-72.8736
-56.3298
-36.7821
-34.8033
-6.96453
-4.48714
-0.600424
-3.14596e-05
-1.85511e-23
-8.70751e-24
-0.390558
-66.6767
-48.7688
-26.5773
-40.1012
-36.3874
-36.0981
-50.625
-63.1403
-76.4497
-41.9096
-5.32671
-9.8482e-18
-4.01731e-24
-5.21452e-24
-3.34024e-10
-5.18272
-61.5169
-96.8621
-72.7697
-0.794722
-6.38882e-11
-7.8457e-24
-1.14509e-24
-1.16925e-24
-8.00915e-24
-7.12821e-11
-0.797263
-70.6668
-94.7881
-59.8342
-5.03727
-3.58426e-10
-5.23294e-24
-4.01451e-24
-1.00397e-17
-5.2915
-41.901
-76.4301
-63.1151
-50.5983
-36.0716
-36.3004
-39.9786
-26.5318
-48.3181
-69.0575
-0.326778
-8.59603e-24
-8.82e-24
-0.361084
-67.425
-47.6573
-25.315
-63.5572
-28.9334
-21.5984
-39.1129
-45.449
-52.9311
-29.1265
-6.90736
-9.84887e-24
-4.24062e-24
-4.77648e-24
-2.61904e-16
-0.106456
-259.107
-132.36
-415.249
-38.5559
-3.61164e-05
-7.8541e-18
-1.34975e-24
-1.33005e-24
-1.56324e-17
-4.63264e-05
-39.2721
-399.958
-126.698
-250.388
-0.101848
-3.60768e-16
-4.80352e-24
-4.24482e-24
-9.84384e-24
-6.85472
-29.1245
-52.925
-45.4405
-39.1167
-21.6194
-28.8708
-63.3399
-25.2212
-47.0302
-80.1791
-0.303315
-8.79689e-24
-1.93251e-23
-2.76774e-05
-0.440333
-2.91301
-14.4949
-21.586
-11.2342
-21.5034
-36.8183
-32.0855
-38.7692
-22.5686
-1.33902
-1.3128e-23
-5.48145e-24
-5.11963e-24
-1.61494e-07
-1.38418
-132.517
-291.137
-445.417
-204.418
-2.36847
-0.00343542
-1.35689e-08
-5.85936e-09
-0.00365221
-2.90516
-196.91
-432.877
-283.6
-129.577
-1.42401
-1.74221e-07
-5.17314e-24
-5.5039e-24
-1.3142e-23
-1.32827
-22.5724
-38.7717
-32.075
-36.7875
-21.5272
-11.217
-21.5878
-14.0723
-2.60287
-0.376104
-2.3526e-05
-1.92058e-23
-2.00676e-23
-2.59239e-23
-3.0975e-23
-2.6469e-23
-1.15963e-09
-0.063089
-88.0135
-45.5736
-43.7918
-15.1624
-29.2923
-22.3569
-0.891465
-1.02452e-13
-8.19114e-24
-6.77116e-24
-0.00254551
-156.753
-279.325
-176.186
-182.697
-230.41
-245.299
-92.6319
-0.00614725
-0.00205871
-75.5977
-213.585
-219.002
-177.01
-174.817
-274.728
-153.22
-0.00213518
-6.8808e-24
-8.25273e-24
-9.81686e-14
-0.8851
-22.371
-29.3046
-15.1574
-43.7314
-45.5085
-88.3787
-0.0640683
-1.15126e-09
-2.65131e-23
-3.09392e-23
-2.58069e-23
-1.99396e-23
-1.6508e-23
-1.7446e-23
-2.19461e-23
-1.0822e-19
-6.9187e-05
-14.3615
-278.24
-441.839
-236.154
-99.6008
-404.684
-211.615
-18.6068
-6.12447e-05
-1.16225e-21
-1.16233e-23
-0.00953552
-176.058
-344.905
-102.676
-288.704
-224.977
-165.472
-245.2
-0.171856
-0.0447903
-269.115
-148.099
-227.576
-291.256
-104.22
-343.4
-174.736
-0.00674376
-1.18171e-23
-1.08524e-21
-6.03986e-05
-18.5277
-211.75
-405.271
-99.6055
-236.176
-441.663
-278.61
-14.4473
-7.05348e-05
-1.12561e-19
-2.19504e-23
-1.73967e-23
-1.64109e-23
-1.31781e-23
-1.4788e-23
-2.23741e-23
-1.9002e-08
-0.170072
-249.289
-366.719
-246.363
-128.458
-115.251
-546.279
-294.399
-406.424
-0.250073
-1.32635e-08
-2.1002e-23
-5.16411e-06
-0.125089
-0.429982
-0.00676136
-0.00119645
-0.00535318
-0.367857
-0.404544
-0.000260048
-4.70391e-05
-0.101961
-0.170496
-0.00641974
-0.00119105
-0.0069253
-0.360895
-0.0898349
-3.23671e-06
-2.09982e-23
-1.28852e-08
-0.246828
-406.977
-294.669
-546.55
-115.21
-128.478
-246.489
-367.023
-249.559
-0.172898
-1.95427e-08
-2.2402e-23
-1.47683e-23
-1.31126e-23
-1.16055e-23
-1.55568e-23
-2.95703e-23
-3.19359e-05
-157.047
-252.364
-274.744
-201.41
-0.191954
-20.0078
-270.61
-500.682
-151.194
-164.172
-0.00297056
-3.15967e-23
-3.84444e-23
-2.74855e-20
-3.80133e-19
-6.79147e-20
-3.56693e-22
-2.27036e-20
-8.96769e-20
-7.63157e-21
-7.80118e-23
-7.62542e-23
-1.01288e-20
-1.41679e-19
-4.03369e-20
-5.62964e-22
-7.16897e-20
-4.02119e-19
-2.89585e-20
-3.81902e-23
-3.15811e-23
-0.00295155
-164.298
-151.325
-500.975
-270.963
-19.9355
-0.191732
-201.522
-274.954
-252.574
-157.245
-3.23766e-05
-2.96104e-23
-1.55514e-23
-1.15624e-23
-1.13703e-23
-1.74539e-23
-3.77397e-23
-0.00331845
-136.745
-208.939
-178.049
-0.030688
-1.21217e-06
-0.0102919
-58.3948
-171.494
-178.112
-382.6
-0.03538
-2.91649e-22
-3.82157e-23
-4.43085e-23
-5.51168e-23
-6.50356e-23
-7.13806e-23
-7.39911e-23
-7.21314e-23
-6.56267e-23
-5.88241e-23
-5.82977e-23
-6.4693e-23
-7.16458e-23
-7.3976e-23
-7.15276e-23
-6.51472e-23
-5.50947e-23
-4.41656e-23
-3.80905e-23
-2.82088e-22
-0.035393
-383.12
-178.231
-171.488
-58.4707
-0.010333
-1.21288e-06
-0.0307898
-178.147
-209.086
-136.84
-0.00333613
-3.77778e-23
-1.7454e-23
-1.13421e-23
-1.08616e-23
-1.76049e-23
-3.99333e-23
-0.00274667
-311.86
-165.611
-0.010881
-8.87219e-09
-4.54429e-23
-2.58513e-08
-0.000350916
-0.00299853
-0.0291894
-0.0618028
-4.11502e-05
-4.59069e-23
-3.38111e-23
-3.22103e-23
-3.51274e-23
-3.90682e-23
-4.20568e-23
-4.33277e-23
-4.25888e-23
-4.02109e-23
-3.79132e-23
-3.7745e-23
-3.98754e-23
-4.23473e-23
-4.32406e-23
-4.20504e-23
-3.90647e-23
-3.50821e-23
-3.2127e-23
-3.37319e-23
-4.58553e-23
-4.13828e-05
-0.0620203
-0.029198
-0.00299773
-0.000352777
-2.60972e-08
-4.53269e-23
-8.90434e-09
-0.0109164
-165.677
-312.043
-0.00275734
-3.99618e-23
-1.76069e-23
-1.08447e-23
-8.40046e-24
-1.39681e-23
-3.11822e-23
-1.35703e-06
-0.00284755
-0.000573289
-5.79686e-09
-3.11557e-23
-2.47738e-23
-2.5167e-23
-3.15284e-23
-1.19079e-22
-1.85711e-20
-2.60153e-20
-3.85609e-22
-3.12102e-23
-2.36618e-23
-2.05466e-23
-2.0143e-23
-2.09061e-23
-2.17468e-23
-2.20865e-23
-2.17259e-23
-2.0849e-23
-2.00641e-23
-2.00082e-23
-2.0727e-23
-2.16163e-23
-2.20207e-23
-2.1711e-23
-2.08756e-23
-2.01013e-23
-2.04939e-23
-2.36099e-23
-3.1166e-23
-3.82936e-22
-2.57887e-20
-1.83776e-20
-1.17445e-22
-3.15201e-23
-2.51648e-23
-2.47759e-23
-3.11613e-23
-5.81195e-09
-0.000574941
-0.00285673
-1.36185e-06
-3.12002e-23
-1.39712e-23
-8.39264e-24
-4.30574e-24
-7.9351e-24
-1.55684e-23
-2.43226e-23
-2.49531e-23
-2.09826e-23
-1.66555e-23
-1.27641e-23
-1.08246e-23
-1.08278e-23
-1.26942e-23
-1.60277e-23
-1.982e-23
-2.2062e-23
-2.09411e-23
-1.7206e-23
-1.3536e-23
-1.09947e-23
-9.6105e-24
-8.9962e-24
-8.72022e-24
-8.48081e-24
-8.14082e-24
-7.73145e-24
-7.42731e-24
-7.4091e-24
-7.68887e-24
-8.09615e-24
-8.44585e-24
-8.69366e-24
-8.97146e-24
-9.5826e-24
-1.09634e-23
-1.35044e-23
-1.71763e-23
-2.09142e-23
-2.20398e-23
-1.98036e-23
-1.60166e-23
-1.26878e-23
-1.08248e-23
-1.08239e-23
-1.27652e-23
-1.66589e-23
-2.09899e-23
-2.49662e-23
-2.4339e-23
-1.5579e-23
-7.93893e-24
-4.3041e-24
-1.19267e-24
-3.86522e-24
-6.96065e-24
-7.88491e-24
-5.17591e-24
-2.45201e-24
-1.86623e-24
-2.01312e-24
-2.14156e-24
-2.35047e-24
-2.96923e-24
-4.36459e-24
-6.68147e-24
-9.11619e-24
-1.02108e-23
-9.41323e-24
-7.56856e-24
-5.63065e-24
-4.0853e-24
-3.0061e-24
-2.27859e-24
-1.7638e-24
-1.36882e-24
-1.06751e-24
-8.92311e-25
-8.88159e-25
-1.0577e-24
-1.35832e-24
-1.75537e-24
-2.2719e-24
-2.99928e-24
-4.07663e-24
-5.61945e-24
-7.55514e-24
-9.39867e-24
-1.0197e-23
-9.10506e-24
-6.67373e-24
-4.35953e-24
-2.96608e-24
-2.3485e-24
-2.14026e-24
-2.01233e-24
-1.86635e-24
-2.45423e-24
-5.18179e-24
-7.89365e-24
-6.96819e-24
-3.86913e-24
-1.19351e-24
-1.18682e-24
-3.86212e-24
-6.95843e-24
-7.88308e-24
-5.1737e-24
-2.44989e-24
-1.86451e-24
-2.01152e-24
-2.13956e-24
-2.34734e-24
-2.96412e-24
-4.35685e-24
-6.67119e-24
-9.10387e-24
-1.01963e-23
-9.39509e-24
-7.54494e-24
-5.60041e-24
-4.04753e-24
-2.95845e-24
-2.21665e-24
-1.68273e-24
-1.26655e-24
-9.48057e-25
-7.66428e-25
-7.69118e-25
-9.5582e-25
-1.27848e-24
-1.69755e-24
-2.23309e-24
-2.97519e-24
-4.06281e-24
-5.6119e-24
-7.5507e-24
-9.39523e-24
-1.01936e-23
-9.10208e-24
-6.67132e-24
-4.35765e-24
-2.96465e-24
-2.3473e-24
-2.13896e-24
-2.01059e-24
-1.86381e-24
-2.45078e-24
-5.17803e-24
-7.89043e-24
-6.96487e-24
-3.86511e-24
-1.1864e-24
-4.28772e-24
-7.92635e-24
-1.5564e-23
-2.43217e-23
-2.49495e-23
-2.09783e-23
-1.66524e-23
-1.27614e-23
-1.08207e-23
-1.08204e-23
-1.2681e-23
-1.60072e-23
-1.97937e-23
-2.20317e-23
-2.09049e-23
-1.7157e-23
-1.3468e-23
-1.09067e-23
-9.50328e-24
-8.86341e-24
-8.54507e-24
-8.24194e-24
-7.82503e-24
-7.34997e-24
-7.02137e-24
-7.03002e-24
-7.37332e-24
-7.85766e-24
-8.27982e-24
-8.58672e-24
-8.90826e-24
-9.54896e-24
-1.09473e-23
-1.34965e-23
-1.71701e-23
-2.09066e-23
-2.20324e-23
-1.97978e-23
-1.6012e-23
-1.26845e-23
-1.08221e-23
-1.08208e-23
-1.27607e-23
-1.66519e-23
-2.09804e-23
-2.49571e-23
-2.43338e-23
-1.55716e-23
-7.92762e-24
-4.28243e-24
-8.36921e-24
-1.39558e-23
-3.11845e-23
-1.35883e-06
-0.00285042
-0.00057362
-5.79668e-09
-3.11574e-23
-2.47733e-23
-2.51605e-23
-3.15122e-23
-1.19958e-22
-1.87407e-20
-2.62699e-20
-3.89421e-22
-3.11473e-23
-2.35543e-23
-2.04044e-23
-1.99842e-23
-2.07248e-23
-2.15015e-23
-2.17139e-23
-2.11715e-23
-2.01241e-23
-1.9278e-23
-1.92966e-23
-2.01712e-23
-2.12303e-23
-2.17761e-23
-2.15688e-23
-2.08018e-23
-2.00705e-23
-2.04875e-23
-2.36131e-23
-3.11677e-23
-4.07562e-22
-2.73616e-20
-1.94404e-20
-1.23489e-22
-3.15175e-23
-2.51627e-23
-2.47733e-23
-3.11561e-23
-5.8121e-09
-0.000575318
-0.00286009
-1.36396e-06
-3.11986e-23
-1.39553e-23
-8.3558e-24
-1.08162e-23
-1.75927e-23
-3.99569e-23
-0.00275236
-312.038
-165.656
-0.0108939
-8.87406e-09
-4.44919e-23
-2.61569e-08
-0.000353393
-0.0029991
-0.029126
-0.0618295
-4.12512e-05
-4.58632e-23
-3.36581e-23
-3.20014e-23
-3.49477e-23
-3.89253e-23
-4.18596e-23
-4.29127e-23
-4.17697e-23
-3.89578e-23
-3.65177e-23
-3.65608e-23
-3.90559e-23
-4.18692e-23
-4.29971e-23
-4.19441e-23
-3.90322e-23
-3.50895e-23
-3.21546e-23
-3.37637e-23
-4.58772e-23
-4.22609e-05
-0.0631508
-0.0296222
-0.00300236
-0.000352536
-2.6029e-08
-4.45344e-23
-8.90992e-09
-0.0109309
-165.699
-312.199
-0.00276398
-3.99839e-23
-1.75913e-23
-1.07923e-23
-1.13086e-23
-1.74425e-23
-3.77879e-23
-0.00333367
-136.857
-209.12
-178.166
-0.0307328
-1.21318e-06
-0.0103186
-58.3436
-171.717
-178.617
-384.057
-0.0352546
-2.84814e-22
-3.79724e-23
-4.39713e-23
-5.49749e-23
-6.51302e-23
-7.15326e-23
-7.38442e-23
-7.11094e-23
-6.34473e-23
-5.63195e-23
-5.64328e-23
-6.36757e-23
-7.12768e-23
-7.39288e-23
-7.15962e-23
-6.52384e-23
-5.51838e-23
-4.42504e-23
-3.81609e-23
-2.97426e-22
-0.0359077
-383.44
-178.278
-171.588
-58.4175
-0.0103228
-1.2127e-06
-0.0308477
-178.246
-209.257
-136.945
-0.00335332
-3.78284e-23
-1.74401e-23
-1.12721e-23
-1.15206e-23
-1.55392e-23
-2.96292e-23
-3.22214e-05
-157.345
-252.65
-275.034
-201.57
-0.191768
-20.05
-271.175
-501.763
-151.6
-164.921
-0.00294139
-3.16293e-23
-3.79239e-23
-6.48547e-20
-7.82211e-19
-1.1605e-19
-2.57686e-22
-1.10394e-19
-8.61188e-19
-1.18518e-19
-7.32588e-23
-7.35943e-23
-2.36029e-19
-1.66121e-18
-1.89846e-19
-2.40746e-22
-6.32944e-20
-3.80277e-19
-2.88752e-20
-3.82983e-23
-3.16348e-23
-0.00297451
-164.176
-151.275
-500.84
-270.947
-19.9673
-0.191804
-201.67
-275.234
-252.851
-157.555
-3.26471e-05
-2.96744e-23
-1.55319e-23
-1.14672e-23
-1.30559e-23
-1.47475e-23
-2.24161e-23
-1.92151e-08
-0.172042
-249.677
-367.16
-246.565
-128.516
-115.428
-547.519
-295.121
-407.831
-0.245331
-1.28146e-08
-2.10305e-23
-2.41886e-06
-0.073935
-0.332124
-0.00703597
-0.00112241
-0.00690191
-0.123774
-0.0511214
-1.74181e-05
-1.24256e-05
-0.0447733
-0.127047
-0.00756228
-0.00113474
-0.00644728
-0.364424
-0.0973629
-3.79645e-06
-2.10408e-23
-1.27963e-08
-0.246465
-407.025
-294.607
-546.601
-115.226
-128.545
-246.705
-367.453
-249.937
-0.174906
-1.96917e-08
-2.24498e-23
-1.47255e-23
-1.29755e-23
-1.63314e-23
-1.73546e-23
-2.19484e-23
-1.08841e-19
-7.03357e-05
-14.4792
-278.75
-441.8
-236.286
-99.7255
-405.886
-212.101
-18.6487
-6.0063e-05
-1.07591e-21
-1.20409e-23
-0.00543583
-169.135
-340.957
-105.339
-294.788
-233.653
-146.505
-272.437
-0.0167904
-0.0116618
-277.531
-148.906
-232.401
-293.374
-104.564
-344.006
-175.531
-0.00747589
-1.18212e-23
-1.09241e-21
-6.03901e-05
-18.4829
-211.709
-405.568
-99.614
-236.289
-441.746
-279.057
-14.5589
-7.18213e-05
-1.12835e-19
-2.19599e-23
-1.73028e-23
-1.62101e-23
-1.9838e-23
-2.57139e-23
-3.09059e-23
-2.65486e-23
-1.16957e-09
-0.0643333
-88.4671
-45.5227
-43.7422
-15.1697
-29.3499
-22.4074
-0.886967
-9.81138e-14
-8.35233e-24
-6.98511e-24
-0.00191169
-150.255
-271.061
-174.827
-177.675
-219.359
-207.28
-56.0181
-0.00105635
-0.000733464
-50.857
-211.299
-220.663
-178.143
-175.402
-276.391
-154.101
-0.0022422
-6.87326e-24
-8.2474e-24
-9.72655e-14
-0.882841
-22.3702
-29.3012
-15.1568
-43.7054
-45.4778
-88.772
-0.0650576
-1.12659e-09
-2.66067e-23
-3.08886e-23
-2.5601e-23
-1.9669e-23
-1.91125e-23
-1.75966e-05
-0.302561
-2.30858
-13.8347
-21.6079
-11.2185
-21.5469
-36.7992
-32.0943
-38.8091
-22.5951
-1.3294
-1.32118e-23
-5.55745e-24
-5.22383e-24
-1.74616e-07
-1.47327
-129.365
-284.012
-434.459
-197.689
-2.33902
-0.00245391
-5.35887e-09
-4.32036e-09
-0.00220757
-2.38312
-199.223
-437.268
-284.568
-129.83
-1.49486
-1.73212e-07
-5.16874e-24
-5.50056e-24
-1.31399e-23
-1.32654
-22.5759
-38.7769
-32.0785
-36.7717
-21.5517
-11.1887
-21.6633
-13.5514
-2.10672
-0.263851
-1.49456e-05
-1.89303e-23
-8.77973e-24
-0.248662
-89.8781
-46.7537
-25.1657
-63.1799
-28.8432
-21.6355
-39.1386
-45.4616
-52.9513
-29.1395
-6.8685
-9.88644e-24
-4.27506e-24
-4.83285e-24
-2.49978e-16
-0.10641
-250.741
-125.213
-401.703
-38.6819
-3.83974e-05
-1.39077e-17
-1.31125e-24
-1.30522e-24
-1.12301e-17
-4.06032e-05
-39.9286
-399.255
-124.264
-249.068
-0.114401
-3.83797e-16
-4.80084e-24
-4.24289e-24
-9.84402e-24
-6.86241
-29.1351
-52.9483
-45.4714
-39.1614
-21.6701
-28.9457
-63.4549
-25.2552
-46.2718
-101.958
-0.227145
-8.71834e-24
-8.5241e-24
-0.28854
-70.2513
-47.9802
-26.4799
-39.8841
-36.2711
-36.0787
-50.614
-63.1279
-76.4355
-41.9032
-5.32925
-9.37485e-18
-4.03321e-24
-5.25137e-24
-3.4352e-10
-5.18672
-60.1915
-95.1368
-70.8804
-0.787963
-5.28594e-11
-8.2811e-24
-1.13057e-24
-1.13085e-24
-8.29443e-24
-6.22967e-11
-0.846105
-70.8414
-95.4659
-60.1025
-5.37656
-3.8266e-10
-5.22988e-24
-4.01237e-24
-9.65492e-18
-5.31856
-41.9189
-76.4736
-63.1782
-50.6758
-36.1473
-36.3647
-40.0321
-26.6559
-47.908
-74.4062
-0.279629
-8.56657e-24
-1.84078e-23
-3.16439e-05
-0.596743
-4.39639
-6.7516
-34.8078
-36.7935
-56.3484
-72.8954
-88.7858
-120.399
-78.699
-14.4543
-1.98767e-07
-4.45778e-24
-5.11226e-24
-6.50466e-05
-45.2083
-116.657
-125.51
-57.6854
-0.0184175
-8.00216e-22
-7.84106e-24
-1.04187e-24
-1.04281e-24
-7.84652e-24
-1.19202e-21
-0.0191954
-57.5643
-125.662
-116.491
-45.303
-6.67541e-05
-5.09708e-24
-4.44159e-24
-1.9941e-07
-14.4396
-78.7401
-120.501
-88.8972
-73.0165
-56.4619
-36.8857
-35.5212
-6.97743
-4.56559
-0.627877
-3.37771e-05
-1.86082e-23
-1.79607e-23
-2.42533e-23
-3.06117e-23
-2.8112e-23
-2.13293e-13
-0.00168792
-25.4164
-38.1947
-100.149
-109.927
-129.504
-103.333
-56.4251
-0.03498
-1.77222e-13
-4.05724e-24
-0.00841399
-40.3065
-139.295
-95.8587
-54.6587
-0.000892579
-2.04003e-23
-7.17329e-24
-9.10393e-25
-9.10888e-25
-7.17491e-24
-2.04004e-23
-0.000903139
-54.6974
-96.1134
-139.671
-40.1136
-0.00850496
-4.04566e-24
-1.72501e-13
-0.0347637
-56.4891
-103.411
-129.679
-110.121
-100.374
-38.2714
-26.4774
-0.00178767
-2.32291e-13
-2.87554e-23
-3.11704e-23
-2.45868e-23
-1.82425e-23
-1.2519e-23
-1.39208e-23
-1.84334e-23
-2.03115e-23
-2.15667e-23
-3.04289e-16
-0.0289746
-33.8755
-81.8383
-130.623
-135.996
-164.005
-104.633
-23.6834
-1.61785e-05
-1.03182e-14
-0.388194
-67.2315
-146.137
-75.644
-15.8873
-6.49417e-08
-1.66786e-23
-6.02972e-24
-7.00219e-25
-7.00247e-25
-6.02941e-24
-1.6676e-23
-6.42513e-08
-15.8105
-75.8706
-146.607
-67.5064
-0.39207
-1.04214e-14
-1.58491e-05
-23.6156
-104.679
-164.13
-136.193
-130.936
-82.0951
-34.4296
-0.0302099
-3.62256e-16
-2.20503e-23
-2.07054e-23
-1.87504e-23
-1.41453e-23
-1.27692e-23
-6.83271e-24
-8.4295e-24
-1.30746e-23
-1.824e-23
-2.52187e-23
-6.87231e-06
-4.60934
-19.886
-36.3761
-92.8939
-125.322
-148.948
-165.459
-80.0568
-3.50662
-0.00162371
-20.9618
-119.261
-165.049
-61.2426
-0.369951
-1.24753e-17
-1.3549e-23
-5.02733e-24
-5.79051e-25
-5.78835e-25
-5.02629e-24
-1.35458e-23
-1.19617e-17
-0.365079
-61.4277
-165.544
-119.627
-21.0607
-0.00160956
-3.4885
-79.9471
-165.377
-148.974
-125.471
-93.1732
-36.549
-18.8531
-4.02035
-4.07279e-06
-2.51659e-23
-1.82852e-23
-1.31612e-23
-8.52643e-24
-6.9836e-24
-2.81947e-24
-5.48279e-24
-1.08403e-23
-1.88356e-23
-3.26297e-23
-0.108961
-55.082
-26.7132
-34.1258
-96.7838
-130.294
-146.696
-152.462
-145.268
-65.547
-11.9319
-43.2589
-133.268
-119.779
-40.5851
-0.0359148
-2.29116e-23
-1.20824e-23
-4.60814e-24
-7.94609e-25
-7.94361e-25
-4.60719e-24
-1.20802e-23
-2.29074e-23
-0.0355919
-40.703
-120.105
-133.674
-43.4244
-11.8933
-65.413
-145.026
-152.28
-146.597
-130.32
-96.4066
-34.1883
-25.3265
-56.4394
-0.0644527
-3.1628e-23
-1.84615e-23
-1.07084e-23
-5.46147e-24
-2.86473e-24
-9.33222e-25
-4.14879e-24
-9.60716e-24
-1.80935e-23
-3.33723e-23
-0.138344
-81.138
-42.9817
-28.3016
-73.3652
-142.93
-156.71
-153.523
-140.556
-117.771
-52.2335
-61.8322
-138.441
-108.704
-49.828
-0.00137683
-2.14229e-23
-1.1372e-23
-4.82368e-24
-1.56617e-24
-1.56599e-24
-4.82308e-24
-1.13709e-23
-2.14215e-23
-0.0013754
-49.9406
-108.939
-138.77
-62.0252
-52.1267
-117.485
-140.271
-153.228
-156.422
-142.038
-73.6639
-28.6724
-39.397
-162.36
-0.0831936
-3.18303e-23
-1.74787e-23
-9.35818e-24
-4.06555e-24
-9.22071e-25
-1.30986e-24
-4.28608e-24
-9.02829e-24
-1.50708e-23
-2.39287e-23
-1.02642e-05
-0.105894
-0.179181
-0.02845
-8.46718
-84.1857
-178.565
-165.802
-148.932
-128.514
-105.389
-104.733
-157.981
-98.7647
-40.838
-0.000552063
-1.98632e-23
-1.11934e-23
-5.79524e-24
-3.13644e-24
-3.13636e-24
-5.79498e-24
-1.1193e-23
-1.9863e-23
-0.000546759
-40.8688
-98.9161
-158.206
-104.823
-105.262
-128.281
-148.619
-165.356
-177.858
-83.6493
-8.95485
-0.0275808
-0.16258
-0.0800846
-6.22903e-06
-2.28347e-23
-1.46144e-23
-8.83951e-24
-4.22966e-24
-1.32205e-24
-4.03837e-24
-6.48828e-24
-1.09028e-23
-1.41066e-23
-1.55172e-23
-1.54798e-23
-9.924e-24
-6.12226e-24
-9.68747e-16
-0.00092836
-51.6696
-122.364
-188.067
-164.591
-149.329
-138.554
-142.753
-175.637
-116.939
-70.8496
-0.00586005
-1.81774e-23
-1.16659e-23
-7.83394e-24
-5.82512e-24
-5.82513e-24
-7.83393e-24
-1.16659e-23
-1.81772e-23
-0.00580313
-70.9077
-117.039
-175.765
-142.787
-138.467
-149.135
-164.279
-187.52
-121.922
-51.9315
-0.00101401
-1.2898e-15
-6.51434e-24
-1.02615e-23
-1.52224e-23
-1.53365e-23
-1.40353e-23
-1.09013e-23
-6.53106e-24
-4.14207e-24
-8.57765e-24
-1.14817e-23
-1.80075e-23
-2.02006e-23
-1.73802e-23
-1.23934e-23
-7.33206e-24
-4.54792e-24
-4.15462e-24
-1.79056e-09
-0.140482
-42.8599
-165.469
-175.337
-170.185
-164.836
-163.567
-162.835
-138.327
-46.8064
-0.0631492
-8.53307e-23
-1.33349e-23
-1.16152e-23
-1.00266e-23
-1.00267e-23
-1.16155e-23
-1.33351e-23
-8.18369e-23
-0.0628311
-46.8328
-138.403
-162.9
-163.579
-164.768
-170.034
-175.118
-165.281
-42.8696
-0.144157
-1.9304e-09
-4.38575e-24
-4.90004e-24
-7.79895e-24
-1.28154e-23
-1.77551e-23
-2.0512e-23
-1.82413e-23
-1.16545e-23
-8.79394e-24
-1.28978e-23
-1.96165e-23
-3.52669e-23
-3.88898e-23
-3.19189e-23
-2.24664e-23
-1.46244e-23
-9.50937e-24
-6.37997e-24
-4.62266e-24
-2.85699e-07
-25.2692
-143.261
-214.695
-194.283
-190.722
-186.943
-182.806
-176.409
-84.2629
-3.60611
-2.63e-11
-1.80972e-23
-1.86699e-23
-1.59732e-23
-1.59735e-23
-1.86706e-23
-1.80979e-23
-2.58432e-11
-3.60476
-84.3022
-176.486
-182.863
-186.961
-190.681
-194.163
-214.436
-143.047
-25.3737
-2.95797e-07
-4.73675e-24
-6.59379e-24
-9.88967e-24
-1.52012e-23
-2.31886e-23
-3.26988e-23
-3.96004e-23
-3.578e-23
-1.99122e-23
-1.31834e-23
-1.345e-23
-2.99608e-23
-0.000417043
-1.77405
-1.29198
-0.0521857
-0.0745952
-0.0382795
-0.00110768
-0.000337467
-0.00100601
-2.44847
-59.8955
-156.28
-207.473
-220.211
-213.69
-207.512
-228.448
-147.461
-33.6512
-4.35445e-06
-3.76021e-09
-2.987e-07
-1.2618e-09
-1.26822e-09
-3.00202e-07
-3.77671e-09
-4.33072e-06
-33.6843
-147.512
-228.528
-207.578
-213.735
-220.226
-207.448
-156.141
-59.763
-2.46939
-0.00102038
-0.000341935
-0.00114012
-0.0403193
-0.0793586
-0.055614
-1.3712
-1.87312
-0.000438894
-3.03353e-23
-1.37045e-23
-8.34733e-24
-3.24569e-23
-0.505757
-86.5149
-28.2935
-7.20936
-22.5657
-35.3936
-31.2522
-34.916
-35.9293
-26.0357
-38.9588
-135.013
-290.822
-279.582
-245.405
-208.906
-175.287
-138.74
-40.711
-1.75162
-0.819856
-37.3614
-0.0113305
-0.0113398
-37.3476
-0.81992
-1.75281
-40.7285
-138.793
-175.354
-208.986
-245.5
-279.701
-291.04
-135.153
-39.063
-26.2869
-36.2792
-35.2721
-31.5865
-35.7894
-22.821
-7.28903
-28.625
-87.4542
-0.529735
-3.27584e-23
-8.47398e-24
-6.99649e-24
-4.91262e-23
-1.01014
-5.86355
-29.1086
-29.6326
-56.5071
-87.8231
-84.3387
-87.7889
-89.2283
-86.3515
-103.892
-291.292
-104959
-41534.5
-19483.9
-14230.2
-10228.4
-6118.48
-2437.92
-628.117
-315.043
-145.462
-0.810704
-0.810579
-145.494
-315.126
-628.372
-2438.94
-6120.94
-10232.6
-14236.5
-19494.3
-41569.9
-105082
-292.021
-104.463
-87.1042
-90.0863
-88.6818
-85.2303
-88.769
-57.1111
-29.9352
-29.3849
-5.91315
-1.05322
-4.94833e-23
-7.04635e-24
