-7.79514e-24
-5.69582e-23
-0.0177084
-107.307
-282.822
-303.048
-711.465
-408.991
-326.358
-341.798
-350.72
-264.669
-133.294
-301.557
-105907
-41773.9
-19522.1
-14214.9
-10170.8
-6051.45
-2394.59
-611.587
-303.809
-137.342
-0.687255
-0.684374
-137.477
-304.311
-613.424
-2404.4
-6078.07
-10215.4
-14275
-19600.2
-41928.5
-106281
-302.53
-133.539
-269.087
-359.057
-351.017
-335.867
-422.043
-713.461
-304.274
-283.939
-107.694
-0.0173876
-5.71487e-23
-7.8208e-24
-8.89305e-24
-3.34625e-23
-0.0132833
-267.187
-216.596
-70.242
-227.925
-105.748
-53.7667
-51.4656
-59.2359
-67.7435
-34.8233
-133.839
-291.584
-280.59
-246.203
-209.019
-174.483
-137.454
-40.0207
-1.66799
-0.806312
-51.3933
-0.00668453
-0.0066938
-51.4414
-0.80667
-1.6728
-40.2063
-138.115
-175.286
-209.931
-247.21
-281.655
-292.604
-134.293
-34.9516
-69.485
-61.7499
-53.7309
-55.8708
-108.316
-228.927
-70.5717
-217.693
-268.427
-0.0130422
-3.35987e-23
-8.94784e-24
-1.2724e-23
-2.71451e-23
-2.0485e-05
-0.0425748
-0.0216402
-0.000156822
-0.000455387
-0.00125253
-0.000279813
-0.000151343
-0.000365974
-1.90172
-60.1824
-156.612
-208.373
-221.565
-215.189
-208.423
-227.012
-145.43
-29.3369
-3.95493e-06
-1.11498e-09
-7.71235e-08
-3.22833e-10
-3.33723e-10
-7.96803e-08
-1.1472e-09
-3.78124e-06
-29.3617
-146.196
-228.14
-209.368
-216.093
-222.404
-209.075
-157.102
-60.3689
-1.90483
-0.000346341
-0.000142427
-0.00026575
-0.00121508
-0.000445573
-0.000154238
-0.021294
-0.0418723
-2.01351e-05
-2.72813e-23
-1.28183e-23
-1.18206e-23
-1.83899e-23
-3.30556e-23
-1.44411e-22
-1.05973e-22
-3.29252e-23
-2.45453e-23
-1.77232e-23
-1.25374e-23
-9.12674e-24
-3.9609e-07
-25.6542
-145.948
-217.412
-195.9
-192.535
-189.638
-185.918
-173.685
-78.184
-2.59499
-3.47558e-11
-1.80758e-23
-1.8291e-23
-1.55065e-23
-1.55053e-23
-1.82892e-23
-1.80744e-23
-3.11902e-11
-2.56485
-78.6761
-174.572
-186.773
-190.469
-193.263
-196.496
-217.947
-146.281
-25.8519
-3.88995e-07
-9.26232e-24
-1.27239e-23
-1.79991e-23
-2.49184e-23
-3.33323e-23
-1.08321e-22
-1.47739e-22
-3.3234e-23
-1.84902e-23
-1.19171e-23
-7.98156e-24
-1.15567e-23
-1.93126e-23
-2.45787e-23
-2.52901e-23
-2.20371e-23
-1.72867e-23
-1.36853e-23
-1.24601e-23
-3.05517e-09
-0.171707
-41.1255
-165.563
-176.608
-171.431
-166.34
-167.61
-173.676
-135.547
-62.8463
-0.0402061
-2.24945e-22
-1.32201e-23
-1.13323e-23
-9.67177e-24
-9.67077e-24
-1.13294e-23
-1.32149e-23
-1.82979e-22
-0.0392487
-62.6366
-136.427
-174.435
-168.439
-166.989
-171.869
-176.896
-165.803
-41.0866
-0.172544
-2.97777e-09
-1.27235e-23
-1.40619e-23
-1.77842e-23
-2.23761e-23
-2.54984e-23
-2.46985e-23
-1.9382e-23
-1.16046e-23
-8.04519e-24
-3.98398e-24
-7.15875e-24
-1.28977e-23
-1.81512e-23
-2.16111e-23
-2.28098e-23
-1.95052e-23
-1.66399e-23
-1.80116e-16
-0.00154675
-53.1714
-124.561
-191.207
-166.607
-150.125
-137.882
-144.4
-184.321
-118.577
-61.5522
-0.00438024
-1.78948e-23
-1.13747e-23
-7.52221e-24
-5.50697e-24
-5.506e-24
-7.51891e-24
-1.13678e-23
-1.78822e-23
-0.00418673
-61.9492
-119.575
-185.702
-145.447
-138.468
-150.361
-166.724
-191.329
-124.674
-53.3218
-0.00150827
-1.48184e-16
-1.72412e-23
-2.0397e-23
-2.28182e-23
-2.15139e-23
-1.80729e-23
-1.28557e-23
-7.14938e-24
-4.00203e-24
-1.48799e-24
-5.09169e-24
-1.08648e-23
-1.79199e-23
-2.64432e-23
-2.11806e-05
-0.0624718
-0.0425042
-0.0064475
-22.2849
-71.1596
-172.935
-166.866
-151.912
-129.879
-100.151
-103.487
-163.284
-99.7027
-39.9278
-0.000557372
-1.90445e-23
-1.06253e-23
-5.39012e-24
-2.82033e-24
-2.81971e-24
-5.38738e-24
-1.06179e-23
-1.90282e-23
-0.000527359
-40.0002
-100.446
-164.583
-104.695
-100.687
-129.707
-151.758
-166.779
-172.924
-71.1882
-22.0995
-0.00673756
-0.0297847
-0.0349724
-1.13889e-05
-2.57463e-23
-1.76111e-23
-1.0726e-23
-5.0403e-24
-1.4764e-24
-1.00354e-24
-4.92928e-24
-1.13748e-23
-2.04404e-23
-3.38112e-23
-0.0770187
-171.809
-218.847
-91.8364
-51.5321
-119.296
-156.381
-157.858
-147.76
-112.7
-46.6862
-60.2945
-169.036
-116.701
-44.6161
-0.000601858
-2.01074e-23
-1.04865e-23
-4.30431e-24
-1.26165e-24
-1.26209e-24
-4.30409e-24
-1.04816e-23
-2.00927e-23
-0.000594518
-44.8553
-117.777
-169.631
-61.5166
-46.1304
-112.617
-147.343
-157.617
-156.156
-119.25
-51.2755
-95.1888
-208.064
-167.655
-0.0419489
-3.29174e-23
-2.00593e-23
-1.12156e-23
-4.87723e-24
-1.00209e-24
-2.41648e-24
-6.21324e-24
-1.31381e-23
-2.27377e-23
-3.65296e-23
-0.0258003
-186.057
-205.965
-106.893
-74.3565
-146.781
-157.734
-161.329
-142.432
-84.7929
-11.0031
-100.393
-169.202
-152.834
-80.0539
-0.00912449
-2.11205e-23
-1.07991e-23
-3.9652e-24
-5.52798e-25
-5.55409e-25
-3.97023e-24
-1.07992e-23
-2.11044e-23
-0.00947315
-80.0182
-152.807
-169.593
-99.0093
-11.0038
-84.5742
-142.44
-161.119
-157.513
-146.537
-74.3168
-104.507
-195.177
-173.389
-0.0161961
-3.61199e-23
-2.25405e-23
-1.30626e-23
-6.21e-24
-2.47027e-24
-5.38327e-24
-8.82137e-24
-1.60719e-23
-2.47098e-23
-3.52358e-23
-3.50885e-07
-0.109323
-171.179
-71.4456
-104.394
-157.939
-167.468
-171.457
-76.0118
-2.59634
-0.000382092
-12.6122
-132.397
-185.982
-78.4634
-0.128094
-9.89156e-17
-1.15565e-23
-4.22858e-24
-4.96202e-25
-5.02841e-25
-4.2434e-24
-1.15686e-23
-8.03315e-17
-0.13327
-76.5639
-187.874
-133.257
-13.0647
-0.000394028
-2.60345
-76.0925
-171.392
-167.276
-157.593
-104.252
-70.2452
-168.478
-0.122435
-3.4706e-07
-3.53358e-23
-2.47552e-23
-1.61216e-23
-8.89367e-24
-5.52067e-24
-9.26881e-24
-1.30663e-23
-2.13786e-23
-2.84509e-23
-3.46934e-23
-3.56039e-14
-0.00363999
-86.8842
-51.7053
-135.937
-161.447
-185.971
-107.322
-22.5379
-1.21561e-05
-3.48506e-14
-0.174768
-65.2469
-158.676
-79.383
-7.38199
-4.92989e-08
-1.3327e-23
-5.04457e-24
-9.34522e-25
-9.48462e-25
-5.07551e-24
-1.33611e-23
-4.87121e-08
-7.58537
-80.6864
-160.329
-66.4434
-0.183365
-3.29624e-14
-1.24185e-05
-22.5761
-107.305
-185.86
-161.354
-135.932
-51.9747
-87.2107
-0.00366265
-3.55836e-14
-3.502e-23
-2.86656e-23
-2.15354e-23
-1.32139e-23
-9.49355e-24
-1.26589e-23
-1.98567e-23
-5.99603e-22
-9.73005e-20
-1.04121e-11
-0.000338927
-9.71618
-113.221
-86.5604
-148.737
-170.27
-115.259
-66.584
-0.0226869
-1.48444e-13
-3.61005e-24
-0.00257332
-84.7265
-163.676
-129.949
-62.3167
-0.000327289
-1.52616e-23
-6.09041e-24
-1.68214e-24
-1.71002e-24
-6.1428e-24
-1.52983e-23
-0.000338327
-61.8286
-130.129
-165.028
-83.9031
-0.00271925
-3.60338e-24
-1.53841e-13
-0.0228985
-66.6202
-115.297
-170.284
-148.77
-86.5856
-113.613
-9.55042
-0.000327083
-9.5522e-12
-8.06024e-20
-4.8828e-22
-2.00649e-23
-1.29506e-23
-1.29192e-23
-1.41826e-06
-0.0238392
-0.211924
-0.265744
-18.2111
-216.251
-235.947
-101.117
-128.07
-142.375
-77.5474
-5.61335
-1.48473e-07
-3.60642e-24
-3.76629e-24
-1.5851e-05
-34.3582
-150.063
-164.353
-75.356
-0.00863898
-1.56108e-23
-7.044e-24
-2.61653e-24
-2.67713e-24
-7.13208e-24
-1.55967e-23
-0.00919199
-76.5509
-165.069
-150.733
-35.1692
-1.73268e-05
-3.78787e-24
-3.60706e-24
-1.49249e-07
-5.6127
-77.6778
-142.772
-128.289
-101.851
-238.685
-216.966
-18.2631
-0.25019
-0.198182
-0.0224766
-1.39871e-06
-1.32255e-23
-7.38962e-24
-0.012283
-201.862
-206.478
-148.399
-223.561
-227.107
-305.176
-343.131
-182.624
-136.514
-194.852
-0.196165
-7.78613e-16
-2.32991e-24
-3.10304e-24
-3.19478e-10
-5.12045
-61.3006
-106.827
-30.8283
-4.66263
-1.19855e-11
-8.46235e-24
-3.77061e-24
-3.92442e-24
-8.65066e-24
-1.5784e-11
-5.30252
-31.8163
-108.315
-62.0996
-5.74305
-3.43191e-10
-3.14089e-24
-2.34103e-24
-8.03238e-16
-0.196319
-195.216
-136.788
-183.266
-344.9
-305.409
-227.691
-224.659
-149.807
-208.792
-203.867
-0.0185071
-7.59654e-24
-3.69723e-24
-0.00981736
-165.684
-181.377
-136.566
-393.869
-229.711
-225.221
-509.496
-577.328
-589.084
-252.449
-0.0296107
-3.92418e-20
-1.36325e-24
-2.49432e-24
-2.34717e-18
-0.885406
-36.3811
-75.3053
-46.7205
-32.2666
-0.0004648
-1.48396e-20
-4.96017e-24
-5.40796e-24
-3.97389e-21
-0.00048141
-31.559
-47.9985
-76.9353
-37.021
-1.02643
-2.86281e-18
-2.5209e-24
-1.37801e-24
-3.97535e-20
-0.0297301
-252.859
-589.143
-577.87
-509.685
-225.491
-230.636
-396.088
-137.358
-182.816
-166.701
-0.0192295
-3.73901e-24
-3.63755e-24
-8.524e-07
-0.0124731
-0.105358
-0.269136
-7.58914
-106.905
-204.081
-407.923
-476.528
-472.239
-221.476
-0.00221663
-1.35248e-21
-6.82713e-25
-2.8753e-24
-6.49117e-07
-13.888
-20.028
-35.2671
-40.1169
-16.8869
-19.3495
-0.00873545
-4.83466e-09
-2.67778e-08
-0.0199694
-19.485
-17.7341
-41.5932
-36.0305
-20.2282
-14.5078
-5.95256e-07
-2.87814e-24
-6.95965e-25
-1.38658e-21
-0.00223459
-221.836
-472.77
-476.584
-407.161
-203.832
-106.636
-7.56508
-0.245159
-0.134687
-0.0242397
-2.34292e-06
-3.6731e-24
-3.11201e-24
-1.15731e-23
-3.32882e-23
-2.37102e-19
-6.45584e-10
-0.27887
-16.7697
-27.5783
-37.436
-65.3848
-37.4611
-59.5456
-0.0526837
-3.06154e-15
-5.33168e-25
-3.78909e-24
-0.0108786
-46.5209
-43.8893
-17.1666
-17.362
-21.8699
-28.6828
-89.6366
-0.00420674
-0.0162571
-63.8323
-32.8582
-23.418
-18.1347
-17.4321
-43.7027
-46.5823
-0.010264
-3.76477e-24
-5.48339e-25
-3.05835e-15
-0.0531406
-59.205
-37.5004
-64.9616
-37.3397
-27.4717
-16.6743
-0.284089
-5.97393e-10
-1.62886e-19
-1.97426e-23
-1.16085e-23
-3.13966e-24
-2.55675e-24
-9.91841e-24
-1.97407e-23
-2.74425e-23
-0.000836897
-44.8259
-27.1673
-42.2173
-32.776
-14.7722
-46.4606
-22.7047
-21.5608
-0.000593149
-2.49963e-24
-5.87066e-24
-0.0323799
-82.444
-49.7745
-6.31664
-22.8281
-16.1617
-18.767
-96.5134
-0.171095
-0.46028
-55.291
-21.1513
-16.8745
-22.9888
-6.33581
-49.371
-93.1878
-0.0316464
-5.83851e-24
-2.53316e-24
-0.000609109
-21.6483
-22.7438
-46.5422
-14.7716
-32.7558
-42.1464
-27.1662
-44.7848
-0.000852756
-2.73582e-23
-1.96696e-23
-9.91041e-24
-2.57257e-24
-2.54498e-24
-1.14442e-23
-2.71263e-23
-1.2336e-06
-14.2316
-26.793
-40.3787
-29.5941
-18.3698
-9.04806
-55.2473
-32.1114
-50.3422
-5.54065
-2.71925e-07
-1.28172e-23
-7.95703e-06
-1.00231
-8.99778
-1.24067
-0.625128
-1.88517
-6.08919
-1.45243
-0.000426192
-0.00103798
-3.32853
-10.6773
-1.86145
-0.613111
-1.19358
-8.89079
-1.00617
-8.02412e-06
-1.27641e-23
-2.78813e-07
-5.67196
-50.453
-32.1679
-55.3079
-9.04057
-18.3549
-29.5648
-40.3537
-26.779
-14.4249
-1.25744e-06
-2.70669e-23
-1.1428e-23
-2.55391e-24
-3.13916e-24
-1.43191e-23
-3.7979e-23
-0.00652854
-18.7541
-27.6684
-29.783
-24.4482
-3.55428
-27.972
-34.7686
-48.415
-18.3723
-26.7823
-0.170899
-2.41425e-23
-3.62282e-23
-6.12119e-23
-8.17612e-23
-9.36181e-23
-1.00498e-22
-1.05085e-22
-1.05422e-22
-9.55983e-23
-7.9519e-23
-8.06304e-23
-9.72563e-23
-1.06163e-22
-1.05083e-22
-1.00381e-22
-9.35073e-23
-8.15528e-23
-6.0919e-23
-3.60363e-23
-2.41347e-23
-0.175098
-26.8063
-18.4032
-48.4776
-34.8734
-27.9501
-3.56495
-24.4292
-29.7633
-27.6499
-18.7341
-0.00661371
-3.79231e-23
-1.43031e-23
-3.14618e-24
-4.29888e-24
-1.67631e-23
-4.59296e-23
-0.721443
-16.0123
-24.1313
-20.8558
-2.61814
-1.23653e-05
-0.0192133
-77.0303
-10.0404
-18.9595
-62.0373
-2.50503
-4.26436e-23
-3.63956e-23
-4.36849e-23
-5.32139e-23
-6.04954e-23
-6.52169e-23
-6.77076e-23
-6.7422e-23
-6.35812e-23
-5.88052e-23
-5.91366e-23
-6.41876e-23
-6.78154e-23
-6.78338e-23
-6.52132e-23
-6.04293e-23
-5.30908e-23
-4.35391e-23
-3.62999e-23
-4.26422e-23
-2.56691
-62.311
-18.9844
-10.0334
-76.8493
-0.0192405
-1.23843e-05
-2.63678
-20.8436
-24.1163
-16.0019
-0.726922
-4.58814e-23
-1.67499e-23
-4.30498e-24
-5.4928e-24
-1.72152e-23
-4.65525e-23
-0.543487
-37.9675
-21.2007
-1.26207
-7.54246e-07
-2.30443e-23
-2.57477e-09
-0.00129947
-0.124585
-3.37783
-4.55454
-0.00247608
-4.83542e-23
-3.37533e-23
-3.17448e-23
-3.39662e-23
-3.68293e-23
-3.90621e-23
-4.02448e-23
-4.01369e-23
-3.88106e-23
-3.7375e-23
-3.74834e-23
-3.90347e-23
-4.03206e-23
-4.03357e-23
-3.90806e-23
-3.67994e-23
-3.39027e-23
-3.16708e-23
-3.36994e-23
-4.8341e-23
-0.00254237
-4.66441
-3.4413
-0.12489
-0.00129477
-2.55275e-09
-2.30388e-23
-7.58763e-07
-1.26929
-21.19
-37.9454
-0.546518
-4.65142e-23
-1.7204e-23
-5.49596e-24
-5.30698e-24
-1.42735e-23
-3.67596e-23
-0.000269961
-0.581703
-0.110857
-7.2607e-07
-2.47888e-23
-1.81407e-23
-2.11045e-23
-2.97386e-23
-3.90926e-23
-4.69529e-23
-5.11774e-23
-4.61082e-23
-3.21037e-23
-2.37414e-23
-2.02901e-23
-1.95402e-23
-1.98708e-23
-2.0391e-23
-2.06707e-23
-2.05338e-23
-2.00454e-23
-1.95906e-23
-1.96276e-23
-2.01283e-23
-2.06128e-23
-2.07189e-23
-2.04059e-23
-1.98591e-23
-1.95107e-23
-2.02551e-23
-2.37139e-23
-3.20917e-23
-4.61111e-23
-5.11794e-23
-4.69511e-23
-3.90913e-23
-2.9738e-23
-2.11019e-23
-1.81358e-23
-2.47807e-23
-7.28703e-07
-0.111362
-0.58454
-0.000271371
-3.67308e-23
-1.42632e-23
-5.30584e-24
-3.24289e-24
-8.72979e-24
-1.86873e-23
-2.9844e-23
-2.88796e-23
-2.26714e-23
-1.63066e-23
-1.0819e-23
-8.39627e-24
-8.73748e-24
-1.10129e-23
-1.41491e-23
-1.74414e-23
-2.01069e-23
-2.00916e-23
-1.67781e-23
-1.32476e-23
-1.07496e-23
-9.31639e-24
-8.58653e-24
-8.20658e-24
-7.93956e-24
-7.66659e-24
-7.38343e-24
-7.19052e-24
-7.2028e-24
-7.41244e-24
-7.69688e-24
-7.96019e-24
-8.21408e-24
-8.58225e-24
-9.30428e-24
-1.07352e-23
-1.32364e-23
-1.67727e-23
-2.00908e-23
-2.01065e-23
-1.74398e-23
-1.41472e-23
-1.10107e-23
-8.73482e-24
-8.39292e-24
-1.08141e-23
-1.62983e-23
-2.26569e-23
-2.88568e-23
-2.98172e-23
-1.86688e-23
-8.72073e-24
-3.23906e-24
-1.24423e-24
-4.91824e-24
-9.08381e-24
-1.0123e-23
-6.10273e-24
-2.52905e-24
-1.85354e-24
-1.72691e-24
-1.4963e-24
-1.45532e-24
-1.83271e-24
-2.81139e-24
-4.59569e-24
-6.949e-24
-8.59261e-24
-8.42824e-24
-7.03475e-24
-5.35559e-24
-3.92642e-24
-2.87508e-24
-2.14018e-24
-1.6224e-24
-1.24728e-24
-9.84107e-25
-8.42735e-25
-8.45484e-25
-9.90666e-25
-1.25413e-24
-1.62674e-24
-2.14094e-24
-2.87265e-24
-3.92225e-24
-5.35168e-24
-7.03288e-24
-8.42899e-24
-8.59499e-24
-6.95122e-24
-4.59685e-24
-2.81154e-24
-1.83219e-24
-1.45458e-24
-1.49548e-24
-1.72588e-24
-1.85172e-24
-2.52483e-24
-6.09345e-24
-1.01093e-23
-9.07166e-24
-4.9114e-24
-1.24131e-24
-1.24114e-24
-4.91556e-24
-9.0798e-24
-1.01169e-23
-6.09517e-24
-2.52166e-24
-1.84744e-24
-1.72212e-24
-1.49215e-24
-1.45107e-24
-1.8278e-24
-2.80562e-24
-4.58917e-24
-6.94218e-24
-8.58589e-24
-8.42114e-24
-7.02635e-24
-5.34506e-24
-3.91291e-24
-2.85726e-24
-2.11587e-24
-1.58875e-24
-1.20154e-24
-9.24912e-25
-7.71906e-25
-7.69092e-25
-9.17668e-25
-1.19259e-24
-1.58061e-24
-2.10995e-24
-2.854e-24
-3.91224e-24
-5.34676e-24
-7.0302e-24
-8.42674e-24
-8.59244e-24
-6.9485e-24
-4.59437e-24
-2.8095e-24
-1.83053e-24
-1.45313e-24
-1.49402e-24
-1.72418e-24
-1.84965e-24
-2.52253e-24
-6.09113e-24
-1.01072e-23
-9.0707e-24
-4.9117e-24
-1.24311e-24
-3.23453e-24
-8.72258e-24
-1.8676e-23
-2.98251e-23
-2.88544e-23
-2.26472e-23
-1.62879e-23
-1.08055e-23
-8.38495e-24
-8.72567e-24
-1.09989e-23
-1.41325e-23
-1.74228e-23
-2.00884e-23
-2.00745e-23
-1.67597e-23
-1.32246e-23
-1.07201e-23
-9.27915e-24
-8.53824e-24
-8.14034e-24
-7.84525e-24
-7.53283e-24
-7.20219e-24
-6.96509e-24
-6.95444e-24
-7.17587e-24
-7.50298e-24
-7.82136e-24
-8.12604e-24
-8.5332e-24
-9.28124e-24
-1.07267e-23
-1.32335e-23
-1.67699e-23
-2.00854e-23
-2.00993e-23
-1.74328e-23
-1.41415e-23
-1.10063e-23
-8.731e-24
-8.38887e-24
-1.0809e-23
-1.62912e-23
-2.26479e-23
-2.88465e-23
-2.98065e-23
-1.8664e-23
-8.72128e-24
-3.24484e-24
-5.29587e-24
-1.42645e-23
-3.67449e-23
-0.000270212
-0.582052
-0.110882
-7.25704e-07
-2.47699e-23
-1.81257e-23
-2.10877e-23
-2.97172e-23
-3.9067e-23
-4.69256e-23
-5.11543e-23
-4.60934e-23
-3.20828e-23
-2.37087e-23
-2.02462e-23
-1.9488e-23
-1.98083e-23
-2.03057e-23
-2.05407e-23
-2.03289e-23
-1.97349e-23
-1.91679e-23
-1.91387e-23
-1.96658e-23
-2.02576e-23
-2.04909e-23
-2.02807e-23
-1.9803e-23
-1.94958e-23
-2.02607e-23
-2.37247e-23
-3.2098e-23
-4.61081e-23
-5.11693e-23
-4.69394e-23
-3.90829e-23
-2.97329e-23
-2.10974e-23
-1.81302e-23
-2.47727e-23
-7.29609e-07
-0.111509
-0.585279
-0.000271693
-3.67154e-23
-1.42625e-23
-5.31617e-24
-5.48209e-24
-1.72089e-23
-4.65468e-23
-0.544242
-37.9559
-21.1921
-1.26308
-7.54394e-07
-2.3031e-23
-2.55737e-09
-0.00129716
-0.124802
-3.41857
-4.62681
-0.00252119
-4.83462e-23
-3.37134e-23
-3.16864e-23
-3.39105e-23
-3.67827e-23
-3.90059e-23
-4.01398e-23
-3.99168e-23
-3.83802e-23
-3.66728e-23
-3.65941e-23
-3.82024e-23
-3.97567e-23
-4.00497e-23
-3.89721e-23
-3.6784e-23
-3.3932e-23
-3.17155e-23
-3.37397e-23
-4.83649e-23
-0.00257212
-4.71122
-3.46923
-0.125553
-0.00130547
-2.58636e-09
-2.30332e-23
-7.595e-07
-1.27088
-21.1816
-37.9272
-0.547034
-4.64796e-23
-1.71988e-23
-5.50988e-24
-4.29037e-24
-1.67621e-23
-4.59375e-23
-0.723587
-16.0093
-24.1266
-20.8512
-2.62161
-1.23684e-05
-0.0192162
-76.9579
-10.0394
-18.9847
-62.3237
-2.54346
-4.26603e-23
-3.63378e-23
-4.35965e-23
-5.31661e-23
-6.05161e-23
-6.52776e-23
-6.77587e-23
-6.73521e-23
-6.31358e-23
-5.7703e-23
-5.74847e-23
-6.26656e-23
-6.70054e-23
-6.76299e-23
-6.52577e-23
-6.05422e-23
-5.32163e-23
-4.36519e-23
-3.63774e-23
-4.26765e-23
-2.58552
-62.5109
-18.9867
-10.0314
-76.7145
-0.0193301
-1.24037e-05
-2.63804
-20.8307
-24.1008
-15.992
-0.727315
-4.5823e-23
-1.67367e-23
-4.31978e-24
-3.13276e-24
-1.43226e-23
-3.79987e-23
-0.00656379
-18.7573
-27.6658
-29.7793
-24.4393
-3.55491
-27.9735
-34.8042
-48.4432
-18.3907
-26.7999
-0.173204
-2.41526e-23
-3.60999e-23
-6.10385e-23
-8.17408e-23
-9.3798e-23
-1.00811e-22
-1.05534e-22
-1.05956e-22
-9.56564e-23
-7.79838e-23
-7.73456e-23
-9.43344e-23
-1.05243e-22
-1.05494e-22
-1.0089e-22
-9.38824e-23
-8.18431e-23
-6.11463e-23
-3.6165e-23
-2.41657e-23
-0.175411
-26.7684
-18.3966
-48.4569
-34.8722
-27.93
-3.56115
-24.4041
-29.7395
-27.6281
-18.7113
-0.00661106
-3.78446e-23
-1.42816e-23
-3.15998e-24
-2.53878e-24
-1.14491e-23
-2.71514e-23
-1.24211e-06
-14.3206
-26.7951
-40.3787
-29.578
-18.3463
-9.05093
-55.2934
-32.1384
-50.4104
-5.59938
-2.74241e-07
-1.27848e-23
-8.16806e-06
-1.00768
-8.81246
-1.18987
-0.65356
-2.31832
-6.34769
-1.20268
-0.000258312
-0.000342839
-1.20792
-5.58185
-1.87973
-0.650737
-1.23205
-9.32008
-1.07818
-8.8882e-06
-1.28031e-23
-2.75837e-07
-5.64738
-50.4461
-32.1556
-55.3075
-9.03974
-18.3144
-29.5255
-40.3214
-26.7569
-14.4031
-1.25486e-06
-2.69793e-23
-1.14029e-23
-2.56967e-24
-2.54776e-24
-9.91874e-24
-1.97645e-23
-2.74889e-23
-0.000845428
-44.8654
-27.1913
-42.1805
-32.7443
-14.7671
-46.5161
-22.7211
-21.6301
-0.000601059
-2.52804e-24
-5.85321e-24
-0.0324489
-93.0494
-49.224
-6.36281
-22.9641
-16.2906
-19.0723
-94.6194
-0.0801486
-0.122974
-138.629
-18.2441
-16.4638
-22.972
-6.37779
-49.4874
-89.5042
-0.0341338
-5.86068e-24
-2.52082e-24
-0.000606776
-21.6197
-22.7324
-46.5486
-14.7534
-32.6908
-42.0771
-27.166
-44.6715
-0.000851686
-2.72336e-23
-1.95724e-23
-9.89227e-24
-2.59888e-24
-3.09871e-24
-1.15557e-23
-1.98903e-23
-1.66344e-19
-6.01368e-10
-0.282446
-16.7937
-27.533
-37.3732
-65.22
-37.4587
-59.4316
-0.0527766
-3.05663e-15
-5.44732e-25
-3.76918e-24
-0.0106315
-45.8707
-43.7291
-17.2237
-17.5364
-22.0858
-28.6353
-112.341
-0.00178951
-0.0031265
-107.985
-27.8402
-21.8673
-17.4255
-17.2415
-43.9005
-46.3343
-0.0107441
-3.77896e-24
-5.42606e-25
-2.98851e-15
-0.0527536
-59.15
-37.4561
-64.8753
-37.2496
-27.4152
-16.6889
-0.285858
-5.57159e-10
-1.38028e-19
-1.95924e-23
-1.16269e-23
-3.18467e-24
-3.62441e-24
-1.50111e-06
-0.0177512
-0.120021
-0.252673
-7.57539
-106.801
-204.197
-407.336
-476.158
-472.186
-221.586
-0.00221316
-1.34392e-21
-6.92474e-25
-2.87263e-24
-6.31753e-07
-13.8404
-20.0966
-35.5213
-40.6158
-17.1791
-21.6731
-0.00479682
-7.39361e-10
-3.12505e-09
-0.00631428
-19.3084
-16.9707
-40.2737
-35.3422
-20.0131
-14.1658
-5.81167e-07
-2.8792e-24
-6.91453e-25
-1.31439e-21
-0.00220779
-221.718
-472.206
-475.712
-406.276
-203.826
-106.462
-7.48038
-0.230481
-0.135578
-0.0270325
-2.81298e-06
-3.72838e-24
-3.69554e-24
-0.0134542
-165.703
-181.362
-136.862
-394.656
-230.342
-225.89
-510
-578.999
-590.721
-252.776
-0.0295344
-3.89074e-20
-1.37536e-24
-2.50651e-24
-4.35792e-18
-0.884989
-36.6387
-75.964
-47.2677
-33.5522
-0.000515191
-7.06091e-21
-4.56941e-24
-4.57903e-24
-5.25389e-21
-0.00044136
-33.2607
-46.9268
-75.5344
-36.4709
-0.987109
-1.80258e-18
-2.51021e-24
-1.37369e-24
-3.77347e-20
-0.0293385
-253.009
-590.771
-579.53
-509.817
-226.046
-231.172
-396.861
-137.746
-183.742
-166.576
-0.0226443
-3.76537e-24
-7.39661e-24
-0.0138831
-202.518
-206.954
-149.178
-223.961
-227.38
-305.555
-345.523
-183.535
-137.117
-195.501
-0.195128
-7.64528e-16
-2.3416e-24
-3.12281e-24
-3.81056e-10
-5.14738
-61.6751
-107.531
-31.2304
-4.80676
-1.26622e-11
-8.63604e-24
-3.52771e-24
-3.52858e-24
-8.62886e-24
-1.53153e-11
-5.13727
-31.0667
-107.209
-61.4823
-5.54121
-2.96872e-10
-3.12218e-24
-2.33916e-24
-7.6175e-16
-0.193532
-195.854
-137.374
-184.154
-347.338
-305.659
-227.921
-225.063
-150.862
-210.534
-205.262
-0.0214038
-7.68841e-24
-1.30284e-23
-1.19751e-06
-0.0209362
-0.192808
-0.254497
-18.2866
-216.7
-238.441
-101.953
-128.339
-142.451
-77.8718
-5.586
-1.4774e-07
-3.61396e-24
-3.78239e-24
-1.65945e-05
-34.6638
-150.614
-164.965
-76.0388
-0.00905023
-1.59924e-23
-7.15272e-24
-2.48741e-24
-2.48698e-24
-7.15156e-24
-1.60031e-23
-0.00887339
-75.7396
-164.608
-150.317
-34.6589
-1.62762e-05
-3.77573e-24
-3.61264e-24
-1.48064e-07
-5.57237
-78.0167
-142.801
-128.462
-102.708
-241.055
-217.32
-18.414
-0.2427
-0.19857
-0.023422
-1.54679e-06
-1.33703e-23
-1.28025e-23
-2.0023e-23
-5.70758e-22
-8.93888e-20
-9.80309e-12
-0.000320024
-9.4191
-113.518
-86.6129
-148.86
-170.491
-115.297
-66.5178
-0.022585
-1.47096e-13
-3.6171e-24
-0.00261718
-84.5907
-164.497
-130.326
-62.629
-0.000336387
-1.55254e-23
-6.1691e-24
-1.62173e-24
-1.61985e-24
-6.16268e-24
-1.55104e-23
-0.000329823
-62.7219
-129.948
-164.074
-84.5632
-0.00262925
-3.60548e-24
-1.48989e-13
-0.0228226
-66.577
-115.355
-170.513
-148.842
-86.4814
-113.704
-9.31893
-0.000314937
-9.30915e-12
-7.60058e-20
-4.46269e-22
-2.01153e-23
-1.30663e-23
-9.39746e-24
-1.31747e-23
-2.15059e-23
-2.86027e-23
-3.49097e-23
-3.21788e-14
-0.00378388
-87.7381
-51.8913
-136.039
-161.484
-185.937
-107.206
-22.5025
-1.21017e-05
-3.72448e-14
-0.181588
-65.7488
-159.558
-80.1043
-7.55855
-4.95041e-08
-1.34981e-23
-5.10516e-24
-9.14404e-25
-9.11552e-25
-5.09603e-24
-1.34803e-23
-4.85195e-08
-7.38229
-79.6742
-159.215
-65.6705
-0.173765
-3.0884e-14
-1.23103e-05
-22.5989
-107.305
-185.956
-161.551
-135.827
-52.5645
-87.2076
-0.00367667
-3.51233e-14
-3.49761e-23
-2.86169e-23
-2.15108e-23
-1.32411e-23
-9.57042e-24
-5.47129e-24
-8.88168e-24
-1.61346e-23
-2.4791e-23
-3.54015e-23
-2.69749e-07
-0.107374
-171.432
-70.7432
-104.412
-157.797
-167.35
-171.291
-75.9156
-2.58979
-0.000390549
-12.9066
-132.638
-186.807
-77.6308
-0.130874
-9.56556e-17
-1.16703e-23
-4.27924e-24
-4.99782e-25
-4.96403e-25
-4.26913e-24
-1.16546e-23
-8.50729e-17
-0.128966
-78.2563
-186.827
-133.113
-12.6406
-0.00038346
-2.62605
-76.2277
-171.443
-167.257
-157.492
-104.024
-70.0096
-167.854
-0.164309
-5.61714e-07
-3.53379e-23
-2.47496e-23
-1.61236e-23
-8.91368e-24
-5.56844e-24
-2.45643e-24
-6.22508e-24
-1.31221e-23
-2.26811e-23
-3.64349e-23
-0.0146511
-181.247
-198.111
-105.247
-74.4177
-146.68
-157.602
-161.198
-142.286
-84.8522
-10.9862
-99.7467
-169.178
-152.801
-80.0602
-0.00930573
-2.12406e-23
-1.08843e-23
-4.01076e-24
-5.6996e-25
-5.66132e-25
-3.99901e-24
-1.08645e-23
-2.12166e-23
-0.0091999
-80.1609
-153.053
-169.866
-100.296
-11.0638
-84.1512
-142.594
-161.026
-157.405
-146.326
-74.2641
-103.554
-194.568
-173.724
-0.0083472
-3.61741e-23
-2.25664e-23
-1.30777e-23
-6.22519e-24
-2.49654e-24
-1.00516e-24
-4.90355e-24
-1.1291e-23
-2.02336e-23
-3.33225e-23
-0.0390702
-173.135
-208.962
-94.2302
-51.2051
-119.389
-156.211
-157.715
-147.584
-112.543
-46.4291
-60.8282
-169.307
-117.255
-44.8072
-0.000612673
-2.02094e-23
-1.05555e-23
-4.3465e-24
-1.28628e-24
-1.28232e-24
-4.33358e-24
-1.05296e-23
-2.01588e-23
-0.000584019
-44.7349
-117.037
-169.416
-60.7443
-46.3948
-112.876
-147.332
-157.56
-156.066
-119.471
-51.1718
-99.4924
-209.536
-168.861
-0.0111714
-3.30192e-23
-2.01032e-23
-1.12331e-23
-4.8845e-24
-1.00822e-24
-1.4751e-24
-5.05661e-24
-1.07746e-23
-1.77163e-23
-2.59605e-23
-1.02441e-05
-0.0322955
-0.0291349
-0.00682225
-22.6626
-71.3596
-172.902
-166.78
-151.82
-129.785
-100.317
-103.991
-163.927
-100.135
-39.969
-0.000558406
-1.91223e-23
-1.06798e-23
-5.42853e-24
-2.84874e-24
-2.84547e-24
-5.41791e-24
-1.06578e-23
-1.90751e-23
-0.0005283
-40.0815
-99.9139
-163.78
-104.031
-100.479
-129.721
-151.725
-166.743
-172.971
-71.3632
-21.8544
-0.00739595
-0.0134496
-0.00784146
-1.42702e-06
-2.58383e-23
-1.76427e-23
-1.07301e-23
-5.033e-24
-1.45939e-24
-3.98119e-24
-7.14169e-24
-1.28562e-23
-1.80801e-23
-2.1518e-23
-2.27755e-23
-2.011e-23
-1.7083e-23
-1.82552e-16
-0.00161307
-53.4813
-124.451
-191.096
-166.607
-150.192
-138.087
-144.779
-184.735
-118.953
-62.0711
-0.00436793
-1.79419e-23
-1.14148e-23
-7.55673e-24
-5.53719e-24
-5.53513e-24
-7.55111e-24
-1.14062e-23
-1.79299e-23
-0.00421519
-61.3458
-119.081
-185.15
-144.938
-138.17
-150.203
-166.6
-191.209
-124.613
-53.322
-0.0015233
-1.45587e-16
-1.7328e-23
-2.04606e-23
-2.28761e-23
-2.153e-23
-1.80609e-23
-1.28307e-23
-7.12086e-24
-3.95911e-24
-8.00127e-24
-1.15693e-23
-1.93325e-23
-2.4625e-23
-2.53933e-23
-2.22359e-23
-1.76143e-23
-1.39485e-23
-1.26543e-23
-3.16939e-09
-0.175577
-41.1607
-165.784
-176.739
-171.607
-166.587
-167.904
-173.864
-136.011
-62.6424
-0.0403195
-2.04748e-22
-1.32511e-23
-1.1365e-23
-9.70326e-24
-9.70167e-24
-1.13627e-23
-1.32513e-23
-2.03908e-22
-0.0392467
-62.9253
-135.844
-174.199
-168.055
-166.657
-171.618
-176.703
-165.672
-41.0605
-0.1737
-3.04569e-09
-1.27266e-23
-1.40557e-23
-1.77498e-23
-2.232e-23
-2.54269e-23
-2.46247e-23
-1.93169e-23
-1.15519e-23
-7.97901e-24
-1.18591e-23
-1.84312e-23
-3.31345e-23
-1.25955e-22
-9.22259e-23
-3.31502e-23
-2.47635e-23
-1.78926e-23
-1.26579e-23
-9.22223e-24
-4.0869e-07
-25.9295
-146.132
-217.673
-196.174
-192.851
-189.992
-186.302
-174.215
-78.5636
-2.61289
-3.37057e-11
-1.81051e-23
-1.83262e-23
-1.55397e-23
-1.55362e-23
-1.8323e-23
-1.81081e-23
-3.24858e-11
-2.55393
-78.2135
-173.927
-186.301
-190.028
-192.871
-196.168
-217.655
-146.121
-25.8928
-3.94348e-07
-9.27289e-24
-1.26924e-23
-1.7917e-23
-2.47777e-23
-3.31585e-23
-9.86309e-23
-1.35086e-22
-3.3119e-23
-1.84159e-23
-1.18397e-23
-1.2765e-23
-2.72071e-23
-1.97769e-05
-0.041077
-0.0208712
-0.000151285
-0.000441166
-0.00122265
-0.000277161
-0.000151088
-0.000367234
-1.94031
-60.3001
-156.894
-208.726
-221.964
-215.617
-208.89
-227.615
-145.852
-29.4929
-3.93412e-06
-1.13367e-09
-7.85831e-08
-3.2909e-10
-3.31201e-10
-7.90705e-08
-1.13983e-09
-3.81871e-06
-29.2143
-145.676
-227.4
-208.797
-215.573
-221.93
-208.686
-156.847
-60.2772
-1.86736
-0.000319036
-0.000128109
-0.000241997
-0.00114317
-0.000425013
-0.000148046
-0.0204656
-0.0403014
-1.94054e-05
-2.71943e-23
-1.27511e-23
-8.91786e-24
-3.35276e-23
-0.0128394
-267.802
-217.142
-70.4063
-228.391
-107.852
-55.5731
-53.4406
-61.4544
-69.2944
-34.8952
-134.083
-292.1
-281.118
-246.704
-209.486
-174.913
-137.818
-40.133
-1.67402
-0.807203
-51.3664
-0.00671527
-0.00668016
-51.5666
-0.807069
-1.66632
-40.0699
-137.671
-174.763
-209.363
-246.606
-281.031
-292.007
-134.045
-34.896
-71.1719
-64.0972
-55.7981
-57.7019
-110.144
-228.172
-70.3757
-217.049
-267.738
-0.0125942
-3.35205e-23
-8.9115e-24
-7.80775e-24
-5.70525e-23
-0.0171262
-107.502
-283.383
-303.636
-711.99
-420.025
-334.399
-349.598
-357.782
-268.455
-133.294
-302.013
-106092
-41851
-19561.7
-14246.2
-10195.1
-6066.85
-2400.91
-613.132
-304.394
-137.592
-0.687589
-0.68434
-137.341
-303.889
-611.817
-2396.99
-6059.54
-10185.9
-14236.9
-19552.2
-41834.2
-106046
-301.816
-132.955
-272.763
-365.445
-358.217
-343.38
-432.562
-710.386
-303.47
-283.339
-107.496
-0.0168157
-5.70503e-23
-7.80736e-24
