-7.79436e-24
-5.69527e-23
-0.0177315
-107.297
-282.789
-303.001
-711.25
-409.988
-327.116
-342.588
-351.489
-265.016
-133.29
-301.852
-106052
-41836.1
-19555
-14241.1
-10191.1
-6064.32
-2399.93
-612.924
-304.298
-137.537
-0.687864
-0.684935
-137.334
-303.919
-612.005
-2397.7
-6061.16
-10188.6
-14240.9
-19558
-41847.3
-106085
-301.984
-133.353
-266.331
-353.561
-344.879
-329.487
-413.248
-711.939
-303.397
-283.16
-107.429
-0.0176353
-5.70214e-23
-7.80377e-24
-8.89067e-24
-3.34577e-23
-0.0132996
-267.148
-216.56
-70.231
-227.878
-105.917
-53.9379
-51.6739
-59.4896
-67.897
-34.8664
-134.034
-292.008
-281.037
-246.626
-209.411
-174.841
-137.755
-40.1146
-1.67351
-0.807115
-51.4267
-0.00669116
-0.00665904
-51.609
-0.807047
-1.66744
-40.0815
-137.704
-174.809
-209.423
-246.679
-281.116
-292.096
-134.071
-34.883
-68.4004
-60.1127
-52.2273
-54.4534
-106.556
-228.184
-70.3337
-216.906
-267.564
-0.013228
-3.35084e-23
-8.91179e-24
-1.27194e-23
-2.71395e-23
-2.05134e-05
-0.0426336
-0.0216682
-0.000156932
-0.000455501
-0.00125362
-0.000280383
-0.000151683
-0.000368635
-1.92214
-60.3102
-156.89
-208.696
-221.917
-215.556
-208.818
-227.511
-145.774
-29.4803
-3.95713e-06
-1.11358e-09
-7.70156e-08
-3.22426e-10
-3.24181e-10
-7.74206e-08
-1.11876e-09
-3.85835e-06
-29.2418
-145.702
-227.455
-208.858
-215.637
-222
-208.757
-156.902
-60.3011
-1.90604
-0.000364568
-0.000150281
-0.000277771
-0.00124493
-0.000452814
-0.000156124
-0.0215593
-0.0424186
-2.04092e-05
-2.71929e-23
-1.27576e-23
-1.18149e-23
-1.83845e-23
-3.30479e-23
-1.48802e-22
-1.09175e-22
-3.29178e-23
-2.45406e-23
-1.77225e-23
-1.254e-23
-9.13309e-24
-4.08296e-07
-25.8015
-146.165
-217.711
-196.176
-192.824
-189.945
-186.25
-174.132
-78.4925
-2.61377
-3.41997e-11
-1.81051e-23
-1.83244e-23
-1.55376e-23
-1.55344e-23
-1.83216e-23
-1.81082e-23
-3.32222e-11
-2.56158
-78.2251
-173.986
-186.366
-190.082
-192.932
-196.253
-217.78
-146.206
-25.7178
-3.9712e-07
-9.16133e-24
-1.2583e-23
-1.7789e-23
-2.46353e-23
-3.30311e-23
-1.08618e-22
-1.4809e-22
-3.31216e-23
-1.84297e-23
-1.18584e-23
-7.97605e-24
-1.15521e-23
-1.93071e-23
-2.45734e-23
-2.52869e-23
-2.20378e-23
-1.72924e-23
-1.36946e-23
-1.24725e-23
-3.193e-09
-0.17432
-41.153
-165.819
-176.793
-171.633
-166.568
-167.858
-173.856
-135.922
-62.7515
-0.040363
-2.09703e-22
-1.32514e-23
-1.13643e-23
-9.70214e-24
-9.70068e-24
-1.13621e-23
-1.32515e-23
-2.11037e-22
-0.0394617
-63.0741
-135.868
-174.284
-168.085
-166.695
-171.706
-176.84
-165.816
-41.1579
-0.172817
-3.12137e-09
-1.25326e-23
-1.37836e-23
-1.74161e-23
-2.21397e-23
-2.53666e-23
-2.4634e-23
-1.93513e-23
-1.15837e-23
-8.01262e-24
-3.97961e-24
-7.15507e-24
-1.28934e-23
-1.81472e-23
-2.16095e-23
-2.2813e-23
-1.95184e-23
-1.66579e-23
-2.00915e-16
-0.00160526
-53.3297
-124.563
-191.266
-166.726
-150.259
-138.06
-144.678
-184.629
-118.858
-61.9957
-0.00437923
-1.79427e-23
-1.14151e-23
-7.55639e-24
-5.53662e-24
-5.53468e-24
-7.55106e-24
-1.14068e-23
-1.79311e-23
-0.00425614
-61.3919
-119.072
-185.152
-144.899
-138.158
-150.298
-166.743
-191.297
-124.591
-53.3133
-0.00158466
-1.9261e-16
-1.67998e-23
-1.97364e-23
-2.28619e-23
-2.16275e-23
-1.81622e-23
-1.29091e-23
-7.17064e-24
-4.00204e-24
-1.48554e-24
-5.08891e-24
-1.08607e-23
-1.79149e-23
-2.64378e-23
-2.08818e-05
-0.0620406
-0.0427139
-0.00649668
-22.4844
-71.254
-173.009
-166.955
-152.004
-129.936
-100.221
-103.828
-163.811
-100.07
-39.9585
-0.000561542
-1.91234e-23
-1.068e-23
-5.4283e-24
-2.84843e-24
-2.84534e-24
-5.41825e-24
-1.06592e-23
-1.90795e-23
-0.000535802
-40.0761
-100.011
-163.898
-103.946
-100.263
-129.906
-151.962
-166.921
-172.988
-71.2302
-22.4599
-0.00665399
-0.0409509
-0.057377
-1.92231e-05
-2.63299e-23
-1.78757e-23
-1.08503e-23
-5.09012e-24
-1.49327e-24
-1.00402e-24
-4.92753e-24
-1.13703e-23
-2.04331e-23
-3.38004e-23
-0.0763322
-171.843
-218.899
-91.9588
-51.5862
-119.386
-156.483
-157.96
-147.868
-112.518
-46.6053
-60.6917
-169.35
-117.197
-44.7912
-0.000612093
-2.02102e-23
-1.05553e-23
-4.34606e-24
-1.28603e-24
-1.2823e-24
-4.33378e-24
-1.05304e-23
-2.01619e-23
-0.000588333
-44.7706
-117.244
-169.796
-60.8009
-46.5775
-112.545
-147.756
-157.878
-156.4
-119.345
-51.4996
-93.2545
-218.085
-172.586
-0.0688153
-3.36041e-23
-2.03657e-23
-1.13497e-23
-4.92232e-24
-1.00172e-24
-2.42154e-24
-6.21289e-24
-1.31326e-23
-2.27279e-23
-3.65162e-23
-0.0257634
-185.87
-205.788
-106.83
-74.3522
-146.861
-157.827
-161.435
-142.31
-85.1538
-10.9909
-99.9988
-169.175
-152.897
-80.0971
-0.009256
-2.12405e-23
-1.0883e-23
-4.00974e-24
-5.69622e-25
-5.66093e-25
-3.99854e-24
-1.08631e-23
-2.12143e-23
-0.00919379
-80.3531
-153.428
-170.162
-100.629
-11.0236
-84.9168
-142.339
-161.344
-157.748
-146.783
-74.327
-106.519
-203.456
-180.725
-0.0234912
-3.64025e-23
-2.26996e-23
-1.31315e-23
-6.21289e-24
-2.41407e-24
-5.39566e-24
-8.8231e-24
-1.60643e-23
-2.46967e-23
-3.52222e-23
-3.57997e-07
-0.110609
-171.29
-71.5963
-104.457
-158.084
-167.547
-171.429
-75.8869
-2.58325
-0.000390635
-12.8675
-132.556
-186.626
-77.9389
-0.130764
-9.84818e-17
-1.16665e-23
-4.27713e-24
-4.99388e-25
-4.96577e-25
-4.26791e-24
-1.16505e-23
-8.82711e-17
-0.129179
-78.5077
-187.117
-133.276
-12.6612
-0.000382394
-2.59326
-75.9386
-171.418
-167.491
-157.995
-104.419
-71.264
-170.079
-0.111419
-3.47335e-07
-3.52716e-23
-2.47522e-23
-1.61077e-23
-8.83581e-24
-5.38004e-24
-9.29277e-24
-1.30713e-23
-2.13638e-23
-2.843e-23
-3.46774e-23
-3.69803e-14
-0.00366709
-86.9796
-51.7228
-136.043
-161.577
-186.07
-107.317
-22.5174
-1.21116e-05
-3.76402e-14
-0.180701
-65.6371
-159.416
-79.9692
-7.55045
-4.96456e-08
-1.34898e-23
-5.10134e-24
-9.14212e-25
-9.12688e-25
-5.09431e-24
-1.34725e-23
-4.87587e-08
-7.40597
-79.8217
-159.52
-65.7612
-0.174151
-3.20874e-14
-1.20883e-05
-22.5241
-107.307
-186.032
-161.546
-136.053
-51.7805
-87.1839
-0.00372483
-3.78178e-14
-3.48412e-23
-2.85778e-23
-2.14747e-23
-1.30955e-23
-9.25221e-24
-1.2699e-23
-1.9869e-23
-5.37757e-22
-8.7755e-20
-1.01808e-11
-0.000337303
-9.69676
-113.367
-86.5604
-148.8
-170.446
-115.333
-66.5831
-0.0226449
-1.48247e-13
-3.61902e-24
-0.00259811
-84.7079
-164.392
-130.328
-62.6773
-0.000334444
-1.55129e-23
-6.16321e-24
-1.62222e-24
-1.62355e-24
-6.16084e-24
-1.54961e-23
-0.000329637
-62.7231
-130.281
-164.434
-84.7948
-0.00261416
-3.60618e-24
-1.46504e-13
-0.0226206
-66.5736
-115.315
-170.43
-148.827
-86.6045
-113.447
-9.77589
-0.000337521
-9.90191e-12
-9.0408e-20
-5.56222e-22
-1.98906e-23
-1.26053e-23
-1.29735e-23
-1.32675e-06
-0.022167
-0.198501
-0.255962
-18.2108
-216.449
-237.137
-101.585
-128.19
-142.456
-77.7478
-5.61714
-1.48856e-07
-3.61544e-24
-3.78189e-24
-1.64624e-05
-34.5954
-150.624
-164.966
-75.9179
-0.00892912
-1.59793e-23
-7.14381e-24
-2.48874e-24
-2.49677e-24
-7.15074e-24
-1.59768e-23
-0.00882819
-75.8851
-165.012
-150.685
-34.6342
-1.60906e-05
-3.77331e-24
-3.60936e-24
-1.48769e-07
-5.61836
-77.7458
-142.439
-128.206
-101.619
-237.205
-216.287
-18.1545
-0.25983
-0.206789
-0.0236042
-1.4084e-06
-1.28139e-23
-7.42904e-24
-0.0159074
-202.322
-207.192
-148.583
-223.756
-227.249
-305.272
-344.459
-183.184
-136.844
-195.279
-0.197306
-8.12813e-16
-2.34243e-24
-3.12068e-24
-3.80786e-10
-5.07899
-61.612
-107.417
-31.1267
-4.71118
-1.23068e-11
-8.61899e-24
-3.52772e-24
-3.55322e-24
-8.63305e-24
-1.5003e-11
-5.08036
-31.1265
-107.459
-61.6283
-5.48378
-2.95915e-10
-3.1184e-24
-2.33758e-24
-7.9599e-16
-0.196804
-195.341
-136.865
-183.212
-344.657
-305.434
-227.002
-223.295
-148.441
-204.711
-200.965
-0.0143437
-7.28941e-24
-3.70857e-24
-0.0156539
-166.192
-182.147
-136.729
-394.22
-229.887
-225.401
-509.743
-578.404
-590.241
-252.716
-0.0298757
-4.07211e-20
-1.37573e-24
-2.50372e-24
-4.18993e-18
-0.860908
-36.5725
-75.814
-47.1531
-33.5595
-0.000507163
-6.58059e-21
-4.55518e-24
-4.64253e-24
-5.2764e-21
-0.000442323
-33.1744
-47.0471
-75.7252
-36.5664
-0.99751
-2.29793e-18
-2.50872e-24
-1.37312e-24
-3.98239e-20
-0.0296683
-252.79
-590.424
-578.861
-509.945
-225.803
-229.895
-393.361
-136.255
-178.729
-162.984
-0.0129388
-3.66566e-24
-3.66012e-24
-1.77656e-06
-0.0202242
-0.128396
-0.257805
-7.58904
-107.007
-204.206
-408.019
-476.572
-472.396
-221.615
-0.00223531
-1.41477e-21
-6.92538e-25
-2.8676e-24
-6.16809e-07
-13.6777
-20.0168
-35.4535
-40.5046
-17.113
-21.6047
-0.00462647
-6.67025e-10
-3.67601e-09
-0.00674684
-19.2308
-17.0558
-40.4115
-35.422
-20.1015
-14.678
-6.55787e-07
-2.8804e-24
-6.92274e-25
-1.36843e-21
-0.00221896
-221.662
-472.3
-476.287
-407.639
-204.365
-106.945
-7.55202
-0.256914
-0.117347
-0.0163461
-1.32468e-06
-3.56741e-24
-3.13051e-24
-1.15826e-23
-1.98068e-23
-1.79096e-19
-6.29683e-10
-0.282264
-16.6996
-27.5625
-37.4118
-65.4643
-37.4739
-59.5978
-0.0530849
-3.13393e-15
-5.44912e-25
-3.76153e-24
-0.0102741
-47.0517
-43.565
-17.3161
-17.4939
-21.9718
-28.3787
-111.724
-0.001712
-0.00370486
-106.753
-28.4047
-22.044
-17.479
-17.1297
-43.7418
-45.1063
-0.00998261
-3.77847e-24
-5.45493e-25
-2.98983e-15
-0.0528796
-59.4472
-37.4637
-65.403
-37.3935
-27.565
-16.7943
-0.284179
-6.07585e-10
-1.93211e-19
-2.00674e-23
-1.1546e-23
-3.05426e-24
-2.56777e-24
-9.91211e-24
-1.97024e-23
-2.73943e-23
-0.000845653
-44.7911
-27.1711
-42.1935
-32.7541
-14.7739
-46.4982
-22.7267
-21.6333
-0.000602471
-2.52875e-24
-5.84049e-24
-0.0309587
-91.5792
-49.7372
-6.37709
-22.9382
-16.217
-18.93
-94.806
-0.0794092
-0.140578
-129.658
-18.586
-16.5122
-22.9964
-6.35419
-48.9621
-93.3239
-0.0285321
-5.86447e-24
-2.52962e-24
-0.000598522
-21.6322
-22.739
-46.5405
-14.7661
-32.7539
-42.2133
-27.2148
-44.9554
-0.000850632
-2.76146e-23
-1.98704e-23
-9.94172e-24
-2.52268e-24
-2.55186e-24
-1.14351e-23
-2.7093e-23
-1.24398e-06
-14.334
-26.79
-40.3714
-29.5814
-18.3534
-9.05612
-55.304
-32.1461
-50.4063
-5.61536
-2.77267e-07
-1.27804e-23
-7.72418e-06
-0.999835
-9.0518
-1.24847
-0.652954
-2.29737
-6.19834
-1.1877
-0.000259561
-0.000387665
-1.33178
-5.85714
-1.87641
-0.645316
-1.18553
-8.06455
-0.871817
-6.68633e-06
-1.27986e-23
-2.72602e-07
-5.59402
-50.4507
-32.168
-55.3139
-9.04204
-18.3567
-29.6003
-40.4114
-26.8193
-14.3939
-1.25563e-06
-2.72424e-23
-1.14768e-23
-2.52416e-24
-3.14556e-24
-1.43118e-23
-3.79502e-23
-0.00657399
-18.7449
-27.6637
-29.7776
-24.4413
-3.563
-27.9759
-34.8011
-48.465
-18.3947
-26.8334
-0.17294
-2.41549e-23
-3.61041e-23
-6.10526e-23
-8.17517e-23
-9.37948e-23
-1.00796e-22
-1.05507e-22
-1.05908e-22
-9.55986e-23
-7.80239e-23
-7.76294e-23
-9.46522e-23
-1.05357e-22
-1.0546e-22
-1.00843e-22
-9.38291e-23
-8.17548e-23
-6.10509e-23
-3.61187e-23
-2.41711e-23
-0.173078
-26.8148
-18.4052
-48.4814
-34.8775
-27.9521
-3.54171
-24.457
-29.802
-27.6877
-18.7795
-0.00658719
-3.80787e-23
-1.43458e-23
-3.12e-24
-4.30627e-24
-1.67599e-23
-4.59104e-23
-0.72449
-16.0104
-24.1287
-20.8539
-2.62788
-1.23754e-05
-0.0192258
-77.0043
-10.0456
-18.9821
-62.1163
-2.52744
-4.26709e-23
-3.63456e-23
-4.3606e-23
-5.31741e-23
-6.05182e-23
-6.52739e-23
-6.77509e-23
-6.73442e-23
-6.3143e-23
-5.77621e-23
-5.76179e-23
-6.28106e-23
-6.70864e-23
-6.76481e-23
-6.52462e-23
-6.05131e-23
-5.31723e-23
-4.36096e-23
-3.63574e-23
-4.26867e-23
-2.54154
-62.3271
-18.9868
-10.0338
-76.8504
-0.0193067
-1.23266e-05
-2.62067
-20.8642
-24.1427
-16.0198
-0.723699
-4.59977e-23
-1.67766e-23
-4.27677e-24
-5.50053e-24
-1.72159e-23
-4.65447e-23
-0.544959
-37.9665
-21.2015
-1.26539
-7.55971e-07
-2.30481e-23
-2.58192e-09
-0.0012979
-0.12464
-3.39755
-4.58764
-0.00249565
-4.83652e-23
-3.37245e-23
-3.16952e-23
-3.39173e-23
-3.67864e-23
-3.90071e-23
-4.01407e-23
-3.9922e-23
-3.83983e-23
-3.67149e-23
-3.66615e-23
-3.82736e-23
-3.98063e-23
-4.00722e-23
-3.89748e-23
-3.6773e-23
-3.39127e-23
-3.16969e-23
-3.3731e-23
-4.83733e-23
-0.00251465
-4.61471
-3.40667
-0.124722
-0.00130344
-2.6101e-09
-2.30386e-23
-7.55234e-07
-1.26271
-21.2019
-37.9764
-0.544088
-4.65843e-23
-1.72159e-23
-5.4697e-24
-5.31358e-24
-1.42763e-23
-3.676e-23
-0.000270647
-0.583019
-0.111073
-7.26814e-07
-2.47933e-23
-1.81442e-23
-2.11084e-23
-2.97437e-23
-3.90989e-23
-4.69608e-23
-5.11888e-23
-4.61202e-23
-3.2099e-23
-2.37187e-23
-2.02531e-23
-1.94927e-23
-1.98109e-23
-2.0307e-23
-2.05426e-23
-2.03344e-23
-1.97483e-23
-1.91924e-23
-1.91731e-23
-1.97021e-23
-2.02865e-23
-2.05084e-23
-2.02874e-23
-1.98013e-23
-1.94893e-23
-2.02538e-23
-2.37218e-23
-3.21018e-23
-4.61192e-23
-5.11812e-23
-4.69499e-23
-3.90899e-23
-2.9737e-23
-2.11012e-23
-1.81352e-23
-2.47808e-23
-7.25653e-07
-0.110818
-0.581699
-0.000270071
-3.67638e-23
-1.42671e-23
-5.28722e-24
-3.2471e-24
-8.73214e-24
-1.86893e-23
-2.98468e-23
-2.88845e-23
-2.26765e-23
-1.63105e-23
-1.08217e-23
-8.3984e-24
-8.73943e-24
-1.10148e-23
-1.41508e-23
-1.74424e-23
-2.01072e-23
-2.00896e-23
-1.67696e-23
-1.32302e-23
-1.07229e-23
-9.27998e-24
-8.53766e-24
-8.13909e-24
-7.84458e-24
-7.53457e-24
-7.20826e-24
-6.97655e-24
-6.97039e-24
-7.19329e-24
-7.51827e-24
-7.83227e-24
-8.13204e-24
-8.535e-24
-9.28041e-24
-1.07253e-23
-1.32332e-23
-1.67716e-23
-2.00889e-23
-2.01033e-23
-1.74365e-23
-1.41447e-23
-1.1009e-23
-8.73356e-24
-8.39171e-24
-1.08129e-23
-1.62975e-23
-2.26593e-23
-2.88685e-23
-2.98394e-23
-1.86833e-23
-8.72358e-24
-3.23012e-24
-1.24562e-24
-4.91905e-24
-9.08461e-24
-1.0124e-23
-6.10418e-24
-2.53049e-24
-1.8547e-24
-1.72776e-24
-1.49695e-24
-1.45586e-24
-1.83314e-24
-2.81164e-24
-4.59556e-24
-6.94815e-24
-8.59013e-24
-8.42256e-24
-7.02485e-24
-5.34133e-24
-3.908e-24
-2.85214e-24
-2.11138e-24
-1.58564e-24
-1.20042e-24
-9.26016e-25
-7.74888e-25
-7.73219e-25
-9.22186e-25
-1.19688e-24
-1.58422e-24
-2.11265e-24
-2.85582e-24
-3.91342e-24
-5.3476e-24
-7.03093e-24
-8.42741e-24
-8.59302e-24
-6.94895e-24
-4.5948e-24
-2.81004e-24
-1.83118e-24
-1.45377e-24
-1.49457e-24
-1.72461e-24
-1.85023e-24
-2.52474e-24
-6.09869e-24
-1.01206e-23
-9.08223e-24
-4.91618e-24
-1.23996e-24
-1.23983e-24
-4.91471e-24
-9.07888e-24
-1.01158e-23
-6.09372e-24
-2.52032e-24
-1.84646e-24
-1.72144e-24
-1.49166e-24
-1.45072e-24
-1.82765e-24
-2.80574e-24
-4.58953e-24
-6.94241e-24
-8.58515e-24
-8.41882e-24
-7.02285e-24
-5.34208e-24
-3.9133e-24
-2.86448e-24
-2.13364e-24
-1.62045e-24
-1.24895e-24
-9.86557e-25
-8.42154e-25
-8.3986e-25
-9.81564e-25
-1.24506e-24
-1.62038e-24
-2.13819e-24
-2.87304e-24
-3.92458e-24
-5.35449e-24
-7.0349e-24
-8.42953e-24
-8.59416e-24
-6.94969e-24
-4.59515e-24
-2.80994e-24
-1.8309e-24
-1.45355e-24
-1.49457e-24
-1.72495e-24
-1.8511e-24
-2.52634e-24
-6.10049e-24
-1.01217e-23
-9.08371e-24
-4.91883e-24
-1.24556e-24
-3.23096e-24
-8.72059e-24
-1.86743e-23
-2.98231e-23
-2.88509e-23
-2.26436e-23
-1.62853e-23
-1.08038e-23
-8.38373e-24
-8.72483e-24
-1.09984e-23
-1.41323e-23
-1.74226e-23
-2.00873e-23
-2.00714e-23
-1.67551e-23
-1.32207e-23
-1.0721e-23
-9.29085e-24
-8.56903e-24
-8.20077e-24
-7.94691e-24
-7.68423e-24
-7.40135e-24
-7.19409e-24
-7.18453e-24
-7.37984e-24
-7.6645e-24
-7.93771e-24
-8.20374e-24
-8.58192e-24
-9.3101e-24
-1.07428e-23
-1.3242e-23
-1.67744e-23
-2.00886e-23
-2.01029e-23
-1.7436e-23
-1.41432e-23
-1.10071e-23
-8.73228e-24
-8.39145e-24
-1.08137e-23
-1.62996e-23
-2.26626e-23
-2.88702e-23
-2.98356e-23
-1.86838e-23
-8.73021e-24
-3.24687e-24
-5.29072e-24
-1.42626e-23
-3.67453e-23
-0.000270539
-0.582722
-0.111004
-7.26524e-07
-2.47675e-23
-1.81242e-23
-2.10869e-23
-2.97165e-23
-3.90651e-23
-4.69212e-23
-5.11454e-23
-4.6078e-23
-3.20658e-23
-2.36932e-23
-2.02374e-23
-1.94943e-23
-1.98429e-23
-2.03891e-23
-2.07015e-23
-2.05954e-23
-2.01126e-23
-1.96154e-23
-1.95831e-23
-2.0042e-23
-2.05327e-23
-2.06695e-23
-2.03872e-23
-1.98625e-23
-1.95268e-23
-2.02744e-23
-2.37278e-23
-3.20951e-23
-4.61033e-23
-5.11706e-23
-4.69445e-23
-3.90839e-23
-2.97301e-23
-2.1097e-23
-1.81344e-23
-2.4782e-23
-7.2573e-07
-0.110726
-0.580849
-0.000269508
-3.67483e-23
-1.42729e-23
-5.3141e-24
-5.47638e-24
-1.7209e-23
-4.65542e-23
-0.544944
-37.9582
-21.1925
-1.26426
-7.55094e-07
-2.30296e-23
-2.58109e-09
-0.00129702
-0.124752
-3.43208
-4.64751
-0.00253252
-4.83083e-23
-3.36762e-23
-3.16518e-23
-3.38858e-23
-3.67828e-23
-3.9063e-23
-4.03163e-23
-4.02994e-23
-3.90142e-23
-3.7468e-23
-3.73681e-23
-3.8811e-23
-4.01405e-23
-4.02475e-23
-3.90602e-23
-3.68183e-23
-3.39425e-23
-3.1714e-23
-3.37284e-23
-4.83434e-23
-0.00254956
-4.67176
-3.44322
-0.124682
-0.00129859
-2.59352e-09
-2.30382e-23
-7.5386e-07
-1.26061
-21.1945
-37.9543
-0.54243
-4.65278e-23
-1.72113e-23
-5.50253e-24
-4.28512e-24
-1.67652e-23
-4.59536e-23
-0.724615
-16.0112
-24.1298
-20.8537
-2.62268
-1.2353e-05
-0.0192441
-76.9332
-10.0381
-18.9802
-62.3042
-2.55538
-4.26141e-23
-3.62793e-23
-4.35225e-23
-5.30772e-23
-6.04163e-23
-6.51985e-23
-6.78149e-23
-6.77895e-23
-6.41574e-23
-5.91144e-23
-5.88019e-23
-6.35935e-23
-6.7438e-23
-6.7721e-23
-6.52247e-23
-6.04887e-23
-5.31768e-23
-4.36272e-23
-3.63533e-23
-4.26403e-23
-2.56205
-62.4891
-18.984
-10.0335
-76.9859
-0.0192378
-1.22961e-05
-2.61159
-20.8465
-24.1203
-16.0055
-0.71934
-4.58879e-23
-1.67534e-23
-4.30933e-24
-3.12835e-24
-1.4329e-23
-3.80214e-23
-0.00657609
-18.7638
-27.6712
-29.7852
-24.4449
-3.55101
-27.9671
-34.7998
-48.4371
-18.3874
-26.7908
-0.17417
-2.41178e-23
-3.60217e-23
-6.09093e-23
-8.15485e-23
-9.35042e-23
-1.00376e-22
-1.05072e-22
-1.0613e-22
-9.72014e-23
-8.05868e-23
-7.95272e-23
-9.56434e-23
-1.05464e-22
-1.05117e-22
-1.00532e-22
-9.36434e-23
-8.17155e-23
-6.10971e-23
-3.61427e-23
-2.4137e-23
-0.173648
-26.7549
-18.3904
-48.4406
-34.8483
-27.9775
-3.52795
-24.4275
-29.7662
-27.653
-18.7393
-0.00651849
-3.79224e-23
-1.43029e-23
-3.14893e-24
-2.53418e-24
-1.14572e-23
-2.71755e-23
-1.24564e-06
-14.3535
-26.8019
-40.3878
-29.5865
-18.357
-9.04801
-55.2831
-32.1373
-50.4083
-5.6363
-2.76767e-07
-1.27559e-23
-7.37498e-06
-0.973121
-8.92889
-1.23696
-0.617874
-1.88097
-10.4236
-3.26252
-0.00103709
-0.000444472
-1.50237
-6.1909
-1.87619
-0.630228
-1.21162
-9.26784
-1.08187
-9.02522e-06
-1.27909e-23
-2.72182e-07
-5.59786
-50.4234
-32.1427
-55.2925
-9.04181
-18.3185
-29.5579
-40.3591
-26.778
-14.2193
-1.2383e-06
-2.7061e-23
-1.14243e-23
-2.55618e-24
-2.54049e-24
-9.92794e-24
-1.97856e-23
-2.75206e-23
-0.000848095
-44.9273
-27.1961
-42.1902
-32.7499
-14.768
-46.5219
-22.7282
-21.6301
-0.00060602
-2.53165e-24
-5.83251e-24
-0.0296033
-92.7443
-49.7677
-6.35729
-22.9827
-16.8657
-21.1029
-56.3862
-0.460623
-0.174866
-95.4274
-18.8031
-16.1592
-22.8328
-6.36706
-49.5886
-88.3691
-0.0345685
-5.85646e-24
-2.5144e-24
-0.000601229
-21.606
-22.7166
-46.5384
-14.7496
-32.695
-42.1568
-27.1868
-44.7506
-0.000837905
-2.73555e-23
-1.9661e-23
-9.90164e-24
-2.57594e-24
-3.08651e-24
-1.15721e-23
-1.99092e-23
-1.72005e-19
-6.14746e-10
-0.284842
-16.7681
-27.5378
-37.3695
-65.4285
-37.475
-59.559
-0.0529168
-3.1118e-15
-5.49451e-25
-3.76315e-24
-0.00981512
-47.666
-43.6556
-17.5515
-18.159
-23.4041
-32.7723
-64.7388
-0.0162013
-0.00424331
-89.9703
-28.7356
-21.8834
-17.3869
-17.2328
-43.8851
-46.6366
-0.010917
-3.77646e-24
-5.40165e-25
-2.96768e-15
-0.0525406
-59.5534
-37.4153
-65.4766
-37.343
-27.541
-16.9166
-0.28149
-6.09827e-10
-2.23472e-19
-3.40159e-23
-1.15821e-23
-3.14631e-24
-3.61089e-24
-1.55744e-06
-0.0181857
-0.12073
-0.251664
-7.59926
-106.791
-204.181
-407.311
-476.19
-472.522
-221.874
-0.0022221
-1.38351e-21
-6.98542e-25
-2.87776e-24
-5.86329e-07
-14.3216
-20.1753
-36.0455
-41.6319
-17.7291
-19.5254
-0.0194889
-2.61412e-08
-4.61909e-09
-0.00858571
-19.289
-16.8978
-40.0997
-35.2292
-19.9531
-13.7302
-5.96133e-07
-2.87313e-24
-6.89444e-25
-1.35192e-21
-0.0022095
-221.459
-471.709
-475.491
-406.74
-204.218
-106.628
-7.48421
-0.26017
-0.0945448
-0.010691
-7.04154e-07
-3.68298e-24
-3.71217e-24
-0.0141211
-166.226
-181.808
-137.397
-396.391
-231.048
-226.173
-510.317
-581.237
-592.509
-253.334
-0.0296499
-3.96519e-20
-1.38294e-24
-2.52184e-24
-2.86268e-18
-0.979855
-37.0349
-76.9919
-48.0386
-31.7575
-0.000470987
-4.80808e-21
-5.39316e-24
-4.96104e-24
-1.35714e-20
-0.000479014
-32.0661
-46.6566
-75.215
-36.3398
-0.893203
-2.33993e-18
-2.50083e-24
-1.37226e-24
-3.91317e-20
-0.0295572
-252.813
-591.326
-580.121
-510.173
-226.435
-231.165
-396.244
-137.49
-182.474
-167.415
-0.00844058
-3.73002e-24
-7.51405e-24
-0.0147493
-203.651
-207.828
-149.877
-224.834
-227.997
-305.951
-348.195
-184.465
-137.52
-196.236
-0.195755
-8.08908e-16
-2.34771e-24
-3.14234e-24
-3.42382e-10
-5.58307
-62.145
-108.372
-31.7381
-5.082
-1.26746e-11
-8.63456e-24
-3.91527e-24
-3.77262e-24
-8.47982e-24
-1.50852e-11
-4.75615
-30.8341
-106.873
-61.3085
-5.16244
-3.17346e-10
-3.11159e-24
-2.33941e-24
-7.89368e-16
-0.196093
-195.58
-136.91
-183.501
-346.098
-306.43
-228.097
-224.813
-150.445
-209.39
-204.18
-0.0109344
-7.53142e-24
-1.3224e-23
-1.29135e-06
-0.0218918
-0.19806
-0.254524
-18.4616
-217.461
-241.288
-102.831
-128.522
-142.814
-78.1035
-5.59567
-1.48673e-07
-3.61526e-24
-3.79159e-24
-1.7084e-05
-35.0903
-151.018
-165.369
-76.5547
-0.00906714
-1.55849e-23
-7.12156e-24
-2.67137e-24
-2.61803e-24
-7.05373e-24
-1.5625e-23
-0.00860173
-75.3573
-164.471
-150.168
-34.3741
-1.58402e-05
-3.77297e-24
-3.61556e-24
-1.48599e-07
-5.61318
-77.8119
-142.501
-128.305
-102.023
-238.832
-217.331
-18.4037
-0.273752
-0.212665
-0.0229388
-1.32472e-06
-1.32375e-23
-1.30179e-23
-2.02213e-23
-5.89995e-22
-9.32705e-20
-9.87926e-12
-0.000323843
-9.47029
-113.994
-86.618
-149.005
-170.662
-115.417
-66.5907
-0.0227739
-1.50591e-13
-3.60981e-24
-0.00269234
-84.22
-165.191
-130.393
-61.9228
-0.000337244
-1.52914e-23
-6.13641e-24
-1.70647e-24
-1.68269e-24
-6.09449e-24
-1.52642e-23
-0.000325669
-62.3584
-130.035
-163.754
-84.8377
-0.00256942
-3.61418e-24
-1.47719e-13
-0.0227189
-66.5803
-115.322
-170.459
-148.955
-86.7348
-113.894
-9.72502
-0.000338654
-1.08556e-11
-1.31532e-19
-9.55506e-22
-2.01149e-23
-1.29754e-23
-9.57748e-24
-1.33176e-23
-2.17019e-23
-2.88727e-23
-3.52896e-23
-3.52014e-14
-0.00359469
-87.0656
-52.5397
-136.045
-161.697
-186.017
-107.27
-22.5571
-1.22735e-05
-3.36152e-14
-0.182505
-66.3917
-160.413
-80.6709
-7.59109
-4.91024e-08
-1.33577e-23
-5.07227e-24
-9.46535e-25
-9.34619e-25
-5.04612e-24
-1.33274e-23
-4.92299e-08
-7.36627
-79.3631
-158.737
-65.2614
-0.174097
-3.50297e-14
-1.21605e-05
-22.5602
-107.308
-186.004
-161.562
-136.111
-51.961
-86.494
-0.00354571
-3.63063e-14
-3.48886e-23
-2.85607e-23
-2.14863e-23
-1.32145e-23
-9.50669e-24
-5.58281e-24
-8.94711e-24
-1.61891e-23
-2.48352e-23
-3.54645e-23
-5.38057e-07
-0.156973
-165.608
-70.093
-104.101
-157.704
-167.286
-171.289
-75.9655
-2.59988
-0.000395428
-13.0213
-133.305
-187.905
-77.0291
-0.133176
-8.52868e-17
-1.15693e-23
-4.24279e-24
-5.02276e-25
-4.9637e-25
-4.22941e-24
-1.15573e-23
-9.88792e-17
-0.127921
-78.7068
-186.074
-132.525
-12.5877
-0.000383505
-2.60149
-75.9774
-171.395
-167.414
-157.885
-104.29
-70.8876
-166.156
-0.124534
-4.11136e-07
-3.51723e-23
-2.46674e-23
-1.6081e-23
-8.8835e-24
-5.523e-24
-2.49627e-24
-6.21479e-24
-1.30363e-23
-2.24483e-23
-3.59048e-23
-0.01154
-165.846
-187.463
-102.091
-74.0167
-146.28
-157.401
-161.056
-142.263
-84.6758
-11.0281
-99.4733
-169.769
-153.109
-80.1743
-0.00942312
-2.11114e-23
-1.08026e-23
-3.97152e-24
-5.55923e-25
-5.53264e-25
-3.96585e-24
-1.07999e-23
-2.11221e-23
-0.00909155
-80.1389
-153.018
-169.409
-100.634
-11.0306
-84.7516
-142.356
-161.247
-157.615
-146.56
-74.1554
-104.68
-198.056
-169.736
-0.0202939
-3.59974e-23
-2.2493e-23
-1.30425e-23
-6.20354e-24
-2.46946e-24
-1.00111e-24
-4.85042e-24
-1.11281e-23
-1.9835e-23
-3.23636e-23
-0.0198687
-146.371
-201.211
-98.6935
-51.1604
-119.258
-156.034
-157.557
-147.359
-112.46
-46.2075
-61.4214
-169.862
-117.836
-44.8663
-0.000597324
-2.01026e-23
-1.04866e-23
-4.30657e-24
-1.26335e-24
-1.26243e-24
-4.30494e-24
-1.04869e-23
-2.0107e-23
-0.000598668
-44.6214
-116.737
-169.186
-60.2872
-46.7018
-112.636
-147.709
-157.78
-156.273
-119.272
-51.4818
-94.7337
-213.553
-170.846
-0.0539784
-3.30068e-23
-2.00927e-23
-1.12259e-23
-4.87979e-24
-1.00249e-24
-1.47288e-24
-5.01396e-24
-1.06486e-23
-1.74295e-23
-2.53223e-23
-3.68898e-06
-0.0150883
-0.0201264
-0.00757976
-22.4504
-71.2717
-172.823
-166.701
-151.726
-129.694
-100.531
-104.563
-164.576
-100.466
-39.9934
-0.000535291
-1.9038e-23
-1.06231e-23
-5.3902e-24
-2.82132e-24
-2.82138e-24
-5.39098e-24
-1.0626e-23
-1.90442e-23
-0.000555019
-39.9416
-99.7082
-163.304
-103.467
-100.101
-129.849
-151.863
-166.792
-172.853
-71.1822
-22.4785
-0.00687641
-0.0353553
-0.0453471
-1.48996e-05
-2.59387e-23
-1.7677e-23
-1.07482e-23
-5.04568e-24
-1.47505e-24
-4.01905e-24
-7.14995e-24
-1.28394e-23
-1.80382e-23
-2.14743e-23
-2.2861e-23
-2.10457e-23
-1.77134e-23
-1.76025e-16
-0.00159976
-53.5532
-124.509
-191.154
-166.654
-150.303
-138.375
-145.33
-185.584
-119.493
-61.9779
-0.00423303
-1.78877e-23
-1.13716e-23
-7.5214e-24
-5.5076e-24
-5.50814e-24
-7.52342e-24
-1.13762e-23
-1.78968e-23
-0.00436249
-61.4823
-118.586
-184.366
-144.398
-137.862
-150.096
-166.558
-191.1
-124.477
-53.362
-0.00159671
-1.93786e-16
-1.7103e-23
-2.01864e-23
-2.28688e-23
-2.15608e-23
-1.80961e-23
-1.28623e-23
-7.14699e-24
-3.99247e-24
-8.09126e-24
-1.16412e-23
-1.94356e-23
-2.47874e-23
-2.56474e-23
-2.26139e-23
-1.81315e-23
-1.43313e-23
-1.29093e-23
-3.18796e-09
-0.176671
-41.1442
-165.838
-176.866
-171.819
-166.922
-168.371
-174.407
-136.38
-62.7272
-0.0395362
-1.92518e-22
-1.32177e-23
-1.13314e-23
-9.6721e-24
-9.67271e-24
-1.13335e-23
-1.32223e-23
-2.22794e-22
-0.0400934
-62.9342
-135.534
-173.743
-167.628
-166.338
-171.417
-176.586
-165.583
-41.1285
-0.174616
-3.17596e-09
-1.2665e-23
-1.39701e-23
-1.76614e-23
-2.23023e-23
-2.54547e-23
-2.46705e-23
-1.9362e-23
-1.15887e-23
-8.02414e-24
-1.1983e-23
-1.85593e-23
-3.33554e-23
-1.43344e-22
-1.05016e-22
-3.35926e-23
-2.51546e-23
-1.81722e-23
-1.28391e-23
-9.34831e-24
-4.06053e-07
-26.0408
-146.251
-217.895
-196.456
-193.216
-190.422
-186.741
-174.55
-78.6598
-2.5757
-3.20618e-11
-1.80767e-23
-1.82907e-23
-1.55062e-23
-1.55066e-23
-1.82916e-23
-1.80783e-23
-3.47151e-11
-2.59046
-78.147
-173.673
-185.94
-189.656
-192.545
-195.901
-217.395
-145.943
-25.8143
-4.05638e-07
-9.22754e-24
-1.26715e-23
-1.79193e-23
-2.4811e-23
-3.32195e-23
-1.10854e-22
-1.51111e-22
-3.31841e-23
-1.84607e-23
-1.18879e-23
-1.28812e-23
-2.73723e-23
-1.97543e-05
-0.0410785
-0.0208916
-0.000151352
-0.000436132
-0.00118279
-0.000255273
-0.000136129
-0.000336689
-1.9099
-60.3555
-157.093
-209.063
-222.376
-216.06
-209.335
-228.096
-146.162
-29.3886
-3.82857e-06
-1.12432e-09
-7.78901e-08
-3.26104e-10
-3.18084e-10
-7.60048e-08
-1.10057e-09
-3.95092e-06
-29.318
-145.422
-227.011
-208.438
-215.212
-221.59
-208.401
-156.62
-60.1714
-1.90242
-0.000353315
-0.00014413
-0.000268441
-0.0012226
-0.000447717
-0.000154929
-0.0213913
-0.0420672
-2.0229e-05
-2.72423e-23
-1.27906e-23
-8.9841e-24
-3.36892e-23
-0.012797
-269.228
-218.383
-70.7774
-229.524
-110.249
-57.509
-55.5285
-63.798
-71.0304
-34.9787
-134.324
-292.635
-281.647
-247.189
-209.906
-175.262
-138.093
-40.2023
-1.6735
-0.806675
-51.4746
-0.00667529
-0.00666299
-51.465
-0.806315
-1.66773
-40.0193
-137.454
-174.49
-209.037
-246.237
-280.643
-291.673
-133.893
-34.8577
-69.4035
-61.4277
-53.3926
-55.5298
-107.847
-228.608
-70.4742
-217.373
-268.075
-0.0131044
-3.35604e-23
-8.93196e-24
-7.8379e-24
-5.72752e-23
-0.0170644
-107.947
-284.66
-305.036
-714.493
-431.931
-343.082
-358.052
-365.496
-272.908
-133.537
-302.66
-106297
-41931.9
-19599.4
-14273.7
-10214.3
-6077.43
-2404.27
-613.464
-304.313
-137.47
-0.685373
-0.687115
-137.301
-303.76
-611.534
-2394.5
-6051.47
-10171.2
-14216.3
-19525.4
-41786
-105945
-301.756
-133.323
-268.83
-357.781
-349.529
-334.291
-419.832
-712.674
-303.907
-283.623
-107.587
-0.017472
-5.7096e-23
-7.81368e-24
