-6.5768e-06
-3.49635
-82.1482
-70.0279
-86.8823
-76.2924
-59.8869
-67.9377
-68.4338
-68.6378
-68.2138
-62.2591
-53.3664
-135.56
-45916.7
-17806.2
-8177.45
-6041.1
-4597.37
-3253.17
-1877.02
-752.417
-248.612
-91.721
-10.1972
-10.1972
-91.721
-248.612
-752.417
-1877.02
-3253.17
-4597.37
-6041.1
-8177.45
-17806.2
-45916.7
-135.56
-53.3664
-62.2591
-68.2138
-68.6378
-68.4338
-67.9377
-59.8869
-76.2924
-86.8823
-70.0279
-82.1482
-3.49635
-6.5768e-06
-4.1889e-05
-4.43129
-69.0868
-86.1227
-97.6477
-56.6153
-22.1212
-19.8531
-22.1543
-24.6503
-26.9794
-26.7916
-17.9029
-62.8587
-126.83
-116.01
-99.8683
-84.6816
-71.3389
-57.3227
-39.5674
-10.7752
-0.445447
-1.9152
-8.82729
-8.82729
-1.9152
-0.445447
-10.7752
-39.5674
-57.3227
-71.3389
-84.6816
-99.8683
-116.01
-126.83
-62.8587
-17.9029
-26.7916
-26.9794
-24.6503
-22.1543
-19.8531
-22.1212
-56.6153
-97.6477
-86.1227
-69.0868
-4.43129
-4.1889e-05
-0.000228619
-12.7542
-65.4701
-55.22
-87.9854
-27.4759
-1.30928
-0.338949
-0.44437
-0.606579
-3.12261
-17.2876
-34.4109
-73.2056
-87.0534
-87.259
-82.9867
-79.4908
-77.7264
-72.2321
-47.6178
-16.6171
-0.0471432
-6.13316e-05
-0.000126501
-0.000126501
-6.13316e-05
-0.0471432
-16.6171
-47.6178
-72.2321
-77.7264
-79.4908
-82.9867
-87.259
-87.0534
-73.2056
-34.4109
-17.2876
-3.12261
-0.606579
-0.44437
-0.338949
-1.30928
-27.4759
-87.9854
-55.22
-65.4701
-12.7542
-0.000228619
-8.67433e-05
-7.96576
-76.8721
-53.4272
-13.3082
-0.141129
-0.000109299
-2.81094e-09
-2.19637e-09
-0.0011271
-6.55051
-39.6763
-57.166
-77.3139
-73.7046
-69.6171
-68.8104
-73.6017
-81.1603
-57.3227
-39.5669
-17.8095
-0.00251661
-6.16712e-09
-5.27235e-09
-5.27235e-09
-6.16712e-09
-0.00251661
-17.8095
-39.5669
-57.3227
-81.1603
-73.6017
-68.8104
-69.6171
-73.7046
-77.3139
-57.166
-39.6763
-6.55051
-0.0011271
-2.19637e-09
-2.81094e-09
-0.000109299
-0.141129
-13.3082
-53.4272
-76.8721
-7.96576
-8.67433e-05
-3.26929e-07
-0.0970433
-3.55095
-1.67538
-0.0223714
-5.69481e-06
-1.75273e-09
-2.05695e-09
-0.000124292
-1.08638
-22.895
-46.7574
-81.8433
-72.8547
-63.532
-52.8903
-52.7984
-66.562
-84.8371
-50.8713
-30.1975
-4.03205
-5.81997e-05
-4.44121e-09
-3.34284e-09
-3.34284e-09
-4.44121e-09
-5.81997e-05
-4.03205
-30.1975
-50.8713
-84.8371
-66.562
-52.7984
-52.8903
-63.532
-72.8547
-81.8433
-46.7574
-22.895
-1.08638
-0.000124292
-2.05695e-09
-1.75273e-09
-5.69481e-06
-0.0223714
-1.67538
-3.55095
-0.0970433
-3.26929e-07
-1.30533e-09
-2.39909e-09
-2.98457e-08
-8.90824e-09
-1.12368e-09
-1.14238e-09
-1.85619e-09
-0.000114134
-0.60965
-21.4006
-34.9703
-74.6149
-76.8141
-70.2903
-55.9352
-27.9599
-35.2237
-59.8318
-79.2311
-44.1158
-23.6824
-0.614215
-1.557e-08
-3.58049e-09
-2.09805e-09
-2.09805e-09
-3.58049e-09
-1.557e-08
-0.614215
-23.6824
-44.1158
-79.2311
-59.8318
-35.2237
-27.9599
-55.9352
-70.2903
-76.8141
-74.6149
-34.9703
-21.4006
-0.60965
-0.000114134
-1.85619e-09
-1.14238e-09
-1.12368e-09
-8.90824e-09
-2.98457e-08
-2.39909e-09
-1.30533e-09
-3.69036e-10
-1.50241e-09
-2.14357e-09
-1.96198e-09
-1.87879e-09
-2.2621e-09
-1.84014e-07
-0.0747618
-28.0755
-36.9156
-57.692
-79.6872
-77.371
-70.2455
-38.8865
-26.1195
-37.2419
-66.503
-80.2237
-42.5381
-27.7695
-0.485587
-7.05534e-09
-3.22713e-09
-1.34635e-09
-1.34635e-09
-3.22713e-09
-7.05534e-09
-0.485587
-27.7695
-42.5381
-80.2237
-66.503
-37.2419
-26.1195
-38.8865
-70.2455
-77.371
-79.6872
-57.692
-36.9156
-28.0755
-0.0747618
-1.84014e-07
-2.2621e-09
-1.87879e-09
-1.96198e-09
-2.14357e-09
-1.50241e-09
-3.69036e-10
-9.78642e-10
-0.000132274
-0.0877039
-1.00234
-0.841794
-0.215637
-0.169134
-8.97724
-29.7726
-48.3446
-83.8281
-81.2954
-78.8908
-37.4339
-16.2343
-10.5682
-42.7671
-70.4894
-85.7456
-43.929
-29.2121
-0.777433
-7.75995e-09
-3.16487e-09
-9.17802e-10
-9.17802e-10
-3.16487e-09
-7.75995e-09
-0.777433
-29.2121
-43.929
-85.7456
-70.4894
-42.7671
-10.5682
-16.2343
-37.4339
-78.8908
-81.2954
-83.8281
-48.3446
-29.7726
-8.97724
-0.169134
-0.215637
-0.841794
-1.00234
-0.0877039
-0.000132274
-9.78642e-10
-6.12174e-09
-0.190728
-32.9868
-63.5457
-58.2102
-42.9887
-31.6108
-23.0355
-35.7013
-79.5418
-82.2295
-82.9954
-41.6276
-13.7324
-0.551909
-4.43204
-42.8993
-64.2284
-92.2737
-46.5326
-29.1978
-1.08954
-8.4622e-09
-3.23153e-09
-6.82543e-10
-6.82543e-10
-3.23153e-09
-8.4622e-09
-1.08954
-29.1978
-46.5326
-92.2737
-64.2284
-42.8993
-4.43204
-0.551909
-13.7324
-41.6276
-82.9954
-82.2295
-79.5418
-35.7013
-23.0355
-31.6108
-42.9887
-58.2102
-63.5457
-32.9868
-0.190728
-6.12174e-09
-1.96551e-06
-3.73569
-72.8904
-52.5723
-70.8874
-68.7246
-48.6865
-38.4637
-61.4261
-77.7055
-82.818
-43.2693
-17.1266
-0.946058
-0.000102305
-2.9626
-41.1428
-59.4641
-100.514
-49.5464
-28.5826
-1.32464
-8.96187e-09
-3.30489e-09
-5.4956e-10
-5.4956e-10
-3.30489e-09
-8.96187e-09
-1.32464
-28.5826
-49.5464
-100.514
-59.4641
-41.1428
-2.9626
-0.000102305
-0.946058
-17.1266
-43.2693
-82.818
-77.7055
-61.4261
-38.4637
-48.6865
-68.7246
-70.8874
-52.5723
-72.8904
-3.73569
-1.96551e-06
-7.73403e-06
-8.39899
-54.7971
-42.4372
-63.8973
-54.2254
-40.7677
-31.0944
-63.843
-76.8003
-44.3001
-24.2121
-4.35695
-0.000291661
-1.06106e-08
-0.854144
-28.7754
-57.3541
-106.187
-51.2387
-28.3168
-1.45207
-9.15082e-09
-3.31215e-09
-4.62943e-10
-4.62943e-10
-3.31215e-09
-9.15082e-09
-1.45207
-28.3168
-51.2387
-106.187
-57.3541
-28.7754
-0.854144
-1.06106e-08
-0.000291661
-4.35695
-24.2121
-44.3001
-76.8003
-63.843
-31.0944
-40.7677
-54.2254
-63.8973
-42.4372
-54.7971
-8.39899
-7.73403e-06
-1.7214e-06
-3.03194
-79.5426
-61.0737
-72.5875
-56.5901
-37.0164
-35.4211
-68.5774
-47.3736
-35.738
-20.6053
-0.0170786
-4.7821e-09
-1.98754e-09
-0.141671
-18.8863
-52.8723
-102.023
-49.715
-28.3381
-1.46967
-8.99142e-09
-3.22444e-09
-3.95195e-10
-3.95195e-10
-3.22444e-09
-8.99142e-09
-1.46967
-28.3381
-49.715
-102.023
-52.8723
-18.8863
-0.141671
-1.98754e-09
-4.7821e-09
-0.0170786
-20.6053
-35.738
-47.3736
-68.5774
-35.4211
-37.0164
-56.5901
-72.5875
-61.0737
-79.5426
-3.03194
-1.7214e-06
-2.53268e-09
-0.0512203
-4.01296
-12.4337
-19.1663
-29.6761
-34.0082
-48.2037
-63.0626
-36.9084
-25.7379
-0.61103
-2.6466e-05
-1.38974e-09
-2.24642e-09
-0.0707323
-19.9339
-46.9025
-92.3006
-45.8523
-28.6359
-1.39595
-8.51577e-09
-3.05616e-09
-3.43664e-10
-3.43664e-10
-3.05616e-09
-8.51577e-09
-1.39595
-28.6359
-45.8523
-92.3006
-46.9025
-19.9339
-0.0707323
-2.24642e-09
-1.38974e-09
-2.6466e-05
-0.61103
-25.7379
-36.9084
-63.0626
-48.2037
-34.0082
-29.6761
-19.1663
-12.4337
-4.01296
-0.0512203
-2.53268e-09
-1.56943e-09
-4.10441e-09
-1.04345e-05
-0.000679678
-0.3672
-28.3768
-34.6084
-66.8821
-44.4746
-28.7596
-7.38976
-0.00119954
-1.91507e-09
-1.04728e-09
-2.53576e-09
-0.0959542
-22.2266
-41.0415
-81.7503
-41.2262
-28.5686
-1.24508
-7.86053e-09
-2.87408e-09
-3.30619e-10
-3.30619e-10
-2.87408e-09
-7.86053e-09
-1.24508
-28.5686
-41.2262
-81.7503
-41.0415
-22.2266
-0.0959542
-2.53576e-09
-1.04728e-09
-1.91507e-09
-0.00119954
-7.38976
-28.7596
-44.4746
-66.8821
-34.6084
-28.3768
-0.3672
-0.000679678
-1.04345e-05
-4.10441e-09
-1.56943e-09
-7.91153e-10
-2.9487e-09
-5.83264e-09
-0.0013567
-3.37412
-23.8323
-39.8166
-64.9724
-32.6637
-29.6734
-0.198884
-8.69248e-08
-1.00678e-09
-9.07593e-10
-2.94722e-09
-0.151191
-22.7485
-37.434
-70.8072
-36.665
-25.8834
-1.11226
-7.29561e-09
-2.80384e-09
-3.98024e-10
-3.98024e-10
-2.80384e-09
-7.29561e-09
-1.11226
-25.8834
-36.665
-70.8072
-37.434
-22.7485
-0.151191
-2.94722e-09
-9.07593e-10
-1.00678e-09
-8.69248e-08
-0.198884
-29.6734
-32.6637
-64.9724
-39.8166
-23.8323
-3.37412
-0.0013567
-5.83264e-09
-2.9487e-09
-7.91153e-10
-5.92969e-10
-3.1626e-09
-3.97607e-06
-0.216907
-45.8288
-38.0735
-53.7092
-50.1213
-34.3637
-12.1744
-0.00262135
-1.99752e-09
-4.44464e-10
-1.08564e-09
-5.56553e-09
-0.390377
-19.4723
-30.1837
-58.1161
-31.0262
-19.4884
-2.77141
-3.87479e-05
-3.02344e-09
-5.81952e-10
-5.81952e-10
-3.02344e-09
-3.87479e-05
-2.77141
-19.4884
-31.0262
-58.1161
-30.1837
-19.4723
-0.390377
-5.56553e-09
-1.08564e-09
-4.44464e-10
-1.99752e-09
-0.00262135
-12.1744
-34.3637
-50.1213
-53.7092
-38.0735
-45.8288
-0.216907
-3.97607e-06
-3.1626e-09
-5.92969e-10
-8.0979e-10
-4.07662e-09
-0.020869
-11.1558
-56.8954
-59.899
-50.8902
-51.2344
-28.2893
-0.77161
-1.32722e-06
-9.99645e-10
-2.46326e-10
-1.77893e-09
-0.000810752
-6.28657
-16.8917
-23.8212
-38.9843
-23.3636
-18.6135
-26.2282
-0.0399968
-3.68881e-09
-8.54969e-10
-8.54969e-10
-3.68881e-09
-0.0399968
-26.2282
-18.6135
-23.3636
-38.9843
-23.8212
-16.8917
-6.28657
-0.000810752
-1.77893e-09
-2.46326e-10
-9.99645e-10
-1.32722e-06
-0.77161
-28.2893
-51.2344
-50.8902
-59.899
-56.8954
-11.1558
-0.020869
-4.07662e-09
-8.0979e-10
-1.10321e-09
-0.000188614
-1.62769
-64.4573
-81.8592
-90.7928
-80.4014
-82.211
-42.9571
-0.307353
-1.76835e-07
-4.10132e-10
-4.56852e-10
-4.07033e-08
-0.248252
-34.3512
-20.6241
-25.4233
-18.8637
-23.7566
-19.818
-27.9742
-2.8087
-2.93135e-05
-1.07734e-09
-1.07734e-09
-2.93135e-05
-2.8087
-27.9742
-19.818
-23.7566
-18.8637
-25.4233
-20.6241
-34.3512
-0.248252
-4.07033e-08
-4.56852e-10
-4.10132e-10
-1.76835e-07
-0.307353
-42.9571
-82.211
-80.4014
-90.7928
-81.8592
-64.4573
-1.62769
-0.000188614
-1.10321e-09
-1.24273e-09
-0.0511734
-24.2901
-73.364
-96.1996
-87.5082
-74.8252
-83.349
-67.5944
-4.57835
-0.00174367
-1.40515e-10
-1.03242e-09
-0.00210023
-11.953
-19.1045
-25.2148
-26.6074
-19.7036
-21.8263
-22.5719
-15.828
-30.0684
-0.0218121
-1.08761e-09
-1.08761e-09
-0.0218121
-30.0684
-15.828
-22.5719
-21.8263
-19.7036
-26.6074
-25.2148
-19.1045
-11.953
-0.00210023
-1.03242e-09
-1.40515e-10
-0.00174367
-4.57835
-67.5944
-83.349
-74.8252
-87.5082
-96.1996
-73.364
-24.2901
-0.0511734
-1.24273e-09
-8.60047e-08
-0.85002
-59.2648
-94.2995
-88.8968
-90.1053
-74.9894
-97.4557
-66.2187
-32.4859
-0.174438
-8.56288e-11
-9.39288e-09
-0.375946
-48.8537
-20.2931
-26.4685
-20.9748
-9.53765
-17.4912
-24.0033
-18.3865
-32.8658
-0.919946
-1.99217e-09
-1.99217e-09
-0.919946
-32.8658
-18.3865
-24.0033
-17.4912
-9.53765
-20.9748
-26.4685
-20.2931
-48.8537
-0.375946
-9.39288e-09
-8.56288e-11
-0.174438
-32.4859
-66.2187
-97.4557
-74.9894
-90.1053
-88.8968
-94.2995
-59.2648
-0.85002
-8.60047e-08
-2.98929e-05
-4.27948
-75.3359
-95.4497
-98.0657
-76.6441
-53.3413
-55.3368
-32.1589
-38.3075
-2.41088
-5.9414e-09
-3.62732e-05
-6.80181
-51.3714
-29.9666
-23.9028
-18.8502
-21.2524
-16.6466
-21.9903
-19.0149
-29.876
-6.25545
-9.54441e-07
-9.54441e-07
-6.25545
-29.876
-19.0149
-21.9903
-16.6466
-21.2524
-18.8502
-23.9028
-29.9666
-51.3714
-6.80181
-3.62732e-05
-5.9414e-09
-2.41088
-38.3075
-32.1589
-55.3368
-53.3413
-76.6441
-98.0657
-95.4497
-75.3359
-4.27948
-2.98929e-05
-0.000251182
-13.0629
-69.3743
-57.8396
-74.344
-50.5097
-46.1678
-50.748
-40.3183
-62.8776
-3.50169
-2.5642e-08
-0.000605923
-26.3739
-65.5231
-40.3404
-41.0035
-27.0371
-2.77707
-23.2383
-30.0089
-23.1165
-41.1107
-14.8405
-8.81163e-06
-8.81163e-06
-14.8405
-41.1107
-23.1165
-30.0089
-23.2383
-2.77707
-27.0371
-41.0035
-40.3404
-65.5231
-26.3739
-0.000605923
-2.5642e-08
-3.50169
-62.8776
-40.3183
-50.748
-46.1678
-50.5097
-74.344
-57.8396
-69.3743
-13.0629
-0.000251182
-7.51039e-05
-6.79509
-80.8889
-56.6071
-33.013
-3.25215
-1.5571
-7.23675
-21.6439
-10.1029
-0.0950168
-2.30597e-09
-0.000267588
-13.6153
-96.7417
-62.0116
-23.4389
-0.184828
-0.000502971
-0.105304
-18.6804
-51.1183
-76.7568
-5.28092
-2.60885e-06
-2.60885e-06
-5.28092
-76.7568
-51.1183
-18.6804
-0.105304
-0.000502971
-0.184828
-23.4389
-62.0116
-96.7417
-13.6153
-0.000267588
-2.30597e-09
-0.0950168
-10.1029
-21.6439
-7.23675
-1.5571
-3.25215
-33.013
-56.6071
-80.8889
-6.79509
-7.51039e-05
-1.43938e-07
-0.0729402
-3.09184
-2.5809
-0.135191
-0.0007096
-4.83869e-07
-4.5129e-05
-0.000279382
-5.37212e-05
-7.49356e-08
-1.56556e-09
-1.02443e-06
-0.12951
-4.01282
-2.24532
-0.0463095
-2.02666e-05
-2.69375e-09
-1.37958e-06
-0.0199393
-1.23983
-1.77571
-0.0351943
-3.1194e-09
-3.1194e-09
-0.0351943
-1.77571
-1.23983
-0.0199393
-1.37958e-06
-2.69375e-09
-2.02666e-05
-0.0463095
-2.24532
-4.01282
-0.12951
-1.02443e-06
-1.56556e-09
-7.49356e-08
-5.37212e-05
-0.000279382
-4.5129e-05
-4.83869e-07
-0.0007096
-0.135191
-2.5809
-3.09184
-0.0729402
-1.43938e-07
-5.98878e-10
-1.49829e-09
-2.13712e-08
-1.12568e-08
-6.08468e-10
-4.98735e-10
-4.72793e-10
-4.96505e-10
-5.11854e-10
-4.2658e-10
-2.4425e-10
-4.66989e-10
-1.46059e-09
-4.36653e-09
-8.516e-08
-2.36861e-08
-6.15875e-10
-4.20114e-10
-3.40101e-10
-4.62998e-10
-6.41773e-10
-7.0483e-10
-9.69083e-10
-9.16258e-10
-2.88157e-10
-2.88157e-10
-9.16258e-10
-9.69083e-10
-7.0483e-10
-6.41773e-10
-4.62998e-10
-3.40101e-10
-4.20114e-10
-6.15875e-10
-2.36861e-08
-8.516e-08
-4.36653e-09
-1.46059e-09
-4.66989e-10
-2.4425e-10
-4.2658e-10
-5.11854e-10
-4.96505e-10
-4.72793e-10
-4.98735e-10
-6.08468e-10
-1.12568e-08
-2.13712e-08
-1.49829e-09
-5.98878e-10
-5.98878e-10
-1.49829e-09
-2.13712e-08
-1.12568e-08
-6.08468e-10
-4.98735e-10
-4.72793e-10
-4.96505e-10
-5.11854e-10
-4.2658e-10
-2.4425e-10
-4.66989e-10
-1.46059e-09
-4.36653e-09
-8.516e-08
-2.36861e-08
-6.15875e-10
-4.20114e-10
-3.40101e-10
-4.62998e-10
-6.41773e-10
-7.0483e-10
-9.69083e-10
-9.16258e-10
-2.88157e-10
-2.88157e-10
-9.16258e-10
-9.69083e-10
-7.0483e-10
-6.41773e-10
-4.62998e-10
-3.40101e-10
-4.20114e-10
-6.15875e-10
-2.36861e-08
-8.516e-08
-4.36653e-09
-1.46059e-09
-4.66989e-10
-2.4425e-10
-4.2658e-10
-5.11854e-10
-4.96505e-10
-4.72793e-10
-4.98735e-10
-6.08468e-10
-1.12568e-08
-2.13712e-08
-1.49829e-09
-5.98878e-10
-1.43938e-07
-0.0729402
-3.09184
-2.5809
-0.135191
-0.0007096
-4.83869e-07
-4.5129e-05
-0.000279382
-5.37212e-05
-7.49356e-08
-1.56556e-09
-1.02443e-06
-0.12951
-4.01282
-2.24532
-0.0463095
-2.02666e-05
-2.69375e-09
-1.37958e-06
-0.0199393
-1.23983
-1.77571
-0.0351943
-3.1194e-09
-3.1194e-09
-0.0351943
-1.77571
-1.23983
-0.0199393
-1.37958e-06
-2.69375e-09
-2.02666e-05
-0.0463095
-2.24532
-4.01282
-0.12951
-1.02443e-06
-1.56556e-09
-7.49356e-08
-5.37212e-05
-0.000279382
-4.5129e-05
-4.83869e-07
-0.0007096
-0.135191
-2.5809
-3.09184
-0.0729402
-1.43938e-07
-7.51039e-05
-6.79509
-80.8889
-56.6071
-33.013
-3.25215
-1.5571
-7.23675
-21.6439
-10.1029
-0.0950168
-2.30597e-09
-0.000267588
-13.6153
-96.7417
-62.0116
-23.4389
-0.184828
-0.000502971
-0.105304
-18.6804
-51.1183
-76.7568
-5.28092
-2.60885e-06
-2.60885e-06
-5.28092
-76.7568
-51.1183
-18.6804
-0.105304
-0.000502971
-0.184828
-23.4389
-62.0116
-96.7417
-13.6153
-0.000267588
-2.30597e-09
-0.0950168
-10.1029
-21.6439
-7.23675
-1.5571
-3.25215
-33.013
-56.6071
-80.8889
-6.79509
-7.51039e-05
-0.000251182
-13.0629
-69.3743
-57.8396
-74.344
-50.5097
-46.1678
-50.748
-40.3183
-62.8776
-3.50169
-2.5642e-08
-0.000605923
-26.3739
-65.5231
-40.3404
-41.0035
-27.0371
-2.77707
-23.2383
-30.0089
-23.1165
-41.1107
-14.8405
-8.81163e-06
-8.81163e-06
-14.8405
-41.1107
-23.1165
-30.0089
-23.2383
-2.77707
-27.0371
-41.0035
-40.3404
-65.5231
-26.3739
-0.000605923
-2.5642e-08
-3.50169
-62.8776
-40.3183
-50.748
-46.1678
-50.5097
-74.344
-57.8396
-69.3743
-13.0629
-0.000251182
-2.98929e-05
-4.27948
-75.3359
-95.4497
-98.0657
-76.6441
-53.3413
-55.3368
-32.1589
-38.3075
-2.41088
-5.9414e-09
-3.62732e-05
-6.80181
-51.3714
-29.9666
-23.9028
-18.8502
-21.2524
-16.6466
-21.9903
-19.0149
-29.876
-6.25545
-9.54441e-07
-9.54441e-07
-6.25545
-29.876
-19.0149
-21.9903
-16.6466
-21.2524
-18.8502
-23.9028
-29.9666
-51.3714
-6.80181
-3.62732e-05
-5.9414e-09
-2.41088
-38.3075
-32.1589
-55.3368
-53.3413
-76.6441
-98.0657
-95.4497
-75.3359
-4.27948
-2.98929e-05
-8.60047e-08
-0.85002
-59.2648
-94.2995
-88.8968
-90.1053
-74.9894
-97.4557
-66.2187
-32.4859
-0.174438
-8.56288e-11
-9.39288e-09
-0.375946
-48.8537
-20.2931
-26.4685
-20.9748
-9.53765
-17.4912
-24.0033
-18.3865
-32.8658
-0.919946
-1.99217e-09
-1.99217e-09
-0.919946
-32.8658
-18.3865
-24.0033
-17.4912
-9.53765
-20.9748
-26.4685
-20.2931
-48.8537
-0.375946
-9.39288e-09
-8.56288e-11
-0.174438
-32.4859
-66.2187
-97.4557
-74.9894
-90.1053
-88.8968
-94.2995
-59.2648
-0.85002
-8.60047e-08
-1.24273e-09
-0.0511734
-24.2901
-73.364
-96.1996
-87.5082
-74.8252
-83.349
-67.5944
-4.57835
-0.00174367
-1.40515e-10
-1.03242e-09
-0.00210023
-11.953
-19.1045
-25.2148
-26.6074
-19.7036
-21.8263
-22.5719
-15.828
-30.0684
-0.0218121
-1.08761e-09
-1.08761e-09
-0.0218121
-30.0684
-15.828
-22.5719
-21.8263
-19.7036
-26.6074
-25.2148
-19.1045
-11.953
-0.00210023
-1.03242e-09
-1.40515e-10
-0.00174367
-4.57835
-67.5944
-83.349
-74.8252
-87.5082
-96.1996
-73.364
-24.2901
-0.0511734
-1.24273e-09
-1.10321e-09
-0.000188614
-1.62769
-64.4573
-81.8592
-90.7928
-80.4014
-82.211
-42.9571
-0.307353
-1.76835e-07
-4.10132e-10
-4.56852e-10
-4.07033e-08
-0.248252
-34.3512
-20.6241
-25.4233
-18.8637
-23.7566
-19.818
-27.9742
-2.8087
-2.93135e-05
-1.07734e-09
-1.07734e-09
-2.93135e-05
-2.8087
-27.9742
-19.818
-23.7566
-18.8637
-25.4233
-20.6241
-34.3512
-0.248252
-4.07033e-08
-4.56852e-10
-4.10132e-10
-1.76835e-07
-0.307353
-42.9571
-82.211
-80.4014
-90.7928
-81.8592
-64.4573
-1.62769
-0.000188614
-1.10321e-09
-8.0979e-10
-4.07662e-09
-0.020869
-11.1558
-56.8954
-59.899
-50.8902
-51.2344
-28.2893
-0.77161
-1.32722e-06
-9.99645e-10
-2.46326e-10
-1.77893e-09
-0.000810752
-6.28657
-16.8917
-23.8212
-38.9843
-23.3636
-18.6135
-26.2282
-0.0399968
-3.68881e-09
-8.54969e-10
-8.54969e-10
-3.68881e-09
-0.0399968
-26.2282
-18.6135
-23.3636
-38.9843
-23.8212
-16.8917
-6.28657
-0.000810752
-1.77893e-09
-2.46326e-10
-9.99645e-10
-1.32722e-06
-0.77161
-28.2893
-51.2344
-50.8902
-59.899
-56.8954
-11.1558
-0.020869
-4.07662e-09
-8.0979e-10
-5.92969e-10
-3.1626e-09
-3.97607e-06
-0.216907
-45.8288
-38.0735
-53.7092
-50.1213
-34.3637
-12.1744
-0.00262135
-1.99752e-09
-4.44464e-10
-1.08564e-09
-5.56553e-09
-0.390377
-19.4723
-30.1837
-58.1161
-31.0262
-19.4884
-2.77141
-3.87479e-05
-3.02344e-09
-5.81952e-10
-5.81952e-10
-3.02344e-09
-3.87479e-05
-2.77141
-19.4884
-31.0262
-58.1161
-30.1837
-19.4723
-0.390377
-5.56553e-09
-1.08564e-09
-4.44464e-10
-1.99752e-09
-0.00262135
-12.1744
-34.3637
-50.1213
-53.7092
-38.0735
-45.8288
-0.216907
-3.97607e-06
-3.1626e-09
-5.92969e-10
-7.91153e-10
-2.9487e-09
-5.83264e-09
-0.0013567
-3.37412
-23.8323
-39.8166
-64.9724
-32.6637
-29.6734
-0.198884
-8.69248e-08
-1.00678e-09
-9.07593e-10
-2.94722e-09
-0.151191
-22.7485
-37.434
-70.8072
-36.665
-25.8834
-1.11226
-7.29561e-09
-2.80384e-09
-3.98024e-10
-3.98024e-10
-2.80384e-09
-7.29561e-09
-1.11226
-25.8834
-36.665
-70.8072
-37.434
-22.7485
-0.151191
-2.94722e-09
-9.07593e-10
-1.00678e-09
-8.69248e-08
-0.198884
-29.6734
-32.6637
-64.9724
-39.8166
-23.8323
-3.37412
-0.0013567
-5.83264e-09
-2.9487e-09
-7.91153e-10
-1.56943e-09
-4.10441e-09
-1.04345e-05
-0.000679678
-0.3672
-28.3768
-34.6084
-66.8821
-44.4746
-28.7596
-7.38976
-0.00119954
-1.91507e-09
-1.04728e-09
-2.53576e-09
-0.0959542
-22.2266
-41.0415
-81.7503
-41.2262
-28.5686
-1.24508
-7.86053e-09
-2.87408e-09
-3.30619e-10
-3.30619e-10
-2.87408e-09
-7.86053e-09
-1.24508
-28.5686
-41.2262
-81.7503
-41.0415
-22.2266
-0.0959542
-2.53576e-09
-1.04728e-09
-1.91507e-09
-0.00119954
-7.38976
-28.7596
-44.4746
-66.8821
-34.6084
-28.3768
-0.3672
-0.000679678
-1.04345e-05
-4.10441e-09
-1.56943e-09
-2.53268e-09
-0.0512203
-4.01296
-12.4337
-19.1663
-29.6761
-34.0082
-48.2037
-63.0626
-36.9084
-25.7379
-0.61103
-2.6466e-05
-1.38974e-09
-2.24642e-09
-0.0707323
-19.9339
-46.9025
-92.3006
-45.8523
-28.6359
-1.39595
-8.51577e-09
-3.05616e-09
-3.43664e-10
-3.43664e-10
-3.05616e-09
-8.51577e-09
-1.39595
-28.6359
-45.8523
-92.3006
-46.9025
-19.9339
-0.0707323
-2.24642e-09
-1.38974e-09
-2.6466e-05
-0.61103
-25.7379
-36.9084
-63.0626
-48.2037
-34.0082
-29.6761
-19.1663
-12.4337
-4.01296
-0.0512203
-2.53268e-09
-1.7214e-06
-3.03194
-79.5426
-61.0737
-72.5875
-56.5901
-37.0164
-35.4211
-68.5774
-47.3736
-35.738
-20.6053
-0.0170786
-4.7821e-09
-1.98754e-09
-0.141671
-18.8863
-52.8723
-102.023
-49.715
-28.3381
-1.46967
-8.99142e-09
-3.22444e-09
-3.95195e-10
-3.95195e-10
-3.22444e-09
-8.99142e-09
-1.46967
-28.3381
-49.715
-102.023
-52.8723
-18.8863
-0.141671
-1.98754e-09
-4.7821e-09
-0.0170786
-20.6053
-35.738
-47.3736
-68.5774
-35.4211
-37.0164
-56.5901
-72.5875
-61.0737
-79.5426
-3.03194
-1.7214e-06
-7.73403e-06
-8.39899
-54.7971
-42.4372
-63.8973
-54.2254
-40.7677
-31.0944
-63.843
-76.8003
-44.3001
-24.2121
-4.35695
-0.000291661
-1.06106e-08
-0.854144
-28.7754
-57.3541
-106.187
-51.2387
-28.3168
-1.45207
-9.15082e-09
-3.31215e-09
-4.62943e-10
-4.62943e-10
-3.31215e-09
-9.15082e-09
-1.45207
-28.3168
-51.2387
-106.187
-57.3541
-28.7754
-0.854144
-1.06106e-08
-0.000291661
-4.35695
-24.2121
-44.3001
-76.8003
-63.843
-31.0944
-40.7677
-54.2254
-63.8973
-42.4372
-54.7971
-8.39899
-7.73403e-06
-1.96551e-06
-3.73569
-72.8904
-52.5723
-70.8874
-68.7246
-48.6865
-38.4637
-61.4261
-77.7055
-82.818
-43.2693
-17.1266
-0.946058
-0.000102305
-2.9626
-41.1428
-59.4641
-100.514
-49.5464
-28.5826
-1.32464
-8.96187e-09
-3.30489e-09
-5.4956e-10
-5.4956e-10
-3.30489e-09
-8.96187e-09
-1.32464
-28.5826
-49.5464
-100.514
-59.4641
-41.1428
-2.9626
-0.000102305
-0.946058
-17.1266
-43.2693
-82.818
-77.7055
-61.4261
-38.4637
-48.6865
-68.7246
-70.8874
-52.5723
-72.8904
-3.73569
-1.96551e-06
-6.12174e-09
-0.190728
-32.9868
-63.5457
-58.2102
-42.9887
-31.6108
-23.0355
-35.7013
-79.5418
-82.2295
-82.9954
-41.6276
-13.7324
-0.551909
-4.43204
-42.8993
-64.2284
-92.2737
-46.5326
-29.1978
-1.08954
-8.4622e-09
-3.23153e-09
-6.82543e-10
-6.82543e-10
-3.23153e-09
-8.4622e-09
-1.08954
-29.1978
-46.5326
-92.2737
-64.2284
-42.8993
-4.43204
-0.551909
-13.7324
-41.6276
-82.9954
-82.2295
-79.5418
-35.7013
-23.0355
-31.6108
-42.9887
-58.2102
-63.5457
-32.9868
-0.190728
-6.12174e-09
-9.78642e-10
-0.000132274
-0.0877039
-1.00234
-0.841794
-0.215637
-0.169134
-8.97724
-29.7726
-48.3446
-83.8281
-81.2954
-78.8908
-37.4339
-16.2343
-10.5682
-42.7671
-70.4894
-85.7456
-43.929
-29.2121
-0.777433
-7.75995e-09
-3.16487e-09
-9.17802e-10
-9.17802e-10
-3.16487e-09
-7.75995e-09
-0.777433
-29.2121
-43.929
-85.7456
-70.4894
-42.7671
-10.5682
-16.2343
-37.4339
-78.8908
-81.2954
-83.8281
-48.3446
-29.7726
-8.97724
-0.169134
-0.215637
-0.841794
-1.00234
-0.0877039
-0.000132274
-9.78642e-10
-3.69036e-10
-1.50241e-09
-2.14357e-09
-1.96198e-09
-1.87879e-09
-2.2621e-09
-1.84014e-07
-0.0747618
-28.0755
-36.9156
-57.692
-79.6872
-77.371
-70.2455
-38.8865
-26.1195
-37.2419
-66.503
-80.2237
-42.5381
-27.7695
-0.485587
-7.05534e-09
-3.22713e-09
-1.34635e-09
-1.34635e-09
-3.22713e-09
-7.05534e-09
-0.485587
-27.7695
-42.5381
-80.2237
-66.503
-37.2419
-26.1195
-38.8865
-70.2455
-77.371
-79.6872
-57.692
-36.9156
-28.0755
-0.0747618
-1.84014e-07
-2.2621e-09
-1.87879e-09
-1.96198e-09
-2.14357e-09
-1.50241e-09
-3.69036e-10
-1.30533e-09
-2.39909e-09
-2.98457e-08
-8.90824e-09
-1.12368e-09
-1.14238e-09
-1.85619e-09
-0.000114134
-0.60965
-21.4006
-34.9703
-74.6149
-76.8141
-70.2903
-55.9352
-27.9599
-35.2237
-59.8318
-79.2311
-44.1158
-23.6824
-0.614215
-1.557e-08
-3.58049e-09
-2.09805e-09
-2.09805e-09
-3.58049e-09
-1.557e-08
-0.614215
-23.6824
-44.1158
-79.2311
-59.8318
-35.2237
-27.9599
-55.9352
-70.2903
-76.8141
-74.6149
-34.9703
-21.4006
-0.60965
-0.000114134
-1.85619e-09
-1.14238e-09
-1.12368e-09
-8.90824e-09
-2.98457e-08
-2.39909e-09
-1.30533e-09
-3.26929e-07
-0.0970433
-3.55095
-1.67538
-0.0223714
-5.69481e-06
-1.75273e-09
-2.05695e-09
-0.000124292
-1.08638
-22.895
-46.7574
-81.8433
-72.8547
-63.532
-52.8903
-52.7984
-66.562
-84.8371
-50.8713
-30.1975
-4.03205
-5.81997e-05
-4.44121e-09
-3.34284e-09
-3.34284e-09
-4.44121e-09
-5.81997e-05
-4.03205
-30.1975
-50.8713
-84.8371
-66.562
-52.7984
-52.8903
-63.532
-72.8547
-81.8433
-46.7574
-22.895
-1.08638
-0.000124292
-2.05695e-09
-1.75273e-09
-5.69481e-06
-0.0223714
-1.67538
-3.55095
-0.0970433
-3.26929e-07
-8.67433e-05
-7.96576
-76.8721
-53.4272
-13.3082
-0.141129
-0.000109299
-2.81094e-09
-2.19637e-09
-0.0011271
-6.55051
-39.6763
-57.166
-77.3139
-73.7046
-69.6171
-68.8104
-73.6017
-81.1603
-57.3227
-39.5669
-17.8095
-0.00251661
-6.16712e-09
-5.27235e-09
-5.27235e-09
-6.16712e-09
-0.00251661
-17.8095
-39.5669
-57.3227
-81.1603
-73.6017
-68.8104
-69.6171
-73.7046
-77.3139
-57.166
-39.6763
-6.55051
-0.0011271
-2.19637e-09
-2.81094e-09
-0.000109299
-0.141129
-13.3082
-53.4272
-76.8721
-7.96576
-8.67433e-05
-0.000228619
-12.7542
-65.4701
-55.22
-87.9854
-27.4759
-1.30928
-0.338949
-0.44437
-0.606579
-3.12261
-17.2876
-34.4109
-73.2056
-87.0534
-87.259
-82.9867
-79.4908
-77.7264
-72.2321
-47.6178
-16.6171
-0.0471432
-6.13316e-05
-0.000126501
-0.000126501
-6.13316e-05
-0.0471432
-16.6171
-47.6178
-72.2321
-77.7264
-79.4908
-82.9867
-87.259
-87.0534
-73.2056
-34.4109
-17.2876
-3.12261
-0.606579
-0.44437
-0.338949
-1.30928
-27.4759
-87.9854
-55.22
-65.4701
-12.7542
-0.000228619
-4.1889e-05
-4.43129
-69.0868
-86.1227
-97.6477
-56.6153
-22.1212
-19.8531
-22.1543
-24.6503
-26.9794
-26.7916
-17.9029
-62.8587
-126.83
-116.01
-99.8683
-84.6816
-71.3389
-57.3227
-39.5674
-10.7752
-0.445447
-1.9152
-8.82729
-8.82729
-1.9152
-0.445447
-10.7752
-39.5674
-57.3227
-71.3389
-84.6816
-99.8683
-116.01
-126.83
-62.8587
-17.9029
-26.7916
-26.9794
-24.6503
-22.1543
-19.8531
-22.1212
-56.6153
-97.6477
-86.1227
-69.0868
-4.43129
-4.1889e-05
-6.5768e-06
-3.49635
-82.1482
-70.0279
-86.8823
-76.2924
-59.8869
-67.9377
-68.4338
-68.6378
-68.2138
-62.2591
-53.3664
-135.56
-45916.7
-17806.2
-8177.45
-6041.1
-4597.37
-3253.17
-1877.02
-752.417
-248.612
-91.721
-10.1972
-10.1972
-91.721
-248.612
-752.417
-1877.02
-3253.17
-4597.37
-6041.1
-8177.45
-17806.2
-45916.7
-135.56
-53.3664
-62.2591
-68.2138
-68.6378
-68.4338
-67.9377
-59.8869
-76.2924
-86.8823
-70.0279
-82.1482
-3.49635
-6.5768e-06
