-6.9924e-24
-4.90972e-23
-1.02508
-5.85969
-29.0878
-29.6108
-56.4661
-87.7674
-84.2911
-87.7444
-89.1866
-86.3232
-103.869
-291.279
-104973
-41541.8
-19488.2
-14232.6
-10228.9
-6117.09
-2435.95
-627.042
-314.509
-145.125
-0.802422
-0.803515
-145.294
-314.886
-628.124
-2438.63
-6121.16
-10233.5
-14237.6
-19495.3
-41571.9
-105089
-292.096
-104.551
-87.2358
-90.2328
-88.836
-85.3825
-88.926
-57.2059
-29.9814
-29.4263
-5.92051
-1.04447
-4.95347e-23
-7.0535e-24
-8.33684e-24
-3.24322e-23
-0.513803
-86.4438
-28.2693
-7.20363
-22.5478
-35.3694
-31.2346
-34.8992
-35.9117
-26.0284
-38.9541
-135.013
-290.865
-279.657
-245.479
-208.96
-175.317
-138.761
-40.6872
-1.74327
-0.819296
-37.9365
-0.011107
-0.0111656
-37.7977
-0.819457
-1.75119
-40.7268
-138.818
-175.377
-209.004
-245.509
-279.698
-291.029
-135.142
-39.0722
-26.3333
-36.3384
-35.3345
-31.6436
-35.8538
-22.8603
-7.3012
-28.6753
-87.5943
-0.525519
-3.28016e-23
-8.49202e-24
-1.34286e-23
-2.99297e-23
-0.000424208
-1.80653
-1.31667
-0.0532753
-0.0746844
-0.0366083
-0.000957431
-0.000279153
-0.00087169
-2.33459
-59.8866
-156.28
-207.527
-220.301
-213.787
-207.592
-228.521
-147.518
-33.2882
-4.36334e-06
-3.63836e-09
-2.87636e-07
-1.21486e-09
-1.23808e-09
-2.93049e-07
-3.6974e-09
-4.32249e-06
-33.5845
-147.562
-228.583
-207.6
-213.742
-220.215
-207.409
-156.045
-59.6966
-2.46284
-0.00103808
-0.0003486
-0.00115415
-0.0403759
-0.0790805
-0.0553619
-1.36492
-1.86245
-0.000435974
-3.03885e-23
-1.37403e-23
-1.28727e-23
-1.95906e-23
-3.52244e-23
-3.8835e-23
-3.18619e-23
-2.24158e-23
-1.45867e-23
-9.48943e-24
-6.37468e-24
-4.62144e-24
-2.87332e-07
-25.0247
-143.352
-214.812
-194.38
-190.844
-187.08
-182.902
-176.292
-84.0932
-3.55024
-2.73878e-11
-1.81019e-23
-1.8663e-23
-1.5963e-23
-1.59646e-23
-1.86636e-23
-1.80988e-23
-2.59839e-11
-3.59094
-84.3028
-176.491
-182.874
-186.967
-190.678
-194.142
-214.393
-143.001
-25.1653
-2.90062e-07
-4.76121e-24
-6.63437e-24
-9.95425e-24
-1.52944e-23
-2.33031e-23
-3.28196e-23
-3.97059e-23
-3.58522e-23
-1.99523e-23
-1.3222e-23
-8.55651e-24
-1.1464e-23
-1.79844e-23
-2.01725e-23
-1.73488e-23
-1.23579e-23
-7.28949e-24
-4.51296e-24
-4.14025e-24
-1.83868e-09
-0.139623
-42.7431
-165.4
-175.379
-170.284
-164.988
-163.784
-163.103
-138.362
-46.7457
-0.0629156
-9.66634e-23
-1.33371e-23
-1.16118e-23
-1.00208e-23
-1.00214e-23
-1.16122e-23
-1.33355e-23
-8.37877e-23
-0.0629146
-46.8401
-138.417
-162.912
-163.588
-164.778
-170.036
-175.075
-165.065
-42.6571
-0.141929
-1.87471e-09
-4.41868e-24
-4.94798e-24
-7.86706e-24
-1.28803e-23
-1.78114e-23
-2.05548e-23
-1.82698e-23
-1.16745e-23
-8.82022e-24
-4.02531e-24
-6.47943e-24
-1.08953e-23
-1.41042e-23
-1.55257e-23
-1.54997e-23
-9.88544e-24
-6.04767e-24
-1.17702e-15
-0.000940384
-51.3183
-122.329
-188.123
-164.661
-149.431
-138.713
-143.05
-176.306
-117.286
-70.5138
-0.00587155
-1.81771e-23
-1.16638e-23
-7.83008e-24
-5.82088e-24
-5.82203e-24
-7.83289e-24
-1.16672e-23
-1.818e-23
-0.00582388
-70.9524
-117.057
-175.784
-142.794
-138.494
-149.19
-164.383
-187.825
-122.178
-51.3489
-0.000953331
-1.07774e-15
-6.5484e-24
-1.03091e-23
-1.51912e-23
-1.5306e-23
-1.40155e-23
-1.08911e-23
-6.52987e-24
-4.15055e-24
-1.30512e-24
-4.284e-24
-9.03137e-24
-1.50904e-23
-2.40016e-23
-4.97749e-05
-0.35571
-0.33064
-0.0233068
-8.20663
-83.0368
-178.103
-165.79
-149.006
-128.587
-105.475
-104.938
-158.175
-98.7217
-40.7272
-0.000548335
-1.98434e-23
-1.11835e-23
-5.78876e-24
-3.13234e-24
-3.13472e-24
-5.79581e-24
-1.11962e-23
-1.9869e-23
-0.000549788
-40.8925
-98.9472
-158.196
-104.804
-105.3
-128.364
-148.734
-165.466
-177.73
-82.8345
-8.6741
-0.0254867
-0.158647
-0.0815858
-6.38676e-06
-2.26544e-23
-1.45244e-23
-8.79503e-24
-4.21205e-24
-1.31843e-24
-9.35201e-25
-4.14904e-24
-9.60913e-24
-1.81074e-23
-3.34253e-23
-0.400042
-67.1211
-44.1136
-27.3448
-76.3042
-141.822
-157.27
-153.806
-140.71
-117.826
-52.2584
-62.0834
-138.991
-108.951
-49.4962
-0.0013532
-2.14032e-23
-1.13585e-23
-4.81485e-24
-1.56183e-24
-1.56559e-24
-4.82558e-24
-1.13752e-23
-2.14274e-23
-0.00138735
-50.1381
-108.898
-138.558
-61.9437
-52.1564
-117.61
-140.442
-153.467
-156.783
-141.309
-75.3252
-28.6626
-40.9387
-164.353
-0.0804982
-3.15051e-23
-1.7338e-23
-9.29571e-24
-4.04406e-24
-9.21982e-25
-2.82858e-24
-5.48213e-24
-1.08308e-23
-1.88194e-23
-3.2613e-23
-0.195025
-61.2631
-27.9317
-34.5007
-96.5046
-131.417
-147.369
-152.861
-145.491
-65.6144
-11.9673
-43.4412
-134.118
-120.112
-41.2466
-0.0357612
-2.29021e-23
-1.20672e-23
-4.59683e-24
-7.89954e-25
-7.95427e-25
-4.61141e-24
-1.20846e-23
-2.29083e-23
-0.0360418
-40.2671
-120.024
-133.269
-43.3539
-11.8706
-65.4969
-145.239
-152.578
-147.018
-130.923
-96.0152
-34.3264
-25.5154
-65.9668
-0.0609642
-3.13495e-23
-1.83394e-23
-1.06594e-23
-5.45498e-24
-2.89006e-24
-6.85516e-24
-8.4297e-24
-1.30531e-23
-1.81999e-23
-2.51559e-23
-4.85888e-06
-3.7628
-19.3107
-36.5251
-93.2752
-125.916
-149.501
-165.879
-80.1723
-3.47995
-0.00161843
-20.6496
-119.879
-165.712
-61.2894
-0.368361
-1.19197e-17
-1.35247e-23
-5.01064e-24
-5.73689e-25
-5.82041e-25
-5.03296e-24
-1.35515e-23
-1.29213e-17
-0.372824
-61.4719
-165.303
-119.363
-21.2073
-0.00163438
-3.46113
-80.0617
-165.696
-149.37
-125.825
-93.223
-36.4109
-17.3672
-3.81632
-3.79093e-06
-2.50544e-23
-1.82308e-23
-1.31512e-23
-8.55319e-24
-7.05668e-24
-1.2568e-23
-1.3928e-23
-1.83994e-23
-2.0258e-23
-2.15113e-23
-4.3415e-16
-0.0286864
-33.753
-81.6504
-130.631
-136.333
-164.483
-104.874
-23.6017
-1.56285e-05
-9.24216e-15
-0.370518
-67.1458
-146.495
-75.8534
-15.6555
-6.4547e-08
-1.66306e-23
-6.00236e-24
-6.93597e-25
-7.06627e-25
-6.03898e-24
-1.66831e-23
-6.49468e-08
-16.066
-75.847
-146.538
-67.5539
-0.397731
-1.06679e-14
-1.5726e-05
-23.5619
-104.847
-164.596
-136.646
-131.488
-82.5648
-34.4301
-0.0264058
-3.40128e-16
-2.20563e-23
-2.07154e-23
-1.87867e-23
-1.42202e-23
-1.29071e-23
-1.80526e-23
-2.42801e-23
-3.05418e-23
-2.80299e-23
-2.11829e-13
-0.00177261
-25.6557
-38.1536
-100.06
-109.971
-129.787
-103.439
-56.7044
-0.0345755
-1.72986e-13
-4.05975e-24
-0.00806929
-41.9287
-140.209
-96.6696
-55.0623
-0.00085066
-2.03206e-23
-7.1287e-24
-9.02053e-25
-9.21372e-25
-7.18509e-24
-2.03995e-23
-0.000914144
-54.503
-95.8382
-139.371
-39.5177
-0.00858624
-4.04423e-24
-1.78371e-13
-0.034426
-56.8361
-103.63
-130.177
-110.459
-100.694
-38.2355
-26.6467
-0.00179728
-2.23216e-13
-2.88001e-23
-3.12432e-23
-2.47339e-23
-1.84469e-23
-1.85393e-23
-3.4227e-05
-0.633004
-4.5614
-6.82878
-34.6115
-36.762
-56.2977
-72.8389
-88.7546
-120.352
-78.5746
-14.4439
-1.99883e-07
-4.45291e-24
-5.09304e-24
-6.12121e-05
-45.1464
-119.109
-127.065
-58.8534
-0.0168713
-5.61589e-22
-7.76734e-24
-1.03132e-24
-1.05777e-24
-7.85154e-24
-1.10908e-21
-0.0194118
-57.2256
-125.21
-115.682
-45.3254
-6.72567e-05
-5.10004e-24
-4.43413e-24
-1.97153e-07
-14.4614
-78.7178
-120.646
-89.0467
-73.1255
-56.4884
-36.9036
-35.6849
-7.05759
-4.5624
-0.61086
-3.19369e-05
-1.88341e-23
-8.60529e-24
-0.354925
-68.6756
-48.4053
-26.4641
-39.9477
-36.2822
-36.0407
-50.568
-63.0846
-76.3833
-41.8736
-5.3578
-1.10729e-17
-4.01774e-24
-5.21181e-24
-2.97797e-10
-4.78514
-61.7114
-95.715
-72.9006
-0.711784
-5.22228e-11
-8.1398e-24
-1.11799e-24
-1.14969e-24
-8.2865e-24
-6.20681e-11
-0.855693
-69.922
-95.3444
-59.4882
-5.45129
-3.81713e-10
-5.23603e-24
-4.00881e-24
-1.0475e-17
-5.3876
-41.958
-76.5494
-63.2434
-50.7146
-36.1621
-36.4359
-40.168
-26.6616
-48.4357
-69.094
-0.29316
-8.66663e-24
-8.80966e-24
-0.328422
-74.8664
-47.3016
-25.2134
-63.2832
-28.8389
-21.585
-39.0945
-45.4248
-52.9018
-29.11
-6.87612
-9.85412e-24
-4.24217e-24
-4.77499e-24
-2.19512e-16
-0.0945199
-263.478
-134.296
-418.618
-38.8425
-3.6832e-05
-1.8068e-17
-1.30411e-24
-1.31878e-24
-1.10284e-17
-4.05753e-05
-39.6355
-391.919
-120.697
-243.814
-0.115476
-3.53612e-16
-4.80938e-24
-4.24185e-24
-9.83964e-24
-6.86953
-29.1573
-52.9895
-45.5029
-39.165
-21.6436
-28.9998
-63.6826
-25.3444
-47.0448
-89.7766
-0.252453
-8.76045e-24
-1.92607e-23
-2.53722e-05
-0.403133
-2.71396
-14.021
-21.5988
-11.234
-21.5115
-36.8192
-32.0793
-38.7601
-22.5624
-1.32346
-1.31335e-23
-5.48369e-24
-5.11832e-24
-1.58385e-07
-1.30368
-132.359
-288.809
-431.351
-195.746
-2.27157
-0.00299017
-7.72793e-09
-4.98017e-09
-0.00234967
-2.48667
-200.368
-439.098
-282.949
-128.918
-1.60441
-1.98179e-07
-5.18733e-24
-5.50486e-24
-1.31375e-23
-1.31965
-22.5893
-38.8016
-32.1065
-36.8186
-21.5258
-11.2004
-21.6725
-13.9848
-2.33692
-0.306355
-1.78491e-05
-1.90798e-23
-1.99932e-23
-2.58494e-23
-3.09478e-23
-2.64825e-23
-1.1332e-09
-0.0631451
-88.0113
-45.61
-43.8174
-15.163
-29.2925
-22.3566
-0.883395
-1.0058e-13
-8.19419e-24
-6.76916e-24
-0.00259124
-157.01
-279.636
-175.861
-178.449
-219.488
-209.72
-73.8198
-0.00253162
-0.000829247
-52.8419
-213.163
-221.196
-177.872
-174.898
-273.824
-152.713
-0.00170062
-6.91471e-24
-8.26489e-24
-9.37664e-14
-0.87866
-22.3766
-29.3125
-15.17
-43.8173
-45.6019
-88.2908
-0.0640013
-1.16413e-09
-2.65569e-23
-3.09131e-23
-2.5724e-23
-1.98195e-23
-1.6448e-23
-1.74121e-23
-2.19415e-23
-1.08521e-19
-6.85433e-05
-14.3727
-278.287
-442.062
-236.227
-99.6084
-404.681
-211.616
-18.6102
-5.97961e-05
-1.09625e-21
-1.16203e-23
-0.00977073
-176.221
-346.067
-103.16
-291.937
-232.649
-146.741
-272.588
-0.0490065
-0.0131635
-277.951
-149.841
-231.638
-293.508
-104.879
-343.108
-173.847
-0.0043021
-1.18976e-23
-1.03124e-21
-5.82164e-05
-18.5314
-211.792
-405.356
-99.6466
-236.384
-442.253
-278.659
-14.4547
-6.95925e-05
-1.07443e-19
-2.19523e-23
-1.73563e-23
-1.63222e-23
-1.31343e-23
-1.47709e-23
-2.23828e-23
-1.89741e-08
-0.168527
-249.358
-366.803
-246.428
-128.487
-115.245
-546.252
-294.399
-406.447
-0.244404
-1.29014e-08
-2.10276e-23
-5.26041e-06
-0.126943
-0.43366
-0.00668939
-0.00113701
-0.00561266
-0.171603
-0.113182
-5.75962e-05
-1.30964e-05
-0.0449772
-0.124066
-0.00799942
-0.00115502
-0.00738613
-0.30443
-0.0605817
-1.69621e-06
-2.10154e-23
-1.24415e-08
-0.238828
-407.078
-294.725
-546.616
-115.221
-128.57
-246.648
-367.199
-249.679
-0.169873
-1.89756e-08
-2.242e-23
-1.47483e-23
-1.30513e-23
-1.15728e-23
-1.55465e-23
-2.95835e-23
-3.16046e-05
-157.117
-252.405
-274.789
-201.438
-0.188377
-20.0048
-270.561
-500.682
-151.203
-164.224
-0.00290844
-3.16333e-23
-3.85077e-23
-2.60217e-20
-3.60577e-19
-6.42501e-20
-3.40736e-22
-3.26003e-20
-1.53229e-19
-1.4818e-20
-7.34797e-23
-1.09251e-22
-2.66219e-19
-1.69586e-18
-1.86124e-19
-2.77174e-22
-1.63935e-19
-1.16013e-18
-9.99067e-20
-3.814e-23
-3.15916e-23
-0.00286047
-164.379
-151.366
-501.083
-270.954
-19.9365
-0.188339
-201.611
-275.065
-252.672
-157.363
-3.17692e-05
-2.96341e-23
-1.55405e-23
-1.15184e-23
-1.13437e-23
-1.74442e-23
-3.77462e-23
-0.0032682
-136.749
-208.951
-178.045
-0.0301691
-1.19468e-06
-0.0102461
-58.0881
-171.485
-178.128
-382.638
-0.034649
-2.7462e-22
-3.82467e-23
-4.43402e-23
-5.51432e-23
-6.5041e-23
-7.12811e-23
-7.35298e-23
-7.08362e-23
-6.33309e-23
-5.63925e-23
-5.65974e-23
-6.3824e-23
-7.13443e-23
-7.39344e-23
-7.15709e-23
-6.51881e-23
-5.50958e-23
-4.41318e-23
-3.80637e-23
-2.74895e-22
-0.0343527
-383.226
-178.292
-171.54
-58.0412
-0.0102637
-1.19248e-06
-0.0302333
-178.179
-209.14
-136.87
-0.00328261
-3.77935e-23
-1.74442e-23
-1.13079e-23
-1.08388e-23
-1.75932e-23
-3.99281e-23
-0.00270325
-311.831
-165.575
-0.0107062
-8.72481e-09
-4.42181e-23
-2.60152e-08
-0.000351197
-0.00297749
-0.0285681
-0.0604446
-4.02337e-05
-4.59044e-23
-3.38037e-23
-3.2184e-23
-3.50608e-23
-3.8926e-23
-4.17716e-23
-4.27823e-23
-4.165e-23
-3.88967e-23
-3.65282e-23
-3.66124e-23
-3.91064e-23
-4.18912e-23
-4.29901e-23
-4.19164e-23
-3.89873e-23
-3.50272e-23
-3.20824e-23
-3.37008e-23
-4.58393e-23
-4.02306e-05
-0.0603176
-0.0284285
-0.0029723
-0.0003529
-2.62502e-08
-4.32088e-23
-8.72404e-09
-0.0107206
-165.668
-312.068
-0.00270905
-3.99626e-23
-1.75949e-23
-1.08168e-23
-8.38167e-24
-1.39557e-23
-3.11688e-23
-1.33514e-06
-0.00280162
-0.000563997
-5.70216e-09
-3.11429e-23
-2.47621e-23
-2.5152e-23
-3.15066e-23
-1.12355e-22
-1.7526e-20
-2.45439e-20
-3.63542e-22
-3.1181e-23
-2.36265e-23
-2.04912e-23
-2.00471e-23
-2.07417e-23
-2.14754e-23
-2.16622e-23
-2.11172e-23
-2.00871e-23
-1.92651e-23
-1.92989e-23
-2.01736e-23
-2.12224e-23
-2.17563e-23
-2.15395e-23
-2.07646e-23
-2.00269e-23
-2.04416e-23
-2.35725e-23
-3.11395e-23
-3.76019e-22
-2.53293e-20
-1.80385e-20
-1.14915e-22
-3.15134e-23
-2.51609e-23
-2.47738e-23
-3.1158e-23
-5.70176e-09
-0.000564488
-0.00280532
-1.33729e-06
-3.11895e-23
-1.39581e-23
-8.37057e-24
-4.29277e-24
-7.92524e-24
-1.55565e-23
-2.43083e-23
-2.4938e-23
-2.09699e-23
-1.66458e-23
-1.27562e-23
-1.08168e-23
-1.08183e-23
-1.26809e-23
-1.60084e-23
-1.97936e-23
-2.20299e-23
-2.09068e-23
-1.71704e-23
-1.34954e-23
-1.09407e-23
-9.53046e-24
-8.87384e-24
-8.53728e-24
-8.22107e-24
-7.79929e-24
-7.32686e-24
-7.00401e-24
-7.01604e-24
-7.35782e-24
-7.83735e-24
-8.25453e-24
-8.5577e-24
-8.87655e-24
-9.51561e-24
-1.09146e-23
-1.34679e-23
-1.71492e-23
-2.08947e-23
-2.2027e-23
-1.97961e-23
-1.60123e-23
-1.26853e-23
-1.08233e-23
-1.08227e-23
-1.27631e-23
-1.66544e-23
-2.09814e-23
-2.4954e-23
-2.43265e-23
-1.55675e-23
-7.92839e-24
-4.28922e-24
-1.18753e-24
-3.86013e-24
-6.95377e-24
-7.87751e-24
-5.17006e-24
-2.44832e-24
-1.86366e-24
-2.01067e-24
-2.13859e-24
-2.34635e-24
-2.96288e-24
-4.35435e-24
-6.66573e-24
-9.09478e-24
-1.01856e-23
-9.38656e-24
-7.54096e-24
-5.59998e-24
-4.04716e-24
-2.95489e-24
-2.20871e-24
-1.6713e-24
-1.25383e-24
-9.36428e-25
-7.5689e-25
-7.6014e-25
-9.44178e-25
-1.2617e-24
-1.67532e-24
-2.20647e-24
-2.94562e-24
-4.03195e-24
-5.58199e-24
-7.52446e-24
-9.37498e-24
-1.01803e-23
-9.09479e-24
-6.66829e-24
-4.35713e-24
-2.9653e-24
-2.34846e-24
-2.14044e-24
-2.01225e-24
-1.86525e-24
-2.45099e-24
-5.17564e-24
-7.88568e-24
-6.96073e-24
-3.86351e-24
-1.18765e-24
-1.19168e-24
-3.86278e-24
-6.95651e-24
-7.88071e-24
-5.1738e-24
-2.45179e-24
-1.86629e-24
-2.01236e-24
-2.13942e-24
-2.34631e-24
-2.96188e-24
-4.35237e-24
-6.66289e-24
-9.09088e-24
-1.01805e-23
-9.38073e-24
-7.53619e-24
-5.60035e-24
-4.05881e-24
-2.98446e-24
-2.26182e-24
-1.75166e-24
-1.36208e-24
-1.06851e-24
-9.02979e-25
-9.05704e-25
-1.0735e-24
-1.36328e-24
-1.74556e-24
-2.24867e-24
-2.96665e-24
-4.03923e-24
-5.58169e-24
-7.52074e-24
-9.3701e-24
-1.01753e-23
-9.09036e-24
-6.66461e-24
-4.35417e-24
-2.96314e-24
-2.34703e-24
-2.13959e-24
-2.01189e-24
-1.86541e-24
-2.45173e-24
-5.17671e-24
-7.88673e-24
-6.96224e-24
-3.86577e-24
-1.192e-24
-4.30508e-24
-7.93267e-24
-1.55635e-23
-2.43165e-23
-2.49493e-23
-2.09812e-23
-1.66545e-23
-1.27618e-23
-1.08196e-23
-1.08181e-23
-1.26776e-23
-1.60019e-23
-1.97839e-23
-2.20153e-23
-2.08859e-23
-1.7145e-23
-1.34707e-23
-1.09299e-23
-9.55404e-24
-8.95287e-24
-8.68973e-24
-8.46074e-24
-8.13227e-24
-7.74386e-24
-7.47341e-24
-7.48634e-24
-7.77049e-24
-8.1503e-24
-8.45898e-24
-8.67076e-24
-8.92509e-24
-9.52515e-24
-1.09044e-23
-1.345e-23
-1.71294e-23
-2.08754e-23
-2.20109e-23
-1.97837e-23
-1.60028e-23
-1.26787e-23
-1.08192e-23
-1.08204e-23
-1.27623e-23
-1.6655e-23
-2.09831e-23
-2.49554e-23
-2.43264e-23
-1.55704e-23
-7.93477e-24
-4.30265e-24
-8.40166e-24
-1.3966e-23
-3.11753e-23
-1.32891e-06
-0.0027887
-0.000561506
-5.67839e-09
-3.11536e-23
-2.47676e-23
-2.51516e-23
-3.14997e-23
-1.14212e-22
-1.78703e-20
-2.50568e-20
-3.71471e-22
-3.11166e-23
-2.3553e-23
-2.04343e-23
-2.00489e-23
-2.08403e-23
-2.17023e-23
-2.205e-23
-2.16943e-23
-2.08529e-23
-2.01607e-23
-2.02094e-23
-2.09533e-23
-2.17675e-23
-2.20647e-23
-2.16727e-23
-2.07921e-23
-2.00016e-23
-2.03964e-23
-2.3524e-23
-3.1093e-23
-3.95296e-22
-2.65545e-20
-1.8862e-20
-1.19561e-22
-3.15025e-23
-2.51546e-23
-2.47709e-23
-3.11576e-23
-5.70474e-09
-0.000564337
-0.00280344
-1.33611e-06
-3.11873e-23
-1.39672e-23
-8.39398e-24
-1.08658e-23
-1.76033e-23
-3.99234e-23
-0.00268959
-311.81
-165.597
-0.0106571
-8.6884e-09
-4.42186e-23
-2.62508e-08
-0.000351973
-0.00296704
-0.0284883
-0.0604191
-4.02937e-05
-4.57901e-23
-3.36436e-23
-3.20245e-23
-3.49872e-23
-3.89927e-23
-4.20152e-23
-4.32687e-23
-4.24759e-23
-4.01174e-23
-3.80522e-23
-3.82127e-23
-4.04301e-23
-4.26785e-23
-4.32988e-23
-4.19443e-23
-3.88942e-23
-3.49041e-23
-3.19696e-23
-3.3609e-23
-4.57628e-23
-4.11776e-05
-0.061579
-0.0289142
-0.00297959
-0.000352978
-2.62346e-08
-4.39618e-23
-8.72437e-09
-0.0107107
-165.64
-311.94
-0.00270491
-3.99443e-23
-1.76038e-23
-1.08509e-23
-1.13781e-23
-1.74527e-23
-3.7727e-23
-0.00324815
-136.721
-208.904
-178.031
-0.0300044
-1.19107e-06
-0.0102325
-57.8594
-171.596
-178.308
-383.204
-0.0344193
-2.71186e-22
-3.79641e-23
-4.39947e-23
-5.49343e-23
-6.50102e-23
-7.1418e-23
-7.39453e-23
-7.1809e-23
-6.51239e-23
-5.88712e-23
-5.93902e-23
-6.60395e-23
-7.22639e-23
-7.39112e-23
-7.11998e-23
-6.4788e-23
-5.47806e-23
-4.39202e-23
-3.79345e-23
-2.85202e-22
-0.0349477
-383.501
-178.35
-171.605
-58.0291
-0.0102658
-1.19202e-06
-0.0301441
-178.103
-209.011
-136.79
-0.00327037
-3.77565e-23
-1.74525e-23
-1.13545e-23
-1.16182e-23
-1.55568e-23
-2.95564e-23
-3.13521e-05
-156.997
-252.318
-274.702
-201.399
-0.187029
-20.0327
-270.756
-500.949
-151.309
-164.383
-0.00286298
-3.15389e-23
-3.79935e-23
-8.73758e-20
-1.02039e-18
-1.48306e-19
-5.00669e-22
-3.45327e-20
-1.19e-19
-8.69775e-21
-7.72661e-23
-7.90175e-23
-4.35012e-21
-5.87774e-20
-1.73433e-20
-3.44452e-22
-1.81589e-19
-1.27533e-18
-1.10234e-19
-3.79808e-23
-3.15391e-23
-0.00289121
-164.327
-151.345
-501.022
-270.973
-19.9658
-0.187345
-201.487
-274.859
-252.473
-157.147
-3.16316e-05
-2.95887e-23
-1.55532e-23
-1.15828e-23
-1.31988e-23
-1.4791e-23
-2.23611e-23
-1.88008e-08
-0.166961
-249.232
-366.664
-246.347
-128.458
-115.283
-546.661
-294.625
-407.023
-0.238008
-1.23591e-08
-2.09719e-23
-1.83084e-06
-0.0628345
-0.307047
-0.00731379
-0.0011751
-0.00613151
-0.205618
-0.148405
-7.74238e-05
-0.000370119
-0.550897
-0.448162
-0.00498789
-0.00115703
-0.00757308
-0.303964
-0.0592999
-1.61924e-06
-2.0963e-23
-1.23596e-08
-0.239068
-407.313
-294.745
-546.776
-115.247
-128.483
-246.45
-366.894
-249.432
-0.168749
-1.89911e-08
-2.2386e-23
-1.47781e-23
-1.31445e-23
-1.65422e-23
-1.74554e-23
-2.19332e-23
-1.07358e-19
-6.77789e-05
-14.3984
-278.179
-441.963
-236.215
-99.632
-405.29
-211.763
-18.6012
-5.8052e-05
-1.00021e-21
-1.18995e-23
-0.00451139
-172.549
-341.224
-104.28
-290.403
-224.985
-151.025
-264.043
-0.0634396
-0.219174
-221.351
-169.281
-222.485
-288.386
-103.416
-340.33
-173.038
-0.00415695
-1.18399e-23
-1.01879e-21
-5.83828e-05
-18.517
-211.822
-405.733
-99.6329
-236.254
-441.886
-278.444
-14.4674
-6.87638e-05
-1.08569e-19
-2.19455e-23
-1.74241e-23
-1.64582e-23
-2.01209e-23
-2.59473e-23
-3.09584e-23
-2.64244e-23
-1.09009e-09
-0.0629338
-87.9944
-45.6085
-43.8117
-15.1631
-29.3094
-22.374
-0.876205
-9.47335e-14
-8.28239e-24
-6.91389e-24
-0.00170942
-151.855
-272.686
-174.35
-177.379
-220.239
-219.379
-78.0636
-0.00249627
-0.00695315
-93.4457
-251.862
-231.57
-183.381
-175.914
-274.76
-152.214
-0.00164988
-6.88839e-24
-8.30324e-24
-9.32617e-14
-0.875472
-22.3842
-29.3168
-15.1629
-43.7802
-45.5669
-88.2737
-0.0636344
-1.09496e-09
-2.6462e-23
-3.09599e-23
-2.58819e-23
-1.9999e-23
-1.93917e-23
-2.80742e-05
-0.440184
-2.86516
-14.0935
-21.5738
-11.1586
-21.5029
-36.7657
-32.0725
-38.7726
-22.5727
-1.31277
-1.31619e-23
-5.51897e-24
-5.18664e-24
-1.79479e-07
-1.45047
-129.412
-283.632
-433.803
-197.633
-2.80705
-0.00350965
-6.14025e-09
-1.30723e-08
-0.00317464
-2.26609
-204.532
-445.086
-291.194
-131.873
-1.53267
-1.92146e-07
-5.18093e-24
-5.54387e-24
-1.32074e-23
-1.31525
-22.5893
-38.7959
-32.0841
-36.7516
-21.5141
-11.1297
-21.6138
-13.9288
-2.6769
-0.404823
-2.62623e-05
-1.92502e-23
-8.85235e-24
-0.388438
-65.6638
-47.5963
-25.2988
-63.4902
-28.9199
-21.6159
-39.1115
-45.4396
-52.9204
-29.1206
-6.85027
-9.85956e-24
-4.2532e-24
-4.80956e-24
-2.61102e-16
-0.0995906
-250.403
-126.768
-400.258
-38.0262
-4.4514e-05
-1.51779e-17
-1.33719e-24
-1.35883e-24
-7.24507e-18
-3.64156e-05
-39.9044
-418.727
-133.69
-260.929
-0.107053
-2.80522e-16
-4.81347e-24
-4.27603e-24
-9.89813e-24
-6.86303
-29.1547
-52.9804
-45.491
-39.1591
-21.6608
-29.0327
-63.786
-25.3941
-47.2237
-72.183
-0.349461
-8.79242e-24
-8.69083e-24
-0.440814
-62.864
-48.7697
-26.6326
-40.0645
-36.3558
-36.0975
-50.6216
-63.1277
-76.4131
-41.8858
-5.39601
-1.00016e-17
-4.01845e-24
-5.23533e-24
-3.32356e-10
-4.98087
-59.916
-94.8645
-70.7253
-0.774435
-6.29829e-11
-7.93613e-24
-1.17417e-24
-1.15211e-24
-7.7819e-24
-7.24172e-11
-0.79505
-73.0162
-96.7521
-61.6586
-5.14609
-3.29688e-10
-5.23849e-24
-4.03786e-24
-1.02475e-17
-5.39535
-41.9523
-76.5377
-63.2392
-50.7226
-36.1846
-36.4609
-40.2248
-26.8196
-48.781
-68.2088
-0.386838
-8.76035e-24
-1.875e-23
-4.55778e-05
-0.774902
-5.134
-6.98392
-34.7582
-36.831
-56.3862
-72.9527
-88.8408
-120.375
-78.5171
-14.4789
-1.94771e-07
-4.44401e-24
-5.10384e-24
-6.3836e-05
-45.0511
-116.445
-125.299
-57.6959
-0.0180377
-6.54159e-22
-7.68034e-24
-1.0757e-24
-1.05233e-24
-7.59736e-24
-9.59997e-22
-0.0177541
-58.9611
-127.792
-119.206
-45.5395
-6.38779e-05
-5.10535e-24
-4.46318e-24
-1.9671e-07
-14.5005
-78.6655
-120.615
-89.0462
-73.1432
-56.5253
-36.9301
-35.4853
-7.25309
-4.94071
-0.69226
-3.84537e-05
-1.89785e-23
-1.8258e-23
-2.44462e-23
-3.06653e-23
-2.81132e-23
-2.08801e-13
-0.00171834
-25.7048
-38.1993
-100.327
-110.142
-129.914
-103.412
-56.7864
-0.0341925
-1.75362e-13
-4.05598e-24
-0.00832113
-40.2975
-138.861
-95.6138
-54.2798
-0.000903767
-2.01806e-23
-7.09674e-24
-9.31592e-25
-9.12741e-25
-7.03962e-24
-2.01008e-23
-0.000878863
-54.8742
-97.3194
-141.326
-41.5188
-0.00828744
-4.05832e-24
-1.74339e-13
-0.0343269
-56.8743
-103.593
-130.198
-110.467
-100.708
-38.2758
-26.686
-0.00182524
-2.32862e-13
-2.87069e-23
-3.11618e-23
-2.47588e-23
-1.85464e-23
-1.27165e-23
-1.40198e-23
-1.84658e-23
-2.03017e-23
-2.1558e-23
-3.09225e-16
-0.0275676
-33.8967
-82.0623
-130.938
-136.32
-164.341
-104.707
-23.5356
-1.56621e-05
-1.0737e-14
-0.387935
-67.0249
-145.802
-75.5284
-16.1017
-6.80037e-08
-1.6562e-23
-5.98967e-24
-7.08022e-25
-6.93958e-25
-5.94889e-24
-1.65007e-23
-6.57419e-08
-15.6646
-76.5533
-147.882
-67.9127
-0.378386
-9.03499e-15
-1.56074e-05
-23.5758
-104.812
-164.568
-136.627
-131.474
-82.5537
-34.3905
-0.0271324
-3.59439e-16
-2.19979e-23
-2.06594e-23
-1.87509e-23
-1.42284e-23
-1.29609e-23
-6.93992e-24
-8.46927e-24
-1.30639e-23
-1.81773e-23
-2.51067e-23
-6.05886e-06
-4.30181
-19.3655
-36.3693
-93.0313
-125.596
-149.203
-165.594
-80.0515
-3.47048
-0.00164568
-20.926
-118.877
-164.608
-61.1525
-0.374173
-1.41055e-17
-1.34804e-23
-5.0002e-24
-5.75595e-25
-5.65369e-25
-4.97134e-24
-1.34395e-23
-1.12e-17
-0.366272
-61.8615
-167.049
-120.812
-20.9776
-0.00161288
-3.46786
-80.0066
-165.62
-149.311
-125.77
-93.2344
-36.405
-17.5912
-3.77011
-3.56675e-06
-2.50195e-23
-1.82009e-23
-1.31342e-23
-8.55621e-24
-7.08306e-24
-2.86102e-24
-5.48096e-24
-1.07878e-23
-1.87047e-23
-3.23455e-23
-0.0971438
-56.1879
-26.636
-34.1668
-96.525
-130.704
-146.94
-152.585
-145.318
-65.5746
-11.9104
-43.0952
-132.76
-119.459
-40.3537
-0.0361445
-2.28398e-23
-1.20366e-23
-4.58569e-24
-7.83577e-25
-7.75964e-25
-4.56404e-24
-1.20052e-23
-2.28096e-23
-0.0356788
-41.2952
-121.085
-135.101
-43.8635
-11.9401
-65.437
-145.154
-152.516
-146.94
-130.759
-96.1092
-34.0584
-25.5444
-65.8377
-0.0589094
-3.13668e-23
-1.83369e-23
-1.06558e-23
-5.4573e-24
-2.90215e-24
-9.36015e-25
-4.12437e-24
-9.53437e-24
-1.79329e-23
-3.30158e-23
-0.125999
-96.2661
-42.3784
-28.0774
-74.5397
-142.325
-156.871
-153.586
-140.586
-117.813
-52.2286
-61.6157
-137.977
-108.395
-49.8835
-0.00139769
-2.13789e-23
-1.13404e-23
-4.80344e-24
-1.55057e-24
-1.54481e-24
-4.78628e-24
-1.13115e-23
-2.13349e-23
-0.0013438
-49.8178
-109.775
-140.001
-62.6287
-52.1535
-117.476
-140.401
-153.461
-156.769
-141.644
-74.9507
-28.7751
-40.5774
-160.221
-0.07942
-3.15682e-23
-1.73564e-23
-9.29998e-24
-4.04545e-24
-9.24889e-25
-1.29934e-24
-4.25939e-24
-8.96723e-24
-1.49515e-23
-2.36859e-23
-9.70164e-06
-0.100922
-0.173014
-0.0275672
-8.45731
-83.588
-178.292
-165.724
-148.892
-128.478
-105.324
-104.542
-157.685
-98.6181
-40.8121
-0.000568593
-1.9835e-23
-1.11695e-23
-5.77573e-24
-3.11806e-24
-3.11409e-24
-5.76367e-24
-1.11474e-23
-1.97935e-23
-0.000531277
-40.7811
-99.2569
-159.022
-105.386
-105.469
-128.442
-148.818
-165.576
-177.925
-83.1443
-8.8084
-0.0271886
-0.166137
-0.0840775
-6.51721e-06
-2.27073e-23
-1.45391e-23
-8.79598e-24
-4.20856e-24
-1.31189e-24
-4.03385e-24
-6.47429e-24
-1.08739e-23
-1.40616e-23
-1.54535e-23
-1.54061e-23
-9.962e-24
-6.17292e-24
-9.77316e-16
-0.00092613
-51.4004
-122.347
-188.027
-164.503
-149.229
-138.422
-142.548
-175.316
-116.735
-70.8476
-0.00599377
-1.81541e-23
-1.16452e-23
-7.81398e-24
-5.80469e-24
-5.80248e-24
-7.80806e-24
-1.16366e-23
-1.81434e-23
-0.00569711
-70.7068
-117.848
-177.093
-143.487
-138.886
-149.45
-164.595
-187.984
-122.246
-51.5487
-0.000989373
-1.27586e-15
-6.52803e-24
-1.02927e-23
-1.52035e-23
-1.53074e-23
-1.40074e-23
-1.0879e-23
-6.51744e-24
-4.1331e-24
-8.58843e-24
-1.14872e-23
-1.80165e-23
-2.02226e-23
-1.74198e-23
-1.24496e-23
-7.40331e-24
-4.60362e-24
-4.19285e-24
-1.80597e-09
-0.139812
-42.7293
-165.237
-175.165
-170.029
-164.669
-163.375
-162.63
-138.168
-46.7952
-0.0638541
-9.54158e-23
-1.33163e-23
-1.15939e-23
-1.00041e-23
-1.00028e-23
-1.1592e-23
-1.33159e-23
-8.49247e-23
-0.0617945
-46.754
-138.819
-163.572
-164.176
-165.242
-170.416
-175.426
-165.423
-42.7701
-0.14221
-1.92955e-09
-4.39806e-24
-4.9208e-24
-7.83235e-24
-1.28452e-23
-1.7775e-23
-2.05193e-23
-1.82395e-23
-1.16514e-23
-8.79277e-24
-1.29217e-23
-1.96413e-23
-3.53171e-23
-3.89743e-23
-3.20272e-23
-2.25772e-23
-1.47188e-23
-9.57476e-24
-6.41886e-24
-4.64437e-24
-2.8718e-07
-25.1299
-143.118
-214.482
-194.093
-190.533
-186.751
-182.619
-176.248
-84.1985
-3.60955
-2.7625e-11
-1.80797e-23
-1.86453e-23
-1.59482e-23
-1.59456e-23
-1.86444e-23
-1.80849e-23
-2.56447e-11
-3.51806
-84.2982
-176.735
-183.36
-187.493
-191.17
-194.6
-214.905
-143.36
-25.1333
-2.91823e-07
-4.74735e-24
-6.6135e-24
-9.92105e-24
-1.52465e-23
-2.32424e-23
-3.27505e-23
-3.96375e-23
-3.57982e-23
-1.99192e-23
-1.31899e-23
-1.34751e-23
-2.99992e-23
-0.000412576
-1.75661
-1.28076
-0.0517542
-0.0742861
-0.038525
-0.00114145
-0.000352495
-0.00104969
-2.46057
-59.7871
-156.075
-207.268
-220.003
-213.49
-207.325
-228.265
-147.354
-33.5879
-4.42592e-06
-3.66424e-09
-2.90039e-07
-1.22494e-09
-1.24439e-09
-2.94577e-07
-3.71611e-09
-4.24376e-06
-33.2576
-147.906
-229.106
-208.094
-214.262
-220.732
-207.869
-156.406
-59.8574
-2.45636
-0.00104895
-0.000351075
-0.00115657
-0.0401985
-0.0785388
-0.0549363
-1.35499
-1.84976
-0.000433153
-3.03496e-23
-1.37133e-23
-8.36046e-24
-3.24889e-23
-0.499948
-86.6319
-28.337
-7.22013
-22.6017
-35.4511
-31.3016
-34.9695
-35.9827
-26.0757
-38.9466
-134.914
-290.597
-279.344
-245.193
-208.728
-175.142
-138.63
-40.6753
-1.74994
-0.819103
-37.666
-0.0111924
-0.0111381
-37.8902
-0.819144
-1.74445
-40.7813
-139.105
-175.744
-209.459
-246.049
-280.294
-291.589
-135.379
-39.1204
-26.3071
-36.3073
-35.2992
-31.6107
-35.8169
-22.8378
-7.29396
-28.6447
-87.5057
-0.522457
-3.27708e-23
-8.4789e-24
-7.00179e-24
-4.9165e-23
-0.998182
-5.86953
-29.1433
-29.6726
-56.5906
-87.9579
-84.4688
-87.9215
-89.3568
-86.4618
-103.939
-291.197
-104890
-41504.2
-19468.2
-14218.6
-10220.1
-6113.47
-2435.85
-627.589
-314.729
-145.262
-0.806789
-0.800876
-145.172
-314.697
-627.833
-2440.83
-6130.93
-10252.9
-14266.4
-19535.2
-41651.5
-105276
-292.474
-104.586
-87.1795
-90.1571
-88.7493
-85.2936
-88.8327
-57.1498
-29.9534
-29.4002
-5.91573
-1.03887
-4.94987e-23
-7.04843e-24
