-7.82518e-24
-5.71824e-23
-0.0170885
-107.769
-284.163
-304.51
-713.553
-428.064
-340.274
-355.382
-363.129
-271.855
-133.385
-302.03
-106037
-41822.9
-19544.1
-14231.2
-10182.8
-6058.53
-2397.15
-612.104
-303.969
-137.36
-0.683653
-0.681057
-137.246
-303.844
-612.004
-2398.78
-6065.36
-10196.8
-14252.8
-19573.8
-41875.4
-106144
-302.029
-133.285
-265.474
-352.072
-343.251
-327.796
-410.911
-710.903
-302.884
-282.677
-107.254
-0.0175753
-5.69275e-23
-7.79077e-24
-8.95516e-24
-3.36204e-23
-0.012817
-268.67
-217.922
-70.641
-229.118
-109.469
-56.8841
-54.8698
-63.0989
-70.6167
-34.8972
-133.995
-291.902
-280.882
-246.471
-209.26
-174.698
-137.633
-40.0682
-1.66926
-0.807065
-51.6619
-0.00666642
-0.00663816
-51.8284
-0.807197
-1.66599
-40.1059
-137.822
-174.964
-209.616
-246.901
-281.347
-292.286
-134.144
-34.8907
-68.0874
-59.7049
-51.8639
-54.1061
-106.083
-227.795
-70.2044
-216.467
-267.017
-0.0131831
-3.34374e-23
-8.88124e-24
-1.28285e-23
-2.7299e-23
-1.97804e-05
-0.0411329
-0.0209185
-0.00015153
-0.000437115
-0.00118797
-0.000257617
-0.000137578
-0.000338458
-1.89137
-60.1836
-156.686
-208.534
-221.766
-215.412
-208.664
-227.316
-145.644
-29.3275
-3.85923e-06
-1.14178e-09
-7.92061e-08
-3.31863e-10
-3.33643e-10
-7.96211e-08
-1.14717e-09
-3.76951e-06
-29.1406
-145.838
-227.675
-209.079
-215.864
-222.213
-208.93
-157.025
-60.3576
-1.88738
-0.000361294
-0.000149668
-0.0002767
-0.0012403
-0.00045117
-0.000155468
-0.0214656
-0.0422382
-2.03254e-05
-2.71151e-23
-1.27007e-23
-1.1922e-23
-1.84964e-23
-3.32541e-23
-1.39608e-22
-1.02323e-22
-3.34416e-23
-2.50275e-23
-1.8083e-23
-1.27848e-23
-9.31256e-24
-3.98455e-07
-25.8581
-145.968
-217.463
-196.006
-192.689
-189.826
-186.12
-173.908
-78.3152
-2.58077
-3.27626e-11
-1.81086e-23
-1.83235e-23
-1.55353e-23
-1.55327e-23
-1.83221e-23
-1.81133e-23
-3.18787e-11
-2.52974
-78.2163
-174.121
-186.607
-190.327
-193.148
-196.44
-217.963
-146.284
-25.6042
-3.87512e-07
-9.13048e-24
-1.25386e-23
-1.77194e-23
-2.45345e-23
-3.29033e-23
-1.03133e-22
-1.40592e-22
-3.30122e-23
-1.83589e-23
-1.17895e-23
-8.03864e-24
-1.15953e-23
-1.93723e-23
-2.47034e-23
-2.55403e-23
-2.24782e-23
-1.79613e-23
-1.41954e-23
-1.28205e-23
-3.04449e-09
-0.173157
-41.0466
-165.529
-176.612
-171.494
-166.465
-167.784
-173.837
-135.754
-62.8067
-0.0397934
-1.9754e-22
-1.32538e-23
-1.13644e-23
-9.7012e-24
-9.69985e-24
-1.13624e-23
-1.32538e-23
-1.99144e-22
-0.0388048
-63.217
-136.031
-174.647
-168.37
-166.91
-171.882
-177.013
-165.849
-41.2558
-0.170349
-3.04788e-09
-1.24659e-23
-1.3693e-23
-1.72974e-23
-2.20282e-23
-2.52617e-23
-2.4539e-23
-1.92733e-23
-1.1526e-23
-7.94834e-24
-3.98486e-24
-7.12433e-24
-1.28118e-23
-1.80117e-23
-2.14475e-23
-2.28022e-23
-2.07594e-23
-1.74645e-23
-1.56374e-16
-0.00152508
-53.3032
-124.652
-191.254
-166.603
-150.146
-137.989
-144.618
-184.604
-118.788
-61.7088
-0.00430747
-1.79438e-23
-1.14157e-23
-7.55624e-24
-5.53589e-24
-5.53374e-24
-7.55012e-24
-1.14056e-23
-1.79288e-23
-0.00416753
-61.2435
-119.356
-185.65
-145.21
-138.34
-150.429
-166.885
-191.496
-124.713
-53.1704
-0.00155518
-1.93473e-16
-1.66626e-23
-1.95566e-23
-2.27927e-23
-2.15708e-23
-1.81053e-23
-1.28573e-23
-7.12932e-24
-3.95432e-24
-1.45924e-24
-5.00623e-24
-1.06512e-23
-1.74658e-23
-2.54489e-23
-7.17158e-06
-0.0239226
-0.0239883
-0.00687578
-22.1219
-71.0604
-172.88
-166.798
-151.834
-129.803
-100.239
-103.749
-163.563
-99.8712
-39.9717
-0.000551267
-1.91158e-23
-1.06776e-23
-5.42724e-24
-2.84748e-24
-2.84397e-24
-5.41568e-24
-1.06535e-23
-1.90655e-23
-0.00052181
-40.1369
-100.156
-164.223
-104.238
-100.34
-129.948
-152.039
-167.013
-173.049
-71.1363
-22.3342
-0.00661276
-0.0425933
-0.0614992
-2.08241e-05
-2.63545e-23
-1.78534e-23
-1.08187e-23
-5.06496e-24
-1.46917e-24
-1.00476e-24
-4.85077e-24
-1.11372e-23
-1.98889e-23
-3.25554e-23
-0.0300922
-156.155
-202.741
-96.0259
-51.4501
-119.166
-156.218
-157.726
-147.609
-112.611
-46.5509
-60.5747
-169.082
-116.933
-44.7359
-0.000604134
-2.02032e-23
-1.05526e-23
-4.34482e-24
-1.28508e-24
-1.2809e-24
-4.33077e-24
-1.05236e-23
-2.0147e-23
-0.000582203
-44.8245
-117.51
-170.124
-61.1579
-46.5297
-112.432
-147.8
-157.945
-156.484
-119.298
-51.6334
-92.6712
-218.811
-172.076
-0.0746572
-3.36583e-23
-2.03459e-23
-1.1321e-23
-4.90885e-24
-1.00647e-24
-2.51622e-24
-6.21086e-24
-1.30153e-23
-2.24346e-23
-3.59493e-23
-0.013629
-169.705
-191.72
-103.243
-74.1029
-146.468
-157.553
-161.189
-142.341
-84.7337
-10.983
-99.9636
-169.089
-152.693
-79.9961
-0.00921074
-2.12417e-23
-1.08826e-23
-4.00911e-24
-5.69087e-25
-5.65356e-25
-3.99654e-24
-1.08584e-23
-2.12061e-23
-0.0092462
-80.4894
-153.642
-170.679
-100.525
-10.96
-85.0661
-142.273
-161.391
-157.805
-146.831
-74.2842
-106.898
-205.159
-183.664
-0.0249842
-3.63514e-23
-2.26221e-23
-1.30782e-23
-6.2058e-24
-2.45797e-24
-5.63091e-24
-8.93444e-24
-1.61105e-23
-2.47125e-23
-3.53161e-23
-4.05451e-07
-0.133299
-166.463
-70.3489
-104.172
-157.77
-167.375
-171.344
-75.9706
-2.58835
-0.000388585
-12.8052
-132.456
-186.307
-77.959
-0.130211
-9.92751e-17
-1.16677e-23
-4.27688e-24
-4.99319e-25
-4.9705e-25
-4.26773e-24
-1.16484e-23
-8.29392e-17
-0.128885
-78.2193
-187.814
-133.765
-12.7012
-0.000376928
-2.57812
-75.8681
-171.379
-167.533
-158.096
-104.437
-71.5267
-170.841
-0.108881
-3.45738e-07
-3.50687e-23
-2.45757e-23
-1.60023e-23
-8.83664e-24
-5.48816e-24
-9.68468e-24
-1.33049e-23
-2.15347e-23
-2.86318e-23
-3.5024e-23
-3.28151e-14
-0.0034494
-86.3698
-52.3994
-136.07
-161.72
-186.08
-107.25
-22.536
-1.21189e-05
-3.70669e-14
-0.179172
-65.4745
-159.042
-79.715
-7.50832
-4.94578e-08
-1.34909e-23
-5.10044e-24
-9.142e-25
-9.14951e-25
-5.09644e-24
-1.34724e-23
-4.81528e-08
-7.36727
-80.1301
-160.018
-66.0781
-0.174284
-3.02927e-14
-1.20207e-05
-22.4941
-107.254
-186.067
-161.611
-136.088
-51.7379
-86.6683
-0.00362324
-3.80725e-14
-3.45263e-23
-2.82684e-23
-2.12687e-23
-1.31199e-23
-9.47053e-24
-1.32262e-23
-2.02448e-23
-4.54296e-22
-7.24864e-20
-9.41844e-12
-0.00031761
-9.25647
-114.115
-86.6331
-149.033
-170.771
-115.431
-66.5449
-0.0226999
-1.46821e-13
-3.61729e-24
-0.00259115
-84.5969
-163.987
-130.046
-62.7088
-0.00033315
-1.55155e-23
-6.16013e-24
-1.62115e-24
-1.6288e-24
-6.16566e-24
-1.54946e-23
-0.000330939
-62.6849
-130.483
-164.897
-84.7573
-0.00265482
-3.59746e-24
-1.45602e-13
-0.0225747
-66.5194
-115.32
-170.534
-148.86
-86.6013
-113.629
-9.55937
-0.000331678
-9.72811e-12
-7.75114e-20
-4.85177e-22
-1.99978e-23
-1.29868e-23
-1.35349e-23
-1.81831e-06
-0.0260227
-0.205581
-0.239589
-18.4016
-217.952
-242.303
-102.999
-128.578
-142.694
-78.2046
-5.54436
-1.48567e-07
-3.61491e-24
-3.77964e-24
-1.628e-05
-34.5243
-150.246
-164.557
-75.6888
-0.00887282
-1.59901e-23
-7.13518e-24
-2.48365e-24
-2.50855e-24
-7.15939e-24
-1.59663e-23
-0.0090032
-76.1947
-165.306
-150.939
-34.7877
-1.64226e-05
-3.7682e-24
-3.59941e-24
-1.48877e-07
-5.56344
-77.8527
-142.317
-128.258
-101.92
-238.592
-217.161
-18.1215
-0.245518
-0.207969
-0.0262158
-1.83045e-06
-1.33379e-23
-7.74636e-24
-0.023616
-206.259
-212.681
-150.426
-225.833
-228.606
-306.037
-349.197
-184.727
-137.836
-196.438
-0.192703
-8.02696e-16
-2.33962e-24
-3.1186e-24
-3.60694e-10
-5.07445
-61.4257
-107.077
-30.9931
-4.68941
-1.20595e-11
-8.59306e-24
-3.50922e-24
-3.58333e-24
-8.64997e-24
-1.52448e-11
-5.271
-31.3606
-107.876
-61.858
-5.66221
-2.92527e-10
-3.11501e-24
-2.32828e-24
-8.16124e-16
-0.194069
-195.427
-137.059
-183.444
-345.783
-305.898
-228.038
-224.968
-150.151
-212.034
-205.244
-0.0239724
-7.64849e-24
-3.78239e-24
-0.0239904
-166.559
-187.374
-138.339
-398.248
-231.338
-225.87
-510.131
-581.637
-593.383
-253.217
-0.0293407
-3.78134e-20
-1.37214e-24
-2.50612e-24
-3.62791e-18
-0.862233
-36.457
-75.5101
-46.9173
-33.6303
-0.00048524
-5.9984e-21
-4.49156e-24
-4.73166e-24
-4.3885e-21
-0.000434794
-33.0833
-47.3737
-76.1713
-36.7484
-1.02719
-1.80394e-18
-2.50554e-24
-1.3639e-24
-3.8814e-20
-0.0294519
-252.48
-590.809
-579.023
-509.595
-225.809
-230.821
-396.503
-137.795
-186.627
-166.047
-0.024477
-3.77324e-24
-3.76603e-24
-2.84033e-06
-0.0276153
-0.140398
-0.237655
-7.6222
-106.824
-203.952
-407.626
-476.124
-472.207
-221.643
-0.0021973
-1.31941e-21
-6.88787e-25
-2.8821e-24
-6.42234e-07
-13.7467
-20.0247
-35.3193
-40.2153
-16.9496
-21.3554
-0.00421052
-5.40746e-10
-4.63213e-09
-0.00748594
-18.9895
-17.2286
-40.7537
-35.6509
-20.1708
-14.3942
-6.2016e-07
-2.88611e-24
-6.83305e-25
-1.34045e-21
-0.00220077
-221.211
-471.413
-475.449
-406.912
-203.94
-106.689
-7.5502
-0.237689
-0.139981
-0.0278419
-2.90291e-06
-3.79847e-24
-3.21386e-24
-1.16275e-23
-1.94892e-23
-1.49765e-19
-5.84734e-10
-0.278738
-16.7156
-27.5552
-37.4043
-65.5815
-37.454
-59.8593
-0.0522123
-3.05696e-15
-5.37605e-25
-3.79205e-24
-0.010536
-46.7194
-43.7877
-17.2146
-17.3366
-21.6882
-27.6828
-110.845
-0.00157278
-0.00488473
-104.77
-29.3342
-22.3589
-17.6539
-17.3048
-44.2203
-47.0017
-0.0124777
-3.80278e-24
-5.3161e-25
-2.97819e-15
-0.0521714
-59.6057
-37.3968
-65.3786
-37.3313
-27.5091
-16.7643
-0.279918
-5.72158e-10
-1.42279e-19
-1.9425e-23
-1.16209e-23
-3.24164e-24
-2.61577e-24
-9.8794e-24
-1.95143e-23
-2.71674e-23
-0.000842353
-44.6567
-27.1309
-42.174
-32.7469
-14.769
-46.44
-22.6891
-21.5465
-0.000591522
-2.50467e-24
-5.87438e-24
-0.0312507
-86.2302
-49.7845
-6.34901
-22.8914
-16.0843
-18.5238
-100.932
-0.0792802
-0.174201
-116.618
-19.1395
-16.6015
-22.959
-6.30337
-50.0408
-77.6954
-0.0416039
-5.88164e-24
-2.49048e-24
-0.000594859
-21.5305
-22.684
-46.4571
-14.7468
-32.684
-42.1117
-27.1316
-44.539
-0.000840774
-2.70896e-23
-1.94599e-23
-9.86451e-24
-2.63192e-24
-2.58037e-24
-1.139e-23
-2.69347e-23
-1.24655e-06
-14.2817
-26.7584
-40.3318
-29.5639
-18.355
-9.05291
-55.1979
-32.0904
-50.3153
-5.52583
-2.71897e-07
-1.28094e-23
-7.69531e-06
-0.988187
-8.97206
-1.25204
-0.648977
-2.24
-5.8716
-1.15836
-0.000268094
-0.000468754
-1.54314
-6.24598
-1.83637
-0.633447
-1.18553
-9.77805
-1.23762
-1.14486e-05
-1.28396e-23
-2.71593e-07
-5.55332
-50.3447
-32.1034
-55.2078
-9.04052
-18.3121
-29.5266
-40.3018
-26.7378
-14.2403
-1.23896e-06
-2.68767e-23
-1.13719e-23
-2.58967e-24
-3.17065e-24
-1.42745e-23
-3.78146e-23
-0.00655337
-18.7096
-27.6365
-29.7515
-24.4273
-3.5466
-28.1508
-34.6739
-48.385
-18.368
-26.7805
-0.170247
-2.41336e-23
-3.61926e-23
-6.11808e-23
-8.18093e-23
-9.37727e-23
-1.00752e-22
-1.05434e-22
-1.05712e-22
-9.52651e-23
-7.78401e-23
-7.79199e-23
-9.50391e-23
-1.05443e-22
-1.05316e-22
-1.00678e-22
-9.37388e-23
-8.1885e-23
-6.13395e-23
-3.63031e-23
-2.41526e-23
-0.171739
-26.7425
-18.3735
-48.3932
-34.7518
-28.1256
-3.53528
-24.4038
-29.7287
-27.6158
-18.6908
-0.00653694
-3.77563e-23
-1.42573e-23
-3.17799e-24
-4.33366e-24
-1.67389e-23
-4.58138e-23
-0.719874
-15.998
-24.1104
-20.8407
-2.61887
-1.22985e-05
-0.0185367
-78.0583
-10.0494
-18.9704
-62.0317
-2.49321
-4.26224e-23
-3.63653e-23
-4.3653e-23
-5.32022e-23
-6.0511e-23
-6.52403e-23
-6.76892e-23
-6.72407e-23
-6.30172e-23
-5.77104e-23
-5.77085e-23
-6.29455e-23
-6.71419e-23
-6.76258e-23
-6.52101e-23
-6.05175e-23
-5.32576e-23
-4.37357e-23
-3.64292e-23
-4.26464e-23
-2.52584
-62.2226
-18.9707
-10.0377
-77.8995
-0.0186046
-1.22597e-05
-2.61792
-20.8274
-24.0942
-15.9875
-0.719116
-4.5763e-23
-1.67247e-23
-4.34007e-24
-5.52713e-24
-1.72098e-23
-4.64921e-23
-0.541403
-37.9465
-21.1952
-1.25862
-7.52832e-07
-2.30458e-23
-2.32546e-09
-0.00123776
-0.121717
-3.36178
-4.53263
-0.00246402
-4.83164e-23
-3.37151e-23
-3.17031e-23
-3.3922e-23
-3.67771e-23
-3.89826e-23
-4.01013e-23
-3.98693e-23
-3.83465e-23
-3.66946e-23
-3.66882e-23
-3.83194e-23
-3.98341e-23
-4.00778e-23
-3.89773e-23
-3.67932e-23
-3.39603e-23
-3.1753e-23
-3.37599e-23
-4.83471e-23
-0.00250421
-4.5969
-3.39638
-0.121929
-0.0012407
-2.34535e-09
-2.30408e-23
-7.52494e-07
-1.25835
-21.184
-37.9234
-0.540836
-4.64518e-23
-1.71981e-23
-5.53065e-24
-5.33417e-24
-1.42782e-23
-3.67411e-23
-0.000268957
-0.579307
-0.110367
-7.22015e-07
-2.47962e-23
-1.81364e-23
-2.10782e-23
-2.96943e-23
-3.90551e-23
-4.6926e-23
-5.11402e-23
-4.60639e-23
-3.20607e-23
-2.36982e-23
-2.02431e-23
-1.94847e-23
-1.9799e-23
-2.0289e-23
-2.05186e-23
-2.0307e-23
-1.97239e-23
-1.91808e-23
-1.9178e-23
-1.97155e-23
-2.02977e-23
-2.05152e-23
-2.02951e-23
-1.98159e-23
-1.95118e-23
-2.02756e-23
-2.373e-23
-3.20882e-23
-4.60859e-23
-5.11565e-23
-4.69354e-23
-3.90611e-23
-2.96977e-23
-2.10777e-23
-1.81328e-23
-2.47894e-23
-7.21608e-07
-0.110296
-0.578812
-0.00026867
-3.67114e-23
-1.42678e-23
-5.33346e-24
-3.25893e-24
-8.73484e-24
-1.86847e-23
-2.98364e-23
-2.88793e-23
-2.26758e-23
-1.63113e-23
-1.08212e-23
-8.39389e-24
-8.72858e-24
-1.09977e-23
-1.41295e-23
-1.74178e-23
-2.00757e-23
-2.0054e-23
-1.67386e-23
-1.32073e-23
-1.07069e-23
-9.26763e-24
-8.52601e-24
-8.12646e-24
-7.83062e-24
-7.52023e-24
-7.19589e-24
-6.96897e-24
-6.96849e-24
-7.19488e-24
-7.52048e-24
-7.8343e-24
-8.13503e-24
-8.54e-24
-9.2865e-24
-1.07288e-23
-1.323e-23
-1.67601e-23
-2.00725e-23
-2.00893e-23
-1.74259e-23
-1.41335e-23
-1.09988e-23
-8.72795e-24
-8.39195e-24
-1.08174e-23
-1.63037e-23
-2.26614e-23
-2.88561e-23
-2.98091e-23
-1.86661e-23
-8.72593e-24
-3.25555e-24
-1.24912e-24
-4.91932e-24
-9.0824e-24
-1.01205e-23
-6.10167e-24
-2.52951e-24
-1.85484e-24
-1.7281e-24
-1.49643e-24
-1.45368e-24
-1.82831e-24
-2.80229e-24
-4.58022e-24
-6.92605e-24
-8.56358e-24
-8.39683e-24
-7.00383e-24
-5.32597e-24
-3.89711e-24
-2.84391e-24
-2.10444e-24
-1.57931e-24
-1.19469e-24
-9.21322e-25
-7.7169e-25
-7.71366e-25
-9.20796e-25
-1.19503e-24
-1.58157e-24
-2.10931e-24
-2.85177e-24
-3.90802e-24
-5.33965e-24
-7.01951e-24
-8.41308e-24
-8.57828e-24
-6.93702e-24
-4.58688e-24
-2.80561e-24
-1.82964e-24
-1.45415e-24
-1.49654e-24
-1.72776e-24
-1.85335e-24
-2.52523e-24
-6.09217e-24
-1.01067e-23
-9.07037e-24
-4.91266e-24
-1.24643e-24
-1.2363e-24
-4.91222e-24
-9.07631e-24
-1.01134e-23
-6.09195e-24
-2.52025e-24
-1.84792e-24
-1.72318e-24
-1.49257e-24
-1.45018e-24
-1.82482e-24
-2.79884e-24
-4.57704e-24
-6.92334e-24
-8.56171e-24
-8.39668e-24
-7.00631e-24
-5.33211e-24
-3.90841e-24
-2.86261e-24
-2.1334e-24
-1.62128e-24
-1.25085e-24
-9.89559e-25
-8.45891e-25
-8.43231e-25
-9.82986e-25
-1.24323e-24
-1.61481e-24
-2.12903e-24
-2.86071e-24
-3.90949e-24
-5.33706e-24
-7.01568e-24
-8.4096e-24
-8.5754e-24
-6.93439e-24
-4.5844e-24
-2.80336e-24
-1.8277e-24
-1.45244e-24
-1.49482e-24
-1.72564e-24
-1.8503e-24
-2.52094e-24
-6.08765e-24
-1.01036e-23
-9.06729e-24
-4.90831e-24
-1.23792e-24
-3.22133e-24
-8.71662e-24
-1.86742e-23
-2.98274e-23
-2.8855e-23
-2.26492e-23
-1.62915e-23
-1.08076e-23
-8.38332e-24
-8.71864e-24
-1.0987e-23
-1.4118e-23
-1.74058e-23
-2.00637e-23
-2.00436e-23
-1.67341e-23
-1.32113e-23
-1.07216e-23
-9.29683e-24
-8.57628e-24
-8.20782e-24
-7.9544e-24
-7.69367e-24
-7.41391e-24
-7.20939e-24
-7.19984e-24
-7.39072e-24
-7.66722e-24
-7.93116e-24
-8.18891e-24
-8.56064e-24
-9.28442e-24
-1.07149e-23
-1.32137e-23
-1.67469e-23
-2.00631e-23
-2.00813e-23
-1.74187e-23
-1.4127e-23
-1.09932e-23
-8.72323e-24
-8.38743e-24
-1.08119e-23
-1.62958e-23
-2.26506e-23
-2.88473e-23
-2.98095e-23
-1.86625e-23
-8.71487e-24
-3.2303e-24
-5.27578e-24
-1.426e-23
-3.67569e-23
-0.000268382
-0.578015
-0.110115
-7.21067e-07
-2.47774e-23
-1.81221e-23
-2.10637e-23
-2.9676e-23
-3.90319e-23
-4.68972e-23
-5.1105e-23
-4.60267e-23
-3.20406e-23
-2.36958e-23
-2.02576e-23
-1.95181e-23
-1.98612e-23
-2.04016e-23
-2.07124e-23
-2.06106e-23
-2.01369e-23
-1.965e-23
-1.9622e-23
-2.00732e-23
-2.0546e-23
-2.06631e-23
-2.0365e-23
-1.98292e-23
-1.94868e-23
-2.02325e-23
-2.36883e-23
-3.20595e-23
-4.60715e-23
-5.1145e-23
-4.6925e-23
-3.90513e-23
-2.96887e-23
-2.10709e-23
-1.81271e-23
-2.47826e-23
-7.19843e-07
-0.109841
-0.576131
-0.000267284
-3.67288e-23
-1.42573e-23
-5.29355e-24
-5.45825e-24
-1.72126e-23
-4.65898e-23
-0.540714
-37.9781
-21.2018
-1.2542
-7.49745e-07
-2.30326e-23
-2.32867e-09
-0.00123743
-0.121823
-3.39657
-4.59125
-0.0024998
-4.82679e-23
-3.37024e-23
-3.171e-23
-3.39381e-23
-3.68105e-23
-3.9072e-23
-4.03201e-23
-4.03125e-23
-3.90502e-23
-3.75341e-23
-3.74534e-23
-3.88836e-23
-4.01723e-23
-4.02384e-23
-3.90245e-23
-3.67666e-23
-3.38807e-23
-3.16515e-23
-3.36757e-23
-4.83042e-23
-0.00252645
-4.63126
-3.41602
-0.122147
-0.00124274
-2.34357e-09
-2.30362e-23
-7.46481e-07
-1.25039
-21.1926
-37.9523
-0.5381
-4.65272e-23
-1.72021e-23
-5.48261e-24
-4.2671e-24
-1.67792e-23
-4.60189e-23
-0.719069
-16.0229
-24.1475
-20.8691
-2.60282
-1.22386e-05
-0.0185572
-78.0119
-10.0401
-18.9549
-62.1702
-2.51915
-4.2562e-23
-3.63565e-23
-4.36561e-23
-5.31719e-23
-6.04379e-23
-6.51791e-23
-6.77856e-23
-6.77779e-23
-6.41944e-23
-5.92288e-23
-5.89827e-23
-6.3752e-23
-6.74947e-23
-6.7692e-23
-6.51607e-23
-6.04092e-23
-5.30815e-23
-4.35316e-23
-3.62857e-23
-4.26114e-23
-2.53833
-62.5063
-19.0003
-10.0429
-77.9322
-0.0185968
-1.21647e-05
-2.59104
-20.8512
-24.1247
-16.0082
-0.713802
-4.59135e-23
-1.67543e-23
-4.29283e-24
-3.11237e-24
-1.43535e-23
-3.81116e-23
-0.00653093
-18.7924
-27.6964
-29.8129
-24.4716
-3.52226
-28.144
-34.6587
-48.329
-18.347
-26.7019
-0.171113
-2.40992e-23
-3.62268e-23
-6.12049e-23
-8.16898e-23
-9.34565e-23
-1.00271e-22
-1.04957e-22
-1.06039e-22
-9.71862e-23
-8.0752e-23
-7.99179e-23
-9.59882e-23
-1.05528e-22
-1.04996e-22
-1.00408e-22
-9.35335e-23
-8.15716e-23
-6.0934e-23
-3.60403e-23
-2.4117e-23
-0.172132
-26.7692
-18.3925
-48.4262
-34.7702
-28.1447
-3.50316
-24.4411
-29.7777
-27.6627
-18.7559
-0.00643735
-3.79692e-23
-1.43123e-23
-3.13592e-24
-2.51658e-24
-1.14862e-23
-2.72779e-23
-1.24e-06
-14.2697
-26.826
-40.4278
-29.623
-18.3797
-9.04178
-55.1494
-32.06
-50.2768
-5.52559
-2.70289e-07
-1.28205e-23
-1.06739e-05
-1.17444
-9.41715
-1.14834
-0.58778
-1.7952
-11.1891
-3.17762
-0.000861746
-0.000567085
-1.84066
-6.90643
-1.81377
-0.61141
-1.19455
-8.70925
-0.968038
-7.61591e-06
-1.27623e-23
-2.70125e-07
-5.56147
-50.4148
-32.132
-55.2647
-9.04946
-18.3303
-29.5771
-40.377
-26.7867
-14.0447
-1.20932e-06
-2.71173e-23
-1.14359e-23
-2.54304e-24
-2.51137e-24
-9.94801e-24
-1.99035e-23
-2.76684e-23
-0.00084236
-45.0215
-27.2158
-42.2603
-32.7732
-14.7612
-46.438
-22.6713
-21.4813
-0.000592255
-2.48635e-24
-5.89463e-24
-0.0393989
-80.6268
-49.816
-6.27613
-22.9367
-16.8238
-21.0345
-55.2776
-0.39221
-0.220227
-83.1637
-19.2
-16.1999
-22.8322
-6.3787
-49.3665
-93.2661
-0.0306228
-5.84332e-24
-2.52617e-24
-0.000597127
-21.6319
-22.705
-46.5303
-14.7567
-32.7205
-42.2004
-27.1942
-44.8209
-0.000827142
-2.74489e-23
-1.97244e-23
-9.90282e-24
-2.55611e-24
-3.0366e-24
-1.15419e-23
-2.01021e-23
-1.87077e-19
-6.01823e-10
-0.27985
-16.9383
-27.6191
-37.4309
-65.6752
-37.4191
-59.8635
-0.051788
-3.02182e-15
-5.34064e-25
-3.8189e-24
-0.0120313
-46.8485
-44.1996
-17.3941
-18.0931
-23.3474
-32.685
-60.5703
-0.0143659
-0.00547546
-84.8079
-29.4121
-22.0808
-17.476
-17.2536
-43.7057
-46.4805
-0.0100895
-3.76526e-24
-5.45398e-25
-2.92686e-15
-0.0520907
-59.6679
-37.4118
-65.4855
-37.3988
-27.5905
-17.038
-0.278296
-6.3549e-10
-1.96131e-19
-1.98213e-23
-1.15338e-23
-3.11547e-24
-3.54893e-24
-1.31423e-06
-0.0161739
-0.116033
-0.250919
-7.59471
-106.842
-204.35
-407.337
-475.581
-471.803
-221.568
-0.00218098
-1.30175e-21
-6.88479e-25
-2.90397e-24
-6.23742e-07
-14.6004
-20.3134
-36.066
-41.5713
-17.7017
-19.7461
-0.0227556
-3.02495e-08
-5.95735e-09
-0.00988538
-19.1305
-16.9868
-40.2486
-35.2898
-19.9513
-13.7474
-5.90387e-07
-2.87046e-24
-6.93614e-25
-1.2896e-21
-0.00218551
-221.389
-471.594
-475.481
-406.928
-204.344
-106.659
-7.48553
-0.26759
-0.0949274
-0.0102649
-6.82221e-07
-3.64824e-24
-3.67334e-24
-0.0124197
-162.862
-179.518
-136.825
-395.015
-230.672
-226.411
-510.347
-583.044
-594.585
-253.306
-0.0291778
-3.74696e-20
-1.37052e-24
-2.52707e-24
-2.4269e-18
-1.05234
-37.0422
-76.9853
-48.0358
-31.568
-0.000474663
-3.79407e-21
-5.45139e-24
-5.06123e-24
-1.29467e-20
-0.000474868
-31.8402
-46.7556
-75.3509
-36.3932
-0.895057
-2.13217e-18
-2.50412e-24
-1.37727e-24
-3.74112e-20
-0.0292413
-252.857
-592.293
-580.844
-510.344
-226.57
-230.988
-395.582
-137.281
-181.736
-166.431
-0.00730446
-3.69908e-24
-7.35966e-24
-0.013431
-202.133
-205.594
-149.182
-224.136
-227.6
-305.818
-349.956
-185.075
-138.022
-196.748
-0.191652
-8.02335e-16
-2.33325e-24
-3.141e-24
-3.25884e-10
-5.83001
-62.0222
-108.149
-31.8322
-5.35648
-1.28737e-11
-8.63954e-24
-3.95521e-24
-3.82004e-24
-8.47114e-24
-1.48851e-11
-4.73789
-30.8754
-107.041
-61.4034
-5.17151
-3.1228e-10
-3.11632e-24
-2.3442e-24
-7.91258e-16
-0.193205
-195.841
-137.234
-183.766
-346.744
-306.449
-227.938
-224.485
-150.056
-208.734
-202.762
-0.00869455
-7.38437e-24
-1.3016e-23
-1.26619e-06
-0.0217753
-0.194741
-0.249517
-18.4131
-217.203
-242.264
-103.301
-128.515
-142.557
-78.3204
-5.52202
-1.48097e-07
-3.59814e-24
-3.78566e-24
-1.73503e-05
-35.2065
-150.313
-164.64
-76.4815
-0.00929339
-1.55609e-23
-7.12618e-24
-2.69532e-24
-2.64022e-24
-7.0419e-24
-1.55595e-23
-0.00856405
-75.4308
-164.726
-150.396
-34.3961
-1.57971e-05
-3.77704e-24
-3.61965e-24
-1.48926e-07
-5.56631
-77.9302
-142.387
-128.348
-102.174
-238.996
-217.203
-18.3582
-0.277833
-0.194608
-0.0188907
-9.45567e-07
-1.31336e-23
-1.28528e-23
-2.01515e-23
-4.76234e-22
-7.89731e-20
-9.22824e-12
-0.000316263
-9.33299
-113.984
-86.5418
-148.951
-170.728
-115.363
-66.4645
-0.0226214
-1.45862e-13
-3.59825e-24
-0.00274149
-83.6084
-164.794
-129.86
-61.7221
-0.000339687
-1.5284e-23
-6.14152e-24
-1.72027e-24
-1.69245e-24
-6.08318e-24
-1.52204e-23
-0.000324147
-62.3338
-130.251
-163.993
-85.0009
-0.00256969
-3.61688e-24
-1.43831e-13
-0.0226553
-66.5389
-115.344
-170.585
-149.005
-86.76
-113.91
-9.75446
-0.000341733
-1.11735e-11
-1.33071e-19
-8.40123e-22
-2.01347e-23
-1.29133e-23
-9.47195e-24
-1.32801e-23
-2.17151e-23
-2.88913e-23
-3.52781e-23
-3.638e-14
-0.0036922
-87.4704
-52.6966
-135.928
-161.699
-185.977
-107.161
-22.4905
-1.20984e-05
-3.20127e-14
-0.1831
-66.459
-160.185
-80.637
-7.57506
-4.85735e-08
-1.33548e-23
-5.07546e-24
-9.53463e-25
-9.3776e-25
-5.03641e-24
-1.32993e-23
-4.90596e-08
-7.33297
-79.438
-158.934
-65.3301
-0.173534
-3.45453e-14
-1.20157e-05
-22.5357
-107.287
-186.072
-161.627
-136.147
-51.9779
-86.8465
-0.00365845
-4.13423e-14
-3.4803e-23
-2.85089e-23
-2.14719e-23
-1.32067e-23
-9.46998e-24
-5.52874e-24
-8.93759e-24
-1.62178e-23
-2.48957e-23
-3.5547e-23
-4.71806e-07
-0.150377
-167.837
-70.0527
-104.068
-157.617
-167.249
-171.212
-75.9165
-2.58293
-0.000390174
-13.0481
-133.217
-187.845
-76.2034
-0.133278
-8.06643e-17
-1.15632e-23
-4.24229e-24
-5.04164e-25
-4.95628e-25
-4.22092e-24
-1.15387e-23
-1.01591e-16
-0.127554
-78.8405
-186.337
-132.768
-12.5813
-0.000380653
-2.58803
-75.9761
-171.428
-167.482
-157.933
-104.334
-70.9423
-168.323
-0.121035
-3.83626e-07
-3.51386e-23
-2.46533e-23
-1.60768e-23
-8.87809e-24
-5.50383e-24
-2.47906e-24
-6.22783e-24
-1.30912e-23
-2.25677e-23
-3.61407e-23
-0.00989209
-171.113
-190.144
-102.913
-74.1186
-146.37
-157.436
-161.061
-142.235
-84.7532
-10.9521
-98.7937
-169.573
-152.683
-79.9717
-0.00950935
-2.10936e-23
-1.07931e-23
-3.96764e-24
-5.54238e-25
-5.50113e-25
-3.95794e-24
-1.07855e-23
-2.11024e-23
-0.00906147
-80.2439
-153.217
-169.736
-100.803
-10.9978
-84.8116
-142.398
-161.335
-157.725
-146.693
-74.2181
-105.331
-200.132
-173.358
-0.0217902
-3.60813e-23
-2.25304e-23
-1.30588e-23
-6.20748e-24
-2.46347e-24
-1.00286e-24
-4.87346e-24
-1.11922e-23
-1.99742e-23
-3.26649e-23
-0.0167136
-153.954
-202.57
-97.8059
-51.3021
-119.208
-156.103
-157.588
-147.358
-112.436
-46.1514
-61.5691
-169.525
-117.703
-44.8371
-0.000592175
-2.00793e-23
-1.04747e-23
-4.30041e-24
-1.25938e-24
-1.25786e-24
-4.29742e-24
-1.04745e-23
-2.00875e-23
-0.000593432
-44.6281
-116.817
-169.381
-60.3754
-46.7405
-112.658
-147.807
-157.897
-156.416
-119.241
-51.6726
-93.7891
-215.77
-172.053
-0.0613228
-3.31815e-23
-2.01633e-23
-1.1255e-23
-4.8897e-24
-1.00353e-24
-1.47548e-24
-5.03127e-24
-1.06935e-23
-1.75199e-23
-2.54965e-23
-2.96846e-06
-0.0124907
-0.0171562
-0.00720477
-22.0823
-71.1466
-172.886
-166.756
-151.75
-129.694
-100.602
-104.664
-164.484
-100.351
-40.0115
-0.000521244
-1.90165e-23
-1.0612e-23
-5.38351e-24
-2.81623e-24
-2.81619e-24
-5.38433e-24
-1.06163e-23
-1.90284e-23
-0.000547075
-39.964
-99.7384
-163.41
-103.552
-100.143
-129.934
-151.978
-166.93
-172.966
-71.0569
-22.2035
-0.00668068
-0.0374945
-0.0517134
-1.74801e-05
-2.60545e-23
-1.77274e-23
-1.07699e-23
-5.05278e-24
-1.47481e-24
-4.0096e-24
-7.15084e-24
-1.28498e-23
-1.80572e-23
-2.14949e-23
-2.28528e-23
-2.08592e-23
-1.75921e-23
-1.51071e-16
-0.00153402
-53.3917
-124.675
-191.317
-166.709
-150.341
-138.443
-145.444
-185.755
-119.559
-61.738
-0.0041433
-1.78788e-23
-1.13649e-23
-7.51553e-24
-5.50211e-24
-5.50275e-24
-7.51801e-24
-1.13707e-23
-1.78905e-23
-0.00430138
-61.3237
-118.708
-184.618
-144.535
-137.963
-150.207
-166.71
-191.362
-124.664
-53.174
-0.00153781
-1.79565e-16
-1.6978e-23
-2.00048e-23
-2.28484e-23
-2.15657e-23
-1.81014e-23
-1.28637e-23
-7.14434e-24
-3.98434e-24
-8.06574e-24
-1.16226e-23
-1.941e-23
-2.47468e-23
-2.55846e-23
-2.25256e-23
-1.80203e-23
-1.42577e-23
-1.28706e-23
-3.06051e-09
-0.173894
-41.0709
-165.779
-176.875
-171.85
-166.976
-168.45
-174.511
-136.342
-62.7558
-0.0388506
-1.78847e-22
-1.32142e-23
-1.1326e-23
-9.66602e-24
-9.66684e-24
-1.13287e-23
-1.32197e-23
-2.11305e-22
-0.0395887
-63.0729
-135.572
-173.957
-167.773
-166.455
-171.531
-176.721
-165.533
-41.2375
-0.171672
-3.06125e-09
-1.26174e-23
-1.38991e-23
-1.75642e-23
-2.22306e-23
-2.54059e-23
-2.46387e-23
-1.93414e-23
-1.15743e-23
-8.00636e-24
-1.19468e-23
-1.85236e-23
-3.32942e-23
-1.29755e-22
-9.49607e-23
-3.3466e-23
-2.5048e-23
-1.8108e-23
-1.28106e-23
-9.34079e-24
-3.96228e-07
-25.947
-146.266
-217.921
-196.476
-193.245
-190.454
-186.75
-174.461
-78.5562
-2.5408
-3.05407e-11
-1.80753e-23
-1.82842e-23
-1.54986e-23
-1.54994e-23
-1.8286e-23
-1.80778e-23
-3.34155e-11
-2.56134
-78.0859
-173.687
-186.048
-189.771
-192.65
-195.993
-217.473
-145.934
-25.6879
-3.95622e-07
-9.21005e-24
-1.26451e-23
-1.78737e-23
-2.47423e-23
-3.31394e-23
-1.03504e-22
-1.41025e-22
-3.31423e-23
-1.84363e-23
-1.18641e-23
-1.2847e-23
-2.73258e-23
-1.93901e-05
-0.0402965
-0.0204828
-0.000148442
-0.000428098
-0.00116035
-0.00024979
-0.000133115
-0.000329089
-1.88959
-60.3545
-157.083
-209.057
-222.379
-216.062
-209.323
-228.061
-146.137
-29.2526
-3.72688e-06
-1.15358e-09
-8.01683e-08
-3.35906e-10
-3.26432e-10
-7.7945e-08
-1.12563e-09
-3.86503e-06
-29.2073
-145.463
-227.085
-208.525
-215.307
-221.681
-208.467
-156.651
-60.1826
-1.88432
-0.000351127
-0.000143954
-0.000268015
-0.00121848
-0.00044575
-0.000154006
-0.0212464
-0.0417827
-2.00946e-05
-2.72114e-23
-1.27687e-23
-8.9648e-24
-3.36449e-23
-0.0125745
-268.819
-218.006
-70.6641
-229.132
-110.524
-57.8377
-55.9064
-64.2212
-71.3055
-34.9689
-134.299
-292.589
-281.624
-247.169
-209.881
-175.229
-138.062
-40.1827
-1.67027
-0.806578
-51.702
-0.00664988
-0.00663753
-51.683
-0.806274
-1.66554
-40.0194
-137.487
-174.538
-209.106
-246.322
-280.732
-291.738
-133.912
-34.8574
-69.1974
-61.1224
-53.1192
-55.2755
-107.522
-228.407
-70.4076
-217.148
-267.815
-0.0130239
-3.35305e-23
-8.91956e-24
-7.82999e-24
-5.72165e-23
-0.0167719
-107.826
-284.298
-304.591
-713.184
-433.698
-344.295
-359.196
-366.482
-273.417
-133.363
-302.513
-106272
-41924.6
-19596.8
-14271.4
-10212
-6075.35
-2402.92
-612.93
-304.054
-137.31
-0.681036
-0.683148
-137.172
-303.584
-611.26
-2394.27
-6052.16
-10173.5
-14220.3
-19531
-41795.9
-105965
-301.758
-133.3
-268.298
-356.725
-348.364
-333.091
-418.196
-712.184
-303.652
-283.391
-107.506
-0.0173618
-5.70553e-23
-7.80816e-24
