-7.81046e-24
-5.70716e-23
-0.0174442
-107.537
-283.496
-303.836
-713.36
-410.588
-327.472
-342.714
-351.355
-264.546
-133.616
-302.094
-106090
-41847.7
-19558.4
-14241.8
-10189.7
-6061.66
-2397.51
-611.773
-303.919
-137.378
-0.681043
-0.683332
-137.553
-304.238
-612.53
-2399.11
-6063.3
-10189.7
-14238.7
-19551.4
-41831.9
-106051
-302.037
-133.424
-270.348
-361.808
-354.289
-339.427
-427.121
-713.372
-304.413
-284.083
-107.744
-0.016765
-5.71718e-23
-7.82383e-24
-8.92865e-24
-3.35465e-23
-0.0130912
-267.945
-217.276
-70.4466
-228.598
-106.16
-53.9732
-51.6053
-59.2801
-67.6312
-34.8773
-134.035
-292.058
-281.094
-246.679
-209.437
-174.835
-137.738
-40.0833
-1.66471
-0.807115
-51.4894
-0.00674028
-0.00677218
-51.3226
-0.807134
-1.67008
-40.1055
-137.756
-174.823
-209.371
-246.563
-280.948
-291.929
-133.994
-34.8914
-70.039
-62.643
-54.5885
-56.6939
-109.275
-229.029
-70.6141
-217.834
-268.584
-0.01257
-3.36137e-23
-8.95299e-24
-1.27869e-23
-2.72323e-23
-2.01802e-05
-0.041937
-0.0213207
-0.000154728
-0.000450088
-0.00123654
-0.000275611
-0.000149077
-0.000357274
-1.888
-60.2378
-156.791
-208.688
-221.974
-215.638
-208.872
-227.517
-145.774
-29.151
-3.7271e-06
-1.22176e-09
-8.54646e-08
-3.58468e-10
-3.58473e-10
-8.54708e-08
-1.22169e-09
-3.79439e-06
-29.3694
-145.814
-227.516
-208.77
-215.489
-221.813
-208.543
-156.68
-60.1844
-1.8844
-0.000328279
-0.000134017
-0.000251248
-0.00116417
-0.000429254
-0.000148372
-0.0204417
-0.0402174
-1.93595e-05
-2.7294e-23
-1.28258e-23
-1.18876e-23
-1.84574e-23
-3.31708e-23
-1.24849e-22
-9.15841e-23
-3.3157e-23
-2.47457e-23
-1.78564e-23
-1.26114e-23
-9.16337e-24
-3.77416e-07
-25.6042
-146.077
-217.621
-196.174
-192.92
-190.094
-186.351
-173.983
-78.272
-2.53157
-3.09525e-11
-1.8102e-23
-1.83196e-23
-1.55335e-23
-1.55363e-23
-1.83215e-23
-1.80983e-23
-3.13298e-11
-2.57805
-78.5217
-174.074
-186.169
-189.888
-192.729
-195.987
-217.382
-145.899
-25.8648
-3.86346e-07
-9.29146e-24
-1.27597e-23
-1.80544e-23
-2.49916e-23
-3.34044e-23
-8.38541e-23
-1.14611e-22
-3.3249e-23
-1.84961e-23
-1.1922e-23
-8.03021e-24
-1.15939e-23
-1.93639e-23
-2.46576e-23
-2.54104e-23
-2.22099e-23
-1.75129e-23
-1.38401e-23
-1.25457e-23
-2.90914e-09
-0.169374
-41.0038
-165.568
-176.656
-171.625
-166.729
-168.151
-174.203
-135.953
-62.67
-0.0387895
-1.92562e-22
-1.32438e-23
-1.13572e-23
-9.6972e-24
-9.69848e-24
-1.13589e-23
-1.32433e-23
-1.84181e-22
-0.0395438
-62.2821
-135.969
-173.701
-167.864
-166.529
-171.448
-176.477
-165.396
-40.9631
-0.171872
-2.90375e-09
-1.27823e-23
-1.41681e-23
-1.79187e-23
-2.24492e-23
-2.55275e-23
-2.47036e-23
-1.93786e-23
-1.16013e-23
-8.04369e-24
-4.00441e-24
-7.16178e-24
-1.28851e-23
-1.81218e-23
-2.15745e-23
-2.28252e-23
-1.98909e-23
-1.68905e-23
-1.6712e-16
-0.00149106
-53.1213
-124.636
-191.197
-166.548
-150.193
-138.288
-145.153
-185.382
-119.267
-61.3291
-0.0041506
-1.7917e-23
-1.13968e-23
-7.54443e-24
-5.52981e-24
-5.5317e-24
-7.54966e-24
-1.14051e-23
-1.79288e-23
-0.00425061
-61.9192
-119.022
-184.807
-144.903
-138.141
-150.045
-166.391
-191.051
-124.579
-53.218
-0.00146607
-1.32786e-16
-1.74677e-23
-2.06776e-23
-2.28004e-23
-2.14664e-23
-1.80351e-23
-1.2832e-23
-7.13735e-24
-3.99452e-24
-1.4866e-24
-5.06709e-24
-1.07939e-23
-1.77633e-23
-2.61086e-23
-1.69001e-05
-0.0498781
-0.0365398
-0.00677564
-22.2523
-71.281
-172.91
-166.653
-151.595
-129.601
-100.737
-104.314
-163.819
-99.8917
-40.087
-0.000517515
-1.90543e-23
-1.06458e-23
-5.41055e-24
-2.84012e-24
-2.84325e-24
-5.4207e-24
-1.06667e-23
-1.90983e-23
-0.000539835
-39.9614
-99.9005
-163.66
-104.202
-100.746
-129.477
-151.441
-166.506
-172.819
-71.3048
-21.8986
-0.00729441
-0.0155513
-0.0107412
-2.41112e-06
-2.55359e-23
-1.75234e-23
-1.06877e-23
-5.02504e-24
-1.46886e-24
-1.00077e-24
-4.89766e-24
-1.12804e-23
-2.02159e-23
-3.32839e-23
-0.060943
-172.005
-214.802
-93.7641
-50.9775
-119.313
-155.989
-157.444
-147.1
-113.065
-46.1377
-60.9799
-168.954
-116.943
-44.7185
-0.000583191
-2.01371e-23
-1.05174e-23
-4.32683e-24
-1.27799e-24
-1.28186e-24
-4.33943e-24
-1.05426e-23
-2.01854e-23
-0.000604665
-44.7181
-116.8
-168.364
-60.8235
-46.0573
-113.127
-146.913
-157.26
-155.775
-119.309
-50.7695
-97.9458
-202.63
-158.481
-0.0151291
-3.27176e-23
-1.99817e-23
-1.11885e-23
-4.871e-24
-1.00419e-24
-2.43771e-24
-6.20292e-24
-1.30783e-23
-2.25846e-23
-3.6189e-23
-0.021734
-176.193
-200.667
-105.596
-74.4932
-146.48
-157.404
-160.974
-142.795
-83.8595
-10.9793
-99.3204
-169.509
-152.442
-79.8881
-0.0093485
-2.11977e-23
-1.08546e-23
-3.99426e-24
-5.63876e-25
-5.67703e-25
-4.00615e-24
-1.0875e-23
-2.1224e-23
-0.00938988
-79.5556
-151.794
-168.42
-98.6293
-10.9805
-83.659
-142.781
-160.789
-157.205
-146.255
-74.4381
-103.063
-190.93
-173.065
-0.00971404
-3.6129e-23
-2.2545e-23
-1.30758e-23
-6.22525e-24
-2.48874e-24
-5.4459e-24
-8.8524e-24
-1.6083e-23
-2.46953e-23
-3.52057e-23
-3.68784e-07
-0.114316
-166.633
-70.2477
-104.216
-157.396
-167.227
-171.591
-76.4062
-2.60666
-0.000379387
-12.7118
-133.02
-186.852
-77.1615
-0.129859
-8.08661e-17
-1.1649e-23
-4.26742e-24
-4.97055e-25
-5.00455e-25
-4.278e-24
-1.16658e-23
-8.96624e-17
-0.131253
-76.5887
-186.221
-132.231
-12.9201
-0.00039071
-2.6132
-76.4261
-171.467
-167.067
-157.179
-104.152
-69.4731
-165.859
-0.153792
-5.25571e-07
-3.5457e-23
-2.48266e-23
-1.61819e-23
-8.93563e-24
-5.5517e-24
-9.37403e-24
-1.31453e-23
-2.1465e-23
-2.8551e-23
-3.48322e-23
-3.07339e-14
-0.00342497
-86.0893
-51.8338
-135.731
-161.137
-185.797
-107.464
-22.5499
-1.21355e-05
-2.90248e-14
-0.175203
-65.8159
-159.103
-79.7788
-7.41162
-4.83894e-08
-1.34808e-23
-5.09735e-24
-9.15616e-25
-9.1827e-25
-5.10728e-24
-1.34997e-23
-4.90281e-08
-7.54616
-79.8561
-158.885
-65.6307
-0.181994
-3.47742e-14
-1.21509e-05
-22.5497
-107.344
-185.7
-161.098
-135.749
-51.9846
-86.5839
-0.00347613
-3.16336e-14
-3.51222e-23
-2.87666e-23
-2.16521e-23
-1.32893e-23
-9.51792e-24
-1.27882e-23
-1.9988e-23
-4.8729e-22
-8.24161e-20
-9.98229e-12
-0.000329272
-9.47354
-112.631
-86.6129
-148.762
-169.926
-115.241
-66.7862
-0.0229435
-1.44824e-13
-3.59362e-24
-0.00269171
-83.8955
-163.769
-129.406
-62.47
-0.000334926
-1.55072e-23
-6.1638e-24
-1.62781e-24
-1.62844e-24
-6.17265e-24
-1.55301e-23
-0.000338858
-62.4165
-129.399
-163.616
-83.7854
-0.00266705
-3.60721e-24
-1.43745e-13
-0.0229274
-66.671
-115.225
-170.065
-148.758
-86.5897
-113.116
-9.21057
-0.000314207
-9.58024e-12
-9.58255e-20
-6.12124e-22
-2.0213e-23
-1.29278e-23
-1.30311e-23
-1.30027e-06
-0.0224002
-0.202714
-0.262754
-18.295
-215.791
-232.326
-99.2161
-128.042
-142.797
-76.7817
-5.61093
-1.51082e-07
-3.59632e-24
-3.77204e-24
-1.66932e-05
-34.8712
-149.754
-163.995
-75.7954
-0.00909073
-1.59718e-23
-7.14722e-24
-2.5018e-24
-2.49616e-24
-7.15389e-24
-1.59994e-23
-0.00922971
-75.7658
-163.828
-149.563
-34.782
-1.70032e-05
-3.78029e-24
-3.60418e-24
-1.49946e-07
-5.55921
-77.2674
-142.852
-128.278
-100.671
-236.305
-216.313
-18.2586
-0.260611
-0.189014
-0.019383
-1.0075e-06
-1.30953e-23
-7.42456e-24
-0.0120154
-202.496
-207.174
-148.726
-223.833
-226.878
-304.444
-337.045
-180.412
-135.342
-192.943
-0.193987
-7.74077e-16
-2.32941e-24
-3.12316e-24
-2.85304e-10
-5.76375
-61.441
-107.124
-31.2133
-5.25067
-1.21812e-11
-8.61695e-24
-3.56247e-24
-3.53547e-24
-8.62493e-24
-1.56064e-11
-5.06129
-31.2154
-106.986
-61.3488
-5.36761
-3.70994e-10
-3.12571e-24
-2.33428e-24
-7.52957e-16
-0.19111
-194.155
-136.282
-181.984
-341.354
-304.802
-227.131
-224.158
-149.249
-207.351
-202.364
-0.0101981
-7.34717e-24
-3.70037e-24
-0.0100053
-165.83
-181.792
-136.853
-394.669
-229.544
-224.025
-508.894
-570.455
-581.722
-252.038
-0.0294375
-3.71471e-20
-1.3686e-24
-2.50615e-24
-1.4497e-18
-1.04181
-36.5355
-75.7674
-47.1622
-33.3412
-0.000419339
-4.71607e-21
-4.67042e-24
-4.55953e-24
-5.08794e-21
-0.000508603
-33.2992
-47.0401
-75.586
-36.4579
-0.930486
-3.72979e-18
-2.5073e-24
-1.3708e-24
-3.54798e-20
-0.0291065
-252.51
-585.306
-574.025
-509.466
-224.857
-230.139
-395.296
-137.07
-180.928
-163.757
-0.00914127
-3.67727e-24
-3.62679e-24
-9.16888e-07
-0.0131289
-0.107857
-0.266274
-7.60293
-106.367
-203.249
-407.814
-478.501
-474.163
-222.069
-0.00223297
-1.28586e-21
-6.90813e-25
-2.86219e-24
-5.69172e-07
-14.3869
-20.0251
-35.4346
-40.5151
-17.091
-19.0014
-0.00688465
-3.89132e-09
-6.36265e-10
-0.00452734
-21.3343
-17.0707
-40.3857
-35.36
-19.9765
-13.9471
-5.98235e-07
-2.86782e-24
-6.90713e-25
-1.23387e-21
-0.00220618
-222.022
-473.694
-477.748
-407.313
-203.461
-106.338
-7.57919
-0.260804
-0.105717
-0.0127686
-9.27282e-07
-3.57858e-24
-3.10092e-24
-1.15633e-23
-3.55976e-23
-2.26092e-19
-6.3149e-10
-0.275788
-16.7019
-27.4626
-37.4579
-63.9195
-37.6202
-58.4167
-0.0535866
-3.15522e-15
-5.4815e-25
-3.74354e-24
-0.0100581
-46.1307
-43.4292
-17.2391
-17.5373
-22.1306
-28.6875
-105.907
-0.00402315
-0.00167933
-111.241
-28.3186
-21.9112
-17.4498
-17.2697
-43.6079
-46.6674
-0.010365
-3.75703e-24
-5.44775e-25
-3.00582e-15
-0.052863
-58.6523
-37.5819
-64.0738
-37.4294
-27.4694
-16.7871
-0.277445
-6.15821e-10
-1.76229e-19
-1.99941e-23
-1.15178e-23
-3.05797e-24
-2.5494e-24
-9.91884e-24
-1.97554e-23
-2.74768e-23
-0.000837768
-44.8945
-27.1466
-42.2304
-32.9159
-14.818
-46.5361
-22.7643
-21.7151
-0.000610714
-2.54554e-24
-5.81912e-24
-0.0311008
-94.5068
-49.2793
-6.36828
-22.9774
-16.5199
-18.7577
-124.127
-0.151603
-0.0787973
-93.6087
-18.8924
-16.1696
-22.9047
-6.37801
-49.5142
-92.2949
-0.0320873
-5.83183e-24
-2.53097e-24
-0.000607551
-21.6706
-22.7461
-46.5439
-14.8043
-32.8946
-42.2362
-27.1807
-45.018
-0.000836363
-2.76147e-23
-1.98461e-23
-9.92742e-24
-2.52249e-24
-2.54034e-24
-1.14488e-23
-2.71475e-23
-1.23966e-06
-14.2515
-26.7991
-40.3881
-29.6216
-18.4414
-9.05563
-55.3075
-32.1679
-50.451
-5.68419
-2.81296e-07
-1.27607e-23
-7.81375e-06
-0.998059
-8.92496
-1.21923
-0.648406
-1.87611
-6.04871
-1.41865
-0.000420275
-0.00025869
-1.18039
-6.14421
-2.28323
-0.651165
-1.22495
-9.12224
-1.03308
-8.20484e-06
-1.27642e-23
-2.77804e-07
-5.65581
-50.4381
-32.1559
-55.2688
-9.03904
-18.4338
-29.6285
-40.412
-26.8157
-14.2126
-1.22482e-06
-2.72339e-23
-1.14697e-23
-2.52309e-24
-3.13528e-24
-1.43242e-23
-3.80005e-23
-0.00653331
-18.7615
-27.6756
-29.7919
-24.4634
-3.56146
-28.0137
-34.7883
-48.4881
-18.4083
-26.866
-0.175206
-2.41664e-23
-3.60266e-23
-6.09157e-23
-8.16262e-23
-9.37028e-23
-1.00699e-22
-1.05316e-22
-1.05299e-22
-9.47228e-23
-7.77114e-23
-7.80008e-23
-9.55034e-23
-1.05779e-22
-1.05371e-22
-1.00669e-22
-9.36792e-23
-8.1645e-23
-6.09642e-23
-3.60517e-23
-2.41364e-23
-0.174448
-26.8034
-18.3986
-48.4556
-34.8194
-28.0295
-3.54815
-24.4706
-29.8052
-27.6887
-18.784
-0.00651493
-3.80761e-23
-1.43422e-23
-3.11882e-24
-4.29534e-24
-1.6767e-23
-4.5947e-23
-0.720516
-16.0158
-24.1368
-20.8607
-2.6174
-1.23705e-05
-0.0188604
-77.2235
-10.0502
-18.9992
-62.1657
-2.555
-4.26893e-23
-3.63082e-23
-4.35298e-23
-5.30839e-23
-6.0423e-23
-6.51553e-23
-6.75687e-23
-6.70434e-23
-6.28117e-23
-5.76254e-23
-5.77377e-23
-6.30842e-23
-6.72632e-23
-6.76603e-23
-6.51833e-23
-6.04323e-23
-5.30958e-23
-4.35406e-23
-3.62977e-23
-4.26357e-23
-2.5573
-62.2983
-18.9861
-10.0352
-77.3231
-0.0188005
-1.23097e-05
-2.61468
-20.8651
-24.1431
-16.0202
-0.721433
-4.59964e-23
-1.67746e-23
-4.27555e-24
-5.49063e-24
-1.72183e-23
-4.65654e-23
-0.542704
-37.9749
-21.2046
-1.26065
-7.53722e-07
-2.30478e-23
-2.31126e-09
-0.00126275
-0.124496
-3.42531
-4.62746
-0.00251733
-4.83691e-23
-3.36997e-23
-3.1648e-23
-3.38555e-23
-3.6713e-23
-3.89159e-23
-4.00207e-23
-3.97699e-23
-3.8253e-23
-3.66443e-23
-3.66872e-23
-3.83557e-23
-3.98674e-23
-4.00793e-23
-3.89436e-23
-3.67243e-23
-3.38589e-23
-3.16426e-23
-3.36767e-23
-4.83143e-23
-0.00253326
-4.6496
-3.4338
-0.123875
-0.00125699
-2.31435e-09
-2.30347e-23
-7.52252e-07
-1.26056
-21.2013
-37.9754
-0.543184
-4.65828e-23
-1.72146e-23
-5.46868e-24
-5.30696e-24
-1.42767e-23
-3.67693e-23
-0.000269556
-0.580843
-0.110697
-7.25134e-07
-2.47943e-23
-1.81439e-23
-2.11044e-23
-2.97364e-23
-3.90936e-23
-4.69595e-23
-5.11894e-23
-4.61225e-23
-3.20922e-23
-2.37004e-23
-2.02235e-23
-1.94537e-23
-1.97634e-23
-2.02497e-23
-2.0474e-23
-2.0258e-23
-1.96793e-23
-1.91519e-23
-1.91677e-23
-1.97175e-23
-2.0298e-23
-2.05022e-23
-2.02647e-23
-1.97682e-23
-1.94507e-23
-2.02122e-23
-2.36776e-23
-3.2054e-23
-4.60676e-23
-5.11371e-23
-4.69182e-23
-3.90602e-23
-2.97095e-23
-2.10851e-23
-1.81297e-23
-2.47794e-23
-7.25273e-07
-0.110745
-0.581157
-0.000269703
-3.67628e-23
-1.42665e-23
-5.28675e-24
-3.24431e-24
-8.7328e-24
-1.86936e-23
-2.9854e-23
-2.88896e-23
-2.26795e-23
-1.63124e-23
-1.0823e-23
-8.39902e-24
-8.73904e-24
-1.10132e-23
-1.4148e-23
-1.74385e-23
-2.01021e-23
-2.00838e-23
-1.67616e-23
-1.32186e-23
-1.0707e-23
-9.25963e-24
-8.51299e-24
-8.11001e-24
-7.8114e-24
-7.49946e-24
-7.17654e-24
-6.95445e-24
-6.95968e-24
-7.18934e-24
-7.51337e-24
-7.82146e-24
-8.11451e-24
-8.51195e-24
-9.25321e-24
-1.06947e-23
-1.31997e-23
-1.67361e-23
-2.00542e-23
-2.00748e-23
-1.74163e-23
-1.41303e-23
-1.09992e-23
-8.72788e-24
-8.38916e-24
-1.0812e-23
-1.62974e-23
-2.26594e-23
-2.88685e-23
-2.98394e-23
-1.86832e-23
-8.72353e-24
-3.23021e-24
-1.24531e-24
-4.92023e-24
-9.08739e-24
-1.01274e-23
-6.10655e-24
-2.5318e-24
-1.85553e-24
-1.72843e-24
-1.49751e-24
-1.45617e-24
-1.83282e-24
-2.81004e-24
-4.59233e-24
-6.94357e-24
-8.5852e-24
-8.41815e-24
-7.0211e-24
-5.33761e-24
-3.9034e-24
-2.84588e-24
-2.10303e-24
-1.57533e-24
-1.18908e-24
-9.15508e-25
-7.672e-25
-7.68803e-25
-9.19349e-25
-1.19305e-24
-1.57765e-24
-2.10278e-24
-2.84259e-24
-3.89668e-24
-5.32704e-24
-7.00668e-24
-8.40104e-24
-8.56805e-24
-6.9295e-24
-4.58232e-24
-2.80321e-24
-1.82805e-24
-1.45245e-24
-1.49412e-24
-1.72467e-24
-1.85057e-24
-2.52521e-24
-6.09907e-24
-1.01208e-23
-9.08231e-24
-4.91623e-24
-1.24014e-24
-1.24002e-24
-4.91565e-24
-9.08053e-24
-1.01171e-23
-6.09364e-24
-2.51917e-24
-1.84508e-24
-1.72019e-24
-1.49036e-24
-1.44905e-24
-1.82535e-24
-2.80261e-24
-4.5858e-24
-6.93848e-24
-8.5824e-24
-8.41966e-24
-7.0283e-24
-5.35099e-24
-3.92308e-24
-2.87259e-24
-2.13869e-24
-1.62241e-24
-1.24921e-24
-9.87692e-25
-8.4686e-25
-8.48682e-25
-9.92003e-25
-1.2537e-24
-1.62541e-24
-2.13957e-24
-2.87122e-24
-3.91921e-24
-5.34415e-24
-7.0184e-24
-8.40791e-24
-8.57158e-24
-6.93149e-24
-4.58306e-24
-2.80268e-24
-1.82688e-24
-1.45124e-24
-1.49317e-24
-1.724e-24
-1.85022e-24
-2.52535e-24
-6.09939e-24
-1.01207e-23
-9.08302e-24
-4.91837e-24
-1.24513e-24
-3.23004e-24
-8.72049e-24
-1.86744e-23
-2.98217e-23
-2.88466e-23
-2.26381e-23
-1.62804e-23
-1.07996e-23
-8.37889e-24
-8.71774e-24
-1.0989e-23
-1.41225e-23
-1.74141e-23
-2.00795e-23
-2.00669e-23
-1.67609e-23
-1.32383e-23
-1.07463e-23
-9.31647e-24
-8.58859e-24
-8.21133e-24
-7.94897e-24
-7.68185e-24
-7.40275e-24
-7.20883e-24
-7.21512e-24
-7.41744e-24
-7.69719e-24
-7.96038e-24
-8.21843e-24
-8.59274e-24
-9.31846e-24
-1.07453e-23
-1.32331e-23
-1.67518e-23
-2.00571e-23
-2.00746e-23
-1.74147e-23
-1.41257e-23
-1.09934e-23
-8.72307e-24
-8.38607e-24
-1.081e-23
-1.62959e-23
-2.2658e-23
-2.88654e-23
-2.98319e-23
-1.86816e-23
-8.72881e-24
-3.24532e-24
-5.288e-24
-1.42613e-23
-3.67442e-23
-0.000269866
-0.581392
-0.110769
-7.2522e-07
-2.47617e-23
-1.81159e-23
-2.10691e-23
-2.96893e-23
-3.90402e-23
-4.69015e-23
-5.1121e-23
-4.60547e-23
-3.20731e-23
-2.37297e-23
-2.02895e-23
-1.95423e-23
-1.9872e-23
-2.03949e-23
-2.06852e-23
-2.05655e-23
-2.00909e-23
-1.96344e-23
-1.96544e-23
-2.0135e-23
-2.06073e-23
-2.07129e-23
-2.04109e-23
-1.98833e-23
-1.95529e-23
-2.02978e-23
-2.37305e-23
-3.20626e-23
-4.60355e-23
-5.11108e-23
-4.69023e-23
-3.9043e-23
-2.96909e-23
-2.1073e-23
-1.81248e-23
-2.47773e-23
-7.26125e-07
-0.110964
-0.582427
-0.000270357
-3.67448e-23
-1.42707e-23
-5.31142e-24
-5.47237e-24
-1.72078e-23
-4.65557e-23
-0.543559
-37.9553
-21.1901
-1.26139
-7.52993e-07
-2.30229e-23
-2.32002e-09
-0.00125899
-0.123911
-3.43117
-4.63688
-0.00252501
-4.83052e-23
-3.37459e-23
-3.17547e-23
-3.39706e-23
-3.6819e-23
-3.9049e-23
-4.02531e-23
-4.01919e-23
-3.89096e-23
-3.74713e-23
-3.75315e-23
-3.90314e-23
-4.02891e-23
-4.0302e-23
-3.90688e-23
-3.68329e-23
-3.39921e-23
-3.17791e-23
-3.37567e-23
-4.82871e-23
-0.00254584
-4.66861
-3.44788
-0.123304
-0.00124809
-2.28882e-09
-2.30314e-23
-7.55062e-07
-1.26446
-21.1923
-37.951
-0.544409
-4.6526e-23
-1.72093e-23
-5.49929e-24
-4.28085e-24
-1.67654e-23
-4.59606e-23
-0.722325
-16.011
-24.1291
-20.8532
-2.61731
-1.23565e-05
-0.0187788
-77.3931
-10.0326
-18.9467
-62.1669
-2.54326
-4.2593e-23
-3.64121e-23
-4.37263e-23
-5.32212e-23
-6.04464e-23
-6.51449e-23
-6.76715e-23
-6.75082e-23
-6.38037e-23
-5.9021e-23
-5.92091e-23
-6.41361e-23
-6.77117e-23
-6.77265e-23
-6.51392e-23
-6.04427e-23
-5.32542e-23
-4.37825e-23
-3.6445e-23
-4.25698e-23
-2.55138
-62.3051
-18.9404
-10.0264
-77.6272
-0.0186493
-1.23444e-05
-2.62602
-20.8461
-24.1194
-16.0045
-0.723796
-4.589e-23
-1.67525e-23
-4.30624e-24
-3.12444e-24
-1.43307e-23
-3.8034e-23
-0.00653756
-18.768
-27.6714
-29.7863
-24.4527
-3.55346
-28.0308
-34.7022
-48.3384
-18.3473
-26.6985
-0.172629
-2.41177e-23
-3.63128e-23
-6.13363e-23
-8.17654e-23
-9.346e-23
-1.00266e-22
-1.04874e-22
-1.05524e-22
-9.61269e-23
-8.00347e-23
-8.06803e-23
-9.70368e-23
-1.05894e-22
-1.04825e-22
-1.00144e-22
-9.33778e-23
-8.18028e-23
-6.14656e-23
-3.64031e-23
-2.41093e-23
-0.172273
-26.6385
-18.3387
-48.3128
-34.7184
-28.0696
-3.55249
-24.4342
-29.7674
-27.6534
-18.7401
-0.00656065
-3.79284e-23
-1.43031e-23
-3.14625e-24
-2.52987e-24
-1.14585e-23
-2.71912e-23
-1.23317e-06
-14.2579
-26.7996
-40.3865
-29.6032
-18.4123
-9.03473
-55.1603
-32.0694
-50.2906
-5.56628
-2.72208e-07
-1.28352e-23
-1.35636e-05
-1.37573
-10.296
-1.16297
-0.611381
-1.8158
-7.46453
-2.08196
-0.000656494
-0.000986531
-3.2133
-10.5116
-1.82803
-0.597377
-1.14274
-10.8847
-1.53847
-1.60319e-05
-1.28617e-23
-2.69402e-07
-5.54105
-50.275
-32.0562
-55.1349
-9.02546
-18.3788
-29.5713
-40.3591
-26.7802
-14.3067
-1.23824e-06
-2.70672e-23
-1.1424e-23
-2.55341e-24
-2.5339e-24
-9.92245e-24
-1.98047e-23
-2.7551e-23
-0.000839712
-44.9421
-27.1719
-42.1932
-32.8459
-14.7833
-46.4481
-22.6888
-21.5159
-0.000597815
-2.47571e-24
-5.88305e-24
-0.0474059
-73.4953
-50.0726
-6.27181
-22.7902
-16.2509
-19.4532
-77.2922
-0.250551
-0.433985
-55.8476
-20.89
-16.7333
-22.8616
-6.22183
-50.3593
-65.8158
-0.0546267
-5.90308e-24
-2.45632e-24
-0.000594803
-21.4589
-22.6664
-46.4486
-14.7655
-32.7905
-42.1365
-27.1692
-44.8084
-0.000845697
-2.73715e-23
-1.96597e-23
-9.89776e-24
-2.5722e-24
-3.07666e-24
-1.15363e-23
-1.99423e-23
-1.63965e-19
-6.04399e-10
-0.278976
-16.7552
-27.4441
-37.3708
-64.2138
-37.5102
-58.8036
-0.0523203
-3.01744e-15
-5.24151e-25
-3.80678e-24
-0.0136012
-46.9149
-44.3041
-17.2176
-17.5291
-22.2244
-29.845
-82.6023
-0.00634554
-0.0149565
-62.8421
-32.4331
-23.2067
-18.0138
-17.3726
-44.7485
-47.3792
-0.0153312
-3.83207e-24
-5.19091e-25
-2.90098e-15
-0.0519044
-58.8878
-37.4575
-64.2704
-37.3026
-27.4018
-16.7583
-0.28139
-5.91301e-10
-1.5344e-19
-1.9703e-23
-1.15713e-23
-3.14196e-24
-3.59942e-24
-1.29134e-06
-0.0159662
-0.114845
-0.252757
-7.57963
-106.291
-203.387
-406.778
-476.876
-472.831
-221.648
-0.00218459
-1.19663e-21
-6.75953e-25
-2.88341e-24
-6.16388e-07
-13.976
-20.1102
-35.4528
-40.442
-17.0609
-18.9002
-0.0103685
-6.92075e-09
-2.63773e-08
-0.0199036
-19.3559
-17.6135
-41.3997
-35.9992
-20.3241
-14.7654
-6.74778e-07
-2.90045e-24
-6.73181e-25
-1.23764e-21
-0.00218661
-221.298
-472.152
-476.263
-406.171
-203.399
-106.171
-7.49531
-0.244706
-0.133227
-0.0232276
-2.23305e-06
-3.68096e-24
-3.68414e-24
-0.0118576
-164.771
-180.894
-136.797
-394.489
-229.872
-224.861
-509.067
-574.595
-585.949
-252.291
-0.0288357
-3.44063e-20
-1.35403e-24
-2.49914e-24
-1.5386e-18
-0.973065
-36.5028
-75.6608
-47.0394
-31.9921
-0.00045107
-9.22937e-21
-5.10357e-24
-5.41516e-24
-4.17867e-21
-0.000474787
-31.4318
-47.8998
-76.785
-36.96
-1.07589
-2.35842e-18
-2.51115e-24
-1.34914e-24
-3.60733e-20
-0.0290573
-251.922
-585.658
-574.165
-509.348
-225.39
-231.02
-397.019
-137.813
-183.211
-167.824
-0.016493
-3.73571e-24
-7.36134e-24
-0.0124831
-202.263
-206.641
-149.085
-223.732
-226.76
-304.435
-342.342
-182.264
-136.383
-194.303
-0.189575
-7.36349e-16
-2.31782e-24
-3.10976e-24
-2.97114e-10
-5.51994
-61.3071
-106.857
-31.1549
-5.01333
-1.22427e-11
-8.46931e-24
-3.83176e-24
-3.94284e-24
-8.6198e-24
-1.60782e-11
-5.50816
-31.88
-107.86
-61.8419
-5.93237
-3.29733e-10
-3.12295e-24
-2.30941e-24
-7.484e-16
-0.19144
-194.007
-136.191
-181.922
-341.815
-305.643
-227.884
-225.093
-150.79
-210.359
-204.71
-0.0143905
-7.57068e-24
-1.30197e-23
-1.11734e-06
-0.0201519
-0.18886
-0.251785
-18.3012
-216.021
-237.171
-100.98
-128.179
-142.683
-77.3605
-5.52969
-1.48792e-07
-3.59028e-24
-3.76444e-24
-1.65042e-05
-34.7155
-149.325
-163.548
-75.5554
-0.00896704
-1.55731e-23
-7.04943e-24
-2.64581e-24
-2.69135e-24
-7.12108e-24
-1.55734e-23
-0.00945102
-76.3455
-163.908
-149.639
-35.2523
-1.76836e-05
-3.76866e-24
-3.57377e-24
-1.48603e-07
-5.54396
-77.3012
-142.559
-128.248
-100.795
-236.634
-216.997
-18.4576
-0.251948
-0.171802
-0.0170706
-9.09376e-07
-1.33691e-23
-1.28169e-23
-2.00677e-23
-5.45407e-22
-8.61645e-20
-9.47369e-12
-0.000310647
-9.08122
-113.04
-86.4183
-148.548
-169.949
-115.13
-66.5799
-0.0229004
-1.43942e-13
-3.59359e-24
-0.0026679
-83.7181
-163.354
-129.175
-61.894
-0.000334794
-1.52568e-23
-6.09716e-24
-1.6979e-24
-1.71979e-24
-6.14069e-24
-1.52918e-23
-0.000343396
-61.5122
-129.218
-164.242
-82.9388
-0.00277682
-3.58286e-24
-1.45044e-13
-0.0227423
-66.5745
-115.17
-170.119
-148.838
-86.679
-113.382
-9.38164
-0.000318051
-9.34258e-12
-6.91138e-20
-3.53699e-22
-2.02632e-23
-1.31265e-23
-9.42006e-24
-1.32041e-23
-2.15482e-23
-2.86406e-23
-3.49333e-23
-3.69203e-14
-0.00352178
-86.5818
-51.8749
-135.605
-160.995
-185.603
-107.278
-22.5517
-1.21604e-05
-3.17754e-14
-0.176959
-65.5766
-158.67
-79.627
-7.46389
-4.9336e-08
-1.33262e-23
-5.04826e-24
-9.42338e-25
-9.53833e-25
-5.07487e-24
-1.33574e-23
-4.85701e-08
-7.62334
-80.5655
-159.776
-66.4039
-0.184896
-3.09775e-14
-1.21486e-05
-22.4762
-107.181
-185.622
-161.155
-135.88
-51.9647
-86.8345
-0.00360398
-3.43751e-14
-3.50711e-23
-2.86881e-23
-2.15914e-23
-1.33115e-23
-9.63413e-24
-5.49188e-24
-8.90158e-24
-1.61595e-23
-2.4813e-23
-3.54114e-23
-6.04556e-07
-0.166072
-169.682
-69.6976
-104.069
-157.131
-167.024
-171.438
-76.4471
-2.61996
-0.00038518
-12.7232
-132.367
-186.19
-76.8665
-0.130531
-9.34445e-17
-1.15456e-23
-4.22601e-24
-4.97711e-25
-5.03618e-25
-4.23992e-24
-1.15591e-23
-7.65282e-17
-0.134333
-75.2499
-187.4
-132.806
-13.1239
-0.000391136
-2.59043
-76.1647
-171.204
-166.98
-157.287
-104.056
-69.8624
-166.335
-0.146729
-4.68653e-07
-3.53392e-23
-2.47367e-23
-1.61307e-23
-8.93564e-24
-5.60679e-24
-2.46985e-24
-6.2375e-24
-1.31377e-23
-2.26952e-23
-3.6434e-23
-0.00765602
-180.215
-196.401
-104.298
-74.4724
-146.235
-157.194
-160.771
-142.812
-83.5652
-11.0072
-99.0339
-168.755
-152.026
-79.6826
-0.00934874
-2.10869e-23
-1.07817e-23
-3.95728e-24
-5.49349e-25
-5.5211e-25
-3.96348e-24
-1.07859e-23
-2.10802e-23
-0.00962115
-79.5084
-151.817
-168.796
-97.7161
-10.9366
-84.0514
-142.435
-160.702
-157.079
-146.024
-74.1375
-102.378
-189.286
-169.169
-0.0108977
-3.59278e-23
-2.24291e-23
-1.30162e-23
-6.20876e-24
-2.50525e-24
-1.00867e-24
-4.90915e-24
-1.13018e-23
-2.02509e-23
-3.33421e-23
-0.00960027
-172.826
-210.344
-100.005
-50.8417
-119.45
-155.808
-157.276
-146.925
-113.177
-46.1153
-60.7077
-168.462
-116.686
-44.6142
-0.000596213
-2.00714e-23
-1.04662e-23
-4.29306e-24
-1.25476e-24
-1.25575e-24
-4.29495e-24
-1.04663e-23
-2.00669e-23
-0.000592935
-44.7886
-117.416
-168.746
-61.5994
-45.7689
-112.721
-146.819
-157.175
-155.681
-119.228
-50.7664
-98.4853
-201.67
-152.168
-0.0196343
-3.24794e-23
-1.98603e-23
-1.11284e-23
-4.84822e-24
-1.00236e-24
-1.46634e-24
-5.05399e-24
-1.0779e-23
-1.77358e-23
-2.6013e-23
-1.13739e-06
-0.00661808
-0.0123161
-0.0076814
-21.6348
-71.3663
-172.905
-166.548
-151.464
-129.496
-100.712
-104.099
-163.52
-99.7733
-39.9419
-0.000536538
-1.90112e-23
-1.06056e-23
-5.37776e-24
-2.81158e-24
-2.81157e-24
-5.37712e-24
-1.06027e-23
-1.90038e-23
-0.000515422
-39.974
-100.233
-164.309
-104.812
-100.853
-129.39
-151.388
-166.449
-172.734
-71.2891
-22.1063
-0.0075108
-0.0194824
-0.015014
-3.76017e-06
-2.53786e-23
-1.74412e-23
-1.06456e-23
-5.00827e-24
-1.46609e-24
-3.95832e-24
-7.12773e-24
-1.28464e-23
-1.80816e-23
-2.1544e-23
-2.28454e-23
-2.0227e-23
-1.7194e-23
-1.30449e-16
-0.00143837
-53.0862
-124.631
-191.107
-166.409
-150.044
-138.113
-144.858
-184.828
-118.967
-61.5973
-0.00425244
-1.78736e-23
-1.13589e-23
-7.51057e-24
-5.49776e-24
-5.49727e-24
-7.50873e-24
-1.13547e-23
-1.78652e-23
-0.00410885
-61.8656
-119.572
-185.639
-145.452
-138.403
-150.145
-166.436
-191.034
-124.526
-53.2561
-0.00147511
-1.27883e-16
-1.75106e-23
-2.08247e-23
-2.27906e-23
-2.14395e-23
-1.80138e-23
-1.28203e-23
-7.13548e-24
-4.00264e-24
-7.96524e-24
-1.15419e-23
-1.93003e-23
-2.45915e-23
-2.53661e-23
-2.22237e-23
-1.76187e-23
-1.39559e-23
-1.26411e-23
-2.82861e-09
-0.169942
-40.9431
-165.394
-176.475
-171.43
-166.499
-167.844
-173.766
-135.815
-62.4417
-0.0394115
-1.98012e-22
-1.32072e-23
-1.13218e-23
-9.66308e-24
-9.66244e-24
-1.13198e-23
-1.32032e-23
-1.69185e-22
-0.038706
-62.2699
-136.349
-174.181
-168.306
-166.846
-171.659
-176.632
-165.53
-41.0087
-0.171509
-2.88325e-09
-1.27863e-23
-1.42023e-23
-1.79986e-23
-2.25155e-23
-2.55761e-23
-2.47358e-23
-1.93994e-23
-1.16172e-23
-8.06649e-24
-1.18162e-23
-1.83911e-23
-3.3073e-23
-1.16791e-22
-8.52115e-23
-3.30511e-23
-2.46811e-23
-1.78441e-23
-1.26387e-23
-9.2301e-24
-3.78195e-07
-25.7655
-145.93
-217.392
-195.95
-192.671
-189.82
-186.084
-173.872
-78.3331
-2.55953
-3.18499e-11
-1.80652e-23
-1.82824e-23
-1.54993e-23
-1.54986e-23
-1.82809e-23
-1.80633e-23
-2.94796e-11
-2.54054
-78.6443
-174.409
-186.582
-190.295
-193.077
-196.269
-217.64
-146.055
-25.8409
-3.84417e-07
-9.2834e-24
-1.27738e-23
-1.81029e-23
-2.50842e-23
-3.35172e-23
-7.90961e-23
-1.07999e-22
-3.33024e-23
-1.85275e-23
-1.19547e-23
-1.27274e-23
-2.71595e-23
-1.91778e-05
-0.0398083
-0.0202092
-0.000146357
-0.000420609
-0.00112838
-0.000237561
-0.000125482
-0.000310353
-1.84565
-60.1952
-156.651
-208.458
-221.708
-215.372
-208.63
-227.307
-145.659
-29.2496
-3.79339e-06
-1.20601e-09
-8.4245e-08
-3.5318e-10
-3.61633e-10
-8.62274e-08
-1.23081e-09
-3.67847e-06
-29.2724
-146.127
-227.99
-209.195
-215.906
-222.2
-208.862
-156.897
-60.2677
-1.9203
-0.000354697
-0.000147388
-0.000271034
-0.00120344
-0.000435541
-0.000149241
-0.0205556
-0.0404321
-1.94622e-05
-2.73352e-23
-1.28569e-23
-8.89755e-24
-3.34851e-23
-0.0124598
-267.414
-216.764
-70.29
-227.916
-109.422
-57.0756
-55.0665
-63.1851
-70.3603
-34.8535
-133.896
-291.713
-280.767
-246.397
-209.213
-174.67
-137.622
-40.0599
-1.66637
-0.806308
-51.3293
-0.00674633
-0.00675579
-51.349
-0.806517
-1.6695
-40.1741
-138.026
-175.16
-209.769
-247.013
-281.426
-292.383
-134.187
-34.9356
-69.3665
-61.7371
-53.8049
-56.0033
-108.594
-229.42
-70.72
-218.184
-268.952
-0.0126369
-3.36525e-23
-8.97041e-24
-7.80063e-24
-5.70002e-23
-0.0166369
-107.394
-283.045
-303.152
-709.901
-428.937
-340.638
-355.377
-362.648
-270.7
-132.943
-301.552
-105949
-41796.8
-19536.6
-14227.3
-10180.6
-6057.25
-2396.36
-611.705
-303.858
-137.37
-0.682936
-0.681048
-137.461
-304.178
-612.856
-2402.41
-6073.61
-10208
-14264.4
-19585.7
-41900.8
-106220
-302.497
-133.704
-268.881
-359.374
-351.562
-336.591
-423.065
-714.83
-304.835
-284.406
-107.849
-0.0168476
-5.72221e-23
-7.8306e-24
