-7.033e-24
-4.9388e-23
-1.04206
-5.90015
-29.3131
-29.8573
-56.9577
-88.5361
-85.013
-88.4625
-89.8695
-86.9101
-104.286
-291.666
-104974
-41529
-19475.7
-14223
-10223.2
-6115.64
-2437.15
-628.087
-314.984
-145.425
-0.812551
-0.809009
-145.402
-315.074
-628.625
-2442.21
-6131.68
-10251.9
-14262.9
-19527.1
-41618.7
-105159
-291.745
-104
-86.4021
-89.272
-87.834
-84.3819
-87.8654
-56.5294
-29.6427
-29.117
-5.86495
-1.03046
-4.91351e-23
-6.99769e-24
-8.43988e-24
-3.26776e-23
-0.523522
-87.2091
-28.5395
-7.26854
-22.7553
-35.6901
-31.5047
-35.1852
-36.1901
-26.2252
-39.0142
-135.021
-290.762
-279.438
-245.264
-208.782
-175.184
-138.658
-40.6944
-1.75308
-0.819443
-37.3667
-0.0112894
-0.01125
-37.5123
-0.819533
-1.75078
-40.7974
-139.085
-175.717
-209.413
-245.976
-280.189
-291.386
-135.252
-39.0167
-26.0484
-35.9448
-34.9344
-31.2684
-35.4103
-22.5746
-7.21204
-28.3043
-86.5434
-0.516629
-3.24641e-23
-8.35019e-24
-1.36354e-23
-3.02344e-23
-0.000433542
-1.84959
-1.35261
-0.0547692
-0.0782225
-0.0400105
-0.00114916
-0.000348509
-0.00104498
-2.47638
-59.7361
-156.038
-207.281
-220.028
-213.526
-207.366
-228.295
-147.36
-33.7206
-4.47863e-06
-3.65965e-09
-2.89661e-07
-1.22291e-09
-1.23058e-09
-2.91453e-07
-3.68067e-09
-4.38352e-06
-33.531
-147.859
-229.056
-208.054
-214.223
-220.713
-207.899
-156.589
-60.0244
-2.3956
-0.000932466
-0.000303496
-0.0010239
-0.0377234
-0.0756909
-0.0535802
-1.32407
-1.81625
-0.000426511
-2.99692e-23
-1.34554e-23
-1.31041e-23
-1.98303e-23
-3.56412e-23
-3.94144e-23
-3.25001e-23
-2.30074e-23
-1.50574e-23
-9.79554e-24
-6.54207e-24
-4.71036e-24
-2.99973e-07
-25.333
-142.976
-214.321
-194.029
-190.515
-186.766
-182.662
-176.326
-84.2476
-3.63271
-2.80695e-11
-1.80802e-23
-1.8651e-23
-1.59553e-23
-1.59536e-23
-1.86506e-23
-1.80841e-23
-2.7171e-11
-3.57929
-84.4157
-176.834
-183.331
-187.458
-191.179
-194.681
-215.102
-143.529
-25.2465
-2.90444e-07
-4.63192e-24
-6.395e-24
-9.52839e-24
-1.46475e-23
-2.24922e-23
-3.19442e-23
-3.89098e-23
-3.52784e-23
-1.96217e-23
-1.29027e-23
-8.73057e-24
-1.16027e-23
-1.81724e-23
-2.04252e-23
-1.76563e-23
-1.27081e-23
-7.68081e-24
-4.80988e-24
-4.32859e-24
-1.95598e-09
-0.144063
-42.8168
-165.19
-175.047
-169.94
-164.627
-163.379
-162.665
-138.22
-46.8345
-0.0640082
-9.58588e-23
-1.33173e-23
-1.15973e-23
-1.00089e-23
-1.00081e-23
-1.15961e-23
-1.33171e-23
-9.26242e-23
-0.0630659
-46.8277
-138.807
-163.442
-164.102
-165.247
-170.5
-175.592
-165.691
-42.9279
-0.141569
-1.89395e-09
-4.16716e-24
-4.55442e-24
-7.34177e-24
-1.24031e-23
-1.7388e-23
-2.02048e-23
-1.80087e-23
-1.14821e-23
-8.57916e-24
-4.10713e-24
-6.51113e-24
-1.08892e-23
-1.40397e-23
-1.53707e-23
-1.52827e-23
-1.0174e-23
-6.40487e-24
-1.25162e-15
-0.000999988
-51.7655
-121.988
-187.592
-164.285
-149.099
-138.363
-142.559
-175.347
-116.77
-70.8919
-0.00598753
-1.81534e-23
-1.16458e-23
-7.81612e-24
-5.80807e-24
-5.80659e-24
-7.8122e-24
-1.16402e-23
-1.81466e-23
-0.00585736
-70.9194
-117.616
-176.675
-143.353
-138.894
-149.537
-164.717
-188.04
-122.225
-51.7606
-0.00098256
-1.26285e-15
-6.10055e-24
-9.92073e-24
-1.5466e-23
-1.55033e-23
-1.40953e-23
-1.08947e-23
-6.48384e-24
-4.03616e-24
-1.313e-24
-4.23435e-24
-8.86985e-24
-1.47037e-23
-2.30767e-23
-7.80461e-06
-0.0919094
-0.169479
-0.0272144
-8.78263
-83.5083
-177.89
-165.423
-148.677
-128.323
-105.243
-104.604
-157.849
-98.7376
-40.8449
-0.000565147
-1.98342e-23
-1.11698e-23
-5.77709e-24
-3.12051e-24
-3.11781e-24
-5.76898e-24
-1.11554e-23
-1.98082e-23
-0.000547295
-40.8492
-99.2751
-158.904
-105.289
-105.538
-128.579
-148.987
-165.776
-178.208
-83.5197
-8.46614
-0.0245238
-0.287034
-0.271937
-3.67069e-05
-2.38782e-23
-1.5041e-23
-9.01147e-24
-4.27823e-24
-1.30646e-24
-9.26759e-25
-4.07848e-24
-9.39773e-24
-1.75874e-23
-3.21249e-23
-0.0947508
-140.511
-41.2553
-28.4788
-74.2221
-141.988
-156.586
-153.349
-140.385
-117.622
-52.1618
-61.7407
-138.22
-108.608
-49.9453
-0.00139782
-2.13788e-23
-1.13409e-23
-4.80431e-24
-1.55226e-24
-1.54821e-24
-4.79242e-24
-1.13215e-23
-2.13502e-23
-0.00136503
-49.9556
-109.612
-139.673
-62.4488
-52.2272
-117.683
-140.609
-153.694
-157.081
-142.202
-75.2249
-27.6045
-43.1329
-80.1198
-0.304615
-3.32692e-23
-1.80453e-23
-9.58445e-24
-4.14095e-24
-9.34068e-25
-2.87166e-24
-5.46512e-24
-1.07172e-23
-1.84991e-23
-3.17657e-23
-0.0695575
-61.4845
-25.8899
-34.2291
-96.3548
-130.508
-146.746
-152.413
-145.158
-65.4816
-11.9107
-43.1875
-132.956
-119.682
-40.3132
-0.0363168
-2.28425e-23
-1.20384e-23
-4.58642e-24
-7.8442e-25
-7.78858e-25
-4.57078e-24
-1.20162e-23
-2.28214e-23
-0.0361259
-40.9967
-120.87
-134.618
-43.7111
-11.9785
-65.5425
-145.373
-152.727
-147.182
-131.124
-96.6745
-34.6169
-27.5323
-58.6562
-0.154216
-3.25207e-23
-1.87857e-23
-1.08197e-23
-5.48078e-24
-2.83268e-24
-6.99315e-24
-8.51445e-24
-1.31212e-23
-1.82246e-23
-2.50968e-23
-4.07313e-06
-3.88228
-18.2593
-36.4356
-93.0501
-125.521
-149.081
-165.505
-80.019
-3.48539
-0.00163671
-21.0042
-119.058
-164.874
-61.2735
-0.372482
-1.2066e-17
-1.34845e-23
-5.00117e-24
-5.75331e-25
-5.67573e-25
-4.97957e-24
-1.34548e-23
-1.13707e-17
-0.370713
-61.8193
-166.679
-120.465
-21.0125
-0.00163847
-3.49952
-80.1283
-165.767
-149.377
-125.82
-93.313
-36.5896
-19.6133
-3.60381
-4.22729e-06
-2.5159e-23
-1.82087e-23
-1.30651e-23
-8.44043e-24
-6.86831e-24
-1.2799e-23
-1.41259e-23
-1.86601e-23
-2.05664e-23
-2.18805e-23
-3.11261e-16
-0.0274123
-34.2257
-82.2632
-131.089
-136.282
-164.235
-104.741
-23.6235
-1.59754e-05
-1.04184e-14
-0.389309
-67.1862
-146.095
-75.6725
-16.0531
-6.73712e-08
-1.65717e-23
-5.99188e-24
-7.06285e-25
-6.95217e-25
-5.96032e-24
-1.65259e-23
-6.67515e-08
-15.8366
-76.4577
-147.649
-67.8122
-0.380699
-9.4198e-15
-1.59164e-05
-23.6372
-104.831
-164.391
-136.286
-130.653
-81.6871
-33.8617
-0.0295204
-3.51555e-16
-2.15597e-23
-2.02999e-23
-1.84365e-23
-1.39519e-23
-1.25874e-23
-1.83214e-23
-2.45866e-23
-3.10088e-23
-2.85422e-23
-2.22975e-13
-0.0017733
-26.2889
-38.2183
-100.452
-110.187
-129.756
-103.47
-56.5341
-0.0347458
-1.80611e-13
-4.04973e-24
-0.00838998
-40.2243
-139.127
-95.741
-54.3195
-0.000906225
-2.0202e-23
-7.10264e-24
-9.28189e-25
-9.12774e-25
-7.05701e-24
-2.01407e-23
-0.000885044
-54.7634
-97.0509
-141
-41.2933
-0.0082978
-4.0612e-24
-1.80109e-13
-0.0346793
-56.6342
-103.446
-129.745
-109.996
-100.111
-38.2067
-25.7521
-0.00174917
-2.08769e-13
-2.80962e-23
-3.06136e-23
-2.43183e-23
-1.80675e-23
-1.87421e-23
-3.10449e-05
-0.596652
-4.46836
-6.97112
-35.3146
-36.8694
-56.4285
-73.0177
-88.9187
-120.539
-78.7618
-14.528
-1.974e-07
-4.44037e-24
-5.09511e-24
-6.49025e-05
-45.1237
-116.593
-125.507
-57.7864
-0.0182368
-7.45974e-22
-7.69438e-24
-1.07083e-24
-1.0508e-24
-7.62646e-24
-8.27489e-22
-0.0176542
-58.8702
-127.506
-118.917
-45.4901
-6.37744e-05
-5.10914e-24
-4.46556e-24
-1.97888e-07
-14.5051
-78.6519
-120.421
-88.8034
-72.8914
-56.3516
-36.7854
-34.6904
-6.94311
-4.42014
-0.581227
-2.9847e-05
-1.85349e-23
-8.64857e-24
-0.310706
-68.6921
-48.4454
-26.5548
-40.0873
-36.3893
-36.1189
-50.6606
-63.1818
-76.4877
-41.9272
-5.40248
-9.66566e-18
-4.01025e-24
-5.22269e-24
-3.43898e-10
-5.02347
-59.982
-95.084
-70.8051
-0.79043
-6.65379e-11
-7.96677e-24
-1.16854e-24
-1.14742e-24
-7.83944e-24
-7.2404e-11
-0.781129
-72.73
-96.5087
-61.4344
-5.05016
-3.22063e-10
-5.24297e-24
-4.04009e-24
-1.00178e-17
-5.38448
-41.9039
-76.4363
-63.1279
-50.6111
-36.0808
-36.2993
-39.9694
-26.523
-48.3386
-67.0368
-0.315527
-8.58629e-24
-8.77799e-24
-0.281787
-84.5741
-47.2521
-25.3013
-63.536
-28.9402
-21.617
-39.1415
-45.4758
-52.9567
-29.139
-6.92981
-9.83963e-24
-4.23761e-24
-4.79025e-24
-2.98443e-16
-0.100452
-250.827
-127.167
-400.779
-38.0374
-4.6341e-05
-1.57403e-17
-1.33555e-24
-1.34372e-24
-9.70698e-18
-3.92765e-05
-39.8528
-417.076
-133.271
-260.027
-0.102814
-2.76946e-16
-4.81883e-24
-4.27946e-24
-9.90112e-24
-6.9085
-29.1352
-52.9429
-45.4546
-39.1296
-21.6273
-28.8642
-63.3169
-25.2152
-47.0444
-80.5967
-0.29517
-8.81029e-24
-1.91435e-23
-2.12302e-05
-0.351882
-2.54015
-14.1866
-21.6241
-11.2663
-21.5262
-36.8448
-32.1015
-38.7845
-22.5771
-1.33845
-1.31242e-23
-5.48826e-24
-5.15233e-24
-1.59929e-07
-1.35845
-130.043
-284.489
-434.961
-198.191
-2.84934
-0.00346653
-5.22857e-09
-9.23892e-09
-0.00305023
-2.35213
-203.552
-443.538
-290.432
-131.607
-1.42315
-1.7284e-07
-5.19042e-24
-5.55087e-24
-1.32149e-23
-1.33278
-22.5877
-38.796
-32.0868
-36.7963
-21.5366
-11.2233
-21.5847
-14.0834
-2.59578
-0.370988
-2.29666e-05
-1.92252e-23
-1.98826e-23
-2.5771e-23
-3.09308e-23
-2.65438e-23
-1.18616e-09
-0.0640388
-88.2942
-45.5393
-43.7674
-15.1656
-29.3
-22.363
-0.89264
-9.98051e-14
-8.22123e-24
-6.84291e-24
-0.00230713
-154.402
-275.606
-174.794
-177.631
-220.715
-219.543
-77.9297
-0.00235304
-0.00533736
-91.3938
-246.247
-229.966
-182.647
-175.956
-273.976
-151.767
-0.00211629
-6.90428e-24
-8.31563e-24
-9.80587e-14
-0.888292
-22.3954
-29.3338
-15.1632
-43.7303
-45.5075
-88.4001
-0.0641517
-1.15722e-09
-2.65101e-23
-3.09322e-23
-2.5809e-23
-1.99532e-23
-1.63702e-23
-1.73797e-23
-2.19542e-23
-1.11972e-19
-7.04925e-05
-14.4142
-278.622
-441.883
-236.235
-99.6263
-404.794
-211.676
-18.6149
-6.00612e-05
-1.11692e-21
-1.17528e-23
-0.00805182
-175.672
-343.988
-103.718
-290.168
-225.758
-151.263
-266.237
-0.0576091
-0.162691
-234.52
-166.334
-223.405
-289.183
-103.617
-341.221
-172.827
-0.00662568
-1.18494e-23
-1.10999e-21
-6.03463e-05
-18.5711
-211.984
-405.665
-99.6653
-236.205
-441.66
-278.638
-14.4483
-6.98744e-05
-1.10892e-19
-2.19478e-23
-1.73983e-23
-1.6419e-23
-1.30855e-23
-1.47606e-23
-2.24124e-23
-1.94765e-08
-0.172395
-249.615
-367.099
-246.555
-128.52
-115.277
-546.416
-294.485
-406.578
-0.245786
-1.30184e-08
-2.09891e-23
-4.18436e-06
-0.107026
-0.396968
-0.00685325
-0.0011872
-0.00612751
-0.199702
-0.13864
-6.90851e-05
-0.000264986
-0.416381
-0.371312
-0.00510321
-0.00117488
-0.00702141
-0.361681
-0.0887532
-3.18287e-06
-2.09753e-23
-1.29348e-08
-0.246621
-407.541
-294.998
-547.084
-115.298
-128.484
-246.495
-367.038
-249.568
-0.17136
-1.93263e-08
-2.24e-23
-1.47691e-23
-1.31174e-23
-1.15439e-23
-1.55481e-23
-2.96236e-23
-3.22384e-05
-157.304
-252.623
-275.006
-201.55
-0.191362
-20.0115
-270.661
-500.817
-151.243
-164.279
-0.00292076
-3.15684e-23
-3.82654e-23
-3.79787e-20
-5.00793e-19
-8.41162e-20
-5.06512e-22
-3.39928e-20
-1.17047e-19
-8.36977e-21
-7.6984e-23
-7.84652e-23
-3.63886e-21
-5.31369e-20
-1.71398e-20
-3.91547e-22
-9.01844e-20
-5.43674e-19
-4.1671e-20
-3.80036e-23
-3.15683e-23
-0.0029475
-164.63
-151.512
-501.502
-271.185
-19.9444
-0.190311
-201.536
-274.963
-252.581
-157.243
-3.21045e-05
-2.96083e-23
-1.55517e-23
-1.15653e-23
-1.13287e-23
-1.74518e-23
-3.77885e-23
-0.0033166
-136.861
-209.119
-178.163
-0.0306294
-1.2103e-06
-0.0103047
-58.3102
-171.516
-178.162
-382.699
-0.0348055
-2.80752e-22
-3.81242e-23
-4.42126e-23
-5.51084e-23
-6.51205e-23
-7.14907e-23
-7.39911e-23
-7.18124e-23
-6.50483e-23
-5.86935e-23
-5.9136e-23
-6.58382e-23
-7.22216e-23
-7.39865e-23
-7.13126e-23
-6.48927e-23
-5.4859e-23
-4.39726e-23
-3.79772e-23
-2.87791e-22
-0.0352919
-383.583
-178.438
-171.589
-58.3726
-0.0103247
-1.20655e-06
-0.0305878
-178.159
-209.091
-136.842
-0.00331288
-3.7776e-23
-1.74541e-23
-1.13439e-23
-1.08349e-23
-1.76044e-23
-3.99672e-23
-0.00273878
-312.079
-165.683
-0.0108427
-8.85225e-09
-4.4827e-23
-2.62396e-08
-0.000353026
-0.00299373
-0.0287897
-0.0608953
-4.05205e-05
-4.58696e-23
-3.37562e-23
-3.21572e-23
-3.51054e-23
-3.90797e-23
-4.20724e-23
-4.32975e-23
-4.24708e-23
-4.00689e-23
-3.79597e-23
-3.80977e-23
-4.03402e-23
-4.26506e-23
-4.33262e-23
-4.19999e-23
-3.89561e-23
-3.49607e-23
-3.202e-23
-3.36616e-23
-4.5835e-23
-4.12823e-05
-0.061865
-0.0291068
-0.00299224
-0.000352896
-2.6282e-08
-4.49981e-23
-8.8529e-09
-0.0108464
-165.685
-312.047
-0.00273861
-3.99605e-23
-1.76068e-23
-1.08456e-23
-8.38593e-24
-1.39686e-23
-3.1201e-23
-1.35236e-06
-0.00283633
-0.000570736
-5.76869e-09
-3.116e-23
-2.47765e-23
-2.51681e-23
-3.1527e-23
-1.16314e-22
-1.81484e-20
-2.54144e-20
-3.76344e-22
-3.11818e-23
-2.36282e-23
-2.0515e-23
-2.01228e-23
-2.08984e-23
-2.17417e-23
-2.207e-23
-2.16935e-23
-2.08304e-23
-2.012e-23
-2.01624e-23
-2.09184e-23
-2.17583e-23
-2.20808e-23
-2.17053e-23
-2.08322e-23
-2.00436e-23
-2.04396e-23
-2.35718e-23
-3.11512e-23
-3.9007e-22
-2.62365e-20
-1.86641e-20
-1.18779e-22
-3.15241e-23
-2.51689e-23
-2.47811e-23
-3.11673e-23
-5.77561e-09
-0.000571156
-0.00283755
-1.35264e-06
-3.11991e-23
-1.39708e-23
-8.39285e-24
-4.30017e-24
-7.937e-24
-1.55782e-23
-2.43395e-23
-2.49668e-23
-2.09904e-23
-1.66593e-23
-1.27658e-23
-1.08253e-23
-1.08275e-23
-1.26923e-23
-1.60231e-23
-1.98116e-23
-2.20493e-23
-2.09247e-23
-1.71866e-23
-1.35151e-23
-1.09752e-23
-9.59566e-24
-8.98677e-24
-8.71384e-24
-8.47443e-24
-8.13556e-24
-7.7375e-24
-7.46008e-24
-7.47159e-24
-7.76146e-24
-8.15202e-24
-8.47194e-24
-8.69229e-24
-8.95202e-24
-9.55546e-24
-1.09377e-23
-1.34872e-23
-1.7171e-23
-2.09191e-23
-2.20491e-23
-1.98117e-23
-1.60218e-23
-1.26912e-23
-1.08275e-23
-1.08265e-23
-1.27674e-23
-1.66603e-23
-2.09897e-23
-2.49647e-23
-2.43372e-23
-1.55779e-23
-7.9384e-24
-4.30386e-24
-1.19215e-24
-3.86824e-24
-6.96745e-24
-7.89333e-24
-5.18199e-24
-2.45477e-24
-1.86683e-24
-2.01263e-24
-2.14053e-24
-2.34896e-24
-2.96686e-24
-4.36059e-24
-6.67495e-24
-9.10674e-24
-1.0199e-23
-9.40014e-24
-7.55562e-24
-5.61918e-24
-4.07629e-24
-2.99979e-24
-2.2744e-24
-1.76104e-24
-1.36783e-24
-1.07045e-24
-9.0182e-25
-9.03529e-25
-1.07318e-24
-1.36702e-24
-1.75403e-24
-2.26145e-24
-2.9831e-24
-4.05906e-24
-5.60494e-24
-7.54731e-24
-9.39882e-24
-1.02033e-23
-9.11345e-24
-6.68082e-24
-4.36438e-24
-2.96929e-24
-2.35083e-24
-2.142e-24
-2.01335e-24
-1.86634e-24
-2.45313e-24
-5.18017e-24
-7.89226e-24
-6.96735e-24
-3.86873e-24
-1.19329e-24
-1.18772e-24
-3.86537e-24
-6.9644e-24
-7.8896e-24
-5.17741e-24
-2.45015e-24
-1.86276e-24
-2.00905e-24
-2.13691e-24
-2.34461e-24
-2.961e-24
-4.35267e-24
-6.6651e-24
-9.09551e-24
-1.01866e-23
-9.38597e-24
-7.53788e-24
-5.5958e-24
-4.04483e-24
-2.9568e-24
-2.21528e-24
-1.68098e-24
-1.26372e-24
-9.43332e-25
-7.58875e-25
-7.57721e-25
-9.39859e-25
-1.25821e-24
-1.6743e-24
-2.20856e-24
-2.95113e-24
-4.04127e-24
-5.59557e-24
-7.54219e-24
-9.39539e-24
-1.02004e-23
-9.11118e-24
-6.67931e-24
-4.36351e-24
-2.96894e-24
-2.35072e-24
-2.14186e-24
-2.01293e-24
-1.86537e-24
-2.45144e-24
-5.17813e-24
-7.89043e-24
-6.96494e-24
-3.86525e-24
-1.18666e-24
-4.2871e-24
-7.92899e-24
-1.55704e-23
-2.433e-23
-2.49535e-23
-2.09769e-23
-1.66481e-23
-1.27567e-23
-1.08162e-23
-1.08162e-23
-1.26765e-23
-1.60013e-23
-1.9785e-23
-2.20201e-23
-2.08933e-23
-1.71498e-23
-1.34669e-23
-1.09104e-23
-9.5087e-24
-8.8679e-24
-8.54753e-24
-8.24206e-24
-7.82193e-24
-7.34122e-24
-7.00359e-24
-7.00143e-24
-7.33571e-24
-7.81538e-24
-8.23693e-24
-8.54541e-24
-8.86931e-24
-9.51354e-24
-1.09186e-23
-1.34789e-23
-1.71661e-23
-2.09142e-23
-2.20449e-23
-1.98093e-23
-1.60207e-23
-1.26912e-23
-1.0828e-23
-1.08268e-23
-1.27669e-23
-1.66582e-23
-2.0986e-23
-2.49615e-23
-2.43367e-23
-1.55732e-23
-7.92857e-24
-4.2834e-24
-8.36486e-24
-1.39575e-23
-3.11937e-23
-1.35414e-06
-0.00284035
-0.000571523
-5.77657e-09
-3.11498e-23
-2.47667e-23
-2.51546e-23
-3.15057e-23
-1.19145e-22
-1.86649e-20
-2.61907e-20
-3.8858e-22
-3.11392e-23
-2.35618e-23
-2.04215e-23
-2.00016e-23
-2.0737e-23
-2.15087e-23
-2.17184e-23
-2.11745e-23
-2.01206e-23
-1.92577e-23
-1.9254e-23
-2.01117e-23
-2.11657e-23
-2.17137e-23
-2.15095e-23
-2.07432e-23
-2.0012e-23
-2.0435e-23
-2.35782e-23
-3.11587e-23
-4.08281e-22
-2.7409e-20
-1.94612e-20
-1.23348e-22
-3.15277e-23
-2.51721e-23
-2.47836e-23
-3.11682e-23
-5.77943e-09
-0.000571793
-0.00284201
-1.35525e-06
-3.12021e-23
-1.3957e-23
-8.35727e-24
-1.08068e-23
-1.75936e-23
-3.99716e-23
-0.00274291
-312.108
-165.668
-0.010852
-8.84338e-09
-4.39316e-23
-2.63758e-08
-0.000354705
-0.00300214
-0.0290526
-0.0616731
-4.11453e-05
-4.58493e-23
-3.36812e-23
-3.20433e-23
-3.4983e-23
-3.89439e-23
-4.18682e-23
-4.29232e-23
-4.17909e-23
-3.898e-23
-3.65081e-23
-3.64994e-23
-3.8961e-23
-4.17746e-23
-4.29163e-23
-4.18708e-23
-3.89539e-23
-3.49977e-23
-3.20608e-23
-3.37006e-23
-4.58692e-23
-4.1952e-05
-0.0627044
-0.0294163
-0.00300022
-0.000354114
-2.63995e-08
-4.4232e-23
-8.86518e-09
-0.010865
-165.73
-312.244
-0.00274603
-3.99879e-23
-1.75932e-23
-1.07938e-23
-1.12931e-23
-1.74424e-23
-3.7808e-23
-0.00332238
-136.895
-209.177
-178.192
-0.0306023
-1.20967e-06
-0.0103399
-58.3765
-171.629
-178.443
-383.628
-0.0351451
-2.84179e-22
-3.80265e-23
-4.40618e-23
-5.50322e-23
-6.51415e-23
-7.15248e-23
-7.38517e-23
-7.1169e-23
-6.35474e-23
-5.63521e-23
-5.63284e-23
-6.34993e-23
-7.11352e-23
-7.38408e-23
-7.15295e-23
-6.51557e-23
-5.50511e-23
-4.40825e-23
-3.80496e-23
-2.94995e-22
-0.0356094
-384.013
-178.524
-171.713
-58.3612
-0.0103356
-1.20799e-06
-0.0306563
-178.279
-209.288
-136.965
-0.00333018
-3.78318e-23
-1.74416e-23
-1.12732e-23
-1.14974e-23
-1.55364e-23
-2.96508e-23
-3.21643e-05
-157.44
-252.733
-275.113
-201.601
-0.190841
-20.0431
-270.993
-501.335
-151.447
-164.642
-0.00293169
-3.16099e-23
-3.80539e-23
-4.69786e-20
-5.96288e-19
-9.38378e-20
-2.58219e-22
-1.42611e-19
-1.18378e-18
-1.66884e-19
-7.3429e-23
-7.33588e-23
-1.63094e-19
-1.15994e-18
-1.40848e-19
-2.58763e-22
-9.82347e-20
-6.36013e-19
-5.10019e-20
-3.80768e-23
-3.16341e-23
-0.00295273
-164.569
-151.494
-501.462
-271.218
-19.9788
-0.190475
-201.707
-275.277
-252.889
-157.575
-3.24892e-05
-2.9677e-23
-1.55328e-23
-1.14679e-23
-1.30208e-23
-1.47371e-23
-2.24322e-23
-1.92497e-08
-0.171877
-249.783
-367.275
-246.616
-128.523
-115.361
-547.099
-294.866
-407.407
-0.244609
-1.28125e-08
-2.10114e-23
-2.91737e-06
-0.083837
-0.352244
-0.0069636
-0.00112858
-0.00722056
-0.122067
-0.0461958
-1.4114e-05
-1.51668e-05
-0.0482226
-0.124368
-0.00715599
-0.00112486
-0.00688634
-0.352526
-0.0847759
-3.001e-06
-2.10334e-23
-1.27502e-08
-0.244833
-407.663
-294.987
-547.228
-115.331
-128.565
-246.739
-367.511
-249.976
-0.174086
-1.97099e-08
-2.24515e-23
-1.47255e-23
-1.29761e-23
-1.62796e-23
-1.73278e-23
-2.19527e-23
-1.08869e-19
-7.0321e-05
-14.4973
-278.869
-441.751
-236.268
-99.6802
-405.588
-211.93
-18.6234
-5.98882e-05
-1.08501e-21
-1.19163e-23
-0.00624318
-172.321
-343.054
-105.012
-294.084
-232.85
-147.944
-275.865
-0.0134594
-0.0144847
-274.796
-147.426
-233.004
-294.119
-105.057
-342.392
-172.333
-0.00631915
-1.19414e-23
-1.09009e-21
-5.9979e-05
-18.5252
-211.972
-406.021
-99.6862
-236.344
-441.798
-279.115
-14.5615
-7.13976e-05
-1.1304e-19
-2.196e-23
-1.73004e-23
-1.62114e-23
-1.97703e-23
-2.56472e-23
-3.08834e-23
-2.66008e-23
-1.21229e-09
-0.0647361
-88.5617
-45.4998
-43.7233
-15.1644
-29.3293
-22.3907
-0.88771
-9.8378e-14
-8.31579e-24
-6.94506e-24
-0.00207594
-151.119
-272.791
-175.423
-178.021
-220.149
-209.677
-52.4274
-0.000849781
-0.000913246
-53.6509
-208.851
-219.77
-177.972
-175.332
-273.439
-151.499
-0.00206058
-6.94494e-24
-8.31842e-24
-9.63112e-14
-0.885609
-22.3966
-29.3332
-15.1641
-43.7092
-45.4833
-88.7969
-0.0651239
-1.14657e-09
-2.66174e-23
-3.08816e-23
-2.55893e-23
-1.96737e-23
-1.90526e-23
-1.30339e-05
-0.249844
-2.15343
-14.1665
-21.6342
-11.2269
-21.5484
-36.7976
-32.087
-38.7931
-22.5853
-1.32941
-1.31878e-23
-5.54022e-24
-5.20831e-24
-1.79154e-07
-1.48026
-129.387
-284.285
-436.029
-198.556
-2.36861
-0.00229518
-4.71976e-09
-4.95126e-09
-0.00234545
-2.34703
-198.007
-435.083
-284.502
-129.577
-1.45951
-1.71974e-07
-5.20718e-24
-5.54156e-24
-1.31922e-23
-1.32797
-22.5923
-38.8027
-32.0898
-36.779
-21.5616
-11.1939
-21.6606
-13.6677
-2.0417
-0.24239
-1.30989e-05
-1.89442e-23
-8.77688e-24
-0.201101
-97.9181
-46.5671
-25.144
-63.1362
-28.822
-21.6309
-39.1314
-45.4534
-52.9412
-29.1339
-6.87992
-9.87351e-24
-4.2658e-24
-4.82456e-24
-3.06165e-16
-0.107498
-249.855
-124.619
-400.626
-38.6905
-3.94513e-05
-1.35189e-17
-1.30632e-24
-1.30856e-24
-1.29471e-17
-3.92815e-05
-39.9771
-402.471
-125.371
-251.165
-0.10677
-2.79553e-16
-4.8242e-24
-4.26707e-24
-9.87747e-24
-6.88429
-29.1473
-52.9669
-45.4796
-39.1623
-21.6657
-28.8808
-63.2656
-25.1827
-46.1262
-103.476
-0.206851
-8.73243e-24
-8.47866e-24
-0.247881
-68.7902
-47.8343
-26.4499
-39.8601
-36.2394
-36.0588
-50.5977
-63.121
-76.4366
-41.9048
-5.35783
-1.00312e-17
-4.027e-24
-5.24658e-24
-3.52305e-10
-5.20939
-60.166
-95.3129
-70.8248
-0.79649
-5.3204e-11
-8.28633e-24
-1.12928e-24
-1.1309e-24
-8.2914e-24
-5.86465e-11
-0.7969
-70.9444
-95.2693
-60.2478
-5.19749
-3.46932e-10
-5.24591e-24
-4.02768e-24
-9.6252e-18
-5.37585
-41.9284
-76.4864
-63.1785
-50.6582
-36.1117
-36.2886
-39.9253
-26.5744
-47.7426
-73.5822
-0.261025
-8.49972e-24
-1.83422e-23
-2.9827e-05
-0.581013
-4.38925
-6.92403
-34.6869
-36.7398
-56.3062
-72.8603
-88.7895
-120.44
-78.6989
-14.4612
-1.98476e-07
-4.45203e-24
-5.10961e-24
-6.54896e-05
-45.2562
-116.698
-125.653
-57.7181
-0.0185431
-8.46016e-22
-7.84343e-24
-1.04139e-24
-1.0424e-24
-7.84617e-24
-8.82162e-22
-0.0184462
-57.743
-125.671
-116.781
-45.2459
-6.51653e-05
-5.10896e-24
-4.45139e-24
-1.96516e-07
-14.4804
-78.6928
-120.514
-88.8985
-72.9794
-56.3887
-36.8012
-35.1415
-6.97701
-4.527
-0.616174
-3.27408e-05
-1.84257e-23
-1.7916e-23
-2.42449e-23
-3.06452e-23
-2.8144e-23
-2.24509e-13
-0.00178615
-25.7578
-38.1675
-100.066
-109.966
-129.715
-103.484
-56.5991
-0.034865
-1.82787e-13
-4.05573e-24
-0.00843915
-40.2484
-139.486
-95.9796
-54.6815
-0.000891246
-2.04036e-23
-7.17442e-24
-9.10118e-25
-9.10659e-25
-7.17559e-24
-2.04033e-23
-0.000888578
-54.6895
-95.9785
-139.477
-40.3149
-0.0084178
-4.05579e-24
-1.78985e-13
-0.0345763
-56.6801
-103.507
-129.881
-110.168
-100.336
-38.2073
-26.0935
-0.00177877
-2.3527e-13
-2.84732e-23
-3.09163e-23
-2.43919e-23
-1.80382e-23
-1.24937e-23
-1.39153e-23
-1.84441e-23
-2.03275e-23
-2.15863e-23
-4.14078e-16
-0.0290049
-33.8084
-81.6432
-130.62
-136.304
-164.444
-104.888
-23.6578
-1.60316e-05
-1.01936e-14
-0.389087
-67.3442
-146.352
-75.7591
-15.9044
-6.43008e-08
-1.66804e-23
-6.03028e-24
-7.00085e-25
-7.00351e-25
-6.0308e-24
-1.66802e-23
-6.44997e-08
-15.9127
-75.7394
-146.314
-67.3157
-0.388522
-1.02937e-14
-1.58191e-05
-23.6002
-104.82
-164.427
-136.397
-130.982
-82.0489
-34.0942
-0.0280488
-3.3408e-16
-2.18262e-23
-2.05276e-23
-1.86004e-23
-1.40198e-23
-1.26056e-23
-6.81898e-24
-8.42543e-24
-1.30756e-23
-1.82379e-23
-2.51941e-23
-4.33448e-06
-3.64095
-19.1952
-36.5478
-93.3042
-125.904
-149.487
-165.904
-80.2185
-3.49767
-0.00163292
-20.9998
-119.38
-165.243
-61.3539
-0.370793
-1.19406e-17
-1.355e-23
-5.02767e-24
-5.79038e-25
-5.79174e-25
-5.02797e-24
-1.35503e-23
-1.22515e-17
-0.371723
-61.3327
-165.206
-119.356
-20.9981
-0.00163817
-3.48391
-80.0882
-165.695
-149.318
-125.772
-93.2669
-36.6004
-19.151
-3.61093
-3.84414e-06
-2.51932e-23
-1.82713e-23
-1.31219e-23
-8.47173e-24
-6.88754e-24
-2.81293e-24
-5.48058e-24
-1.0839e-23
-1.88282e-23
-3.25961e-23
-0.18112
-62.5841
-27.8664
-34.6545
-96.5455
-131.367
-147.344
-152.868
-145.529
-65.6327
-11.9312
-43.3033
-133.351
-119.929
-40.512
-0.0360689
-2.29131e-23
-1.20833e-23
-4.60844e-24
-7.94631e-25
-7.947e-25
-4.60861e-24
-1.20836e-23
-2.29135e-23
-0.0361109
-40.5236
-119.903
-133.343
-43.3033
-11.9239
-65.5376
-145.303
-152.615
-147.035
-130.932
-96.5474
-34.4983
-26.6646
-56.9224
-0.0993993
-3.21321e-23
-1.86559e-23
-1.07785e-23
-5.47057e-24
-2.83313e-24
-9.32084e-25
-4.1498e-24
-9.6104e-24
-1.80986e-23
-3.33759e-23
-0.383068
-70.6473
-44.3522
-27.464
-76.0004
-141.903
-157.228
-153.799
-140.726
-117.867
-52.2605
-61.8989
-138.562
-108.832
-49.9297
-0.00138301
-2.14249e-23
-1.1373e-23
-4.82392e-24
-1.56608e-24
-1.5661e-24
-4.82399e-24
-1.1373e-23
-2.14248e-23
-0.00138275
-49.9026
-108.806
-138.539
-61.8932
-52.2018
-117.705
-140.518
-153.533
-156.859
-141.951
-74.9249
-27.8592
-41.0451
-123.114
-0.170169
-3.26162e-23
-1.77963e-23
-9.48857e-24
-4.10912e-24
-9.26275e-25
-1.31261e-24
-4.28995e-24
-9.03592e-24
-1.50863e-23
-2.39705e-23
-4.97496e-05
-0.353736
-0.3274
-0.0230971
-8.19905
-83.1508
-178.117
-165.777
-148.995
-128.577
-105.441
-104.816
-158.132
-98.8708
-40.8627
-0.000554723
-1.9865e-23
-1.11943e-23
-5.79532e-24
-3.13603e-24
-3.13604e-24
-5.79532e-24
-1.11943e-23
-1.98647e-23
-0.000555704
-40.8518
-98.8291
-158.072
-104.767
-105.347
-128.434
-148.804
-165.549
-177.944
-83.4018
-8.69776
-0.025058
-0.217506
-0.161677
-1.79788e-05
-2.33978e-23
-1.48527e-23
-8.94095e-24
-4.2622e-24
-1.31942e-24
-4.04311e-24
-6.49328e-24
-1.09106e-23
-1.41178e-23
-1.55333e-23
-1.55017e-23
-9.90822e-24
-6.06855e-24
-1.07445e-15
-0.000932606
-51.4248
-122.283
-188.056
-164.618
-149.378
-138.617
-142.842
-175.773
-117.032
-70.894
-0.00590992
-1.81791e-23
-1.16669e-23
-7.83366e-24
-5.82409e-24
-5.82407e-24
-7.83364e-24
-1.16669e-23
-1.81792e-23
-0.00591725
-70.8603
-116.996
-175.716
-142.773
-138.521
-149.244
-164.427
-187.712
-122.028
-51.7986
-0.00101067
-1.38908e-15
-6.2872e-24
-1.00743e-23
-1.53529e-23
-1.54331e-23
-1.40788e-23
-1.09095e-23
-6.51548e-24
-4.09652e-24
-8.5827e-24
-1.14867e-23
-1.80141e-23
-2.02065e-23
-1.73822e-23
-1.23886e-23
-7.31729e-24
-4.53268e-24
-4.1539e-24
-1.82967e-09
-0.140454
-42.7847
-165.384
-175.333
-170.22
-164.894
-163.645
-162.925
-138.406
-46.8275
-0.0635483
-9.19387e-23
-1.3336e-23
-1.16142e-23
-1.00244e-23
-1.00244e-23
-1.16141e-23
-1.33359e-23
-9.18479e-23
-0.0635543
-46.8054
-138.358
-162.866
-163.574
-164.805
-170.112
-175.223
-165.364
-42.8649
-0.143501
-1.95958e-09
-4.27406e-24
-4.71905e-24
-7.55961e-24
-1.26035e-23
-1.75719e-23
-2.03642e-23
-1.8133e-23
-1.1575e-23
-8.69339e-24
-1.29021e-23
-1.9621e-23
-3.52733e-23
-3.88944e-23
-3.19183e-23
-2.2462e-23
-1.46204e-23
-9.51058e-24
-6.38669e-24
-4.62937e-24
-2.86569e-07
-25.1846
-143.267
-214.717
-194.318
-190.777
-187.014
-182.886
-176.487
-84.2985
-3.6135
-2.73449e-11
-1.80986e-23
-1.8667e-23
-1.5969e-23
-1.59689e-23
-1.86667e-23
-1.80984e-23
-2.73699e-11
-3.61146
-84.2697
-176.431
-182.828
-186.95
-190.702
-194.222
-214.564
-143.154
-25.3073
-2.97461e-07
-4.68457e-24
-6.49271e-24
-9.70385e-24
-1.49157e-23
-2.28315e-23
-3.23165e-23
-3.92566e-23
-3.5535e-23
-1.97721e-23
-1.30481e-23
-1.34528e-23
-2.99645e-23
-0.000431408
-1.83767
-1.33978
-0.0542169
-0.0759856
-0.0372349
-0.000972446
-0.000282389
-0.000874449
-2.35797
-59.8897
-156.278
-207.502
-220.264
-213.758
-207.589
-228.538
-147.52
-33.6554
-4.42114e-06
-3.64403e-09
-2.88311e-07
-1.21738e-09
-1.21726e-09
-2.88278e-07
-3.64374e-09
-4.42114e-06
-33.6389
-147.487
-228.486
-207.541
-213.709
-220.216
-207.457
-156.203
-59.8238
-2.44261
-0.000995758
-0.00032879
-0.00109828
-0.0393502
-0.0779546
-0.0549094
-1.35655
-1.85687
-0.000435449
-3.0156e-23
-1.35829e-23
-8.34849e-24
-3.24595e-23
-0.52215
-86.5193
-28.295
-7.20963
-22.5666
-35.3958
-31.255
-34.9202
-35.9348
-26.0416
-38.9612
-135.022
-290.864
-279.644
-245.475
-208.974
-175.349
-138.79
-40.7251
-1.75243
-0.819667
-37.5499
-0.0112296
-0.0112271
-37.5566
-0.819639
-1.75188
-40.7166
-138.764
-175.317
-208.942
-245.449
-279.638
-290.929
-135.082
-39.0118
-26.1664
-36.1106
-35.0999
-31.4244
-35.5972
-22.6969
-7.25033
-28.4642
-87.0001
-0.526036
-3.26138e-23
-8.41327e-24
-6.99692e-24
-4.91291e-23
-1.04127
-5.86381
-29.11
-29.6338
-56.5093
-87.8276
-84.3452
-87.7985
-89.241
-86.3673
-103.904
-291.322
-104977
-41542.8
-19489
-14234.5
-10231.8
-6120.5
-2438.67
-628.263
-315.007
-145.395
-0.809396
-0.809248
-145.38
-314.968
-628.145
-2438.2
-6119.41
-10230.2
-14233.1
-19488.9
-41552
-105021
-291.664
-104.187
-86.7421
-89.6724
-88.2496
-84.7976
-88.3092
-56.8176
-29.7884
-29.2512
-5.88919
-1.0473
-4.93119e-23
-7.02245e-24
