-50.0578
-46.0272
-44.1754
-44.1121
-44.9113
-45.4449
-45.606
-45.5428
-44.6317
-43.329
-101.807
-185.943
-180.097
-129.441
-93.2311
-54.4947
-44.8515
-39.3706
-25.8752
-18.0619
-18.0619
-25.8752
-39.3706
-44.8515
-54.4947
-93.2311
-129.441
-180.097
-185.943
-101.807
-43.329
-44.6317
-45.5428
-45.606
-45.4449
-44.9113
-44.1121
-44.1754
-46.0272
-50.0578
-49.9601
-45.9733
-44.1536
-43.984
-44.6841
-45.1062
-45.1741
-44.781
-43.4162
-42.2283
-81.0303
-129.767
-135.163
-109.609
-82.59
-48.7915
-44.1024
-40.1823
-28.5966
-16.2811
-16.2811
-28.5966
-40.1823
-44.1024
-48.7915
-82.59
-109.609
-135.163
-129.767
-81.0303
-42.2283
-43.4162
-44.781
-45.1741
-45.1062
-44.6841
-43.984
-44.1536
-45.9733
-49.9601
-49.2034
-45.5712
-43.9091
-43.6703
-44.1736
-44.4506
-44.3364
-43.323
-41.8735
-41.4021
-61.797
-83.9432
-92.009
-85.6955
-67.1967
-45.7333
-43.6205
-41.3825
-33.6172
-16.5055
-16.5055
-33.6172
-41.3825
-43.6205
-45.7333
-67.1967
-85.6955
-92.009
-83.9432
-61.797
-41.4021
-41.8735
-43.323
-44.3364
-44.4506
-44.1736
-43.6703
-43.9091
-45.5712
-49.2034
-47.3621
-44.6329
-43.3884
-43.1407
-43.4361
-43.6642
-43.3451
-41.8438
-40.8434
-41.3334
-57.1894
-70.1443
-75.0476
-69.9962
-53.7325
-45.4762
-43.7986
-42.3806
-37.4598
-22.2353
-22.2353
-37.4598
-42.3806
-43.7986
-45.4762
-53.7325
-69.9962
-75.0476
-70.1443
-57.1894
-41.3334
-40.8434
-41.8438
-43.3451
-43.6642
-43.4361
-43.1407
-43.3884
-44.6329
-47.3621
-45.4945
-43.6853
-42.7776
-42.4779
-42.6241
-42.9279
-42.4521
-41.0217
-40.5907
-41.9542
-54.5451
-62.1214
-63.4467
-57.3645
-45.6648
-44.3382
-43.3157
-42.764
-39.2705
-26.2124
-26.2124
-39.2705
-42.764
-43.3157
-44.3382
-45.6648
-57.3645
-63.4467
-62.1214
-54.5451
-41.9542
-40.5907
-41.0217
-42.4521
-42.9279
-42.6241
-42.4779
-42.7776
-43.6853
-45.4945
-44.5289
-43.1757
-42.3472
-41.9139
-41.9866
-42.3682
-41.905
-41.2462
-41.3879
-43.3317
-51.4368
-54.2698
-52.7888
-46.8815
-45.2193
-43.0279
-41.9776
-42.2624
-39.2776
-27.5429
-27.5429
-39.2776
-42.2624
-41.9776
-43.0279
-45.2193
-46.8815
-52.7888
-54.2698
-51.4368
-43.3317
-41.3879
-41.2462
-41.905
-42.3682
-41.9866
-41.9139
-42.3472
-43.1757
-44.5289
-44.2842
-43.0986
-42.2233
-41.6565
-41.6662
-41.9302
-41.8413
-42.4663
-43.2063
-44.8268
-47.2862
-46.0159
-44.8397
-46.0503
-45.3564
-42.7651
-41.0104
-41.1487
-38.1827
-27.2482
-27.2482
-38.1827
-41.1487
-41.0104
-42.7651
-45.3564
-46.0503
-44.8397
-46.0159
-47.2862
-44.8268
-43.2063
-42.4663
-41.8413
-41.9302
-41.6662
-41.6565
-42.2233
-43.0986
-44.2842
-44.2798
-43.2547
-42.3731
-41.7445
-41.5361
-41.4699
-42.1821
-44.0228
-45.2265
-45.6227
-44.0121
-44.0221
-45.6733
-47.0909
-46.1919
-43.0313
-40.4201
-39.7047
-36.7006
-26.3861
-26.3861
-36.7006
-39.7047
-40.4201
-43.0313
-46.1919
-47.0909
-45.6733
-44.0221
-44.0121
-45.6227
-45.2265
-44.0228
-42.1821
-41.4699
-41.5361
-41.7445
-42.3731
-43.2547
-44.2798
-44.1174
-43.4054
-42.6486
-41.9565
-41.2343
-41.0277
-42.6598
-45.0189
-46.2494
-45.7044
-44.1345
-44.1839
-46.4857
-48.1131
-47.0764
-43.5248
-39.9233
-38.2103
-35.2489
-25.6207
-25.6207
-35.2489
-38.2103
-39.9233
-43.5248
-47.0764
-48.1131
-46.4857
-44.1839
-44.1345
-45.7044
-46.2494
-45.0189
-42.6598
-41.0277
-41.2343
-41.9565
-42.6486
-43.4054
-44.1174
-43.555
-43.3621
-42.8258
-41.8626
-40.6245
-40.9171
-43.0543
-45.0929
-45.7735
-44.6144
-42.6342
-43.0472
-45.9384
-47.937
-47.2216
-43.7424
-39.541
-36.9122
-33.9844
-25.1508
-25.1508
-33.9844
-36.9122
-39.541
-43.7424
-47.2216
-47.937
-45.9384
-43.0472
-42.6342
-44.6144
-45.7735
-45.0929
-43.0543
-40.9171
-40.6245
-41.8626
-42.8258
-43.3621
-43.555
-42.591
-43.0417
-42.6195
-41.2322
-40.1944
-41.2739
-43.1927
-44.3664
-44.0551
-42.0513
-40.006
-40.9722
-44.2029
-46.676
-46.6707
-43.8462
-39.607
-36.1924
-33.0405
-24.823
-24.823
-33.0405
-36.1924
-39.607
-43.8462
-46.6707
-46.676
-44.2029
-40.9722
-40.006
-42.0513
-44.0551
-44.3664
-43.1927
-41.2739
-40.1944
-41.2322
-42.6195
-43.0417
-42.591
-41.5581
-42.4413
-41.9054
-40.558
-40.4642
-41.8105
-42.9665
-43.07
-41.6955
-39.2271
-37.6909
-38.9226
-42.0437
-44.9043
-45.8217
-44.0911
-40.3552
-36.4208
-32.6212
-24.3314
-24.3314
-32.6212
-36.4208
-40.3552
-44.0911
-45.8217
-44.9043
-42.0437
-38.9226
-37.6909
-39.2271
-41.6955
-43.07
-42.9665
-41.8105
-40.4642
-40.558
-41.9054
-42.4413
-41.5581
-40.9123
-41.6862
-41.144
-40.6057
-41.2465
-42.1828
-42.4239
-41.5694
-39.6403
-37.5288
-36.6792
-37.7372
-40.313
-43.1931
-44.92
-44.4629
-41.697
-37.719
-32.9967
-23.761
-23.761
-32.9967
-37.719
-41.697
-44.4629
-44.92
-43.1931
-40.313
-37.7372
-36.6792
-37.5288
-39.6403
-41.5694
-42.4239
-42.1828
-41.2465
-40.6057
-41.144
-41.6862
-40.9123
-40.4891
-41.1437
-41.0609
-41.3691
-42.0315
-42.2951
-41.7871
-40.5329
-38.8913
-37.4745
-36.9755
-37.7236
-39.5271
-41.9046
-44.0103
-44.7176
-43.2399
-39.8455
-34.4722
-24.1636
-24.1636
-34.4722
-39.8455
-43.2399
-44.7176
-44.0103
-41.9046
-39.5271
-37.7236
-36.9755
-37.4745
-38.8913
-40.5329
-41.7871
-42.2951
-42.0315
-41.3691
-41.0609
-41.1437
-40.4891
-40.0681
-41.1471
-41.6892
-42.2531
-42.541
-42.2401
-41.4705
-40.5577
-39.5046
-38.4356
-38.0605
-38.6503
-39.7781
-41.296
-43.1751
-44.648
-44.5222
-42.2991
-37.1126
-26.7009
-26.7009
-37.1126
-42.2991
-44.5222
-44.648
-43.1751
-41.296
-39.7781
-38.6503
-38.0605
-38.4356
-39.5046
-40.5577
-41.4705
-42.2401
-42.541
-42.2531
-41.6892
-41.1471
-40.0681
-40.1607
-41.7293
-42.5919
-42.9528
-42.8038
-42.239
-41.7677
-41.3946
-40.615
-39.6713
-39.4212
-39.9754
-40.7096
-41.4284
-42.616
-44.2312
-45.1584
-44.3545
-40.1761
-30.9679
-30.9679
-40.1761
-44.3545
-45.1584
-44.2312
-42.616
-41.4284
-40.7096
-39.9754
-39.4212
-39.6713
-40.615
-41.3946
-41.7677
-42.239
-42.8038
-42.9528
-42.5919
-41.7293
-40.1607
-41.2551
-42.4835
-43.1412
-43.238
-42.8681
-42.457
-42.4262
-42.2753
-41.5785
-40.8129
-40.6772
-41.1619
-41.6768
-41.9138
-42.3413
-43.503
-44.957
-45.5503
-42.733
-35.0604
-35.0604
-42.733
-45.5503
-44.957
-43.503
-42.3413
-41.9138
-41.6768
-41.1619
-40.6772
-40.8129
-41.5785
-42.2753
-42.4262
-42.457
-42.8681
-43.238
-43.1412
-42.4835
-41.2551
-43.8933
-44.3085
-44.1954
-43.6799
-43.1008
-42.7972
-42.8087
-42.5784
-41.9425
-41.3761
-41.3889
-41.9219
-42.4935
-42.8178
-43.1858
-44.2131
-45.9797
-47.3334
-44.9657
-37.3414
-37.3414
-44.9657
-47.3334
-45.9797
-44.2131
-43.1858
-42.8178
-42.4935
-41.9219
-41.3889
-41.3761
-41.9425
-42.5784
-42.8087
-42.7972
-43.1008
-43.6799
-44.1954
-44.3085
-43.8933
-48.7166
-48.4644
-46.8439
-45.0253
-43.8059
-43.1088
-42.688
-42.1874
-41.5711
-41.2401
-41.5932
-42.5327
-43.6475
-44.7538
-46.1141
-48.1586
-50.7244
-51.9342
-47.9872
-38.6621
-38.6621
-47.9872
-51.9342
-50.7244
-48.1586
-46.1141
-44.7538
-43.6475
-42.5327
-41.5932
-41.2401
-41.5711
-42.1874
-42.688
-43.1088
-43.8059
-45.0253
-46.8439
-48.4644
-48.7166
-66.6233
-58.6164
-52.4894
-47.9512
-45.2335
-43.4853
-41.9816
-40.6587
-39.8023
-39.9542
-41.4206
-43.8946
-46.87
-50.2955
-54.6841
-60.4083
-66.3451
-68.0212
-59.866
-41.1653
-41.1653
-59.866
-68.0212
-66.3451
-60.4083
-54.6841
-50.2955
-46.87
-43.8946
-41.4206
-39.9542
-39.8023
-40.6587
-41.9816
-43.4853
-45.2335
-47.9512
-52.4894
-58.6164
-66.6233
-66.6233
-58.6164
-52.4894
-47.9512
-45.2335
-43.4853
-41.9816
-40.6587
-39.8023
-39.9542
-41.4206
-43.8946
-46.87
-50.2955
-54.6841
-60.4083
-66.3451
-68.0212
-59.866
-41.1653
-41.1653
-59.866
-68.0212
-66.3451
-60.4083
-54.6841
-50.2955
-46.87
-43.8946
-41.4206
-39.9542
-39.8023
-40.6587
-41.9816
-43.4853
-45.2335
-47.9512
-52.4894
-58.6164
-66.6233
-48.7166
-48.4644
-46.8439
-45.0253
-43.8059
-43.1088
-42.688
-42.1874
-41.5711
-41.2401
-41.5932
-42.5327
-43.6475
-44.7538
-46.1141
-48.1586
-50.7244
-51.9342
-47.9872
-38.6621
-38.6621
-47.9872
-51.9342
-50.7244
-48.1586
-46.1141
-44.7538
-43.6475
-42.5327
-41.5932
-41.2401
-41.5711
-42.1874
-42.688
-43.1088
-43.8059
-45.0253
-46.8439
-48.4644
-48.7166
-43.8933
-44.3085
-44.1954
-43.6799
-43.1008
-42.7972
-42.8087
-42.5784
-41.9425
-41.3761
-41.3889
-41.9219
-42.4935
-42.8178
-43.1858
-44.2131
-45.9797
-47.3334
-44.9657
-37.3414
-37.3414
-44.9657
-47.3334
-45.9797
-44.2131
-43.1858
-42.8178
-42.4935
-41.9219
-41.3889
-41.3761
-41.9425
-42.5784
-42.8087
-42.7972
-43.1008
-43.6799
-44.1954
-44.3085
-43.8933
-41.2551
-42.4835
-43.1412
-43.238
-42.8681
-42.457
-42.4262
-42.2753
-41.5785
-40.8129
-40.6772
-41.1619
-41.6768
-41.9138
-42.3413
-43.503
-44.957
-45.5503
-42.733
-35.0604
-35.0604
-42.733
-45.5503
-44.957
-43.503
-42.3413
-41.9138
-41.6768
-41.1619
-40.6772
-40.8129
-41.5785
-42.2753
-42.4262
-42.457
-42.8681
-43.238
-43.1412
-42.4835
-41.2551
-40.1607
-41.7293
-42.5919
-42.9528
-42.8038
-42.239
-41.7677
-41.3946
-40.615
-39.6713
-39.4212
-39.9754
-40.7096
-41.4284
-42.616
-44.2312
-45.1584
-44.3545
-40.1761
-30.9679
-30.9679
-40.1761
-44.3545
-45.1584
-44.2312
-42.616
-41.4284
-40.7096
-39.9754
-39.4212
-39.6713
-40.615
-41.3946
-41.7677
-42.239
-42.8038
-42.9528
-42.5919
-41.7293
-40.1607
-40.0681
-41.1471
-41.6892
-42.2531
-42.541
-42.2401
-41.4705
-40.5577
-39.5046
-38.4356
-38.0605
-38.6503
-39.7781
-41.296
-43.1751
-44.648
-44.5222
-42.2991
-37.1126
-26.7009
-26.7009
-37.1126
-42.2991
-44.5222
-44.648
-43.1751
-41.296
-39.7781
-38.6503
-38.0605
-38.4356
-39.5046
-40.5577
-41.4705
-42.2401
-42.541
-42.2531
-41.6892
-41.1471
-40.0681
-40.4891
-41.1437
-41.0609
-41.3691
-42.0315
-42.2951
-41.7871
-40.5329
-38.8913
-37.4745
-36.9755
-37.7236
-39.5271
-41.9046
-44.0103
-44.7176
-43.2399
-39.8455
-34.4722
-24.1636
-24.1636
-34.4722
-39.8455
-43.2399
-44.7176
-44.0103
-41.9046
-39.5271
-37.7236
-36.9755
-37.4745
-38.8913
-40.5329
-41.7871
-42.2951
-42.0315
-41.3691
-41.0609
-41.1437
-40.4891
-40.9123
-41.6862
-41.144
-40.6057
-41.2465
-42.1828
-42.4239
-41.5694
-39.6403
-37.5288
-36.6792
-37.7372
-40.313
-43.1931
-44.92
-44.4629
-41.697
-37.719
-32.9967
-23.761
-23.761
-32.9967
-37.719
-41.697
-44.4629
-44.92
-43.1931
-40.313
-37.7372
-36.6792
-37.5288
-39.6403
-41.5694
-42.4239
-42.1828
-41.2465
-40.6057
-41.144
-41.6862
-40.9123
-41.5581
-42.4413
-41.9054
-40.558
-40.4642
-41.8105
-42.9665
-43.07
-41.6955
-39.2271
-37.6909
-38.9226
-42.0437
-44.9043
-45.8217
-44.0911
-40.3552
-36.4208
-32.6212
-24.3314
-24.3314
-32.6212
-36.4208
-40.3552
-44.0911
-45.8217
-44.9043
-42.0437
-38.9226
-37.6909
-39.2271
-41.6955
-43.07
-42.9665
-41.8105
-40.4642
-40.558
-41.9054
-42.4413
-41.5581
-42.591
-43.0417
-42.6195
-41.2322
-40.1944
-41.2739
-43.1927
-44.3664
-44.0551
-42.0513
-40.006
-40.9722
-44.2029
-46.676
-46.6707
-43.8462
-39.607
-36.1924
-33.0405
-24.823
-24.823
-33.0405
-36.1924
-39.607
-43.8462
-46.6707
-46.676
-44.2029
-40.9722
-40.006
-42.0513
-44.0551
-44.3664
-43.1927
-41.2739
-40.1944
-41.2322
-42.6195
-43.0417
-42.591
-43.555
-43.3621
-42.8258
-41.8626
-40.6245
-40.9171
-43.0543
-45.0929
-45.7735
-44.6144
-42.6342
-43.0472
-45.9384
-47.937
-47.2216
-43.7424
-39.541
-36.9122
-33.9844
-25.1508
-25.1508
-33.9844
-36.9122
-39.541
-43.7424
-47.2216
-47.937
-45.9384
-43.0472
-42.6342
-44.6144
-45.7735
-45.0929
-43.0543
-40.9171
-40.6245
-41.8626
-42.8258
-43.3621
-43.555
-44.1174
-43.4054
-42.6486
-41.9565
-41.2343
-41.0277
-42.6598
-45.0189
-46.2494
-45.7044
-44.1345
-44.1839
-46.4857
-48.1131
-47.0764
-43.5248
-39.9233
-38.2103
-35.2489
-25.6207
-25.6207
-35.2489
-38.2103
-39.9233
-43.5248
-47.0764
-48.1131
-46.4857
-44.1839
-44.1345
-45.7044
-46.2494
-45.0189
-42.6598
-41.0277
-41.2343
-41.9565
-42.6486
-43.4054
-44.1174
-44.2798
-43.2547
-42.3731
-41.7445
-41.5361
-41.4699
-42.1821
-44.0228
-45.2265
-45.6227
-44.0121
-44.0221
-45.6733
-47.0909
-46.1919
-43.0313
-40.4201
-39.7047
-36.7006
-26.3861
-26.3861
-36.7006
-39.7047
-40.4201
-43.0313
-46.1919
-47.0909
-45.6733
-44.0221
-44.0121
-45.6227
-45.2265
-44.0228
-42.1821
-41.4699
-41.5361
-41.7445
-42.3731
-43.2547
-44.2798
-44.2842
-43.0986
-42.2233
-41.6565
-41.6662
-41.9302
-41.8413
-42.4663
-43.2063
-44.8268
-47.2862
-46.0159
-44.8397
-46.0503
-45.3564
-42.7651
-41.0104
-41.1487
-38.1827
-27.2482
-27.2482
-38.1827
-41.1487
-41.0104
-42.7651
-45.3564
-46.0503
-44.8397
-46.0159
-47.2862
-44.8268
-43.2063
-42.4663
-41.8413
-41.9302
-41.6662
-41.6565
-42.2233
-43.0986
-44.2842
-44.5289
-43.1757
-42.3472
-41.9139
-41.9866
-42.3682
-41.905
-41.2462
-41.3879
-43.3317
-51.4368
-54.2698
-52.7888
-46.8815
-45.2193
-43.0279
-41.9776
-42.2624
-39.2776
-27.5429
-27.5429
-39.2776
-42.2624
-41.9776
-43.0279
-45.2193
-46.8815
-52.7888
-54.2698
-51.4368
-43.3317
-41.3879
-41.2462
-41.905
-42.3682
-41.9866
-41.9139
-42.3472
-43.1757
-44.5289
-45.4945
-43.6853
-42.7776
-42.4779
-42.6241
-42.9279
-42.4521
-41.0217
-40.5907
-41.9542
-54.5451
-62.1214
-63.4467
-57.3645
-45.6648
-44.3382
-43.3157
-42.764
-39.2705
-26.2124
-26.2124
-39.2705
-42.764
-43.3157
-44.3382
-45.6648
-57.3645
-63.4467
-62.1214
-54.5451
-41.9542
-40.5907
-41.0217
-42.4521
-42.9279
-42.6241
-42.4779
-42.7776
-43.6853
-45.4945
-47.3621
-44.6329
-43.3884
-43.1407
-43.4361
-43.6642
-43.3451
-41.8438
-40.8434
-41.3334
-57.1894
-70.1443
-75.0476
-69.9962
-53.7325
-45.4762
-43.7986
-42.3806
-37.4598
-22.2353
-22.2353
-37.4598
-42.3806
-43.7986
-45.4762
-53.7325
-69.9962
-75.0476
-70.1443
-57.1894
-41.3334
-40.8434
-41.8438
-43.3451
-43.6642
-43.4361
-43.1407
-43.3884
-44.6329
-47.3621
-49.2034
-45.5712
-43.9091
-43.6703
-44.1736
-44.4506
-44.3364
-43.323
-41.8735
-41.4021
-61.797
-83.9432
-92.009
-85.6955
-67.1967
-45.7333
-43.6205
-41.3825
-33.6172
-16.5055
-16.5055
-33.6172
-41.3825
-43.6205
-45.7333
-67.1967
-85.6955
-92.009
-83.9432
-61.797
-41.4021
-41.8735
-43.323
-44.3364
-44.4506
-44.1736
-43.6703
-43.9091
-45.5712
-49.2034
-49.9601
-45.9733
-44.1536
-43.984
-44.6841
-45.1062
-45.1741
-44.781
-43.4162
-42.2283
-81.0303
-129.767
-135.163
-109.609
-82.59
-48.7915
-44.1024
-40.1823
-28.5966
-16.2811
-16.2811
-28.5966
-40.1823
-44.1024
-48.7915
-82.59
-109.609
-135.163
-129.767
-81.0303
-42.2283
-43.4162
-44.781
-45.1741
-45.1062
-44.6841
-43.984
-44.1536
-45.9733
-49.9601
-50.0578
-46.0272
-44.1754
-44.1121
-44.9113
-45.4449
-45.606
-45.5428
-44.6317
-43.329
-101.807
-185.943
-180.097
-129.441
-93.2311
-54.4947
-44.8515
-39.3706
-25.8752
-18.0619
-18.0619
-25.8752
-39.3706
-44.8515
-54.4947
-93.2311
-129.441
-180.097
-185.943
-101.807
-43.329
-44.6317
-45.5428
-45.606
-45.4449
-44.9113
-44.1121
-44.1754
-46.0272
-50.0578
