-57.1646
-50.5744
-47.1156
-46.5147
-47.8569
-48.9785
-49.5525
-49.2381
-46.9037
-45.6331
-104.892
-190.996
-184.022
-129.823
-91.0665
-52.2709
-43.5636
-34.8747
-27.775
-27.1564
-27.1564
-27.775
-34.8747
-43.5636
-52.2709
-91.0665
-129.823
-184.022
-190.996
-104.892
-45.6331
-46.9037
-49.2381
-49.5525
-48.9785
-47.8569
-46.5147
-47.1156
-50.5744
-57.1646
-55.8299
-49.7419
-46.7673
-46.1742
-47.3619
-48.4183
-48.8985
-48.0124
-45.2159
-44.4841
-84.8105
-134.334
-138.754
-110.239
-80.9145
-49.9195
-43.4831
-35.5907
-27.2265
-22.289
-22.289
-27.2265
-35.5907
-43.4831
-49.9195
-80.9145
-110.239
-138.754
-134.334
-84.8105
-44.4841
-45.2159
-48.0124
-48.8985
-48.4183
-47.3619
-46.1742
-46.7673
-49.7419
-55.8299
-52.8237
-48.2092
-45.9915
-45.5046
-46.4213
-47.4471
-47.6072
-45.8485
-43.261
-43.5263
-65.8531
-87.8618
-94.9428
-86.1662
-65.5243
-49.4834
-43.8212
-36.9462
-28.229
-16.3043
-16.3043
-28.229
-36.9462
-43.8212
-49.4834
-65.5243
-86.1662
-94.9428
-87.8618
-65.8531
-43.5263
-43.261
-45.8485
-47.6072
-47.4471
-46.4213
-45.5046
-45.9915
-48.2092
-52.8237
-49.4253
-46.6137
-45.1371
-44.7052
-45.3634
-46.4165
-46.0883
-43.8008
-42.1813
-43.3701
-60.8127
-73.438
-76.9396
-69.6151
-51.9025
-48.1259
-43.613
-38.127
-30.5736
-15.3974
-15.3974
-30.5736
-38.127
-43.613
-48.1259
-51.9025
-69.6151
-76.9396
-73.438
-60.8127
-43.3701
-42.1813
-43.8008
-46.0883
-46.4165
-45.3634
-44.7052
-45.1371
-46.6137
-49.4253
-47.2034
-45.6103
-44.5008
-43.9627
-44.4223
-45.426
-44.7004
-42.7235
-42.2404
-44.8489
-57.8199
-64.8225
-64.2775
-56.2073
-49.6611
-46.353
-42.2676
-38.5307
-31.999
-16.5636
-16.5636
-31.999
-38.5307
-42.2676
-46.353
-49.6611
-56.2073
-64.2775
-64.8225
-57.8199
-44.8489
-42.2404
-42.7235
-44.7004
-45.426
-44.4223
-43.9627
-44.5008
-45.6103
-47.2034
-46.1886
-45.217
-44.1859
-43.4537
-43.7002
-44.3898
-43.7034
-43.1264
-43.6028
-46.6686
-54.5424
-56.551
-53.1505
-50.078
-49.4204
-45.8268
-41.3825
-38.2751
-32.113
-17.3998
-17.3998
-32.113
-38.2751
-41.3825
-45.8268
-49.4204
-50.078
-53.1505
-56.551
-54.5424
-46.6686
-43.6028
-43.1264
-43.7034
-44.3898
-43.7002
-43.4537
-44.1859
-45.217
-46.1886
-45.5825
-45.0897
-44.1167
-43.2272
-43.0862
-43.1432
-43.2195
-44.7818
-46.2772
-48.4079
-50.4282
-48.2574
-49.1809
-50.9197
-50.1531
-46.2709
-41.2966
-37.5207
-31.3668
-17.5968
-17.5968
-31.3668
-37.5207
-41.2966
-46.2709
-50.1531
-50.9197
-49.1809
-48.2574
-50.4282
-48.4079
-46.2772
-44.7818
-43.2195
-43.1432
-43.0862
-43.2272
-44.1167
-45.0897
-45.5825
-44.8286
-44.9526
-44.1898
-43.1765
-42.2912
-41.7395
-43.1799
-46.5364
-48.8879
-49.8166
-48.298
-48.6237
-50.8656
-52.8753
-51.7155
-47.0857
-41.2253
-36.3813
-30.1466
-17.3486
-17.3486
-30.1466
-36.3813
-41.2253
-47.0857
-51.7155
-52.8753
-50.8656
-48.6237
-48.298
-49.8166
-48.8879
-46.5364
-43.1799
-41.7395
-42.2912
-43.1765
-44.1898
-44.9526
-44.8286
-43.7423
-44.6752
-44.2651
-42.9581
-41.0956
-40.6657
-43.412
-47.2617
-49.5633
-49.5507
-48.5387
-49.1879
-51.8588
-53.6002
-52.0962
-47.2106
-40.8122
-35.2182
-28.867
-16.9092
-16.9092
-28.867
-35.2182
-40.8122
-47.2106
-52.0962
-53.6002
-51.8588
-49.1879
-48.5387
-49.5507
-49.5633
-47.2617
-43.412
-40.6657
-41.0956
-42.9581
-44.2651
-44.6752
-43.7423
-42.4045
-44.2193
-44.0869
-42.1749
-39.873
-40.5097
-43.7619
-46.8123
-47.9889
-47.1649
-46.0672
-47.2707
-50.2693
-52.1375
-51.0446
-46.7214
-40.5107
-34.5647
-27.9311
-16.4973
-16.4973
-27.9311
-34.5647
-40.5107
-46.7214
-51.0446
-52.1375
-50.2693
-47.2707
-46.0672
-47.1649
-47.9889
-46.8123
-43.7619
-40.5097
-39.873
-42.1749
-44.0869
-44.2193
-42.4045
-41.0973
-43.5624
-43.3517
-40.9714
-39.5143
-41.2655
-43.9879
-45.5309
-45.1347
-43.3455
-42.377
-44.0979
-47.2908
-49.6225
-49.5149
-46.3666
-40.9248
-34.9264
-27.7653
-16.4224
-16.4224
-27.7653
-34.9264
-40.9248
-46.3666
-49.5149
-49.6225
-47.2908
-44.0979
-42.377
-43.3455
-45.1347
-45.5309
-43.9879
-41.2655
-39.5143
-40.9714
-43.3517
-43.5624
-41.0973
-40.2227
-42.6812
-42.1564
-40.3065
-40.4151
-42.3707
-43.8352
-43.7106
-41.9447
-39.7617
-39.2537
-41.1443
-44.2963
-47.1339
-48.1833
-46.5074
-42.2399
-36.506
-28.7353
-17.1179
-17.1179
-28.7353
-36.506
-42.2399
-46.5074
-48.1833
-47.1339
-44.2963
-41.1443
-39.2537
-39.7617
-41.9447
-43.7106
-43.8352
-42.3707
-40.4151
-40.3065
-42.1564
-42.6812
-40.2227
-39.8884
-41.7816
-41.3695
-40.9661
-42.0393
-43.2579
-43.2519
-41.741
-39.3792
-37.6287
-37.5782
-39.2164
-42.0306
-45.1039
-47.159
-47.0267
-44.2404
-39.1838
-31.0007
-18.9969
-18.9969
-31.0007
-39.1838
-44.2404
-47.0267
-47.159
-45.1039
-42.0306
-39.2164
-37.5782
-37.6287
-39.3792
-41.741
-43.2519
-43.2579
-42.0393
-40.9661
-41.3695
-41.7816
-39.8884
-39.5602
-41.3687
-41.7965
-42.5743
-43.5641
-43.6587
-42.4283
-40.3098
-38.3502
-37.3439
-37.3964
-38.522
-40.7082
-43.5818
-46.262
-47.5384
-46.4429
-42.5543
-34.4414
-22.3078
-22.3078
-34.4414
-42.5543
-46.4429
-47.5384
-46.262
-43.5818
-40.7082
-38.522
-37.3964
-37.3439
-38.3502
-40.3098
-42.4283
-43.6587
-43.5641
-42.5743
-41.7965
-41.3687
-39.5602
-39.5385
-41.9639
-43.2549
-44.217
-44.4979
-43.5973
-41.8457
-40.1314
-39.0361
-38.4655
-38.3983
-39.0092
-40.4158
-42.6628
-45.418
-47.7121
-48.2883
-45.9536
-38.5287
-26.8734
-26.8734
-38.5287
-45.9536
-48.2883
-47.7121
-45.418
-42.6628
-40.4158
-39.0092
-38.3983
-38.4655
-39.0361
-40.1314
-41.8457
-43.5973
-44.4979
-44.217
-43.2549
-41.9639
-39.5385
-40.4207
-43.2868
-44.8432
-45.3325
-44.8078
-43.4006
-42.01
-41.1741
-40.6324
-40.1785
-40.0276
-40.2833
-40.9812
-42.3659
-44.6192
-47.2883
-49.1911
-48.5047
-42.3608
-32.0707
-32.0707
-42.3608
-48.5047
-49.1911
-47.2883
-44.6192
-42.3659
-40.9812
-40.2833
-40.0276
-40.1785
-40.6324
-41.1741
-42.01
-43.4006
-44.8078
-45.3325
-44.8432
-43.2868
-40.4207
-43.0809
-44.968
-45.7442
-45.5426
-44.6414
-43.5042
-42.9135
-42.6514
-42.2952
-41.9485
-41.8358
-41.9294
-42.1745
-42.8
-44.2573
-46.6799
-49.286
-49.8698
-45.09
-36.5612
-36.5612
-45.09
-49.8698
-49.286
-46.6799
-44.2573
-42.8
-42.1745
-41.9294
-41.8358
-41.9485
-42.2952
-42.6514
-42.9135
-43.5042
-44.6414
-45.5426
-45.7442
-44.968
-43.0809
-47.2159
-47.935
-47.3823
-46.1237
-44.8249
-43.9081
-43.5691
-43.374
-43.147
-43.05
-43.1821
-43.4638
-43.8117
-44.3694
-45.5616
-47.7493
-50.4285
-51.2309
-46.7112
-38.8948
-38.8948
-46.7112
-51.2309
-50.4285
-47.7493
-45.5616
-44.3694
-43.8117
-43.4638
-43.1821
-43.05
-43.147
-43.374
-43.5691
-43.9081
-44.8249
-46.1237
-47.3823
-47.935
-47.2159
-53.3404
-53.7217
-51.773
-48.5845
-45.9174
-44.211
-43.2755
-42.8469
-42.8198
-43.1951
-43.9325
-44.9193
-46.0784
-47.5003
-49.4368
-51.9901
-54.3438
-53.913
-47.9199
-39.5653
-39.5653
-47.9199
-53.913
-54.3438
-51.9901
-49.4368
-47.5003
-46.0784
-44.9193
-43.9325
-43.1951
-42.8198
-42.8469
-43.2755
-44.211
-45.9174
-48.5845
-51.773
-53.7217
-53.3404
-79.8074
-70.9731
-61.849
-53.9515
-48.0163
-44.1543
-41.5585
-40.2709
-40.3739
-41.7767
-44.2302
-47.4561
-51.3325
-55.9509
-61.3315
-66.6591
-69.2488
-64.9019
-52.1516
-38.4388
-38.4388
-52.1516
-64.9019
-69.2488
-66.6591
-61.3315
-55.9509
-51.3325
-47.4561
-44.2302
-41.7767
-40.3739
-40.2709
-41.5585
-44.1543
-48.0163
-53.9515
-61.849
-70.9731
-79.8074
-79.8074
-70.9731
-61.849
-53.9515
-48.0163
-44.1543
-41.5585
-40.2709
-40.3739
-41.7767
-44.2302
-47.4561
-51.3325
-55.9509
-61.3315
-66.6591
-69.2488
-64.9019
-52.1516
-38.4388
-38.4388
-52.1516
-64.9019
-69.2488
-66.6591
-61.3315
-55.9509
-51.3325
-47.4561
-44.2302
-41.7767
-40.3739
-40.2709
-41.5585
-44.1543
-48.0163
-53.9515
-61.849
-70.9731
-79.8074
-53.3404
-53.7217
-51.773
-48.5845
-45.9174
-44.211
-43.2755
-42.8469
-42.8198
-43.1951
-43.9325
-44.9193
-46.0784
-47.5003
-49.4368
-51.9901
-54.3438
-53.913
-47.9199
-39.5653
-39.5653
-47.9199
-53.913
-54.3438
-51.9901
-49.4368
-47.5003
-46.0784
-44.9193
-43.9325
-43.1951
-42.8198
-42.8469
-43.2755
-44.211
-45.9174
-48.5845
-51.773
-53.7217
-53.3404
-47.2159
-47.935
-47.3823
-46.1237
-44.8249
-43.9081
-43.5691
-43.374
-43.147
-43.05
-43.1821
-43.4638
-43.8117
-44.3694
-45.5616
-47.7493
-50.4285
-51.2309
-46.7112
-38.8948
-38.8948
-46.7112
-51.2309
-50.4285
-47.7493
-45.5616
-44.3694
-43.8117
-43.4638
-43.1821
-43.05
-43.147
-43.374
-43.5691
-43.9081
-44.8249
-46.1237
-47.3823
-47.935
-47.2159
-43.0809
-44.968
-45.7442
-45.5426
-44.6414
-43.5042
-42.9135
-42.6514
-42.2952
-41.9485
-41.8358
-41.9294
-42.1745
-42.8
-44.2573
-46.6799
-49.286
-49.8698
-45.09
-36.5612
-36.5612
-45.09
-49.8698
-49.286
-46.6799
-44.2573
-42.8
-42.1745
-41.9294
-41.8358
-41.9485
-42.2952
-42.6514
-42.9135
-43.5042
-44.6414
-45.5426
-45.7442
-44.968
-43.0809
-40.4207
-43.2868
-44.8432
-45.3325
-44.8078
-43.4006
-42.01
-41.1741
-40.6324
-40.1785
-40.0276
-40.2833
-40.9812
-42.3659
-44.6192
-47.2883
-49.1911
-48.5047
-42.3608
-32.0707
-32.0707
-42.3608
-48.5047
-49.1911
-47.2883
-44.6192
-42.3659
-40.9812
-40.2833
-40.0276
-40.1785
-40.6324
-41.1741
-42.01
-43.4006
-44.8078
-45.3325
-44.8432
-43.2868
-40.4207
-39.5385
-41.9639
-43.2549
-44.217
-44.4979
-43.5973
-41.8457
-40.1314
-39.0361
-38.4655
-38.3983
-39.0092
-40.4158
-42.6628
-45.418
-47.7121
-48.2883
-45.9536
-38.5287
-26.8734
-26.8734
-38.5287
-45.9536
-48.2883
-47.7121
-45.418
-42.6628
-40.4158
-39.0092
-38.3983
-38.4655
-39.0361
-40.1314
-41.8457
-43.5973
-44.4979
-44.217
-43.2549
-41.9639
-39.5385
-39.5602
-41.3687
-41.7965
-42.5743
-43.5641
-43.6587
-42.4283
-40.3098
-38.3502
-37.3439
-37.3964
-38.522
-40.7082
-43.5818
-46.262
-47.5384
-46.4429
-42.5543
-34.4414
-22.3078
-22.3078
-34.4414
-42.5543
-46.4429
-47.5384
-46.262
-43.5818
-40.7082
-38.522
-37.3964
-37.3439
-38.3502
-40.3098
-42.4283
-43.6587
-43.5641
-42.5743
-41.7965
-41.3687
-39.5602
-39.8884
-41.7816
-41.3695
-40.9661
-42.0393
-43.2579
-43.2519
-41.741
-39.3792
-37.6287
-37.5782
-39.2164
-42.0306
-45.1039
-47.159
-47.0267
-44.2404
-39.1838
-31.0007
-18.9969
-18.9969
-31.0007
-39.1838
-44.2404
-47.0267
-47.159
-45.1039
-42.0306
-39.2164
-37.5782
-37.6287
-39.3792
-41.741
-43.2519
-43.2579
-42.0393
-40.9661
-41.3695
-41.7816
-39.8884
-40.2227
-42.6812
-42.1564
-40.3065
-40.4151
-42.3707
-43.8352
-43.7106
-41.9447
-39.7617
-39.2537
-41.1443
-44.2963
-47.1339
-48.1833
-46.5074
-42.2399
-36.506
-28.7353
-17.1179
-17.1179
-28.7353
-36.506
-42.2399
-46.5074
-48.1833
-47.1339
-44.2963
-41.1443
-39.2537
-39.7617
-41.9447
-43.7106
-43.8352
-42.3707
-40.4151
-40.3065
-42.1564
-42.6812
-40.2227
-41.0973
-43.5624
-43.3517
-40.9714
-39.5143
-41.2655
-43.9879
-45.5309
-45.1347
-43.3455
-42.377
-44.0979
-47.2908
-49.6225
-49.5149
-46.3666
-40.9248
-34.9264
-27.7653
-16.4224
-16.4224
-27.7653
-34.9264
-40.9248
-46.3666
-49.5149
-49.6225
-47.2908
-44.0979
-42.377
-43.3455
-45.1347
-45.5309
-43.9879
-41.2655
-39.5143
-40.9714
-43.3517
-43.5624
-41.0973
-42.4045
-44.2193
-44.0869
-42.1749
-39.873
-40.5097
-43.7619
-46.8123
-47.9889
-47.1649
-46.0672
-47.2707
-50.2693
-52.1375
-51.0446
-46.7214
-40.5107
-34.5647
-27.9311
-16.4973
-16.4973
-27.9311
-34.5647
-40.5107
-46.7214
-51.0446
-52.1375
-50.2693
-47.2707
-46.0672
-47.1649
-47.9889
-46.8123
-43.7619
-40.5097
-39.873
-42.1749
-44.0869
-44.2193
-42.4045
-43.7423
-44.6752
-44.2651
-42.9581
-41.0956
-40.6657
-43.412
-47.2617
-49.5633
-49.5507
-48.5387
-49.1879
-51.8588
-53.6002
-52.0962
-47.2106
-40.8122
-35.2182
-28.867
-16.9092
-16.9092
-28.867
-35.2182
-40.8122
-47.2106
-52.0962
-53.6002
-51.8588
-49.1879
-48.5387
-49.5507
-49.5633
-47.2617
-43.412
-40.6657
-41.0956
-42.9581
-44.2651
-44.6752
-43.7423
-44.8286
-44.9526
-44.1898
-43.1765
-42.2912
-41.7395
-43.1799
-46.5364
-48.8879
-49.8166
-48.298
-48.6237
-50.8656
-52.8753
-51.7155
-47.0857
-41.2253
-36.3813
-30.1466
-17.3486
-17.3486
-30.1466
-36.3813
-41.2253
-47.0857
-51.7155
-52.8753
-50.8656
-48.6237
-48.298
-49.8166
-48.8879
-46.5364
-43.1799
-41.7395
-42.2912
-43.1765
-44.1898
-44.9526
-44.8286
-45.5825
-45.0897
-44.1167
-43.2272
-43.0862
-43.1432
-43.2195
-44.7818
-46.2772
-48.4079
-50.4282
-48.2574
-49.1809
-50.9197
-50.1531
-46.2709
-41.2966
-37.5207
-31.3668
-17.5968
-17.5968
-31.3668
-37.5207
-41.2966
-46.2709
-50.1531
-50.9197
-49.1809
-48.2574
-50.4282
-48.4079
-46.2772
-44.7818
-43.2195
-43.1432
-43.0862
-43.2272
-44.1167
-45.0897
-45.5825
-46.1886
-45.217
-44.1859
-43.4537
-43.7002
-44.3898
-43.7034
-43.1264
-43.6028
-46.6686
-54.5424
-56.551
-53.1505
-50.078
-49.4204
-45.8268
-41.3825
-38.2751
-32.113
-17.3998
-17.3998
-32.113
-38.2751
-41.3825
-45.8268
-49.4204
-50.078
-53.1505
-56.551
-54.5424
-46.6686
-43.6028
-43.1264
-43.7034
-44.3898
-43.7002
-43.4537
-44.1859
-45.217
-46.1886
-47.2034
-45.6103
-44.5008
-43.9627
-44.4223
-45.426
-44.7004
-42.7235
-42.2404
-44.8489
-57.8199
-64.8225
-64.2775
-56.2073
-49.6611
-46.353
-42.2676
-38.5307
-31.999
-16.5636
-16.5636
-31.999
-38.5307
-42.2676
-46.353
-49.6611
-56.2073
-64.2775
-64.8225
-57.8199
-44.8489
-42.2404
-42.7235
-44.7004
-45.426
-44.4223
-43.9627
-44.5008
-45.6103
-47.2034
-49.4253
-46.6137
-45.1371
-44.7052
-45.3634
-46.4165
-46.0883
-43.8008
-42.1813
-43.3701
-60.8127
-73.438
-76.9396
-69.6151
-51.9025
-48.1259
-43.613
-38.127
-30.5736
-15.3974
-15.3974
-30.5736
-38.127
-43.613
-48.1259
-51.9025
-69.6151
-76.9396
-73.438
-60.8127
-43.3701
-42.1813
-43.8008
-46.0883
-46.4165
-45.3634
-44.7052
-45.1371
-46.6137
-49.4253
-52.8237
-48.2092
-45.9915
-45.5046
-46.4213
-47.4471
-47.6072
-45.8485
-43.261
-43.5263
-65.8531
-87.8618
-94.9428
-86.1662
-65.5243
-49.4834
-43.8212
-36.9462
-28.229
-16.3043
-16.3043
-28.229
-36.9462
-43.8212
-49.4834
-65.5243
-86.1662
-94.9428
-87.8618
-65.8531
-43.5263
-43.261
-45.8485
-47.6072
-47.4471
-46.4213
-45.5046
-45.9915
-48.2092
-52.8237
-55.8299
-49.7419
-46.7673
-46.1742
-47.3619
-48.4183
-48.8985
-48.0124
-45.2159
-44.4841
-84.8105
-134.334
-138.754
-110.239
-80.9145
-49.9195
-43.4831
-35.5907
-27.2265
-22.289
-22.289
-27.2265
-35.5907
-43.4831
-49.9195
-80.9145
-110.239
-138.754
-134.334
-84.8105
-44.4841
-45.2159
-48.0124
-48.8985
-48.4183
-47.3619
-46.1742
-46.7673
-49.7419
-55.8299
-57.1646
-50.5744
-47.1156
-46.5147
-47.8569
-48.9785
-49.5525
-49.2381
-46.9037
-45.6331
-104.892
-190.996
-184.022
-129.823
-91.0665
-52.2709
-43.5636
-34.8747
-27.775
-27.1564
-27.1564
-27.775
-34.8747
-43.5636
-52.2709
-91.0665
-129.823
-184.022
-190.996
-104.892
-45.6331
-46.9037
-49.2381
-49.5525
-48.9785
-47.8569
-46.5147
-47.1156
-50.5744
-57.1646
