0.0664001
0.160628
0.262252
0.324851
0.37923
0.431261
0.477689
0.524608
0.574309
0.81589
1
1
1
1
1
1
0.525023
0.184034
0.0716773
0.0510102
0.0510102
0.0716773
0.184034
0.525023
1
1
1
1
1
1
0.81589
0.574309
0.524608
0.477689
0.431261
0.37923
0.324851
0.262252
0.160628
0.0664001
0.0588004
0.145742
0.246609
0.310341
0.362214
0.411435
0.453115
0.499719
0.580297
0.861064
1
1
1
1
1
1
0.485477
0.182247
0.0688832
0.0325038
0.0325038
0.0688832
0.182247
0.485477
1
1
1
1
1
1
0.861064
0.580297
0.499719
0.453115
0.411435
0.362214
0.310341
0.246609
0.145742
0.0588004
0.0470401
0.126829
0.226735
0.290816
0.337434
0.380945
0.41523
0.468274
0.595667
0.909775
1
1
1
1
1
0.919552
0.437399
0.186224
0.0742695
0.0186
0.0186
0.0742695
0.186224
0.437399
0.919552
1
1
1
1
1
0.909775
0.595667
0.468274
0.41523
0.380945
0.337434
0.290816
0.226735
0.126829
0.0470401
0.039672
0.115118
0.214109
0.276775
0.317353
0.354583
0.384189
0.456015
0.62761
0.948061
1
1
1
1
1
0.75177
0.397558
0.196558
0.0867326
0.0191648
0.0191648
0.0867326
0.196558
0.397558
0.75177
1
1
1
1
1
0.948061
0.62761
0.456015
0.384189
0.354583
0.317353
0.276775
0.214109
0.115118
0.039672
0.0368841
0.110497
0.20817
0.268295
0.304113
0.336607
0.368849
0.470367
0.68249
0.981732
1
1
1
1
0.974561
0.618412
0.358247
0.203277
0.0957605
0.0220864
0.0220864
0.0957605
0.203277
0.358247
0.618412
0.974561
1
1
1
1
0.981732
0.68249
0.470367
0.368849
0.336607
0.304113
0.268295
0.20817
0.110497
0.0368841
0.0366035
0.109846
0.206338
0.264099
0.297023
0.327548
0.373613
0.513607
0.757336
1
1
1
1
1
0.818563
0.540674
0.332252
0.204805
0.0996665
0.0241869
0.0241869
0.0996665
0.204805
0.332252
0.540674
0.818563
1
1
1
1
1
0.757336
0.513607
0.373613
0.327548
0.297023
0.264099
0.206338
0.109846
0.0366035
0.0369322
0.110248
0.206186
0.262837
0.294559
0.328166
0.403731
0.590239
0.846965
1
1
1
1
0.912727
0.736545
0.508566
0.323271
0.203689
0.100506
0.0254029
0.0254029
0.100506
0.203689
0.323271
0.508566
0.736545
0.912727
1
1
1
1
0.846965
0.590239
0.403731
0.328166
0.294559
0.262837
0.206186
0.110248
0.0369322
0.0370556
0.110433
0.206599
0.263564
0.296066
0.343829
0.467852
0.699443
0.932122
1
0.971244
0.898313
0.874907
0.83954
0.70986
0.50602
0.32629
0.203594
0.100886
0.0264299
0.0264299
0.100886
0.203594
0.32629
0.50602
0.70986
0.83954
0.874907
0.898313
0.971244
1
0.932122
0.699443
0.467852
0.343829
0.296066
0.263564
0.206599
0.110433
0.0370556
0.0369871
0.110289
0.207049
0.265065
0.303717
0.385026
0.568265
0.814727
0.969956
0.943165
0.821484
0.758736
0.787089
0.799631
0.70615
0.521021
0.338275
0.207118
0.102497
0.0279282
0.0279282
0.102497
0.207118
0.338275
0.521021
0.70615
0.799631
0.787089
0.758736
0.821484
0.943165
0.969956
0.814727
0.568265
0.385026
0.303717
0.265065
0.207049
0.110289
0.0369871
0.0371492
0.110248
0.207121
0.267569
0.325849
0.460217
0.684555
0.884679
0.920735
0.797403
0.660682
0.637909
0.709961
0.761565
0.705047
0.543129
0.358922
0.216266
0.106521
0.0303636
0.0303636
0.106521
0.216266
0.358922
0.543129
0.705047
0.761565
0.709961
0.637909
0.660682
0.797403
0.920735
0.884679
0.684555
0.460217
0.325849
0.267569
0.207121
0.110248
0.0371492
0.0382511
0.111116
0.207463
0.277026
0.37455
0.560398
0.771703
0.868074
0.789054
0.62547
0.521523
0.539903
0.63432
0.7114
0.693548
0.564847
0.387179
0.232896
0.114171
0.0341067
0.0341067
0.114171
0.232896
0.387179
0.564847
0.693548
0.7114
0.63432
0.539903
0.521523
0.62547
0.789054
0.868074
0.771703
0.560398
0.37455
0.277026
0.207463
0.111116
0.0382511
0.0414335
0.114451
0.212737
0.305618
0.451569
0.650283
0.785658
0.76497
0.622603
0.480448
0.425414
0.463735
0.55686
0.645664
0.664151
0.577972
0.41964
0.258288
0.127026
0.039706
0.039706
0.127026
0.258288
0.41964
0.577972
0.664151
0.645664
0.55686
0.463735
0.425414
0.480448
0.622603
0.76497
0.785658
0.650283
0.451569
0.305618
0.212737
0.114451
0.0414335
0.0481448
0.123745
0.232955
0.360781
0.53339
0.684987
0.715039
0.616038
0.476923
0.385927
0.366781
0.405192
0.482545
0.568549
0.613808
0.573741
0.449197
0.291505
0.146973
0.048564
0.048564
0.146973
0.291505
0.449197
0.573741
0.613808
0.568549
0.482545
0.405192
0.366781
0.385927
0.476923
0.616038
0.715039
0.684987
0.53339
0.360781
0.232955
0.123745
0.0481448
0.0598517
0.144494
0.27539
0.427949
0.577497
0.642177
0.589091
0.475368
0.379684
0.333609
0.330755
0.36074
0.417004
0.487692
0.544259
0.54462
0.464633
0.326689
0.174939
0.0637042
0.0637042
0.174939
0.326689
0.464633
0.54462
0.544259
0.487692
0.417004
0.36074
0.330755
0.333609
0.379684
0.475368
0.589091
0.642177
0.577497
0.427949
0.27539
0.144494
0.0598517
0.0803804
0.180859
0.33143
0.471547
0.554818
0.539359
0.457619
0.374826
0.323812
0.302586
0.304437
0.325726
0.362562
0.411859
0.463777
0.489943
0.45568
0.353398
0.208635
0.0888781
0.0888781
0.208635
0.353398
0.45568
0.489943
0.463777
0.411859
0.362562
0.325726
0.304437
0.302586
0.323812
0.374826
0.457619
0.539359
0.554818
0.471547
0.33143
0.180859
0.0803804
0.11251
0.223308
0.367792
0.457724
0.470371
0.417536
0.353089
0.309223
0.285343
0.27486
0.277509
0.291847
0.313886
0.342873
0.379608
0.412646
0.412834
0.353951
0.23562
0.121967
0.121967
0.23562
0.353951
0.412834
0.412646
0.379608
0.342873
0.313886
0.291847
0.277509
0.27486
0.285343
0.309223
0.353089
0.417536
0.470371
0.457724
0.367792
0.223308
0.11251
0.14811
0.249949
0.356455
0.387478
0.361615
0.314774
0.280401
0.2614
0.250119
0.244991
0.247796
0.257223
0.269795
0.284716
0.305329
0.331331
0.347376
0.324555
0.242228
0.148757
0.148757
0.242228
0.324555
0.347376
0.331331
0.305329
0.284716
0.269795
0.257223
0.247796
0.244991
0.250119
0.2614
0.280401
0.314774
0.361615
0.387478
0.356455
0.249949
0.14811
0.135599
0.214751
0.283021
0.283222
0.251673
0.220067
0.200424
0.188903
0.181806
0.179362
0.182207
0.189013
0.197401
0.206493
0.218142
0.234012
0.247758
0.238796
0.186624
0.122512
0.122512
0.186624
0.238796
0.247758
0.234012
0.218142
0.206493
0.197401
0.189013
0.182207
0.179362
0.181806
0.188903
0.200424
0.220067
0.251673
0.283222
0.283021
0.214751
0.135599
0.0659835
0.111445
0.154092
0.153629
0.132137
0.110761
0.0955028
0.0858345
0.0805694
0.0791419
0.0810716
0.0853998
0.0909681
0.0972031
0.104318
0.112052
0.116509
0.107921
0.0804785
0.0516039
0.0516039
0.0804785
0.107921
0.116509
0.112052
0.104318
0.0972031
0.0909681
0.0853998
0.0810716
0.0791419
0.0805694
0.0858345
0.0955028
0.110761
0.132137
0.153629
0.154092
0.111445
0.0659835
0.0109517
0.0245164
0.0398728
0.0425362
0.0351877
0.026419
0.0195034
0.0151623
0.0129615
0.0123439
0.0128924
0.0142627
0.0161641
0.0184075
0.0208061
0.0227144
0.022468
0.0181695
0.0110352
0.00540184
0.00540184
0.0110352
0.0181695
0.022468
0.0227144
0.0208061
0.0184075
0.0161641
0.0142627
0.0128924
0.0123439
0.0129615
0.0151623
0.0195034
0.026419
0.0351877
0.0425362
0.0398728
0.0245164
0.0109517
0.0109517
0.0245164
0.0398728
0.0425362
0.0351877
0.026419
0.0195034
0.0151623
0.0129615
0.0123439
0.0128924
0.0142627
0.0161641
0.0184075
0.0208061
0.0227144
0.022468
0.0181695
0.0110352
0.00540184
0.00540184
0.0110352
0.0181695
0.022468
0.0227144
0.0208061
0.0184075
0.0161641
0.0142627
0.0128924
0.0123439
0.0129615
0.0151623
0.0195034
0.026419
0.0351877
0.0425362
0.0398728
0.0245164
0.0109517
0.0659835
0.111445
0.154092
0.153629
0.132137
0.110761
0.0955028
0.0858345
0.0805694
0.0791419
0.0810716
0.0853998
0.0909681
0.0972031
0.104318
0.112052
0.116509
0.107921
0.0804785
0.0516039
0.0516039
0.0804785
0.107921
0.116509
0.112052
0.104318
0.0972031
0.0909681
0.0853998
0.0810716
0.0791419
0.0805694
0.0858345
0.0955028
0.110761
0.132137
0.153629
0.154092
0.111445
0.0659835
0.135599
0.214751
0.283021
0.283222
0.251673
0.220067
0.200424
0.188903
0.181806
0.179362
0.182207
0.189013
0.197401
0.206493
0.218142
0.234012
0.247758
0.238796
0.186624
0.122512
0.122512
0.186624
0.238796
0.247758
0.234012
0.218142
0.206493
0.197401
0.189013
0.182207
0.179362
0.181806
0.188903
0.200424
0.220067
0.251673
0.283222
0.283021
0.214751
0.135599
0.14811
0.249949
0.356455
0.387478
0.361615
0.314774
0.280401
0.2614
0.250119
0.244991
0.247796
0.257223
0.269795
0.284716
0.305329
0.331331
0.347376
0.324555
0.242228
0.148757
0.148757
0.242228
0.324555
0.347376
0.331331
0.305329
0.284716
0.269795
0.257223
0.247796
0.244991
0.250119
0.2614
0.280401
0.314774
0.361615
0.387478
0.356455
0.249949
0.14811
0.11251
0.223308
0.367792
0.457724
0.470371
0.417536
0.353089
0.309223
0.285343
0.27486
0.277509
0.291847
0.313886
0.342873
0.379608
0.412646
0.412834
0.353951
0.23562
0.121967
0.121967
0.23562
0.353951
0.412834
0.412646
0.379608
0.342873
0.313886
0.291847
0.277509
0.27486
0.285343
0.309223
0.353089
0.417536
0.470371
0.457724
0.367792
0.223308
0.11251
0.0803804
0.180859
0.33143
0.471547
0.554818
0.539359
0.457619
0.374826
0.323812
0.302586
0.304437
0.325726
0.362562
0.411859
0.463777
0.489943
0.45568
0.353398
0.208635
0.0888781
0.0888781
0.208635
0.353398
0.45568
0.489943
0.463777
0.411859
0.362562
0.325726
0.304437
0.302586
0.323812
0.374826
0.457619
0.539359
0.554818
0.471547
0.33143
0.180859
0.0803804
0.0598517
0.144494
0.27539
0.427949
0.577497
0.642177
0.589091
0.475368
0.379684
0.333609
0.330755
0.36074
0.417004
0.487692
0.544259
0.54462
0.464633
0.326689
0.174939
0.0637042
0.0637042
0.174939
0.326689
0.464633
0.54462
0.544259
0.487692
0.417004
0.36074
0.330755
0.333609
0.379684
0.475368
0.589091
0.642177
0.577497
0.427949
0.27539
0.144494
0.0598517
0.0481448
0.123745
0.232955
0.360781
0.53339
0.684987
0.715039
0.616038
0.476923
0.385927
0.366781
0.405192
0.482545
0.568549
0.613808
0.573741
0.449197
0.291505
0.146973
0.048564
0.048564
0.146973
0.291505
0.449197
0.573741
0.613808
0.568549
0.482545
0.405192
0.366781
0.385927
0.476923
0.616038
0.715039
0.684987
0.53339
0.360781
0.232955
0.123745
0.0481448
0.0414335
0.114451
0.212737
0.305618
0.451569
0.650283
0.785658
0.76497
0.622603
0.480448
0.425414
0.463735
0.55686
0.645664
0.664151
0.577972
0.41964
0.258288
0.127026
0.039706
0.039706
0.127026
0.258288
0.41964
0.577972
0.664151
0.645664
0.55686
0.463735
0.425414
0.480448
0.622603
0.76497
0.785658
0.650283
0.451569
0.305618
0.212737
0.114451
0.0414335
0.0382511
0.111116
0.207463
0.277026
0.37455
0.560398
0.771703
0.868074
0.789054
0.62547
0.521523
0.539903
0.63432
0.7114
0.693548
0.564847
0.387179
0.232896
0.114171
0.0341067
0.0341067
0.114171
0.232896
0.387179
0.564847
0.693548
0.7114
0.63432
0.539903
0.521523
0.62547
0.789054
0.868074
0.771703
0.560398
0.37455
0.277026
0.207463
0.111116
0.0382511
0.0371492
0.110248
0.207121
0.267569
0.325849
0.460217
0.684555
0.884679
0.920735
0.797403
0.660682
0.637909
0.709961
0.761565
0.705047
0.543129
0.358922
0.216266
0.106521
0.0303636
0.0303636
0.106521
0.216266
0.358922
0.543129
0.705047
0.761565
0.709961
0.637909
0.660682
0.797403
0.920735
0.884679
0.684555
0.460217
0.325849
0.267569
0.207121
0.110248
0.0371492
0.0369871
0.110289
0.207049
0.265065
0.303717
0.385026
0.568265
0.814727
0.969956
0.943165
0.821484
0.758736
0.787089
0.799631
0.70615
0.521021
0.338275
0.207118
0.102497
0.0279282
0.0279282
0.102497
0.207118
0.338275
0.521021
0.70615
0.799631
0.787089
0.758736
0.821484
0.943165
0.969956
0.814727
0.568265
0.385026
0.303717
0.265065
0.207049
0.110289
0.0369871
0.0370556
0.110433
0.206599
0.263564
0.296066
0.343829
0.467852
0.699443
0.932122
1
0.971244
0.898313
0.874907
0.83954
0.70986
0.50602
0.32629
0.203594
0.100886
0.0264299
0.0264299
0.100886
0.203594
0.32629
0.50602
0.70986
0.83954
0.874907
0.898313
0.971244
1
0.932122
0.699443
0.467852
0.343829
0.296066
0.263564
0.206599
0.110433
0.0370556
0.0369322
0.110248
0.206186
0.262837
0.294559
0.328166
0.403731
0.590239
0.846965
1
1
1
1
0.912727
0.736545
0.508566
0.323271
0.203689
0.100506
0.0254029
0.0254029
0.100506
0.203689
0.323271
0.508566
0.736545
0.912727
1
1
1
1
0.846965
0.590239
0.403731
0.328166
0.294559
0.262837
0.206186
0.110248
0.0369322
0.0366035
0.109846
0.206338
0.264099
0.297023
0.327548
0.373613
0.513607
0.757336
1
1
1
1
1
0.818563
0.540674
0.332252
0.204805
0.0996665
0.0241869
0.0241869
0.0996665
0.204805
0.332252
0.540674
0.818563
1
1
1
1
1
0.757336
0.513607
0.373613
0.327548
0.297023
0.264099
0.206338
0.109846
0.0366035
0.0368841
0.110497
0.20817
0.268295
0.304113
0.336607
0.368849
0.470367
0.68249
0.981732
1
1
1
1
0.974561
0.618412
0.358247
0.203277
0.0957605
0.0220864
0.0220864
0.0957605
0.203277
0.358247
0.618412
0.974561
1
1
1
1
0.981732
0.68249
0.470367
0.368849
0.336607
0.304113
0.268295
0.20817
0.110497
0.0368841
0.039672
0.115118
0.214109
0.276775
0.317353
0.354583
0.384189
0.456015
0.62761
0.948061
1
1
1
1
1
0.75177
0.397558
0.196558
0.0867326
0.0191648
0.0191648
0.0867326
0.196558
0.397558
0.75177
1
1
1
1
1
0.948061
0.62761
0.456015
0.384189
0.354583
0.317353
0.276775
0.214109
0.115118
0.039672
0.0470401
0.126829
0.226735
0.290816
0.337434
0.380945
0.41523
0.468274
0.595667
0.909775
1
1
1
1
1
0.919552
0.437399
0.186224
0.0742695
0.0186
0.0186
0.0742695
0.186224
0.437399
0.919552
1
1
1
1
1
0.909775
0.595667
0.468274
0.41523
0.380945
0.337434
0.290816
0.226735
0.126829
0.0470401
0.0588004
0.145742
0.246609
0.310341
0.362214
0.411435
0.453115
0.499719
0.580297
0.861064
1
1
1
1
1
1
0.485477
0.182247
0.0688832
0.0325038
0.0325038
0.0688832
0.182247
0.485477
1
1
1
1
1
1
0.861064
0.580297
0.499719
0.453115
0.411435
0.362214
0.310341
0.246609
0.145742
0.0588004
0.0664001
0.160628
0.262252
0.324851
0.37923
0.431261
0.477689
0.524608
0.574309
0.81589
1
1
1
1
1
1
0.525023
0.184034
0.0716773
0.0510102
0.0510102
0.0716773
0.184034
0.525023
1
1
1
1
1
1
0.81589
0.574309
0.524608
0.477689
0.431261
0.37923
0.324851
0.262252
0.160628
0.0664001
