0.00438052
0.123756
0.334199
0.464144
0.560864
0.674587
0.750671
0.8
0.856552
0.928341
1
1
1
1
1
1
0.377654
0.0340244
0.001
0.001
0.001
0.001
0.0340244
0.377654
1
1
1
1
1
1
0.928341
0.856552
0.8
0.750671
0.674587
0.560864
0.464144
0.334199
0.123756
0.00438052
0.00928287
0.147749
0.38678
0.538578
0.571091
0.617619
0.589353
0.566675
0.601646
0.750664
1
1
1
1
1
1
0.378031
0.0530715
0.001
0.001
0.001
0.001
0.0530715
0.378031
1
1
1
1
1
1
0.750664
0.601646
0.566675
0.589353
0.617619
0.571091
0.538578
0.38678
0.147749
0.00928287
0.013782
0.190524
0.47305
0.594649
0.51983
0.387085
0.263803
0.217398
0.325358
0.661814
1
1
1
1
1
0.990165
0.389562
0.0853869
0.001
0.001
0.001
0.001
0.0853869
0.389562
0.990165
1
1
1
1
1
0.661814
0.325358
0.217398
0.263803
0.387085
0.51983
0.594649
0.47305
0.190524
0.013782
0.0103065
0.163554
0.407101
0.457145
0.316102
0.161276
0.0601231
0.0502781
0.257539
0.778975
1
1
1
1
1
0.833743
0.394702
0.112468
0.00101768
0.001
0.001
0.00101768
0.112468
0.394702
0.833743
1
1
1
1
1
0.778975
0.257539
0.0502781
0.0601231
0.161276
0.316102
0.457145
0.407101
0.163554
0.0103065
0.00298732
0.0687712
0.163329
0.17698
0.0986598
0.0332595
0.00592344
0.0731365
0.380774
0.979521
1
1
1
1
1
0.645552
0.324514
0.103086
0.00104283
0.001
0.001
0.00104283
0.103086
0.324514
0.645552
1
1
1
1
1
0.979521
0.380774
0.0731365
0.00592344
0.0332595
0.0986598
0.17698
0.163329
0.0687712
0.00298732
0.001
0.00299283
0.00849614
0.00900521
0.00377807
0.00114459
0.0229587
0.189245
0.650865
1
1
1
1
1
0.991953
0.481636
0.193163
0.058136
0.001
0.001
0.001
0.001
0.058136
0.193163
0.481636
0.991953
1
1
1
1
1
0.650865
0.189245
0.0229587
0.00114459
0.00377807
0.00900521
0.00849614
0.00299283
0.001
0.001
0.001
0.0104099
0.0266205
0.0366765
0.0434858
0.133196
0.456442
1
1
1
1
1
1
0.914785
0.417884
0.110284
0.0180696
0.001
0.001
0.001
0.001
0.0180696
0.110284
0.417884
0.914785
1
1
1
1
1
1
0.456442
0.133196
0.0434858
0.0366765
0.0266205
0.0104099
0.001
0.001
0.001
0.0436567
0.13461
0.208581
0.215222
0.228896
0.406971
0.883943
1
1
1
0.762424
0.932483
1
0.948652
0.450848
0.123502
0.0212013
0.001
0.001
0.001
0.001
0.0212013
0.123502
0.450848
0.948652
1
0.932483
0.762424
1
1
1
0.883943
0.406971
0.228896
0.215222
0.208581
0.13461
0.0436567
0.001
0.00144086
0.114215
0.331433
0.456724
0.455315
0.488564
0.759303
1
1
1
0.6585
0.468512
0.80929
1
1
0.579145
0.226262
0.0609385
0.001
0.001
0.001
0.001
0.0609385
0.226262
0.579145
1
1
0.80929
0.468512
0.6585
1
1
1
0.759303
0.488564
0.455315
0.456724
0.331433
0.114215
0.00144086
0.00203609
0.147902
0.406661
0.549237
0.574334
0.676977
0.983761
1
1
0.701908
0.283782
0.228008
0.602857
1
1
0.735847
0.35137
0.101512
0.00104567
0.001
0.001
0.00104567
0.101512
0.35137
0.735847
1
1
0.602857
0.228008
0.283782
0.701908
1
1
0.983761
0.676977
0.574334
0.549237
0.406661
0.147902
0.00203609
0.00144984
0.108405
0.325614
0.474133
0.57587
0.786708
1
1
0.760456
0.30329
0.0746087
0.0813455
0.401434
0.885197
0.991778
0.810052
0.412141
0.111861
0.00205362
0.001
0.001
0.00205362
0.111861
0.412141
0.810052
0.991778
0.885197
0.401434
0.0813455
0.0746087
0.30329
0.760456
1
1
0.786708
0.57587
0.474133
0.325614
0.108405
0.00144984
0.001
0.0497941
0.199065
0.386951
0.610953
0.909868
1
0.84328
0.409062
0.100258
0.00902655
0.044273
0.318345
0.745708
0.941302
0.831461
0.446144
0.115443
0.00743079
0.001
0.001
0.00743079
0.115443
0.446144
0.831461
0.941302
0.745708
0.318345
0.044273
0.00902655
0.100258
0.409062
0.84328
1
0.909868
0.610953
0.386951
0.199065
0.0497941
0.001
0.001
0.0204351
0.142787
0.400163
0.739725
1
0.98867
0.614013
0.211887
0.0259609
0.001
0.0475853
0.300322
0.677239
0.931294
0.876174
0.535691
0.182718
0.0339728
0.001
0.001
0.0339728
0.182718
0.535691
0.876174
0.931294
0.677239
0.300322
0.0475853
0.001
0.0259609
0.211887
0.614013
0.98867
1
0.739725
0.400163
0.142787
0.0204351
0.001
0.001
0.0512076
0.224275
0.536941
0.866239
1
0.870719
0.482491
0.136206
0.00915181
0.001
0.061373
0.310039
0.659346
0.901797
0.894641
0.645158
0.306416
0.0794731
0.001
0.001
0.0794731
0.306416
0.645158
0.894641
0.901797
0.659346
0.310039
0.061373
0.001
0.00915181
0.136206
0.482491
0.870719
1
0.866239
0.536941
0.224275
0.0512076
0.001
0.00978402
0.11523
0.36793
0.668323
0.863344
0.892974
0.749761
0.453902
0.144807
0.0104095
0.001
0.0941065
0.365477
0.671226
0.84063
0.848519
0.703606
0.41065
0.125473
0.00249562
0.00249562
0.125473
0.41065
0.703606
0.848519
0.84063
0.671226
0.365477
0.0941065
0.001
0.0104095
0.144807
0.453902
0.749761
0.892974
0.863344
0.668323
0.36793
0.11523
0.00978402
0.0429375
0.198234
0.472606
0.678819
0.73195
0.701713
0.641319
0.463256
0.187945
0.0231531
0.00305872
0.137642
0.424559
0.646924
0.716024
0.720961
0.667927
0.456573
0.162261
0.00804567
0.00804567
0.162261
0.456573
0.667927
0.720961
0.716024
0.646924
0.424559
0.137642
0.00305872
0.0231531
0.187945
0.463256
0.641319
0.701713
0.73195
0.678819
0.472606
0.198234
0.0429375
0.0700929
0.262615
0.514066
0.609805
0.566722
0.53817
0.551752
0.451177
0.200922
0.0250658
0.00434398
0.164939
0.447728
0.588648
0.57639
0.574383
0.594857
0.468489
0.186931
0.01095
0.01095
0.186931
0.468489
0.594857
0.574383
0.57639
0.588648
0.447728
0.164939
0.00434398
0.0250658
0.200922
0.451177
0.551752
0.53817
0.566722
0.609805
0.514066
0.262615
0.0700929
0.0523459
0.204397
0.400029
0.426846
0.362362
0.349465
0.381842
0.318678
0.131979
0.0120391
0.00264392
0.123411
0.333667
0.417258
0.381901
0.377099
0.419187
0.35488
0.141139
0.00682611
0.00682611
0.141139
0.35488
0.419187
0.377099
0.381901
0.417258
0.333667
0.123411
0.00264392
0.0120391
0.131979
0.318678
0.381842
0.349465
0.362362
0.426846
0.400029
0.204397
0.0523459
0.0146343
0.0736157
0.146858
0.158918
0.129184
0.124727
0.136103
0.107072
0.0421205
0.00106613
0.001
0.0445663
0.117578
0.152699
0.139751
0.137675
0.155829
0.128215
0.0526047
0.00129514
0.00129514
0.0526047
0.128215
0.155829
0.137675
0.139751
0.152699
0.117578
0.0445663
0.001
0.00106613
0.0421205
0.107072
0.136103
0.124727
0.129184
0.158918
0.146858
0.0736157
0.0146343
0.001
0.00159498
0.00421822
0.00468403
0.00271159
0.00152329
0.00136365
0.001
0.001
0.001
0.001
0.001
0.00150423
0.00281108
0.00305639
0.00337008
0.00370414
0.00242306
0.001
0.001
0.001
0.001
0.00242306
0.00370414
0.00337008
0.00305639
0.00281108
0.00150423
0.001
0.001
0.001
0.001
0.001
0.00136365
0.00152329
0.00271159
0.00468403
0.00421822
0.00159498
0.001
0.001
0.00159498
0.00421822
0.00468403
0.00271159
0.00152329
0.00136365
0.001
0.001
0.001
0.001
0.001
0.00150423
0.00281108
0.00305639
0.00337008
0.00370414
0.00242306
0.001
0.001
0.001
0.001
0.00242306
0.00370414
0.00337008
0.00305639
0.00281108
0.00150423
0.001
0.001
0.001
0.001
0.001
0.00136365
0.00152329
0.00271159
0.00468403
0.00421822
0.00159498
0.001
0.0146343
0.0736157
0.146858
0.158918
0.129184
0.124727
0.136103
0.107072
0.0421205
0.00106613
0.001
0.0445663
0.117578
0.152699
0.139751
0.137675
0.155829
0.128215
0.0526047
0.00129514
0.00129514
0.0526047
0.128215
0.155829
0.137675
0.139751
0.152699
0.117578
0.0445663
0.001
0.00106613
0.0421205
0.107072
0.136103
0.124727
0.129184
0.158918
0.146858
0.0736157
0.0146343
0.0523459
0.204397
0.400029
0.426846
0.362362
0.349465
0.381842
0.318678
0.131979
0.0120391
0.00264392
0.123411
0.333667
0.417258
0.381901
0.377099
0.419187
0.35488
0.141139
0.00682611
0.00682611
0.141139
0.35488
0.419187
0.377099
0.381901
0.417258
0.333667
0.123411
0.00264392
0.0120391
0.131979
0.318678
0.381842
0.349465
0.362362
0.426846
0.400029
0.204397
0.0523459
0.0700929
0.262615
0.514066
0.609805
0.566722
0.53817
0.551752
0.451177
0.200922
0.0250658
0.00434398
0.164939
0.447728
0.588648
0.57639
0.574383
0.594857
0.468489
0.186931
0.01095
0.01095
0.186931
0.468489
0.594857
0.574383
0.57639
0.588648
0.447728
0.164939
0.00434398
0.0250658
0.200922
0.451177
0.551752
0.53817
0.566722
0.609805
0.514066
0.262615
0.0700929
0.0429375
0.198234
0.472606
0.678819
0.73195
0.701713
0.641319
0.463256
0.187945
0.0231531
0.00305872
0.137642
0.424559
0.646924
0.716024
0.720961
0.667927
0.456573
0.162261
0.00804567
0.00804567
0.162261
0.456573
0.667927
0.720961
0.716024
0.646924
0.424559
0.137642
0.00305872
0.0231531
0.187945
0.463256
0.641319
0.701713
0.73195
0.678819
0.472606
0.198234
0.0429375
0.00978402
0.11523
0.36793
0.668323
0.863344
0.892974
0.749761
0.453902
0.144807
0.0104095
0.001
0.0941065
0.365477
0.671226
0.84063
0.848519
0.703606
0.41065
0.125473
0.00249562
0.00249562
0.125473
0.41065
0.703606
0.848519
0.84063
0.671226
0.365477
0.0941065
0.001
0.0104095
0.144807
0.453902
0.749761
0.892974
0.863344
0.668323
0.36793
0.11523
0.00978402
0.001
0.0512076
0.224275
0.536941
0.866239
1
0.870719
0.482491
0.136206
0.00915181
0.001
0.061373
0.310039
0.659346
0.901797
0.894641
0.645158
0.306416
0.0794731
0.001
0.001
0.0794731
0.306416
0.645158
0.894641
0.901797
0.659346
0.310039
0.061373
0.001
0.00915181
0.136206
0.482491
0.870719
1
0.866239
0.536941
0.224275
0.0512076
0.001
0.001
0.0204351
0.142787
0.400163
0.739725
1
0.98867
0.614013
0.211887
0.0259609
0.001
0.0475853
0.300322
0.677239
0.931294
0.876174
0.535691
0.182718
0.0339728
0.001
0.001
0.0339728
0.182718
0.535691
0.876174
0.931294
0.677239
0.300322
0.0475853
0.001
0.0259609
0.211887
0.614013
0.98867
1
0.739725
0.400163
0.142787
0.0204351
0.001
0.001
0.0497941
0.199065
0.386951
0.610953
0.909868
1
0.84328
0.409062
0.100258
0.00902655
0.044273
0.318345
0.745708
0.941302
0.831461
0.446144
0.115443
0.00743079
0.001
0.001
0.00743079
0.115443
0.446144
0.831461
0.941302
0.745708
0.318345
0.044273
0.00902655
0.100258
0.409062
0.84328
1
0.909868
0.610953
0.386951
0.199065
0.0497941
0.001
0.00144984
0.108405
0.325614
0.474133
0.57587
0.786708
1
1
0.760456
0.30329
0.0746087
0.0813455
0.401434
0.885197
0.991778
0.810052
0.412141
0.111861
0.00205362
0.001
0.001
0.00205362
0.111861
0.412141
0.810052
0.991778
0.885197
0.401434
0.0813455
0.0746087
0.30329
0.760456
1
1
0.786708
0.57587
0.474133
0.325614
0.108405
0.00144984
0.00203609
0.147902
0.406661
0.549237
0.574334
0.676977
0.983761
1
1
0.701908
0.283782
0.228008
0.602857
1
1
0.735847
0.35137
0.101512
0.00104567
0.001
0.001
0.00104567
0.101512
0.35137
0.735847
1
1
0.602857
0.228008
0.283782
0.701908
1
1
0.983761
0.676977
0.574334
0.549237
0.406661
0.147902
0.00203609
0.00144086
0.114215
0.331433
0.456724
0.455315
0.488564
0.759303
1
1
1
0.6585
0.468512
0.80929
1
1
0.579145
0.226262
0.0609385
0.001
0.001
0.001
0.001
0.0609385
0.226262
0.579145
1
1
0.80929
0.468512
0.6585
1
1
1
0.759303
0.488564
0.455315
0.456724
0.331433
0.114215
0.00144086
0.001
0.0436567
0.13461
0.208581
0.215222
0.228896
0.406971
0.883943
1
1
1
0.762424
0.932483
1
0.948652
0.450848
0.123502
0.0212013
0.001
0.001
0.001
0.001
0.0212013
0.123502
0.450848
0.948652
1
0.932483
0.762424
1
1
1
0.883943
0.406971
0.228896
0.215222
0.208581
0.13461
0.0436567
0.001
0.001
0.001
0.0104099
0.0266205
0.0366765
0.0434858
0.133196
0.456442
1
1
1
1
1
1
0.914785
0.417884
0.110284
0.0180696
0.001
0.001
0.001
0.001
0.0180696
0.110284
0.417884
0.914785
1
1
1
1
1
1
0.456442
0.133196
0.0434858
0.0366765
0.0266205
0.0104099
0.001
0.001
0.001
0.00299283
0.00849614
0.00900521
0.00377807
0.00114459
0.0229587
0.189245
0.650865
1
1
1
1
1
0.991953
0.481636
0.193163
0.058136
0.001
0.001
0.001
0.001
0.058136
0.193163
0.481636
0.991953
1
1
1
1
1
0.650865
0.189245
0.0229587
0.00114459
0.00377807
0.00900521
0.00849614
0.00299283
0.001
0.00298732
0.0687712
0.163329
0.17698
0.0986598
0.0332595
0.00592344
0.0731365
0.380774
0.979521
1
1
1
1
1
0.645552
0.324514
0.103086
0.00104283
0.001
0.001
0.00104283
0.103086
0.324514
0.645552
1
1
1
1
1
0.979521
0.380774
0.0731365
0.00592344
0.0332595
0.0986598
0.17698
0.163329
0.0687712
0.00298732
0.0103065
0.163554
0.407101
0.457145
0.316102
0.161276
0.0601231
0.0502781
0.257539
0.778975
1
1
1
1
1
0.833743
0.394702
0.112468
0.00101768
0.001
0.001
0.00101768
0.112468
0.394702
0.833743
1
1
1
1
1
0.778975
0.257539
0.0502781
0.0601231
0.161276
0.316102
0.457145
0.407101
0.163554
0.0103065
0.013782
0.190524
0.47305
0.594649
0.51983
0.387085
0.263803
0.217398
0.325358
0.661814
1
1
1
1
1
0.990165
0.389562
0.0853869
0.001
0.001
0.001
0.001
0.0853869
0.389562
0.990165
1
1
1
1
1
0.661814
0.325358
0.217398
0.263803
0.387085
0.51983
0.594649
0.47305
0.190524
0.013782
0.00928287
0.147749
0.38678
0.538578
0.571091
0.617619
0.589353
0.566675
0.601646
0.750664
1
1
1
1
1
1
0.378031
0.0530715
0.001
0.001
0.001
0.001
0.0530715
0.378031
1
1
1
1
1
1
0.750664
0.601646
0.566675
0.589353
0.617619
0.571091
0.538578
0.38678
0.147749
0.00928287
0.00438052
0.123756
0.334199
0.464144
0.560864
0.674587
0.750671
0.8
0.856552
0.928341
1
1
1
1
1
1
0.377654
0.0340244
0.001
0.001
0.001
0.001
0.0340244
0.377654
1
1
1
1
1
1
0.928341
0.856552
0.8
0.750671
0.674587
0.560864
0.464144
0.334199
0.123756
0.00438052
