0.0364926
0.149395
0.318486
0.4421
0.543306
0.643007
0.713176
0.763153
0.784828
0.883599
1
1
1
1
1
1
0.383313
0.0528783
0.001723
0.001
0.001
0.001723
0.0528783
0.383313
1
1
1
1
1
1
0.883599
0.784828
0.763153
0.713176
0.643007
0.543306
0.4421
0.318486
0.149395
0.0364926
0.0358175
0.154018
0.335295
0.468455
0.553559
0.609893
0.623233
0.624033
0.64438
0.787538
1
1
1
1
1
1
0.368887
0.0612359
0.00336542
0.001
0.001
0.00336542
0.0612359
0.368887
1
1
1
1
1
1
0.787538
0.64438
0.624033
0.623233
0.609893
0.553559
0.468455
0.335295
0.154018
0.0358175
0.0302481
0.158932
0.359891
0.483281
0.514063
0.496504
0.439984
0.397645
0.46668
0.731749
1
1
1
1
1
0.923028
0.360631
0.083453
0.0096056
0.001
0.001
0.0096056
0.083453
0.360631
0.923028
1
1
1
1
1
0.731749
0.46668
0.397645
0.439984
0.496504
0.514063
0.483281
0.359891
0.158932
0.0302481
0.0184769
0.135467
0.327883
0.416999
0.384531
0.314363
0.245157
0.230786
0.398292
0.808307
1
1
1
1
1
0.762658
0.358916
0.121107
0.0228899
0.001
0.001
0.0228899
0.121107
0.358916
0.762658
1
1
1
1
1
0.808307
0.398292
0.230786
0.245157
0.314363
0.384531
0.416999
0.327883
0.135467
0.0184769
0.00630749
0.0761405
0.200672
0.257054
0.211936
0.151544
0.128622
0.204173
0.473068
0.950885
1
1
1
1
1
0.614693
0.342239
0.158596
0.037768
0.001
0.001
0.037768
0.158596
0.342239
0.614693
1
1
1
1
1
0.950885
0.473068
0.204173
0.128622
0.151544
0.211936
0.257054
0.200672
0.0761405
0.00630749
0.001
0.0224772
0.0714414
0.107991
0.104578
0.0973655
0.13266
0.298175
0.667195
1
1
1
1
1
0.905358
0.52504
0.314524
0.170141
0.042698
0.001
0.001
0.042698
0.170141
0.314524
0.52504
0.905358
1
1
1
1
1
0.667195
0.298175
0.13266
0.0973655
0.104578
0.107991
0.0714414
0.0224772
0.001
0.001
0.0122043
0.058886
0.12076
0.158538
0.177761
0.252633
0.498895
0.938184
1
1
1
1
1
0.821519
0.490004
0.28623
0.151985
0.0345896
0.001
0.001
0.0345896
0.151985
0.28623
0.490004
0.821519
1
1
1
1
1
0.938184
0.498895
0.252633
0.177761
0.158538
0.12076
0.058886
0.0122043
0.001
0.00124285
0.0468392
0.157827
0.266398
0.306989
0.324757
0.439817
0.786224
1
1
0.9908
0.786596
0.880126
0.960491
0.8114
0.48898
0.269821
0.127383
0.0230632
0.001
0.001
0.0230632
0.127383
0.269821
0.48898
0.8114
0.960491
0.880126
0.786596
0.9908
1
1
0.786224
0.439817
0.324757
0.306989
0.266398
0.157827
0.0468392
0.00124285
0.0043281
0.0925427
0.266793
0.389288
0.420825
0.465671
0.665258
1
1
1
0.690595
0.53674
0.764836
0.938078
0.853785
0.530569
0.277733
0.114417
0.0171081
0.001
0.001
0.0171081
0.114417
0.277733
0.530569
0.853785
0.938078
0.764836
0.53674
0.690595
1
1
1
0.665258
0.465671
0.420825
0.389288
0.266793
0.0925427
0.0043281
0.00723664
0.115359
0.30592
0.424326
0.460944
0.572575
0.861539
1
1
0.743955
0.358543
0.322496
0.631159
0.910695
0.892943
0.605805
0.309567
0.115319
0.0193532
0.001
0.001
0.0193532
0.115319
0.309567
0.605805
0.892943
0.910695
0.631159
0.322496
0.358543
0.743955
1
1
0.861539
0.572575
0.460944
0.424326
0.30592
0.115359
0.00723664
0.00718272
0.107091
0.284424
0.397391
0.477069
0.676432
0.967816
1
0.804515
0.376945
0.130893
0.163443
0.482078
0.849455
0.918409
0.688705
0.366667
0.137847
0.0324134
0.001
0.001
0.0324134
0.137847
0.366667
0.688705
0.918409
0.849455
0.482078
0.163443
0.130893
0.376945
0.804515
1
0.967816
0.676432
0.477069
0.397391
0.284424
0.107091
0.00718272
0.00517441
0.090681
0.248134
0.372918
0.531962
0.794047
0.97042
0.859689
0.492265
0.159384
0.0315611
0.0865855
0.377099
0.75579
0.915546
0.756476
0.448391
0.190865
0.0551946
0.001
0.001
0.0551946
0.190865
0.448391
0.756476
0.915546
0.75579
0.377099
0.0865855
0.0315611
0.159384
0.492265
0.859689
0.97042
0.794047
0.531962
0.372918
0.248134
0.090681
0.00517441
0.00476106
0.0835689
0.238235
0.408129
0.637939
0.868588
0.896645
0.662207
0.315264
0.0755555
0.00835586
0.0699325
0.332915
0.681225
0.87193
0.790486
0.532456
0.25799
0.0784521
0.00175878
0.00175878
0.0784521
0.25799
0.532456
0.790486
0.87193
0.681225
0.332915
0.0699325
0.00835586
0.0755555
0.315264
0.662207
0.896645
0.868588
0.637939
0.408129
0.238235
0.0835689
0.00476106
0.0115821
0.0979375
0.279751
0.500168
0.723415
0.843289
0.771555
0.543945
0.259786
0.0612391
0.00582534
0.0855899
0.331353
0.628594
0.799854
0.774938
0.587445
0.317077
0.100018
0.00566803
0.00566803
0.100018
0.317077
0.587445
0.774938
0.799854
0.628594
0.331353
0.0855899
0.00582534
0.0612391
0.259786
0.543945
0.771555
0.843289
0.723415
0.500168
0.279751
0.0979375
0.0115821
0.0374802
0.150235
0.3649
0.585344
0.720515
0.733043
0.649577
0.495696
0.266607
0.0725378
0.0165137
0.124388
0.361827
0.590991
0.705107
0.710296
0.602041
0.372652
0.137363
0.0180984
0.0180984
0.137363
0.372652
0.602041
0.710296
0.705107
0.590991
0.361827
0.124388
0.0165137
0.0725378
0.266607
0.495696
0.649577
0.733043
0.720515
0.585344
0.3649
0.150235
0.0374802
0.0825277
0.230428
0.444464
0.589596
0.618606
0.57843
0.540156
0.468362
0.289551
0.0912594
0.0363947
0.176152
0.39458
0.540636
0.584397
0.597677
0.565537
0.417104
0.194211
0.0406397
0.0406397
0.194211
0.417104
0.565537
0.597677
0.584397
0.540636
0.39458
0.176152
0.0363947
0.0912594
0.289551
0.468362
0.540156
0.57843
0.618606
0.589596
0.444464
0.230428
0.0825277
0.123503
0.292793
0.468098
0.516153
0.477314
0.441097
0.447601
0.422765
0.278023
0.0899437
0.0439004
0.199758
0.395187
0.476454
0.46485
0.472745
0.495187
0.424836
0.230968
0.0549536
0.0549536
0.230968
0.424836
0.495187
0.472745
0.46485
0.476454
0.395187
0.199758
0.0439004
0.0899437
0.278023
0.422765
0.447601
0.441097
0.477314
0.516153
0.468098
0.292793
0.123503
0.104988
0.243471
0.361169
0.354764
0.304739
0.286008
0.305105
0.290315
0.179052
0.0538805
0.0271212
0.13945
0.288021
0.334445
0.309777
0.313972
0.349948
0.322025
0.17569
0.0404055
0.0404055
0.17569
0.322025
0.349948
0.313972
0.309777
0.334445
0.288021
0.13945
0.0271212
0.0538805
0.179052
0.290315
0.305105
0.286008
0.304739
0.354764
0.361169
0.243471
0.104988
0.0425942
0.101197
0.15603
0.148022
0.117729
0.107723
0.114515
0.101773
0.0568256
0.0143528
0.00641702
0.0474836
0.104767
0.129404
0.121208
0.126303
0.146579
0.131023
0.0672266
0.0132849
0.0132849
0.0672266
0.131023
0.146579
0.126303
0.121208
0.129404
0.104767
0.0474836
0.00641702
0.0143528
0.0568256
0.101773
0.114515
0.107723
0.117729
0.148022
0.15603
0.101197
0.0425942
0.00200667
0.0102218
0.0202986
0.0199466
0.0116096
0.00703272
0.00584636
0.00390566
0.00136734
0.001
0.001
0.00148084
0.00527809
0.00880933
0.0104455
0.0137056
0.0174801
0.0138531
0.00515012
0.001
0.001
0.00515012
0.0138531
0.0174801
0.0137056
0.0104455
0.00880933
0.00527809
0.00148084
0.001
0.001
0.00136734
0.00390566
0.00584636
0.00703272
0.0116096
0.0199466
0.0202986
0.0102218
0.00200667
0.00200667
0.0102218
0.0202986
0.0199466
0.0116096
0.00703272
0.00584636
0.00390566
0.00136734
0.001
0.001
0.00148084
0.00527809
0.00880933
0.0104455
0.0137056
0.0174801
0.0138531
0.00515012
0.001
0.001
0.00515012
0.0138531
0.0174801
0.0137056
0.0104455
0.00880933
0.00527809
0.00148084
0.001
0.001
0.00136734
0.00390566
0.00584636
0.00703272
0.0116096
0.0199466
0.0202986
0.0102218
0.00200667
0.0425942
0.101197
0.15603
0.148022
0.117729
0.107723
0.114515
0.101773
0.0568256
0.0143528
0.00641702
0.0474836
0.104767
0.129404
0.121208
0.126303
0.146579
0.131023
0.0672266
0.0132849
0.0132849
0.0672266
0.131023
0.146579
0.126303
0.121208
0.129404
0.104767
0.0474836
0.00641702
0.0143528
0.0568256
0.101773
0.114515
0.107723
0.117729
0.148022
0.15603
0.101197
0.0425942
0.104988
0.243471
0.361169
0.354764
0.304739
0.286008
0.305105
0.290315
0.179052
0.0538805
0.0271212
0.13945
0.288021
0.334445
0.309777
0.313972
0.349948
0.322025
0.17569
0.0404055
0.0404055
0.17569
0.322025
0.349948
0.313972
0.309777
0.334445
0.288021
0.13945
0.0271212
0.0538805
0.179052
0.290315
0.305105
0.286008
0.304739
0.354764
0.361169
0.243471
0.104988
0.123503
0.292793
0.468098
0.516153
0.477314
0.441097
0.447601
0.422765
0.278023
0.0899437
0.0439004
0.199758
0.395187
0.476454
0.46485
0.472745
0.495187
0.424836
0.230968
0.0549536
0.0549536
0.230968
0.424836
0.495187
0.472745
0.46485
0.476454
0.395187
0.199758
0.0439004
0.0899437
0.278023
0.422765
0.447601
0.441097
0.477314
0.516153
0.468098
0.292793
0.123503
0.0825277
0.230428
0.444464
0.589596
0.618606
0.57843
0.540156
0.468362
0.289551
0.0912594
0.0363947
0.176152
0.39458
0.540636
0.584397
0.597677
0.565537
0.417104
0.194211
0.0406397
0.0406397
0.194211
0.417104
0.565537
0.597677
0.584397
0.540636
0.39458
0.176152
0.0363947
0.0912594
0.289551
0.468362
0.540156
0.57843
0.618606
0.589596
0.444464
0.230428
0.0825277
0.0374802
0.150235
0.3649
0.585344
0.720515
0.733043
0.649577
0.495696
0.266607
0.0725378
0.0165137
0.124388
0.361827
0.590991
0.705107
0.710296
0.602041
0.372652
0.137363
0.0180984
0.0180984
0.137363
0.372652
0.602041
0.710296
0.705107
0.590991
0.361827
0.124388
0.0165137
0.0725378
0.266607
0.495696
0.649577
0.733043
0.720515
0.585344
0.3649
0.150235
0.0374802
0.0115821
0.0979375
0.279751
0.500168
0.723415
0.843289
0.771555
0.543945
0.259786
0.0612391
0.00582534
0.0855899
0.331353
0.628594
0.799854
0.774938
0.587445
0.317077
0.100018
0.00566803
0.00566803
0.100018
0.317077
0.587445
0.774938
0.799854
0.628594
0.331353
0.0855899
0.00582534
0.0612391
0.259786
0.543945
0.771555
0.843289
0.723415
0.500168
0.279751
0.0979375
0.0115821
0.00476106
0.0835689
0.238235
0.408129
0.637939
0.868588
0.896645
0.662207
0.315264
0.0755555
0.00835586
0.0699325
0.332915
0.681225
0.87193
0.790486
0.532456
0.25799
0.0784521
0.00175878
0.00175878
0.0784521
0.25799
0.532456
0.790486
0.87193
0.681225
0.332915
0.0699325
0.00835586
0.0755555
0.315264
0.662207
0.896645
0.868588
0.637939
0.408129
0.238235
0.0835689
0.00476106
0.00517441
0.090681
0.248134
0.372918
0.531962
0.794047
0.97042
0.859689
0.492265
0.159384
0.0315611
0.0865855
0.377099
0.75579
0.915546
0.756476
0.448391
0.190865
0.0551946
0.001
0.001
0.0551946
0.190865
0.448391
0.756476
0.915546
0.75579
0.377099
0.0865855
0.0315611
0.159384
0.492265
0.859689
0.97042
0.794047
0.531962
0.372918
0.248134
0.090681
0.00517441
0.00718272
0.107091
0.284424
0.397391
0.477069
0.676432
0.967816
1
0.804515
0.376945
0.130893
0.163443
0.482078
0.849455
0.918409
0.688705
0.366667
0.137847
0.0324134
0.001
0.001
0.0324134
0.137847
0.366667
0.688705
0.918409
0.849455
0.482078
0.163443
0.130893
0.376945
0.804515
1
0.967816
0.676432
0.477069
0.397391
0.284424
0.107091
0.00718272
0.00723664
0.115359
0.30592
0.424326
0.460944
0.572575
0.861539
1
1
0.743955
0.358543
0.322496
0.631159
0.910695
0.892943
0.605805
0.309567
0.115319
0.0193532
0.001
0.001
0.0193532
0.115319
0.309567
0.605805
0.892943
0.910695
0.631159
0.322496
0.358543
0.743955
1
1
0.861539
0.572575
0.460944
0.424326
0.30592
0.115359
0.00723664
0.0043281
0.0925427
0.266793
0.389288
0.420825
0.465671
0.665258
1
1
1
0.690595
0.53674
0.764836
0.938078
0.853785
0.530569
0.277733
0.114417
0.0171081
0.001
0.001
0.0171081
0.114417
0.277733
0.530569
0.853785
0.938078
0.764836
0.53674
0.690595
1
1
1
0.665258
0.465671
0.420825
0.389288
0.266793
0.0925427
0.0043281
0.00124285
0.0468392
0.157827
0.266398
0.306989
0.324757
0.439817
0.786224
1
1
0.9908
0.786596
0.880126
0.960491
0.8114
0.48898
0.269821
0.127383
0.0230632
0.001
0.001
0.0230632
0.127383
0.269821
0.48898
0.8114
0.960491
0.880126
0.786596
0.9908
1
1
0.786224
0.439817
0.324757
0.306989
0.266398
0.157827
0.0468392
0.00124285
0.001
0.0122043
0.058886
0.12076
0.158538
0.177761
0.252633
0.498895
0.938184
1
1
1
1
1
0.821519
0.490004
0.28623
0.151985
0.0345896
0.001
0.001
0.0345896
0.151985
0.28623
0.490004
0.821519
1
1
1
1
1
0.938184
0.498895
0.252633
0.177761
0.158538
0.12076
0.058886
0.0122043
0.001
0.001
0.0224772
0.0714414
0.107991
0.104578
0.0973655
0.13266
0.298175
0.667195
1
1
1
1
1
0.905358
0.52504
0.314524
0.170141
0.042698
0.001
0.001
0.042698
0.170141
0.314524
0.52504
0.905358
1
1
1
1
1
0.667195
0.298175
0.13266
0.0973655
0.104578
0.107991
0.0714414
0.0224772
0.001
0.00630749
0.0761405
0.200672
0.257054
0.211936
0.151544
0.128622
0.204173
0.473068
0.950885
1
1
1
1
1
0.614693
0.342239
0.158596
0.037768
0.001
0.001
0.037768
0.158596
0.342239
0.614693
1
1
1
1
1
0.950885
0.473068
0.204173
0.128622
0.151544
0.211936
0.257054
0.200672
0.0761405
0.00630749
0.0184769
0.135467
0.327883
0.416999
0.384531
0.314363
0.245157
0.230786
0.398292
0.808307
1
1
1
1
1
0.762658
0.358916
0.121107
0.0228899
0.001
0.001
0.0228899
0.121107
0.358916
0.762658
1
1
1
1
1
0.808307
0.398292
0.230786
0.245157
0.314363
0.384531
0.416999
0.327883
0.135467
0.0184769
0.0302481
0.158932
0.359891
0.483281
0.514063
0.496504
0.439984
0.397645
0.46668
0.731749
1
1
1
1
1
0.923028
0.360631
0.083453
0.0096056
0.001
0.001
0.0096056
0.083453
0.360631
0.923028
1
1
1
1
1
0.731749
0.46668
0.397645
0.439984
0.496504
0.514063
0.483281
0.359891
0.158932
0.0302481
0.0358175
0.154018
0.335295
0.468455
0.553559
0.609893
0.623233
0.624033
0.64438
0.787538
1
1
1
1
1
1
0.368887
0.0612359
0.00336542
0.001
0.001
0.00336542
0.0612359
0.368887
1
1
1
1
1
1
0.787538
0.64438
0.624033
0.623233
0.609893
0.553559
0.468455
0.335295
0.154018
0.0358175
0.0364926
0.149395
0.318486
0.4421
0.543306
0.643007
0.713176
0.763153
0.784828
0.883599
1
1
1
1
1
1
0.383313
0.0528783
0.001723
0.001
0.001
0.001723
0.0528783
0.383313
1
1
1
1
1
1
0.883599
0.784828
0.763153
0.713176
0.643007
0.543306
0.4421
0.318486
0.149395
0.0364926
