0.00438296
0.115821
0.313362
0.452167
0.560864
0.674587
0.750671
0.8
0.8
0.900699
1
1
1
1
1
1
0.410945
0.0389382
0.001
0.001
0.001
0.001
0.0389382
0.410945
1
1
1
1
1
1
0.900699
0.8
0.8
0.750671
0.674587
0.560864
0.452167
0.313362
0.115821
0.00438296
0.0133589
0.147208
0.370951
0.517976
0.571091
0.617619
0.589353
0.566675
0.596175
0.778171
1
1
1
1
1
1
0.400883
0.0557532
0.001
0.001
0.001
0.001
0.0557532
0.400883
1
1
1
1
1
1
0.778171
0.596175
0.566675
0.589353
0.617619
0.571091
0.517976
0.370951
0.147208
0.0133589
0.0224644
0.200604
0.467759
0.563967
0.470966
0.337485
0.225935
0.202251
0.34559
0.725126
1
1
1
1
1
1
0.394427
0.0845508
0.001
0.001
0.001
0.001
0.0845508
0.394427
1
1
1
1
1
1
0.725126
0.34559
0.202251
0.225935
0.337485
0.470966
0.563967
0.467759
0.200604
0.0224644
0.0174073
0.171056
0.398798
0.418433
0.257149
0.115707
0.0370086
0.051028
0.304011
0.871851
1
1
1
1
1
0.8634
0.397733
0.110784
0.001
0.001
0.001
0.001
0.110784
0.397733
0.8634
1
1
1
1
1
0.871851
0.304011
0.051028
0.0370086
0.115707
0.257149
0.418433
0.398798
0.171056
0.0174073
0.00493853
0.0682476
0.151427
0.148643
0.0687096
0.0162059
0.0120596
0.11325
0.479552
1
1
1
1
1
1
0.678199
0.320663
0.0931469
0.001
0.001
0.001
0.001
0.0931469
0.320663
0.678199
1
1
1
1
1
1
0.479552
0.11325
0.0120596
0.0162059
0.0687096
0.148643
0.151427
0.0682476
0.00493853
0.001
0.00157263
0.00343198
0.00288637
0.001
0.00160538
0.0548698
0.293616
0.810204
1
1
1
1
1
1
0.486747
0.164227
0.0400404
0.001
0.001
0.001
0.001
0.0400404
0.164227
0.486747
1
1
1
1
1
1
0.810204
0.293616
0.0548698
0.00160538
0.001
0.00288637
0.00343198
0.00157263
0.001
0.001
0.00258528
0.00926517
0.0123478
0.0104673
0.0259486
0.170728
0.606526
1
1
1
0.975577
1
1
1
0.435181
0.0969993
0.0084587
0.001
0.001
0.001
0.001
0.0084587
0.0969993
0.435181
1
1
1
0.975577
1
1
1
0.606526
0.170728
0.0259486
0.0104673
0.0123478
0.00926517
0.00258528
0.001
0.00263105
0.0625298
0.155378
0.189454
0.15147
0.188129
0.467645
1
1
1
0.960115
0.626862
0.895013
1
1
0.580612
0.195955
0.0435656
0.001
0.001
0.001
0.001
0.0435656
0.195955
0.580612
1
1
0.895013
0.626862
0.960115
1
1
1
0.467645
0.188129
0.15147
0.189454
0.155378
0.0625298
0.00263105
0.00925499
0.145817
0.373296
0.4535
0.411061
0.495898
0.898419
1
1
1
0.479316
0.323795
0.702897
1
1
0.76535
0.343164
0.0956053
0.00125403
0.001
0.001
0.00125403
0.0956053
0.343164
0.76535
1
1
0.702897
0.323795
0.479316
1
1
1
0.898419
0.495898
0.411061
0.4535
0.373296
0.145817
0.00925499
0.0114013
0.173278
0.433815
0.559088
0.575224
0.766778
1
1
1
0.492469
0.139781
0.115175
0.44753
0.951497
1
0.836761
0.397892
0.114616
0.00215633
0.001
0.001
0.00215633
0.114616
0.397892
0.836761
1
0.951497
0.44753
0.115175
0.139781
0.492469
1
1
1
0.766778
0.575224
0.559088
0.433815
0.173278
0.0114013
0.00584345
0.117703
0.338117
0.485469
0.593734
0.866488
1
0.984074
0.565875
0.163678
0.0203176
0.0417841
0.311242
0.814714
0.938184
0.80421
0.380722
0.0987228
0.00209956
0.001
0.001
0.00209956
0.0987228
0.380722
0.80421
0.938184
0.814714
0.311242
0.0417841
0.0203176
0.163678
0.565875
0.984074
1
0.866488
0.593734
0.485469
0.338117
0.117703
0.00584345
0.001
0.0512801
0.201605
0.409164
0.642612
0.93257
0.973223
0.701326
0.26902
0.0483224
0.00157519
0.0464722
0.296652
0.701021
0.846799
0.794264
0.373002
0.0921392
0.00316016
0.001
0.001
0.00316016
0.0921392
0.373002
0.794264
0.846799
0.701021
0.296652
0.0464722
0.00157519
0.0483224
0.26902
0.701326
0.973223
0.93257
0.642612
0.409164
0.201605
0.0512801
0.001
0.001
0.0124241
0.133036
0.437678
0.806301
1
0.936958
0.511064
0.133669
0.0119293
0.001
0.0609929
0.305775
0.638397
0.8
0.8
0.413431
0.137579
0.0223608
0.001
0.001
0.0223608
0.137579
0.413431
0.8
0.8
0.638397
0.305775
0.0609929
0.001
0.0119293
0.133669
0.511064
0.936958
1
0.806301
0.437678
0.133036
0.0124241
0.001
0.001
0.039536
0.218522
0.5912
0.866239
1
0.871689
0.429744
0.0850701
0.001
0.001
0.0792397
0.333809
0.620017
0.787162
0.742341
0.542652
0.263015
0.0678288
0.001
0.001
0.0678288
0.263015
0.542652
0.742341
0.787162
0.620017
0.333809
0.0792397
0.001
0.001
0.0850701
0.429744
0.871689
1
0.866239
0.5912
0.218522
0.039536
0.001
0.00404119
0.108313
0.38687
0.720873
0.863344
0.892974
0.779491
0.431474
0.10296
0.001
0.001
0.109091
0.401209
0.68601
0.807336
0.815151
0.696813
0.411705
0.125359
0.00160104
0.00160104
0.125359
0.411705
0.696813
0.815151
0.807336
0.68601
0.401209
0.109091
0.001
0.001
0.10296
0.431474
0.779491
0.892974
0.863344
0.720873
0.38687
0.108313
0.00404119
0.0216357
0.188548
0.514314
0.752557
0.782975
0.754232
0.7147
0.459871
0.141039
0.00280948
0.00331506
0.151402
0.471067
0.715932
0.753616
0.7541
0.727238
0.498294
0.172753
0.00605029
0.00605029
0.172753
0.498294
0.727238
0.7541
0.753616
0.715932
0.471067
0.151402
0.00331506
0.00280948
0.141039
0.459871
0.7147
0.754232
0.782975
0.752557
0.514314
0.188548
0.0216357
0.0364141
0.242406
0.561068
0.700244
0.656122
0.631349
0.637454
0.479932
0.173837
0.00466291
0.00577469
0.188791
0.51376
0.673256
0.64912
0.649395
0.676833
0.523896
0.20145
0.00904338
0.00904338
0.20145
0.523896
0.676833
0.649395
0.64912
0.673256
0.51376
0.188791
0.00577469
0.00466291
0.173837
0.479932
0.637454
0.631349
0.656122
0.700244
0.561068
0.242406
0.0364141
0.0269544
0.186684
0.427163
0.478938
0.405126
0.392482
0.435332
0.358136
0.134827
0.00339569
0.00439536
0.147372
0.387762
0.463243
0.404818
0.401665
0.458358
0.388237
0.151484
0.00617358
0.00617358
0.151484
0.388237
0.458358
0.401665
0.404818
0.463243
0.387762
0.147372
0.00439536
0.00339569
0.134827
0.358136
0.435332
0.392482
0.405126
0.478938
0.427163
0.186684
0.0269544
0.00698244
0.0683791
0.1524
0.169734
0.135023
0.132703
0.155532
0.127541
0.0508929
0.001
0.00115676
0.0554661
0.137481
0.164134
0.136193
0.134882
0.16239
0.137361
0.0563353
0.00141508
0.00141508
0.0563353
0.137361
0.16239
0.134882
0.136193
0.164134
0.137481
0.0554661
0.00115676
0.001
0.0508929
0.127541
0.155532
0.132703
0.135023
0.169734
0.1524
0.0683791
0.00698244
0.001
0.00156102
0.00436926
0.00498988
0.00306152
0.00263943
0.00335112
0.00236683
0.001
0.001
0.001
0.001
0.00282858
0.00375452
0.0027297
0.00268779
0.0037009
0.00282373
0.001
0.001
0.001
0.001
0.00282373
0.0037009
0.00268779
0.0027297
0.00375452
0.00282858
0.001
0.001
0.001
0.001
0.00236683
0.00335112
0.00263943
0.00306152
0.00498988
0.00436926
0.00156102
0.001
0.001
0.00156102
0.00436926
0.00498988
0.00306152
0.00263943
0.00335112
0.00236683
0.001
0.001
0.001
0.001
0.00282858
0.00375452
0.0027297
0.00268779
0.0037009
0.00282373
0.001
0.001
0.001
0.001
0.00282373
0.0037009
0.00268779
0.0027297
0.00375452
0.00282858
0.001
0.001
0.001
0.001
0.00236683
0.00335112
0.00263943
0.00306152
0.00498988
0.00436926
0.00156102
0.001
0.00698244
0.0683791
0.1524
0.169734
0.135023
0.132703
0.155532
0.127541
0.0508929
0.001
0.00115676
0.0554661
0.137481
0.164134
0.136193
0.134882
0.16239
0.137361
0.0563353
0.00141508
0.00141508
0.0563353
0.137361
0.16239
0.134882
0.136193
0.164134
0.137481
0.0554661
0.00115676
0.001
0.0508929
0.127541
0.155532
0.132703
0.135023
0.169734
0.1524
0.0683791
0.00698244
0.0269544
0.186684
0.427163
0.478938
0.405126
0.392482
0.435332
0.358136
0.134827
0.00339569
0.00439536
0.147372
0.387762
0.463243
0.404818
0.401665
0.458358
0.388237
0.151484
0.00617358
0.00617358
0.151484
0.388237
0.458358
0.401665
0.404818
0.463243
0.387762
0.147372
0.00439536
0.00339569
0.134827
0.358136
0.435332
0.392482
0.405126
0.478938
0.427163
0.186684
0.0269544
0.0364141
0.242406
0.561068
0.700244
0.656122
0.631349
0.637454
0.479932
0.173837
0.00466291
0.00577469
0.188791
0.51376
0.673256
0.64912
0.649395
0.676833
0.523896
0.20145
0.00904338
0.00904338
0.20145
0.523896
0.676833
0.649395
0.64912
0.673256
0.51376
0.188791
0.00577469
0.00466291
0.173837
0.479932
0.637454
0.631349
0.656122
0.700244
0.561068
0.242406
0.0364141
0.0216357
0.188548
0.514314
0.752557
0.782975
0.754232
0.7147
0.459871
0.141039
0.00280948
0.00331506
0.151402
0.471067
0.715932
0.753616
0.7541
0.727238
0.498294
0.172753
0.00605029
0.00605029
0.172753
0.498294
0.727238
0.7541
0.753616
0.715932
0.471067
0.151402
0.00331506
0.00280948
0.141039
0.459871
0.7147
0.754232
0.782975
0.752557
0.514314
0.188548
0.0216357
0.00404119
0.108313
0.38687
0.720873
0.863344
0.892974
0.779491
0.431474
0.10296
0.001
0.001
0.109091
0.401209
0.68601
0.807336
0.815151
0.696813
0.411705
0.125359
0.00160104
0.00160104
0.125359
0.411705
0.696813
0.815151
0.807336
0.68601
0.401209
0.109091
0.001
0.001
0.10296
0.431474
0.779491
0.892974
0.863344
0.720873
0.38687
0.108313
0.00404119
0.001
0.039536
0.218522
0.5912
0.866239
1
0.871689
0.429744
0.0850701
0.001
0.001
0.0792397
0.333809
0.620017
0.787162
0.742341
0.542652
0.263015
0.0678288
0.001
0.001
0.0678288
0.263015
0.542652
0.742341
0.787162
0.620017
0.333809
0.0792397
0.001
0.001
0.0850701
0.429744
0.871689
1
0.866239
0.5912
0.218522
0.039536
0.001
0.001
0.0124241
0.133036
0.437678
0.806301
1
0.936958
0.511064
0.133669
0.0119293
0.001
0.0609929
0.305775
0.638397
0.8
0.8
0.413431
0.137579
0.0223608
0.001
0.001
0.0223608
0.137579
0.413431
0.8
0.8
0.638397
0.305775
0.0609929
0.001
0.0119293
0.133669
0.511064
0.936958
1
0.806301
0.437678
0.133036
0.0124241
0.001
0.001
0.0512801
0.201605
0.409164
0.642612
0.93257
0.973223
0.701326
0.26902
0.0483224
0.00157519
0.0464722
0.296652
0.701021
0.846799
0.794264
0.373002
0.0921392
0.00316016
0.001
0.001
0.00316016
0.0921392
0.373002
0.794264
0.846799
0.701021
0.296652
0.0464722
0.00157519
0.0483224
0.26902
0.701326
0.973223
0.93257
0.642612
0.409164
0.201605
0.0512801
0.001
0.00584345
0.117703
0.338117
0.485469
0.593734
0.866488
1
0.984074
0.565875
0.163678
0.0203176
0.0417841
0.311242
0.814714
0.938184
0.80421
0.380722
0.0987228
0.00209956
0.001
0.001
0.00209956
0.0987228
0.380722
0.80421
0.938184
0.814714
0.311242
0.0417841
0.0203176
0.163678
0.565875
0.984074
1
0.866488
0.593734
0.485469
0.338117
0.117703
0.00584345
0.0114013
0.173278
0.433815
0.559088
0.575224
0.766778
1
1
1
0.492469
0.139781
0.115175
0.44753
0.951497
1
0.836761
0.397892
0.114616
0.00215633
0.001
0.001
0.00215633
0.114616
0.397892
0.836761
1
0.951497
0.44753
0.115175
0.139781
0.492469
1
1
1
0.766778
0.575224
0.559088
0.433815
0.173278
0.0114013
0.00925499
0.145817
0.373296
0.4535
0.411061
0.495898
0.898419
1
1
1
0.479316
0.323795
0.702897
1
1
0.76535
0.343164
0.0956053
0.00125403
0.001
0.001
0.00125403
0.0956053
0.343164
0.76535
1
1
0.702897
0.323795
0.479316
1
1
1
0.898419
0.495898
0.411061
0.4535
0.373296
0.145817
0.00925499
0.00263105
0.0625298
0.155378
0.189454
0.15147
0.188129
0.467645
1
1
1
0.960115
0.626862
0.895013
1
1
0.580612
0.195955
0.0435656
0.001
0.001
0.001
0.001
0.0435656
0.195955
0.580612
1
1
0.895013
0.626862
0.960115
1
1
1
0.467645
0.188129
0.15147
0.189454
0.155378
0.0625298
0.00263105
0.001
0.00258528
0.00926517
0.0123478
0.0104673
0.0259486
0.170728
0.606526
1
1
1
0.975577
1
1
1
0.435181
0.0969993
0.0084587
0.001
0.001
0.001
0.001
0.0084587
0.0969993
0.435181
1
1
1
0.975577
1
1
1
0.606526
0.170728
0.0259486
0.0104673
0.0123478
0.00926517
0.00258528
0.001
0.001
0.00157263
0.00343198
0.00288637
0.001
0.00160538
0.0548698
0.293616
0.810204
1
1
1
1
1
1
0.486747
0.164227
0.0400404
0.001
0.001
0.001
0.001
0.0400404
0.164227
0.486747
1
1
1
1
1
1
0.810204
0.293616
0.0548698
0.00160538
0.001
0.00288637
0.00343198
0.00157263
0.001
0.00493853
0.0682476
0.151427
0.148643
0.0687096
0.0162059
0.0120596
0.11325
0.479552
1
1
1
1
1
1
0.678199
0.320663
0.0931469
0.001
0.001
0.001
0.001
0.0931469
0.320663
0.678199
1
1
1
1
1
1
0.479552
0.11325
0.0120596
0.0162059
0.0687096
0.148643
0.151427
0.0682476
0.00493853
0.0174073
0.171056
0.398798
0.418433
0.257149
0.115707
0.0370086
0.051028
0.304011
0.871851
1
1
1
1
1
0.8634
0.397733
0.110784
0.001
0.001
0.001
0.001
0.110784
0.397733
0.8634
1
1
1
1
1
0.871851
0.304011
0.051028
0.0370086
0.115707
0.257149
0.418433
0.398798
0.171056
0.0174073
0.0224644
0.200604
0.467759
0.563967
0.470966
0.337485
0.225935
0.202251
0.34559
0.725126
1
1
1
1
1
1
0.394427
0.0845508
0.001
0.001
0.001
0.001
0.0845508
0.394427
1
1
1
1
1
1
0.725126
0.34559
0.202251
0.225935
0.337485
0.470966
0.563967
0.467759
0.200604
0.0224644
0.0133589
0.147208
0.370951
0.517976
0.571091
0.617619
0.589353
0.566675
0.596175
0.778171
1
1
1
1
1
1
0.400883
0.0557532
0.001
0.001
0.001
0.001
0.0557532
0.400883
1
1
1
1
1
1
0.778171
0.596175
0.566675
0.589353
0.617619
0.571091
0.517976
0.370951
0.147208
0.0133589
0.00438296
0.115821
0.313362
0.452167
0.560864
0.674587
0.750671
0.8
0.8
0.900699
1
1
1
1
1
1
0.410945
0.0389382
0.001
0.001
0.001
0.001
0.0389382
0.410945
1
1
1
1
1
1
0.900699
0.8
0.8
0.750671
0.674587
0.560864
0.452167
0.313362
0.115821
0.00438296
