0.00427323
0.114668
0.310948
0.449214
0.560864
0.674587
0.750671
0.8
0.8
0.898616
1
1
1
1
1
1
0.410729
0.0388621
0.001
0.001
0.001
0.001
0.0388621
0.410729
1
1
1
1
1
1
0.898616
0.8
0.8
0.750671
0.674587
0.560864
0.449214
0.310948
0.114668
0.00427323
0.0130788
0.145674
0.367713
0.514186
0.571091
0.617619
0.589353
0.566675
0.595902
0.775755
1
1
1
1
1
1
0.40069
0.0556125
0.001
0.001
0.001
0.001
0.0556125
0.40069
1
1
1
1
1
1
0.775755
0.595902
0.566675
0.589353
0.617619
0.571091
0.514186
0.367713
0.145674
0.0130788
0.0220627
0.199056
0.464688
0.561125
0.470254
0.338542
0.22718
0.202748
0.344413
0.720852
1
1
1
1
1
1
0.394216
0.0844384
0.001
0.001
0.001
0.001
0.0844384
0.394216
1
1
1
1
1
1
0.720852
0.344413
0.202748
0.22718
0.338542
0.470254
0.561125
0.464688
0.199056
0.0220627
0.0171429
0.170249
0.397312
0.417783
0.258428
0.117077
0.0375515
0.0498772
0.299907
0.865549
1
1
1
1
1
0.863525
0.398464
0.1113
0.001
0.001
0.001
0.001
0.1113
0.398464
0.863525
1
1
1
1
1
0.865549
0.299907
0.0498772
0.0375515
0.117077
0.258428
0.417783
0.397312
0.170249
0.0171429
0.00488452
0.0681422
0.15126
0.148997
0.0695359
0.0167564
0.010935
0.108999
0.470765
1
1
1
1
1
1
0.678378
0.322694
0.0942817
0.001
0.001
0.001
0.001
0.0942817
0.322694
0.678378
1
1
1
1
1
1
0.470765
0.108999
0.010935
0.0167564
0.0695359
0.148997
0.15126
0.0681422
0.00488452
0.001
0.00160135
0.00351713
0.0029777
0.001
0.00128166
0.0506493
0.2845
0.800282
1
1
1
1
1
1
0.486046
0.165812
0.040899
0.001
0.001
0.001
0.001
0.040899
0.165812
0.486046
1
1
1
1
1
1
0.800282
0.2845
0.0506493
0.00128166
0.001
0.0029777
0.00351713
0.00160135
0.001
0.001
0.00258861
0.00936497
0.0125761
0.01068
0.0247863
0.163039
0.593628
1
1
1
0.979251
1
1
0.998054
0.426957
0.0927272
0.00717992
0.001
0.001
0.001
0.001
0.00717992
0.0927272
0.426957
0.998054
1
1
0.979251
1
1
1
0.593628
0.163039
0.0247863
0.01068
0.0125761
0.00936497
0.00258861
0.001
0.00258729
0.0622928
0.154988
0.1893
0.151738
0.187385
0.459591
1
1
1
0.9647
0.637768
0.899714
1
1
0.562709
0.184481
0.0398339
0.001
0.001
0.001
0.001
0.0398339
0.184481
0.562709
1
1
0.899714
0.637768
0.9647
1
1
1
0.459591
0.187385
0.151738
0.1893
0.154988
0.0622928
0.00258729
0.0091066
0.145132
0.37169
0.451704
0.409762
0.493077
0.889516
1
1
1
0.492903
0.334925
0.714479
1
1
0.749922
0.333092
0.0922815
0.00118361
0.001
0.001
0.00118361
0.0922815
0.333092
0.749922
1
1
0.714479
0.334925
0.492903
1
1
1
0.889516
0.493077
0.409762
0.451704
0.37169
0.145132
0.0091066
0.0112208
0.172447
0.431744
0.556362
0.572489
0.759457
1
1
1
0.508511
0.149787
0.122928
0.45905
0.953302
1
0.830859
0.394883
0.113981
0.00201561
0.001
0.001
0.00201561
0.113981
0.394883
0.830859
1
0.953302
0.45905
0.122928
0.149787
0.508511
1
1
1
0.759457
0.572489
0.556362
0.431744
0.172447
0.0112208
0.00575103
0.117219
0.336847
0.482842
0.589731
0.857641
1
0.983807
0.582339
0.17618
0.024185
0.0438675
0.31494
0.816052
0.935492
0.801177
0.380375
0.0995493
0.00211592
0.001
0.001
0.00211592
0.0995493
0.380375
0.801177
0.935492
0.816052
0.31494
0.0438675
0.024185
0.17618
0.582339
0.983807
1
0.857641
0.589731
0.482842
0.336847
0.117219
0.00575103
0.001
0.0511197
0.201112
0.406285
0.63726
0.926499
0.970863
0.709688
0.28169
0.0544286
0.00228338
0.0462147
0.295688
0.698413
0.843668
0.794264
0.374087
0.0937294
0.00352671
0.001
0.001
0.00352671
0.0937294
0.374087
0.794264
0.843668
0.698413
0.295688
0.0462147
0.00228338
0.0544286
0.28169
0.709688
0.970863
0.926499
0.63726
0.406285
0.201112
0.0511197
0.001
0.001
0.0123783
0.132575
0.433969
0.800586
1
0.938071
0.515452
0.138414
0.0134411
0.001
0.0596447
0.30374
0.638397
0.8
0.8
0.421404
0.142566
0.0239636
0.001
0.001
0.0239636
0.142566
0.421404
0.8
0.8
0.638397
0.30374
0.0596447
0.001
0.0134411
0.138414
0.515452
0.938071
1
0.800586
0.433969
0.132575
0.0123783
0.001
0.001
0.0394023
0.217742
0.587887
0.866239
1
0.87284
0.430077
0.0858228
0.001
0.001
0.0769532
0.332508
0.630936
0.790373
0.76757
0.560183
0.271463
0.0702031
0.001
0.001
0.0702031
0.271463
0.560183
0.76757
0.790373
0.630936
0.332508
0.0769532
0.001
0.001
0.0858228
0.430077
0.87284
1
0.866239
0.587887
0.217742
0.0394023
0.001
0.00411201
0.107948
0.386025
0.720873
0.863344
0.892974
0.779491
0.431432
0.10315
0.001
0.001
0.106741
0.39916
0.69376
0.825799
0.832685
0.706932
0.416164
0.126355
0.00162017
0.00162017
0.126355
0.416164
0.706932
0.832685
0.825799
0.69376
0.39916
0.106741
0.001
0.001
0.10315
0.431432
0.779491
0.892974
0.863344
0.720873
0.386025
0.107948
0.00411201
0.0221113
0.188103
0.512919
0.752557
0.782975
0.754232
0.7147
0.459846
0.141121
0.00281817
0.00326435
0.149762
0.470088
0.715932
0.753616
0.7541
0.727238
0.497892
0.171794
0.0059846
0.0059846
0.171794
0.497892
0.727238
0.7541
0.753616
0.715932
0.470088
0.149762
0.00326435
0.00281817
0.141121
0.459846
0.7147
0.754232
0.782975
0.752557
0.512919
0.188103
0.0221113
0.0373464
0.242357
0.558998
0.697891
0.654866
0.63031
0.636096
0.478933
0.173497
0.00463837
0.00574701
0.187946
0.511839
0.672244
0.64912
0.648692
0.674252
0.521263
0.200102
0.00889799
0.00889799
0.200102
0.521263
0.674252
0.648692
0.64912
0.672244
0.511839
0.187946
0.00574701
0.00463837
0.173497
0.478933
0.636096
0.63031
0.654866
0.697891
0.558998
0.242357
0.0373464
0.027743
0.187022
0.425846
0.477139
0.404336
0.39201
0.434265
0.357
0.134347
0.00335247
0.00440246
0.14734
0.38715
0.462583
0.404872
0.401571
0.457101
0.386774
0.150756
0.00606449
0.00606449
0.150756
0.386774
0.457101
0.401571
0.404872
0.462583
0.38715
0.14734
0.00440246
0.00335247
0.134347
0.357
0.434265
0.39201
0.404336
0.477139
0.425846
0.187022
0.027743
0.00723404
0.0686093
0.152373
0.169658
0.135251
0.132944
0.155334
0.127133
0.050675
0.001
0.00116867
0.0556296
0.137632
0.164235
0.136388
0.135034
0.162141
0.136976
0.0561573
0.00138808
0.00138808
0.0561573
0.136976
0.162141
0.135034
0.136388
0.164235
0.137632
0.0556296
0.00116867
0.001
0.050675
0.127133
0.155334
0.132944
0.135251
0.169658
0.152373
0.0686093
0.00723404
0.001
0.0015882
0.00444586
0.00508651
0.00313484
0.00267594
0.0033443
0.00233734
0.001
0.001
0.001
0.001
0.00290281
0.00386124
0.00281472
0.002741
0.00372865
0.00282516
0.001
0.001
0.001
0.001
0.00282516
0.00372865
0.002741
0.00281472
0.00386124
0.00290281
0.001
0.001
0.001
0.001
0.00233734
0.0033443
0.00267594
0.00313484
0.00508651
0.00444586
0.0015882
0.001
0.001
0.0015882
0.00444586
0.00508651
0.00313484
0.00267594
0.0033443
0.00233734
0.001
0.001
0.001
0.001
0.00290281
0.00386124
0.00281472
0.002741
0.00372865
0.00282516
0.001
0.001
0.001
0.001
0.00282516
0.00372865
0.002741
0.00281472
0.00386124
0.00290281
0.001
0.001
0.001
0.001
0.00233734
0.0033443
0.00267594
0.00313484
0.00508651
0.00444586
0.0015882
0.001
0.00723404
0.0686093
0.152373
0.169658
0.135251
0.132944
0.155334
0.127133
0.050675
0.001
0.00116867
0.0556296
0.137632
0.164235
0.136388
0.135034
0.162141
0.136976
0.0561573
0.00138808
0.00138808
0.0561573
0.136976
0.162141
0.135034
0.136388
0.164235
0.137632
0.0556296
0.00116867
0.001
0.050675
0.127133
0.155334
0.132944
0.135251
0.169658
0.152373
0.0686093
0.00723404
0.027743
0.187022
0.425846
0.477139
0.404336
0.39201
0.434265
0.357
0.134347
0.00335247
0.00440246
0.14734
0.38715
0.462583
0.404872
0.401571
0.457101
0.386774
0.150756
0.00606449
0.00606449
0.150756
0.386774
0.457101
0.401571
0.404872
0.462583
0.38715
0.14734
0.00440246
0.00335247
0.134347
0.357
0.434265
0.39201
0.404336
0.477139
0.425846
0.187022
0.027743
0.0373464
0.242357
0.558998
0.697891
0.654866
0.63031
0.636096
0.478933
0.173497
0.00463837
0.00574701
0.187946
0.511839
0.672244
0.64912
0.648692
0.674252
0.521263
0.200102
0.00889799
0.00889799
0.200102
0.521263
0.674252
0.648692
0.64912
0.672244
0.511839
0.187946
0.00574701
0.00463837
0.173497
0.478933
0.636096
0.63031
0.654866
0.697891
0.558998
0.242357
0.0373464
0.0221113
0.188103
0.512919
0.752557
0.782975
0.754232
0.7147
0.459846
0.141121
0.00281817
0.00326435
0.149762
0.470088
0.715932
0.753616
0.7541
0.727238
0.497892
0.171794
0.0059846
0.0059846
0.171794
0.497892
0.727238
0.7541
0.753616
0.715932
0.470088
0.149762
0.00326435
0.00281817
0.141121
0.459846
0.7147
0.754232
0.782975
0.752557
0.512919
0.188103
0.0221113
0.00411201
0.107948
0.386025
0.720873
0.863344
0.892974
0.779491
0.431432
0.10315
0.001
0.001
0.106741
0.39916
0.69376
0.825799
0.832685
0.706932
0.416164
0.126355
0.00162017
0.00162017
0.126355
0.416164
0.706932
0.832685
0.825799
0.69376
0.39916
0.106741
0.001
0.001
0.10315
0.431432
0.779491
0.892974
0.863344
0.720873
0.386025
0.107948
0.00411201
0.001
0.0394023
0.217742
0.587887
0.866239
1
0.87284
0.430077
0.0858228
0.001
0.001
0.0769532
0.332508
0.630936
0.790373
0.76757
0.560183
0.271463
0.0702031
0.001
0.001
0.0702031
0.271463
0.560183
0.76757
0.790373
0.630936
0.332508
0.0769532
0.001
0.001
0.0858228
0.430077
0.87284
1
0.866239
0.587887
0.217742
0.0394023
0.001
0.001
0.0123783
0.132575
0.433969
0.800586
1
0.938071
0.515452
0.138414
0.0134411
0.001
0.0596447
0.30374
0.638397
0.8
0.8
0.421404
0.142566
0.0239636
0.001
0.001
0.0239636
0.142566
0.421404
0.8
0.8
0.638397
0.30374
0.0596447
0.001
0.0134411
0.138414
0.515452
0.938071
1
0.800586
0.433969
0.132575
0.0123783
0.001
0.001
0.0511197
0.201112
0.406285
0.63726
0.926499
0.970863
0.709688
0.28169
0.0544286
0.00228338
0.0462147
0.295688
0.698413
0.843668
0.794264
0.374087
0.0937294
0.00352671
0.001
0.001
0.00352671
0.0937294
0.374087
0.794264
0.843668
0.698413
0.295688
0.0462147
0.00228338
0.0544286
0.28169
0.709688
0.970863
0.926499
0.63726
0.406285
0.201112
0.0511197
0.001
0.00575103
0.117219
0.336847
0.482842
0.589731
0.857641
1
0.983807
0.582339
0.17618
0.024185
0.0438675
0.31494
0.816052
0.935492
0.801177
0.380375
0.0995493
0.00211592
0.001
0.001
0.00211592
0.0995493
0.380375
0.801177
0.935492
0.816052
0.31494
0.0438675
0.024185
0.17618
0.582339
0.983807
1
0.857641
0.589731
0.482842
0.336847
0.117219
0.00575103
0.0112208
0.172447
0.431744
0.556362
0.572489
0.759457
1
1
1
0.508511
0.149787
0.122928
0.45905
0.953302
1
0.830859
0.394883
0.113981
0.00201561
0.001
0.001
0.00201561
0.113981
0.394883
0.830859
1
0.953302
0.45905
0.122928
0.149787
0.508511
1
1
1
0.759457
0.572489
0.556362
0.431744
0.172447
0.0112208
0.0091066
0.145132
0.37169
0.451704
0.409762
0.493077
0.889516
1
1
1
0.492903
0.334925
0.714479
1
1
0.749922
0.333092
0.0922815
0.00118361
0.001
0.001
0.00118361
0.0922815
0.333092
0.749922
1
1
0.714479
0.334925
0.492903
1
1
1
0.889516
0.493077
0.409762
0.451704
0.37169
0.145132
0.0091066
0.00258729
0.0622928
0.154988
0.1893
0.151738
0.187385
0.459591
1
1
1
0.9647
0.637768
0.899714
1
1
0.562709
0.184481
0.0398339
0.001
0.001
0.001
0.001
0.0398339
0.184481
0.562709
1
1
0.899714
0.637768
0.9647
1
1
1
0.459591
0.187385
0.151738
0.1893
0.154988
0.0622928
0.00258729
0.001
0.00258861
0.00936497
0.0125761
0.01068
0.0247863
0.163039
0.593628
1
1
1
0.979251
1
1
0.998054
0.426957
0.0927272
0.00717992
0.001
0.001
0.001
0.001
0.00717992
0.0927272
0.426957
0.998054
1
1
0.979251
1
1
1
0.593628
0.163039
0.0247863
0.01068
0.0125761
0.00936497
0.00258861
0.001
0.001
0.00160135
0.00351713
0.0029777
0.001
0.00128166
0.0506493
0.2845
0.800282
1
1
1
1
1
1
0.486046
0.165812
0.040899
0.001
0.001
0.001
0.001
0.040899
0.165812
0.486046
1
1
1
1
1
1
0.800282
0.2845
0.0506493
0.00128166
0.001
0.0029777
0.00351713
0.00160135
0.001
0.00488452
0.0681422
0.15126
0.148997
0.0695359
0.0167564
0.010935
0.108999
0.470765
1
1
1
1
1
1
0.678378
0.322694
0.0942817
0.001
0.001
0.001
0.001
0.0942817
0.322694
0.678378
1
1
1
1
1
1
0.470765
0.108999
0.010935
0.0167564
0.0695359
0.148997
0.15126
0.0681422
0.00488452
0.0171429
0.170249
0.397312
0.417783
0.258428
0.117077
0.0375515
0.0498772
0.299907
0.865549
1
1
1
1
1
0.863525
0.398464
0.1113
0.001
0.001
0.001
0.001
0.1113
0.398464
0.863525
1
1
1
1
1
0.865549
0.299907
0.0498772
0.0375515
0.117077
0.258428
0.417783
0.397312
0.170249
0.0171429
0.0220627
0.199056
0.464688
0.561125
0.470254
0.338542
0.22718
0.202748
0.344413
0.720852
1
1
1
1
1
1
0.394216
0.0844384
0.001
0.001
0.001
0.001
0.0844384
0.394216
1
1
1
1
1
1
0.720852
0.344413
0.202748
0.22718
0.338542
0.470254
0.561125
0.464688
0.199056
0.0220627
0.0130788
0.145674
0.367713
0.514186
0.571091
0.617619
0.589353
0.566675
0.595902
0.775755
1
1
1
1
1
1
0.40069
0.0556125
0.001
0.001
0.001
0.001
0.0556125
0.40069
1
1
1
1
1
1
0.775755
0.595902
0.566675
0.589353
0.617619
0.571091
0.514186
0.367713
0.145674
0.0130788
0.00427323
0.114668
0.310948
0.449214
0.560864
0.674587
0.750671
0.8
0.8
0.898616
1
1
1
1
1
1
0.410729
0.0388621
0.001
0.001
0.001
0.001
0.0388621
0.410729
1
1
1
1
1
1
0.898616
0.8
0.8
0.750671
0.674587
0.560864
0.449214
0.310948
0.114668
0.00427323
