337.471
296.997
296.482
293
293
293
293
293
296.482
296.997
337.471
341.578
299.109
297.812
295.765
294.968
294.668
294.968
295.765
297.812
299.109
341.578
364.123
332.322
300.418
296.972
296.686
296.946
296.686
296.972
300.418
332.322
364.123
400.454
388.318
374.189
373.919
378.866
381.577
378.866
373.919
374.189
388.318
400.454
450.438
446.173
442.533
447.023
454.471
457.918
454.471
447.023
442.533
446.173
450.438
492.691
491.082
490.434
494.455
500.202
502.859
500.202
494.455
490.434
491.082
492.691
450.438
446.173
442.533
447.023
454.471
457.918
454.471
447.023
442.533
446.173
450.438
400.454
388.318
374.189
373.919
378.866
381.577
378.866
373.919
374.189
388.318
400.454
364.123
332.322
300.418
296.972
296.686
296.946
296.686
296.972
300.418
332.322
364.123
341.578
299.109
297.812
295.765
294.968
294.668
294.968
295.765
297.812
299.109
341.578
337.471
296.997
296.482
293
293
293
293
293
296.482
296.997
337.471
