-433.39
-431.199
-428.928
-428.842
-462.787
-833.106
-728.749
-433.261
-432.41
-430.202
-430.202
-432.41
-433.261
-728.749
-833.106
-462.787
-428.842
-428.928
-431.199
-433.39
-434.114
-431.476
-428.287
-426.644
-431.078
-636.528
-547.965
-431.135
-429.006
-422.564
-422.564
-429.006
-431.135
-547.965
-636.528
-431.078
-426.644
-428.287
-431.476
-434.114
-435.574
-431.7
-425.974
-422.001
-424.73
-467.497
-427.562
-424.408
-420.321
-410.984
-410.984
-420.321
-424.408
-427.562
-467.497
-424.73
-422.001
-425.974
-431.7
-435.574
-436.933
-432.876
-425.617
-419.651
-419.001
-420.368
-421.068
-420.222
-419.574
-419.254
-419.254
-419.574
-420.222
-421.068
-420.368
-419.001
-419.651
-425.617
-432.876
-436.933
-439.145
-437.582
-431.604
-424.4
-419.858
-419.325
-421.991
-425.749
-429.763
-433.021
-433.021
-429.763
-425.749
-421.991
-419.325
-419.858
-424.4
-431.604
-437.582
-439.145
-442.012
-443.531
-440.685
-434.709
-428.987
-427.974
-431.815
-436.222
-439.163
-440.148
-440.148
-439.163
-436.222
-431.815
-427.974
-428.987
-434.709
-440.685
-443.531
-442.012
-442.291
-445.838
-446.562
-444.131
-440.323
-439.436
-441.76
-443.338
-443.133
-441.103
-441.103
-443.133
-443.338
-441.76
-439.436
-440.323
-444.131
-446.562
-445.838
-442.291
-439.856
-443.3
-445.759
-446.129
-444.612
-443.919
-444.265
-443.275
-441.363
-438.721
-438.721
-441.363
-443.275
-444.265
-443.919
-444.612
-446.129
-445.759
-443.3
-439.856
-437.337
-439.431
-441.285
-441.525
-440.44
-440.355
-440.818
-439.815
-438.065
-436.378
-436.378
-438.065
-439.815
-440.818
-440.355
-440.44
-441.525
-441.285
-439.431
-437.337
-435.449
-436.458
-436.868
-435.708
-433.548
-434.508
-436.555
-436.619
-435.744
-434.63
-434.63
-435.744
-436.619
-436.555
-434.508
-433.548
-435.708
-436.868
-436.458
-435.449
-435.449
-436.458
-436.868
-435.708
-433.548
-434.508
-436.555
-436.619
-435.744
-434.63
-434.63
-435.744
-436.619
-436.555
-434.508
-433.548
-435.708
-436.868
-436.458
-435.449
-437.337
-439.431
-441.285
-441.525
-440.44
-440.355
-440.818
-439.815
-438.065
-436.378
-436.378
-438.065
-439.815
-440.818
-440.355
-440.44
-441.525
-441.285
-439.431
-437.337
-439.856
-443.3
-445.759
-446.129
-444.612
-443.919
-444.265
-443.275
-441.363
-438.721
-438.721
-441.363
-443.275
-444.265
-443.919
-444.612
-446.129
-445.759
-443.3
-439.856
-442.291
-445.838
-446.562
-444.131
-440.323
-439.436
-441.76
-443.338
-443.133
-441.103
-441.103
-443.133
-443.338
-441.76
-439.436
-440.323
-444.131
-446.562
-445.838
-442.291
-442.012
-443.531
-440.685
-434.709
-428.987
-427.974
-431.815
-436.222
-439.163
-440.148
-440.148
-439.163
-436.222
-431.815
-427.974
-428.987
-434.709
-440.685
-443.531
-442.012
-439.145
-437.582
-431.604
-424.4
-419.858
-419.325
-421.991
-425.749
-429.763
-433.021
-433.021
-429.763
-425.749
-421.991
-419.325
-419.858
-424.4
-431.604
-437.582
-439.145
-436.933
-432.876
-425.617
-419.651
-419.001
-420.368
-421.068
-420.222
-419.574
-419.254
-419.254
-419.574
-420.222
-421.068
-420.368
-419.001
-419.651
-425.617
-432.876
-436.933
-435.574
-431.7
-425.974
-422.001
-424.73
-467.497
-427.562
-424.408
-420.321
-410.984
-410.984
-420.321
-424.408
-427.562
-467.497
-424.73
-422.001
-425.974
-431.7
-435.574
-434.114
-431.476
-428.287
-426.644
-431.078
-636.528
-547.965
-431.135
-429.006
-422.564
-422.564
-429.006
-431.135
-547.965
-636.528
-431.078
-426.644
-428.287
-431.476
-434.114
-433.39
-431.199
-428.928
-428.842
-462.787
-833.106
-728.749
-433.261
-432.41
-430.202
-430.202
-432.41
-433.261
-728.749
-833.106
-462.787
-428.842
-428.928
-431.199
-433.39
