-460.336
-443.002
-421.574
-411.197
-455.804
-823.394
-726.781
-446.374
-441.297
-431.578
-431.578
-441.297
-446.374
-726.781
-823.394
-455.804
-411.197
-421.574
-443.002
-460.336
-458.627
-441.847
-416.207
-397.082
-426.253
-617.777
-539.946
-428.265
-422.195
-416.429
-416.429
-422.195
-428.265
-539.946
-617.777
-426.253
-397.082
-416.207
-441.847
-458.627
-452.77
-438.997
-407.604
-380.262
-388.154
-434.168
-401.945
-390.229
-392.66
-410.158
-410.158
-392.66
-390.229
-401.945
-434.168
-388.154
-380.262
-407.604
-438.997
-452.77
-454.571
-449.969
-420.267
-386.956
-375.069
-376.476
-379.385
-381.903
-397.773
-426.2
-426.2
-397.773
-381.903
-379.385
-376.476
-375.069
-386.956
-420.267
-449.969
-454.571
-472.537
-482.653
-463.838
-429.269
-402.074
-395.335
-406.279
-423.14
-440.088
-448.363
-448.363
-440.088
-423.14
-406.279
-395.335
-402.074
-429.269
-463.838
-482.653
-472.537
-489.644
-512.349
-511.343
-488.871
-461.74
-455.368
-470.182
-482.842
-481.57
-450.5
-450.5
-481.57
-482.842
-470.182
-455.368
-461.74
-488.871
-511.343
-512.349
-489.644
-488.341
-515.708
-531.279
-529.549
-516.246
-513.095
-519.651
-515.007
-492.778
-430.3
-430.3
-492.778
-515.007
-519.651
-513.095
-516.246
-529.549
-531.279
-515.708
-488.341
-476.506
-498.038
-515.914
-523.015
-518.618
-518.063
-519.392
-509.122
-484.989
-420.954
-420.954
-484.989
-509.122
-519.392
-518.063
-518.618
-523.015
-515.914
-498.038
-476.506
-466.423
-480.159
-489.502
-488.657
-481.398
-485.457
-493.714
-493.406
-480.251
-428.167
-428.167
-480.251
-493.406
-493.714
-485.457
-481.398
-488.657
-489.502
-480.159
-466.423
-460.411
-468.332
-469.059
-456.981
-442.565
-452.726
-473.7
-485.614
-484.223
-455.094
-455.094
-484.223
-485.614
-473.7
-452.726
-442.565
-456.981
-469.059
-468.332
-460.411
-460.411
-468.332
-469.059
-456.981
-442.565
-452.726
-473.7
-485.614
-484.223
-455.094
-455.094
-484.223
-485.614
-473.7
-452.726
-442.565
-456.981
-469.059
-468.332
-460.411
-466.423
-480.159
-489.502
-488.657
-481.398
-485.457
-493.714
-493.406
-480.251
-428.167
-428.167
-480.251
-493.406
-493.714
-485.457
-481.398
-488.657
-489.502
-480.159
-466.423
-476.506
-498.038
-515.914
-523.015
-518.618
-518.063
-519.392
-509.122
-484.989
-420.954
-420.954
-484.989
-509.122
-519.392
-518.063
-518.618
-523.015
-515.914
-498.038
-476.506
-488.341
-515.708
-531.279
-529.549
-516.246
-513.095
-519.651
-515.007
-492.778
-430.3
-430.3
-492.778
-515.007
-519.651
-513.095
-516.246
-529.549
-531.279
-515.708
-488.341
-489.644
-512.349
-511.343
-488.871
-461.74
-455.368
-470.182
-482.842
-481.57
-450.5
-450.5
-481.57
-482.842
-470.182
-455.368
-461.74
-488.871
-511.343
-512.349
-489.644
-472.537
-482.653
-463.838
-429.269
-402.074
-395.335
-406.279
-423.14
-440.088
-448.363
-448.363
-440.088
-423.14
-406.279
-395.335
-402.074
-429.269
-463.838
-482.653
-472.537
-454.571
-449.969
-420.267
-386.956
-375.069
-376.476
-379.385
-381.903
-397.773
-426.2
-426.2
-397.773
-381.903
-379.385
-376.476
-375.069
-386.956
-420.267
-449.969
-454.571
-452.77
-438.997
-407.604
-380.262
-388.154
-434.168
-401.945
-390.229
-392.66
-410.158
-410.158
-392.66
-390.229
-401.945
-434.168
-388.154
-380.262
-407.604
-438.997
-452.77
-458.627
-441.847
-416.207
-397.082
-426.253
-617.777
-539.946
-428.265
-422.195
-416.429
-416.429
-422.195
-428.265
-539.946
-617.777
-426.253
-397.082
-416.207
-441.847
-458.627
-460.336
-443.002
-421.574
-411.197
-455.804
-823.394
-726.781
-446.374
-441.297
-431.578
-431.578
-441.297
-446.374
-726.781
-823.394
-455.804
-411.197
-421.574
-443.002
-460.336
