324.384
323.033
318.925
313.044
309.719
307.473
305.358
303.3
301.392
299.854
298.853
298.25
297.813
297.451
297.006
296.475
295.822
294.844
293
293
293
293
293
293
293
293
293
293
293
293
293
293
293
293
293
293
293
293
293
293
293
293
293
294.844
295.822
296.475
297.006
297.451
297.813
298.25
298.853
299.854
301.392
303.3
305.358
307.473
309.719
313.044
318.925
323.033
324.384
324.347
323.025
319.035
313.196
309.657
307.325
305.171
303.109
301.28
299.907
299.019
298.415
297.929
297.513
297.044
296.531
295.98
295.272
294.429
294.098
293.943
293.856
293.8
293.759
293.728
293.75
294.628
297.608
299.365
300.316
300.619
300.316
299.365
297.608
294.628
293.75
293.728
293.759
293.8
293.856
293.943
294.098
294.429
295.272
295.98
296.531
297.044
297.513
297.929
298.415
299.019
299.907
301.28
303.109
305.171
307.325
309.657
313.196
319.035
323.025
324.347
324.176
322.91
319.145
313.435
309.415
306.878
304.652
302.674
301.145
300.099
299.35
298.732
298.173
297.656
297.125
296.63
296.287
295.827
295.338
295.013
294.808
294.673
294.577
294.501
294.431
294.469
295.858
300.665
303.757
305.502
306.068
305.502
303.757
300.665
295.858
294.469
294.431
294.501
294.577
294.673
294.808
295.013
295.338
295.827
296.287
296.63
297.125
297.656
298.173
298.732
299.35
300.099
301.145
302.674
304.652
306.878
309.415
313.435
319.145
322.91
324.176
323.76
322.516
318.854
313.214
308.84
306.188
304.06
302.428
301.29
300.446
299.733
299.076
298.435
297.8
297.224
296.868
296.702
296.403
296.073
295.799
295.594
295.442
295.325
295.228
295.136
295.209
296.883
302.675
306.719
309.089
309.87
309.089
306.719
302.675
296.883
295.209
295.136
295.228
295.325
295.442
295.594
295.799
296.073
296.403
296.702
296.868
297.224
297.8
298.435
299.076
299.733
300.446
301.29
302.428
304.06
306.188
308.84
313.214
318.854
322.516
323.76
323.055
321.762
317.964
312.206
308.006
305.619
303.893
302.664
301.725
300.916
300.159
299.411
298.672
297.942
297.503
297.385
297.24
297.003
296.743
296.509
296.318
296.166
296.044
295.942
295.853
296.008
297.74
303.74
308.576
311.488
312.457
311.488
308.576
303.74
297.74
296.008
295.853
295.942
296.044
296.166
296.318
296.509
296.743
297.003
297.24
297.385
297.503
297.942
298.672
299.411
300.159
300.916
301.725
302.664
303.893
305.619
308.006
312.206
317.964
321.762
323.055
322.16
320.734
316.535
310.754
307.426
305.613
304.286
303.235
302.313
301.442
300.61
299.918
299.323
298.475
298.194
298.1
297.862
297.617
297.378
297.167
296.994
296.854
296.735
296.633
296.582
296.894
298.637
303.907
309.586
313.051
314.203
313.051
309.586
303.907
298.637
296.894
296.582
296.633
296.735
296.854
296.994
297.167
297.378
297.617
297.862
298.1
298.194
298.475
299.323
299.918
300.61
301.442
302.313
303.235
304.286
305.613
307.426
310.754
316.535
320.734
322.16
321.337
319.705
314.855
309.725
307.541
306.162
305.008
303.965
302.988
302.216
302.159
302.08
300.913
299.265
298.975
298.769
298.483
298.216
297.976
297.78
297.63
297.509
297.401
297.288
297.295
297.839
299.647
303.713
310.118
314.148
315.478
314.148
310.118
303.713
299.647
297.839
297.295
297.288
297.401
297.509
297.63
297.78
297.976
298.216
298.483
298.769
298.975
299.265
300.913
302.08
302.159
302.216
302.988
303.965
305.008
306.162
307.541
309.725
314.855
319.705
321.337
320.999
319.149
313.622
309.754
308.258
307.035
305.903
304.883
304.502
305.034
305.137
303.936
301.429
299.919
299.719
299.39
299.075
298.781
298.523
298.336
298.228
298.145
298.063
297.967
298.031
298.825
300.714
303.971
310.688
315.168
316.635
315.168
310.688
303.971
300.714
298.825
298.031
297.967
298.063
298.145
298.228
298.336
298.523
298.781
299.075
299.39
299.719
299.919
301.429
303.936
305.137
305.034
304.502
304.883
305.903
307.035
308.258
309.754
313.622
319.149
320.999
321.586
319.632
313.762
310.701
309.316
308.116
307.199
307.371
308.123
308.18
306.952
304.372
301.263
300.617
300.344
299.987
299.639
299.301
298.99
298.804
298.793
298.771
298.73
298.67
298.787
299.837
301.873
305.001
311.758
316.423
317.947
316.423
311.758
305.001
301.873
299.837
298.787
298.67
298.73
298.771
298.793
298.804
298.99
299.301
299.639
299.987
300.344
300.617
301.263
304.372
306.952
308.18
308.123
307.371
307.199
308.116
309.316
310.701
313.762
319.632
321.586
323.302
321.537
316.248
312.547
310.799
310.079
310.61
311.319
311.169
309.892
307.344
303.64
301.598
301.344
300.95
300.568
300.184
299.784
299.382
299.272
299.361
299.405
299.41
299.385
299.553
300.89
303.215
306.82
313.516
318.044
319.531
318.044
313.516
306.82
303.215
300.89
299.553
299.385
299.41
299.405
299.361
299.272
299.382
299.784
300.184
300.568
300.95
301.344
301.598
303.64
307.344
309.892
311.169
311.319
310.61
310.079
310.799
312.547
316.248
321.537
323.302
325.77
324.447
320.598
316.749
314.909
314.616
314.535
313.965
312.577
310.097
306.302
302.854
302.249
301.922
301.536
301.142
300.735
300.335
299.772
299.86
299.987
300.07
300.11
300.119
300.349
302.013
304.832
309.353
315.772
319.929
321.314
319.929
315.772
309.353
304.832
302.013
300.349
300.119
300.11
300.07
299.987
299.86
299.772
300.335
300.735
301.142
301.536
301.922
302.249
302.854
306.302
310.097
312.577
313.965
314.535
314.616
314.909
316.749
320.598
324.447
325.77
328.108
327.157
324.6
321.608
319.278
317.681
316.308
314.652
312.298
308.869
304.829
303.217
302.932
302.522
302.122
301.722
301.342
300.94
300.36
300.589
300.67
300.768
300.833
300.873
301.171
303.148
306.616
312.069
318.034
321.811
323.087
321.811
318.034
312.069
306.616
303.148
301.171
300.873
300.833
300.768
300.67
300.589
300.36
300.94
301.342
301.722
302.122
302.522
302.932
303.217
304.829
308.869
312.298
314.652
316.308
317.681
319.278
321.608
324.6
327.157
328.108
329.569
328.695
326.307
323.145
320.181
317.749
315.584
313.26
310.351
306.828
304.337
303.871
303.501
303.105
302.699
302.282
302.049
302.3
301.813
301.375
301.384
301.49
301.571
301.636
301.987
304.106
308.021
314.133
319.837
323.418
324.632
323.418
319.837
314.133
308.021
304.106
301.987
301.636
301.571
301.49
301.384
301.375
301.813
302.3
302.049
302.282
302.699
303.105
303.501
303.871
304.337
306.828
310.351
313.26
315.584
317.749
320.181
323.145
326.307
328.695
329.569
330
328.969
326.012
321.724
317.853
314.912
312.491
310.213
307.872
305.755
304.836
304.487
304.087
303.688
303.279
303.007
303.658
304.745
303.636
302.155
302.114
302.227
302.318
302.397
302.774
304.822
308.705
315.176
321.011
324.614
325.828
324.614
321.011
315.176
308.705
304.822
302.774
302.397
302.318
302.227
302.114
302.155
303.636
304.745
303.658
303.007
303.279
303.688
304.087
304.487
304.836
305.755
307.872
310.213
312.491
314.912
317.853
321.724
326.012
328.969
330
329.715
328.392
324.384
318.794
315.184
312.863
310.82
308.942
307.195
305.936
305.44
305.05
304.662
304.274
303.95
304.299
306.416
307.408
305.621
302.979
302.873
302.979
303.067
303.151
303.525
305.419
308.946
315.425
321.653
325.419
326.676
325.419
321.653
315.425
308.946
305.419
303.525
303.151
303.067
302.979
302.873
302.979
305.621
307.408
306.416
304.299
303.95
304.274
304.662
305.05
305.44
305.936
307.195
308.942
310.82
312.863
315.184
318.794
324.384
328.392
329.715
329.299
327.729
322.842
316.841
314.126
312.143
310.288
308.603
307.174
306.326
305.976
305.601
305.229
304.884
304.916
307.186
309.844
310.083
307.729
303.913
303.67
303.738
303.813
303.895
304.237
305.983
309.198
315.389
322.009
325.955
327.262
325.955
322.009
315.389
309.198
305.983
304.237
303.895
303.813
303.738
303.67
303.913
307.729
310.083
309.844
307.186
304.916
304.884
305.229
305.601
305.976
306.326
307.174
308.603
310.288
312.143
314.126
316.841
322.842
327.729
329.299
329.245
327.623
322.601
316.555
313.849
311.861
310.042
308.433
307.307
306.805
306.491
306.142
305.773
305.651
307.446
311.087
313.013
312.572
309.725
304.951
304.468
304.483
304.544
304.627
304.915
306.516
309.646
315.56
322.323
326.352
327.683
326.352
322.323
315.56
309.646
306.516
304.915
304.627
304.544
304.483
304.468
304.951
309.725
312.572
313.013
311.087
307.446
305.651
305.773
306.142
306.491
306.805
307.307
308.433
310.042
311.861
313.849
316.555
322.601
327.623
329.245
329.656
328.159
323.624
317.519
314.157
311.913
309.937
308.362
307.6
307.336
307.031
306.695
306.488
307.353
311.189
314.591
315.773
314.691
311.337
305.926
305.198
305.174
305.242
305.336
305.569
306.994
310.221
316.08
322.69
326.669
327.989
326.669
322.69
316.08
310.221
306.994
305.569
305.336
305.242
305.174
305.198
305.926
311.337
314.691
315.773
314.591
311.189
307.353
306.488
306.695
307.031
307.336
307.6
308.362
309.937
311.913
314.157
317.519
323.624
328.159
329.656
330.283
328.964
325.061
319.268
314.984
312.207
309.908
308.537
308.094
307.877
307.593
307.337
307.487
310.473
314.946
317.552
318.019
316.305
312.424
306.723
305.896
305.836
305.908
306.008
306.213
307.413
310.729
316.676
323.006
326.867
328.158
326.867
323.006
316.676
310.729
307.413
306.213
306.008
305.908
305.836
305.896
306.723
312.424
316.305
318.019
317.552
314.946
310.473
307.487
307.337
307.593
307.877
308.094
308.537
309.908
312.207
314.984
319.268
325.061
328.964
330.283
330.771
329.578
326.089
320.724
315.791
312.434
310.006
309.014
308.693
308.439
308.18
308.114
309.256
314.008
317.949
319.873
319.67
317.307
312.832
307.386
306.62
306.501
306.535
306.639
306.864
307.816
310.95
316.944
323.08
326.859
328.129
326.859
323.08
316.944
310.95
307.816
306.864
306.639
306.535
306.501
306.62
307.386
312.832
317.307
319.67
319.873
317.949
314.008
309.256
308.114
308.18
308.439
308.693
309.014
310.006
312.434
315.791
320.724
326.089
329.578
330.771
330.867
329.709
326.319
321.013
315.8
312.324
310.318
309.629
309.28
309.001
308.859
309.073
311.479
316.734
320.195
321.544
320.701
317.649
312.479
308.068
307.394
307.144
307.086
307.238
307.562
308.33
310.881
316.649
322.786
326.583
327.861
326.583
322.786
316.649
310.881
308.33
307.562
307.238
307.086
307.144
307.394
308.068
312.479
317.649
320.701
321.544
320.195
316.734
311.479
309.073
308.859
309.001
309.28
309.629
310.318
312.324
315.8
321.013
326.319
329.709
330.867
330.5
329.295
325.743
320.159
315.16
312.301
310.941
310.312
309.891
309.682
309.769
310.311
313.414
318.638
321.774
322.631
321.163
317.38
311.802
308.954
308.299
307.871
307.701
307.916
308.383
309.088
310.866
315.847
322.123
326.049
327.371
326.049
322.123
315.847
310.866
309.088
308.383
307.916
307.701
307.871
308.299
308.954
311.802
317.38
321.163
322.631
321.774
318.638
313.414
310.311
309.769
309.682
309.891
310.312
310.941
312.301
315.16
320.159
325.743
329.295
330.5
329.764
328.451
324.563
318.762
314.722
312.799
311.78
311.074
310.62
310.602
311.003
311.787
314.751
319.941
322.852
323.267
321.162
316.589
311.638
310.068
309.338
308.738
308.429
308.718
309.333
310.089
311.305
314.914
321.181
325.343
326.745
325.343
321.181
314.914
311.305
310.089
309.333
308.718
308.429
308.738
309.338
310.068
311.638
316.589
321.162
323.267
322.852
319.941
314.751
311.787
311.003
310.602
310.62
311.074
311.78
312.799
314.722
318.762
324.563
328.451
329.764
328.876
327.406
323.043
317.691
315.058
313.724
312.747
311.951
311.55
311.833
312.512
313.417
315.786
320.888
323.651
323.643
320.87
315.704
312.384
311.318
310.499
309.797
309.368
309.716
310.428
311.261
312.279
314.47
320.078
324.618
326.147
324.618
320.078
314.47
312.279
311.261
310.428
309.716
309.368
309.797
310.499
311.318
312.384
315.704
320.87
323.643
323.651
320.888
315.786
313.417
312.512
311.833
311.55
311.951
312.747
313.724
315.058
317.691
323.043
327.406
328.876
328.151
326.492
321.637
317.627
316.021
314.865
313.868
313.073
312.854
313.386
314.185
315.155
316.937
321.762
324.444
324.005
320.458
315.504
313.66
312.66
311.829
311.191
310.821
311.112
311.746
312.571
313.566
314.95
319.12
324.136
325.83
324.136
319.12
314.95
313.566
312.571
311.746
311.112
310.821
311.191
311.829
312.66
313.66
315.504
320.458
324.005
324.444
321.762
316.937
315.155
314.185
313.386
312.854
313.073
313.868
314.865
316.021
317.627
321.637
326.492
328.151
327.965
326.119
321.018
318.479
317.246
316.166
315.292
314.752
314.753
315.244
315.971
316.947
318.471
322.951
325.579
324.704
320.306
316.406
315.101
314.122
313.445
313.171
313.168
313.222
313.443
314.051
314.978
316.127
318.888
324.271
326.124
324.271
318.888
316.127
314.978
314.051
313.443
313.222
313.168
313.171
313.445
314.122
315.101
316.406
320.306
324.704
325.579
322.951
318.471
316.947
315.971
315.244
314.753
314.752
315.292
316.166
317.246
318.479
321.018
326.119
327.965
328.693
326.756
321.759
319.802
318.632
317.731
317.32
317.356
317.397
317.446
317.884
318.845
320.652
325.028
327.44
326.195
321.177
317.943
316.63
315.775
315.556
316.139
316.74
316.441
315.786
315.801
316.516
317.681
320.046
325.454
327.348
325.454
320.046
317.681
316.516
315.801
315.786
316.441
316.74
316.139
315.556
315.775
316.63
317.943
321.177
326.195
327.44
325.028
320.652
318.845
317.884
317.446
317.397
317.356
317.32
317.731
318.632
319.802
321.759
326.756
328.693
330.522
328.772
324.218
321.61
320.416
320.269
321.157
322.066
322.016
321.208
320.742
321.592
324.401
328.415
330.187
328.817
324.155
320.233
318.527
318.167
319.258
321.059
322.097
321.59
319.951
318.566
318.539
319.886
323.174
327.933
329.583
327.933
323.174
319.886
318.539
318.566
319.951
321.59
322.097
321.059
319.258
318.167
318.527
320.233
324.155
328.817
330.187
328.415
324.401
321.592
320.742
321.208
322.016
322.066
321.157
320.269
320.416
321.61
324.218
328.772
330.522
333.077
331.874
328.564
325.714
324.936
325.771
327.022
327.84
327.975
327.564
327.196
327.886
330.059
332.45
333.301
332.109
328.821
325.191
323.348
323.769
325.254
326.658
327.326
327.041
325.923
324.481
323.744
324.927
328.028
331.219
332.34
331.219
328.028
324.927
323.744
324.481
325.923
327.041
327.326
326.658
325.254
323.769
323.348
325.191
328.821
332.109
333.301
332.45
330.059
327.886
327.196
327.564
327.975
327.84
327.022
325.771
324.936
325.714
328.564
331.874
333.077
335.262
334.551
332.762
331.057
330.318
330.517
331.118
331.643
331.885
331.925
332.094
332.806
334.102
335.343
335.68
334.746
332.706
330.475
329.121
328.988
329.615
330.359
330.753
330.612
330.034
329.398
329.297
330.24
332.081
333.868
334.562
333.868
332.081
330.24
329.297
329.398
330.034
330.612
330.753
330.359
329.615
328.988
329.121
330.475
332.706
334.746
335.68
335.343
334.102
332.806
332.094
331.925
331.885
331.643
331.118
330.517
330.318
331.057
332.762
334.551
335.262
336.091
335.531
334.153
332.779
332.074
332.1
332.516
332.95
333.22
333.382
333.681
334.375
335.43
336.361
336.552
335.711
334.02
332.181
330.976
330.704
331.085
331.63
331.939
331.842
331.428
331.021
331.084
331.943
333.429
334.834
335.392
334.834
333.429
331.943
331.084
331.021
331.428
331.842
331.939
331.63
331.085
330.704
330.976
332.181
334.02
335.711
336.552
336.361
335.43
334.375
333.681
333.382
333.22
332.95
332.516
332.1
332.074
332.779
334.153
335.531
336.091
335.262
334.551
332.762
331.057
330.318
330.517
331.118
331.643
331.885
331.925
332.094
332.806
334.102
335.343
335.68
334.746
332.706
330.475
329.121
328.988
329.615
330.359
330.753
330.612
330.034
329.398
329.297
330.24
332.081
333.868
334.562
333.868
332.081
330.24
329.297
329.398
330.034
330.612
330.753
330.359
329.615
328.988
329.121
330.475
332.706
334.746
335.68
335.343
334.102
332.806
332.094
331.925
331.885
331.643
331.118
330.517
330.318
331.057
332.762
334.551
335.262
333.077
331.874
328.564
325.714
324.936
325.771
327.022
327.84
327.975
327.564
327.196
327.886
330.059
332.45
333.301
332.109
328.821
325.191
323.348
323.769
325.254
326.658
327.326
327.041
325.923
324.481
323.744
324.927
328.028
331.219
332.34
331.219
328.028
324.927
323.744
324.481
325.923
327.041
327.326
326.658
325.254
323.769
323.348
325.191
328.821
332.109
333.301
332.45
330.059
327.886
327.196
327.564
327.975
327.84
327.022
325.771
324.936
325.714
328.564
331.874
333.077
330.522
328.772
324.218
321.61
320.416
320.269
321.157
322.066
322.016
321.208
320.742
321.592
324.401
328.415
330.187
328.817
324.155
320.233
318.527
318.167
319.258
321.059
322.097
321.59
319.951
318.566
318.539
319.886
323.174
327.933
329.583
327.933
323.174
319.886
318.539
318.566
319.951
321.59
322.097
321.059
319.258
318.167
318.527
320.233
324.155
328.817
330.187
328.415
324.401
321.592
320.742
321.208
322.016
322.066
321.157
320.269
320.416
321.61
324.218
328.772
330.522
328.693
326.756
321.759
319.802
318.632
317.731
317.32
317.356
317.397
317.446
317.884
318.845
320.652
325.028
327.44
326.195
321.177
317.943
316.63
315.775
315.556
316.139
316.74
316.441
315.786
315.801
316.516
317.681
320.046
325.454
327.348
325.454
320.046
317.681
316.516
315.801
315.786
316.441
316.74
316.139
315.556
315.775
316.63
317.943
321.177
326.195
327.44
325.028
320.652
318.845
317.884
317.446
317.397
317.356
317.32
317.731
318.632
319.802
321.759
326.756
328.693
327.965
326.119
321.018
318.479
317.246
316.166
315.292
314.752
314.753
315.244
315.971
316.947
318.471
322.951
325.579
324.704
320.306
316.406
315.101
314.122
313.445
313.171
313.168
313.222
313.443
314.051
314.978
316.127
318.888
324.271
326.124
324.271
318.888
316.127
314.978
314.051
313.443
313.222
313.168
313.171
313.445
314.122
315.101
316.406
320.306
324.704
325.579
322.951
318.471
316.947
315.971
315.244
314.753
314.752
315.292
316.166
317.246
318.479
321.018
326.119
327.965
328.151
326.492
321.637
317.627
316.021
314.865
313.868
313.073
312.854
313.386
314.185
315.155
316.937
321.762
324.444
324.005
320.458
315.504
313.66
312.66
311.829
311.191
310.821
311.112
311.746
312.571
313.566
314.95
319.12
324.136
325.83
324.136
319.12
314.95
313.566
312.571
311.746
311.112
310.821
311.191
311.829
312.66
313.66
315.504
320.458
324.005
324.444
321.762
316.937
315.155
314.185
313.386
312.854
313.073
313.868
314.865
316.021
317.627
321.637
326.492
328.151
328.876
327.406
323.043
317.691
315.058
313.724
312.747
311.951
311.55
311.833
312.512
313.417
315.786
320.888
323.651
323.643
320.87
315.704
312.384
311.318
310.499
309.797
309.368
309.716
310.428
311.261
312.279
314.47
320.078
324.618
326.147
324.618
320.078
314.47
312.279
311.261
310.428
309.716
309.368
309.797
310.499
311.318
312.384
315.704
320.87
323.643
323.651
320.888
315.786
313.417
312.512
311.833
311.55
311.951
312.747
313.724
315.058
317.691
323.043
327.406
328.876
329.764
328.451
324.563
318.762
314.722
312.799
311.78
311.074
310.62
310.602
311.003
311.787
314.751
319.941
322.852
323.267
321.162
316.589
311.638
310.068
309.338
308.738
308.429
308.718
309.333
310.089
311.305
314.914
321.181
325.343
326.745
325.343
321.181
314.914
311.305
310.089
309.333
308.718
308.429
308.738
309.338
310.068
311.638
316.589
321.162
323.267
322.852
319.941
314.751
311.787
311.003
310.602
310.62
311.074
311.78
312.799
314.722
318.762
324.563
328.451
329.764
330.5
329.295
325.743
320.159
315.16
312.301
310.941
310.312
309.891
309.682
309.769
310.311
313.414
318.638
321.774
322.631
321.163
317.38
311.802
308.954
308.299
307.871
307.701
307.916
308.383
309.088
310.866
315.847
322.123
326.049
327.371
326.049
322.123
315.847
310.866
309.088
308.383
307.916
307.701
307.871
308.299
308.954
311.802
317.38
321.163
322.631
321.774
318.638
313.414
310.311
309.769
309.682
309.891
310.312
310.941
312.301
315.16
320.159
325.743
329.295
330.5
330.867
329.709
326.319
321.013
315.8
312.324
310.318
309.629
309.28
309.001
308.859
309.073
311.479
316.734
320.195
321.544
320.701
317.649
312.479
308.068
307.394
307.144
307.086
307.238
307.562
308.33
310.881
316.649
322.786
326.583
327.861
326.583
322.786
316.649
310.881
308.33
307.562
307.238
307.086
307.144
307.394
308.068
312.479
317.649
320.701
321.544
320.195
316.734
311.479
309.073
308.859
309.001
309.28
309.629
310.318
312.324
315.8
321.013
326.319
329.709
330.867
330.771
329.578
326.089
320.724
315.791
312.434
310.006
309.014
308.693
308.439
308.18
308.114
309.256
314.008
317.949
319.873
319.67
317.307
312.832
307.386
306.62
306.501
306.535
306.639
306.864
307.816
310.95
316.944
323.08
326.859
328.129
326.859
323.08
316.944
310.95
307.816
306.864
306.639
306.535
306.501
306.62
307.386
312.832
317.307
319.67
319.873
317.949
314.008
309.256
308.114
308.18
308.439
308.693
309.014
310.006
312.434
315.791
320.724
326.089
329.578
330.771
330.283
328.964
325.061
319.268
314.984
312.207
309.908
308.537
308.094
307.877
307.593
307.337
307.487
310.473
314.946
317.552
318.019
316.305
312.424
306.723
305.896
305.836
305.908
306.008
306.213
307.413
310.729
316.676
323.006
326.867
328.158
326.867
323.006
316.676
310.729
307.413
306.213
306.008
305.908
305.836
305.896
306.723
312.424
316.305
318.019
317.552
314.946
310.473
307.487
307.337
307.593
307.877
308.094
308.537
309.908
312.207
314.984
319.268
325.061
328.964
330.283
329.656
328.159
323.624
317.519
314.157
311.913
309.937
308.362
307.6
307.336
307.031
306.695
306.488
307.353
311.189
314.591
315.773
314.691
311.337
305.926
305.198
305.174
305.242
305.336
305.569
306.994
310.221
316.08
322.69
326.669
327.989
326.669
322.69
316.08
310.221
306.994
305.569
305.336
305.242
305.174
305.198
305.926
311.337
314.691
315.773
314.591
311.189
307.353
306.488
306.695
307.031
307.336
307.6
308.362
309.937
311.913
314.157
317.519
323.624
328.159
329.656
329.245
327.623
322.601
316.555
313.849
311.861
310.042
308.433
307.307
306.805
306.491
306.142
305.773
305.651
307.446
311.087
313.013
312.572
309.725
304.951
304.468
304.483
304.544
304.627
304.915
306.516
309.646
315.56
322.323
326.352
327.683
326.352
322.323
315.56
309.646
306.516
304.915
304.627
304.544
304.483
304.468
304.951
309.725
312.572
313.013
311.087
307.446
305.651
305.773
306.142
306.491
306.805
307.307
308.433
310.042
311.861
313.849
316.555
322.601
327.623
329.245
329.299
327.729
322.842
316.841
314.126
312.143
310.288
308.603
307.174
306.326
305.976
305.601
305.229
304.884
304.916
307.186
309.844
310.083
307.729
303.913
303.67
303.738
303.813
303.895
304.237
305.983
309.198
315.389
322.009
325.955
327.262
325.955
322.009
315.389
309.198
305.983
304.237
303.895
303.813
303.738
303.67
303.913
307.729
310.083
309.844
307.186
304.916
304.884
305.229
305.601
305.976
306.326
307.174
308.603
310.288
312.143
314.126
316.841
322.842
327.729
329.299
329.715
328.392
324.384
318.794
315.184
312.863
310.82
308.942
307.195
305.936
305.44
305.05
304.662
304.274
303.95
304.299
306.416
307.408
305.621
302.979
302.873
302.979
303.067
303.151
303.525
305.419
308.946
315.425
321.653
325.419
326.676
325.419
321.653
315.425
308.946
305.419
303.525
303.151
303.067
302.979
302.873
302.979
305.621
307.408
306.416
304.299
303.95
304.274
304.662
305.05
305.44
305.936
307.195
308.942
310.82
312.863
315.184
318.794
324.384
328.392
329.715
330
328.969
326.012
321.724
317.853
314.912
312.491
310.213
307.872
305.755
304.836
304.487
304.087
303.688
303.279
303.007
303.658
304.745
303.636
302.155
302.114
302.227
302.318
302.397
302.774
304.822
308.705
315.176
321.011
324.614
325.828
324.614
321.011
315.176
308.705
304.822
302.774
302.397
302.318
302.227
302.114
302.155
303.636
304.745
303.658
303.007
303.279
303.688
304.087
304.487
304.836
305.755
307.872
310.213
312.491
314.912
317.853
321.724
326.012
328.969
330
329.569
328.695
326.307
323.145
320.181
317.749
315.584
313.26
310.351
306.828
304.337
303.871
303.501
303.105
302.699
302.282
302.049
302.3
301.813
301.375
301.384
301.49
301.571
301.636
301.987
304.106
308.021
314.133
319.837
323.418
324.632
323.418
319.837
314.133
308.021
304.106
301.987
301.636
301.571
301.49
301.384
301.375
301.813
302.3
302.049
302.282
302.699
303.105
303.501
303.871
304.337
306.828
310.351
313.26
315.584
317.749
320.181
323.145
326.307
328.695
329.569
328.108
327.157
324.6
321.608
319.278
317.681
316.308
314.652
312.298
308.869
304.829
303.217
302.932
302.522
302.122
301.722
301.342
300.94
300.36
300.589
300.67
300.768
300.833
300.873
301.171
303.148
306.616
312.069
318.034
321.811
323.087
321.811
318.034
312.069
306.616
303.148
301.171
300.873
300.833
300.768
300.67
300.589
300.36
300.94
301.342
301.722
302.122
302.522
302.932
303.217
304.829
308.869
312.298
314.652
316.308
317.681
319.278
321.608
324.6
327.157
328.108
325.77
324.447
320.598
316.749
314.909
314.616
314.535
313.965
312.577
310.097
306.302
302.854
302.249
301.922
301.536
301.142
300.735
300.335
299.772
299.86
299.987
300.07
300.11
300.119
300.349
302.013
304.832
309.353
315.772
319.929
321.314
319.929
315.772
309.353
304.832
302.013
300.349
300.119
300.11
300.07
299.987
299.86
299.772
300.335
300.735
301.142
301.536
301.922
302.249
302.854
306.302
310.097
312.577
313.965
314.535
314.616
314.909
316.749
320.598
324.447
325.77
323.302
321.537
316.248
312.547
310.799
310.079
310.61
311.319
311.169
309.892
307.344
303.64
301.598
301.344
300.95
300.568
300.184
299.784
299.382
299.272
299.361
299.405
299.41
299.385
299.553
300.89
303.215
306.82
313.516
318.044
319.531
318.044
313.516
306.82
303.215
300.89
299.553
299.385
299.41
299.405
299.361
299.272
299.382
299.784
300.184
300.568
300.95
301.344
301.598
303.64
307.344
309.892
311.169
311.319
310.61
310.079
310.799
312.547
316.248
321.537
323.302
321.586
319.632
313.762
310.701
309.316
308.116
307.199
307.371
308.123
308.18
306.952
304.372
301.263
300.617
300.344
299.987
299.639
299.301
298.99
298.804
298.793
298.771
298.73
298.67
298.787
299.837
301.873
305.001
311.758
316.423
317.947
316.423
311.758
305.001
301.873
299.837
298.787
298.67
298.73
298.771
298.793
298.804
298.99
299.301
299.639
299.987
300.344
300.617
301.263
304.372
306.952
308.18
308.123
307.371
307.199
308.116
309.316
310.701
313.762
319.632
321.586
320.999
319.149
313.622
309.754
308.258
307.035
305.903
304.883
304.502
305.034
305.137
303.936
301.429
299.919
299.719
299.39
299.075
298.781
298.523
298.336
298.228
298.145
298.063
297.967
298.031
298.825
300.714
303.971
310.688
315.168
316.635
315.168
310.688
303.971
300.714
298.825
298.031
297.967
298.063
298.145
298.228
298.336
298.523
298.781
299.075
299.39
299.719
299.919
301.429
303.936
305.137
305.034
304.502
304.883
305.903
307.035
308.258
309.754
313.622
319.149
320.999
321.337
319.705
314.855
309.725
307.541
306.162
305.008
303.965
302.988
302.216
302.159
302.08
300.913
299.265
298.975
298.769
298.483
298.216
297.976
297.78
297.63
297.509
297.401
297.288
297.295
297.839
299.647
303.713
310.118
314.148
315.478
314.148
310.118
303.713
299.647
297.839
297.295
297.288
297.401
297.509
297.63
297.78
297.976
298.216
298.483
298.769
298.975
299.265
300.913
302.08
302.159
302.216
302.988
303.965
305.008
306.162
307.541
309.725
314.855
319.705
321.337
322.16
320.734
316.535
310.754
307.426
305.613
304.286
303.235
302.313
301.442
300.61
299.918
299.323
298.475
298.194
298.1
297.862
297.617
297.378
297.167
296.994
296.854
296.735
296.633
296.582
296.894
298.637
303.907
309.586
313.051
314.203
313.051
309.586
303.907
298.637
296.894
296.582
296.633
296.735
296.854
296.994
297.167
297.378
297.617
297.862
298.1
298.194
298.475
299.323
299.918
300.61
301.442
302.313
303.235
304.286
305.613
307.426
310.754
316.535
320.734
322.16
323.055
321.762
317.964
312.206
308.006
305.619
303.893
302.664
301.725
300.916
300.159
299.411
298.672
297.942
297.503
297.385
297.24
297.003
296.743
296.509
296.318
296.166
296.044
295.942
295.853
296.008
297.74
303.74
308.576
311.488
312.457
311.488
308.576
303.74
297.74
296.008
295.853
295.942
296.044
296.166
296.318
296.509
296.743
297.003
297.24
297.385
297.503
297.942
298.672
299.411
300.159
300.916
301.725
302.664
303.893
305.619
308.006
312.206
317.964
321.762
323.055
323.76
322.516
318.854
313.214
308.84
306.188
304.06
302.428
301.29
300.446
299.733
299.076
298.435
297.8
297.224
296.868
296.702
296.403
296.073
295.799
295.594
295.442
295.325
295.228
295.136
295.209
296.883
302.675
306.719
309.089
309.87
309.089
306.719
302.675
296.883
295.209
295.136
295.228
295.325
295.442
295.594
295.799
296.073
296.403
296.702
296.868
297.224
297.8
298.435
299.076
299.733
300.446
301.29
302.428
304.06
306.188
308.84
313.214
318.854
322.516
323.76
324.176
322.91
319.145
313.435
309.415
306.878
304.652
302.674
301.145
300.099
299.35
298.732
298.173
297.656
297.125
296.63
296.287
295.827
295.338
295.013
294.808
294.673
294.577
294.501
294.431
294.469
295.858
300.665
303.757
305.502
306.068
305.502
303.757
300.665
295.858
294.469
294.431
294.501
294.577
294.673
294.808
295.013
295.338
295.827
296.287
296.63
297.125
297.656
298.173
298.732
299.35
300.099
301.145
302.674
304.652
306.878
309.415
313.435
319.145
322.91
324.176
324.347
323.025
319.035
313.196
309.657
307.325
305.171
303.109
301.28
299.907
299.019
298.415
297.929
297.513
297.044
296.531
295.98
295.272
294.429
294.098
293.943
293.856
293.8
293.759
293.728
293.75
294.628
297.608
299.365
300.316
300.619
300.316
299.365
297.608
294.628
293.75
293.728
293.759
293.8
293.856
293.943
294.098
294.429
295.272
295.98
296.531
297.044
297.513
297.929
298.415
299.019
299.907
301.28
303.109
305.171
307.325
309.657
313.196
319.035
323.025
324.347
324.384
323.033
318.925
313.044
309.719
307.473
305.358
303.3
301.392
299.854
298.853
298.25
297.813
297.451
297.006
296.475
295.822
294.844
293
293
293
293
293
293
293
293
293
293
293
293
293
293
293
293
293
293
293
293
293
293
293
293
293
294.844
295.822
296.475
297.006
297.451
297.813
298.25
298.853
299.854
301.392
303.3
305.358
307.473
309.719
313.044
318.925
323.033
324.384
